FiniteElementSpace
FiniteElementCollection: H1_2D_P2
VDim: 2
Ordering: 0

0
0.000947911
-0.00279728
-0.00346612
0.00862785
0.0301353
0.0517417
0.069934
0.0865502
0
-0.00233712
-0.00100269
0.00602567
0.0207042
0.0399965
0.0590125
0.0760298
0.0923901
0.00112702
-0.000559561
-0.00162653
0
-0.000579362
-0.00223087
-0.00218735
-0.00431451
0.000272598
0.00159331
0.000853942
0.0138952
0.0124767
0.0188485
0.0350016
0.0301148
0.0413228
0.0556126
0.0497468
0.0612188
0.0731044
0.0677229
0.0782514
0.0894545
0.0841793
-0.0001205
-0.00138815
-0.00209151
0.00564847
0.0240785
0.0456898
0.0646781
0.0812512
0.000672855
0.000320671
-3.11992e-05
0
0.000330124
-0.00113589
-0.000933352
3.66105e-05
-0.0037504
-0.0033542
-0.0023636
-0.00266601
-0.00176725
0.0031151
0.00256966
-0.00174408
0.013518
0.0213951
0.0188202
0.0111511
0.035796
0.0435258
0.0404194
0.0325487
0.056593
0.0629825
0.0602442
0.0537149
0.0741165
0.0797568
0.0771894
0.0715373
0.00121697
-0.000291166
-0.00120036
-0.00208456
-0.000621193
-0.000928017
0
-0.00167419
-0.00185729
-0.00162259
-0.0017438
-0.00161072
-0.00237593
-0.00427789
-0.0012556
0.0027444
0.00355957
-0.000489603
9.01788e-05
0.00435509
0.00945822
0.0170056
0.0163996
0.00864765
0.00900366
0.0244415
0.0295177
0.0374993
0.0350391
0.0269659
0.0253063
0.0466495
0.0507617
0.0574027
0.054451
0.0477899
0.0449169
0.0656514
0.06895
0.0746106
0.0719118
0.0662752
0.0634316
0.0823894
0.0879995
0.0853291
0.0909184
0.0882615
0.0827257
0.0801096
0.000150185
-0.000455339
-0.00320883
0.000258133
0.016078
0.0381097
0.0584568
0.0756631
0.000298063
-0.000938242
-0.000245841
-0.00191756
-0.00170246
-0.00142817
-0.00291654
0.000813122
-0.00126055
0.00678123
0.0125631
0.00535651
0.0269357
0.03222
0.0218512
0.0487372
0.0526928
0.0427116
0.0673274
0.0704909
0.0619234
0.0838646
0.0867912
0.0786761
0.000293314
0.000340117
5.69294e-05
0
0.000680337
-0.00011921
-0.00018203
0.000432234
-0.00331246
-0.0035214
-0.00297508
-0.00277748
-0.00273919
-0.000782639
-0.000850455
-0.00263591
0.0110049
0.0147811
0.0135551
0.0098691
0.0329792
0.0369543
0.0353423
0.0313389
0.0541982
0.0575337
0.0561143
0.0527373
0.0720345
0.0748907
0.0736075
0.0707387
0.00121532
0.000693781
0.000338991
0.000655972
-0.000194756
-0.00058278
-0.000788979
-0.000339178
-1.21111e-05
-0.000121759
-9.58746e-05
0
-0.00111331
-0.00184556
-0.00152134
-0.000910864
-0.00162643
-0.00177823
-0.00167172
-0.00148488
-0.000733765
-0.00115699
-0.00131842
-0.000850633
-0.00439025
-0.00363125
-0.00321927
-0.00387212
-0.00175173
-0.000283264
9.06213e-05
-0.00133854
-0.00233652
-0.00184342
-0.00148321
-0.00194088
0.00249471
0.00554494
0.00485213
0.00195886
0.00746828
0.0109432
0.0105339
0.00707376
0.00132402
0.00388718
0.0039664
0.00143679
0.021624
0.0256806
0.0241475
0.0201091
0.0267841
0.0308531
0.0295826
0.025493
0.0163064
0.0202925
0.0193865
0.0153939
0.0440161
0.0477011
0.0461594
0.0424295
0.048252
0.0517426
0.0502645
0.0467513
0.037724
0.0415705
0.040118
0.0362463
0.0634572
0.0664948
0.0651748
0.0621082
0.0668315
0.0697327
0.0683976
0.0654916
0.0579545
0.0611004
0.0596856
0.0565246
0.0803172
0.0831282
0.081807
0.0790039
0.0832863
0.08606
0.0847545
0.0819909
0.0751526
0.0779385
0.0766476
0.0738666
0.000951286
0.000250799
8.16961e-05
-6.68254e-05
5.14091e-05
0
-9.3753e-05
-0.000776228
-0.00128536
-0.00115352
-0.000715214
-0.000280903
-0.00410035
-0.00334358
-0.00276163
-0.00228737
-0.00282107
-0.00247913
-0.000577733
0.00158064
0.00433833
0.00401427
0.00136923
-0.000779832
0.0161395
0.0186985
0.0227154
0.0214173
0.0174203
0.0124878
0.0385834
0.0408403
0.0446131
0.0430763
0.0392648
0.033769
0.0589332
0.0607446
0.0638403
0.0624837
0.0593614
0.0546743
0.0761864
0.077711
0.0805063
0.0792206
0.0764302
0.0723269
0.00112823
0.000197316
-0.000412054
-1.54913e-05
-0.00107413
-0.00167696
-0.00223722
-0.0014205
-0.00188009
-0.00103615
-0.000434866
-0.00131685
-0.000495097
-0.000425734
0
-0.00224611
-0.002306
-0.0020638
-0.00191414
-0.00168943
-0.00130696
-0.00141215
-0.00168105
-0.00199908
-0.00182986
-0.00152691
-0.00231121
-0.00181657
-0.00238382
-0.00398518
-0.00243014
-0.000582828
-0.00212807
0.0016981
0.00425071
0.00473347
0.00207431
0.00252009
0.000474312
-0.000932351
0.000790399
-0.000621336
-0.00050142
0.00640041
0.00888653
0.0116069
0.00807943
0.0147265
0.0187649
0.0185114
0.0143656
0.0143888
0.0104277
0.00692132
0.0106845
0.00703842
0.00745564
0.0272869
0.0297417
0.0322612
0.0282131
0.0348622
0.0387533
0.037519
0.0336173
0.0325685
0.0285052
0.024383
0.0276914
0.023517
0.0229751
0.0492276
0.0512557
0.0532147
0.0497582
0.0550717
0.0582362
0.056751
0.0536003
0.0521171
0.0487935
0.0452702
0.0473467
0.043832
0.0424658
0.0678087
0.0694461
0.0710388
0.0681469
0.0725601
0.0753329
0.0739777
0.0712191
0.0698287
0.0670215
0.0641184
0.0655926
0.0627038
0.0612402
0.0844694
0.0872765
0.0859303
0.0887252
0.087384
0.0845978
0.0901865
0.0888429
0.0916535
0.0903137
0.0875248
0.086216
0.0834556
0.0807007
0.0821434
0.0794005
0.0780723
0.000116993
0.000190994
-0.00318693
-0.00182313
0.0122616
0.0341596
0.0551651
0.0728229
0.00071148
-0.00045953
-4.32291e-05
-0.0013685
-0.00164053
-0.000999117
-0.0038396
-0.000886019
-0.00193255
0.00364973
0.00892961
0.00257066
0.0228752
0.028161
0.0177964
0.045094
0.0492719
0.0389217
0.0643224
0.0676282
0.058837
0.0810625
0.0840215
0.0759075
0.000532186
7.66494e-05
1.77665e-05
-0.000489722
-0.000986804
-0.000477881
-0.00376086
-0.00285214
-0.00268841
0.000475574
0.0027534
0.000192458
0.0174041
0.0200327
0.0148986
0.0397149
0.0419612
0.0365302
0.059847
0.0616246
0.0570452
0.076949
0.0784689
0.074385
0.000601042
-0.000126402
5.33089e-05
-0.00071216
-0.00156379
-0.00124546
-0.000223126
-0.000789113
-0.000179221
-0.00232337
-0.00221343
-0.00159874
-0.00188258
-0.00152605
-0.00177853
-0.00132056
-0.00184043
-0.0017614
-0.00323892
-0.00154943
-0.00252575
0.000490121
0.00309043
0.00120899
-0.00164973
-0.000128546
-0.00100739
0.00762214
0.0102088
0.00611828
0.0131043
0.0165151
0.0123346
0.00539198
0.00866271
0.00557067
0.0285084
0.0309915
0.0254483
0.0335519
0.0361874
0.0310521
0.022864
0.0259887
0.0211045
0.0502499
0.052245
0.0472129
0.0541596
0.0559399
0.0512177
0.0441817
0.04633
0.0413037
0.0686315
0.0702496
0.0660123
0.0718102
0.0732841
0.0691333
0.0633169
0.0648799
0.0604903
0.0852022
0.0866568
0.0825482
0.088113
0.0895765
0.0854862
0.0799648
0.0814275
0.0773701
0
0.00505808
0.00711898
-0.00257303
-0.0194428
-0.0327659
-0.0403784
-0.0456674
-0.0512141
0
0.00510211
0.00865312
0.00590103
-0.0025533
-0.0125597
-0.0215309
-0.0286845
-0.0345847
0.00229089
0.00519216
0.00255223
0
0.00718877
0.00871119
0.00742597
0.00383422
0.00217923
0.00818893
-0.0108899
-0.0111923
0.00212586
-0.0269178
-0.0230223
-0.00757987
-0.037102
-0.0311655
-0.0172544
-0.0430994
-0.0372538
-0.0253329
-0.0483405
-0.0429625
-0.0316995
0.00201598
0.00787006
0.00681268
-0.00425855
-0.0175977
-0.0274726
-0.0343525
-0.0400607
0.00117197
0.00208486
0.000706942
0
0.00630581
0.00759971
0.00668064
0.00514229
0.00590255
0.005427
0.00812875
0.00801022
-0.00659719
-0.00747934
-0.000895811
-9.33789e-05
-0.023368
-0.0222113
-0.0145028
-0.0152423
-0.0350986
-0.0323059
-0.025358
-0.0278808
-0.0417799
-0.0387806
-0.0328075
-0.0358152
-0.0469801
-0.0442266
-0.0386574
-0.0415097
0.00365276
0.0035805
0.00518829
0.00379881
0.00215433
0.00147168
0
0.00751315
0.00859355
0.0090476
0.00822297
0.00788384
0.00635033
0.000966185
0.00479706
0.00421791
0.00726119
0.00784728
0.00865286
-0.015235
-0.00773994
-0.0070688
-0.00013861
-0.00110775
0.00416509
-0.0300501
-0.02044
-0.0179938
-0.0100935
-0.0128298
-0.005052
-0.0388399
-0.0293976
-0.026409
-0.0194502
-0.022494
-0.0149529
-0.044383
-0.0358265
-0.0329551
-0.0270601
-0.0298539
-0.0234917
-0.0497561
-0.047096
-0.0414895
-0.0387813
-0.033139
-0.0358629
-0.0302235
0.000787567
0.00654116
0.00711636
-0.00364601
-0.0188737
-0.0302314
-0.0373447
-0.0428583
0.00359359
0.00363751
0.000847245
0.00813886
0.00872326
0.00665589
0.00298607
0.0063055
0.00876812
-0.011401
-0.00407094
0.00170098
-0.0252149
-0.015496
-0.0100091
-0.034151
-0.0245177
-0.0203236
-0.0401589
-0.0314389
-0.0281827
-0.0456355
-0.0373046
-0.0344223
0.000648676
0.000936035
0.0003214
0
0.00571602
0.00643237
0.0058721
0.00510366
0.00662588
0.00652801
0.00766305
0.00758133
-0.00453196
-0.00509287
-0.00182201
-0.00130709
-0.0214484
-0.0210921
-0.0170907
-0.0173116
-0.0339782
-0.032657
-0.0290934
-0.030309
-0.0410928
-0.0395757
-0.0365941
-0.0381064
-0.0463186
-0.0449301
-0.0421829
-0.0436032
0.00295319
0.00361891
0.00282239
0.00217629
0.00278213
0.00359889
0.0028796
0.00205532
0.000264499
0.00074286
0.000356337
0
0.00743721
0.0078409
0.00794458
0.00740673
0.0082986
0.00871246
0.00835936
0.00791885
0.00596243
0.00669442
0.00594235
0.00519862
0.00250248
0.00199943
0.00429544
0.00465133
0.00588583
0.00559936
0.00714753
0.00738801
0.00850948
0.00851107
0.00898432
0.00894065
-0.0130668
-0.0132865
-0.00944052
-0.00915396
-0.0059949
-0.00591809
-0.00257879
-0.00268127
0.00068728
0.000420675
0.00300275
0.00323273
-0.0285383
-0.0276123
-0.023756
-0.0245394
-0.0190513
-0.0180045
-0.0141832
-0.0152497
-0.0128709
-0.0122879
-0.00855061
-0.00915475
-0.0380004
-0.0364998
-0.033254
-0.0347023
-0.0284566
-0.0269776
-0.0235232
-0.0250086
-0.0242194
-0.0228711
-0.0191791
-0.0205424
-0.0437431
-0.0422871
-0.039475
-0.0409557
-0.0350968
-0.0336362
-0.0306561
-0.0321096
-0.0320003
-0.0305053
-0.0273096
-0.0288021
-0.0490415
-0.0476941
-0.0449248
-0.0462885
-0.0407704
-0.0393993
-0.0365816
-0.0379629
-0.0379572
-0.0365406
-0.0336935
-0.0351061
0.00168369
0.00139881
0.0020282
0.00131779
0.000722275
0
0.00680879
0.00712454
0.00775814
0.00732288
0.00662636
0.00517255
0.00498265
0.00637069
0.00615199
0.0075601
0.00765547
0.00839256
-0.00872012
-0.00553984
-0.00585188
-0.00255298
-0.0022489
0.00106931
-0.0251948
-0.0205828
-0.0199065
-0.0160802
-0.0166861
-0.0132105
-0.0361383
-0.0313003
-0.0299004
-0.0264409
-0.0278046
-0.0254596
-0.0424468
-0.0380719
-0.0365778
-0.0335904
-0.035088
-0.0335025
-0.0476533
-0.0435388
-0.04215
-0.0393576
-0.0407654
-0.0393907
0.00436183
0.00437424
0.00439065
0.00357984
0.00441415
0.00515746
0.00445087
0.00370223
0.00316401
0.00231996
0.00147302
0.00198355
0.00108641
0.000873634
0
0.00742119
0.00816586
0.00873387
0.0083949
0.00895432
0.00897621
0.00848459
0.00857961
0.00786281
0.00773272
0.00730887
0.00691565
0.00654794
0.00574087
-0.000722611
0.00151721
0.00355367
0.00392143
0.00532081
0.00512097
0.0066273
0.00688029
0.00777622
0.00813977
0.00838498
0.00847401
0.0088421
0.00870458
-0.0173659
-0.013341
-0.00947799
-0.00955858
-0.00557223
-0.00488127
-0.0013321
-0.00215335
0.00101559
0.000491997
0.000322938
0.00317609
0.00295439
0.00507207
-0.0314598
-0.0265893
-0.021763
-0.0228328
-0.0167659
-0.0153438
-0.0113341
-0.0128722
-0.00884056
-0.0102878
-0.0114369
-0.00631508
-0.00761186
-0.0037959
-0.0396304
-0.0350027
-0.0302991
-0.0317862
-0.025479
-0.0239865
-0.0205054
-0.0220119
-0.0183662
-0.019915
-0.0214278
-0.0161161
-0.0176925
-0.0137666
-0.045023
-0.0408361
-0.0365446
-0.038003
-0.0322044
-0.0308114
-0.027884
-0.0292443
-0.0262101
-0.0275934
-0.0290301
-0.0244271
-0.0258444
-0.0225264
-0.0504811
-0.04915
-0.0463602
-0.0450348
-0.0422209
-0.0435684
-0.0408756
-0.0380368
-0.0366772
-0.0338554
-0.0352123
-0.0324215
-0.0337707
-0.0351443
-0.0309673
-0.0323128
-0.0294631
0.000422214
0.00580015
0.00716082
-0.00315043
-0.0192396
-0.0315244
-0.038855
-0.0442638
0.00287972
0.00281069
0.000286014
0.00770384
0.00837748
0.0059698
0.00341965
0.00657034
0.0088096
-0.0112228
-0.00429255
0.00187128
-0.0261242
-0.0166538
-0.0107393
-0.0356286
-0.0260125
-0.0217317
-0.0416252
-0.0328813
-0.0296674
-0.0469847
-0.0386777
-0.0358264
0.00151848
0.00133124
0.000275337
0.00697695
0.00724321
0.00592785
0.00569493
0.0069978
0.00811858
-0.00710084
-0.004027
-0.000543313
-0.0228617
-0.0183315
-0.0149764
-0.0337144
-0.0288812
-0.0266654
-0.0402741
-0.0358428
-0.0343093
-0.0456042
-0.0414551
-0.0400783
0.00436785
0.00438171
0.00278763
0.00440149
0.00443012
0.00299572
0.00135861
0.00167968
0.000513507
0.00780828
0.00848014
0.00814764
0.00890243
0.00883746
0.00820439
0.00735023
0.00717402
0.00586999
0.000420869
0.00256341
0.00512149
0.00447876
0.00605463
0.00757324
0.0080336
0.00855853
0.00897548
-0.0153223
-0.0114002
-0.00770334
-0.00754397
-0.00351273
-0.000815329
-0.00110515
0.00175132
0.0040793
-0.029007
-0.0241829
-0.0214074
-0.0193001
-0.0141226
-0.0115927
-0.013793
-0.00895907
-0.00625017
-0.0373236
-0.0326629
-0.0308669
-0.0279063
-0.0230142
-0.0209789
-0.0239622
-0.0188194
-0.0165336
-0.0429452
-0.0387
-0.0372967
-0.034377
-0.0300373
-0.0284303
-0.0313185
-0.0267319
-0.0249297
-0.0484167
-0.0442965
-0.0428537
-0.040132
-0.0359385
-0.0344915
-0.0372518
-0.0330456
-0.031569
