FiniteElementSpace
FiniteElementCollection: L2_2D_P3
VDim: 1
Ordering: 0

0.00011753
0.000229692
0.000652175
0.00108671
0.000190846
0.000261515
0.000624091
0.00102566
0.000297009
0.00032421
0.000582096
0.000879016
0.000375841
0.000381964
0.000551134
0.000735711
0.00400747
0.00426055
0.00463387
0.00495464
0.00307659
0.00327171
0.00356446
0.00381951
0.00207473
0.00220229
0.00240078
0.00257858
0.00147372
0.00155626
0.00169126
0.0018164
0.00801399
0.00810715
0.00830953
0.00852773
0.00624614
0.00631736
0.00647984
0.00665869
0.00425544
0.00430067
0.00441529
0.00454656
0.00298127
0.00300968
0.00309101
0.00318781
0.00856729
0.00836074
0.0081718
0.00808776
0.0067058
0.00653865
0.00639
0.0063284
0.00459717
0.00447671
0.00437509
0.00433911
0.00323693
0.00314964
0.00307983
0.00305969
0.00528291
0.00499219
0.00465505
0.00442763
0.00411919
0.00388818
0.00362399
0.00344881
0.00282351
0.0026618
0.00248175
0.0023665
0.00200858
0.00189347
0.00176911
0.0016929
0.00182062
0.00165945
0.00146473
0.00132699
0.00142018
0.00129375
0.00114276
0.0010373
0.000990783
0.000903074
0.000800776
0.000731242
0.000736397
0.000673001
0.000601228
0.000554196
0.000298688
0.000258461
0.000210572
0.000177333
0.000240625
0.000208547
0.000170796
0.000144908
0.000183241
0.000159701
0.000132675
0.000114632
0.00015448
0.00013567
0.000114717
0.000101207
1.37122e-05
1.06317e-05
7.2168e-06
5.05282e-06
1.28252e-05
1.0057e-05
7.00515e-06
5.07529e-06
1.30141e-05
1.04493e-05
7.66447e-06
5.92384e-06
1.43257e-05
1.17023e-05
8.90793e-06
7.19398e-06
0.00201105
0.0022335
0.00255464
0.00282524
0.00155063
0.00171287
0.00195186
0.00215667
0.00108163
0.00117779
0.00132644
0.00145867
0.000823828
0.000879016
0.000971463
0.00105834
0.000381249
0.000376578
0.00037598
0.000379895
0.000466597
0.00046089
0.000458086
0.000459512
0.00071663
0.00072242
0.000734124
0.000745914
0.00101178
0.00103937
0.00108005
0.00111385
0.000640351
0.000506168
0.000403748
0.000367361
0.000602494
0.000486811
0.000433626
0.000445369
0.000504878
0.000439663
0.000513858
0.000650844
0.000413135
0.000399268
0.000610686
0.000886692
0.00620248
0.00641411
0.00675299
0.00706253
0.0048039
0.00496808
0.00523686
0.00548623
0.0032528
0.0033611
0.00354684
0.00372446
0.00228076
0.00235169
0.00248055
0.00260793
0.000201962
0.000185641
0.000167262
0.000154887
0.000269173
0.000254462
0.000232072
0.00021194
0.000766046
0.00077291
0.000767941
0.000752415
0.00150446
0.00154515
0.00157455
0.00157709
0.00032684
0.000307067
0.000288173
0.000278519
0.000405111
0.000387841
0.000368271
0.000355016
0.000769183
0.000774983
0.000780069
0.000781065
0.00127065
0.00131187
0.00135919
0.00138885
0.00888879
0.00882392
0.00882747
0.00889781
0.00695227
0.00689781
0.00690241
0.00696399
0.00475782
0.00471573
0.00472098
0.00477118
0.00334115
0.0033088
0.00331407
0.00335455
4.87016e-05
5.14578e-05
5.27102e-05
5.20112e-05
6.45692e-05
7.21213e-05
7.16908e-05
6.3619e-05
0.00066639
0.000684924
0.000681632
0.00065822
0.00164673
0.00167663
0.00167044
0.00163127
9.42497e-05
8.69823e-05
7.66727e-05
6.78463e-05
0.000133853
0.000128812
0.00011386
9.57239e-05
0.000712921
0.00072501
0.000717039
0.000692133
0.00162495
0.00166233
0.00167203
0.00164835
0.00720554
0.00691924
0.00660804
0.00641583
0.00563192
0.00540246
0.00515738
0.00500982
0.00386012
0.00369752
0.00352949
0.00343349
0.00272722
0.00261079
0.00249458
0.00243219
0.000154644
0.000162248
0.000174438
0.000186048
0.000179536
0.000193012
0.00020713
0.000215835
0.000671961
0.000679092
0.000674291
0.000660828
0.00145268
0.00144115
0.00140191
0.00135506
7.80579e-05
8.66044e-05
9.6848e-05
0.000104488
9.07425e-05
0.00010603
0.000117796
0.000121004
0.000661919
0.000679954
0.000680085
0.00066308
0.00159295
0.00160603
0.00158426
0.00153924
0.00335499
0.00311699
0.00283263
0.00263385
0.00261186
0.00242424
0.0022028
0.00205017
0.00179768
0.00166747
0.0015175
0.0014171
0.00129803
0.00120526
0.00110147
0.0010346
0.000258703
0.000252324
0.000250459
0.000253966
0.000289799
0.000283365
0.000279473
0.000280005
0.000535355
0.000514672
0.000489947
0.000473023
0.00089493
0.000850922
0.000794437
0.000752423
0.000228582
0.000229902
0.000236774
0.000246287
0.000263144
0.000267275
0.000274063
0.0002807
0.000638891
0.000630156
0.000614406
0.000599755
0.00121061
0.00117681
0.00112358
0.00107711
0.000824142
0.000734221
0.000625793
0.000549345
0.00064896
0.000578284
0.000494028
0.000435343
0.000466652
0.000416862
0.000358918
0.000319632
0.000364435
0.000327138
0.00028504
0.000257513
0.000171462
0.000159014
0.000147482
0.000141948
0.00017732
0.000163938
0.000150937
0.000144114
0.00023339
0.000213529
0.000192158
0.000179025
0.000314612
0.000285533
0.000252538
0.000230845
0.000233698
0.00022213
0.000213141
0.000210694
0.000252015
0.000239236
0.000227884
0.000223079
0.000384548
0.0003606
0.000334203
0.000317608
0.000574433
0.000533884
0.000485948
0.000453044
8.04666e-05
6.68448e-05
5.10227e-05
4.03668e-05
6.79761e-05
5.67113e-05
4.37693e-05
3.51465e-05
5.7311e-05
4.835e-05
3.82942e-05
3.17554e-05
5.39576e-05
4.60424e-05
3.73966e-05
3.19406e-05
4.76818e-05
4.17835e-05
3.56941e-05
3.2094e-05
4.55417e-05
3.97466e-05
3.37383e-05
3.01686e-05
4.76715e-05
4.12045e-05
3.43468e-05
3.01603e-05
5.2947e-05
4.53523e-05
3.71278e-05
3.19844e-05
0.000101817
9.19972e-05
8.2212e-05
7.67723e-05
0.00010105
9.09541e-05
8.07209e-05
7.48858e-05
0.000117652
0.000104865
9.1227e-05
8.28862e-05
0.000143869
0.000127192
0.000108749
9.69479e-05
9.04602e-07
6.32341e-07
3.72179e-07
2.46349e-07
1.05585e-06
7.11354e-07
3.65656e-07
1.81263e-07
1.57813e-06
1.10288e-06
6.18555e-07
3.46815e-07
2.24137e-06
1.6299e-06
1.01247e-06
6.62998e-07
3.78352e-06
3.02009e-06
2.23999e-06
1.78051e-06
3.32959e-06
2.63604e-06
1.9309e-06
1.51867e-06
2.81996e-06
2.18561e-06
1.54799e-06
1.18257e-06
2.49433e-06
1.8825e-06
1.27638e-06
9.38122e-07
1.65475e-05
1.3917e-05
1.11683e-05
9.50788e-06
1.52454e-05
1.27672e-05
1.01798e-05
8.61999e-06
1.44914e-05
1.20114e-05
9.40691e-06
7.83e-06
1.45807e-05
1.19528e-05
9.17444e-06
7.48416e-06
0.00111859
0.00131328
0.00161359
0.00187508
0.000989898
0.00110689
0.00129179
0.00145646
0.00081807
0.000867051
0.000952593
0.00103413
0.000695465
0.000715349
0.00075724
0.000801202
0.000593033
0.000617243
0.000657538
0.000695319
0.000437008
0.000451173
0.000477582
0.000504212
0.000320191
0.000327886
0.000344877
0.000363598
0.000307802
0.000316482
0.000334463
0.000353768
0.000429904
0.000393332
0.000488314
0.000629571
0.000531076
0.000444351
0.000433563
0.000479047
0.00061757
0.000492547
0.00039854
0.000366535
0.000644222
0.000511979
0.000401894
0.000354872
0.00511286
0.00535601
0.00572585
0.00605136
0.00394393
0.0041321
0.00442372
0.00468411
0.00266349
0.00278726
0.00298681
0.00317015
0.00187516
0.00195587
0.0020929
0.00222301
0.00151584
0.00157658
0.00168421
0.0017891
0.000946426
0.000974398
0.00103412
0.00109827
0.000457653
0.000454693
0.000466237
0.000487097
0.000292432
0.000275977
0.000263091
0.000259502
0.00120297
0.0012646
0.00136975
0.0014699
0.000776965
0.000805162
0.000862418
0.000922491
0.000430028
0.000426757
0.000436893
0.000455878
0.000334757
0.000317705
0.00030488
0.000302033
0.00859393
0.00860965
0.00871649
0.00886514
0.00671231
0.00672204
0.00680884
0.00693272
0.00458481
0.00458745
0.00464987
0.00474339
0.00321546
0.00321436
0.0032596
0.00333034
0.00257927
0.00257627
0.00261315
0.00267298
0.00154983
0.00154211
0.00156483
0.00160765
0.000585828
0.000577081
0.000584493
0.000604773
0.000166558
0.000161543
0.00016012
0.000162948
0.00239093
0.00241129
0.00247668
0.00255701
0.00143873
0.00144445
0.00148315
0.00153718
0.000556724
0.000550801
0.000561312
0.000583561
0.000183474
0.000175192
0.000170058
0.000170346
0.00799153
0.00773567
0.00747408
0.00732765
0.00625203
0.00604606
0.00583987
0.00572861
0.00428621
0.00413918
0.00399773
0.00392702
0.00302246
0.00291668
0.00281896
0.00277438
0.00243496
0.00234855
0.00227129
0.00223884
0.00148436
0.00142882
0.0013851
0.00137322
0.000596238
0.000575442
0.000565569
0.000571124
0.000211857
0.00021276
0.000220141
0.000230872
0.00260383
0.00253209
0.00247714
0.00246434
0.00157764
0.00153029
0.00149971
0.00149991
0.000612444
0.000593936
0.000588031
0.000597448
0.000187918
0.000188825
0.000195574
0.000205309
0.00428907
0.00401953
0.0037013
0.00348193
0.00334081
0.00312751
0.00287894
0.00271018
0.00229285
0.00214428
0.00197546
0.0018644
0.00164105
0.00153537
0.00141877
0.00134508
0.00134072
0.00125506
0.00116257
0.00110589
0.000860716
0.000807038
0.000753047
0.000723476
0.000439408
0.000417092
0.000399514
0.000394615
0.000285513
0.000278399
0.000276999
0.000281972
0.00163217
0.00153888
0.00144035
0.00138203
0.00102877
0.000970467
0.000913526
0.000884034
0.000488042
0.000465205
0.000448459
0.000445385
0.00027815
0.000273712
0.000275714
0.000283341
0.00125558
0.00113211
0.000982857
0.000877286
0.000982834
0.000885991
0.000770264
0.000689409
0.000694283
0.000626751
0.000547948
0.000494353
0.000527378
0.000477845
0.000421763
0.000384985
0.000450443
0.000409269
0.000363516
0.000334211
0.000326325
0.000298278
0.000268697
0.000251055
0.000230172
0.000213222
0.000197239
0.00018936
0.000209497
0.00019614
0.000184467
0.000179622
0.000619482
0.000567369
0.000509509
0.000472534
0.000432374
0.000398005
0.000361946
0.000340662
0.000281609
0.000262865
0.000245776
0.000237996
0.000241656
0.000228694
0.000218354
0.000215196
0.000161994
0.000137626
0.00010892
8.92501e-05
0.000133078
0.000113361
9.03988e-05
7.48477e-05
0.000105871
9.09007e-05
7.38893e-05
6.2666e-05
9.38726e-05
8.13571e-05
6.75427e-05
5.87247e-05
8.76541e-05
7.63608e-05
6.40429e-05
5.62848e-05
7.57939e-05
6.6577e-05
5.6803e-05
5.08543e-05
6.94864e-05
6.16241e-05
5.3565e-05
4.88719e-05
7.20452e-05
6.41414e-05
5.61059e-05
5.14771e-05
0.000140528
0.000123986
0.000105821
9.43059e-05
0.000115995
0.000103149
8.95287e-05
8.12686e-05
0.000100572
9.03757e-05
8.00737e-05
7.42305e-05
0.000102073
9.21716e-05
8.23144e-05
7.68439e-05
4.21194e-06
3.0781e-06
1.87666e-06
1.16355e-06
4.34008e-06
3.22068e-06
2.02872e-06
1.31101e-06
5.14149e-06
3.95153e-06
2.68929e-06
1.92475e-06
6.28735e-06
4.94316e-06
3.53538e-06
2.69056e-06
6.62245e-06
5.24821e-06
3.80704e-06
2.93784e-06
6.93297e-06
5.57182e-06
4.14861e-06
3.29043e-06
7.62447e-06
6.20802e-06
4.73431e-06
3.84819e-06
8.39647e-06
6.87517e-06
5.29546e-06
4.34703e-06
1.46164e-05
1.20211e-05
9.26013e-06
7.56478e-06
1.4538e-05
1.20788e-05
9.48288e-06
7.89939e-06
1.52804e-05
1.28101e-05
1.02243e-05
8.65926e-06
1.65586e-05
1.39259e-05
1.1174e-05
9.51056e-06
0.00296482
0.00320635
0.00355657
0.00385321
0.00226392
0.00244903
0.00272189
0.00295622
0.00152919
0.00164888
0.0018318
0.00199344
0.00110587
0.0011822
0.00130515
0.00141792
0.000920418
0.000976081
0.0010703
0.0011596
0.000626583
0.000651404
0.0007017
0.000754407
0.00040493
0.000401786
0.00041078
0.000427907
0.000367653
0.000352901
0.000343049
0.00034264
0.000711847
0.000749597
0.000817356
0.000883802
0.000515574
0.000531884
0.000567617
0.000606472
0.00037334
0.000373722
0.000384173
0.000400179
0.000364156
0.000360477
0.000362529
0.000369652
0.000375831
0.000358218
0.000343192
0.000337486
0.000454748
0.000439161
0.000424158
0.000416363
0.000748572
0.000753722
0.000762837
0.000770845
0.00113025
0.00116789
0.00121788
0.0012555
0.00136067
0.00142424
0.0015067
0.001568
0.00190932
0.00203215
0.00219115
0.00231041
0.00293621
0.0031689
0.00347222
0.0037024
0.00399557
0.00434158
0.00479616
0.00514437
0.00116747
0.00121264
0.00127824
0.00133237
0.00150738
0.00160606
0.00174242
0.00185146
0.00211115
0.00231615
0.00259615
0.00281854
0.0027088
0.00302813
0.00346538
0.00381415
0.000320306
0.000330187
0.000349977
0.000370765
0.000396427
0.000411514
0.000436458
0.000459887
0.000608288
0.000637316
0.000678998
0.000713935
0.000856368
0.000899818
0.000959776
0.00100786
0.00101373
0.00105241
0.00110941
0.00115914
0.00121374
0.00128004
0.0013801
0.00146658
0.00142686
0.00157973
0.00180612
0.00199796
0.00153711
0.00179674
0.00218725
0.00251962
0.000366301
0.000383817
0.000690971
0.00104061
0.000328473
0.000370003
0.000801572
0.00132173
0.000373832
0.000389168
0.000924735
0.00155932
0.000519595
0.000451869
0.00100246
0.00158984
0.0071951
0.00735546
0.00763728
0.00791043
0.00559209
0.00571633
0.00594114
0.00616288
0.00379831
0.00387984
0.00403672
0.00419675
0.00266007
0.00271322
0.00282322
0.0029394
0.00213479
0.00217454
0.00226225
0.00235752
0.00129138
0.00130808
0.00135877
0.00142032
0.000523154
0.000519173
0.000531372
0.000554287
0.000212094
0.000200513
0.00019192
0.000190108
0.00183454
0.00188801
0.00198998
0.00209347
0.0011223
0.00114652
0.00120425
0.00126911
0.000489113
0.000486064
0.000498499
0.000520838
0.00024976
0.000235304
0.000223979
0.000220799
0.000142658
0.000130399
0.000115281
0.000103925
0.00019715
0.000186492
0.000166517
0.000146137
0.000742652
0.000751562
0.00074385
0.000722235
0.00157908
0.00161834
0.00163747
0.00162591
0.00217781
0.00223994
0.00228223
0.00228287
0.003627
0.00373824
0.00383792
0.00387752
0.00639733
0.00660875
0.00682644
0.00694599
0.00933376
0.00965339
0.0100037
0.0102172
0.00202045
0.00208688
0.00214485
0.00216499
0.00326303
0.00338767
0.00351621
0.00358638
0.00561892
0.00585885
0.00612896
0.00630004
0.00809581
0.00845919
0.00888543
0.00917124
0.000265683
0.000246741
0.000227042
0.000215259
0.000340979
0.000324107
0.000302021
0.000284474
0.000775896
0.000781943
0.000781709
0.000774225
0.00140005
0.00144168
0.00148112
0.00149812
0.00182322
0.00189187
0.00196312
0.00200148
0.00283577
0.00296729
0.00311672
0.00321203
0.00474222
0.00499454
0.0052965
0.00550409
0.00673129
0.00711096
0.00757744
0.00790891
0.00159678
0.00166502
0.00174541
0.00179847
0.00237258
0.00250403
0.00266458
0.00277726
0.00382828
0.0040778
0.00439061
0.00461802
0.00533874
0.00571052
0.00618397
0.00653463
0.00887759
0.00873639
0.00863832
0.00862867
0.00694832
0.00683306
0.00675669
0.00675444
0.00476084
0.00467637
0.00462512
0.0046307
0.00334771
0.00328563
0.00325121
0.00326034
0.00268975
0.00263812
0.00261148
0.00262217
0.00162253
0.00158667
0.00157269
0.001587
0.000615913
0.00060041
0.000599042
0.00061248
0.000170252
0.000170099
0.000175001
0.000182892
0.00268192
0.00265402
0.00265909
0.00269486
0.00161321
0.00159107
0.00159553
0.0016246
0.000606547
0.000594449
0.000597716
0.000614927
0.000162377
0.000160181
0.000162245
0.000167724
5.4896e-05
6.13244e-05
6.77529e-05
7.15182e-05
6.63984e-05
7.88622e-05
8.54338e-05
8.33661e-05
0.000659197
0.000678777
0.000677982
0.000657724
0.0016292
0.00165201
0.0016383
0.00159536
0.00235021
0.00237176
0.00234722
0.0022892
0.00411035
0.00411797
0.00406742
0.00398337
0.00752766
0.00750742
0.00740234
0.00726298
0.0111994
0.0111422
0.0109745
0.0107768
0.0023755
0.00241118
0.00240297
0.00235498
0.00415327
0.00419192
0.0041794
0.00412179
0.00760648
0.00765308
0.00763188
0.00755306
0.0113199
0.0113705
0.0113393
0.0112414
6.19248e-05
5.99031e-05
5.53098e-05
5.02044e-05
8.77012e-05
8.90719e-05
8.10233e-05
6.72526e-05
0.000685262
0.000700926
0.000694786
0.000669478
0.00164608
0.00168061
0.001682
0.00164907
0.00235578
0.00240285
0.00241141
0.00237677
0.00408431
0.00415157
0.00417834
0.00415147
0.00743257
0.00754371
0.00760941
0.00759806
0.011025
0.0111814
0.011292
0.0113036
0.00229006
0.00234584
0.00237137
0.00235324
0.00390592
0.00399776
0.00406273
0.00406908
0.00701841
0.00718598
0.00733372
0.0073906
0.0103411
0.0105901
0.0108322
0.0109514
0.00627818
0.0059808
0.00564481
0.00542568
0.00490128
0.00466397
0.00439992
0.00423116
0.00335868
0.00319159
0.00301103
0.00290028
0.00237948
0.00226027
0.00213545
0.00206263
0.0019261
0.00182934
0.00173049
0.00167514
0.00119681
0.00113614
0.00107941
0.00105259
0.000531834
0.000508969
0.000493697
0.000492946
0.000261226
0.000259235
0.000264075
0.000273704
0.00220149
0.00210675
0.00201475
0.00196792
0.0013531
0.00129316
0.00124067
0.00121966
0.000568666
0.000546431
0.000533419
0.000535546
0.000237783
0.000237664
0.00024438
0.000255087
0.000195065
0.000199981
0.00021025
0.000221513
0.000226127
0.000235517
0.000246865
0.000255347
0.000663766
0.000663005
0.000653009
0.000639384
0.00134391
0.0013202
0.00127301
0.00122598
0.00182331
0.00178015
0.001704
0.00163243
0.00298562
0.00289043
0.00274291
0.00261397
0.00517907
0.00498023
0.00469193
0.00445154
0.00746822
0.00715433
0.00671319
0.00635446
0.00201357
0.00198475
0.00191783
0.00184629
0.00337828
0.00330093
0.00316589
0.0030384
0.00597877
0.00580306
0.00553073
0.00529194
0.00871998
0.00843229
0.00800811
0.0076496
0.000113402
0.000122317
0.000134542
0.000144914
0.000131341
0.000146946
0.000161307
0.000168252
0.0006688
0.000682525
0.000681318
0.000666737
0.00153518
0.00153642
0.00150598
0.00145979
0.00216767
0.00215555
0.00210095
0.00203155
0.00370993
0.00365708
0.00354328
0.00342376
0.00667397
0.00653756
0.00630217
0.00608059
0.00982558
0.00959134
0.00921922
0.00888701
0.00228064
0.00228586
0.00224567
0.00218066
0.00395927
0.00393557
0.00385054
0.00374561
0.00720634
0.00712319
0.00694474
0.00675671
0.0106817
0.0105263
0.0102414
0.00996348
0.00252357
0.00232308
0.00208174
0.00191166
0.00196528
0.0018077
0.00162026
0.00148989
0.00135968
0.0012505
0.00112369
0.00103792
0.000993919
0.000915739
0.00082756
0.000770092
0.000825895
0.000762115
0.000691611
0.000646869
0.000557861
0.000516826
0.000474142
0.000449335
0.000334647
0.000314412
0.000296692
0.000289449
0.000266579
0.0002549
0.000246899
0.000246113
0.00106826
0.000992908
0.000910351
0.000858647
0.000701728
0.000654063
0.000605146
0.000577375
0.000387748
0.000366319
0.000348435
0.000342154
0.000281675
0.000272032
0.000267141
0.000269178
0.000252502
0.000243038
0.000237147
0.000237441
0.00027776
0.000267431
0.000259131
0.000256665
0.000463011
0.000439572
0.000413009
0.000395812
0.00073056
0.000686821
0.000633371
0.000595434
0.000902877
0.000845133
0.00077328
0.000721244
0.00130863
0.0012167
0.00110036
0.00101442
0.00205151
0.00189637
0.00169888
0.00155198
0.00279802
0.00257843
0.0022991
0.00209138
0.00113208
0.00107134
0.000992459
0.000932998
0.00169593
0.00159364
0.00146015
0.00135865
0.00273267
0.00255229
0.0023176
0.00213935
0.0037825
0.00352106
0.0031826
0.00292664
0.00025063
0.000248001
0.000250602
0.000257357
0.000285146
0.000283731
0.000285124
0.000288888
0.000595502
0.00057985
0.000558896
0.000542953
0.00105818
0.00101744
0.000960989
0.000916118
0.00137045
0.00131087
0.00122858
0.00116315
0.00211889
0.00201163
0.00186594
0.00175112
0.00350493
0.00330636
0.00304092
0.00283424
0.00492161
0.00462631
0.00423581
0.00393464
0.00160517
0.00155149
0.00147007
0.00140054
0.00255703
0.00245184
0.00230098
0.00217658
0.00433573
0.00412992
0.00384507
0.00361646
0.00617257
0.00585772
0.00543023
0.00509267
0.000511941
0.000449948
0.000375574
0.000323465
0.000406856
0.000357876
0.000299783
0.000259573
0.000299802
0.000264722
0.000224122
0.000196768
0.000242345
0.000215314
0.000184973
0.00016525
0.000215281
0.000192037
0.000166368
0.000150008
0.000169772
0.000152564
0.000134333
0.000123324
0.0001383
0.000125717
0.000113235
0.000106398
0.000136564
0.000124918
0.000113659
0.000107747
0.000316981
0.00028551
0.00025061
0.000228283
0.000239253
0.000216963
0.000193384
0.000179221
0.000181905
0.000167032
0.000152611
0.000145063
0.000173352
0.000160478
0.000148535
0.000142785
0.000135806
0.000124359
0.000113288
0.00010747
0.000137547
0.000125506
0.000113517
0.000106909
0.000169854
0.000153435
0.000135862
0.000125099
0.000217991
0.000195352
0.000170019
0.000153607
0.000245405
0.000219001
0.000188939
0.000169067
0.000305765
0.000270837
0.000229898
0.000201937
0.000421814
0.000371309
0.000310857
0.000268633
0.000538902
0.000473106
0.000393703
0.000337769
0.000362726
0.000327878
0.000287573
0.000260477
0.000471264
0.000423057
0.000365681
0.000325843
0.000674025
0.000601614
0.000513778
0.000451542
0.000876771
0.000780522
0.000662978
0.000579101
0.000205398
0.000192848
0.000181962
0.000177535
0.000216938
0.000203202
0.000190317
0.000184052
0.000306222
0.000283651
0.000259149
0.000243977
0.000434132
0.000398793
0.000357987
0.000330655
0.000512326
0.000468743
0.000417387
0.000382175
0.000691844
0.000628809
0.000552491
0.000498547
0.00102237
0.000924066
0.000803122
0.000716152
0.00135209
0.00121877
0.00105394
0.000934802
0.000693717
0.000642102
0.000579837
0.000536104
0.00097139
0.000893212
0.000796651
0.000727002
0.0014797
0.00135301
0.00119466
0.00107896
0.00198781
0.0018124
0.0015926
0.00143156
3.57838e-05
2.88798e-05
2.1012e-05
1.58395e-05
3.14813e-05
2.55833e-05
1.89251e-05
1.45842e-05
2.86922e-05
2.36927e-05
1.81656e-05
1.46341e-05
2.9006e-05
2.42871e-05
1.91926e-05
1.60191e-05
2.8695e-05
2.41776e-05
1.93268e-05
1.63187e-05
2.72348e-05
2.31587e-05
1.88429e-05
1.62058e-05
2.74478e-05
2.35394e-05
1.94596e-05
1.70052e-05
2.9357e-05
2.52495e-05
2.09711e-05
1.84029e-05
5.18181e-05
4.44701e-05
3.6515e-05
3.15412e-05
4.69466e-05
4.064e-05
3.39547e-05
2.98748e-05
4.5237e-05
3.95096e-05
3.35747e-05
3.00509e-05
4.77053e-05
4.17996e-05
3.57061e-05
3.21064e-05
2.93415e-05
2.52362e-05
2.09593e-05
1.83918e-05
2.75206e-05
2.35729e-05
1.94565e-05
1.69843e-05
2.74297e-05
2.32656e-05
1.88667e-05
1.61882e-05
2.90149e-05
2.43694e-05
1.93946e-05
1.63221e-05
2.93351e-05
2.44853e-05
1.92628e-05
1.60223e-05
2.89709e-05
2.38264e-05
1.81577e-05
1.45523e-05
3.17892e-05
2.5724e-05
1.8903e-05
1.44766e-05
3.61632e-05
2.90692e-05
2.10185e-05
1.57515e-05
5.51244e-05
4.69585e-05
3.80336e-05
3.23981e-05
5.85521e-05
4.92941e-05
3.89137e-05
3.2171e-05
6.94992e-05
5.78402e-05
4.44725e-05
3.55872e-05
8.23645e-05
6.82328e-05
5.18676e-05
4.0883e-05
7.19727e-05
6.40965e-05
5.60819e-05
5.14589e-05
7.00462e-05
6.21329e-05
5.40051e-05
4.92573e-05
7.72026e-05
6.78207e-05
5.78431e-05
5.17452e-05
8.99779e-05
7.83753e-05
6.56785e-05
5.76472e-05
9.62885e-05
8.34613e-05
6.92502e-05
6.01363e-05
0.000108694
9.32986e-05
7.57693e-05
6.41771e-05
0.000137042
0.000116602
9.27926e-05
7.66657e-05
0.000167437
0.000141965
0.000111999
9.14985e-05
0.000158005
0.000139067
0.000117803
0.000103962
0.000187959
0.000164049
0.000136427
0.000117859
0.000248833
0.000215627
0.000176403
0.000149406
0.000311485
0.000269126
0.000218626
0.000183536
1.7591e-07
1.35287e-07
9.12963e-08
7.10526e-08
1.15032e-07
9.22048e-08
6.58586e-08
7.36549e-08
2.43933e-07
1.93784e-07
1.54726e-07
1.93478e-07
5.12567e-07
3.75109e-07
2.87339e-07
3.43065e-07
6.61166e-07
4.87667e-07
3.16098e-07
2.81533e-07
8.45625e-07
5.9535e-07
3.31337e-07
2.17732e-07
1.13202e-06
7.77265e-07
4.01885e-07
2.03208e-07
1.38141e-06
9.53716e-07
5.02944e-07
2.50563e-07
2.46326e-06
1.82892e-06
1.19656e-06
8.41385e-07
2.79136e-06
2.13841e-06
1.479e-06
1.09953e-06
3.3093e-06
2.60521e-06
1.88665e-06
1.46493e-06
3.76975e-06
3.00436e-06
2.21953e-06
1.75522e-06
1.40614e-06
9.7314e-07
5.191e-07
2.63249e-07
1.18837e-06
8.16269e-07
4.33192e-07
2.30759e-07
9.38235e-07
6.58482e-07
3.82811e-07
2.66244e-07
7.76776e-07
5.66711e-07
3.83027e-07
3.47367e-07
6.29013e-07
4.56176e-07
3.65928e-07
4.35256e-07
2.9368e-07
2.26472e-07
1.92974e-07
2.43814e-07
1.00977e-07
8.14058e-08
6.7905e-08
8.72398e-08
1.29681e-07
1.03632e-07
7.68865e-08
6.8622e-08
2.2731e-06
1.6834e-06
1.09278e-06
7.60563e-07
1.52209e-06
1.07462e-06
6.22733e-07
3.71408e-07
9.60818e-07
6.38366e-07
3.18624e-07
1.50581e-07
8.13759e-07
5.56505e-07
3.13569e-07
1.9825e-07
8.39584e-06
6.87743e-06
5.30251e-06
4.35836e-06
7.58957e-06
6.18458e-06
4.72846e-06
3.85744e-06
6.87044e-06
5.52698e-06
4.13247e-06
3.29989e-06
6.54968e-06
5.19353e-06
3.78476e-06
2.94624e-06
6.21249e-06
4.88576e-06
3.51126e-06
2.69905e-06
4.97406e-06
3.80497e-06
2.57748e-06
1.84494e-06
4.14691e-06
3.04668e-06
1.88581e-06
1.19624e-06
4.03947e-06
2.92255e-06
1.74869e-06
1.06042e-06
1.42884e-05
1.16311e-05
8.81899e-06
7.11086e-06
1.28895e-05
1.029e-05
7.48565e-06
5.74886e-06
1.26807e-05
9.87616e-06
6.80235e-06
4.87403e-06
1.35904e-05
1.04731e-05
7.0365e-06
4.87418e-06
