FiniteElementSpace
FiniteElementCollection: H1_2D_P2
VDim: 2
Ordering: 0

0
1.06259
2.15142
3.14048
3.906
4.43906
4.82545
5.15357
5.47075
0
0.929618
1.78056
2.51623
3.09826
3.53753
3.88827
4.20674
4.52268
0.521997
0.998122
0.474897
0
1.61019
1.97695
1.36632
2.66789
2.84868
2.16597
3.55499
3.52307
2.82716
4.19728
4.00206
3.33292
4.64428
4.36278
3.72001
4.99279
4.68157
4.04894
5.31221
4.99692
4.36437
0.498871
1.49406
2.43323
3.21303
3.78298
4.19171
4.52405
4.83872
0.257395
0.512856
0.249467
0
1.3362
1.55503
1.247
1.03305
2.41399
2.55399
2.20934
2.06737
3.35556
3.38763
3.03763
2.99819
4.05857
3.99308
3.6588
3.71795
4.54542
4.41958
4.09985
4.22286
4.91032
4.75886
4.4442
4.59505
5.23298
5.07546
4.76007
4.9177
0.790817
0.748504
0.961908
0.70438
0.484404
0.240743
0
1.88267
1.73792
1.88107
1.57662
1.43
1.15043
2.91073
2.64684
2.68944
2.34582
2.30456
1.97729
3.73839
3.37474
3.31805
2.96757
3.02789
2.67674
4.32357
3.89693
3.77441
3.4385
3.5641
3.2198
4.73716
4.27895
4.12746
3.80546
3.959
3.63103
5.07367
4.60301
4.44465
4.12798
4.28756
3.9692
5.39148
5.2338
4.91763
4.75987
4.44347
4.60172
4.28548
0.254804
1.29439
2.31498
3.20024
3.86189
4.32458
4.67792
4.99656
0.772276
0.723962
0.24395
1.81334
1.65827
1.19753
2.78233
2.50243
2.09699
3.56011
3.17887
2.86474
4.11289
3.67311
3.44614
4.5093
4.04471
3.86929
4.8386
4.36625
4.20817
5.15451
4.68065
4.52308
0.127298
0.256784
0.12655
0
1.19925
1.31619
1.16371
1.04872
2.28369
2.36533
2.19212
2.11025
3.25001
3.27867
3.10101
3.07012
3.98415
3.96086
3.7916
3.81265
4.49328
4.43536
4.27466
4.3314
4.86823
4.79421
4.63678
4.71039
5.19331
5.11475
4.95714
5.03562
0.655976
0.782463
0.642373
0.518338
0.623661
0.736055
0.604337
0.491484
0.124775
0.246644
0.122934
0
1.74678
1.84888
1.68459
1.5835
1.61648
1.69851
1.54473
1.46224
1.12271
1.2223
1.08005
0.979914
2.7909
2.84733
2.66962
2.61176
2.54141
2.57591
2.40477
2.36998
2.09409
2.15403
1.98996
1.92965
3.64876
3.64996
3.47574
3.47205
3.29558
3.27837
3.10487
3.12203
2.94481
2.9527
2.77857
2.77048
4.2619
4.21874
4.05432
4.09575
3.84115
3.78617
3.61965
3.67483
3.59245
3.55388
3.38342
3.42207
4.69137
4.62345
4.46502
4.53221
4.23583
4.16239
4.00229
4.07605
4.05179
3.98541
3.82257
3.88923
5.03337
4.95614
4.79884
4.87587
4.56362
4.4848
4.32697
4.40606
4.40374
4.32652
4.16802
4.24556
5.35183
5.27297
5.11496
5.19381
4.87814
4.79916
4.64115
4.72026
4.72081
4.64165
4.48385
4.56323
0.389078
0.38368
0.506141
0.374146
0.25226
0
1.47327
1.42489
1.52512
1.37083
1.2712
1.01603
2.54224
2.4357
2.49452
2.32245
2.26299
2.02291
3.45735
3.2958
3.30141
3.12704
3.12
2.92447
4.12961
3.929
3.88893
3.72225
3.76132
3.62154
4.59568
4.37283
4.30614
4.14644
4.21282
4.11317
4.95179
4.71858
4.64162
4.48428
4.56129
4.47923
5.2726
5.036
4.95711
4.79937
4.87836
4.7997
0.926403
0.902525
0.87335
0.760771
0.843181
0.94493
0.817524
0.713173
0.590175
0.478619
0.364269
0.35844
0.241686
0.121712
0
2.0177
1.94102
1.85815
1.77629
1.77043
1.83137
1.67941
1.61757
1.4722
1.3979
1.31421
1.25902
1.17339
1.0406
3.02743
2.89192
2.7493
2.71556
2.59733
2.60493
2.43219
2.42594
2.257
2.2367
2.20189
2.07264
2.03814
1.87984
3.82419
3.64082
3.45053
3.46849
3.24989
3.21034
3.03406
3.07552
2.89856
2.92987
2.94782
2.75317
2.77301
2.59769
4.38257
4.16901
3.95051
4.00572
3.72464
3.65727
3.48875
3.55734
3.38657
3.45029
3.50631
3.27733
3.33497
3.1601
4.78179
4.5526
4.32123
4.39453
4.0864
4.00839
3.84713
3.92577
3.76311
3.84037
3.91472
3.67601
3.75123
3.58489
5.1137
4.8782
4.64232
4.72092
4.40546
4.32582
4.16737
4.24731
4.08851
4.16853
4.24799
4.00917
4.08907
3.92891
5.43112
5.35224
5.19412
5.11537
4.95722
5.03607
4.87842
4.72023
4.64128
4.48307
4.56209
4.40389
4.48309
4.56237
4.32489
4.40436
4.24609
0.12725
1.18238
2.23874
3.17628
3.88852
4.38437
4.75263
5.07521
0.650091
0.613817
0.123827
1.71656
1.58092
1.10134
2.73106
2.47427
2.04278
3.56297
3.2018
2.86316
4.15865
3.73162
3.4894
4.57844
4.11969
3.9381
4.91613
4.4455
4.28627
5.23337
4.75968
4.60243
0.387239
0.379109
0.125732
1.44997
1.3984
1.14368
2.48979
2.37994
2.14389
3.37732
3.21249
3.02396
4.0299
3.82657
3.69303
4.48458
4.26019
4.16388
4.83525
4.60163
4.52053
5.15427
4.91771
4.83903
0.915373
0.88835
0.633358
0.858117
0.829426
0.596218
0.36911
0.360417
0.122125
1.98022
1.90028
1.65115
1.81482
1.72526
1.50839
1.34264
1.28618
1.05961
2.96046
2.82161
2.60646
2.67467
2.51673
2.33252
2.26315
2.1385
1.93569
3.7332
3.54673
3.38673
3.35175
3.14423
3.00406
3.03898
2.85282
2.69033
4.27626
4.06052
3.94859
3.83865
3.60812
3.50477
3.61564
3.39372
3.27386
4.66738
4.43727
4.35088
4.20432
3.96737
3.88347
4.03135
3.79633
3.70492
4.99595
4.76035
4.68137
4.52404
4.28658
4.20797
4.36642
4.12891
4.04892
5.3126
5.07567
4.99656
4.83875
4.60167
4.52255
4.68093
4.44369
4.36507
0
0.0346666
0.29617
0.872137
1.70459
2.65518
3.62617
4.58625
5.5367
1
1.02783
1.22239
1.64847
2.29059
3.08729
3.97556
4.90809
5.85485
-0.000212351
0.508755
1.0027
0.5
0.128518
0.729988
1.09805
0.545034
1.2354
1.40582
1.26477
1.98326
1.94589
2.17302
2.86512
2.67387
3.14129
3.79876
3.52333
4.10785
4.74669
4.43858
5.06216
5.69568
5.38089
0.484566
0.586151
0.946982
1.58558
2.4138
3.32862
4.27212
5.22137
-0.000973093
0.238514
0.487083
0.25
0.0731751
0.352019
0.53985
0.267033
0.410381
0.740324
0.829241
0.507439
1.06134
1.42006
1.4036
1.04827
1.93627
2.2895
2.19526
1.83936
2.89816
3.23249
3.09576
2.75695
3.86744
4.18882
4.03519
3.71069
4.82445
5.14144
4.98406
4.6658
0.010931
0.491043
0.761518
1.01033
0.73926
1.0029
0.75
0.202432
0.649162
0.966654
1.15303
0.83345
1.05666
0.699407
1.08271
1.43465
1.51993
1.16736
1.30659
1.47999
1.77943
2.1344
2.11287
1.76088
1.79075
2.41311
2.63748
2.97648
2.87731
2.54307
2.47795
3.38406
3.56312
3.88795
3.74779
3.42671
3.30291
4.34742
4.50934
4.82784
4.67275
4.35601
4.20602
5.29951
5.61602
5.4586
5.77542
5.61781
5.30139
5.14424
0.240148
0.301477
0.614117
1.22715
2.06152
2.99413
3.94986
4.90378
0.246742
0.745066
0.741634
0.420281
0.891851
0.79045
0.885443
1.29302
1.05845
1.62486
1.94251
1.59107
2.52174
2.75723
2.33505
3.47147
3.65625
3.1999
4.42748
4.5916
4.12134
5.37882
5.53842
5.0645
0.00017799
0.119086
0.24418
0.125
0.0518791
0.186169
0.282355
0.149763
0.350588
0.510941
0.558314
0.40052
0.964724
1.14291
1.13582
0.958869
1.81965
1.99769
1.9496
1.77072
2.77661
2.94525
2.87535
2.70508
3.74691
3.90816
3.83029
3.66784
4.70542
4.86395
4.78483
4.6258
0.0038981
0.127835
0.241256
0.118299
0.486538
0.616761
0.740965
0.610798
0.492153
0.613368
0.745201
0.625
0.162968
0.310103
0.383843
0.239056
0.615502
0.768551
0.860678
0.707949
0.522518
0.663451
0.774334
0.633629
0.619715
0.791091
0.810574
0.641355
1.01267
1.18607
1.22817
1.05525
0.777312
0.941852
1.01044
0.846318
1.371
1.55113
1.52111
1.3411
1.68115
1.85996
1.85033
1.672
1.31768
1.4959
1.51112
1.33339
2.29273
2.46636
2.40518
2.23012
2.52508
2.69705
2.64945
2.47799
2.08835
2.26455
2.23373
2.05803
3.26275
3.42708
3.35193
3.18609
3.4457
3.60967
3.54117
3.37762
2.98011
3.14772
3.08772
2.92061
4.22773
4.38714
4.30819
4.14794
4.3907
4.55051
4.47371
4.31411
3.9169
4.0783
4.00446
3.84338
5.18087
5.33909
5.26016
5.10169
5.34
5.49853
5.4199
5.26141
4.86537
5.02431
4.94613
4.7873
-0.00175899
0.238256
0.360536
0.484811
0.362718
0.375
0.098545
0.32462
0.467626
0.561009
0.419292
0.386634
0.475065
0.674795
0.842118
0.885837
0.720123
0.617162
1.16135
1.32198
1.50157
1.493
1.31403
1.14041
2.05411
2.17489
2.35083
2.3038
2.12746
1.91027
3.01974
3.1132
3.28011
3.21195
3.04442
2.81042
3.98775
4.06937
4.23028
4.15361
3.99229
3.75443
4.94336
5.02265
5.18136
5.10272
4.94384
4.70614
0.0210457
0.255247
0.498354
0.367761
0.75185
0.892777
1.01777
0.876166
1.0054
0.869903
0.739612
1.00197
0.871737
1.00303
0.875
0.246661
0.461437
0.687314
0.533202
0.927183
1.09171
1.18594
1.01974
1.12384
0.963245
0.81012
1.07576
0.921328
1.04078
0.783482
0.964732
1.15703
0.982586
1.36194
1.53949
1.5825
1.40407
1.46111
1.28393
1.11081
1.3544
1.17973
1.26269
1.59122
1.73102
1.88022
1.701
2.03728
2.21199
2.20048
2.02682
2.02801
1.85212
1.67442
1.86683
1.68924
1.718
2.53397
2.63904
2.75087
2.5789
2.86628
3.0322
2.98155
2.81747
2.77472
2.6085
2.43822
2.57492
2.40629
2.38316
3.50521
3.59107
3.68082
3.51693
3.77186
3.93213
3.8613
3.70242
3.63511
3.47542
3.31292
3.41258
3.25178
3.19446
4.46692
4.54668
4.628
4.46827
4.70966
4.86816
4.7903
4.63242
4.5555
4.39758
4.23854
4.32207
4.16402
4.0905
5.41811
5.5763
5.49742
5.65581
5.57716
5.41867
5.73557
5.65694
5.81521
5.73633
5.5782
5.49933
5.34125
5.18292
5.26252
5.10451
5.02609
0.121873
0.166004
0.453172
1.04895
1.8834
2.82504
3.78806
4.74493
0.12165
0.612553
0.618032
0.272186
0.73618
0.646818
0.713832
1.11855
0.89187
1.44476
1.76463
1.41286
2.34785
2.5869
2.16034
3.3066
3.49341
3.03377
4.26761
4.43225
3.96071
5.22043
5.37997
4.90579
0.117577
0.360576
0.367566
0.21041
0.441399
0.40112
0.573632
0.778772
0.66626
1.24035
1.40619
1.22537
2.11332
2.23848
2.01799
3.06563
3.16209
2.92716
4.02812
4.11128
3.87332
4.98287
5.06262
4.82501
0.137108
0.375604
0.36283
0.623699
0.883089
0.871871
0.611146
0.870019
0.873659
0.352796
0.572841
0.498184
0.805262
1.05378
0.989636
0.683784
0.94056
0.905485
0.872787
1.05943
0.91011
1.25776
1.46996
1.34208
0.996357
1.22986
1.13374
1.65985
1.80453
1.59993
1.95785
2.1182
1.9381
1.58238
1.76915
1.61268
2.58548
2.69429
2.46436
2.80833
2.92418
2.71221
2.37049
2.50649
2.30809
3.5475
3.63561
3.39841
3.72635
3.81697
3.58854
3.26236
3.36314
3.14144
4.50654
4.58722
4.34928
4.66887
4.75019
4.51487
4.19611
4.28062
4.04783
5.4577
5.53725
5.30004
5.61707
5.69671
5.45971
5.14285
5.22285
4.98628
