FiniteElementSpace
FiniteElementCollection: H1_2D_P2
VDim: 2
Ordering: 0

0
-0.00661157
-0.0105545
-0.0123739
-0.0118075
-0.00846308
-0.00402446
-0.00196093
-0.00323037
0
0.00517554
0.00628204
0.00519975
0.00298101
-0.000318829
-0.00477107
-0.00948094
-0.0125599
-0.0036415
-0.000614025
0.00311187
0
-0.0088755
-0.00212133
0.00612426
-0.0117225
-0.00365569
0.00591678
-0.0124351
-0.00451829
0.00421487
-0.010448
-0.00439995
0.00147934
-0.00616424
-0.00424829
-0.00242061
-0.00252495
-0.00561369
-0.00721247
-0.00231495
-0.00793217
-0.0112924
-0.000133293
-0.00131485
-0.00293196
-0.00420792
-0.00456101
-0.00421278
-0.00470758
-0.00678005
-0.00183975
-0.00161642
-2.44155e-05
0
-0.00782425
-0.00496287
-0.000944414
-0.00342755
-0.0112008
-0.00725797
-0.002532
-0.00624441
-0.0124847
-0.00826593
-0.00395821
-0.00795692
-0.0112171
-0.00744781
-0.00457172
-0.00810583
-0.00732579
-0.00515819
-0.00429465
-0.00638238
-0.00316981
-0.00365671
-0.00441823
-0.00413739
-0.00203756
-0.00462437
-0.0061815
-0.0038611
-0.00521845
-0.000337903
0.00214802
0.00429809
0.00129391
0.00157247
0
-0.00978163
-0.00171152
0.00199282
0.00628303
0.00230172
0.00576909
-0.0121161
-0.00331012
0.000678551
0.00559516
0.00140725
0.00615184
-0.0122125
-0.00439651
-0.000880543
0.00362968
-0.000102635
0.0047384
-0.00951913
-0.00449744
-0.00241432
0.000618691
-0.00163849
0.00226554
-0.00504224
-0.00418728
-0.00442848
-0.00357185
-0.00330522
-0.00133321
-0.00211911
-0.00511229
-0.00741653
-0.00838739
-0.00583281
-0.00599487
-0.00273521
-0.0056344
-0.007376
-0.0102102
-0.0119812
-0.00894509
-0.0104577
-0.000617967
-0.00422721
-0.00678683
-0.00816552
-0.00783695
-0.00576891
-0.00381435
-0.00419005
-0.00256155
0.00182684
0.000547356
-0.00563552
0.0021922
0.00229634
-0.00765096
0.00105425
0.00172513
-0.00824832
-0.000494113
0.000290243
-0.00695418
-0.00201931
-0.00126111
-0.00459864
-0.00383193
-0.00283767
-0.00367494
-0.00661501
-0.00509786
-0.00512446
-0.00961256
-0.00820414
-0.000776893
-0.00110785
-0.000221034
0
-0.00723933
-0.00597024
-0.00383541
-0.0049542
-0.0108932
-0.00896435
-0.00652416
-0.00836553
-0.0124485
-0.0103017
-0.00807407
-0.0101419
-0.0115354
-0.00950278
-0.00798702
-0.00993226
-0.00790116
-0.00653296
-0.00607822
-0.00740421
-0.00357295
-0.00350399
-0.00395655
-0.0040853
-0.0019716
-0.00314536
-0.00400988
-0.00294129
-0.00445079
-0.00381336
-0.00210087
-0.00253848
-0.000225076
0.000727089
0.00159026
0.000558159
-7.64201e-06
0.00025027
0.000194203
0
-0.0093459
-0.00766887
-0.00530704
-0.00687228
-0.00151069
0.000229562
0.00225968
0.000482079
-0.000773265
0.000663497
0.00224188
0.000752716
-0.0119357
-0.00985908
-0.00746475
-0.00946385
-0.00312444
-0.00114051
0.0012343
-0.00077398
-0.00232727
-0.000414399
0.00186631
-7.49165e-05
-0.0123462
-0.0102063
-0.00827241
-0.0103269
-0.00431029
-0.00246181
-0.000298842
-0.00217117
-0.00381297
-0.00184887
0.000485414
-0.00150228
-0.0100019
-0.00821517
-0.00721266
-0.00892456
-0.00453482
-0.0032689
-0.0018279
-0.00311333
-0.00455343
-0.00293196
-0.00107149
-0.00271587
-0.00559383
-0.00481768
-0.00486897
-0.00565213
-0.00419104
-0.00400071
-0.00356045
-0.00375531
-0.00434644
-0.00356775
-0.00262152
-0.00341359
-0.00229077
-0.0029228
-0.00364394
-0.00311013
-0.00489642
-0.00584416
-0.00621958
-0.00525111
-0.00431876
-0.00474102
-0.00475433
-0.00432488
-0.00251244
-0.00395161
-0.00486837
-0.00349809
-0.0070801
-0.00848656
-0.00928915
-0.00785092
-0.00589146
-0.00717742
-0.00781414
-0.00649692
-0.00278407
-0.0011123
-0.000839596
-6.64461e-05
-0.000302778
0
-0.00836901
-0.00460288
-0.00312012
-0.00112544
-0.00256347
-0.00199449
-0.0114773
-0.00703168
-0.00508668
-0.00273401
-0.00464916
-0.00417021
-0.0124808
-0.00822992
-0.00623251
-0.00409024
-0.00605702
-0.00580069
-0.0108541
-0.00765668
-0.00599926
-0.00457385
-0.00619962
-0.00630766
-0.00674392
-0.00546021
-0.00467967
-0.00424877
-0.00502569
-0.00538519
-0.0028184
-0.00371379
-0.00418304
-0.00454796
-0.00411471
-0.00418926
-0.00215441
-0.00439662
-0.00571163
-0.00647906
-0.00519371
-0.0047434
-0.00593904
-0.00300288
-0.000468202
-0.00141899
0.0020109
0.00360903
0.00477518
0.00300242
0.00374189
0.0021336
0.000939079
0.00240159
0.000973948
0.000628856
0
-0.0101842
-0.00594803
-0.00191553
-0.00365803
0.00210232
0.00410383
0.0063003
0.00420101
0.00622558
0.00417217
0.00231508
0.00597354
0.00398649
0.00550469
-0.0122626
-0.00781544
-0.00348764
-0.00547379
0.00086855
0.00290635
0.00540607
0.00329314
0.00576583
0.00363085
0.00157145
0.00604606
0.00390668
0.00623131
-0.0120333
-0.00819294
-0.00446596
-0.00631813
-0.000688086
0.00101193
0.00331342
0.00152991
0.00393003
0.00201969
9.39439e-05
0.0044843
0.00247975
0.00497699
-0.00900446
-0.00667599
-0.00445146
-0.00572019
-0.00221426
-0.00138648
0.000159514
-0.000728437
0.00105842
-0.000113428
-0.00144989
0.00188145
0.000465081
0.00263181
-0.00451595
-0.00435299
-0.00420542
-0.00438796
-0.00412116
-0.00457324
-0.00416665
-0.00368707
-0.00298905
-0.0028605
-0.00306499
-0.00186826
-0.00209493
-0.000816628
-0.00200923
-0.00374827
-0.0053526
-0.00439716
-0.00701534
-0.00840294
-0.00894657
-0.00745469
-0.00780747
-0.00647939
-0.00545808
-0.0066064
-0.00551001
-0.00538148
-0.002978
-0.00445178
-0.0053848
-0.00679361
-0.00766168
-0.0062612
-0.00906467
-0.00991653
-0.0113664
-0.0122809
-0.0107721
-0.0116548
-0.0100854
-0.0085822
-0.010894
-0.00928969
-0.00998586
-0.000382289
-0.00547707
-0.00867718
-0.0102379
-0.00973686
-0.00697313
-0.00377293
-0.00302205
-0.00319277
0.000663095
8.73001e-05
-0.00728333
0.000363498
0.000721048
-0.00967495
-0.00095714
-0.000241241
-0.0102854
-0.00232082
-0.00167809
-0.00858478
-0.00319355
-0.00282857
-0.00522542
-0.00386942
-0.00348807
-0.00299007
-0.00553851
-0.00452113
-0.00371536
-0.00817493
-0.00683584
-0.00184873
-0.000556704
-0.00010181
-0.00643491
-0.00284365
-0.00228005
-0.00922675
-0.00487363
-0.00441432
-0.0103319
-0.00615549
-0.00593834
-0.00923154
-0.00611035
-0.0062657
-0.00609024
-0.00484848
-0.00520626
-0.00328181
-0.0041305
-0.00413502
-0.00330593
-0.0054465
-0.0049577
-0.00440016
-0.00170712
-0.00112984
0.0007558
0.00333678
0.00260188
0.000415391
0.0015967
0.000333908
-0.00802949
-0.00391776
-0.00339179
8.2735e-05
0.00416641
0.00420414
0.000582991
0.00410101
0.00382399
-0.0100152
-0.00564541
-0.00528713
-0.00132268
0.00310522
0.00346884
-0.000592529
0.00377744
0.0040163
-0.0100888
-0.00632515
-0.00628704
-0.00259359
0.00127445
0.00177838
-0.00201357
0.00225362
0.00269757
-0.00782011
-0.00555791
-0.00586836
-0.00334146
-0.00105164
-0.000416
-0.00302656
0.000180045
0.00074225
-0.00443527
-0.00427485
-0.00452454
-0.004152
-0.00412311
-0.00326614
-0.00365585
-0.00247029
-0.00173398
-0.00290705
-0.00455525
-0.0042724
-0.00616494
-0.00793439
-0.00696826
-0.00498478
-0.00599211
-0.00503623
-0.00420093
-0.00653423
-0.00598444
-0.00878262
-0.0110771
-0.0104429
-0.00751705
-0.00970046
-0.00885607
0
-0.0102759
-0.0269933
-0.0464263
-0.064986
-0.0783558
-0.0820626
-0.0760595
-0.0662457
0
-0.0105135
-0.0276896
-0.0468342
-0.0645485
-0.0773545
-0.0818727
-0.0774665
-0.0682675
-0.00444461
-0.00950559
-0.00433113
0
-0.0180346
-0.027066
-0.0185869
-0.036602
-0.046751
-0.0372466
-0.0560498
-0.0652956
-0.0560717
-0.0726389
-0.078761
-0.0718024
-0.0815812
-0.0828964
-0.0807912
-0.0800026
-0.0772393
-0.0806377
-0.0711797
-0.0673284
-0.0730592
-0.0030087
-0.0177742
-0.0368563
-0.0563776
-0.0729588
-0.0821676
-0.0810667
-0.072316
-0.0025138
-0.00340041
-0.000804537
0
-0.0139641
-0.0177963
-0.0134712
-0.00969099
-0.0317452
-0.0367354
-0.0319253
-0.0269863
-0.0512911
-0.0563055
-0.051623
-0.0466381
-0.0690137
-0.0729714
-0.0693217
-0.0652745
-0.0803051
-0.0820966
-0.0807894
-0.0787619
-0.0813186
-0.0807351
-0.0822761
-0.0827029
-0.0736733
-0.0718215
-0.0748506
-0.0767975
-0.0070697
-0.00597947
-0.00977721
-0.00711845
-0.00334378
-0.00231942
0
-0.0224021
-0.0223294
-0.0272882
-0.0230506
-0.0180286
-0.0143762
-0.0415125
-0.0418132
-0.0468026
-0.0420603
-0.0370128
-0.0324399
-0.0606386
-0.0609569
-0.0650527
-0.060433
-0.0562898
-0.0515212
-0.0757787
-0.0761297
-0.0783167
-0.0748198
-0.0725816
-0.0683586
-0.0821638
-0.0828698
-0.0826381
-0.0816314
-0.0817609
-0.0793577
-0.0782112
-0.0793522
-0.0774429
-0.0792568
-0.081033
-0.0815293
-0.0686917
-0.066804
-0.069762
-0.0677903
-0.0706655
-0.0727035
-0.0753641
-0.00117734
-0.0135679
-0.031818
-0.0515276
-0.0693215
-0.080762
-0.0820128
-0.074374
-0.00626387
-0.00626786
-0.00113416
-0.0222925
-0.022571
-0.0137341
-0.0416911
-0.0419221
-0.0321193
-0.0609107
-0.0607917
-0.0516084
-0.0761435
-0.0757077
-0.0690062
-0.0827422
-0.0825247
-0.0803495
-0.0789597
-0.07944
-0.0821242
-0.0692679
-0.0702064
-0.0751564
-0.00151415
-0.00171899
-0.000450522
0
-0.0120678
-0.013734
-0.0115794
-0.00993914
-0.0293533
-0.031781
-0.0293882
-0.0269833
-0.0488682
-0.0514287
-0.0490933
-0.0465468
-0.0670457
-0.0692057
-0.0673426
-0.0651639
-0.0794151
-0.0805864
-0.0798428
-0.0786087
-0.08177
-0.0817221
-0.0824358
-0.0824401
-0.0748877
-0.0740538
-0.0756101
-0.0764691
-0.00568144
-0.00660686
-0.0047543
-0.00385148
-0.00441587
-0.00605151
-0.0047237
-0.00308795
-0.000204947
-0.000881649
-0.000438276
0
-0.0201871
-0.0223338
-0.0200154
-0.0178936
-0.0200246
-0.0224219
-0.0202736
-0.0178644
-0.0114398
-0.0135556
-0.0117069
-0.0095826
-0.0390538
-0.0416116
-0.0392113
-0.0366735
-0.0393343
-0.0418666
-0.0394682
-0.0369274
-0.0294835
-0.0320087
-0.0296928
-0.0271566
-0.0583699
-0.0608036
-0.0586338
-0.0562018
-0.0586931
-0.0608997
-0.0585669
-0.056352
-0.0491983
-0.0516273
-0.0492179
-0.046782
-0.0742763
-0.0760074
-0.0746221
-0.0728476
-0.074607
-0.0759726
-0.0742048
-0.0728177
-0.0673523
-0.0692043
-0.0670722
-0.065207
-0.0819626
-0.0825098
-0.082506
-0.0818941
-0.0826032
-0.0827597
-0.0822238
-0.0820279
-0.0798535
-0.0806319
-0.0794077
-0.0785979
-0.0791611
-0.0786339
-0.0799029
-0.0804225
-0.080266
-0.0794319
-0.0802933
-0.0810947
-0.0826636
-0.0822529
-0.0824565
-0.082826
-0.0699278
-0.0689894
-0.070538
-0.071519
-0.0710341
-0.0699866
-0.0714535
-0.0725192
-0.0760714
-0.075021
-0.0763283
-0.0773675
-0.00338349
-0.00220433
-0.00311404
-0.00179674
-0.000898091
0
-0.0159585
-0.0156434
-0.0177538
-0.0155858
-0.0134775
-0.0095436
-0.0341641
-0.0342689
-0.0367944
-0.0343847
-0.0318639
-0.0270115
-0.0536875
-0.0539342
-0.0563631
-0.0540185
-0.0515911
-0.0467047
-0.0708831
-0.0712012
-0.0730091
-0.0711936
-0.0693604
-0.0653182
-0.0810324
-0.0815146
-0.0821889
-0.0815614
-0.080831
-0.0788139
-0.0807289
-0.0814422
-0.0809482
-0.0817399
-0.0821966
-0.0828549
-0.0724315
-0.0731058
-0.0720856
-0.0735936
-0.0746373
-0.0770516
-0.00860732
-0.00791412
-0.00767988
-0.00605216
-0.00795857
-0.0100886
-0.00875036
-0.00662507
-0.00564112
-0.00376392
-0.00214063
-0.00321629
-0.00161673
-0.00136395
0
-0.0246746
-0.0246185
-0.0246786
-0.0222885
-0.0249117
-0.0274649
-0.0253533
-0.0227801
-0.0207934
-0.0182694
-0.015845
-0.0164457
-0.0140082
-0.012396
-0.0439722
-0.0441686
-0.0442873
-0.0417565
-0.0443688
-0.0468182
-0.0444551
-0.0419849
-0.0396556
-0.0371176
-0.0345612
-0.0348397
-0.0322618
-0.0300551
-0.0628476
-0.0631274
-0.0631607
-0.0609612
-0.0629563
-0.0648332
-0.0625246
-0.0606353
-0.058279
-0.056195
-0.053968
-0.0538163
-0.0515713
-0.0491913
-0.0771443
-0.0775264
-0.0775166
-0.0761852
-0.0770803
-0.077907
-0.0761503
-0.075327
-0.0733675
-0.0722455
-0.0708454
-0.0701295
-0.0687254
-0.0664949
-0.0822
-0.0828067
-0.0829658
-0.0828628
-0.0826612
-0.0823251
-0.0818269
-0.0821542
-0.0812864
-0.0813545
-0.0811343
-0.0801474
-0.0799303
-0.0784249
-0.0771735
-0.0779192
-0.078338
-0.0791968
-0.078485
-0.0774738
-0.0784074
-0.0793812
-0.0800045
-0.0808822
-0.0816462
-0.0811495
-0.0818863
-0.0817728
-0.0674634
-0.0665243
-0.0680223
-0.0670756
-0.0685228
-0.0695242
-0.0675645
-0.0689799
-0.0680166
-0.0694592
-0.0704291
-0.0718644
-0.0728792
-0.0739431
-0.0742288
-0.0752672
-0.0764474
-0.00081623
-0.0117854
-0.0293672
-0.0489978
-0.06723
-0.0796798
-0.0821594
-0.0752845
-0.00515115
-0.00448948
-0.000260557
-0.0200834
-0.0201165
-0.0115205
-0.0391399
-0.0393972
-0.0295711
-0.0585284
-0.0586519
-0.0492165
-0.0744933
-0.0744567
-0.0672488
-0.0822898
-0.0824768
-0.0796916
-0.0795829
-0.08032
-0.0826159
-0.0702469
-0.0712496
-0.0762217
-0.00270427
-0.00190179
-0.000263086
-0.015774
-0.015578
-0.0114614
-0.0342186
-0.0343222
-0.0294247
-0.0538326
-0.053995
-0.0491588
-0.0710823
-0.0712388
-0.0673835
-0.081327
-0.081594
-0.079902
-0.0811403
-0.0816408
-0.0826035
-0.0727932
-0.0733706
-0.0758699
-0.00820873
-0.00773505
-0.00450543
-0.00775386
-0.00829205
-0.00511043
-0.00187516
-0.00259448
-0.000769903
-0.0246365
-0.0246301
-0.0199931
-0.0247708
-0.0251051
-0.0204988
-0.0156735
-0.0161026
-0.0119994
-0.0440826
-0.0442352
-0.0392742
-0.0443301
-0.0444087
-0.0395528
-0.0344626
-0.0346855
-0.029853
-0.0630188
-0.0631743
-0.058688
-0.0630876
-0.0627682
-0.0584415
-0.0540082
-0.0539025
-0.0492078
-0.0773831
-0.0775721
-0.0746609
-0.0773551
-0.0766829
-0.0738447
-0.0710635
-0.0705358
-0.0668214
-0.08256
-0.0829424
-0.0826114
-0.0828743
-0.0823172
-0.0818327
-0.0814112
-0.0807188
-0.0789906
-0.0775909
-0.0781657
-0.0801286
-0.0784426
-0.078472
-0.0801886
-0.0817419
-0.081451
-0.0821794
-0.0677486
-0.0682806
-0.0707991
-0.0687537
-0.0692111
-0.0716546
-0.0737818
-0.0740883
-0.0764008
