FiniteElementSpace
FiniteElementCollection: L2_2D_P3
VDim: 1
Ordering: 0

9.69087e-05
3.11986e-05
4.89025e-06
1.51953e-06
7.83594e-05
3.22493e-05
1.40853e-05
1.96051e-05
6.17649e-05
3.41297e-05
3.61475e-05
6.0831e-05
5.70787e-05
3.85524e-05
5.33101e-05
9.06825e-05
0.000174386
0.000193007
0.000218885
0.000239912
0.000203909
0.00022024
0.000242934
0.000261357
0.000251665
0.000264053
0.000281467
0.000295716
0.000295342
0.000303914
0.000316343
0.00032675
0.000474408
0.000493619
0.000519329
0.000539527
0.000462099
0.000477958
0.000499227
0.000515967
0.000448722
0.000460208
0.000475722
0.000488012
0.000440329
0.000448466
0.000459603
0.000468532
0.000785997
0.000806133
0.000833178
0.000854503
0.000711963
0.000727358
0.000748157
0.000764648
0.000622525
0.000632267
0.000645647
0.000656415
0.000559336
0.000565158
0.000573417
0.000580253
0.00107873
0.00109027
0.00110661
0.00112012
0.000927836
0.00093509
0.000945749
0.000954831
0.000750183
0.000752662
0.000757004
0.000761171
0.000628483
0.000627902
0.000628209
0.000629242
0.00111601
0.00109748
0.00107521
0.00105956
0.000926044
0.000909122
0.000888784
0.000874503
0.000707827
0.000693065
0.000675379
0.000663004
0.000562488
0.000549403
0.000533806
0.000522963
0.000667911
0.000624913
0.000571666
0.000533011
0.000546359
0.000511266
0.000468004
0.000436767
0.000410357
0.000384393
0.000352677
0.000330028
0.000322529
0.000302692
0.000278744
0.000261889
0.000123204
0.00010199
7.74039e-05
6.09285e-05
0.000107048
8.95241e-05
6.92755e-05
5.57437e-05
8.99942e-05
7.64905e-05
6.09946e-05
5.07133e-05
7.99024e-05
6.88835e-05
5.63429e-05
4.81008e-05
2.89633e-05
4.19441e-05
6.4304e-05
8.5457e-05
7.06088e-05
8.43534e-05
0.000106409
0.000126294
0.000146324
0.000158713
0.00017784
0.000194609
0.000216902
0.000227584
0.000243644
0.000257573
0.000550859
0.000547045
0.000543626
0.000541853
0.000626502
0.000616086
0.000604176
0.0005961
0.000727815
0.000707184
0.000682031
0.000663935
0.000807005
0.000777147
0.000740082
0.000712978
9.76537e-05
0.000115609
0.000218837
0.000340726
0.000130351
0.00015372
0.000285697
0.000439897
0.000233552
0.000244975
0.000403881
0.000595553
0.000378668
0.000356796
0.000522087
0.000736488
0.000324999
0.000343673
0.000368874
0.000388826
0.000335402
0.000351432
0.000373091
0.000390256
0.000352933
0.000365167
0.000381805
0.000395061
0.000369231
0.000378272
0.000390733
0.000400776
0.000433681
0.000428295
0.000421942
0.00041757
0.000443887
0.000435216
0.000424597
0.000416975
0.000456334
0.00044336
0.000427209
0.00041541
0.000465258
0.000448986
0.000428627
0.000413681
0.000486824
0.000477751
0.00046692
0.000459344
0.000524574
0.000511808
0.000496106
0.000484774
0.000572658
0.000555146
0.000533264
0.000517218
0.000608333
0.000587322
0.000560929
0.000541471
0.000627587
0.000647483
0.000674084
0.000694965
0.00058718
0.000603008
0.000624242
0.000640964
0.000538323
0.000549109
0.000563724
0.000575341
0.000503678
0.00051081
0.000520657
0.000528617
0.000358869
0.000353103
0.000346207
0.000341398
0.000325636
0.000317632
0.000307864
0.000300891
0.000283992
0.000273463
0.000260506
0.000251169
0.000253495
0.000241339
0.000226372
0.000215579
0.000396927
0.000391646
0.000385343
0.000380953
0.00038335
0.000375331
0.000365494
0.000358427
0.000365277
0.000353865
0.000339697
0.000329384
0.000351235
0.000337362
0.00032009
0.000307481
0.000943667
0.000961819
0.000986503
0.0010062
0.000831364
0.000844502
0.000862573
0.00087714
0.000697332
0.000704683
0.000715145
0.000723828
0.000604035
0.000607521
0.00061292
0.000617701
0.000271634
0.000264719
0.000256538
0.000250886
0.000211504
0.000203633
0.000194231
0.000187664
0.00014368
0.000135321
0.000125349
0.000118392
0.000100169
9.20431e-05
8.2454e-05
7.58489e-05
0.000317211
0.000310866
0.00030332
0.000298087
0.000268244
0.000260222
0.000250533
0.000243693
0.000209775
0.000200166
0.000188507
0.000180233
0.000169287
0.000158936
0.000146419
0.000137569
0.00115147
0.00115029
0.00115033
0.00115156
0.000970712
0.000967488
0.000964746
0.000963752
0.000760596
0.000755301
0.000749737
0.000746481
0.000618753
0.000612291
0.000605136
0.000600602
0.000171887
0.000164898
0.000156698
0.000151072
0.000107593
0.000101448
9.42621e-05
8.9346e-05
4.59195e-05
4.13742e-05
3.61485e-05
3.26334e-05
1.65749e-05
1.36644e-05
1.04731e-05
8.43827e-06
0.000222434
0.000215172
0.000206606
0.000200693
0.000156901
0.000149568
0.000140889
0.000134873
8.81295e-05
8.14656e-05
7.36473e-05
6.82786e-05
4.88294e-05
4.32977e-05
3.69631e-05
3.27324e-05
0.000946845
0.000911827
0.000868439
0.000836905
0.000777237
0.000747761
0.000711384
0.000685069
0.000584744
0.000561874
0.000533873
0.000513807
0.000458298
0.000440008
0.00041784
0.000402146
9.05334e-05
8.65895e-05
8.23789e-05
7.9893e-05
4.58582e-05
4.38272e-05
4.19186e-05
4.10493e-05
1.04647e-05
1.02453e-05
1.04341e-05
1.09709e-05
1.96231e-06
2.56411e-06
3.62461e-06
4.67904e-06
0.000125528
0.000119739
0.000113096
0.000108682
6.88107e-05
6.45923e-05
5.98435e-05
5.67625e-05
1.96712e-05
1.74548e-05
1.50861e-05
1.3651e-05
2.1808e-06
1.45774e-06
8.50448e-07
6.21581e-07
0.000359493
0.00032203
0.000276484
0.000244122
0.000297268
0.000266978
0.000230334
0.00020445
0.000229017
0.000206809
0.000180212
0.000161654
0.000186088
0.000169153
0.000149122
0.00013536
5.80812e-05
5.55001e-05
5.3157e-05
5.21651e-05
3.93209e-05
3.8234e-05
3.76856e-05
3.79521e-05
2.34467e-05
2.33658e-05
2.39937e-05
2.50594e-05
1.82101e-05
1.81281e-05
1.87078e-05
1.97023e-05
7.01188e-05
6.76072e-05
6.53302e-05
6.44009e-05
3.90043e-05
3.8327e-05
3.82539e-05
3.88699e-05
1.49543e-05
1.5607e-05
1.70535e-05
1.8672e-05
9.96073e-06
1.07564e-05
1.22594e-05
1.38245e-05
1.52349e-05
1.01851e-05
5.15907e-06
2.48124e-06
1.63658e-05
1.14249e-05
6.3784e-06
3.54565e-06
1.77626e-05
1.29133e-05
7.86894e-06
4.93092e-06
1.87672e-05
1.39009e-05
8.83277e-06
5.86456e-06
1.55679e-05
1.1938e-05
8.1643e-06
5.91853e-06
1.30839e-05
1.00263e-05
6.86608e-06
4.9943e-06
1.02412e-05
7.81242e-06
5.32848e-06
3.87244e-06
8.34729e-06
6.31625e-06
4.26651e-06
3.08361e-06
4.1496e-05
3.76662e-05
3.36218e-05
3.12002e-05
3.24817e-05
2.97288e-05
2.69647e-05
2.54301e-05
2.34487e-05
2.16299e-05
1.99765e-05
1.92127e-05
1.86571e-05
1.71736e-05
1.59235e-05
1.54458e-05
2.3963e-06
5.0451e-06
1.25846e-05
2.17519e-05
2.1237e-05
3.04905e-05
4.63639e-05
6.15498e-05
7.14118e-05
8.78757e-05
0.000113814
0.000136662
0.000116011
0.000140782
0.000176668
0.000206504
0.000141455
0.000168427
0.000210323
0.000245129
0.00018936
0.000222807
0.000274419
0.000317648
0.000267661
0.00030757
0.000370142
0.000422782
0.000341546
0.000383795
0.000452351
0.000510068
5.53899e-05
4.02978e-05
6.58091e-05
0.000112454
5.32606e-05
4.80943e-05
9.39438e-05
0.000160054
6.23199e-05
6.83012e-05
0.000140921
0.000233095
8.34256e-05
9.44499e-05
0.000185748
0.000296869
0.00025054
0.000269066
0.000294309
0.000314469
0.000270556
0.000286728
0.000308782
0.000326401
0.000302642
0.000315131
0.000332293
0.000346085
0.00033171
0.000340866
0.000353673
0.000364114
0.00034755
0.00035482
0.000365152
0.000373683
0.000375593
0.000379434
0.000385217
0.000390207
0.00041267
0.000411872
0.000411579
0.000411894
0.000441329
0.000436869
0.000431828
0.000428527
0.000319574
0.000325943
0.000335485
0.000343664
0.00036258
0.000365112
0.000369507
0.000373643
0.00041986
0.000417109
0.000414535
0.000413283
0.000464316
0.000457367
0.000449336
0.00044392
0.000550367
0.000569913
0.000596039
0.000616541
0.00052469
0.000540529
0.000561756
0.000578456
0.000494197
0.000505333
0.000520382
0.000532312
0.000472949
0.00048059
0.000491075
0.000499503
0.000461541
0.000467397
0.000475544
0.000482172
0.000439367
0.000442034
0.000446007
0.000449427
0.000411242
0.000409984
0.000408861
0.000408393
0.000390246
0.000386165
0.00038141
0.000378198
0.000435629
0.000442025
0.000450877
0.000458046
0.000425679
0.000428913
0.000433625
0.000437606
0.000412859
0.000412089
0.000411595
0.000411603
0.00040309
0.000399344
0.000395017
0.000392124
0.000865845
0.000885416
0.000911828
0.000932751
0.000773093
0.000787702
0.000807575
0.000823435
0.000661665
0.000670456
0.000682689
0.000692649
0.000583489
0.000588322
0.000595379
0.000601358
0.000543668
0.00054662
0.000551207
0.00055528
0.000471721
0.000471534
0.000472012
0.000472923
0.000385619
0.000382004
0.000378022
0.000375522
0.00032562
0.000319897
0.000313199
0.000308641
0.000526808
0.000530733
0.000536504
0.000541423
0.000467328
0.000468026
0.000469578
0.000471255
0.000395116
0.000392179
0.000389011
0.000387085
0.000343915
0.00033864
0.000332465
0.000328267
0.00112586
0.00113181
0.00114099
0.00114913
0.000958219
0.000960793
0.000965482
0.000970086
0.000762127
0.000761053
0.000760879
0.00076167
0.000628804
0.000625472
0.000622298
0.00062074
0.000563329
0.00055904
0.000554579
0.000552002
0.000449663
0.000443989
0.000437664
0.00043361
0.000320717
0.000313878
0.000305961
0.000300624
0.000236846
0.000229606
0.000221112
0.000215288
0.000568222
0.000566281
0.000564783
0.000564406
0.000462661
0.000458626
0.000454354
0.000451813
0.000341406
0.000335374
0.000328453
0.00032384
0.000261211
0.000254215
0.00024601
0.00024039
0.00104806
0.00102071
0.000987103
0.000962903
0.00086436
0.000840652
0.000811619
0.000790792
0.000654584
0.000635358
0.000611973
0.000595328
0.000515804
0.000499782
0.000480461
0.000466851
0.000449345
0.000434941
0.000417649
0.000405536
0.000337074
0.000325487
0.000311729
0.000302219
0.000214817
0.000206559
0.000196954
0.000190483
0.000139699
0.000133714
0.00012692
0.000122493
0.000492538
0.000480365
0.000465892
0.000455858
0.000373764
0.000363294
0.000350927
0.000342419
0.000243283
0.000234998
0.000225318
0.000218746
0.000162109
0.000155457
0.000147776
0.000142634
0.000510824
0.000468855
0.000417232
0.000380049
0.000419032
0.000385027
0.000343399
0.000313586
0.000317237
0.000292318
0.000262107
0.000240725
0.00025224
0.000233337
0.000210703
0.000194926
0.000221322
0.000205266
0.000186185
0.000173014
0.000168587
0.000157137
0.000143798
0.000134828
0.000112537
0.00010602
9.88227e-05
9.4341e-05
7.92481e-05
7.56918e-05
7.21732e-05
7.0375e-05
0.000280806
0.000263886
0.000243607
0.000229462
0.000210371
0.000198211
0.000183904
0.000174162
0.000135202
0.00012821
0.000120371
0.000115387
9.03072e-05
8.64736e-05
8.25757e-05
8.04802e-05
5.31572e-05
4.08383e-05
2.72705e-05
1.8779e-05
4.93462e-05
3.87218e-05
2.69778e-05
1.95665e-05
4.55883e-05
3.67561e-05
2.69796e-05
2.0772e-05
4.36378e-05
3.58306e-05
2.72089e-05
2.17398e-05
4.23092e-05
3.50109e-05
2.69209e-05
2.17537e-05
3.83829e-05
3.20986e-05
2.51598e-05
2.07382e-05
3.40272e-05
2.88265e-05
2.31297e-05
1.95228e-05
3.13117e-05
2.67569e-05
2.18063e-05
1.86937e-05
7.47541e-05
6.49229e-05
5.37625e-05
4.64448e-05
6.41145e-05
5.63014e-05
4.75272e-05
4.18451e-05
5.26833e-05
4.69918e-05
4.07343e-05
3.67842e-05
4.58109e-05
4.13614e-05
3.65807e-05
3.36504e-05
9.61969e-05
0.000114352
0.000140916
0.000163402
0.00013554
0.000151585
0.0001749
0.000194496
0.00020084
0.000212733
0.000230246
0.000245081
0.000261236
0.000268933
0.000280854
0.000291303
0.00029499
0.000300253
0.000308952
0.000316886
0.000354841
0.000355857
0.000358804
0.000362182
0.000436414
0.00043107
0.000425595
0.000422444
0.000500793
0.000490079
0.000477606
0.000469117
0.000255232
0.00026532
0.00028024
0.000292862
0.000325302
0.000333254
0.000345414
0.000355915
0.000427057
0.000430295
0.00043634
0.000442075
0.000512161
0.000510264
0.000509617
0.000510079
0.000531343
0.000518759
0.000503512
0.000492678
0.000583245
0.000566999
0.000546891
0.000532289
0.000649186
0.000628308
0.000602123
0.000582856
0.000697584
0.000673422
0.000642954
0.000620417
0.000722684
0.000696617
0.000663741
0.000639419
0.000769267
0.000739863
0.000702639
0.000674989
0.000830959
0.000798088
0.000756362
0.000725275
0.000878662
0.000843905
0.000799747
0.00076681
0.000840715
0.00080909
0.00076879
0.000738675
0.000885844
0.000855329
0.000816257
0.000786812
0.000928476
0.000904499
0.000873737
0.000850371
0.000946532
0.000932067
0.000913319
0.000898968
0.000380792
0.00042318
0.00049329
0.000552859
0.000467187
0.000510532
0.000581192
0.000641861
0.000630071
0.000656753
0.00071037
0.000758493
0.0008024
0.000797402
0.000821272
0.000847487
0.000867961
0.000862056
0.000867167
0.000876817
0.00102086
0.000979587
0.000935301
0.000905869
0.00115687
0.00108329
0.000992441
0.000926258
0.00122442
0.00112426
0.00101043
0.000929952
0.00045783
0.000485739
0.000648355
0.000855225
0.000596943
0.00057086
0.000843782
0.00123317
0.00146382
0.000976619
0.00119132
0.00162034
0.00324561
0.00158813
0.00152633
0.00179797
0.000399399
0.00041832
0.000443718
0.000463727
0.000399112
0.000415035
0.000436445
0.000453336
0.000401684
0.000413546
0.000429598
0.000442334
0.000405717
0.000414345
0.000426169
0.000435653
0.000407636
0.000414548
0.000424116
0.000431859
0.000409908
0.000413663
0.000419086
0.000423632
0.000412822
0.000412463
0.000412531
0.000412983
0.000414944
0.000411437
0.000407443
0.000404816
0.000377857
0.000385156
0.000395327
0.0004036
0.000392601
0.000396682
0.000402613
0.000407603
0.00041194
0.000411729
0.000412059
0.000412757
0.000426761
0.000423191
0.000419179
0.00041658
0.000415038
0.000409868
0.000403732
0.000399482
0.000412809
0.000404633
0.000394607
0.000387403
0.000409114
0.00039709
0.000382133
0.000371219
0.000405755
0.000390841
0.000372215
0.000358571
0.000403107
0.000386677
0.000366133
0.000351066
0.000396819
0.000377641
0.000353608
0.000335942
0.000389375
0.00036673
0.000338342
0.00031747
0.000384466
0.00035926
0.000327692
0.000304509
0.000469112
0.000451075
0.000428475
0.000411858
0.000475001
0.000453663
0.000426851
0.000407082
0.000483607
0.000457915
0.000425591
0.000401732
0.000491094
0.000462038
0.00042549
0.000398524
0.000455727
0.000449279
0.000441666
0.000436414
0.000479361
0.000469381
0.000457156
0.000448374
0.000509355
0.000494731
0.000476505
0.000463173
0.000531666
0.000513487
0.000490704
0.000473946
0.000542724
0.000522604
0.00049735
0.000478748
0.000562624
0.00053873
0.000508649
0.000486425
0.000590508
0.000561435
0.000524769
0.000497634
0.000613501
0.000580275
0.000538355
0.000507325
0.000626542
0.000603635
0.000574808
0.000553524
0.000660716
0.000634016
0.000600323
0.000575374
0.000708554
0.000676622
0.000636243
0.00060628
0.0007478
0.000711659
0.000665916
0.000631944
0.000706226
0.000726383
0.000753374
0.000774595
0.000649693
0.000665426
0.000686586
0.000703293
0.000581178
0.000591537
0.000605647
0.000616918
0.000532545
0.0005391
0.000548243
0.000555703
0.000507224
0.000511904
0.000518591
0.000524161
0.000460274
0.00046171
0.000464156
0.000466469
0.000402444
0.000400114
0.000397675
0.000396261
0.00036073
0.000355879
0.0003502
0.00034634
0.000485403
0.000490703
0.00049815
0.000504263
0.000450905
0.000452981
0.000456213
0.000459088
0.000407787
0.000406011
0.000404243
0.000403307
0.000376152
0.000371699
0.000366491
0.000362956
0.000338518
0.000332468
0.000325249
0.000320229
0.000296907
0.000288884
0.00027914
0.000272221
0.000245983
0.000235886
0.000223542
0.000214709
0.000209663
0.000198369
0.000184575
0.000174718
0.000190631
0.000178833
0.000164447
0.000154186
0.000156178
0.000143731
0.000128618
0.000117888
0.00011653
0.000103793
8.84999e-05
7.77841e-05
9.05114e-05
7.79831e-05
6.31491e-05
5.293e-05
0.000237118
0.000224199
0.0002083
0.000196844
0.000206714
0.000192608
0.000175274
0.000162802
0.00017058
0.000155372
0.000136789
0.000123506
0.000145865
0.000130152
0.00011109
9.75779e-05
0.000378308
0.000372805
0.000366221
0.000361626
0.000354417
0.000346427
0.000336642
0.000329628
0.000323719
0.000312772
0.00029923
0.000289414
0.000300645
0.000287656
0.000271559
0.000259869
0.000287882
0.000273881
0.000256526
0.000243921
0.000263518
0.000247817
0.00022835
0.000214207
0.00023391
0.000216333
0.000194598
0.000178856
0.000213139
0.000194385
0.000171283
0.000154626
0.00034304
0.000327907
0.000309051
0.000295275
0.00032669
0.000309345
0.000287701
0.000271867
0.000306593
0.000286599
0.000261673
0.000243458
0.000292372
0.000270533
0.000243362
0.000223554
0.00101614
0.00103171
0.00105315
0.00107047
0.00088413
0.000894877
0.000909959
0.000922332
0.000727648
0.000732928
0.000740804
0.000747592
0.000619601
0.000621297
0.000624467
0.000627616
0.000565623
0.000565683
0.000566693
0.000568165
0.000470152
0.000467604
0.000465181
0.000463995
0.000359032
0.000353843
0.000347956
0.000344092
0.000284263
0.00027764
0.000269881
0.000264578
0.000556983
0.000558667
0.000561694
0.00056464
0.000472903
0.000471641
0.000470804
0.000470771
0.000373689
0.000369318
0.000364426
0.000361277
0.000305753
0.000299571
0.000292334
0.000287399
0.000247413
0.000240275
0.000231843
0.000226022
0.000183788
0.000176121
0.000167006
0.000160666
0.000114414
0.000106845
9.78919e-05
9.16964e-05
7.21414e-05
6.52828e-05
5.73044e-05
5.18897e-05
5.29705e-05
4.67445e-05
3.96265e-05
3.48962e-05
2.41801e-05
1.96387e-05
1.4784e-05
1.1839e-05
3.51383e-06
2.13292e-06
1.53074e-06
1.94334e-06
1.53465e-06
3.37521e-06
7.11729e-06
1.09668e-05
7.93935e-05
7.16226e-05
6.25487e-05
5.63761e-05
4.57896e-05
3.91519e-05
3.16513e-05
2.67574e-05
1.52914e-05
1.10249e-05
6.78938e-06
4.52868e-06
2.8073e-06
1.08628e-06
3.46317e-07
8.97811e-07
0.000294919
0.00028828
0.000280406
0.000274958
0.000239728
0.000231749
0.000222167
0.00021544
0.000175578
0.000166541
0.000155669
0.000148019
0.000132666
0.00012337
0.000112256
0.000104495
0.000111384
0.000102148
9.11756e-05
8.35683e-05
7.52236e-05
6.65187e-05
5.63497e-05
4.94433e-05
3.82434e-05
3.10195e-05
2.2977e-05
1.78485e-05
1.82026e-05
1.27459e-05
7.19969e-06
4.13001e-06
0.000148601
0.00013802
0.00012527
0.00011629
0.000112186
0.000101533
8.88045e-05
7.99321e-05
7.21908e-05
6.21147e-05
5.03407e-05
4.23532e-05
4.76696e-05
3.85646e-05
2.82511e-05
2.15312e-05
0.00114971
0.00114019
0.00112949
0.0011226
0.000961052
0.000951174
0.000939885
0.000932437
0.000743056
0.000733085
0.000721534
0.000713773
0.000596893
0.000587095
0.000575688
0.000567974
0.000526129
0.00051654
0.00050535
0.000497758
0.0004052
0.000396178
0.000385634
0.000378463
0.000271048
0.000263012
0.000253622
0.000247231
0.000186437
0.000179337
0.000171058
0.000165433
0.000549616
0.000542726
0.000534966
0.000529931
0.000430585
0.000423208
0.000414739
0.0004091
0.000297113
0.00028958
0.000280805
0.000274848
0.000211668
0.000204377
0.000195836
0.000189991
0.000147724
0.000141218
0.000133641
0.000128498
8.65079e-05
8.12464e-05
7.5172e-05
7.10855e-05
3.06683e-05
2.72862e-05
2.34789e-05
2.09857e-05
7.32195e-06
5.58832e-06
3.78285e-06
2.70756e-06
1.98839e-06
1.24248e-06
6.43752e-07
4.28861e-07
5.99209e-06
7.29226e-06
9.20508e-06
1.07933e-05
4.19863e-05
4.63825e-05
5.21387e-05
5.65209e-05
9.55077e-05
0.000102664
0.000111891
0.000118833
7.30986e-06
5.46384e-06
3.61044e-06
2.56015e-06
2.63914e-06
3.13782e-06
4.24689e-06
5.39308e-06
2.45705e-05
2.88459e-05
3.47738e-05
3.9529e-05
6.48482e-05
7.26478e-05
8.31164e-05
9.13068e-05
0.000197061
0.000189832
0.000181318
0.000175451
0.000131301
0.000124466
0.000116416
0.000110864
6.5181e-05
5.95306e-05
5.2959e-05
4.84834e-05
3.03312e-05
2.61349e-05
2.14159e-05
1.83224e-05
1.71818e-05
1.40032e-05
1.05939e-05
8.48812e-06
3.51498e-06
2.69437e-06
2.32783e-06
2.52864e-06
1.02166e-05
1.33705e-05
1.81727e-05
2.23214e-05
3.57535e-05
4.27257e-05
5.25299e-05
6.05266e-05
3.22692e-05
2.76017e-05
2.2406e-05
1.90549e-05
1.02974e-05
7.74723e-06
5.33591e-06
4.13629e-06
2.3388e-06
3.52401e-06
6.05175e-06
8.68708e-06
1.33373e-05
1.82075e-05
2.56321e-05
3.20876e-05
0.000817217
0.0007767
0.000726399
0.00068977
0.000668874
0.000635398
0.000594017
0.000564034
0.000501638
0.000476406
0.000445482
0.000423304
0.000392644
0.000373023
0.00034924
0.000332412
0.000340806
0.000323886
0.000303509
0.000289209
0.000253586
0.000241131
0.000226378
0.000216239
0.000159983
0.000152466
0.000143906
0.000138334
0.000103642
9.92177e-05
9.45191e-05
9.17796e-05
0.00039799
0.000381942
0.000362602
0.000349006
0.000296446
0.00028418
0.000269603
0.000259533
0.00018673
0.000178754
0.000169555
0.000163445
0.000120058
0.000114864
0.000109128
0.000105552
7.86431e-05
7.555e-05
7.24804e-05
7.09104e-05
4.07516e-05
3.95784e-05
3.88169e-05
3.88662e-05
1.14598e-05
1.1864e-05
1.2911e-05
1.41584e-05
5.39509e-06
6.24122e-06
7.69247e-06
9.12091e-06
7.91611e-06
8.63124e-06
9.81809e-06
1.09727e-05
2.4528e-05
2.44159e-05
2.43279e-05
2.4351e-05
7.38077e-05
7.14468e-05
6.82245e-05
6.56871e-05
0.000135158
0.000130068
0.000123183
0.000117758
4.26098e-06
5.0349e-06
6.20693e-06
7.26036e-06
2.22014e-05
2.28735e-05
2.36835e-05
2.42798e-05
7.64133e-05
7.61292e-05
7.5425e-05
7.46526e-05
0.000144254
0.000142538
0.000139796
0.000137329
0.000106233
0.000101337
9.58657e-05
9.23757e-05
5.51502e-05
5.20517e-05
4.87453e-05
4.67777e-05
1.30046e-05
1.18761e-05
1.08795e-05
1.0484e-05
6.18543e-07
6.88062e-07
1.04954e-06
1.53885e-06
1.43751e-06
2.00872e-06
2.90743e-06
3.71817e-06
1.75575e-05
1.88493e-05
2.04553e-05
2.16266e-05
7.10022e-05
7.2838e-05
7.48661e-05
7.61376e-05
0.000139551
0.000141481
0.000143434
0.000144495
3.53908e-07
4.21645e-07
7.40214e-07
1.1387e-06
1.16146e-05
1.31619e-05
1.5204e-05
1.6763e-05
5.86532e-05
6.21722e-05
6.65256e-05
6.9654e-05
0.000122118
0.000127206
0.000133425
0.000137842
0.00022694
0.000196807
0.000160841
0.000135843
0.000190824
0.000166343
0.00013726
0.000117156
0.000151794
0.00013359
0.000112172
9.75344e-05
0.000127779
0.000113589
9.70831e-05
8.59595e-05
0.000116105
0.000103813
8.96025e-05
8.00977e-05
9.46762e-05
8.54822e-05
7.503e-05
6.81877e-05
7.18933e-05
6.59612e-05
5.94708e-05
5.54385e-05
5.83642e-05
5.43462e-05
5.01822e-05
4.78016e-05
0.000165547
0.0001511
0.000134139
0.000122597
0.000129691
0.000119263
0.00010726
9.92995e-05
9.16498e-05
8.54835e-05
7.8735e-05
7.45717e-05
6.91149e-05
6.54715e-05
6.18324e-05
5.99149e-05
5.1091e-05
4.79228e-05
4.47857e-05
4.31297e-05
3.75659e-05
3.5688e-05
3.4098e-05
3.35245e-05
2.51492e-05
2.42299e-05
2.37786e-05
2.3994e-05
1.98032e-05
1.90278e-05
1.87357e-05
1.90532e-05
1.70183e-05
1.61166e-05
1.56703e-05
1.58791e-05
1.4115e-05
1.25993e-05
1.13454e-05
1.09338e-05
1.87015e-05
1.5371e-05
1.18429e-05
9.7657e-06
2.91335e-05
2.3555e-05
1.72625e-05
1.32005e-05
1.66462e-05
1.62371e-05
1.63867e-05
1.70494e-05
1.81257e-05
1.6559e-05
1.51717e-05
1.46363e-05
3.29723e-05
2.86272e-05
2.36835e-05
2.04746e-05
5.52079e-05
4.76428e-05
3.86467e-05
3.24452e-05
6.38215e-05
6.14927e-05
5.94782e-05
5.87606e-05
3.91578e-05
3.85117e-05
3.85187e-05
3.92185e-05
1.95087e-05
1.99907e-05
2.12951e-05
2.28585e-05
1.45968e-05
1.50665e-05
1.62709e-05
1.76955e-05
1.47014e-05
1.47611e-05
1.54004e-05
1.63689e-05
2.18316e-05
2.04748e-05
1.91889e-05
1.86204e-05
4.91838e-05
4.45749e-05
3.90408e-05
3.52084e-05
8.54673e-05
7.71517e-05
6.68645e-05
5.94492e-05
1.16142e-05
1.20689e-05
1.30639e-05
1.41916e-05
2.42624e-05
2.34165e-05
2.25748e-05
2.21836e-05
6.39309e-05
6.00143e-05
5.50617e-05
5.14347e-05
0.000114092
0.000106635
9.70527e-05
8.98665e-05
1.66285e-06
7.9264e-07
1.7982e-07
1.23261e-07
2.50615e-06
1.29962e-06
3.30091e-07
8.17359e-08
3.55549e-06
1.93011e-06
5.77405e-07
1.37856e-07
4.2894e-06
2.3314e-06
7.69129e-07
2.54867e-07
4.32833e-06
2.33064e-06
7.06962e-07
2.10018e-07
4.41014e-06
2.3415e-06
6.54652e-07
1.22573e-07
4.52739e-06
2.3807e-06
6.3146e-07
6.45421e-08
4.61464e-06
2.43e-06
6.50497e-07
6.2485e-08
1.88257e-05
1.40126e-05
8.96419e-06
5.96993e-06
1.8051e-05
1.35631e-05
8.85536e-06
6.05258e-06
1.71055e-05
1.29962e-05
8.69735e-06
6.13357e-06
1.6452e-05
1.25906e-05
8.56583e-06
6.167e-06
4.43756e-06
2.32179e-06
6.12743e-07
6.17554e-08
3.71098e-06
1.87172e-06
4.38546e-07
4.52638e-08
2.85138e-06
1.36504e-06
2.78612e-07
8.01712e-08
2.26959e-06
1.03694e-06
2.04669e-07
1.50559e-07
2.01307e-06
9.29543e-07
2.44914e-07
1.97679e-07
1.1195e-06
4.9604e-07
8.43791e-08
8.02805e-08
5.44587e-07
2.1802e-07
1.10539e-08
4.87077e-08
5.779e-07
2.74568e-07
9.2659e-08
1.27916e-07
6.97245e-06
5.26927e-06
3.60351e-06
2.6844e-06
4.07827e-06
3.03978e-06
2.0556e-06
1.52717e-06
1.47525e-06
1.04566e-06
7.18579e-07
6.05561e-07
3.7393e-07
2.60955e-07
3.0663e-07
4.6323e-07
2.91007e-05
2.49513e-05
2.04692e-05
1.7669e-05
2.38107e-05
2.05047e-05
1.69964e-05
1.48478e-05
1.80893e-05
1.56293e-05
1.30991e-05
1.16074e-05
1.45887e-05
1.25787e-05
1.05753e-05
9.44512e-06
1.20074e-05
1.03028e-05
8.69332e-06
7.86518e-06
7.21682e-06
6.03754e-06
5.01905e-06
4.57795e-06
3.43305e-06
2.49879e-06
1.77517e-06
1.55902e-06
2.43397e-06
1.37131e-06
5.40912e-07
3.07801e-07
1.55016e-05
1.41359e-05
1.30494e-05
1.27075e-05
1.04491e-05
9.11062e-06
8.03103e-06
7.67829e-06
8.69644e-06
6.6799e-06
4.77603e-06
3.85065e-06
1.12353e-05
8.12188e-06
4.92371e-06
3.1233e-06
