FiniteElementSpace
FiniteElementCollection: H1_2D_P2
VDim: 2
Ordering: 0

0
1.0068
2.03113
3.06704
4.11291
5.16286
6.20213
7.21517
8.20282
0
1.04616
2.07778
3.09423
4.09582
5.08229
6.0571
7.0297
8.00871
0.50089
1.02652
0.524621
0
1.51736
2.05464
1.564
2.54774
3.08086
2.58782
3.58891
4.1049
3.59693
4.6381
5.12372
4.59087
5.68499
6.13114
5.57069
6.71243
7.12356
6.54293
7.71116
8.10643
7.51843
0.511007
1.54089
2.56796
3.59326
4.6153
5.62925
6.62909
7.61561
0.250367
0.506616
0.253899
0
1.26163
1.52979
1.28381
1.01745
2.28909
2.55842
2.31135
2.04348
3.32767
3.59165
3.33714
3.07452
4.37544
4.62717
4.3603
4.10945
5.4244
5.65726
5.3769
5.14362
6.45821
6.67048
6.3806
6.16655
7.4639
7.66317
7.36981
7.16901
0.753089
0.768898
1.03569
0.785729
0.516534
0.262658
0
1.77388
1.79783
2.06571
1.82137
1.55189
1.3056
2.80706
2.82447
3.08708
2.84148
2.57741
2.33325
3.85069
3.8492
4.10007
3.84686
3.59468
3.34605
4.90066
4.86981
5.10325
4.83701
4.60302
4.34382
5.94431
5.88069
6.09499
5.81406
5.60056
5.32682
6.96473
6.87671
7.07756
6.78612
6.58702
6.29999
7.95731
8.15472
7.86111
8.05779
7.7635
7.56763
7.2738
0.252247
1.27344
2.3008
3.33298
4.36838
5.4009
6.41921
7.41654
0.76181
0.77652
0.256248
1.78648
1.80907
1.29412
2.81633
2.8325
2.32181
3.8505
3.84767
3.34115
4.88565
4.85349
4.35187
5.91253
5.84811
5.35227
6.92038
6.83241
6.34125
7.90915
7.8127
7.3226
0.125311
0.251391
0.12576
0
1.13409
1.26781
1.1454
1.01244
2.16002
2.29516
2.1721
2.03752
3.19728
3.33053
3.20372
3.07099
4.24415
4.37208
4.23892
4.11136
5.29373
5.4127
5.27236
5.15333
6.33039
6.4386
6.29305
6.18426
7.33974
7.44007
7.2929
7.19192
0.626771
0.757803
0.634145
0.504072
0.639959
0.772546
0.646634
0.513543
0.126364
0.254955
0.1272
0
1.64553
1.7804
1.65809
1.52382
1.66938
1.80339
1.68055
1.54633
1.1552
1.28889
1.16499
1.03099
2.67731
2.8119
2.68734
2.55329
2.69623
2.82843
2.70502
2.57263
2.18301
2.31653
2.19382
2.06012
3.71973
3.85079
3.72106
3.59048
3.72125
3.8484
3.72125
3.59393
3.20902
3.3391
3.21418
3.08392
4.76941
4.89328
4.75646
4.63278
4.74263
4.86169
4.72834
4.60918
4.23264
4.35608
4.22605
4.10247
5.81483
5.92839
5.78504
5.67114
5.75509
5.86453
5.72442
5.61502
5.25041
5.36468
5.22785
5.11355
6.83882
6.94239
6.7956
6.69131
6.753
6.85471
6.70975
6.60822
6.25599
6.36108
6.21819
6.11321
7.83435
7.93318
7.78623
7.68706
7.73839
7.83699
7.69016
7.59172
7.24676
7.34633
7.20009
7.10071
0.375443
0.379279
0.508818
0.38222
0.253075
0
1.38939
1.40158
1.53543
1.41237
1.27872
1.02206
2.41833
2.42957
2.56327
2.43967
2.30616
2.04914
3.45822
3.46229
3.59254
3.46522
3.33514
3.07777
4.50677
4.4978
4.62132
4.48785
4.36442
4.10726
5.55483
5.5292
5.64332
5.50319
5.38897
5.13375
6.58556
6.54502
6.64979
6.50496
6.39992
6.14888
7.5877
7.53995
7.63939
7.49276
7.39317
7.14628
0.879782
0.889581
0.897755
0.765398
0.906198
1.0407
0.916062
0.780879
0.655215
0.520217
0.3863
0.393888
0.258701
0.130441
0
1.90242
1.91494
1.92625
1.79224
1.93746
2.07155
1.94969
1.81502
1.69281
1.55773
1.42308
1.43493
1.29964
1.17601
2.93697
2.94539
2.95268
2.82048
2.95985
3.09047
2.96797
2.8368
2.71476
2.58242
2.44967
2.46065
2.32734
2.20563
3.98175
3.97997
3.97708
3.84993
3.97394
4.09782
3.97146
3.84711
3.72202
3.59564
3.46798
3.47161
3.34342
3.22025
5.03182
5.01471
4.99685
4.87781
4.97846
5.09283
4.95975
4.84525
4.71405
4.59689
4.47753
4.46746
4.34775
4.21994
6.07343
6.0397
6.00604
5.89666
5.97163
6.07632
5.93561
5.83132
5.69243
5.5858
5.47651
5.44883
5.33966
5.20465
7.09018
7.04484
7.00022
6.89854
6.955
7.05394
6.90785
6.80959
6.66448
6.56531
6.46419
6.42144
6.32094
6.17855
8.0801
8.17877
8.03197
8.13059
7.98379
7.88514
8.08218
7.93526
8.03332
7.88611
7.78822
7.64092
7.54323
7.44511
7.39605
7.29846
7.15168
0.125471
1.14004
2.16628
3.2007
4.24171
5.28312
6.31163
7.31616
0.630811
0.643098
0.1267
1.65204
1.6749
1.16
2.68253
2.70057
2.18836
3.72059
3.72122
3.21155
4.76307
4.73551
4.22934
5.79993
5.73988
5.23921
6.81705
6.73154
6.23725
7.81021
7.71437
7.22356
0.377591
0.38074
0.126053
1.39574
1.40706
1.15038
2.42416
2.4347
2.17764
3.46046
3.46384
3.20645
4.50244
4.49291
4.23587
5.54205
5.51626
5.26146
6.56516
6.525
6.27455
7.56369
7.51635
7.26982
0.885018
0.893731
0.637074
0.901845
0.9109
0.650642
0.384037
0.389601
0.127998
1.9089
1.92068
1.66382
1.93179
1.94338
1.68647
1.41766
1.42879
1.17028
2.94139
2.94912
2.69186
2.95622
2.96373
2.7097
2.44462
2.45497
2.19953
3.98105
3.97861
3.72124
3.97549
3.97256
3.72147
3.46656
3.46963
3.21704
5.02337
5.00586
4.74962
4.98771
4.96913
4.72117
4.4827
4.47242
4.22288
6.05651
6.02291
5.77012
5.98898
5.95388
5.70863
5.48995
5.46282
5.21634
7.06734
7.02253
6.7743
6.97777
6.93175
6.68745
6.48474
6.44314
6.19867
8.05602
8.00789
7.76232
7.9596
7.91077
7.6657
7.46905
7.42081
7.17617
0
-0.0246988
-0.0809418
-0.130331
-0.145708
-0.100276
0.0198241
0.19826
0.393689
1
0.947678
0.892704
0.846461
0.834697
0.881191
0.998777
1.17562
1.37469
-0.00334839
0.463975
0.969884
0.5
-0.0520049
0.405162
0.920805
-0.108157
0.354594
0.866856
-0.144028
0.338522
0.834688
-0.132001
0.383229
0.849428
-0.0493612
0.503403
0.931138
0.104062
0.684556
1.08169
0.296508
0.884149
1.27511
0.487878
0.435173
0.377237
0.340542
0.35186
0.433962
0.588604
0.785055
0.00209001
0.243642
0.496384
0.25
-0.0379289
0.191742
0.449943
0.220298
-0.0949707
0.133996
0.39074
0.1619
-0.138459
0.0970883
0.34628
0.111267
-0.140968
0.108289
0.343081
0.0949693
-0.0772141
0.190597
0.406163
0.139737
0.0603454
0.34517
0.544305
0.260103
0.247241
0.540549
0.734636
0.440707
-0.0128647
0.47679
0.706371
0.959471
0.729681
0.979495
0.75
-0.0664823
0.420107
0.648775
0.90668
0.678198
0.934632
-0.120085
0.365053
0.599652
0.85578
0.621531
0.879296
-0.14659
0.337812
0.585033
0.833027
0.586377
0.839298
-0.118507
0.365167
0.630272
0.863075
0.59881
0.840057
-0.0169035
0.466474
0.749597
0.962851
0.680722
0.903879
0.150282
0.63561
0.929625
1.1276
0.834151
1.03855
0.345446
0.638936
0.8351
1.12947
1.32517
1.03002
1.22503
0.250375
0.206387
0.147505
0.102891
0.0995068
0.162735
0.300971
0.49048
0.232992
0.718792
0.740016
0.176779
0.663417
0.692676
0.121778
0.609722
0.634681
0.0943018
0.584007
0.591732
0.121625
0.612211
0.58985
0.223159
0.712976
0.653109
0.392005
0.880882
0.790171
0.590213
1.08017
0.979598
0.00233267
0.126645
0.251231
0.125
-0.0311854
0.0843094
0.213465
0.0979481
-0.0880379
0.0261683
0.154617
0.0404206
-0.13469
-0.0180384
0.106785
-0.00974807
-0.143853
-0.0211178
0.0967296
-0.0257278
-0.0893651
0.0423177
0.150624
0.0192906
0.0396348
0.180302
0.280082
0.13957
0.222677
0.368749
0.465508
0.319301
-0.00775356
0.110313
0.23864
0.120533
0.482587
0.59798
0.72443
0.60906
0.498886
0.61858
0.744916
0.625
-0.0592231
0.0551321
0.184276
0.0698976
0.427652
0.541768
0.670817
0.556738
0.457082
0.571411
0.699651
0.58532
-0.114307
0.000668783
0.1277
0.0127808
0.370955
0.487213
0.615435
0.499254
0.397862
0.512625
0.641635
0.526928
-0.145718
-0.0264703
0.0952901
-0.023761
0.338774
0.460567
0.584794
0.463157
0.350143
0.468746
0.595398
0.476906
-0.125849
0.00112991
0.114371
-0.0122674
0.357933
0.488237
0.604942
0.474899
0.340298
0.466054
0.586946
0.461398
-0.0337052
0.102707
0.206308
0.0701815
0.449647
0.589321
0.696286
0.556907
0.394088
0.529184
0.641094
0.506292
0.126902
0.270894
0.368305
0.224308
0.611816
0.75805
0.857218
0.711122
0.523393
0.666926
0.769423
0.626137
0.321064
0.467839
0.565468
0.418486
0.810161
0.957623
1.05517
0.907494
0.709503
0.857031
0.954506
0.806953
2.11819e-05
0.247619
0.366079
0.49251
0.373614
0.375
-0.0448945
0.199132
0.313505
0.442623
0.328268
0.342307
-0.101697
0.140615
0.255483
0.383849
0.269032
0.283484
-0.141596
0.0996402
0.218521
0.343063
0.22433
0.232715
-0.137045
0.103346
0.229661
0.346924
0.220904
0.216383
-0.0638938
0.176065
0.31186
0.419464
0.284017
0.261048
0.0818384
0.322696
0.466612
0.566072
0.422314
0.381388
0.27189
0.515522
0.662737
0.759847
0.612446
0.562466
-0.018577
0.226838
0.470568
0.355146
0.712766
0.827155
0.95376
0.83928
0.964837
0.849873
0.734857
0.974736
0.860197
0.986778
0.875
-0.0737427
0.169304
0.412595
0.298441
0.656053
0.770701
0.899646
0.785054
0.913749
0.799553
0.685503
0.927784
0.81375
0.941283
-0.125447
0.116283
0.359582
0.24324
0.604445
0.722836
0.850878
0.732577
0.861124
0.744066
0.627964
0.872931
0.756905
0.885904
-0.146613
0.094177
0.337712
0.215727
0.584071
0.709454
0.833423
0.708151
0.833466
0.710215
0.588708
0.836651
0.715246
0.842587
-0.110007
0.130074
0.373597
0.242968
0.620652
0.755214
0.871564
0.737135
0.855702
0.723634
0.593794
0.844223
0.714501
0.836895
0.000940093
0.241109
0.484414
0.344419
0.730766
0.873797
0.980304
0.837468
0.946446
0.805443
0.666327
0.916938
0.777984
0.891958
0.1741
0.416172
0.65989
0.513586
0.90505
1.05253
1.15139
1.00407
1.10434
0.957674
0.811775
1.05973
0.914039
1.01821
0.36968
0.516336
0.614712
0.761526
0.859778
0.712628
1.0068
1.10495
1.25212
1.35004
1.20272
1.3002
1.15259
1.0048
1.25004
1.10229
1.2002
0.12694
0.0912541
0.0332111
-0.0141876
-0.0239336
0.0301901
0.159484
0.343944
0.115764
0.603737
0.622172
0.062533
0.549263
0.578491
0.00653869
0.493043
0.519685
-0.0255219
0.461461
0.472531
-0.00615695
0.480993
0.463226
0.0858745
0.572546
0.517134
0.247325
0.734291
0.64607
0.443249
0.932637
0.831894
0.124238
0.370358
0.375218
0.0771734
0.320952
0.335409
0.0193403
0.26212
0.27617
-0.02125
0.221076
0.228228
-0.017247
0.224733
0.218137
0.0556482
0.297338
0.271922
0.201936
0.444084
0.401392
0.393628
0.637597
0.587367
0.10433
0.348915
0.360906
0.591836
0.833402
0.844758
0.614044
0.854981
0.866792
0.0477436
0.290925
0.305986
0.534306
0.777833
0.792312
0.56414
0.806717
0.820581
-0.00477908
0.237737
0.249173
0.481818
0.727464
0.738128
0.505799
0.750342
0.763708
-0.0265596
0.215598
0.21672
0.460531
0.708359
0.708788
0.465604
0.712386
0.718748
0.00960128
0.251404
0.235732
0.496668
0.745595
0.729825
0.469935
0.718539
0.711488
0.120619
0.36238
0.327568
0.607205
0.855117
0.820899
0.542451
0.791133
0.766011
0.294919
0.537838
0.489812
0.782304
1.02809
0.980571
0.688639
0.93547
0.893459
0.492211
0.737226
0.687769
0.98236
1.22753
1.17771
0.882259
1.12742
1.07729
