FiniteElementSpace
FiniteElementCollection: H1_2D_P2
VDim: 2
Ordering: 0

0
-0.00580468
-0.00307928
0.00296766
0.00796541
0.0129992
0.0208392
0.0313917
0.0423736
0
0.00349761
0.00540199
0.0074198
0.00984611
0.01395
0.0211594
0.0312624
0.0423037
-0.00396981
-0.00163891
0.00218323
0
-0.00529906
0.000978331
0.00446044
-7.00598e-05
0.00531252
0.00638991
0.00564071
0.00894951
0.00852926
0.0102707
0.0132916
0.0115775
0.016489
0.0207758
0.0171293
0.0259054
0.0312467
0.0259434
0.0369701
0.0423547
0.0368216
-0.00109748
-0.000810437
0.00316883
0.00720948
0.0108472
0.0165737
0.0257625
0.0368792
-0.00212972
-0.00226965
-0.000446123
0
-0.00582026
-0.00299743
-0.00137848
-0.00360132
-0.00161867
0.00155073
0.00205603
-0.00102936
0.00435785
0.00640401
0.00629276
0.0041293
0.00909277
0.010515
0.00985396
0.00842539
0.0146365
0.0164672
0.0148173
0.0130897
0.0232992
0.0257781
0.0231865
0.0207421
0.0341881
0.0369139
0.0340662
0.0312838
-0.00518393
-0.00154407
0.000516641
0.00291987
0.000105427
0.00118712
0
-0.00434554
-7.84303e-07
0.0030781
0.00492608
0.00155392
0.0039936
0.00147963
0.00426585
0.00645393
0.0068991
0.00479516
0.00589043
0.00683139
0.00808326
0.00945953
0.00915016
0.00796801
0.00795887
0.0115563
0.0119788
0.0135781
0.012671
0.0112169
0.0106454
0.0185607
0.0185636
0.020916
0.0190408
0.0167902
0.0154328
0.0286171
0.0284638
0.0312515
0.0285534
0.025826
0.0234684
0.0397088
0.0423643
0.0396478
0.0423346
0.0395935
0.0368591
0.0340316
-0.00093366
-0.00351472
0.000228457
0.00530936
0.0094354
0.0146663
0.0231807
0.0341043
-0.00319528
0.000241054
3.12486e-05
-0.00213661
0.00227266
0.000958819
0.00286751
0.00564202
0.00393099
0.00743089
0.00870139
0.00722624
0.0117175
0.012303
0.0102833
0.0184962
0.0187429
0.015069
0.0284937
0.0284946
0.0232874
0.0396762
0.0396292
0.0340537
-0.000877196
-0.00139233
-0.000324863
0
-0.00588572
-0.00462599
-0.00361675
-0.00465025
-0.00236481
-0.00068761
-0.000413687
-0.00204037
0.00367792
0.00482612
0.00473031
0.00354349
0.00852601
0.00925082
0.00892507
0.00818321
0.0137897
0.0146342
0.0138508
0.0130282
0.0220474
0.0232221
0.0219393
0.0207721
0.0327901
0.0341398
0.032693
0.0313273
-0.00464478
-0.00412377
-0.00279795
-0.00302953
-0.00136092
-0.000704338
0.000160903
-0.000543083
-0.00015465
-0.000233466
2.43381e-05
0
-0.00486858
-0.00321926
-0.00260418
-0.00411715
-0.000431678
0.00110551
0.0018998
0.000330579
-0.0015509
-0.00025975
0.000717252
-0.00061558
0.000711109
0.00217179
0.00221339
0.000742652
0.0037214
0.00496038
0.00522158
0.00398171
0.0015086
0.00298445
0.00350055
0.00200885
0.00624663
0.00712019
0.00692405
0.00601294
0.00764964
0.00840299
0.00833371
0.00760149
0.0058108
0.00677243
0.00684431
0.0058941
0.0108952
0.0116217
0.0110976
0.0103786
0.0113931
0.0121346
0.0117389
0.0110301
0.00939391
0.0100714
0.00986066
0.00921166
0.017496
0.0185099
0.0174535
0.0164601
0.0175402
0.0186395
0.0177385
0.0166681
0.0140267
0.0149307
0.014296
0.0134249
0.0272505
0.0285416
0.0271239
0.0258254
0.0271002
0.0284735
0.0271466
0.025786
0.0219584
0.0232262
0.0220789
0.0208332
0.0383474
0.0396943
0.0383028
0.0369399
0.0382707
0.0396383
0.0382506
0.0368688
0.0326545
0.0340585
0.0326495
0.0312458
-0.00315456
-0.00163015
-0.00165087
-0.000776352
-0.000674133
0
-0.00562104
-0.00330506
-0.0019054
-0.00112927
-0.00244489
-0.00261184
-0.000847648
0.000886281
0.00235898
0.00261108
0.00114056
-2.7918e-05
0.00501366
0.00586673
0.00680599
0.00675786
0.00580108
0.00472113
0.00967073
0.00996295
0.0106732
0.0103365
0.0096389
0.00868369
0.0155331
0.015538
0.016506
0.0156665
0.0147283
0.0131787
0.0245858
0.0244621
0.0257585
0.0244564
0.0231701
0.0207444
0.0355837
0.0355129
0.0368937
0.0354758
0.0340806
0.0312581
-0.00557361
-0.00346237
-0.00163771
-0.00235011
0.000358342
0.00185991
0.00322505
0.00141496
0.00257803
0.000981094
6.4143e-05
0.0017277
0.00046639
0.000536429
0
-0.00374296
-0.00160782
0.000471718
-0.00107123
0.00266666
0.0042054
0.0051632
0.00353721
0.00469349
0.00291573
0.00123873
0.0042298
0.00235551
0.00375342
0.00223617
0.00350749
0.00479647
0.00356659
0.00605241
0.00697068
0.00715732
0.006295
0.00664305
0.00560214
0.00436315
0.00613895
0.00490037
0.00564507
0.00740286
0.00792937
0.0085146
0.00775504
0.00907494
0.0096759
0.00948705
0.00895717
0.00883175
0.0082853
0.00759949
0.0082387
0.00763029
0.00768593
0.0122535
0.0123798
0.0126106
0.0118381
0.0129156
0.0137513
0.0132867
0.012481
0.0121031
0.0114002
0.010734
0.0110935
0.0104775
0.0102312
0.0196739
0.0195933
0.0196434
0.0185151
0.0198034
0.0210237
0.0200752
0.0188749
0.0180588
0.0169416
0.015901
0.0162546
0.015234
0.0146658
0.0299994
0.0298823
0.0298478
0.0284692
0.0298646
0.0312587
0.0298979
0.0285225
0.0272335
0.0258791
0.0245381
0.0246868
0.0233679
0.0222914
0.041054
0.0423677
0.0410303
0.0423601
0.0410095
0.03966
0.0423468
0.0409907
0.04232
0.0409593
0.0396169
0.0382129
0.0368456
0.0354583
0.0354269
0.0340467
0.0326421
-0.000468594
-0.00470425
-0.00137898
0.00419753
0.00871287
0.0138038
0.0219753
0.032733
-0.00364561
-0.000650144
-8.25066e-05
-0.00371027
0.00069808
-0.000469757
0.00146207
0.00447481
0.00249047
0.00657499
0.00800359
0.00633973
0.0109819
0.0115618
0.00963231
0.0174567
0.0176254
0.01415
0.0271721
0.0271165
0.0220069
0.0383249
0.0382604
0.0326497
-0.00228417
-0.00117115
-0.000230883
-0.00442698
-0.00221739
-0.00257936
2.37641e-05
0.00174736
0.000545299
0.00543148
0.00631195
0.00527068
0.00980324
0.0101429
0.00915477
0.0155183
0.0155883
0.0139261
0.0245069
0.0244465
0.0219348
0.0355439
0.0354906
0.0326678
-0.00445911
-0.00253681
-0.00205306
-0.000694176
0.00163345
0.00120157
-0.000396199
0.000744463
0.000167717
-0.00265792
-0.000570683
-0.00152017
0.00154428
0.00386657
0.00321961
8.7537e-06
0.00262765
0.00210036
0.00286804
0.00415203
0.0029669
0.00543337
0.00663464
0.00594992
0.00348263
0.00525114
0.00455059
0.00765449
0.00821912
0.00728548
0.00880381
0.00930855
0.00861724
0.00719176
0.0079569
0.00730155
0.0123012
0.0124843
0.0112364
0.0127548
0.0130915
0.0119193
0.0105356
0.0109217
0.0100642
0.0196152
0.0196036
0.0174822
0.0197101
0.0199237
0.0178808
0.0157705
0.01606
0.0144657
0.0299286
0.0298567
0.0271013
0.0298518
0.0298814
0.0271866
0.0244877
0.0246047
0.0221731
0.041043
0.0410189
0.0382845
0.0410007
0.0409783
0.0382371
0.0354663
0.0354473
0.0326487
0
-0.0128161
-0.026334
-0.0347484
-0.0390838
-0.0426464
-0.0457769
-0.0472326
-0.0472783
0
-0.00831226
-0.0197428
-0.0283803
-0.0333975
-0.0358432
-0.0366247
-0.0365463
-0.036494
-0.00630855
-0.0103151
-0.00313671
0
-0.0199592
-0.0235522
-0.0141689
-0.0312657
-0.0320507
-0.0245414
-0.037181
-0.0364709
-0.0312866
-0.0408571
-0.0393949
-0.0348732
-0.0443554
-0.0413656
-0.0363991
-0.0467463
-0.0419832
-0.0366289
-0.0473422
-0.0419259
-0.0364932
-0.00374542
-0.017319
-0.0284708
-0.034585
-0.0380281
-0.0405398
-0.041827
-0.0419694
-0.00374351
-0.00488783
-0.00123233
0
-0.0164101
-0.0186507
-0.0138542
-0.0115074
-0.0289935
-0.0299678
-0.0261872
-0.0250095
-0.0360631
-0.0359986
-0.0334238
-0.0335139
-0.039971
-0.0395373
-0.0372772
-0.0378854
-0.0435233
-0.0425048
-0.0400012
-0.0410981
-0.0463236
-0.0443007
-0.0416406
-0.0436064
-0.0473235
-0.0446596
-0.0419881
-0.044608
-0.0093817
-0.00687568
-0.00926531
-0.00555021
-0.00309796
-0.00139047
0
-0.0233031
-0.0205803
-0.0218688
-0.0170303
-0.0158904
-0.0112303
-0.0331693
-0.0304146
-0.0303559
-0.0265828
-0.0267131
-0.0222567
-0.0381686
-0.0355855
-0.0349338
-0.0324312
-0.0329958
-0.0299429
-0.0417513
-0.0387342
-0.0376119
-0.035415
-0.0364287
-0.0342056
-0.0451149
-0.0409977
-0.0390455
-0.0365472
-0.0384938
-0.036168
-0.047046
-0.0419358
-0.0393112
-0.03659
-0.039286
-0.0366463
-0.047316
-0.0446285
-0.0419437
-0.0392004
-0.036493
-0.0392508
-0.0365113
-0.00213905
-0.0151097
-0.027676
-0.0348598
-0.0387261
-0.0418298
-0.0440063
-0.0446548
-0.00803333
-0.00601773
-0.000843275
-0.0219834
-0.0190023
-0.0126081
-0.031901
-0.0286766
-0.0244451
-0.0369897
-0.034034
-0.0317829
-0.0403292
-0.0370565
-0.0357251
-0.0431026
-0.0388116
-0.0380926
-0.0444965
-0.0393173
-0.0392003
-0.0446466
-0.0392185
-0.0392845
-0.00227307
-0.00286175
-0.00101752
0
-0.0146083
-0.0157538
-0.0133051
-0.0121491
-0.0277163
-0.0283534
-0.0263895
-0.0256852
-0.035437
-0.0354927
-0.0342166
-0.0341605
-0.039529
-0.0393795
-0.0383106
-0.0385168
-0.0430886
-0.0426966
-0.0414697
-0.0418957
-0.0460655
-0.0451696
-0.0438197
-0.0447001
-0.0472885
-0.0459863
-0.0446381
-0.0459174
-0.00778691
-0.00868895
-0.0064074
-0.00558199
-0.00525746
-0.00640221
-0.00450082
-0.00334911
-0.000433671
-0.000968596
-0.000208041
0
-0.0216686
-0.0226506
-0.0203503
-0.0193057
-0.0189805
-0.0198223
-0.0174721
-0.0166245
-0.0120835
-0.0132345
-0.0109352
-0.00977187
-0.0322648
-0.0325618
-0.0309774
-0.0306398
-0.0294828
-0.0295816
-0.0277309
-0.0276312
-0.0249125
-0.0253562
-0.0231937
-0.0227481
-0.0376883
-0.0376118
-0.0365091
-0.0366222
-0.035102
-0.0348235
-0.033534
-0.0338095
-0.0327665
-0.0326285
-0.0310979
-0.0312343
-0.0413031
-0.0410667
-0.0399356
-0.0402262
-0.0383866
-0.0378996
-0.0367518
-0.037233
-0.0368821
-0.0365074
-0.0353414
-0.0357117
-0.044746
-0.0441211
-0.0428145
-0.0434464
-0.0407795
-0.0399141
-0.0386633
-0.0395247
-0.0397057
-0.0390532
-0.0378619
-0.0385083
-0.0469111
-0.04577
-0.0444102
-0.0455248
-0.0418902
-0.0406364
-0.0393075
-0.0405672
-0.0415147
-0.0404314
-0.0391323
-0.0402161
-0.0473326
-0.0459848
-0.0446539
-0.046
-0.0419566
-0.0405831
-0.0392342
-0.0406142
-0.0419898
-0.0406427
-0.0392996
-0.0406556
-0.00495122
-0.00345751
-0.00426666
-0.00239351
-0.00161987
0
-0.0182044
-0.0168982
-0.0179904
-0.0156042
-0.0144771
-0.0108943
-0.0301815
-0.0288684
-0.0292465
-0.0273719
-0.0269563
-0.0243012
-0.0366441
-0.0354513
-0.0353174
-0.0340272
-0.0341689
-0.0328104
-0.0404132
-0.0391344
-0.0388009
-0.0376586
-0.0380216
-0.0372
-0.0439467
-0.0421757
-0.0415345
-0.0402798
-0.0409292
-0.0402616
-0.0465506
-0.0441665
-0.0430697
-0.0417444
-0.042831
-0.0424952
-0.04734
-0.044661
-0.0433173
-0.0419807
-0.0433241
-0.0432988
-0.0110645
-0.00974088
-0.00856995
-0.00742441
-0.00761764
-0.00878594
-0.00690685
-0.00573302
-0.004294
-0.0030159
-0.0018699
-0.00216118
-0.000956942
-0.000715386
0
-0.0248666
-0.0235391
-0.0221053
-0.0212959
-0.0204685
-0.0208823
-0.0184083
-0.0180872
-0.0156147
-0.0150864
-0.0142637
-0.0127054
-0.0119519
-0.00976457
-0.0339989
-0.0327444
-0.031268
-0.031186
-0.0295491
-0.0294103
-0.0275103
-0.0276859
-0.0255914
-0.0256949
-0.0256167
-0.0234275
-0.0234258
-0.0210259
-0.0386327
-0.0374466
-0.0360399
-0.0363113
-0.034499
-0.0341579
-0.0329348
-0.0332338
-0.0318817
-0.0321545
-0.0324131
-0.03064
-0.0308903
-0.0291889
-0.0421995
-0.0407172
-0.0390707
-0.0395483
-0.0373434
-0.0367193
-0.0356426
-0.0362231
-0.0351589
-0.0356364
-0.0360869
-0.0345558
-0.0349523
-0.0338198
-0.0454594
-0.0433671
-0.0411933
-0.0420609
-0.0389389
-0.0378491
-0.0365938
-0.0376891
-0.0364827
-0.0374504
-0.0383035
-0.0362945
-0.037128
-0.0360178
-0.0471524
-0.0445617
-0.0419661
-0.0432205
-0.0393179
-0.037943
-0.0365678
-0.0379703
-0.036611
-0.037975
-0.039251
-0.0366414
-0.03794
-0.0366414
-0.0472955
-0.0459613
-0.0446388
-0.0432811
-0.0419332
-0.0432985
-0.0405647
-0.039206
-0.0378406
-0.0364951
-0.0378542
-0.0364909
-0.037877
-0.039268
-0.0364997
-0.0379082
-0.0365269
-0.00149668
-0.0139469
-0.0270683
-0.0348568
-0.0389514
-0.042301
-0.0449491
-0.0459603
-0.00707891
-0.00482013
-0.000271563
-0.0210129
-0.0182522
-0.0115024
-0.0316455
-0.0286447
-0.0240924
-0.0371311
-0.0343343
-0.0319603
-0.0406472
-0.0375734
-0.0361194
-0.0437946
-0.0397302
-0.0387894
-0.0456606
-0.0406092
-0.0403343
-0.0459943
-0.0405983
-0.0406521
-0.00417033
-0.00286261
-0.000677614
-0.0175481
-0.0162516
-0.0126835
-0.0295453
-0.0281462
-0.0256736
-0.0360793
-0.0347656
-0.0335191
-0.0398038
-0.0384156
-0.0376172
-0.0430794
-0.0412407
-0.0406021
-0.0453615
-0.0429621
-0.0426755
-0.0459984
-0.0433235
-0.0433168
-0.0103873
-0.00913203
-0.00579309
-0.00806265
-0.00723522
-0.00431877
-0.00205317
-0.00188536
-0.00029841
-0.0242126
-0.0228395
-0.0196753
-0.0213217
-0.0195129
-0.0166079
-0.0149461
-0.0135299
-0.0103652
-0.0333993
-0.0320344
-0.0302578
-0.0304421
-0.0285792
-0.0267236
-0.0265343
-0.0245941
-0.0221863
-0.038072
-0.036766
-0.0358302
-0.0352808
-0.0337133
-0.0327149
-0.0332423
-0.0315468
-0.0301783
-0.0414834
-0.0399098
-0.0391785
-0.0382115
-0.0364823
-0.0359414
-0.036878
-0.0353071
-0.0345698
-0.0444237
-0.0422901
-0.0418085
-0.0400761
-0.0377784
-0.03758
-0.0392988
-0.0372999
-0.0369345
-0.0458548
-0.0432676
-0.0431553
-0.0406512
-0.0379585
-0.0379766
-0.0405086
-0.0379635
-0.0379025
-0.0459737
-0.0432896
-0.0433084
-0.0405713
-0.0378457
-0.0378645
-0.0406296
-0.0378917
-0.0379257
