FiniteElementSpace
FiniteElementCollection: L2_2D_P3
VDim: 1
Ordering: 0

0.00415483
0.00290965
0.0048486
0.00689903
0.00183161
0.0017611
0.00365194
0.00571005
0.000655655
0.000923013
0.00232405
0.00388177
0.000525938
0.000622906
0.00148463
0.0024481
0.0070787
0.00710898
0.00720637
0.00732586
0.00554869
0.00557083
0.00564961
0.0057487
0.003798
0.0038107
0.003867
0.00394101
0.0026594
0.00266677
0.00270753
0.00276291
0.00786387
0.00783234
0.00785674
0.0079258
0.00618746
0.00615942
0.0061793
0.00623793
0.004258
0.00423464
0.00424904
0.00429458
0.00299478
0.00297606
0.00298665
0.00302169
0.00785599
0.0077711
0.00772563
0.00774059
0.00617781
0.00610597
0.00606851
0.00608268
0.00424925
0.004194
0.00416669
0.00417987
0.00298828
0.00294616
0.00292616
0.0029375
0.00683861
0.00667757
0.00652159
0.00644277
0.00534899
0.00521695
0.0050915
0.00503053
0.00365415
0.00355753
0.00346899
0.00342929
0.00255811
0.00248712
0.00242416
0.00239824
0.00449757
0.00428562
0.00404171
0.00387881
0.00348408
0.00331529
0.00312372
0.002998
0.00235731
0.00223934
0.00210906
0.00202663
0.00164924
0.00156595
0.00147682
0.00142301
0.00171673
0.00156046
0.00137234
0.00123983
0.00132318
0.00120204
0.00105805
0.000958091
0.000909188
0.000827393
0.000732776
0.000669216
0.000669201
0.000612439
0.000549152
0.000508652
0.000184717
0.000146566
0.000103647
7.59553e-05
0.00015561
0.000125168
9.13717e-05
6.98721e-05
0.000135324
0.000112275
8.73485e-05
7.1962e-05
0.000133733
0.000114129
9.34772e-05
8.11477e-05
0.00615832
0.00628168
0.00649245
0.00669233
0.00490239
0.00497081
0.00510419
0.00524033
0.00343389
0.0034508
0.00350869
0.00358054
0.0024577
0.00244909
0.0024669
0.00250271
2.59623e-05
3.22456e-05
3.74894e-05
3.89673e-05
0.000117016
0.000118662
0.00011256
0.000101814
0.000693309
0.000687781
0.000663374
0.000631721
0.00150304
0.00149665
0.00146241
0.00141575
0.000725599
0.000389588
0.000154582
6.82197e-05
0.000731019
0.000416183
0.000229427
0.000188651
0.00070605
0.000484327
0.000558105
0.000766413
0.000770748
0.000618615
0.0010154
0.00156235
0.00758336
0.0075789
0.0076359
0.00772805
0.00595828
0.00595248
0.00599903
0.00607648
0.00409195
0.00408478
0.00411847
0.00417753
0.002873
0.00286612
0.00289077
0.00293562
3.64642e-05
3.81798e-05
3.80652e-05
3.61575e-05
7.55384e-05
8.12836e-05
8.03331e-05
7.31077e-05
0.000631899
0.000648788
0.000650711
0.000636655
0.001498
0.00152821
0.00153591
0.00151726
4.00858e-05
4.1426e-05
4.10747e-05
3.91368e-05
8.78219e-05
9.20617e-05
8.98066e-05
8.2077e-05
0.00062083
0.000636618
0.000638701
0.00062591
0.00143589
0.00146754
0.00147975
0.00146634
0.00795715
0.00790093
0.00789401
0.00793957
0.00626276
0.00621432
0.00620834
0.00624759
0.00431217
0.00427382
0.00426928
0.00430065
0.00303463
0.00300483
0.00300146
0.00302606
3.54262e-05
3.74281e-05
3.7501e-05
3.56263e-05
6.75202e-05
7.43029e-05
7.42432e-05
6.73888e-05
0.000639501
0.000655065
0.000654095
0.000637081
0.00154009
0.00156415
0.00156187
0.00153437
3.52866e-05
3.72545e-05
3.73096e-05
3.54265e-05
6.98212e-05
7.62337e-05
7.57801e-05
6.86714e-05
0.000639336
0.00065582
0.000656328
0.000640585
0.00153273
0.00156026
0.00156299
0.00153956
0.00750677
0.00738597
0.00728975
0.00726256
0.00589101
0.00579043
0.00571216
0.00569229
0.00404123
0.00396583
0.00390969
0.00389862
0.00283663
0.00278017
0.00273961
0.00273361
4.22731e-05
4.49015e-05
4.64192e-05
4.62192e-05
7.73354e-05
8.51192e-05
8.74424e-05
8.33351e-05
0.000617915
0.00062976
0.000625931
0.000608497
0.00146331
0.0014753
0.00146028
0.00142579
3.67763e-05
3.89015e-05
3.92782e-05
3.77751e-05
6.88774e-05
7.60478e-05
7.6745e-05
7.06971e-05
0.000632148
0.000646224
0.000643744
0.000626002
0.00151857
0.00153768
0.00152958
0.0014983
0.0058168
0.00562095
0.00540935
0.00527989
0.00452953
0.00437128
0.00420303
0.0041025
0.00307848
0.00296534
0.00284868
0.00278227
0.00215049
0.002069
0.00198756
0.00194374
9.04591e-05
9.50285e-05
0.000101798
0.000107874
0.000137579
0.000145858
0.00015315
0.000156355
0.000573423
0.000576738
0.000569911
0.000556729
0.00123004
0.00122036
0.00118946
0.00115278
5.80098e-05
6.16175e-05
6.54573e-05
6.7923e-05
9.88546e-05
0.000107296
0.000112164
0.000111392
0.000598424
0.000606886
0.000601836
0.000586088
0.00136868
0.00137096
0.00134816
0.00131175
0.00304958
0.00285055
0.00261362
0.00244869
0.00235145
0.00219521
0.00201157
0.00188563
0.00159134
0.00148442
0.00136197
0.00128068
0.00112716
0.00105288
0.000970603
0.000918404
0.000192578
0.000193944
0.000200395
0.000209116
0.000233955
0.000234739
0.000238591
0.000243972
0.000475908
0.000464035
0.000449063
0.000438443
0.000818834
0.000786884
0.000744178
0.000711355
0.000139688
0.000143963
0.000152389
0.00016132
0.000188623
0.000194597
0.000202133
0.000208056
0.000536561
0.000532736
0.000522596
0.000511501
0.00104515
0.00102297
0.00098472
0.00094926
0.000726779
0.000631307
0.000517867
0.000439313
0.000568595
0.000494874
0.000408488
0.000349614
0.000413695
0.000363289
0.000305973
0.00026831
0.000334879
0.000298332
0.000258372
0.000233436
0.000207922
0.000196994
0.000188124
0.000185219
0.000213803
0.000201211
0.000189999
0.000185195
0.000263809
0.000243509
0.000222532
0.000210496
0.000336007
0.000305274
0.000271344
0.000249912
0.000223693
0.00021934
0.000219287
0.000223557
0.000248223
0.000241903
0.000238495
0.000239639
0.000382978
0.000364729
0.000345254
0.000333795
0.000570611
0.000535322
0.000493721
0.000465482
1.27822e-05
7.74496e-06
3.16211e-06
1.10291e-06
1.63326e-05
1.07264e-05
5.33525e-06
2.56831e-06
2.4329e-05
1.74422e-05
1.05792e-05
6.76994e-06
3.31491e-05
2.46776e-05
1.62004e-05
1.14305e-05
5.05569e-05
3.96388e-05
2.841e-05
2.17537e-05
4.65052e-05
3.61478e-05
2.55254e-05
1.92607e-05
4.21879e-05
3.22069e-05
2.20206e-05
1.60785e-05
3.95988e-05
2.96546e-05
1.95691e-05
1.37646e-05
0.000139981
0.000125437
0.000110682
0.00010222
0.000135509
0.000120729
0.000105644
9.69265e-05
0.00014051
0.000123296
0.000105296
9.45629e-05
0.000152647
0.00013189
0.000109719
9.61529e-05
0.00572321
0.00573752
0.00584265
0.00597244
0.00472061
0.00470694
0.0047322
0.00478364
0.00337542
0.00336362
0.00337456
0.00340326
0.00236415
0.00239143
0.00243818
0.00248509
0.00182805
0.00187156
0.00194975
0.00201397
0.00102356
0.00106343
0.00113208
0.00119457
0.000327335
0.000348114
0.000384772
0.000420268
6.5831e-05
7.25229e-05
8.51693e-05
9.66755e-05
0.000516247
0.000521316
0.00114743
0.001867
0.000538133
0.000421206
0.000692135
0.00108457
0.00063561
0.000382675
0.000312005
0.000384524
0.00070446
0.000389613
0.000178334
0.000114796
0.00736225
0.00737403
0.00745009
0.00755528
0.00577827
0.00578564
0.00584753
0.00593542
0.00396224
0.00396454
0.00400913
0.00407551
0.00277844
0.00277841
0.00281091
0.00286098
0.00222343
0.00222199
0.00224849
0.00229077
0.00132519
0.00132067
0.00133712
0.00136704
0.000485712
0.000481229
0.000487584
0.000501939
0.000125336
0.000124475
0.000125779
0.000128656
0.00212697
0.00213145
0.00216445
0.00221084
0.00126589
0.00126511
0.00128547
0.0013177
0.00046315
0.00046026
0.000468177
0.000483349
0.000121381
0.000120886
0.000122526
0.000125578
0.00793314
0.0078894
0.00789853
0.00795632
0.00624381
0.00620567
0.00621294
0.00626227
0.00429879
0.00426799
0.00427315
0.0043119
0.00302481
0.00300059
0.00300437
0.00303441
0.00242518
0.00240393
0.00240707
0.00243315
0.00145138
0.00143434
0.0014364
0.00145663
0.000535119
0.000525677
0.000526615
0.000537516
0.000135488
0.000133779
0.000134081
0.000136269
0.00240041
0.00238369
0.00239243
0.00242261
0.00143558
0.00142142
0.001427
0.00144978
0.000528566
0.000520307
0.00052264
0.000534529
0.000133809
0.00013238
0.000133023
0.000135453
0.00771695
0.007615
0.00754572
0.00754111
0.00606314
0.00597757
0.00592087
0.00591919
0.00416567
0.00410072
0.00405973
0.00406154
0.00292714
0.00287806
0.00284823
0.0028514
0.00234575
0.00230424
0.00227996
0.00228407
0.00140337
0.00137387
0.001359
0.00136552
0.000518853
0.000504783
0.000499432
0.000505196
0.000134481
0.000131911
0.000131269
0.000132884
0.0023956
0.00235971
0.00234339
0.00235415
0.00143389
0.00140773
0.00139769
0.00140833
0.000529717
0.000516762
0.000513066
0.000520285
0.000135581
0.000133114
0.000132532
0.000134125
0.00637103
0.00619109
0.00600564
0.00590043
0.00497282
0.00482637
0.00467806
0.00459634
0.00338865
0.00328273
0.00317895
0.00312512
0.00236922
0.00229216
0.00221903
0.00218353
0.00189511
0.00183184
0.00177338
0.00174668
0.0011337
0.00109275
0.00105856
0.00104674
0.000432411
0.000416174
0.000406196
0.000406976
0.00013994
0.000138628
0.000140548
0.000144922
0.00204685
0.00198813
0.00193752
0.00191834
0.00122323
0.00118435
0.00115431
0.00114682
0.000459211
0.000442984
0.000433598
0.000435274
0.000135343
0.000133467
0.000134302
0.000137551
0.00377532
0.00356587
0.00331996
0.00315158
0.00291719
0.00275159
0.00255971
0.0024304
0.00197197
0.00185749
0.0017283
0.00164413
0.00138535
0.00130525
0.00121771
0.00116322
0.00111695
0.00105298
0.000984798
0.000943916
0.00069272
0.000654395
0.000616971
0.000597657
0.000323748
0.000310808
0.000302626
0.000302942
0.000191826
0.000191434
0.000196408
0.000204578
0.00132375
0.00125682
0.00118696
0.00114641
0.000807168
0.000766465
0.000727568
0.000708334
0.000348747
0.000334749
0.000325792
0.000325955
0.000174936
0.000174892
0.000179861
0.000187691
0.00116835
0.00104143
0.000889095
0.000782257
0.000904316
0.000806302
0.000690209
0.00061001
0.000634169
0.000567933
0.000491686
0.000440799
0.000484731
0.000438156
0.000386574
0.000353852
0.000417701
0.000380133
0.000339623
0.000314879
0.000310143
0.000286294
0.000262597
0.00024992
0.000232519
0.000220305
0.000210759
0.000208168
0.000222778
0.000214439
0.000209484
0.000210086
0.000561074
0.000515838
0.00046674
0.000436493
0.00039019
0.000362695
0.00033535
0.000320739
0.000257103
0.000245421
0.000237186
0.000236129
0.000226886
0.000221329
0.000220191
0.000223963
6.40582e-05
4.63185e-05
2.76482e-05
1.66976e-05
6.06284e-05
4.53807e-05
2.93751e-05
1.994e-05
6.43087e-05
5.08691e-05
3.68647e-05
2.86014e-05
7.36781e-05
6.02928e-05
4.64542e-05
3.83395e-05
7.7284e-05
6.40083e-05
5.01504e-05
4.1875e-05
7.91004e-05
6.64836e-05
5.33548e-05
4.55124e-05
8.55539e-05
7.27686e-05
5.94752e-05
5.15133e-05
9.38368e-05
8.00949e-05
6.5755e-05
5.71187e-05
0.0001327
0.000114714
9.58736e-05
8.46776e-05
0.00012613
0.000110856
9.51925e-05
8.61289e-05
0.000128453
0.000114599
0.000100641
9.27376e-05
0.000138912
0.000124491
0.00010991
0.000101596
0.00673732
0.00678402
0.00689981
0.00703115
0.00527676
0.00531122
0.0054033
0.00551052
0.00360698
0.00362784
0.0036925
0.00377122
0.00252244
0.00253552
0.00258193
0.00264033
0.00201793
0.00202649
0.00206334
0.0021116
0.00119963
0.00120127
0.00122361
0.00125646
0.000436145
0.000434878
0.000444176
0.000459852
0.000114431
0.000115052
0.000117706
0.000121351
0.00198048
0.00196834
0.0019767
0.00200191
0.00117439
0.00116458
0.00117027
0.00118891
0.000415713
0.000412873
0.000418849
0.000430962
9.90575e-05
0.00010213
0.000107289
0.000112552
3.9665e-05
4.18295e-05
4.24313e-05
4.10984e-05
9.99058e-05
0.000102735
9.8791e-05
8.997e-05
0.000628422
0.000639837
0.000637118
0.000621384
0.00141446
0.00144107
0.00144838
0.00143232
0.00197702
0.00201461
0.00203088
0.00201753
0.00333559
0.00339359
0.0034313
0.00343049
0.00582201
0.00592539
0.00601196
0.00604034
0.00835887
0.00851299
0.00865764
0.00872384
0.00205427
0.00205248
0.00202176
0.00197487
0.00330987
0.00334022
0.00334627
0.00332446
0.00547929
0.00560421
0.0057267
0.00578768
0.00758836
0.00783608
0.00811745
0.00829804
2.10095e-05
2.38283e-05
2.51503e-05
2.46039e-05
0.000125222
0.000128834
0.000128664
0.000124773
0.000701591
0.000717672
0.000729864
0.000731193
0.00155442
0.00156053
0.00157232
0.00157558
0.0021283
0.00214432
0.00214318
0.00212727
0.00341721
0.00340804
0.00336981
0.0033212
0.00524595
0.00530757
0.00535872
0.00537314
0.00664938
0.00687482
0.00716698
0.0073646
0.000790506
0.000724782
0.00137894
0.00219482
0.00088258
0.000997606
0.00237232
0.00406496
0.00260289
0.00199909
0.00404787
0.00660079
0.00669582
0.00356167
0.00560008
0.00823351
0.00774857
0.00772986
0.00776987
0.00785012
0.00609322
0.00607576
0.00610847
0.00617627
0.00418961
0.00417399
0.00419774
0.00424993
0.0029445
0.00293148
0.00294892
0.00298882
0.00235909
0.00234706
0.00236139
0.00239552
0.0014095
0.00139833
0.00140739
0.00143258
0.000518106
0.000511051
0.000514734
0.000527517
0.000131406
0.00013022
0.000131156
0.000133793
0.00230055
0.00229354
0.00231372
0.00235183
0.00137291
0.00136491
0.00137755
0.00140509
0.00050384
0.000498025
0.000503027
0.000516618
0.000128515
0.00012751
0.00012866
0.000131443
3.56086e-05
3.74954e-05
3.75055e-05
3.56275e-05
7.21646e-05
7.83011e-05
7.76353e-05
7.04672e-05
0.000636509
0.000653262
0.000654481
0.000639523
0.00151889
0.00154781
0.00155297
0.0015318
0.00216001
0.00219583
0.00220403
0.00218057
0.00370866
0.00375493
0.00377067
0.00374831
0.00657549
0.00664233
0.00667269
0.00665208
0.00952745
0.00961357
0.0096594
0.00964311
0.00212652
0.00216454
0.00217664
0.00215687
0.00364392
0.00369482
0.00371776
0.0037017
0.00645118
0.00652705
0.00657067
0.00656122
0.00934055
0.00944018
0.00950542
0.00950518
3.80799e-05
3.95444e-05
3.92372e-05
3.72688e-05
8.03831e-05
8.55541e-05
8.4164e-05
7.68259e-05
0.000625827
0.000642613
0.000645112
0.000632001
0.00146969
0.00150104
0.0015114
0.00149559
0.0020811
0.00212131
0.00213762
0.002122
0.00355674
0.00361244
0.00364317
0.00363414
0.00628531
0.00637065
0.00642859
0.00643147
0.00909274
0.00920658
0.0092927
0.00931007
0.0020249
0.00206666
0.00208662
0.00207494
0.00344721
0.00350727
0.00354559
0.00354371
0.00607452
0.0061698
0.00624313
0.0062595
0.00877599
0.00890583
0.00901572
0.00905332
0.00793333
0.00786359
0.00783875
0.00787029
0.00624225
0.00618272
0.00616205
0.00618976
0.00429667
0.00425026
0.00423504
0.00425801
0.00302316
0.00298745
0.00297624
0.00299469
0.00242406
0.00239338
0.00238423
0.0024008
0.00145129
0.00142832
0.00142269
0.00143696
0.000535907
0.000524117
0.000522046
0.000530623
0.000136301
0.00013404
0.00013368
0.000135404
0.00243336
0.00240752
0.00240478
0.00242641
0.0014568
0.00143685
0.00143523
0.00145267
0.000537629
0.000527013
0.000526489
0.000536293
0.000136318
0.000134321
0.000134275
0.000136215
3.58461e-05
3.78793e-05
3.80353e-05
3.62686e-05
6.7607e-05
7.45634e-05
7.48022e-05
6.8246e-05
0.000636759
0.000651656
0.000649924
0.000632452
0.0015332
0.00155502
0.00154995
0.00152053
0.00218611
0.00221083
0.00220338
0.00216741
0.00376529
0.0037904
0.00377723
0.00373213
0.00669707
0.00672433
0.00670129
0.00663896
0.00972315
0.00975093
0.00971848
0.00964127
0.00219587
0.002224
0.00222085
0.00218795
0.00378169
0.00381309
0.00380795
0.00376874
0.00672343
0.00676232
0.00675427
0.00670313
0.00975759
0.00980251
0.00979221
0.0097316
3.5261e-05
3.7254e-05
3.73129e-05
3.54173e-05
6.8295e-05
7.49096e-05
7.46406e-05
6.76225e-05
0.000640348
0.000656438
0.000656219
0.000639791
0.00153982
0.00156575
0.00156604
0.00154053
0.00219446
0.00222547
0.00222624
0.00219638
0.00377709
0.00381389
0.00381598
0.00378235
0.00671068
0.00675959
0.00676487
0.006724
0.00973449
0.0097941
0.00980331
0.00975773
0.00218248
0.00221601
0.0022205
0.00219374
0.00375272
0.00379437
0.00380329
0.00377518
0.00666134
0.00671935
0.00673716
0.00670626
0.00965778
0.00973079
0.00975827
0.00972712
0.00721629
0.00707544
0.00694987
0.00689759
0.00565459
0.00553823
0.00543666
0.00539674
0.00387163
0.00378547
0.00371319
0.00368806
0.00271409
0.00265017
0.00259835
0.00258249
0.00217278
0.00211951
0.00207765
0.00206645
0.00129849
0.00126241
0.00123724
0.00123446
0.00048317
0.000467364
0.000459028
0.000461908
0.000133522
0.000131227
0.000131252
0.00013365
0.00227212
0.00222473
0.00219182
0.00218853
0.00135851
0.00132564
0.00130565
0.00130763
0.000503259
0.000488205
0.000481263
0.000485545
0.000133542
0.000131017
0.000130556
0.000132418
4.84026e-05
5.14735e-05
5.40102e-05
5.497e-05
8.6081e-05
9.42249e-05
9.77398e-05
9.51424e-05
0.000608744
0.000619078
0.000614649
0.000597892
0.00142124
0.0014287
0.00140987
0.00137423
0.00201024
0.00201336
0.0019835
0.00193541
0.00343293
0.00341963
0.00336282
0.00328989
0.00607763
0.00603364
0.00592586
0.00580576
0.00881068
0.00873244
0.00857142
0.00840433
0.00207772
0.00208759
0.00206407
0.00201878
0.00356292
0.00356137
0.00351713
0.00345153
0.0063247
0.00630234
0.00621925
0.00611513
0.00917958
0.00913351
0.00901023
0.00886849
3.86879e-05
4.10025e-05
4.18113e-05
4.08059e-05
7.18757e-05
7.93224e-05
8.07019e-05
7.54502e-05
0.000625796
0.000638868
0.000635683
0.000617933
0.00149552
0.00151138
0.00149995
0.00146695
0.00212851
0.00214421
0.0021266
0.00208435
0.00365929
0.00366808
0.00363544
0.00357708
0.00650514
0.00650203
0.00644162
0.00635278
0.00944628
0.00942892
0.00934021
0.00922244
0.00216413
0.00218474
0.00217249
0.00213339
0.00372554
0.0037432
0.00372092
0.00366943
0.00662662
0.00664001
0.00659965
0.00652481
0.00962314
0.00963038
0.009572
0.00947583
0.00518633
0.0049793
0.00474742
0.00459805
0.00402827
0.00386219
0.00367893
0.0035632
0.00273096
0.00261357
0.0024877
0.00241142
0.00190771
0.00182401
0.00173702
0.00168689
0.00152762
0.0014599
0.00139126
0.00135337
0.000921851
0.000879874
0.00084102
0.000823097
0.000375802
0.000360778
0.000351113
0.000351193
0.000159868
0.000159652
0.000163904
0.000170803
0.00172038
0.00165396
0.00158928
0.00155614
0.00103211
0.000990073
0.000952837
0.000937445
0.00040412
0.000388303
0.000378246
0.000378498
0.000148035
0.00014733
0.000150467
0.000156125
0.000113441
0.000118116
0.000126029
0.000133774
0.000162389
0.000169859
0.000177686
0.000182549
0.000557157
0.000557123
0.000548871
0.000536887
0.00114333
0.0011273
0.00109252
0.00105628
0.00155613
0.00152678
0.00147178
0.00141808
0.00254554
0.00248091
0.00237675
0.00228301
0.00436949
0.00423806
0.00404164
0.00387367
0.00623794
0.00603539
0.00574289
0.00549923
0.00169747
0.00167638
0.00162698
0.00157356
0.00282094
0.00276828
0.00267379
0.00258287
0.00489834
0.00478561
0.00460586
0.00444472
0.00703354
0.00685612
0.00658708
0.00635427
7.18937e-05
7.60472e-05
8.13652e-05
8.55955e-05
0.000116076
0.000124619
0.000130829
0.000132063
0.000586832
0.000592975
0.000587173
0.000572671
0.00130509
0.0013016
0.00127475
0.00123799
0.0018206
0.00180797
0.00176488
0.00171257
0.00306232
0.00302281
0.00294009
0.00285395
0.00536417
0.00527349
0.0051155
0.00496555
0.00773628
0.00758989
0.00735286
0.00713796
0.0019248
0.00192036
0.00188389
0.0018334
0.00326653
0.00324039
0.00317052
0.00309057
0.0057582
0.005691
0.00555768
0.00542188
0.00833054
0.00821813
0.00801824
0.00782604
0.00235284
0.00217191
0.00195471
0.00180212
0.00181214
0.00167106
0.00150382
0.00138801
0.00123209
0.00113634
0.00102579
0.000951657
0.000885435
0.000819162
0.000745264
0.000697964
0.000728448
0.000675831
0.000618678
0.00058344
0.000481342
0.00044999
0.000418817
0.000402187
0.000279175
0.000267547
0.000259951
0.000259853
0.000221008
0.000217843
0.000219793
0.000225994
0.000915857
0.000856798
0.000793025
0.000754037
0.000582925
0.000547835
0.00051313
0.000494794
0.000300841
0.000288758
0.000281121
0.000281428
0.000208202
0.000206788
0.000210798
0.000218472
0.000212654
0.000211445
0.000215154
0.000222158
0.000246458
0.00024379
0.000244324
0.000247981
0.000433528
0.000418068
0.000400631
0.000389674
0.00069553
0.000660931
0.000617949
0.000587133
0.000865936
0.000817603
0.000756512
0.000711757
0.00126695
0.00118546
0.00108109
0.00100322
0.00200302
0.00186133
0.00167937
0.00154292
0.00274775
0.0025451
0.0022854
0.00209092
0.00104798
0.00100113
0.000938296
0.000889636
0.00159037
0.00150695
0.00139574
0.00130956
0.00258351
0.00243296
0.002234
0.00208069
0.00358988
0.0033705
0.00308271
0.00286229
0.000167068
0.000170272
0.00017828
0.000187612
0.000213564
0.000217292
0.00022352
0.000229661
0.00050997
0.000502099
0.000489658
0.000479025
0.000936376
0.000908717
0.000867705
0.000833364
0.00122748
0.00118462
0.00112245
0.00107103
0.00191993
0.00183903
0.00172576
0.00163412
0.00318908
0.00303749
0.00283041
0.00266595
0.00447927
0.00425428
0.0039512
0.00371332
0.00139841
0.00136158
0.00130218
0.0012491
0.0022422
0.00216782
0.00205711
0.001963
0.00379277
0.00364787
0.00344186
0.00327255
0.00537514
0.00515607
0.00485158
0.00460592
0.00040026
0.000335378
0.00025978
0.000208707
0.000320568
0.000270081
0.000212098
0.000173568
0.000248859
0.000213228
0.000173537
0.000148119
0.00021904
0.000191645
0.000162216
0.00014425
0.000205592
0.000181976
0.000157058
0.00014221
0.000179696
0.000161876
0.000143931
0.000133955
0.000168611
0.000154878
0.000141883
0.000135385
0.000178041
0.000164711
0.000152242
0.00014613
0.000299607
0.000269392
0.000237153
0.000217716
0.000240498
0.000219879
0.000199336
0.000188226
0.000203419
0.000190399
0.000179107
0.000174576
0.000206622
0.000195518
0.000186545
0.000183655
0.000179532
0.00016615
0.000153563
0.00014732
0.000178741
0.000164364
0.000150438
0.000143153
0.000200895
0.000181542
0.000161477
0.000149779
0.000236107
0.000209977
0.000181692
0.000164187
0.000252354
0.000222178
0.000189002
0.000168066
0.000288505
0.000249126
0.000204568
0.000175443
0.000370979
0.000314463
0.000249036
0.00020513
0.000462031
0.000388339
0.000302219
0.000243824
0.00037569
0.000338291
0.000296082
0.000268654
0.000466459
0.00041363
0.000352058
0.000310429
0.000647148
0.000566481
0.000470411
0.00040381
0.000835899
0.000727606
0.000597615
0.000506694
0.000222691
0.00021495
0.000210505
0.000211313
0.000237442
0.000227671
0.000220161
0.000218337
0.00032559
0.000305666
0.000284926
0.000273032
0.000449044
0.000415108
0.000376592
0.000351513
0.000522737
0.000479435
0.000429055
0.000395191
0.000693459
0.000628171
0.000549826
0.000495139
0.0010166
0.000911909
0.000784057
0.000692964
0.00134689
0.00120303
0.0010264
0.00089977
0.000688399
0.000641292
0.00058443
0.000544672
0.000963669
0.000888438
0.000795344
0.000728231
0.00147348
0.00134765
0.00119016
0.00107506
0.00199024
0.00181371
0.00159234
0.00143009
6.63235e-07
3.30872e-07
2.97195e-07
5.63026e-07
1.77209e-06
9.84114e-07
3.82433e-07
3.71379e-07
4.8835e-06
2.89097e-06
1.27903e-06
9.43376e-07
8.65676e-06
5.00262e-06
2.39041e-06
1.90464e-06
9.86499e-06
5.72712e-06
2.31844e-06
1.41893e-06
1.16848e-05
6.70706e-06
2.42621e-06
9.58647e-07
1.43855e-05
8.3052e-06
2.92694e-06
7.70083e-07
1.66538e-05
9.79957e-06
3.62898e-06
9.66398e-07
3.63432e-05
2.73707e-05
1.83072e-05
1.31056e-05
3.97772e-05
3.05213e-05
2.10969e-05
1.56053e-05
4.53125e-05
3.5318e-05
2.50792e-05
1.90432e-05
5.04041e-05
3.95325e-05
2.83622e-05
2.17463e-05
1.66508e-05
9.80665e-06
3.65144e-06
9.99101e-07
1.45082e-05
8.42199e-06
3.02855e-06
8.56131e-07
1.19671e-05
6.95733e-06
2.61822e-06
1.09751e-06
1.02671e-05
6.07091e-06
2.56781e-06
1.58517e-06
9.16208e-06
5.41044e-06
2.65181e-06
2.04424e-06
5.54522e-06
3.34997e-06
1.5134e-06
1.0389e-06
2.43914e-06
1.40135e-06
5.51841e-07
4.11883e-07
1.17891e-06
6.2852e-07
3.89046e-07
5.58444e-07
3.67856e-05
2.72636e-05
1.7662e-05
1.2214e-05
2.8563e-05
2.04718e-05
1.23266e-05
7.75251e-06
2.07952e-05
1.39056e-05
7.14706e-06
3.5664e-06
1.70362e-05
1.07224e-05
4.7832e-06
1.92115e-06
9.43637e-05
8.05231e-05
6.60552e-05
5.73211e-05
8.91591e-05
7.5652e-05
6.15384e-05
5.30304e-05
8.63665e-05
7.22872e-05
5.75028e-05
4.85622e-05
8.71684e-05
7.18918e-05
5.5763e-05
4.59796e-05
8.44641e-05
6.89458e-05
5.26547e-05
4.28832e-05
7.66311e-05
6.0735e-05
4.39432e-05
3.38344e-05
7.40735e-05
5.60386e-05
3.69034e-05
2.54231e-05
7.78058e-05
5.70526e-05
3.50415e-05
2.19401e-05
0.000155359
0.000132787
0.000108544
9.36335e-05
0.000160171
0.000133592
0.000104468
8.61397e-05
0.000184248
0.000149324
0.000110319
8.52681e-05
0.000216334
0.0001727
0.000123546
9.17146e-05
