FiniteElementSpace
FiniteElementCollection: H1_2D_P2
VDim: 2
Ordering: 0

0
1.10871
2.16792
3.07533
3.75328
4.16417
4.33847
4.36904
4.35991
0
0.87733
1.68305
2.36821
2.88271
3.20163
3.34271
3.36822
3.35988
0.551842
0.999503
0.446793
0
1.65156
1.94049
1.29166
2.64606
2.74384
2.04419
3.44665
3.34342
2.64918
3.992
3.70572
3.06665
4.27609
3.85528
3.29139
4.36473
3.87385
3.36477
4.36426
3.86042
3.36374
0.501928
1.48242
2.36397
3.07228
3.55427
3.803
3.87451
3.86578
0.272551
0.527644
0.250793
0
1.38269
1.56948
1.24344
1.05593
2.41246
2.50884
2.15714
2.05738
3.26872
3.26421
2.91491
2.91395
3.88116
3.778
3.45643
3.55327
4.22708
4.04355
3.76064
3.93951
4.35522
4.12187
3.86821
4.10009
4.36708
4.1154
3.87003
4.12267
0.831175
0.751903
0.939825
0.663784
0.474805
0.226428
0
1.91381
1.71518
1.81623
1.49069
1.39002
1.08691
2.86742
2.55988
2.56294
2.21124
2.20987
1.86785
3.60835
3.21528
3.12118
2.77207
2.86847
2.51439
4.08612
3.6372
3.46076
3.1401
3.31837
2.98091
4.31268
3.83406
3.60316
3.32133
3.55296
3.2518
4.36877
3.87585
3.62229
3.36814
3.62223
3.35675
4.36169
4.1102
3.86223
3.61017
3.36142
3.61511
3.36635
0.26087
1.31522
2.28831
3.09639
3.67372
3.99818
4.11446
4.11932
0.793022
0.708499
0.240188
1.81733
1.60667
1.16738
2.71775
2.39194
2.01764
3.41667
3.00167
2.72203
3.86641
3.39622
3.22676
4.07701
3.58268
3.5127
4.12404
3.62388
3.61584
4.11207
3.61192
3.61893
0.133395
0.266546
0.128645
0
1.24626
1.3495
1.18612
1.08281
2.29152
2.3512
2.17407
2.1134
3.17397
3.18359
3.00695
2.99563
3.81943
3.77854
3.61553
3.65438
4.1975
4.11362
3.97058
4.05287
4.34787
4.23549
4.10826
4.22003
4.36823
4.24335
4.12115
4.24613
0.691598
0.812526
0.660591
0.540056
0.627137
0.730477
0.591834
0.488625
0.125198
0.245655
0.121484
0
1.78364
1.86625
1.6943
1.61114
1.59965
1.66178
1.49916
1.43692
1.12201
1.20595
1.05414
0.970058
2.7584
2.79352
2.61482
2.57833
2.46335
2.47731
2.30222
2.2882
2.04997
2.08854
1.91801
1.87936
3.52964
3.5136
3.3424
3.35649
3.14561
3.1102
2.93674
2.97205
2.83103
2.82007
2.64401
2.6549
4.04119
3.97734
3.82416
3.8861
3.59756
3.51835
3.35898
3.43803
3.40181
3.34334
3.1757
3.23405
4.29587
4.19569
4.06168
4.16075
3.81985
3.70951
3.56905
3.67928
3.73482
3.63811
3.48824
3.5848
4.36732
4.24681
4.1235
4.24383
3.8757
3.75034
3.62355
3.74901
3.86268
3.74283
3.61038
3.73019
4.36286
4.23686
4.1136
4.23987
3.86386
3.73713
3.61338
3.74057
3.87208
3.7447
3.62075
3.74841
0.412194
0.394291
0.514899
0.376412
0.255883
0
1.51789
1.44307
1.52659
1.36363
1.27986
1.02814
2.53076
2.39995
2.43744
2.26185
2.22367
1.99979
3.35974
3.18218
3.16956
2.99535
3.00691
2.83009
3.93877
3.72787
3.66748
3.50723
3.56644
3.44971
4.25328
4.02245
3.92436
3.78331
3.88059
3.82387
4.36077
4.11893
3.99878
3.87209
3.99206
3.97854
4.36568
4.11736
3.99072
3.86789
3.9949
3.99859
0.97031
0.924846
0.876078
0.772762
0.824555
0.908914
0.770989
0.686249
0.555707
0.460758
0.35761
0.336981
0.233678
0.115397
0
2.04201
1.93842
1.82884
1.767
1.71239
1.75088
1.58772
1.5497
1.39192
1.34165
1.27938
1.18992
1.12772
0.982645
2.97319
2.81751
2.6534
2.63994
2.47887
2.46755
2.29098
2.3034
2.12888
2.12867
2.11495
1.95708
1.94419
1.77641
3.68301
3.48698
3.28122
3.31732
3.06314
3.00428
2.82888
2.88917
2.71208
2.76104
2.79685
2.58318
2.62032
2.44263
4.12716
3.90483
3.67321
3.75311
3.4301
3.3332
3.17228
3.27031
3.10485
3.19477
3.27428
3.02528
3.10616
2.93332
4.32683
4.08974
3.8458
3.95651
3.59399
3.47405
3.333
3.45336
3.30748
3.42377
3.53421
3.27284
3.38406
3.22806
4.36926
4.1237
3.87517
4.00041
3.6234
3.49554
3.3685
3.49646
3.36694
3.49416
3.61973
3.36142
3.48717
3.35056
4.36066
4.235
4.11092
3.98536
3.86106
3.98721
3.73535
3.61083
3.48497
3.36051
3.48664
3.36246
3.48945
3.61701
3.36505
3.49278
3.36744
0.130523
1.2167
2.23357
3.09146
3.71857
4.08505
4.22876
4.2449
0.676474
0.609735
0.123467
1.73961
1.55018
1.08854
2.68751
2.38413
1.98506
3.43709
3.04287
2.73908
3.93375
3.47995
3.29051
4.17966
3.69567
3.61303
4.24588
3.75018
3.73742
4.23825
3.73871
3.74669
0.403426
0.385384
0.126951
1.48105
1.40393
1.15454
2.4662
2.33189
2.11292
3.272
3.09005
2.92022
3.83441
3.6189
3.51003
4.13882
3.90401
3.85391
4.24044
3.99617
3.98626
4.24161
3.9928
3.99689
0.948032
0.900829
0.644082
0.850644
0.797991
0.573781
0.367276
0.347304
0.119241
1.99092
1.88443
1.64767
1.77155
1.6512
1.44646
1.32212
1.23534
1.01885
2.8963
2.73662
2.54017
2.56759
2.38682
2.21728
2.18961
2.03757
1.84856
3.58608
3.38546
3.24533
3.17392
2.94834
2.82668
2.89774
2.6922
2.54537
4.01704
3.7903
3.71219
3.55326
3.30328
3.23413
3.39249
3.15209
3.05685
4.20909
3.96869
3.9418
3.72095
3.46473
3.43975
3.66013
3.40524
3.36007
4.24682
3.99983
4.00013
3.74969
3.49631
3.4958
3.74663
3.49134
3.48147
4.23577
3.98604
3.98883
3.73599
3.48564
3.48793
3.74262
3.49111
3.4943
0
0.13156
0.538633
1.22596
2.13517
3.17456
4.2455
5.28709
6.29433
1
1.10194
1.40955
1.92835
2.62173
3.44149
4.34307
5.29909
6.29105
0.0397867
0.58794
1.0331
0.5
0.297965
0.946904
1.22782
0.850018
1.55537
1.64443
1.65793
2.36465
2.25611
2.64512
3.30227
3.0189
3.71122
4.29326
3.88421
4.77149
5.29307
4.81534
5.79344
6.29258
5.79219
0.508
0.734359
1.22233
1.93901
2.82246
3.79487
4.79321
5.79275
0.0208203
0.268252
0.492398
0.25
0.205374
0.51044
0.652771
0.35394
0.685814
1.0311
1.07704
0.737301
1.43557
1.79444
1.74137
1.38609
2.38688
2.73077
2.59017
2.24641
3.44267
3.75071
3.54747
3.23578
4.50975
4.78045
4.54319
4.26726
5.54125
5.79213
5.54291
5.28853
0.0764772
0.539836
0.836056
1.0604
0.762347
1.01952
0.75
0.409172
0.832517
1.16982
1.31184
0.972244
1.15779
1.0304
1.38204
1.73533
1.78057
1.42575
1.52058
1.89164
2.14718
2.48973
2.43458
2.09244
2.08711
2.90821
3.06022
3.37175
3.22737
2.91896
2.81677
3.97912
4.04367
4.31991
4.11182
3.84062
3.66061
5.03058
5.04318
5.29765
5.0559
4.80616
4.57766
6.04422
6.29311
6.04263
6.29211
6.04123
5.7934
5.54464
0.250472
0.423286
0.876142
1.58416
2.48528
3.49259
4.52445
5.54079
0.302359
0.791413
0.747835
0.61523
1.06351
0.896359
1.20139
1.57418
1.29075
2.01565
2.28657
1.90838
2.98141
3.14291
2.70088
4.00917
4.07923
3.60458
5.03513
5.05132
4.5623
6.04278
6.04252
5.54506
0.013125
0.134386
0.248277
0.125
0.166038
0.313007
0.386376
0.24142
0.609975
0.779767
0.804655
0.636718
1.32903
1.50884
1.48352
1.30495
2.26007
2.43522
2.36492
2.1899
3.30846
3.46685
3.36396
3.20438
4.37792
4.51637
4.39599
4.25564
5.41445
5.54054
5.41479
5.28724
0.0558026
0.188088
0.283151
0.15281
0.521925
0.663694
0.77498
0.633205
0.492995
0.618288
0.746768
0.625
0.351181
0.510919
0.56064
0.402896
0.781394
0.946107
1.01599
0.85136
0.618265
0.772607
0.864274
0.710045
0.938177
1.11477
1.11437
0.939391
1.30044
1.47653
1.49835
1.32235
1.01005
1.18212
1.22851
1.05651
1.77341
1.95272
1.90376
1.72521
2.04186
2.21585
2.18832
2.01455
1.64685
1.82355
1.82044
1.64389
2.77614
2.944
2.85553
2.68711
2.94074
3.10119
3.03027
2.87018
2.47649
2.64484
2.59439
2.42633
3.84531
3.99339
3.87994
3.7302
3.91914
4.06154
3.95964
3.81775
3.42454
3.57592
3.48772
3.33678
4.90137
5.03221
4.90796
4.77528
4.91821
5.04745
4.92859
4.79989
4.4182
4.55293
4.44091
4.30673
5.91896
6.04327
5.91753
5.79243
5.91768
6.04267
5.91788
5.79319
5.418
5.54414
5.42123
5.29555
0.0280594
0.257411
0.386497
0.498157
0.369851
0.375
0.249248
0.464634
0.620834
0.691487
0.536446
0.469352
0.765766
0.951645
1.12534
1.14784
0.975151
0.840609
1.54518
1.68785
1.86568
1.83881
1.66162
1.4695
2.51526
2.60729
2.77593
2.70556
2.53695
2.30467
3.57695
3.62155
3.77238
3.67095
3.51957
3.26849
4.64094
4.65261
4.78657
4.6682
4.53353
4.27993
5.66756
5.66656
5.79231
5.66783
5.54169
5.29061
0.10161
0.325933
0.561815
0.419508
0.8118
0.966483
1.07945
0.923463
1.04507
0.895585
0.753413
1.02466
0.881791
1.01295
0.875
0.471574
0.674126
0.887719
0.722338
1.11483
1.28731
1.35907
1.18522
1.26817
1.09753
0.932385
1.19111
1.02455
1.12815
1.12629
1.29199
1.46707
1.29041
1.65323
1.83002
1.8531
1.67537
1.71106
1.53294
1.35654
1.581
1.40338
1.4635
2.01223
2.12992
2.25483
2.08046
2.3871
2.55484
2.52716
2.35942
2.34425
2.17288
1.99911
2.17043
1.99612
2.00646
3.04106
3.10821
3.18079
3.02021
3.25678
3.40676
3.33378
3.18505
3.1224
2.96857
2.80913
2.91702
2.7582
2.71834
4.11255
4.1383
4.1684
4.02606
4.19934
4.33219
4.22701
4.09615
3.99754
3.86293
3.72224
3.77189
3.63294
3.55047
5.15915
5.16199
5.16814
5.03893
5.17435
5.29896
5.17718
5.05428
4.93527
4.81147
4.68406
4.69613
4.57072
4.45996
6.1693
6.29357
6.16794
6.29276
6.1676
6.04261
6.29241
6.1673
6.29171
6.1661
6.04209
5.91657
5.79314
5.66912
5.66819
5.54533
5.42159
0.129303
0.274892
0.706095
1.40523
2.31163
3.33543
4.38622
5.41409
0.168204
0.646505
0.618664
0.454628
0.896767
0.73931
1.02514
1.39776
1.11746
1.83764
2.11399
1.73225
2.81502
2.98505
2.53466
3.86187
3.93944
3.45597
4.90399
4.9236
4.42973
5.91795
5.91788
5.41978
0.141596
0.376124
0.369552
0.355638
0.576489
0.500737
0.857526
1.04834
0.905885
1.61552
1.76223
1.564
2.56044
2.65569
2.41989
3.59848
3.64582
3.39375
4.64607
4.66013
4.40679
5.66664
5.66705
5.41621
0.212454
0.442287
0.400932
0.684863
0.943126
0.907697
0.623801
0.887099
0.877844
0.571595
0.779409
0.669468
0.999393
1.23452
1.13958
0.809983
1.05922
0.993677
1.20805
1.37826
1.20607
1.55863
1.75124
1.60262
1.25046
1.46654
1.34366
2.07017
2.19147
1.97181
2.32002
2.4561
2.265
1.91771
2.08324
1.91171
3.07384
3.14393
2.89749
3.21848
3.2953
3.07611
2.75673
2.86258
2.6556
4.12467
4.15301
3.89916
4.18399
4.21385
3.97917
3.69655
3.7475
3.51934
5.15995
5.16485
4.91284
5.17144
5.1764
4.93263
4.67633
4.69083
4.45116
6.16844
6.16768
5.91749
6.16753
6.16686
5.9175
5.66861
5.66907
5.42195
