FiniteElementSpace
FiniteElementCollection: H1_2D_P2
VDim: 2
Ordering: 0

0
0.00653468
0.000288373
-0.0150272
-0.0262141
-0.0243476
-0.0132743
-0.00202785
0.00705915
0
-0.00637297
-0.0144788
-0.0233869
-0.0270674
-0.0217208
-0.0107271
-0.000336192
0.00818259
0.0043457
0.000961425
-0.00317285
0
0.00516085
-0.00654501
-0.0100888
-0.00699773
-0.0197091
-0.0191635
-0.0219551
-0.0278327
-0.0262645
-0.0269654
-0.0239019
-0.0254777
-0.0193374
-0.012107
-0.0164975
-0.00730845
-0.00103133
-0.00520813
0.00261343
0.00763577
0.00398632
0.00101633
-0.00159031
-0.0130343
-0.0250653
-0.0273719
-0.0183863
-0.00614937
0.00337968
0.00219547
0.00251756
0.000433152
0
0.0063186
0.00176356
1.37572e-05
0.0036996
-0.00314838
-0.0100983
-0.00967438
-0.00316543
-0.018739
-0.0236935
-0.0226419
-0.0175059
-0.0270429
-0.0273656
-0.0280128
-0.0272288
-0.0220595
-0.0189532
-0.0213209
-0.0242813
-0.0102269
-0.00670305
-0.00903975
-0.0127121
0.000349398
0.00301241
0.00123334
-0.00149494
0.00583335
0.00126596
-0.00214746
-0.00473918
-0.000632016
-0.00159072
0
0.00311264
-0.00380691
-0.0101727
-0.0122119
-0.00533136
-0.00814317
-0.0110358
-0.0164432
-0.0216832
-0.0213884
-0.0159915
-0.0168253
-0.0244922
-0.0268314
-0.027885
-0.0269572
-0.0259987
-0.0250465
-0.0260318
-0.0259664
-0.0231034
-0.0238352
-0.0268372
-0.0265705
-0.0163554
-0.0152642
-0.0114338
-0.013624
-0.0175811
-0.0192362
-0.00457183
-0.00347972
-0.000632751
-0.00268656
-0.00563346
-0.00789972
0.00483198
0.00734644
0.00548663
0.00791104
0.00607048
0.00370683
0.00187135
0.00104911
0.00313694
-0.00646847
-0.0208532
-0.0277331
-0.0218163
-0.00962679
0.000818261
0.0034677
-0.00121782
-0.000223244
-0.000371856
-0.00757458
-0.00351252
-0.0138495
-0.0189316
-0.013022
-0.0258597
-0.0272935
-0.0240877
-0.0261797
-0.0252616
-0.0277305
-0.0158651
-0.0145155
-0.0204937
-0.00399067
-0.00302913
-0.00844755
0.0051653
0.00578687
0.00159203
0.000853936
0.00151951
0.000355131
0
0.00654902
0.0046961
0.00352068
0.00508122
-0.00136482
-0.00483761
-0.00476388
-0.00146594
-0.0169381
-0.0198387
-0.0192314
-0.0163059
-0.0267503
-0.027434
-0.0275912
-0.0267684
-0.0232706
-0.0219651
-0.0231093
-0.0243487
-0.0117366
-0.00992144
-0.0111543
-0.0129948
-0.000819919
0.000591234
-0.000319154
-0.00175064
0.00517527
0.00460848
0.00307615
0.00337268
0.00120115
9.43529e-05
-0.000893101
0.000251131
0.000145898
0.000138872
-9.6037e-05
0
0.0042453
0.0013432
0.000786164
0.00343353
-0.002627
-0.00562295
-0.00640405
-0.00338236
0.000569808
-0.00166625
-0.00277424
-0.000512643
-0.00901062
-0.0124784
-0.0119723
-0.00858015
-0.0147438
-0.0176956
-0.017474
-0.0144996
-0.00807005
-0.0113143
-0.0115735
-0.00830635
-0.0233263
-0.0252226
-0.0248701
-0.0228695
-0.0260369
-0.0271385
-0.0267273
-0.0255962
-0.0212275
-0.023413
-0.0229366
-0.0207252
-0.0266056
-0.0261455
-0.0268695
-0.0272091
-0.0267582
-0.0256864
-0.0261281
-0.0271852
-0.0280253
-0.0279561
-0.0278997
-0.0279418
-0.017867
-0.0161203
-0.0174267
-0.0191642
-0.016839
-0.014909
-0.0160589
-0.0180162
-0.0226658
-0.0209541
-0.0218457
-0.0235633
-0.00591323
-0.00426939
-0.00531942
-0.00699567
-0.00478666
-0.00324522
-0.00430481
-0.00588493
-0.0105565
-0.00874279
-0.00992377
-0.0117782
0.00372381
0.00499866
0.00408928
0.00281604
0.00443307
0.00563955
0.00474637
0.0035487
0.000120003
0.00142065
0.000497467
-0.000822566
0.0033692
0.00182246
0.0017507
0.000740602
0.000733842
0
0.00585987
0.00255039
0.000103775
-0.000708192
0.00159173
0.00234147
-0.00503625
-0.00825497
-0.011576
-0.0113361
-0.00807146
-0.00484703
-0.0204286
-0.0223485
-0.0244273
-0.0239259
-0.0217874
-0.018638
-0.0271226
-0.0276565
-0.0274248
-0.0277914
-0.0279309
-0.0275879
-0.0207418
-0.0204235
-0.0186963
-0.0198874
-0.0216048
-0.0241363
-0.00874437
-0.00814081
-0.00642199
-0.00756944
-0.00933415
-0.0124177
0.00149198
0.00192543
0.00320068
0.00231634
0.00103232
-0.00125558
0.00629836
0.00367959
0.00119031
0.00236662
-0.00163277
-0.00406428
-0.00554669
-0.00279071
-0.00395565
-0.00174154
-0.000414257
-0.00239145
-0.000763956
-0.000720707
0
0.00179016
-0.00169448
-0.00511816
-0.00207523
-0.00883535
-0.0122117
-0.0133326
-0.00974646
-0.0111324
-0.0075373
-0.004367
-0.00909661
-0.0056379
-0.00724161
-0.0130566
-0.0157034
-0.0181051
-0.0151665
-0.0203396
-0.0225781
-0.0224206
-0.020164
-0.0202955
-0.0175409
-0.0145002
-0.0180013
-0.0148471
-0.0156479
-0.0254696
-0.0266499
-0.027431
-0.0263993
-0.0276787
-0.0276146
-0.0270839
-0.0272533
-0.0266771
-0.026239
-0.0251111
-0.0257128
-0.0246454
-0.0242626
-0.0252788
-0.0253112
-0.0250077
-0.0261246
-0.024247
-0.0224978
-0.02283
-0.0246576
-0.0247193
-0.0262851
-0.0273721
-0.0260941
-0.0272885
-0.0268919
-0.0148158
-0.0142877
-0.013682
-0.0155816
-0.0129696
-0.0110795
-0.0121711
-0.0140849
-0.0150696
-0.0170753
-0.0190659
-0.0178906
-0.0199253
-0.0205171
-0.0032746
-0.00271733
-0.00223
-0.00372823
-0.00180687
-0.000467665
-0.00148962
-0.0028389
-0.0039235
-0.0054032
-0.00701632
-0.00653231
-0.00816182
-0.00929841
0.00594161
0.00720077
0.0062491
0.00749222
0.00655139
0.00532835
0.00777559
0.00683904
0.00804559
0.00711811
0.00592947
0.00502756
0.00385295
0.00265857
0.00293689
0.00174392
0.000783654
0.000501685
0.00500073
-0.00309244
-0.0181249
-0.0272161
-0.0232204
-0.0114439
-0.000560586
0.00407694
0.000218264
4.86264e-05
0.00248768
-0.00444168
-0.00101941
-0.0105248
-0.0161063
-0.00977816
-0.0241429
-0.0264528
-0.0221209
-0.0267785
-0.0265202
-0.0280468
-0.0176616
-0.0164746
-0.0223096
-0.00560561
-0.00453764
-0.0102433
0.00390807
0.00459381
0.000317584
0.00252226
0.00126257
0.000247804
0.00417469
0.000938268
0.00205943
-0.0066759
-0.0098002
-0.00641264
-0.0214313
-0.023181
-0.0202645
-0.0274334
-0.0277811
-0.0278659
-0.0206057
-0.0201868
-0.0229281
-0.00843517
-0.00785328
-0.0108597
0.00171388
0.00212651
-9.24295e-05
0.00494988
0.00244105
0.00213087
-0.00014504
-0.00339544
-0.0022477
0.000214397
-0.0012588
-0.000277612
2.0584e-05
-0.00339486
-0.000904432
-0.00691605
-0.0109525
-0.00860689
-0.00245589
-0.00654852
-0.00481272
-0.0144168
-0.0169294
-0.0133728
-0.0192411
-0.0214041
-0.0188686
-0.0128943
-0.0161939
-0.0135147
-0.0261053
-0.0270959
-0.0255043
-0.027635
-0.027516
-0.0268213
-0.0245752
-0.025506
-0.0236612
-0.0253315
-0.0252076
-0.0268677
-0.0246942
-0.0236365
-0.0255431
-0.0276649
-0.0268672
-0.0275355
-0.0145579
-0.0139973
-0.0171546
-0.013339
-0.0125773
-0.0155897
-0.0195163
-0.0185264
-0.0212546
-0.00298484
-0.00246625
-0.00504726
-0.0020089
-0.00163042
-0.00409591
-0.00728892
-0.00675957
-0.0096046
0.00609478
0.00640176
0.00426469
0.00669733
0.00697829
0.00489063
0.00249422
0.00280706
0.000655049
0
0.014435
0.0356428
0.0500084
0.0516133
0.0464767
0.0431635
0.0428637
0.0423615
0
0.00841364
0.0236885
0.0385972
0.0486364
0.0531601
0.05367
0.0523142
0.0511178
0.00616792
0.0107562
0.00299513
0
0.0250274
0.0302528
0.0156753
0.0443632
0.0453285
0.0315618
0.052252
0.0507459
0.0443475
0.0492438
0.0498824
0.0515138
0.0443188
0.0483572
0.0537979
0.0428361
0.0475974
0.0530675
0.0427796
0.0467734
0.0516574
0.0031684
0.0203836
0.0388894
0.0492001
0.050683
0.0490098
0.0479247
0.0472518
0.00347517
0.00446869
0.000741971
0
0.019586
0.0226219
0.0154311
0.0124529
0.0403329
0.0416606
0.0347987
0.0329265
0.0515415
0.0508387
0.0475838
0.0477472
0.0505594
0.0501188
0.0508601
0.0513178
0.0452816
0.0468074
0.049428
0.0483389
0.0429226
0.0454286
0.0481198
0.0458636
0.0428577
0.0450045
0.0474342
0.0452318
0.00987528
0.00659449
0.00937696
0.00539309
0.00255061
0.00144804
0
0.0304672
0.0253907
0.0273258
0.0196475
0.0181477
0.0118886
0.0476113
0.0424214
0.0424407
0.0352186
0.0357031
0.0276916
0.0522314
0.0502271
0.0498702
0.0466759
0.0471399
0.0416501
0.0478344
0.0503252
0.051375
0.0524773
0.0510831
0.0502421
0.043616
0.0486513
0.0508751
0.0538129
0.0512224
0.0535906
0.042838
0.0477558
0.0499599
0.0526907
0.0504341
0.0534078
0.042611
0.0445731
0.0470353
0.0489615
0.0513845
0.0494858
0.0519655
0.00173798
0.0173942
0.0375735
0.0496596
0.0508578
0.047509
0.0455977
0.0451355
0.00806516
0.00560796
0.000458179
0.0278768
0.022769
0.0136237
0.0450743
0.0393128
0.0316765
0.0513557
0.0487298
0.0450515
0.0492392
0.0513092
0.050629
0.0462597
0.0510649
0.0513336
0.0453188
0.0501978
0.0506623
0.0448194
0.0492374
0.0497235
0.00210195
0.00252795
0.000781625
0
0.0169503
0.0184565
0.0148706
0.0134079
0.0380634
0.0389383
0.0353114
0.0342641
0.0508873
0.0506121
0.0487982
0.0488823
0.0511334
0.0507497
0.0511318
0.0514995
0.0458536
0.0464506
0.0479106
0.0474627
0.0430196
0.0442897
0.0457163
0.044553
0.0428676
0.0439928
0.0451866
0.0440484
0.00789294
0.00893239
0.00615505
0.0052858
0.00477781
0.00602769
0.00397909
0.00275594
0.000138534
0.000498334
-1.59724e-05
0
0.0277643
0.0291464
0.0252613
0.0237946
0.0228936
0.0241138
0.0204569
0.0192763
0.0130453
0.0145115
0.0114553
0.0100221
0.0460954
0.0463405
0.0434573
0.0430032
0.0407295
0.0409498
0.0375634
0.0373742
0.0325743
0.0333057
0.0295341
0.0288426
0.0523306
0.05182
0.0511742
0.0515643
0.0497819
0.0495344
0.0479932
0.0482384
0.0465368
0.0463952
0.0438102
0.0439671
0.0485425
0.0485889
0.0496884
0.0497286
0.0505198
0.0508162
0.0512197
0.0508947
0.0508459
0.0507708
0.0502916
0.0503496
0.0439344
0.0449853
0.0465139
0.045616
0.0488224
0.0498381
0.0511484
0.050096
0.049653
0.0503637
0.0513649
0.050618
0.04283
0.0440871
0.0453687
0.0441512
0.0478381
0.0489728
0.0503166
0.0491707
0.0482323
0.0493776
0.0507712
0.0495986
0.0427069
0.0437145
0.0449196
0.0438881
0.0471486
0.0481403
0.0493638
0.0483726
0.0475173
0.0485814
0.0498415
0.0487785
0.00468015
0.00299051
0.00375221
0.00181708
0.00115849
0
0.0222866
0.0199888
0.0214904
0.0178876
0.0163881
0.0115675
0.0424434
0.0396955
0.0403014
0.0369077
0.0362051
0.0315995
0.0520005
0.0503377
0.0500578
0.0484686
0.0486596
0.0465736
0.0499259
0.0505142
0.0504317
0.0508003
0.0508926
0.0510678
0.0447684
0.0471398
0.047927
0.0492124
0.0484901
0.0491354
0.0428639
0.0455034
0.046682
0.048018
0.0468672
0.0471222
0.0428295
0.0450757
0.0461277
0.0473463
0.0462846
0.0464153
0.0120556
0.0101729
0.00859757
0.00728027
0.00742195
0.00883205
0.00684567
0.00537718
0.00411745
0.00260455
0.00137791
0.00210759
0.000751727
0.00081727
0
0.0331042
0.0304407
0.0278511
0.0266331
0.0250644
0.0256305
0.0216659
0.0212975
0.017647
0.0169574
0.0158635
0.0137545
0.0127507
0.0101097
0.0489237
0.0465061
0.0439547
0.0437798
0.0409383
0.0406772
0.0369426
0.0374306
0.0334182
0.0337938
0.0337356
0.029646
0.0298316
0.0256993
0.0519917
0.0513984
0.0505431
0.050829
0.0493511
0.0493053
0.0476996
0.0477895
0.0455555
0.0458614
0.0461586
0.0430415
0.043493
0.0401633
0.0471419
0.0487851
0.050109
0.04981
0.0513582
0.0522089
0.0528517
0.0518523
0.0520318
0.0512834
0.0508885
0.0509172
0.0504524
0.049481
0.04336
0.0460437
0.0484965
0.0474706
0.0509735
0.0522216
0.0537587
0.0523768
0.0538272
0.0524419
0.051285
0.0537201
0.0523945
0.053405
0.0428516
0.0452746
0.0476763
0.04654
0.0500788
0.0511381
0.0525003
0.0514346
0.0528811
0.0517279
0.0505497
0.0532447
0.0519978
0.0535512
0.0424948
0.0434695
0.0447032
0.0456733
0.0469102
0.0459273
0.047871
0.0491042
0.0500466
0.0512539
0.0503208
0.0515178
0.0505827
0.0496053
0.0518063
0.0508526
0.0521352
0.00130925
0.0158763
0.0366694
0.04985
0.0511696
0.0469374
0.0444027
0.0440251
0.00698911
0.00428932
-9.66516e-06
0.026485
0.021698
0.0122202
0.0447703
0.0392274
0.0311155
0.0517743
0.0489501
0.0452541
0.049165
0.0508748
0.0506026
0.0452746
0.049965
0.0504946
0.044113
0.049071
0.0494861
0.0438106
0.0482602
0.0486808
0.00379279
0.00232604
0.000400783
0.0211062
0.01892
0.0139274
0.0410572
0.0383244
0.0339575
0.0511835
0.0494412
0.0477043
0.0502639
0.0506894
0.0510236
0.0460084
0.0481961
0.0488049
0.0442079
0.0467676
0.0469844
0.0439482
0.0462106
0.0463521
0.0110785
0.00934223
0.00540915
0.00795055
0.00703883
0.00389796
0.00148582
0.00155704
0.000192674
0.0317493
0.0291507
0.0240711
0.026502
0.0234727
0.0191204
0.0168732
0.0148295
0.0107477
0.0477153
0.0452644
0.0421227
0.0425298
0.0391037
0.0356556
0.0353953
0.0318469
0.0277536
0.0517246
0.0510075
0.050516
0.049996
0.048595
0.0468774
0.047387
0.0447312
0.0421385
0.048017
0.0494733
0.0501334
0.0507274
0.0520541
0.0515969
0.0508632
0.0509032
0.0499206
0.0447456
0.0472835
0.0476849
0.049716
0.0523092
0.052422
0.0502297
0.0524338
0.0523208
0.0440675
0.0464771
0.0466074
0.0488756
0.0512857
0.0515828
0.0492727
0.0518672
0.0521169
0.0436001
0.0458067
0.0460338
0.048011
0.0501871
0.0504516
0.0484792
0.0507158
0.0509934
