FiniteElementSpace
FiniteElementCollection: L2_2D_P3
VDim: 1
Ordering: 0

0.00560353
0.00406447
0.0068735
0.00977437
0.00249188
0.00247075
0.005173
0.00806082
0.000904083
0.00129843
0.00329012
0.00547702
0.000729758
0.000870927
0.00210267
0.00346782
0.0094922
0.00943485
0.00945648
0.00954712
0.00743389
0.00738493
0.00740373
0.00748164
0.00507933
0.00504072
0.0050556
0.00511716
0.00354816
0.00351855
0.00353035
0.00357816
0.00873692
0.0085515
0.00839029
0.00832771
0.00684277
0.00669078
0.00656193
0.00651556
0.00467326
0.00456131
0.00447031
0.00444206
0.00326217
0.00317925
0.00311377
0.00309578
0.00655331
0.00635706
0.00615384
0.00603756
0.00509125
0.00493139
0.00476853
0.00467775
0.00343211
0.00331614
0.00320135
0.00314051
0.00236667
0.00228184
0.00219982
0.00215829
0.00411429
0.00393322
0.00372653
0.00358989
0.00314905
0.00300499
0.00284284
0.00273753
0.00207933
0.00197891
0.00186889
0.00179998
0.00141277
0.00134211
0.00126689
0.00122178
0.00181316
0.00168001
0.0015201
0.00140767
0.00136607
0.00126354
0.00114203
0.00105788
0.000892138
0.000824027
0.000745537
0.000692981
0.000615208
0.000569048
0.000517814
0.000485168
0.000386416
0.000336716
0.000277565
0.000236504
0.000292531
0.000254836
0.000210697
0.000180612
0.000203832
0.000178623
0.000150157
0.000131581
0.000162598
0.000144382
0.000124769
0.00011275
1.46627e-05
1.05766e-05
6.29491e-06
3.79475e-06
1.37541e-05
1.02556e-05
6.64718e-06
4.56932e-06
1.63646e-05
1.30863e-05
9.76877e-06
7.88621e-06
2.15001e-05
1.78744e-05
1.42323e-05
1.21741e-05
0.00864337
0.00875593
0.00899088
0.00923853
0.00686412
0.0069143
0.0070574
0.00722655
0.00478988
0.00478334
0.00483757
0.00492697
0.00341532
0.00338266
0.00339024
0.00343408
2.58104e-05
3.49451e-05
3.9109e-05
3.62918e-05
0.000180785
0.000182644
0.000168071
0.000144694
0.00107759
0.00106536
0.00101528
0.000951634
0.00233968
0.00232135
0.00224554
0.00214742
0.00107722
0.000569601
0.000219151
8.90308e-05
0.0010954
0.000618524
0.000342122
0.000285175
0.00108576
0.000745174
0.000864368
0.00118868
0.00124053
0.000987098
0.00159285
0.00243717
0.00941431
0.00927389
0.00918298
0.00918352
0.00738023
0.00726458
0.00719288
0.00719816
0.00504974
0.00496363
0.00491388
0.00492333
0.00353191
0.00346777
0.00343251
0.00344229
4.30209e-05
4.87874e-05
5.04814e-05
4.7415e-05
0.000120958
0.000134576
0.000137991
0.000129686
0.000897487
0.000921693
0.000920881
0.000895691
0.00209402
0.0021252
0.00211474
0.0020681
3.61256e-05
4.15498e-05
4.198e-05
3.72314e-05
0.000118021
0.000128492
0.000126601
0.00011333
0.000904051
0.000928279
0.000925175
0.000896224
0.00210993
0.0021509
0.00214958
0.00210642
0.00771623
0.00751759
0.00732502
0.00722744
0.00602515
0.00586263
0.00570805
0.00563262
0.00409409
0.00397506
0.00386548
0.0038157
0.00284384
0.002756
0.00267703
0.00264319
6.9951e-05
7.32733e-05
7.44222e-05
7.29228e-05
0.000177678
0.000187812
0.000191312
0.000186611
0.000874886
0.000886334
0.000878986
0.000856666
0.00189651
0.00190121
0.00187257
0.00182486
5.73453e-05
6.19608e-05
6.34576e-05
6.12262e-05
0.000148447
0.000161007
0.000165221
0.000159193
0.000895302
0.000913665
0.000909957
0.000886277
0.00202296
0.00204036
0.00201959
0.0019712
0.0053426
0.00515271
0.00494539
0.00481649
0.00412239
0.00396915
0.00380432
0.00370396
0.00275126
0.00264194
0.00252752
0.00246067
0.00188161
0.00180294
0.00172268
0.00167776
9.9172e-05
0.000102366
0.000105827
0.000108052
0.000224625
0.000230665
0.000233632
0.000232303
0.000774315
0.000773634
0.000760626
0.000741821
0.00152653
0.00151108
0.00147213
0.00142876
8.17308e-05
8.46661e-05
8.65166e-05
8.64892e-05
0.0002023
0.000210229
0.000213225
0.000209991
0.00083337
0.000838498
0.000828064
0.00080736
0.00172745
0.0017215
0.00168718
0.00164142
0.00290766
0.00274375
0.00255046
0.00241737
0.00220675
0.00207849
0.00192925
0.00182811
0.00144432
0.00135719
0.00125852
0.00119386
0.000981189
0.000921277
0.000855617
0.000814504
0.000158398
0.000159971
0.000164304
0.000169501
0.00026236
0.000262299
0.000262559
0.000263207
0.000607027
0.000594206
0.00057516
0.000559164
0.00104593
0.00101406
0.000968151
0.000930252
0.000126192
0.000129321
0.000134179
0.000138644
0.0002464
0.000250069
0.00025258
0.000252967
0.000699695
0.000693056
0.000677316
0.000660284
0.00129837
0.00127397
0.0012309
0.00119007
0.000948124
0.000856638
0.000746394
0.000668659
0.00071211
0.00064252
0.000559831
0.000502438
0.000471605
0.000425841
0.000373124
0.00033786
0.000340267
0.00030898
0.000274461
0.000252632
0.000177779
0.000171554
0.00016716
0.000166551
0.000226752
0.000217202
0.000208123
0.000203693
0.000360277
0.000340107
0.000317103
0.000302002
0.000518679
0.000485184
0.000445074
0.000417124
0.000181294
0.000179344
0.000180181
0.000183449
0.000259647
0.0002546
0.000250404
0.000249104
0.000492627
0.000474595
0.000452442
0.000436714
0.000778658
0.00074308
0.000697547
0.000663649
0.000107633
8.84232e-05
6.63377e-05
5.16546e-05
8.47604e-05
6.9908e-05
5.3169e-05
4.22904e-05
6.79834e-05
5.72435e-05
4.56264e-05
3.84441e-05
6.56827e-05
5.67572e-05
4.75023e-05
4.20942e-05
8.96146e-05
8.12118e-05
7.25913e-05
6.75826e-05
9.73552e-05
8.77509e-05
7.75992e-05
7.14547e-05
0.000116875
0.000104214
9.02865e-05
8.1423e-05
0.000138991
0.000122829
0.000104631
9.27377e-05
0.000142712
0.000133854
0.000125579
0.000121563
0.000166378
0.000155078
0.00014358
0.000137085
0.000227141
0.000209127
0.000189119
0.000176313
0.000297183
0.000271194
0.000241216
0.000221123
1.73975e-07
6.30121e-08
2.49893e-08
7.17429e-08
7.5068e-07
4.48902e-07
1.89211e-07
8.36587e-08
2.44947e-06
1.73734e-06
1.04141e-06
6.64086e-07
4.4921e-06
3.30941e-06
2.14332e-06
1.49572e-06
1.02579e-05
7.89002e-06
5.44795e-06
4.00266e-06
9.91783e-06
7.55091e-06
5.10818e-06
3.66713e-06
9.54547e-06
7.13969e-06
4.66092e-06
3.21116e-06
9.30641e-06
6.84474e-06
4.32032e-06
2.86082e-06
4.05112e-05
3.4891e-05
2.89117e-05
2.52268e-05
4.15594e-05
3.56228e-05
2.92451e-05
2.52733e-05
4.46723e-05
3.79176e-05
3.05569e-05
2.59069e-05
4.83009e-05
4.06151e-05
3.2164e-05
2.67823e-05
0.0081324
0.00811193
0.00822838
0.00840332
0.00668196
0.00663069
0.00664267
0.00671052
0.00476195
0.00472084
0.00471729
0.00475314
0.00333366
0.00335111
0.00339798
0.00345694
0.0025752
0.00262153
0.00271591
0.00279768
0.00143462
0.00147847
0.00156305
0.00164518
0.000446333
0.000469571
0.000514361
0.000560115
8.21401e-05
9.10206e-05
0.000105789
0.000117468
0.000723292
0.000730279
0.00162381
0.00264266
0.000773552
0.000593452
0.000970748
0.00152434
0.000928842
0.00054666
0.000429442
0.000525153
0.00104076
0.000567257
0.000247133
0.000147295
0.00954193
0.00943887
0.00940005
0.00944339
0.0074783
0.0073927
0.00736302
0.00740292
0.00511541
0.00505073
0.00503108
0.0050655
0.00357713
0.0035286
0.00351532
0.00354338
0.00285719
0.00281592
0.00280538
0.0028304
0.0016887
0.00165783
0.00165168
0.00167304
0.000600093
0.000585093
0.000583399
0.000595762
0.000141465
0.000140675
0.000141223
0.000142886
0.00283272
0.00280689
0.00281682
0.00285797
0.00167166
0.00165051
0.00165733
0.00168901
0.000590816
0.000579771
0.00058331
0.000599854
0.000137429
0.000137444
0.000138755
0.000140865
0.00825442
0.00805941
0.00787871
0.00779577
0.00645682
0.00629712
0.00615227
0.00608902
0.00440026
0.00428294
0.00418034
0.00413958
0.00306513
0.00297836
0.00290438
0.00287715
0.00244091
0.00236853
0.00230821
0.00228756
0.00143397
0.00138479
0.00134738
0.00133869
0.000511194
0.000489381
0.000475169
0.000474838
0.000139347
0.000135886
0.000133379
0.000132929
0.00260166
0.00253232
0.00247893
0.00246595
0.00153328
0.00148557
0.00145247
0.00144896
0.000547662
0.000526275
0.000513811
0.000515781
0.000143258
0.000140311
0.000138405
0.000138383
0.00595141
0.00575818
0.00555251
0.00542948
0.00460876
0.00445199
0.0042877
0.00419166
0.00309191
0.00297901
0.00286396
0.00279967
0.00212329
0.0020413
0.00195976
0.00191614
0.00167559
0.00160836
0.00154286
0.00150915
0.00096594
0.000922756
0.000883795
0.000866736
0.00034196
0.000324713
0.000311748
0.000308796
0.000118626
0.000116341
0.000115547
0.000116586
0.00187229
0.00180232
0.00173603
0.00170383
0.0010845
0.00103878
0.000998674
0.00098238
0.000382919
0.000363918
0.000349731
0.000346628
0.000122064
0.000119082
0.000117296
0.000117485
0.00350387
0.00332988
0.00312768
0.00299091
0.00267044
0.00253315
0.00237575
0.00227104
0.00175473
0.00166026
0.00155483
0.00148709
0.00119069
0.00112499
0.00105391
0.00101021
0.000935629
0.000883439
0.00082833
0.000795678
0.000541752
0.000510997
0.000481223
0.000466019
0.000222102
0.00021222
0.000205821
0.000205738
0.000136971
0.000136961
0.000140156
0.00014512
0.00110944
0.00105282
0.00099395
0.000959905
0.000637639
0.000603541
0.000570904
0.000554602
0.000244554
0.000233021
0.000225052
0.000224175
0.000127651
0.000127449
0.000130059
0.000134307
0.00134546
0.00123232
0.00109596
0.000999742
0.00101129
0.000924767
0.000821887
0.000750387
0.000663132
0.000606072
0.000540178
0.000495953
0.000465385
0.000426706
0.0003838
0.000356479
0.000378826
0.000348496
0.000315851
0.000295932
0.00024873
0.000231033
0.000213828
0.00020497
0.000164005
0.000156767
0.000152057
0.000151953
0.000167152
0.000163001
0.000161626
0.000163606
0.000492831
0.000456727
0.000417791
0.000393975
0.000307873
0.00028718
0.000266988
0.000256532
0.000176772
0.000169514
0.00016519
0.000165711
0.000165114
0.000162626
0.000163372
0.000166992
0.000216617
0.000184055
0.000145826
0.00011973
0.000166161
0.000141333
0.000112703
9.3554e-05
0.0001221
0.000105032
8.61088e-05
7.40386e-05
0.000105711
9.2665e-05
7.88687e-05
7.0605e-05
9.91646e-05
8.78966e-05
7.62583e-05
6.95147e-05
8.86267e-05
7.9978e-05
7.15219e-05
6.70262e-05
9.2374e-05
8.48932e-05
7.78726e-05
7.43959e-05
0.000109086
0.000100725
9.26527e-05
8.84357e-05
0.000145371
0.000130259
0.00011445
0.000105148
0.000119117
0.000108572
9.8343e-05
9.30247e-05
0.000113578
0.000105806
9.89588e-05
9.60452e-05
0.000132049
0.000123874
0.000116518
0.000113224
2.94102e-06
1.78805e-06
7.37645e-07
2.63551e-07
3.85252e-06
2.63349e-06
1.48276e-06
9.06811e-07
6.93107e-06
5.34426e-06
3.78358e-06
2.92569e-06
1.08314e-05
8.67601e-06
6.52165e-06
5.30248e-06
1.24722e-05
1.0087e-05
7.65433e-06
6.23245e-06
1.46535e-05
1.20002e-05
9.25824e-06
7.62369e-06
1.82687e-05
1.50735e-05
1.17271e-05
9.69754e-06
2.1677e-05
1.79093e-05
1.39281e-05
1.14897e-05
2.37782e-05
2.00148e-05
1.61918e-05
1.3986e-05
2.66147e-05
2.27172e-05
1.87288e-05
1.63943e-05
3.24232e-05
2.79112e-05
2.32172e-05
2.04031e-05
3.85882e-05
3.3257e-05
2.76247e-05
2.41825e-05
0.00927128
0.0092577
0.00933528
0.00946825
0.00725484
0.0072405
0.00730317
0.00741402
0.00494948
0.00493517
0.0049806
0.00506492
0.00345186
0.00343983
0.00347362
0.00353776
0.00275528
0.0027432
0.00277026
0.00282418
0.00162175
0.00160915
0.0016265
0.00166588
0.000566803
0.000559891
0.000568332
0.000588368
0.000130534
0.000131916
0.000134356
0.000137186
0.00274773
0.00271316
0.00271018
0.00274056
0.00161437
0.00158841
0.00158704
0.00161094
0.000551775
0.000541997
0.000545633
0.000561189
0.000119702
0.000122084
0.000125446
0.000129245
3.57936e-05
4.14116e-05
4.17559e-05
3.6645e-05
0.000139516
0.000145766
0.000137988
0.000120104
0.000941314
0.000957267
0.000943453
0.000906396
0.00213632
0.00217024
0.00216035
0.00211056
0.00300122
0.00304788
0.00304359
0.0029896
0.00509322
0.00515652
0.00516564
0.00511593
0.0090392
0.0091524
0.00920607
0.00917427
0.0131893
0.0133641
0.0134816
0.0134852
0.00320277
0.00318942
0.00311412
0.0030092
0.00518153
0.00520643
0.00517205
0.0050936
0.00866783
0.00883525
0.00897226
0.00901163
0.0121288
0.0124974
0.0128933
0.0131257
2.76401e-05
3.3766e-05
3.29345e-05
2.56013e-05
0.000197576
0.000206066
0.000205781
0.000196479
0.00110649
0.00113232
0.00114875
0.00114562
0.00247058
0.00246843
0.00247407
0.00246953
0.0033641
0.00338469
0.00337184
0.00333499
0.00544277
0.00541293
0.00532421
0.00521988
0.00840052
0.00848314
0.0085324
0.00852176
0.0106671
0.0110325
0.0114914
0.0117882
0.00128865
0.00117871
0.00218099
0.00343777
0.00143909
0.00160218
0.00378622
0.00650983
0.00448437
0.00329119
0.00653812
0.0106903
0.0119686
0.00599277
0.00910778
0.0133603
0.00913481
0.00896704
0.00883524
0.00880024
0.00715954
0.00702184
0.006917
0.00689331
0.00489611
0.0047943
0.0047207
0.00470911
0.00342238
0.00334683
0.00329413
0.00328845
0.00273217
0.0026688
0.0026259
0.00262312
0.00161353
0.00156924
0.00154275
0.00154605
0.000576277
0.00055617
0.00054644
0.000551393
0.000144775
0.000142557
0.0001415
0.000142079
0.00282106
0.00276701
0.00273842
0.0027484
0.00166762
0.00162891
0.00161143
0.0016231
0.000594491
0.00057651
0.000570399
0.000578868
0.00014397
0.000142509
0.000142324
0.000143506
5.00035e-05
5.5329e-05
5.70649e-05
5.45043e-05
0.000133515
0.000146929
0.000151087
0.000144125
0.00089799
0.000919592
0.000917563
0.000893179
0.00206605
0.00209036
0.00207449
0.00202658
0.00291152
0.00293382
0.00290644
0.0028432
0.00494906
0.00495513
0.00489893
0.00480767
0.00878878
0.00875964
0.00864019
0.00848766
0.0128176
0.0127422
0.0125487
0.0123294
0.00296446
0.00299666
0.00297788
0.0029177
0.00506554
0.00508793
0.00504832
0.00496592
0.00904928
0.00904964
0.00896244
0.00882951
0.0132526
0.0132205
0.0130759
0.012888
3.80042e-05
4.37586e-05
4.49569e-05
4.11149e-05
0.000114121
0.000126922
0.000128527
0.000118258
0.000896934
0.000922507
0.000921915
0.000895589
0.00210683
0.00214419
0.00213929
0.00209469
0.0029902
0.00303224
0.00302318
0.00296774
0.00512473
0.0051651
0.00514556
0.00507561
0.00919102
0.00922655
0.00918069
0.00907547
0.0135002
0.0135223
0.0134427
0.0132996
0.00299121
0.00304113
0.00304079
0.00299036
0.00512269
0.00518051
0.00518211
0.00512671
0.00919023
0.00926526
0.00926871
0.00919893
0.0135091
0.0135967
0.0135999
0.0135173
0.00714433
0.00694588
0.00674652
0.00663836
0.00556584
0.00540375
0.00524372
0.00515953
0.0037682
0.00364995
0.00353671
0.0034805
0.00260852
0.00252157
0.0024402
0.00240178
0.00206869
0.00199663
0.00193057
0.00190078
0.0012044
0.00115661
0.00111614
0.00110133
0.000426165
0.000405707
0.000390785
0.000387993
0.000127503
0.000124037
0.000121583
0.000121215
0.00226037
0.00218731
0.00212301
0.00209692
0.00132241
0.00127333
0.00123361
0.00122123
0.000469748
0.000448294
0.000433304
0.000431402
0.000133708
0.000130066
0.00012736
0.000126777
7.55616e-05
7.85696e-05
7.99195e-05
7.90421e-05
0.000190508
0.000199476
0.000202648
0.000198622
0.00085658
0.00086477
0.000855786
0.00083423
0.00181649
0.00181565
0.00178397
0.00173714
0.00249349
0.00248358
0.0024346
0.00237059
0.00410571
0.00406723
0.00397552
0.00387459
0.00705676
0.00696166
0.00678548
0.00661221
0.0100738
0.00991489
0.00964744
0.00939871
0.00262192
0.00261879
0.00257366
0.00250879
0.00435559
0.00432565
0.00423951
0.00413858
0.00755154
0.00746732
0.00729818
0.00712483
0.0108395
0.0106924
0.0104319
0.010182
6.40471e-05
6.79329e-05
6.91661e-05
6.72434e-05
0.000163556
0.000174938
0.000178844
0.000173515
0.000887816
0.000902702
0.000897151
0.00087414
0.00196591
0.00197671
0.00195168
0.0019034
0.00273659
0.00274104
0.00270062
0.00263538
0.00458445
0.00456448
0.0044856
0.00438579
0.00801647
0.00794593
0.00778719
0.00761612
0.0115708
0.0114398
0.0111914
0.010944
0.00283433
0.00284728
0.00281271
0.0027479
0.00478528
0.00477721
0.00470807
0.00461124
0.00843601
0.00838342
0.00824058
0.00807585
0.0122423
0.0121344
0.011907
0.0116689
0.00472918
0.00454312
0.00433515
0.00420148
0.00363476
0.0034856
0.00332126
0.00321764
0.0024128
0.00230755
0.00219469
0.0021262
0.00164401
0.00156907
0.00149087
0.00144542
0.00129212
0.00123158
0.00116979
0.00113515
0.00074108
0.000703774
0.000668623
0.00065162
0.00027208
0.000258686
0.000248985
0.000247267
0.000121153
0.000120403
0.000122
0.000125222
0.00148149
0.00141742
0.00135345
0.00131895
0.000850938
0.000810591
0.000773316
0.000756049
0.000304705
0.000289367
0.000277947
0.000275495
0.000118142
0.000116648
0.000117039
0.000119133
0.000111512
0.00011479
0.000119077
0.000122506
0.000235699
0.000240678
0.000243558
0.000243183
0.000739007
0.000735395
0.000721084
0.000703221
0.00141572
0.00139571
0.00135463
0.0013125
0.0018786
0.00184562
0.00178495
0.00172592
0.00296397
0.00289717
0.00278933
0.00269191
0.00490534
0.00477543
0.00458041
0.00441282
0.00685034
0.0066543
0.00636978
0.00613156
0.00204558
0.00201801
0.00195994
0.00189954
0.00326765
0.00320739
0.003103
0.00300436
0.0054648
0.00534286
0.00515176
0.0049823
0.00767614
0.0074887
0.00720777
0.00696658
8.9361e-05
9.23953e-05
9.4988e-05
9.60181e-05
0.000213533
0.000220515
0.000223473
0.000221154
0.000805811
0.000808015
0.000796268
0.000776494
0.00163056
0.00161978
0.00158308
0.00153848
0.00220411
0.00218216
0.00212691
0.00206523
0.00355978
0.00350644
0.00340594
0.00330637
0.00601045
0.00589708
0.00571062
0.00553975
0.00848876
0.0083106
0.00803406
0.00779043
0.0023537
0.00233759
0.00228532
0.00222242
0.00383955
0.00379341
0.00369708
0.00359671
0.00654158
0.00643705
0.00625546
0.00608328
0.00928827
0.00911948
0.00884729
0.00860107
0.00233896
0.00218866
0.00200947
0.0018845
0.00176816
0.00165152
0.0015143
0.00142004
0.00115453
0.00107625
0.000986629
0.000927095
0.000788123
0.000734782
0.000675818
0.000638457
0.000624836
0.000583015
0.00053803
0.000510621
0.000376358
0.000352417
0.000329022
0.000316876
0.000189567
0.000181888
0.000177425
0.000178153
0.000157893
0.000156745
0.000159062
0.000163788
0.000773218
0.000725979
0.000675526
0.000645109
0.000454416
0.00042708
0.000400433
0.000386654
0.000204151
0.000195586
0.000190407
0.000190907
0.000147724
0.000147419
0.000150559
0.000155728
0.000172182
0.000172208
0.000175152
0.000179727
0.000264256
0.000261785
0.000260035
0.000259968
0.000552598
0.000536924
0.000516189
0.000500377
0.000913088
0.000878733
0.000832469
0.000796376
0.00114698
0.00109938
0.00103531
0.000985267
0.00168366
0.00160431
0.00149828
0.00141572
0.00262512
0.00248889
0.00230851
0.00216903
0.00355028
0.00335694
0.0031027
0.0029073
0.00133547
0.00128975
0.0012248
0.00117168
0.00200429
0.00192482
0.00181474
0.00172627
0.00318298
0.00304241
0.00285152
0.0027005
0.00434717
0.0041446
0.00387274
0.00365983
0.000142346
0.000144945
0.000149884
0.000155004
0.000255788
0.000257792
0.000259472
0.00026025
0.000655903
0.00064616
0.000628827
0.000612433
0.00117485
0.0011464
0.00110165
0.00106221
0.00152206
0.00147966
0.00141522
0.00135968
0.00232863
0.0022516
0.00214025
0.00204752
0.00375703
0.00361667
0.00342045
0.00326124
0.00517487
0.00496957
0.00468761
0.0044622
0.00170374
0.00166572
0.00160282
0.00154537
0.00265006
0.00257747
0.0024671
0.00237151
0.00433428
0.00419785
0.00400067
0.00383619
0.00601396
0.00581138
0.00552581
0.00529236
0.000628257
0.000558463
0.000474699
0.000415946
0.000472743
0.000419818
0.000357243
0.000314082
0.000318992
0.00028406
0.000244117
0.000217642
0.000239857
0.000215494
0.000188884
0.000172272
0.000206086
0.000186448
0.000165649
0.000153222
0.000155364
0.000142717
0.000130486
0.000124203
0.000132943
0.000125229
0.000118981
0.000116946
0.000150464
0.000143177
0.000137356
0.00013556
0.000283416
0.000258651
0.000232163
0.000216133
0.000198225
0.00018321
0.000168667
0.000161214
0.000149715
0.000142252
0.000136811
0.000135787
0.000162429
0.000156573
0.000152871
0.000152936
0.000163738
0.000155853
0.000149156
0.000146623
0.0001991
0.000188231
0.000177488
0.000171764
0.000292308
0.00027269
0.000250688
0.000236485
0.0004012
0.000370927
0.000335437
0.000311244
0.000464942
0.000427929
0.000383903
0.000353388
0.000604424
0.000552139
0.000488658
0.000443641
0.000848271
0.000769605
0.000672872
0.000603322
0.00108441
0.000980313
0.000851768
0.000758929
0.000614532
0.000572339
0.000521081
0.000484774
0.000827845
0.000765642
0.000688695
0.000633068
0.00119944
0.00110245
0.000981294
0.00089277
0.00155986
0.00142902
0.0012652
0.00114517
0.000183599
0.000179462
0.000177724
0.000179165
0.000247246
0.000239731
0.000232961
0.000230109
0.000427928
0.00040832
0.00038532
0.000369762
0.000645879
0.000610568
0.000567065
0.000535864
0.000781412
0.000735546
0.000678334
0.00063672
0.00108686
0.00101638
0.000927298
0.00086149
0.00161915
0.0015055
0.00136108
0.00125373
0.00213726
0.00198116
0.00178282
0.00163534
0.000960654
0.000912956
0.000851433
0.00080521
0.00137491
0.00129857
0.00119959
0.00112466
0.00209873
0.00197163
0.00180698
0.00168227
0.00280646
0.00262893
0.00239967
0.00222646
4.52234e-05
3.53791e-05
2.44315e-05
1.74654e-05
3.7574e-05
2.97259e-05
2.11801e-05
1.58704e-05
3.48805e-05
2.86663e-05
2.21513e-05
1.82823e-05
3.87844e-05
3.29605e-05
2.70328e-05
2.36435e-05
4.06762e-05
3.50339e-05
2.93062e-05
2.60317e-05
4.27216e-05
3.74004e-05
3.20462e-05
2.90116e-05
5.02504e-05
4.44935e-05
3.86375e-05
3.52548e-05
5.99105e-05
5.31471e-05
4.61187e-05
4.19345e-05
6.50674e-05
5.69452e-05
4.86478e-05
4.38929e-05
6.32914e-05
5.63806e-05
4.95378e-05
4.57889e-05
7.07215e-05
6.39316e-05
5.72552e-05
5.36246e-05
8.41522e-05
7.63066e-05
6.83864e-05
6.38938e-05
6.33363e-05
5.6149e-05
4.85991e-05
4.40396e-05
6.67751e-05
5.88995e-05
5.04815e-05
4.5288e-05
7.57071e-05
6.60978e-05
5.55659e-05
4.88773e-05
8.58468e-05
7.4268e-05
6.13744e-05
5.30455e-05
9.00004e-05
7.7426e-05
6.33399e-05
5.41892e-05
9.65709e-05
8.20654e-05
6.55561e-05
5.4652e-05
0.000111286
9.32034e-05
7.23542e-05
5.84119e-05
0.000126943
0.000105402
8.04332e-05
6.36597e-05
0.000149698
0.000131601
0.000111041
9.74718e-05
0.000170182
0.000148049
0.000122431
0.00010518
0.000209302
0.000180058
0.0001457
0.000122205
0.000248432
0.000212402
0.000169805
0.000140495
0.000117033
0.000108015
9.90955e-05
9.42377e-05
0.000131445
0.000120614
0.000109351
0.000102725
0.000167842
0.000152258
0.000135048
0.000124076
0.00020935
0.000188234
0.000164192
0.000148292
0.000231324
0.000206975
0.000178927
0.000160138
0.000276508
0.000245141
0.000208268
0.000183003
0.000358234
0.000314722
0.000262781
0.000226612
0.000438184
0.000383099
0.000316931
0.00027056
0.000336483
0.000305626
0.000269552
0.000245
0.000420436
0.000378751
0.000328979
0.000294297
0.000568742
0.0005084
0.000435292
0.000383548
0.000712627
0.000634429
0.000539165
0.000471353
7.02705e-08
3.43833e-08
4.47308e-08
9.54337e-08
8.13336e-08
2.89324e-08
1.07654e-08
6.34244e-08
5.0421e-07
2.7968e-07
1.33736e-07
1.75775e-07
1.16837e-06
6.44029e-07
3.25201e-07
3.58948e-07
1.41252e-06
7.98739e-07
3.27979e-07
2.69873e-07
1.81452e-06
1.03696e-06
3.81081e-07
1.89786e-07
2.42766e-06
1.41996e-06
5.21018e-07
1.64908e-07
2.9555e-06
1.77502e-06
6.92325e-07
2.13007e-07
5.29125e-06
3.93964e-06
2.5963e-06
1.83691e-06
6.5099e-06
4.93439e-06
3.34066e-06
2.41726e-06
8.3284e-06
6.38958e-06
4.4043e-06
3.23641e-06
9.90106e-06
7.62489e-06
5.28188e-06
3.89648e-06
3.0327e-06
1.83034e-06
7.20875e-07
2.20651e-07
2.7302e-06
1.63555e-06
6.28034e-07
1.88771e-07
2.36356e-06
1.43498e-06
5.82264e-07
2.34651e-07
2.11315e-06
1.31464e-06
5.9423e-07
3.30253e-07
1.95177e-06
1.20937e-06
6.11154e-07
4.27178e-07
1.31816e-06
8.24286e-07
3.78905e-07
2.26018e-07
7.60766e-07
4.53584e-07
1.79063e-07
9.20848e-08
5.10327e-07
2.9186e-07
1.32653e-07
1.06211e-07
8.97499e-06
6.55132e-06
4.06546e-06
2.636e-06
7.42389e-06
5.29895e-06
3.10838e-06
1.8525e-06
5.78827e-06
3.97085e-06
2.12496e-06
1.10356e-06
4.81167e-06
3.19821e-06
1.60891e-06
7.8043e-07
2.26103e-05
1.86666e-05
1.44818e-05
1.19075e-05
2.25987e-05
1.8556e-05
1.42411e-05
1.15736e-05
2.30861e-05
1.87588e-05
1.41063e-05
1.12158e-05
2.37908e-05
1.91356e-05
1.41139e-05
1.09919e-05
2.35659e-05
1.88444e-05
1.37612e-05
1.06177e-05
2.17321e-05
1.7069e-05
1.20112e-05
8.868e-06
2.03664e-05
1.55243e-05
1.02766e-05
7.04244e-06
2.00129e-05
1.49036e-05
9.40302e-06
6.06192e-06
4.92278e-05
4.115e-05
3.2249e-05
2.65782e-05
4.93388e-05
4.06403e-05
3.09384e-05
2.46855e-05
5.2186e-05
4.2121e-05
3.07999e-05
2.3461e-05
5.62246e-05
4.4772e-05
3.18624e-05
2.34968e-05
