FiniteElementSpace
FiniteElementCollection: H1_2D_P2
VDim: 2
Ordering: 0

0
1.12619
2.16434
2.99505
3.58077
3.94288
4.14739
4.27734
4.39249
0
0.845805
1.60176
2.22152
2.67712
2.97501
3.15675
3.2826
3.39961
0.561855
0.995627
0.432964
0
1.66591
1.90245
1.23781
2.6096
2.63162
1.93118
3.31838
3.15073
2.47029
3.78652
3.47478
2.84393
4.05953
3.66013
3.07672
4.21704
3.78214
3.22305
4.33464
3.89624
3.34053
0.501662
1.46699
2.29251
2.91752
3.33448
3.58006
3.72473
3.83821
0.276916
0.532678
0.250787
0
1.40027
1.56923
1.23505
1.06302
2.39414
2.45492
2.10358
2.03677
3.16448
3.12221
2.78125
2.81751
3.69034
3.56424
3.24848
3.36986
4.00549
3.82225
3.5312
3.712
4.18389
3.97185
3.6938
3.90544
4.30607
4.08649
3.81008
4.03014
0.845864
0.750529
0.923513
0.641638
0.468386
0.219946
0
1.92115
1.6899
1.75876
1.42374
1.35747
1.04485
2.81004
2.46864
2.43437
2.08144
2.11937
1.77112
3.457
3.04058
2.92092
2.57888
2.7015
2.35118
3.87031
3.40959
3.22972
2.91359
3.09525
2.76531
4.10637
3.62261
3.41073
3.11894
3.3319
3.02908
4.2479
3.75391
3.53295
3.2533
3.47519
3.19115
4.36341
4.14435
3.86684
3.64795
3.36989
3.58953
3.31153
0.262969
1.32011
2.25251
2.97711
3.47336
3.77117
3.94015
4.05828
0.799943
0.697664
0.237721
1.80861
1.56277
1.14395
2.64338
2.28277
1.94453
3.253
2.81707
2.57396
3.64343
3.16704
3.01345
3.86656
3.37366
3.28431
4.00156
3.50451
3.44424
4.11512
3.61842
3.56114
0.134923
0.269762
0.129326
0
1.26419
1.36075
1.19244
1.09512
2.28104
2.32409
2.14626
2.10127
3.08177
3.0717
2.89913
2.90716
3.63733
3.58272
3.42324
3.47621
3.97536
3.88897
3.74268
3.82814
4.16612
4.0623
3.92324
4.02678
4.29175
4.18219
4.04423
4.1538
0.704133
0.823366
0.666743
0.547614
0.626453
0.724565
0.583292
0.485441
0.125159
0.244512
0.120556
0
1.795
1.86555
1.69024
1.61818
1.57966
1.62756
1.46121
1.41328
1.11616
1.19035
1.0345
0.960215
2.71179
2.72756
2.55093
2.53307
2.38219
2.37732
2.20251
2.2075
2.00449
2.02554
1.85295
1.83197
3.38963
3.35591
3.18938
3.22121
2.98068
2.9304
2.76076
2.81113
2.7081
2.67925
2.50566
2.53463
3.82992
3.75764
3.60523
3.6762
3.37334
3.28952
3.13234
3.21619
3.20111
3.1324
2.96856
3.03734
4.08377
3.98693
3.84517
3.94144
3.60204
3.49881
3.35344
3.45679
3.50401
3.4087
3.25796
3.35334
4.23269
4.12485
3.9869
4.09464
3.73949
3.62944
3.49
3.60028
3.67737
3.56944
3.42787
3.53598
4.34897
4.23924
4.10074
4.21055
3.85245
3.74265
3.6039
3.71392
3.79612
3.68571
3.54705
3.6577
0.419472
0.397937
0.517337
0.376345
0.25696
0
1.53432
1.44578
1.51889
1.35205
1.27825
1.02987
2.50378
2.35543
2.37484
2.19961
2.17911
1.97059
3.24342
3.05147
3.02108
2.85104
2.8804
2.72577
3.74008
3.52033
3.45041
3.2929
3.36203
3.26146
4.03351
3.79764
3.70183
3.5565
3.65197
3.59427
4.2008
3.95631
3.84857
3.70955
3.81734
3.78325
4.32034
4.07235
3.96239
3.8241
3.93426
3.90627
0.986701
0.932109
0.873664
0.77563
0.81115
0.885451
0.744281
0.670052
0.537842
0.450797
0.353216
0.32693
0.229448
0.112519
0
2.0444
1.92418
1.79753
1.75014
1.66198
1.68223
1.51374
1.49502
1.33166
1.29914
1.25165
1.14211
1.09557
0.945992
2.90455
2.73226
2.55178
2.55719
2.36005
2.33021
2.15272
2.18436
2.00751
2.02749
2.03334
1.85229
1.85994
1.68751
3.52075
3.31315
3.09723
3.14798
2.87043
2.80101
2.62924
2.70008
2.52585
2.58808
2.63922
2.412
2.46481
2.28761
3.90794
3.67897
3.44335
3.52747
3.19946
3.1037
2.94526
3.04183
2.87982
2.97129
3.05564
2.80576
2.89124
2.72241
4.12752
3.8866
3.64193
3.74516
3.39271
3.28434
3.13833
3.24706
3.09844
3.20526
3.30891
3.05363
3.15783
3.0029
4.26274
4.01595
3.7681
3.87793
3.5188
3.4079
3.26802
3.37912
3.23832
3.34944
3.45997
3.20735
3.31814
3.17431
4.3779
4.26839
4.12965
4.02031
3.88144
3.99099
3.77212
3.6331
3.52376
3.3847
3.49415
3.35514
3.46505
3.57529
3.32599
3.4364
3.29707
0.131567
1.22885
2.21438
2.99134
3.53116
3.85969
4.045
4.16803
0.685853
0.605294
0.123052
1.74325
1.52157
1.07608
2.63219
2.29395
1.93015
3.29041
2.87232
2.60853
3.71837
3.25411
3.08631
3.96497
3.47848
3.382
4.10995
3.61502
3.55311
4.22484
3.72821
3.67171
0.408914
0.387207
0.127294
1.49063
1.39964
1.15491
2.43039
2.27861
2.0764
3.14835
2.95247
2.80483
3.63105
3.40769
3.31332
3.91616
3.6778
3.62418
4.07879
3.83325
3.80073
4.19635
3.94829
3.92028
0.959888
0.90336
0.646895
0.842957
0.77831
0.560795
0.365191
0.340232
0.117696
1.98497
1.86179
1.63578
1.73105
1.58974
1.39808
1.3028
1.19822
0.991235
2.81927
2.64321
2.46771
2.45755
2.25866
2.10726
2.118
1.94499
1.77229
3.41785
3.20637
3.08624
2.98538
2.75189
2.64546
2.74677
2.52784
2.3989
3.79419
3.56208
3.49029
3.32255
3.07379
3.00769
3.17565
2.93248
2.84742
4.00748
3.76478
3.72423
3.51793
3.2662
3.22679
3.43358
3.18231
3.13166
4.13943
3.89219
3.86343
3.64364
3.39358
3.36443
3.58513
3.33404
3.30161
4.25375
4.00555
3.97662
3.75729
3.50889
3.47953
3.69977
3.45068
3.42216
0
0.165254
0.660329
1.43574
2.3823
3.40308
4.43069
5.43918
6.43396
1
1.12463
1.48684
2.07211
2.81877
3.6728
4.59662
5.56417
6.55312
0.0490872
0.611108
1.04192
0.5
0.371393
1.0458
1.27435
1.01982
1.73549
1.75539
1.89419
2.59062
2.42901
2.88852
3.53388
3.23509
3.91864
4.51228
4.12777
4.93744
5.50113
5.07636
5.93734
6.49317
6.0573
0.510933
0.791279
1.36442
2.14767
3.05522
4.02083
5.00607
5.99692
0.0248399
0.273381
0.491056
0.25
0.257368
0.574952
0.691385
0.381525
0.832124
1.18684
1.19782
0.847157
1.66048
2.01701
1.93711
1.58103
2.6338
2.96897
2.82073
2.4831
3.66109
3.96757
3.7766
3.46596
4.68475
4.97037
4.75897
4.46968
5.68859
5.96661
5.74895
5.46921
0.0957672
0.55101
0.85709
1.0748
0.766079
1.0253
0.75
0.506198
0.909824
1.25805
1.37313
1.02297
1.19131
1.22161
1.54412
1.89912
1.90824
1.55344
1.61459
2.13529
2.3659
2.70317
2.6202
2.28532
2.24602
3.14528
3.2932
3.60394
3.45155
3.14487
3.02396
4.17527
4.26616
4.55563
4.36065
4.07538
3.89836
5.18887
5.25348
5.53334
5.31944
5.04222
4.83531
6.18569
6.46332
6.245
6.52322
6.30503
6.02744
5.81024
0.250708
0.467832
1.00936
1.79455
2.72415
3.7165
4.72026
5.71804
0.316658
0.802075
0.747816
0.701842
1.13236
0.930923
1.37794
1.72062
1.39882
2.24697
2.49081
2.08773
3.21654
3.37258
2.92148
4.21873
4.31457
3.83837
5.22001
5.28732
4.79825
6.21498
6.27521
5.7801
0.015445
0.136291
0.247863
0.125
0.208398
0.361094
0.422015
0.271866
0.744046
0.919402
0.926242
0.752346
1.54684
1.72642
1.68658
1.50723
2.50755
2.67808
2.60308
2.43176
3.5321
3.68803
3.59113
3.43372
4.55789
4.70194
4.59503
4.44956
5.56399
5.70306
5.59367
5.45386
0.0694819
0.204677
0.292331
0.159819
0.528507
0.674219
0.781757
0.636091
0.491548
0.617172
0.746225
0.625
0.436179
0.602577
0.635995
0.471694
0.848307
1.01909
1.07559
0.904986
0.648764
0.808915
0.89172
0.7318
1.119
1.29855
1.28078
1.10205
1.45273
1.63103
1.63555
1.45741
1.1199
1.29663
1.32665
1.15007
2.01388
2.19014
2.13113
1.95456
2.25591
2.42768
2.38715
2.21567
1.83511
2.01143
1.99224
1.81614
3.0167
3.18008
3.09247
2.92788
3.17383
3.33272
3.25824
3.09977
2.70507
2.87071
2.81164
2.64637
4.04709
4.19632
4.09316
3.94238
4.14338
4.29044
4.19473
4.04814
3.65502
3.80747
3.72081
3.56883
5.06331
5.20402
5.09525
4.95342
5.12974
5.27048
5.16464
5.02424
4.63556
4.77871
4.67676
4.53404
6.06155
6.20022
6.09081
5.9518
6.12094
6.26012
6.15128
6.01221
5.62502
5.76458
5.65664
5.5173
0.0340808
0.259556
0.390228
0.498451
0.368997
0.375
0.31159
0.518837
0.681387
0.738949
0.577824
0.494492
0.924025
1.09629
1.27426
1.2794
1.10212
0.944908
1.77628
1.90475
2.0814
2.04136
1.86479
1.65711
2.76082
2.84616
3.01151
2.93749
2.77178
2.53611
3.78995
3.842
3.99384
3.89856
3.74614
3.49946
4.81126
4.84537
4.98802
4.88248
4.73937
4.4907
5.81304
5.84235
5.98168
5.87292
5.73339
5.48503
0.127535
0.346379
0.578534
0.431974
0.827244
0.987712
1.09768
0.935297
1.05637
0.901228
0.754925
1.03168
0.884114
1.01685
0.875
0.580855
0.77228
0.975729
0.804177
1.19327
1.37012
1.42825
1.25015
1.32191
1.14583
0.974752
1.23092
1.05809
1.15599
1.32719
1.47808
1.63844
1.45977
1.80854
1.98441
1.98891
1.81295
1.83043
1.65266
1.4745
1.68349
1.50466
1.5491
2.25812
2.36434
2.47752
2.3056
2.59619
2.76071
2.71863
2.55503
2.52366
2.35646
2.18548
2.33647
2.16592
2.15791
3.2741
3.34107
3.41325
3.25435
3.48785
3.63874
3.56162
3.41232
3.3427
3.19009
3.03259
3.12883
2.97266
2.9206
4.30315
4.34424
4.38914
4.24213
4.43489
4.57661
4.47827
4.33812
4.2438
4.10207
3.95658
4.01261
3.86881
3.78508
5.31415
5.34466
5.37728
5.23657
5.41022
5.54903
5.44162
5.30372
5.19767
5.0597
4.92008
4.95556
4.81724
4.71565
6.30982
6.44855
6.33913
6.47819
6.36907
6.22992
6.50821
6.3992
6.53822
6.42905
6.2902
6.1811
6.04251
5.90371
5.93366
5.79538
5.68706
0.130028
0.313709
0.833786
1.61559
2.5544
3.56084
4.57587
5.57853
0.179433
0.652765
0.617378
0.534641
0.959871
0.767967
1.19865
1.54272
1.2215
2.0715
2.32078
1.9126
3.05374
3.21581
2.7579
4.06943
4.16911
3.68787
5.07883
5.14728
4.65625
6.07604
6.13614
5.64089
0.145485
0.377035
0.36841
0.413737
0.627139
0.533588
1.00886
1.18643
1.02155
1.83945
1.97207
1.75975
2.80261
2.8912
2.65337
3.81523
3.86989
3.62264
4.82779
4.8637
4.61504
5.82748
5.85754
5.60922
0.235446
0.460618
0.408529
0.700572
0.959292
0.916056
0.624235
0.890785
0.878859
0.675161
0.872394
0.74046
1.08256
1.30828
1.19602
0.854656
1.09988
1.02074
1.40145
1.55706
1.36545
1.72224
1.89738
1.73137
1.37534
1.57708
1.43567
2.31027
2.42014
2.19263
2.53626
2.65705
2.45481
2.11252
2.26014
2.07399
3.30677
3.37667
3.1326
3.45042
3.52505
3.30065
2.98471
3.08074
2.86596
4.32304
4.36639
4.11793
4.41209
4.45708
4.21977
3.92758
3.98506
3.75335
5.32903
5.36081
5.11231
5.39383
5.42623
5.18153
4.90137
4.93826
4.69668
6.32438
6.35404
6.1058
6.38415
6.41419
6.1663
5.88835
5.91886
5.67209
