FiniteElementSpace
FiniteElementCollection: H1_2D_P2
VDim: 2
Ordering: 0

0
0.00428369
0.0127925
0.0193275
0.017658
0.00938704
0.00133278
-0.00350519
-0.00746747
0
0.000652555
0.00514375
0.0149277
0.0186126
0.0129047
0.00445358
-0.00129724
-0.00497634
0.00137731
0.00202736
0.000730015
0
0.00830677
0.00855455
0.00180456
0.0168085
0.01763
0.0100658
0.0196412
0.0188445
0.0180754
0.0139267
0.0112942
0.0166197
0.00498344
0.00264725
0.00854269
-0.00141449
-0.00254996
0.00115301
-0.00538786
-0.00619175
-0.00318764
0.000840553
0.00443512
0.0134847
0.0196029
0.0157383
0.00665015
-0.000374347
-0.00431663
0.000514937
0.0012541
0.000340947
0
0.00619132
0.00601686
0.00301166
0.0029902
0.0149259
0.0150452
0.0110127
0.0103762
0.019782
0.0198412
0.0189462
0.0185787
0.015957
0.0150134
0.0175308
0.0184885
0.00711925
0.00582132
0.008934
0.0104319
-0.000145719
-0.00097024
0.00101267
0.00193525
-0.00444284
-0.00487733
-0.00345151
-0.00308895
0.00265596
0.00136581
0.00124988
0.000643356
0.000590434
0.000607154
0
0.0105435
0.00631023
0.00690767
0.00320301
0.00310613
0.00098064
0.0183115
0.0157566
0.0164551
0.0126189
0.0119028
0.00749725
0.0189156
0.0195611
0.0188677
0.018687
0.0190223
0.016795
0.0116944
0.0136095
0.0120777
0.0149109
0.0162385
0.0178939
0.00304359
0.00453488
0.0034699
0.00642084
0.00752377
0.0107395
-0.00251593
-0.00154506
-0.00193853
-0.000166605
0.000335039
0.00269086
-0.00638956
-0.00682477
-0.00520929
-0.00556469
-0.00406702
-0.00373724
-0.00228516
0.000524483
0.00430851
0.0127614
0.0195366
0.0169598
0.00807232
0.000363274
-0.0039919
0.0020177
0.000868943
0.000257761
0.00807539
0.00477894
0.00194582
0.0170397
0.0143435
0.00934919
0.0194782
0.0192912
0.0180566
0.0127897
0.014277
0.0178143
0.00375968
0.00539603
0.00978438
-0.00210289
-0.000890613
0.00178126
-0.0058065
-0.00461679
-0.00286589
0.000225258
0.000583779
0.0001944
0
0.00520866
0.00514427
0.00360301
0.00357572
0.0138811
0.0137717
0.011569
0.0114815
0.0196279
0.0197108
0.0191347
0.018982
0.0168573
0.0165231
0.0177842
0.0181444
0.00824059
0.00761049
0.00924509
0.0099376
0.000563508
8.81559e-05
0.00111824
0.00161836
-0.00397684
-0.0042309
-0.00354669
-0.00331578
0.00196988
0.00234071
0.00162215
0.00138063
0.00109822
0.00108977
0.000730819
0.00068415
0.000129835
0.000282305
0.00010034
0
0.00941673
0.00918681
0.00700852
0.00703659
0.00532021
0.00553563
0.00387972
0.00375616
0.00247065
0.00246031
0.00154673
0.00161635
0.0176136
0.0176744
0.0160884
0.0158906
0.014658
0.0150766
0.0131517
0.012711
0.00976875
0.0101885
0.00810122
0.00772962
0.0193501
0.019269
0.0197409
0.0198071
0.0196682
0.019467
0.0192449
0.0193545
0.0183644
0.0185411
0.017329
0.0170768
0.0128277
0.0122838
0.0139273
0.0145245
0.0147065
0.013955
0.0152967
0.0160095
0.0182551
0.0177021
0.0184136
0.0188926
0.00398427
0.00339377
0.0047634
0.00540482
0.00556757
0.00495103
0.00643858
0.00707626
0.0101119
0.00935438
0.0109345
0.0116888
-0.00198403
-0.00233132
-0.00155843
-0.00121502
-0.0009836
-0.00122804
-0.000302875
-3.30312e-05
0.00179858
0.0013815
0.00259526
0.00304263
-0.00587842
-0.00609943
-0.00533319
-0.00513973
-0.00475597
-0.00491028
-0.00417236
-0.00402674
-0.00300944
-0.00316162
-0.00241329
-0.00225077
0.000888441
0.000892273
0.00104226
0.000585083
0.000427104
0
0.00722923
0.00511607
0.00517579
0.0036664
0.003618
0.00248128
0.0159057
0.0139269
0.0142549
0.01226
0.0118595
0.00942377
0.0197868
0.0197716
0.0197674
0.0193598
0.0192785
0.0181286
0.0149758
0.0160302
0.0154112
0.0166855
0.0172882
0.0187142
0.00602845
0.00692778
0.00623432
0.00777657
0.00851005
0.0108793
-0.000805608
-0.000331185
-0.000687944
0.000290123
0.000672803
0.00227859
-0.00491067
-0.00443291
-0.00460163
-0.00388456
-0.00373002
-0.00283121
0.00343234
0.00246896
0.00166814
0.00167936
0.00103214
0.000927233
0.000617396
0.00071559
0.000684761
0.00059777
0.000432624
0.000726281
0.000344375
0.000288666
0
0.0116738
0.00920463
0.00739501
0.00714297
0.00579372
0.00605559
0.00410936
0.00400972
0.0024271
0.00246124
0.00246222
0.00131751
0.00145474
0.000757988
0.0188852
0.0178736
0.0167532
0.0164061
0.0154531
0.0157462
0.0138225
0.0135332
0.0113631
0.011031
0.0106262
0.00877096
0.00846245
0.00628005
0.0183497
0.0190566
0.0192826
0.0195685
0.0191631
0.0187748
0.018738
0.0190335
0.0184722
0.0186001
0.0186242
0.0175208
0.0174804
0.0159328
0.0105419
0.0116191
0.0124662
0.0132257
0.0131978
0.0124775
0.0139357
0.0145911
0.0158116
0.0164389
0.0170834
0.0173207
0.0178768
0.0183317
0.00215669
0.00281645
0.00356089
0.00413924
0.00440514
0.00393627
0.00541234
0.00588093
0.00746502
0.00800686
0.00864332
0.00963626
0.0102402
0.0118325
-0.00302151
-0.00261033
-0.00206433
-0.00183835
-0.00143334
-0.00161941
-0.000753449
-0.000536663
0.00046639
0.000729193
0.00102895
0.00189238
0.0022151
0.00354315
-0.00691813
-0.00714376
-0.0063032
-0.00650899
-0.00568612
-0.0055092
-0.00587556
-0.00507856
-0.00526173
-0.00451372
-0.00433343
-0.00362539
-0.00345493
-0.0033045
-0.00274279
-0.00257161
-0.00180566
0.000225287
0.00431948
0.0126367
0.0194222
0.017389
0.00876448
0.000822831
-0.00377803
0.00183463
0.000884313
0.000105158
0.00808623
0.00458817
0.00198864
0.0168325
0.0139267
0.00893785
0.0196149
0.0194981
0.0178839
0.0134258
0.015018
0.0183675
0.00437132
0.00599032
0.0105221
-0.00179355
-0.000655085
0.00218106
-0.00561013
-0.00446264
-0.00271605
0.000967676
0.000732168
0.000157963
0.00605426
0.00434416
0.0030016
0.0148619
0.0130744
0.0106338
0.0198385
0.0196074
0.0187807
0.0155628
0.0163972
0.0180653
0.00648691
0.0073548
0.00969006
-0.000590005
-3.6108e-05
0.00144432
-0.00468229
-0.00416521
-0.00328816
0.00292074
0.00204909
0.00135264
0.00132559
0.000793436
0.000658018
0.000480659
0.0005049
0.000126065
0.0103247
0.00825325
0.00611335
0.006589
0.00497641
0.00316658
0.00304792
0.00188956
0.00113707
0.0183938
0.0173298
0.0153722
0.0161336
0.0146906
0.0123063
0.0114554
0.00974142
0.0072254
0.0187751
0.0192183
0.0197521
0.0192617
0.0189896
0.0189058
0.019033
0.0181248
0.016685
0.0111157
0.0120639
0.0143477
0.0128393
0.0135584
0.0155574
0.0169099
0.017218
0.018401
0.00247496
0.00317814
0.00516061
0.00396764
0.00488236
0.00692491
0.008202
0.00911573
0.0113657
-0.00283632
-0.0023505
-0.00128617
-0.0017572
-0.00109799
7.0512e-05
0.000645005
0.00144296
0.00304615
-0.00661029
-0.00599522
-0.00504749
-0.00537922
-0.00478808
-0.0038909
-0.00359584
-0.00301782
-0.00210812
0
-0.0017467
0.000990406
0.00568187
0.00627155
0.000822482
-0.00726875
-0.0134328
-0.0168135
0
-0.00281755
0.00358957
0.00643759
0.000231154
-0.009043
-0.0155269
-0.0187216
-0.020969
-0.000776363
-0.00303728
-0.0031251
0
-0.00103618
0.00227639
-6.41203e-05
0.00352235
0.00655451
0.00617571
0.00674462
0.00359648
0.0042238
0.00419187
-0.00412823
-0.00450411
-0.00322825
-0.0116429
-0.0127847
-0.0107545
-0.0162793
-0.0173989
-0.0153581
-0.018991
-0.0198426
-0.00257292
-0.00101223
0.00518791
0.00595902
9.35937e-06
-0.00817137
-0.0143277
-0.017736
3.938e-05
-0.00196498
-0.00148188
0
-0.00159565
-0.00111443
-0.00228415
-0.00271585
0.00224963
0.00464609
0.0038693
0.00179481
0.00638564
0.00651679
0.00650105
0.0063926
0.00542134
0.00203476
0.00191491
0.00496864
-0.00116188
-0.00581879
-0.00619681
-0.00176908
-0.0091044
-0.012588
-0.0130859
-0.00954504
-0.014476
-0.0165465
-0.017051
-0.0148678
-0.00145724
-0.00313827
-0.00305042
-0.00332488
-0.00292808
-0.00220114
0
-0.000141647
0.000580599
0.00278451
0.00177942
-0.000695127
-0.00167596
0.00469939
0.00610769
0.00648963
0.00663181
0.00558933
0.00511994
0.00671379
0.00496996
0.00205449
0.00238704
0.00517307
0.00561075
0.00263516
-0.00203334
-0.00648089
-0.00684504
-0.00209883
-0.00210844
-0.00528958
-0.00999872
-0.0136243
-0.014279
-0.0104466
-0.0110352
-0.0121978
-0.0153831
-0.017591
-0.0181059
-0.0159465
-0.0165542
-0.0161219
-0.0179131
-0.0183708
-0.0200141
-0.0204042
-0.0188554
-0.0192888
-0.000912241
-0.00216311
0.00330485
0.00666995
0.00364685
-0.00380213
-0.0111635
-0.0157655
-0.00265156
-0.00333418
-0.00181109
0.00026454
0.0010209
-0.0021234
0.00570228
0.00631811
0.00436898
0.00594038
0.00379506
0.00609526
0.000203371
-0.00430705
5.4866e-05
-0.00775113
-0.012145
-0.00854622
-0.0138177
-0.016836
-0.0148858
-0.017249
-0.0194364
-0.0182513
0.000225442
-0.000462313
-0.000419952
0
-0.00172293
-0.00196161
-0.00250655
-0.00235651
0.00160966
0.00286749
0.00256181
0.00145439
0.006073
0.00660173
0.00658347
0.0061302
0.00589689
0.00451948
0.00434775
0.00562437
-0.00015446
-0.00252566
-0.00278287
-0.000516503
-0.0082087
-0.010153
-0.0103776
-0.00843418
-0.0139769
-0.0151162
-0.0153336
-0.0141488
-0.00115436
-0.00219539
-0.00237449
-0.0014772
-0.00293191
-0.00326413
-0.00321734
-0.00277266
-0.000791968
-0.00166074
-0.00101058
0
-0.000625322
8.17117e-05
-0.000453804
-0.00110538
-0.000240927
0.000772533
0.000142225
-0.000885852
-0.00273335
-0.00223687
-0.002661
-0.00307499
0.00412805
0.00530501
0.00521445
0.00418834
0.00570275
0.00621671
0.00602107
0.00538364
0.00309751
0.00410536
0.00361249
0.00250864
0.00678048
0.00635374
0.00627945
0.00668145
0.00551605
0.00440948
0.00453539
0.00558992
0.00658945
0.00631691
0.00636179
0.00653399
0.00345044
0.00138078
0.00114167
0.00308431
-0.00100036
-0.00315172
-0.00320206
-0.00102138
0.0027886
0.0010115
0.00108022
0.00285336
-0.00426578
-0.00655513
-0.00679907
-0.00456407
-0.00910578
-0.0110785
-0.0113224
-0.00930966
-0.00517015
-0.00736565
-0.00753098
-0.00529211
-0.0115032
-0.0130116
-0.0132265
-0.0116822
-0.014877
-0.0161273
-0.0164104
-0.0151543
-0.0123896
-0.014001
-0.0142813
-0.0126451
-0.0157512
-0.016683
-0.0169054
-0.0159474
-0.0180577
-0.0189138
-0.019147
-0.0183084
-0.0166783
-0.0176663
-0.0179305
-0.0169521
-0.000360221
-0.00145687
-0.00231218
-0.00207953
-0.00124362
0
-0.001362
-0.00168842
-0.00108774
-0.00169944
-0.00226419
-0.00292582
0.00288971
0.00400365
0.00495685
0.00457148
0.00361613
0.00204913
0.00661187
0.00664629
0.00627261
0.00628819
0.0066273
0.00651928
0.00485171
0.00287272
0.00102023
0.000984435
0.00278747
0.00429857
-0.00219134
-0.00481687
-0.00701409
-0.00719926
-0.00501682
-0.00296261
-0.00995537
-0.0119003
-0.0134712
-0.0137311
-0.0121407
-0.010612
-0.0149346
-0.0161682
-0.0171459
-0.017402
-0.0164143
-0.0155816
-0.00165286
-0.00276003
-0.003171
-0.002943
-0.00327853
-0.00296575
-0.00316913
-0.00335454
-0.00332623
-0.00304892
-0.0024548
-0.00276647
-0.00199068
-0.00135865
0
0.000400273
0.00102211
0.00142979
0.000417416
0.00191218
0.00313454
0.00270344
0.00134827
0.000840497
-0.000426901
-0.00145964
-0.000923192
-0.00193954
-0.00232894
0.00521986
0.00609559
0.00639206
0.00595033
0.00647551
0.00644982
0.00662094
0.00644646
0.00648775
0.00584206
0.00503459
0.00571974
0.0046958
0.00440451
0.00654522
0.00550095
0.0043261
0.00548089
0.00296352
0.00118584
0.00134293
0.00312334
0.00335702
0.00471666
0.00569619
0.00498504
0.00585532
0.00610428
0.00175548
-0.000770206
-0.00307931
-0.000923743
-0.00540327
-0.00772294
-0.00796655
-0.00552914
-0.00568714
-0.00325091
-0.0010093
-0.0033057
-0.000977486
-0.000922285
-0.00629484
-0.00866794
-0.0108449
-0.00889408
-0.0129122
-0.0145842
-0.0149334
-0.0132092
-0.0135646
-0.0116001
-0.00951963
-0.0119424
-0.00976264
-0.0100682
-0.0128411
-0.0143637
-0.015849
-0.0146111
-0.0172277
-0.0181839
-0.0184226
-0.0174985
-0.0177672
-0.016697
-0.0154395
-0.0169974
-0.0157378
-0.0160668
-0.0164731
-0.0173627
-0.0175829
-0.018456
-0.0186808
-0.0178135
-0.0195121
-0.0197258
-0.0205011
-0.0206869
-0.019934
-0.0201213
-0.0193686
-0.0185582
-0.0195654
-0.0187949
-0.0190088
-0.000129147
-0.00221986
0.00216355
0.00641208
0.0051165
-0.00151234
-0.00931612
-0.0146519
-0.00189278
-0.0030995
-0.000910298
-0.000543517
-7.96465e-05
-0.00272923
0.00477678
0.00586126
0.0033371
0.00656829
0.00505126
0.00649098
0.00226178
-0.00208015
0.00196182
-0.00557006
-0.0102178
-0.00634136
-0.012372
-0.0156613
-0.0133489
-0.0163246
-0.0186138
-0.0173206
-0.000974858
-0.00181413
-0.000635535
-0.00158137
-0.00172691
-0.00266586
0.00354558
0.00432266
0.0028515
0.00669137
0.00650574
0.00663062
0.00383977
0.00193078
0.00357935
-0.00354631
-0.0060264
-0.00399234
-0.0109426
-0.0128304
-0.0114007
-0.0155465
-0.0167904
-0.0160129
-0.00234289
-0.00301535
-0.0026992
-0.00325395
-0.00325025
-0.00329327
-0.00228389
-0.00261852
-0.00112541
0.000753774
0.00123047
-0.000362166
0.00164586
0.00225567
0.000442396
-0.00161223
-0.00123375
-0.00252897
0.0057572
0.00628991
0.00550184
0.00644163
0.00652614
0.00621903
0.00479355
0.00533188
0.00395752
0.00603797
0.00493436
0.00592806
0.00367239
0.00219074
0.00397105
0.00601358
0.00535023
0.00622645
0.000451391
-0.00193631
6.51606e-05
-0.00422573
-0.00664157
-0.0043955
1.2714e-05
-0.0021073
0.000125226
-0.00751229
-0.0097751
-0.00797163
-0.0118877
-0.0139256
-0.0124341
-0.00835687
-0.0107089
-0.00876572
-0.0136033
-0.0151156
-0.0140638
-0.0165558
-0.0178531
-0.0171149
-0.0146016
-0.0162397
-0.0151874
-0.0170271
-0.0181354
-0.0174856
-0.0192129
-0.0202178
-0.0196509
-0.0179941
-0.0190843
-0.0184962
