FiniteElementSpace
FiniteElementCollection: L2_2D_P3
VDim: 1
Ordering: 0

0.0283534
0.0125808
0.017436
0.0254545
0.00841729
0.00584016
0.0111304
0.017844
0.00176211
0.00219624
0.00532748
0.00903482
0.00161543
0.00164378
0.00272767
0.00383874
0.0131819
0.0127197
0.012027
0.0114357
0.00872191
0.00845497
0.00802871
0.00764775
0.00462981
0.00452367
0.00432509
0.00413026
0.00259662
0.00256165
0.00246464
0.00235447
0.00628197
0.00595899
0.00551893
0.00517046
0.00435124
0.00413962
0.00384598
0.00360979
0.00249316
0.00238426
0.00222828
0.00209972
0.00151855
0.00146112
0.00137532
0.00130267
0.00216477
0.001994
0.00177677
0.00161522
0.00156283
0.00144245
0.00128946
0.00117585
0.000969762
0.000898871
0.000809695
0.000744213
0.000654087
0.000609647
0.000555121
0.000516195
0.000417314
0.000365868
0.000303835
0.000260202
0.000316205
0.000277633
0.000231621
0.000199632
0.000219873
0.00019418
0.000164367
0.000144267
0.00017365
0.000154777
0.000133705
0.000120136
2.40168e-05
1.8578e-05
1.25982e-05
8.85264e-06
2.06051e-05
1.61386e-05
1.132e-05
8.36795e-06
1.98929e-05
1.62075e-05
1.23585e-05
1.00894e-05
2.24944e-05
1.89597e-05
1.53561e-05
1.32922e-05
7.52386e-07
9.17871e-07
1.17827e-06
1.41039e-06
9.2347e-07
1.00505e-06
1.16017e-06
1.31348e-06
1.56147e-06
1.49136e-06
1.46696e-06
1.49368e-06
2.36178e-06
2.13355e-06
1.93214e-06
1.84156e-06
1.35522e-06
1.21386e-06
1.04065e-06
9.16658e-07
1.1223e-06
1.00491e-06
8.61223e-07
7.58656e-07
8.93055e-07
7.97148e-07
6.80813e-07
5.98715e-07
7.66266e-07
6.8005e-07
5.77343e-07
5.06272e-07
0.0172231
0.0168935
0.0163019
0.0157328
0.0114155
0.0111709
0.0107093
0.0102543
0.00606405
0.00591828
0.00561782
0.00530984
0.00338291
0.00331286
0.0031193
0.00289755
0.00117931
0.0010972
0.00102221
0.000988911
0.00230013
0.00214835
0.00201201
0.00195183
0.00446434
0.00420484
0.00395484
0.00382759
0.00655542
0.00620758
0.00585626
0.00566299
0.000646442
0.000254403
0.000372658
0.000750092
0.000638402
0.000451122
0.00109302
0.00197648
0.000907764
0.00104673
0.00265854
0.0044479
0.00152667
0.00188183
0.0043719
0.0069727
0.00935962
0.00896793
0.00840978
0.0079511
0.00634851
0.00610414
0.00574333
0.00543835
0.00350839
0.00339393
0.00321181
0.00304963
0.00205055
0.00199816
0.00190268
0.00181111
0.000610412
0.000576316
0.000548218
0.000538826
0.00115064
0.00108082
0.00101748
0.000989109
0.00228253
0.0021518
0.00202126
0.00195042
0.00344198
0.00325546
0.00305985
0.00294503
0.000822996
0.000774299
0.000732565
0.00071672
0.00161513
0.00151792
0.00143177
0.00139531
0.00320136
0.00302884
0.0028635
0.00278051
0.00478437
0.00454764
0.00430953
0.0041794
0.00389013
0.00364274
0.00331806
0.00306937
0.00275029
0.00258174
0.002359
0.00218738
0.00163657
0.00154335
0.00141946
0.00132362
0.00104449
0.000990474
0.000918881
0.00086387
0.000360059
0.000341442
0.000326701
0.000322448
0.000560874
0.000525938
0.000492957
0.00047684
0.00102536
0.00095768
0.000885897
0.000842878
0.00152494
0.00142433
0.00131253
0.00124106
0.000464905
0.000440369
0.000420822
0.000415081
0.000809096
0.00075951
0.000713549
0.000691942
0.00156435
0.00146853
0.0013695
0.00131249
0.00235655
0.00221632
0.00206423
0.00197029
0.00104571
0.000943066
0.000815993
0.000724041
0.000771955
0.000697315
0.000605502
0.000539525
0.000503222
0.000456556
0.000400316
0.000360795
0.000363301
0.000331747
0.000295026
0.00027024
0.000201754
0.000188941
0.000177407
0.000172276
0.000250308
0.000232575
0.000215029
0.000205581
0.000376851
0.000347092
0.000314704
0.000294518
0.000519923
0.000476909
0.000428111
0.000396023
0.00027648
0.000261308
0.000248706
0.000244293
0.000381589
0.000356843
0.000333009
0.000320864
0.000639564
0.00059372
0.000544282
0.000513915
0.000924338
0.000856272
0.000779504
0.000729441
0.000126504
0.000106325
8.27661e-05
6.68062e-05
9.95411e-05
8.3872e-05
6.58488e-05
5.3838e-05
7.66969e-05
6.53954e-05
5.28166e-05
4.47451e-05
6.91806e-05
5.99596e-05
5.00706e-05
4.40085e-05
7.65174e-05
6.93451e-05
6.20422e-05
5.7846e-05
8.34537e-05
7.5458e-05
6.70638e-05
6.2028e-05
0.000102373
9.19418e-05
8.04838e-05
7.32011e-05
0.000124095
0.000110792
9.57844e-05
8.59418e-05
0.000133343
0.000123079
0.000113143
0.000107944
0.000152966
0.000140527
0.00012783
0.000120577
0.000206475
0.000188128
0.000168056
0.000155418
0.000267966
0.000242839
0.000214362
0.000195629
1.30239e-06
7.10125e-07
2.46779e-07
1.21804e-07
1.96893e-06
1.36465e-06
8.70851e-07
7.05668e-07
3.95803e-06
3.20229e-06
2.52792e-06
2.22763e-06
6.41418e-06
5.40442e-06
4.45115e-06
3.96699e-06
1.47154e-05
1.28115e-05
1.07663e-05
9.48884e-06
1.5249e-05
1.32641e-05
1.1099e-05
9.72234e-06
1.62733e-05
1.40814e-05
1.16482e-05
1.00721e-05
1.72779e-05
1.48543e-05
1.21385e-05
1.03643e-05
3.69261e-05
3.27903e-05
2.84408e-05
2.58069e-05
3.90652e-05
3.46579e-05
2.99294e-05
2.69927e-05
4.43803e-05
3.91604e-05
3.34e-05
2.97036e-05
5.0267e-05
4.40872e-05
3.7147e-05
3.2609e-05
1.863e-06
1.84097e-06
1.81375e-06
1.79407e-06
1.58519e-06
1.55574e-06
1.52065e-06
1.49627e-06
1.40804e-06
1.34981e-06
1.2838e-06
1.24023e-06
1.39799e-06
1.30234e-06
1.19747e-06
1.13065e-06
1.44238e-06
1.23594e-06
1.00489e-06
8.54272e-07
1.37039e-06
1.16369e-06
9.30819e-07
7.78057e-07
1.24584e-06
1.04346e-06
8.1464e-07
6.64206e-07
1.13111e-06
9.35202e-07
7.14329e-07
5.69841e-07
4.88509e-06
4.19399e-06
3.43799e-06
2.95528e-06
4.92944e-06
4.2176e-06
3.42929e-06
2.91916e-06
4.93644e-06
4.1917e-06
3.35816e-06
2.8133e-06
4.90179e-06
4.12799e-06
3.25952e-06
2.69123e-06
3.93162e-07
3.01239e-07
1.99695e-07
1.35924e-07
3.2387e-07
2.44693e-07
1.57987e-07
1.0426e-07
2.54774e-07
1.90398e-07
1.20859e-07
7.87043e-08
2.15807e-07
1.61448e-07
1.03544e-07
6.92502e-08
1.11904e-07
9.04851e-08
6.90369e-08
5.77884e-08
9.22238e-08
7.5045e-08
5.80119e-08
4.92946e-08
6.67904e-08
5.49098e-08
4.33547e-08
3.77347e-08
4.8415e-08
4.0214e-08
3.24421e-08
2.89295e-08
4.20343e-07
3.58954e-07
2.8947e-07
2.44422e-07
3.60196e-07
3.04754e-07
2.42172e-07
2.01819e-07
2.80735e-07
2.33978e-07
1.81496e-07
1.48e-07
2.21474e-07
1.81731e-07
1.37524e-07
1.097e-07
0.0188436
0.0185103
0.0178827
0.0172094
0.0133089
0.0128708
0.0121274
0.0114389
0.00735078
0.00707665
0.00660574
0.00617233
0.00393874
0.00386694
0.00371651
0.00355946
0.0027846
0.00268231
0.00257095
0.00247579
0.000982421
0.0009994
0.000987624
0.000949918
0.000269943
0.000303116
0.000325882
0.000322849
0.000611041
0.000688543
0.000746023
0.000750634
0.00143973
0.0010312
0.00155973
0.00233481
0.000924202
0.000482813
0.000533571
0.000806623
0.000772476
0.000229317
3.10581e-05
8.43006e-05
0.000685697
0.000210132
0.000184959
0.000371633
0.011168
0.0107426
0.0101212
0.0096008
0.00748795
0.00723132
0.00683822
0.00649683
0.00405992
0.0039477
0.00375608
0.00357754
0.00232559
0.00228006
0.00218267
0.00208183
0.00163766
0.00161391
0.00155292
0.00148534
0.000715917
0.000714681
0.000699018
0.000676935
0.000288558
0.000285223
0.00028349
0.000283978
0.000475046
0.000451382
0.000432348
0.000426688
0.00179463
0.00178182
0.0017241
0.00165094
0.000742366
0.000748197
0.000736207
0.000712714
0.000286875
0.000284217
0.00028256
0.000282364
0.000538625
0.000510457
0.000486542
0.000477859
0.00500098
0.00471515
0.00433328
0.00403602
0.00349958
0.00330845
0.00305002
0.00284673
0.00204268
0.00194054
0.00180006
0.00168806
0.00127245
0.00121582
0.00113667
0.00107303
0.000959159
0.000919913
0.000865269
0.000821555
0.000514231
0.000497553
0.000476062
0.00046012
0.000271388
0.00026394
0.000259326
0.000259654
0.000320298
0.000306516
0.000297181
0.000296508
0.00112454
0.00108626
0.00102829
0.000978796
0.000573091
0.000558753
0.000537753
0.000520348
0.000280335
0.000274052
0.000270501
0.000271307
0.000349623
0.00033445
0.000323989
0.000322997
0.00153543
0.0014004
0.001231
0.00110675
0.00112061
0.00102391
0.000903069
0.000814819
0.000711829
0.00065315
0.000580978
0.000529172
0.000495736
0.000457542
0.000412
0.00038044
0.000405739
0.000375958
0.000341386
0.000318171
0.00026939
0.000251818
0.000233223
0.000222195
0.000194583
0.000183974
0.000175034
0.000171756
0.000212366
0.000200723
0.00019123
0.000188083
0.000523349
0.000489617
0.000449258
0.000421257
0.000328731
0.000310168
0.000290058
0.000277781
0.000219664
0.000209385
0.000201222
0.000198837
0.000240407
0.000228434
0.000219289
0.000217025
0.00023966
0.000206254
0.000166561
0.000139104
0.0001846
0.000159139
0.000129271
0.000108896
0.000134116
0.000116527
9.65141e-05
8.33248e-05
0.000112343
9.87835e-05
8.39381e-05
7.4601e-05
0.000103126
9.13115e-05
7.86453e-05
7.08877e-05
8.73358e-05
7.83282e-05
6.91379e-05
6.38854e-05
8.46624e-05
7.70755e-05
6.97056e-05
6.5804e-05
9.63167e-05
8.81365e-05
8.01169e-05
7.57987e-05
0.000154135
0.000138173
0.00012077
0.000109896
0.000122307
0.000110884
9.91735e-05
9.24601e-05
0.000110485
0.0001016
9.31802e-05
8.89475e-05
0.000123848
0.0001144
0.000105433
0.000100905
7.39823e-06
5.20109e-06
2.95613e-06
1.70006e-06
7.20496e-06
5.29284e-06
3.37246e-06
2.31965e-06
8.97307e-06
7.17327e-06
5.39592e-06
4.43485e-06
1.20373e-05
1.00718e-05
8.13512e-06
7.08061e-06
1.33569e-05
1.13381e-05
9.3306e-06
8.21666e-06
1.51628e-05
1.311e-05
1.1046e-05
9.87452e-06
1.87609e-05
1.64277e-05
1.40229e-05
1.26032e-05
2.25258e-05
1.97911e-05
1.69091e-05
1.51549e-05
2.36171e-05
2.01712e-05
1.66694e-05
1.46665e-05
2.48801e-05
2.16485e-05
1.83885e-05
1.65354e-05
2.92546e-05
2.58403e-05
2.23592e-05
2.03412e-05
3.47824e-05
3.08677e-05
2.67923e-05
2.43575e-05
1.51049e-06
1.60226e-06
1.73151e-06
1.83737e-06
1.38009e-06
1.42803e-06
1.50387e-06
1.57127e-06
1.48547e-06
1.44897e-06
1.42704e-06
1.42753e-06
1.76126e-06
1.63548e-06
1.51535e-06
1.45235e-06
1.8765e-06
1.7146e-06
1.5513e-06
1.45783e-06
2.06859e-06
1.84936e-06
1.61701e-06
1.47455e-06
2.35942e-06
2.06033e-06
1.73464e-06
1.52803e-06
2.61008e-06
2.24604e-06
1.84567e-06
1.58879e-06
2.70435e-06
2.41236e-06
2.13341e-06
1.9869e-06
3.24563e-06
2.85708e-06
2.45952e-06
2.22673e-06
4.02703e-06
3.49663e-06
2.9305e-06
2.57948e-06
4.6847e-06
4.03283e-06
3.32487e-06
2.87657e-06
8.4559e-07
7.12771e-07
5.56074e-07
4.48773e-07
7.00248e-07
5.8947e-07
4.59052e-07
3.70095e-07
5.52208e-07
4.64115e-07
3.6109e-07
2.91504e-07
4.65889e-07
3.91075e-07
3.04539e-07
2.46916e-07
4.26506e-07
3.58045e-07
2.7921e-07
2.27077e-07
3.61247e-07
3.02958e-07
2.36422e-07
1.93001e-07
2.90148e-07
2.43177e-07
1.9043e-07
1.56848e-07
2.4499e-07
2.0537e-07
1.61613e-07
1.34468e-07
7.07991e-07
6.26599e-07
5.30125e-07
4.63793e-07
6.14359e-07
5.39898e-07
4.52494e-07
3.93143e-07
5.1388e-07
4.46256e-07
3.68221e-07
3.16345e-07
4.51218e-07
3.8746e-07
3.14978e-07
2.67696e-07
0.0153945
0.0149053
0.0141435
0.0134755
0.0100683
0.00978936
0.00932076
0.00888838
0.00524294
0.00513719
0.00491959
0.00469615
0.00288212
0.0028549
0.0027494
0.0026194
0.00195248
0.00194889
0.00188801
0.00180135
0.000767052
0.000777545
0.000764227
0.000734338
0.000288073
0.000285034
0.000281647
0.000279212
0.000618242
0.000585006
0.000555294
0.000542712
0.00231394
0.00226139
0.0021164
0.00195191
0.000902393
0.000884701
0.000826538
0.000757637
0.00033201
0.000316494
0.000297777
0.000284411
0.000748675
0.000699007
0.00065246
0.000629335
0.000967207
0.000908378
0.000856811
0.000836126
0.00190637
0.00179194
0.00169157
0.00165014
0.00374413
0.00354775
0.00336311
0.00327397
0.00554661
0.00528482
0.00502688
0.00489126
0.00660418
0.00630356
0.00600513
0.00584604
0.00879998
0.0084184
0.00803574
0.00782779
0.0120754
0.0115851
0.0110857
0.0108071
0.0148692
0.0142918
0.0136989
0.013364
0.00770725
0.00733022
0.00694926
0.00673822
0.00998
0.00957697
0.00918085
0.00897218
0.0132594
0.0128573
0.0124827
0.0123061
0.0159601
0.0155911
0.0152718
0.0151472
0.000939462
0.00101335
0.00111962
0.00119434
0.00207397
0.00213943
0.00226892
0.00239797
0.00445178
0.00445941
0.0045543
0.00467245
0.00698043
0.00687051
0.00684253
0.00684703
0.00851286
0.00828886
0.00807825
0.00798534
0.0114836
0.0109673
0.010431
0.01012
0.0153738
0.0145644
0.0137111
0.013203
0.0183126
0.0172732
0.0162992
0.0157682
0.00198021
0.002624
0.00562519
0.00880139
0.00318023
0.0041232
0.00862858
0.0135009
0.009066
0.00806835
0.0135437
0.0194969
0.0195574
0.0132464
0.0181072
0.0235584
0.00773416
0.00737595
0.00687728
0.00647516
0.00530213
0.00507268
0.00474484
0.00447475
0.0029836
0.00287045
0.00270045
0.00255507
0.00177937
0.00172324
0.00163187
0.00154985
0.00129552
0.00125989
0.00119946
0.0011439
0.000627885
0.000616782
0.000596752
0.000577712
0.000285804
0.000280634
0.000277918
0.000278881
0.000383452
0.000366281
0.000353932
0.000352054
0.0014685
0.00143748
0.00137579
0.00131403
0.000676581
0.000669739
0.000651347
0.000630645
0.000288389
0.000284214
0.000282094
0.000282926
0.000424261
0.000404326
0.000389183
0.000385783
0.000531127
0.000502352
0.00047907
0.000471803
0.000966523
0.000907611
0.000853571
0.000828739
0.00189954
0.00178716
0.00167289
0.00160887
0.00286659
0.00270401
0.00253044
0.00242569
0.00345128
0.00325867
0.00304989
0.00292108
0.00467756
0.00442281
0.00414107
0.00396218
0.00655731
0.00621301
0.00582403
0.00557009
0.00819488
0.00777563
0.00729633
0.00697884
0.00413879
0.00391914
0.00368537
0.00354508
0.00559547
0.00530727
0.00499475
0.0048018
0.00781308
0.00742711
0.00699956
0.0067278
0.00973468
0.00926729
0.00874328
0.008405
0.000706352
0.000665638
0.000631428
0.0006192
0.00136542
0.00128286
0.00120883
0.00117657
0.00271584
0.002565
0.00241737
0.00234014
0.0040823
0.00387081
0.00365338
0.00352989
0.00489807
0.00465072
0.00439295
0.00424332
0.00659871
0.00627703
0.00593606
0.00573267
0.00917168
0.00874511
0.00828335
0.00799942
0.0113907
0.0108772
0.0103145
0.00996275
0.00572184
0.00544747
0.00516832
0.00501267
0.00767144
0.00731905
0.00695535
0.00674756
0.0106033
0.0101425
0.00965734
0.00937161
0.0131206
0.0125704
0.0119846
0.0116337
0.00294662
0.00273797
0.00246856
0.00226531
0.00210493
0.00196026
0.00177298
0.0016314
0.00127821
0.00119559
0.00108898
0.00100873
0.000837574
0.000787728
0.000724418
0.000677651
0.00065615
0.000619357
0.000573618
0.000540609
0.000390476
0.000371697
0.000350611
0.000337152
0.000241148
0.000231584
0.000224514
0.000223128
0.000267194
0.000254867
0.000246014
0.000244575
0.000802187
0.000763489
0.00071295
0.000674715
0.000452856
0.000434699
0.000413167
0.000398517
0.000258425
0.000249846
0.000244015
0.000243581
0.000293398
0.000280522
0.000271673
0.000270816
0.000316593
0.000299928
0.000286504
0.000282322
0.000464033
0.00043468
0.00040671
0.000392772
0.00081511
0.000759114
0.000699161
0.000662726
0.00119766
0.00111424
0.00102075
0.000960276
0.00143228
0.00133197
0.00121774
0.00114235
0.00193001
0.00179426
0.001636
0.00152847
0.00272065
0.00253118
0.00230578
0.00214898
0.00342838
0.00319246
0.00290883
0.00270921
0.00183087
0.00171013
0.00157381
0.00148483
0.00247861
0.00231579
0.00212773
0.00200137
0.00349713
0.00327143
0.00300532
0.0028221
0.00440204
0.00412248
0.00378927
0.00355701
0.000408742
0.000387547
0.00037081
0.00036606
0.000674911
0.000633272
0.000594311
0.000575624
0.00127399
0.00119305
0.0011082
0.00105826
0.00191017
0.0017906
0.00165918
0.00157644
0.00229851
0.0021555
0.00199583
0.00189313
0.00311845
0.00292666
0.00270775
0.00256281
0.00439581
0.00413205
0.00382465
0.00361589
0.00552266
0.00519781
0.00481494
0.00455154
0.00283803
0.00267104
0.0024871
0.00237099
0.00385132
0.00362883
0.00337853
0.00321589
0.00541654
0.00511317
0.0047646
0.00453202
0.00678829
0.0064168
0.00598499
0.0056929
0.000679293
0.000604716
0.000513579
0.000448529
0.000507664
0.000452604
0.000385902
0.000338736
0.000340851
0.000305354
0.000263384
0.000234491
0.000256444
0.000231468
0.00020302
0.000184273
0.000220946
0.000200402
0.000177599
0.000163046
0.000164805
0.000151002
0.000136756
0.000128544
0.000138441
0.000128552
0.000119466
0.000115209
0.000153204
0.000142747
0.00013322
0.000128831
0.000304726
0.000279459
0.000250836
0.000232135
0.000214222
0.000198297
0.000181698
0.000172029
0.000167016
0.000156533
0.000147265
0.000143334
0.000183082
0.000171906
0.00016223
0.000158327
0.000166538
0.000154926
0.00014406
0.000138761
0.000197931
0.000182984
0.000167963
0.000159627
0.0002819
0.000258352
0.000232649
0.000216544
0.000377749
0.000344518
0.000306812
0.000281996
0.000434972
0.000395718
0.000350532
0.000320279
0.000554729
0.000502791
0.000441511
0.0003993
0.000755062
0.000682637
0.000595496
0.000534167
0.000940466
0.000849573
0.000739176
0.000660702
0.000606542
0.000555256
0.000496189
0.000456634
0.000789377
0.000720625
0.000639472
0.000583537
0.00109065
0.000994169
0.000878023
0.000796199
0.00136701
0.0012458
0.00109846
0.000993589
0.000238413
0.000224463
0.000212414
0.000207627
0.000311031
0.000290093
0.000269672
0.000258991
0.000494802
0.000457663
0.000417398
0.000392462
0.000700216
0.000645615
0.000583789
0.000543253
0.00082561
0.000760127
0.00068482
0.000634491
0.00109141
0.00100297
0.000898744
0.000827044
0.00152357
0.00139926
0.00124984
0.00114472
0.00191666
0.00176069
0.00157134
0.00143671
0.00109886
0.00101701
0.000923235
0.000860855
0.00146932
0.00135845
0.00122835
0.00113926
0.00206435
0.00190886
0.00172269
0.00159227
0.00260119
0.00240672
0.00217149
0.00200484
5.97302e-05
4.85948e-05
3.58959e-05
2.75415e-05
4.84967e-05
3.96475e-05
2.97266e-05
2.33241e-05
4.07192e-05
3.3973e-05
2.66646e-05
2.21341e-05
4.04517e-05
3.45487e-05
2.83628e-05
2.46832e-05
4.0351e-05
3.48388e-05
2.91275e-05
2.57759e-05
3.93907e-05
3.45875e-05
2.97246e-05
2.69551e-05
4.36218e-05
3.89092e-05
3.41658e-05
3.14778e-05
5.11725e-05
4.58868e-05
4.04675e-05
3.73088e-05
6.59982e-05
5.76987e-05
4.89472e-05
4.36958e-05
5.9885e-05
5.31311e-05
4.62677e-05
4.23525e-05
6.21462e-05
5.60007e-05
4.9912e-05
4.65616e-05
7.18079e-05
6.50579e-05
5.82715e-05
5.44457e-05
5.44022e-05
4.88095e-05
4.30115e-05
3.95788e-05
5.83252e-05
5.22525e-05
4.58023e-05
4.18586e-05
6.86966e-05
6.11755e-05
5.28957e-05
4.76079e-05
8.04643e-05
7.12263e-05
6.08295e-05
5.40224e-05
8.63978e-05
7.61971e-05
6.46148e-05
5.69609e-05
9.69145e-05
8.48666e-05
7.08886e-05
6.14363e-05
0.000116695
0.000101342
8.322e-05
7.07512e-05
0.000136004
0.000117541
9.558e-05
8.03563e-05
0.000135825
0.000120837
0.000103748
9.24089e-05
0.000158369
0.000139996
0.00011856
0.000103975
0.000198802
0.000174585
0.000145805
0.000125846
0.000237501
0.00020785
0.000172313
0.000147458
0.000103042
9.42784e-05
8.55545e-05
8.07381e-05
0.000114904
0.000104776
9.42846e-05
8.81317e-05
0.000147519
0.000133506
0.000118146
0.000108429
0.000185094
0.000166553
0.000145583
0.000131806
0.000206353
0.000185074
0.000160712
0.000144485
0.000249062
0.000222138
0.000190567
0.00016897
0.000323394
0.000286976
0.000243453
0.00021307
0.00039359
0.000348438
0.000293993
0.000255637
0.000303889
0.000274586
0.000240928
0.000218437
0.00037794
0.000339907
0.000295138
0.00026438
0.000504023
0.000451618
0.000388724
0.000344598
0.00062182
0.000556326
0.000476997
0.000420804
1.58685e-07
1.95888e-07
3.76621e-07
6.12859e-07
7.01529e-07
6.4291e-07
6.9842e-07
8.35588e-07
2.06734e-06
1.8109e-06
1.63003e-06
1.59688e-06
3.63842e-06
3.15526e-06
2.72026e-06
2.51756e-06
4.31424e-06
3.74101e-06
3.195e-06
2.91062e-06
5.344e-06
4.64206e-06
3.93488e-06
3.53026e-06
6.8813e-06
5.96657e-06
5.0039e-06
4.41763e-06
8.21916e-06
7.10506e-06
5.90749e-06
5.15836e-06
7.47179e-06
6.36485e-06
5.28972e-06
4.71322e-06
9.01827e-06
7.78695e-06
6.55086e-06
5.84889e-06
1.15485e-05
1.00454e-05
8.48073e-06
7.54238e-06
1.39096e-05
1.21107e-05
1.01954e-05
9.01236e-06
8.65389e-06
7.47292e-06
6.19289e-06
5.38417e-06
8.86852e-06
7.64495e-06
6.30033e-06
5.43744e-06
9.18332e-06
7.86935e-06
6.40524e-06
5.4525e-06
9.43971e-06
8.03178e-06
6.45375e-06
5.42224e-06
9.39492e-06
7.96207e-06
6.35331e-06
5.30121e-06
8.76765e-06
7.36506e-06
5.76887e-06
4.71254e-06
8.11163e-06
6.6906e-06
5.06583e-06
3.98995e-06
7.71557e-06
6.25533e-06
4.5912e-06
3.49716e-06
1.75163e-05
1.50015e-05
1.21742e-05
1.03227e-05
1.71713e-05
1.45807e-05
1.16225e-05
9.65673e-06
1.72547e-05
1.44305e-05
1.11759e-05
8.99911e-06
1.76541e-05
1.45825e-05
1.10373e-05
8.66835e-06
2.38838e-05
2.09936e-05
1.79188e-05
1.60243e-05
2.49958e-05
2.19558e-05
1.86655e-05
1.65957e-05
2.74913e-05
2.40246e-05
2.01884e-05
1.77151e-05
3.01381e-05
2.61756e-05
2.17324e-05
1.88293e-05
3.11341e-05
2.69382e-05
2.2209e-05
1.91052e-05
3.20022e-05
2.74633e-05
2.22562e-05
1.8778e-05
3.45103e-05
2.92462e-05
2.31295e-05
1.89978e-05
3.73196e-05
3.13421e-05
2.43646e-05
1.96364e-05
5.29362e-05
4.62538e-05
3.86966e-05
3.37212e-05
5.6924e-05
4.9356e-05
4.06263e-05
3.47602e-05
6.51771e-05
5.59338e-05
4.5106e-05
3.77218e-05
7.3534e-05
6.26889e-05
4.99013e-05
4.11298e-05
1.75921e-06
1.65333e-06
1.52006e-06
1.42181e-06
1.46525e-06
1.37452e-06
1.26077e-06
1.17742e-06
1.20306e-06
1.11827e-06
1.01451e-06
9.40366e-07
1.08248e-06
9.92116e-07
8.85468e-07
8.12004e-07
1.02601e-06
9.34085e-07
8.26264e-07
7.52527e-07
9.3917e-07
8.43392e-07
7.32081e-07
6.56787e-07
8.53794e-07
7.50937e-07
6.33113e-07
5.54736e-07
8.06474e-07
6.97032e-07
5.72998e-07
4.91514e-07
1.38918e-06
1.2787e-06
1.15671e-06
1.07832e-06
1.38289e-06
1.2474e-06
1.09631e-06
9.98143e-07
1.40676e-06
1.23641e-06
1.04601e-06
9.21977e-07
1.44572e-06
1.24735e-06
1.02582e-06
8.81701e-07
7.77402e-07
6.66908e-07
5.4187e-07
4.59912e-07
7.03147e-07
5.96704e-07
4.76013e-07
3.96842e-07
5.94864e-07
4.96576e-07
3.85216e-07
3.12388e-07
5.06651e-07
4.16361e-07
3.14648e-07
2.48678e-07
4.59148e-07
3.74249e-07
2.78902e-07
2.17348e-07
3.4049e-07
2.74237e-07
1.98837e-07
1.49672e-07
1.90298e-07
1.47856e-07
9.99834e-08
6.93359e-08
9.25849e-08
6.73724e-08
4.02669e-08
2.41022e-08
1.05758e-06
8.68965e-07
6.56778e-07
5.18474e-07
8.39045e-07
6.82327e-07
5.04042e-07
3.86885e-07
5.51197e-07
4.34653e-07
3.03417e-07
2.1877e-07
3.46632e-07
2.60268e-07
1.664e-07
1.08876e-07
2.67495e-06
2.29067e-06
1.86583e-06
1.59168e-06
2.63547e-06
2.24328e-06
1.80531e-06
1.5197e-06
2.53182e-06
2.13301e-06
1.68435e-06
1.38991e-06
2.41573e-06
2.01455e-06
1.56327e-06
1.26771e-06
2.31305e-06
1.91935e-06
1.47694e-06
1.1879e-06
1.94474e-06
1.59846e-06
1.20506e-06
9.45927e-07
1.45972e-06
1.16897e-06
8.40669e-07
6.27258e-07
1.1032e-06
8.53534e-07
5.77525e-07
4.03603e-07
4.78848e-06
4.01532e-06
3.14734e-06
2.58e-06
4.24679e-06
3.52881e-06
2.71317e-06
2.17491e-06
3.56802e-06
2.90067e-06
2.14301e-06
1.6461e-06
3.07875e-06
2.44306e-06
1.7289e-06
1.26833e-06
1.04672e-07
6.10261e-08
2.09026e-08
4.52428e-09
7.67724e-08
4.56152e-08
1.73551e-08
6.66284e-09
5.68488e-08
3.69602e-08
1.91504e-08
1.4036e-08
5.06526e-08
3.65585e-08
2.30817e-08
2.07977e-08
5.23702e-08
3.8897e-08
2.49662e-08
1.91449e-08
5.12116e-08
3.68948e-08
2.22593e-08
1.53803e-08
5.05954e-08
3.54846e-08
2.04019e-08
1.29158e-08
5.07093e-08
3.53269e-08
2.03541e-08
1.30037e-08
1.98844e-07
1.4986e-07
9.82824e-08
6.84299e-08
1.70022e-07
1.30146e-07
8.85179e-08
6.48149e-08
1.39898e-07
1.09782e-07
7.88453e-08
6.17704e-08
1.21489e-07
9.74529e-08
7.31667e-08
6.02122e-08
4.91011e-08
3.38515e-08
1.93287e-08
1.24376e-08
4.24309e-08
2.81999e-08
1.55517e-08
1.0606e-08
3.40537e-08
2.18088e-08
1.24034e-08
1.08766e-08
2.79626e-08
1.76612e-08
1.12599e-08
1.29925e-08
2.06656e-08
1.21443e-08
8.59048e-09
1.44267e-08
1.02174e-08
5.15825e-09
4.06047e-09
8.84179e-09
1.58104e-09
2.44166e-10
4.66069e-10
3.03525e-09
1.54213e-09
1.7483e-09
1.38417e-09
1.59474e-09
3.80387e-08
3.12514e-08
2.45775e-08
2.12469e-08
2.04183e-08
1.61891e-08
1.19382e-08
9.72608e-09
5.05645e-09
3.6807e-09
2.21284e-09
1.35117e-09
1.61809e-09
1.87244e-09
1.97123e-09
1.82923e-09
2.23324e-07
1.87159e-07
1.47479e-07
1.23137e-07
1.83745e-07
1.53647e-07
1.20814e-07
1.00903e-07
1.34e-07
1.11457e-07
8.71202e-08
7.26695e-08
9.87484e-08
8.15172e-08
6.31785e-08
5.25837e-08
8.14109e-08
6.65172e-08
5.07355e-08
4.16897e-08
4.97271e-08
3.98904e-08
2.92259e-08
2.29979e-08
1.72917e-08
1.32896e-08
8.7276e-09
5.94604e-09
4.44037e-09
3.67647e-09
2.47051e-09
1.48554e-09
1.92326e-07
1.56208e-07
1.16184e-07
9.11534e-08
1.30984e-07
1.04852e-07
7.53736e-08
5.66772e-08
5.96367e-08
4.58483e-08
3.01834e-08
2.02824e-08
2.06922e-08
1.49916e-08
8.62726e-09
4.75246e-09
