FiniteElementSpace
FiniteElementCollection: H1_2D_P2
VDim: 2
Ordering: 0

0
0.802863
1.52934
2.15622
2.70716
3.22379
3.73489
4.24906
4.76498
0
1.16406
2.14846
2.91785
3.53439
4.07449
4.59089
5.10534
5.62151
0.408909
0.998547
0.592585
0
1.17824
1.85677
1.68484
1.85463
2.55025
2.55712
2.43855
3.12755
3.2402
2.96745
3.65135
3.80991
3.47911
4.16317
4.33368
3.99158
4.67713
4.8479
4.50697
5.19326
5.36328
0.509003
1.4494
2.22196
2.8493
3.39282
3.90735
4.41973
4.9351
0.207005
0.464889
0.254303
0
0.993314
1.32139
1.22929
0.907843
1.69515
2.04445
2.04438
1.70017
2.29945
2.64759
2.7029
2.35816
2.83804
3.18173
3.26137
2.91988
3.35146
3.69367
3.77948
3.43847
3.86312
4.20569
4.29134
3.9492
4.37799
4.72102
4.80606
4.46308
0.607775
0.757971
1.08235
0.883655
0.549782
0.293561
0
1.35702
1.65855
2.00473
1.9238
1.56893
1.43147
2.00815
2.39027
2.73581
2.74292
2.39161
2.3593
2.57421
2.99051
3.33179
3.39019
3.04605
3.08318
3.0959
3.52261
3.86305
3.94317
3.60177
3.67395
3.60689
4.0352
4.37697
4.46239
4.1205
4.2045
4.12024
4.54834
4.8912
4.97655
4.63375
4.71936
4.63598
4.97911
5.06419
5.40741
5.49237
5.14919
5.23426
0.236959
1.1188
1.87645
2.50547
3.05174
3.56612
4.07732
4.592
0.68931
0.821242
0.270559
1.51521
1.79319
1.33187
2.20477
2.56854
2.20398
2.78544
3.1914
2.89458
3.31047
3.73314
3.46826
3.82133
4.24875
3.99203
4.33429
4.7624
4.50528
4.85007
5.2783
5.02015
0.10642
0.224331
0.12016
0
0.898681
1.05844
1.01432
0.857681
1.61302
1.78781
1.78937
1.61692
2.22838
2.40371
2.43252
2.25863
2.77281
2.94546
2.98609
2.81424
3.28763
3.45897
3.50232
3.33139
3.79897
3.97024
4.01323
3.84209
4.31351
4.48499
4.52753
4.35606
0.508741
0.650723
0.577654
0.438834
0.634419
0.789889
0.686727
0.529344
0.126381
0.262407
0.13193
0
1.26838
1.4384
1.4194
1.25218
1.55535
1.72663
1.68267
1.50988
1.1152
1.28121
1.20863
1.04094
1.93209
2.1081
2.12552
1.95137
2.30722
2.48008
2.48135
2.30751
1.95187
2.12494
2.10586
1.93152
2.50675
2.68071
2.71699
2.54413
2.92049
3.09135
3.11942
2.94814
2.62743
2.79929
2.81619
2.64365
3.03176
3.20353
3.24623
3.07504
3.45789
3.62802
3.66768
3.49749
3.19481
3.36507
3.40045
3.22999
3.54297
3.71419
3.75748
3.58652
3.97127
4.14199
4.18464
4.01396
3.71547
3.88582
3.92763
3.75729
4.05589
4.22726
4.26996
4.09864
4.48401
4.65536
4.69806
4.52674
4.22723
4.39831
4.44111
4.27008
4.57147
4.74301
4.78554
4.61399
4.99964
5.17125
5.21374
5.04215
4.74158
4.9131
4.95566
4.78416
0.308186
0.351329
0.487903
0.382049
0.246183
0
1.08647
1.22116
1.38679
1.3407
1.17538
0.954416
1.77564
1.96144
2.13443
2.13438
1.96173
1.77985
2.36946
2.57712
2.74921
2.77682
2.60507
2.45521
2.90288
3.11693
3.28761
3.32735
3.15698
3.02425
3.41527
3.62989
3.80061
3.84344
3.67294
3.5451
3.92732
4.14147
4.31272
4.35551
4.18435
4.05622
4.44247
4.6565
4.82806
4.87057
4.69903
4.5701
0.705786
0.799441
0.879413
0.724699
0.953172
1.12323
1.02545
0.852363
0.739231
0.570841
0.410772
0.44423
0.280894
0.14146
0
1.44396
1.60879
1.75901
1.58829
1.90054
2.07688
2.03793
1.85875
1.80617
1.62708
1.452
1.56
1.38179
1.29952
2.08281
2.28228
2.47124
2.29864
2.65331
2.82709
2.83168
2.65601
2.65147
2.47467
2.2992
2.45981
2.28194
2.25559
2.64097
2.85303
3.05949
2.88862
3.26215
3.43317
3.46293
3.29092
3.31599
3.1433
2.97115
3.16265
2.9891
3.00164
3.15988
3.37454
3.58709
3.4168
3.79825
3.96873
4.00902
3.83814
3.87681
3.70585
3.53533
3.74231
3.57115
3.60467
3.67086
3.88524
4.09917
3.92833
4.31285
4.48389
4.52665
4.35552
4.39806
4.22704
4.05631
4.26916
4.09822
4.13961
4.18463
4.39866
4.61271
4.44131
4.82678
4.99826
5.04093
4.86946
4.91221
4.7408
4.5695
4.78362
4.61229
4.65512
4.70048
4.87204
4.91459
5.08618
5.12873
4.95713
5.30033
5.34286
5.51447
5.55694
5.38534
5.42782
5.25624
5.08466
5.29876
5.1272
5.16979
0.115911
0.958876
1.70329
2.3318
2.8801
3.39519
3.90613
4.42051
0.54526
0.66071
0.129167
1.34623
1.61975
1.16248
2.03054
2.39499
2.02963
2.61285
3.02039
2.72239
3.13939
3.56295
3.29792
3.65033
4.07798
3.82163
4.16293
4.59103
4.33417
4.6785
5.10669
4.84862
0.331658
0.367565
0.123679
1.1562
1.28231
1.06605
1.87047
2.04918
1.87197
2.47445
2.6778
2.53092
3.01042
3.22252
3.09093
3.52273
3.73678
3.60906
4.03441
4.2485
4.12026
4.54948
4.76353
4.63455
0.754886
0.84057
0.607028
0.916693
0.989277
0.71279
0.396258
0.426916
0.135269
1.52861
1.6853
1.48878
1.83054
1.9695
1.74464
1.39702
1.50615
1.25415
2.18409
2.37783
2.21755
2.56293
2.74277
2.56671
2.21753
2.3798
2.18102
2.7478
2.95685
2.81945
3.16118
3.36265
3.21786
2.87449
3.0671
2.90915
3.26751
3.48104
3.35235
3.69278
3.90361
3.77225
3.43156
3.63885
3.50263
3.77811
3.99225
3.86446
4.20602
4.41971
4.2913
3.94992
4.16269
4.03358
4.29164
4.50569
4.37699
4.71974
4.93384
4.80511
4.4625
4.67653
4.54808
4.80753
5.02166
4.89259
5.2358
5.44991
5.32078
4.97762
5.19171
5.06272
0
-0.198809
-0.659888
-1.31682
-2.09197
-2.92725
-3.78419
-4.64399
-5.50173
1
0.718788
0.114655
-0.676481
-1.53583
-2.40616
-3.27047
-4.12916
-4.98566
-0.0711292
0.294599
0.895932
0.5
-0.399293
-0.252119
0.450239
-0.969179
-0.986401
-0.26658
-1.6937
-1.80967
-1.10244
-2.50497
-2.66549
-1.97134
-3.35462
-3.52727
-2.83923
-4.21426
-4.38674
-3.70028
-5.07314
-5.24381
-4.55752
0.454919
0.0526918
-0.603078
-1.39129
-2.23573
-3.09645
-3.95739
-4.81547
-0.0390504
0.204957
0.497802
0.25
-0.290785
-0.166247
0.182663
0.0580206
-0.809121
-0.783547
-0.422763
-0.451474
-1.50212
-1.54217
-1.18672
-1.15041
-2.297
-2.37068
-2.02203
-1.95097
-3.1405
-3.22582
-2.88093
-2.79672
-3.99923
-4.08594
-3.74243
-3.65592
-4.85864
-4.94432
-4.60117
-4.51542
-0.125025
0.386065
0.514139
0.820264
0.683358
0.943906
0.75
-0.522812
-0.0929649
-0.0630841
0.289391
0.258074
0.594386
-1.1388
-0.791437
-0.827647
-0.468835
-0.430134
-0.0714233
-1.8906
-1.59921
-1.67058
-1.31861
-1.24392
-0.88808
-2.71524
-2.45033
-2.53491
-2.18893
-2.10205
-1.75355
-3.56926
-3.31193
-3.39867
-3.05506
-2.96735
-2.62293
-4.42919
-4.17215
-4.25798
-3.91481
-3.82879
-3.48552
-5.2875
-5.37277
-5.02966
-5.11478
-4.77161
-4.68654
-4.34338
0.244216
-0.0455372
-0.612459
-1.34371
-2.15978
-3.01104
-3.87098
-4.72994
0.142318
0.610943
0.730757
-0.302168
0.104346
0.395579
-0.963296
-0.625899
-0.241927
-1.74486
-1.45635
-1.03403
-2.58314
-2.31845
-1.88597
-3.44083
-3.18317
-2.75125
-4.30076
-4.04348
-3.61387
-5.15859
-4.90069
-4.47232
-0.0241637
0.10659
0.251842
0.125
-0.242738
-0.165869
0.00848449
-0.0675848
-0.733111
-0.710039
-0.530617
-0.554621
-1.40864
-1.42293
-1.24635
-1.2335
-2.19408
-2.22861
-2.05507
-2.02167
-3.03375
-3.07593
-2.9038
-2.86216
-3.89171
-3.93517
-3.76346
-3.72014
-4.75134
-4.7943
-4.6227
-4.57973
-0.0956741
0.0119997
0.176437
0.0705221
0.423431
0.500634
0.650343
0.57147
0.504535
0.616672
0.743337
0.625
-0.459335
-0.41107
-0.232439
-0.28094
-0.0183249
0.00720793
0.18308
0.157058
0.241023
0.290952
0.457411
0.406351
-1.05289
-1.05077
-0.872427
-0.875872
-0.696347
-0.707726
-0.527174
-0.515533
-0.336127
-0.33113
-0.151209
-0.156239
-1.79155
-1.8179
-1.64304
-1.61804
-1.49489
-1.52728
-1.34987
-1.317
-1.08596
-1.10967
-0.930335
-0.906206
-2.60986
-2.64939
-2.47675
-2.43804
-2.34294
-2.38418
-2.21022
-2.16861
-1.91565
-1.95366
-1.77816
-1.73971
-3.46189
-3.50515
-3.33331
-3.29035
-3.2042
-3.2475
-3.0753
-3.03182
-2.77318
-2.81597
-2.6431
-2.60004
-4.32174
-4.365
-4.19336
-4.15014
-4.06479
-4.10782
-3.93616
-3.89309
-3.63487
-3.67813
-3.5063
-3.46294
-5.18034
-5.22304
-5.05147
-5.00874
-4.92258
-4.96519
-4.79363
-4.75102
-4.49397
-4.53675
-4.36516
-4.32236
-0.0523414
0.227445
0.332924
0.479805
0.373856
0.375
-0.343153
-0.103894
-0.0550395
0.11977
0.0705808
0.178617
-0.887909
-0.696839
-0.692492
-0.51182
-0.516596
-0.350562
-1.5972
-1.44236
-1.46645
-1.28853
-1.26483
-1.0679
-2.40067
-2.265
-2.30316
-2.12874
-2.09082
-1.88019
-3.24748
-3.11839
-3.16115
-2.98869
-2.94599
-2.7311
-4.10675
-3.97847
-4.02168
-3.84993
-3.80672
-3.59162
-4.96591
-4.83715
-4.8799
-4.70833
-4.66556
-4.45109
-0.159664
0.102678
0.343028
0.266792
0.565446
0.618231
0.77272
0.717405
0.861623
0.79129
0.710214
0.923611
0.839439
0.965941
0.875
-0.589797
-0.375269
-0.17099
-0.19609
0.0221993
0.0272578
0.203642
0.19843
0.371785
0.355801
0.329027
0.524669
0.496698
0.659357
-1.22685
-1.05601
-0.888176
-0.876717
-0.726113
-0.75098
-0.572069
-0.546183
-0.366916
-0.347075
-0.334976
-0.167971
-0.155296
0.0229222
-1.99079
-1.84753
-1.70416
-1.67184
-1.56328
-1.60254
-1.42713
-1.38671
-1.21035
-1.1723
-1.1386
-0.99498
-0.960074
-0.781861
-2.82107
-2.68982
-2.55786
-2.51672
-2.42668
-2.47024
-2.29761
-2.25331
-2.08018
-2.03622
-1.99394
-1.86246
-1.81919
-1.64466
-3.6767
-3.54838
-3.41962
-3.3764
-3.29096
-3.3345
-3.16281
-3.119
-2.9472
-2.90313
-2.85934
-2.73114
-2.68687
-2.51461
-4.53661
-4.40811
-4.27947
-4.23647
-4.15075
-4.19357
-4.022
-3.97914
-3.80757
-3.76452
-3.72136
-3.59294
-3.54966
-3.37804
-5.39463
-5.43724
-5.26568
-5.30829
-5.13674
-5.09413
-5.17931
-5.00775
-5.05024
-4.87864
-4.83617
-4.66457
-4.62205
-4.57944
-4.45046
-4.40786
-4.23628
0.118301
-0.114563
-0.630957
-1.32745
-2.12479
-2.96895
-3.82765
-4.68703
0.0439273
0.539112
0.625602
-0.344257
0.0839712
0.35112
-0.962277
-0.610755
-0.242382
-1.71743
-1.42182
-1.00739
-2.54351
-2.27634
-1.84652
-3.39772
-3.13968
-2.70801
-4.25759
-4.00048
-3.57056
-5.11591
-4.85811
-4.42958
0.0912781
0.356731
0.380119
-0.221454
0.00981536
0.126917
-0.791753
-0.603415
-0.432249
-1.51984
-1.36512
-1.16572
-2.33305
-2.19681
-1.98526
-3.18307
-3.05355
-2.8385
-4.04266
-3.91422
-3.69919
-4.90154
-4.77275
-4.55834
-0.0253906
0.225309
0.302727
0.456288
0.670847
0.757706
0.597463
0.81857
0.857336
-0.48129
-0.271777
-0.123776
-0.0729578
0.11443
0.279026
0.226148
0.428516
0.560111
-1.14124
-0.971519
-0.783655
-0.806266
-0.64796
-0.445815
-0.422256
-0.250148
-0.0627245
-1.91935
-1.77569
-1.56873
-1.63326
-1.49449
-1.27929
-1.21291
-1.06586
-0.855067
-2.75563
-2.62383
-2.40981
-2.49209
-2.36181
-2.14478
-2.06104
-1.92768
-1.71079
-3.61263
-3.48402
-3.26877
-3.35525
-3.2268
-3.01111
-2.92391
-2.79505
-2.5786
-4.47238
-4.3438
-4.12909
-4.21511
-4.08638
-3.87186
-3.78564
-3.65712
-3.44212
-5.33015
-5.20121
-4.98703
-5.07225
-4.94321
-4.72911
-4.6439
-4.51496
-4.30073
