FiniteElementSpace
FiniteElementCollection: L2_2D_P3
VDim: 1
Ordering: 0

5.53774e-05
0.000140563
0.000415937
0.000705287
0.000134467
0.000181862
0.000415747
0.000678068
0.000233614
0.000245875
0.000410307
0.00060172
0.000297001
0.000299263
0.000406489
0.000521944
0.00286185
0.0030441
0.00330997
0.00353627
0.0021707
0.00230991
0.00251638
0.00269456
0.00143699
0.00152614
0.00166335
0.00178518
0.00100478
0.00106064
0.00115142
0.00123511
0.00568225
0.00576904
0.00592996
0.00609062
0.00438836
0.00445602
0.00458537
0.00471674
0.00294
0.00298446
0.00307528
0.00317063
0.0020217
0.00205066
0.00211447
0.00218372
0.00686067
0.00682943
0.00684493
0.00690001
0.0053466
0.00531981
0.00533317
0.00538053
0.00362377
0.00360241
0.00361279
0.00365013
0.00251017
0.00249353
0.00250157
0.0025306
0.00650016
0.00637995
0.00627457
0.00623273
0.00506124
0.0049626
0.00487826
0.00484713
0.00342961
0.00335755
0.00329888
0.00328061
0.00237879
0.00232626
0.00228549
0.00227529
0.00462103
0.00441861
0.00418874
0.00403786
0.00357241
0.00341187
0.00323241
0.00311703
0.00240965
0.00229854
0.00217824
0.00210433
0.00168073
0.00160347
0.00152303
0.00147662
0.00182431
0.00165588
0.00145363
0.00131162
0.00141391
0.00128391
0.00112995
0.00102357
0.000984902
0.000897797
0.00079767
0.000730981
0.000738229
0.000678334
0.00061228
0.000570693
0.000177245
0.000137875
9.44207e-05
6.71243e-05
0.000159658
0.000127354
9.20059e-05
6.99576e-05
0.000152074
0.000126212
9.8376e-05
8.12809e-05
0.00015828
0.000134997
0.000110302
9.53816e-05
0.0014086
0.00157171
0.00180655
0.00200395
0.0010726
0.00119014
0.00136292
0.00151065
0.000739385
0.000807095
0.000911913
0.00100516
0.000563742
0.000600653
0.00066341
0.000722854
0.000306976
0.000301102
0.000297582
0.000298128
0.000380685
0.000375222
0.000371851
0.000372092
0.000575125
0.000579817
0.000589672
0.000599775
0.000796776
0.000818761
0.000851857
0.000879912
0.000486742
0.000389611
0.0003177
0.000294514
0.000455003
0.000372774
0.000340674
0.000356783
0.000378289
0.000334465
0.000399666
0.000511812
0.000307468
0.000302035
0.000469851
0.000685813
0.00440799
0.00455891
0.00479397
0.00500445
0.00337692
0.00349371
0.00367929
0.00384792
0.00224435
0.00232069
0.00244732
0.00256583
0.00154364
0.00159279
0.00167904
0.00176255
0.00014165
0.000129933
0.000116252
0.000106618
0.00022934
0.00022068
0.000207072
0.000194455
0.000640205
0.00064913
0.000652011
0.000646774
0.00120959
0.00124375
0.00127389
0.00128479
0.000245855
0.00022917
0.000212243
0.000202571
0.000325904
0.000312675
0.000297716
0.000287543
0.00062035
0.000625871
0.000632007
0.000635123
0.00100548
0.00103788
0.00107673
0.00110273
0.00649614
0.00651731
0.0065988
0.00670297
0.00504611
0.00506181
0.00512858
0.00521563
0.00340504
0.00341389
0.00346211
0.00352753
0.0023508
0.00235556
0.00239046
0.0024394
2.86867e-05
2.88735e-05
2.64781e-05
2.25521e-05
0.000107138
0.000110699
0.000107293
9.84319e-05
0.000651597
0.000666529
0.000667664
0.000654264
0.00145344
0.00148274
0.00149253
0.00147787
6.5581e-05
6.09047e-05
5.36648e-05
4.70253e-05
0.000150604
0.000148898
0.000140655
0.000129485
0.000646191
0.000659108
0.000661037
0.000650596
0.00135935
0.00139258
0.00141257
0.00140915
0.00685391
0.00677897
0.00673662
0.00674643
0.00534507
0.00528259
0.00524873
0.00525911
0.00362725
0.0035803
0.00355684
0.00356766
0.00251611
0.00248111
0.0024649
0.00247495
2.12543e-05
2.45739e-05
2.61406e-05
2.53296e-05
8.98602e-05
9.69045e-05
9.78238e-05
9.23043e-05
0.000643957
0.000655545
0.000651828
0.000634742
0.00147263
0.00148688
0.0014762
0.00144591
1.81838e-05
2.04986e-05
2.0468e-05
1.81347e-05
9.09938e-05
9.70053e-05
9.62002e-05
8.89805e-05
0.000653527
0.000667626
0.000666616
0.000650979
0.00149157
0.00151421
0.0015137
0.00149028
0.00575908
0.0055916
0.00541715
0.00531642
0.00446964
0.00433454
0.00419648
0.00411921
0.00301992
0.00292391
0.00282943
0.00278003
0.00209536
0.00202701
0.00196246
0.0019315
7.34303e-05
7.9994e-05
8.86183e-05
9.56266e-05
0.00013501
0.000144169
0.000151787
0.000154689
0.000592529
0.000596653
0.000589752
0.000575701
0.00126897
0.00126127
0.00123145
0.00119446
3.67794e-05
4.14388e-05
4.57192e-05
4.78365e-05
0.00010195
0.000110045
0.00011368
0.000111392
0.000621796
0.000630148
0.000624414
0.000607693
0.00139758
0.00140183
0.00138129
0.00134623
0.00321599
0.00301049
0.00276695
0.00259835
0.00248038
0.00231991
0.00213241
0.00200477
0.00168227
0.00157367
0.00145048
0.00136972
0.00119655
0.0011223
0.00104135
0.000991212
0.000216661
0.000220877
0.000231578
0.000244099
0.0002571
0.000260039
0.000267105
0.000275394
0.000506242
0.000494988
0.000481007
0.000471443
0.000862689
0.000829547
0.000785303
0.000751494
0.000137846
0.0001452
0.00015746
0.000169329
0.000192731
0.000200973
0.000211104
0.000218871
0.000558131
0.00055578
0.000546744
0.00053601
0.00108956
0.00106839
0.00103018
0.00099391
0.000756007
0.000652488
0.000530176
0.00044609
0.000603235
0.000523154
0.000429884
0.00036682
0.000456487
0.000401299
0.000338963
0.000298369
0.000384556
0.000343976
0.000299882
0.000272614
0.000257929
0.000244315
0.000232959
0.000228874
0.000254925
0.00023979
0.00022635
0.000220617
0.000292084
0.000269198
0.000246087
0.000233313
0.000353532
0.000319968
0.000283759
0.000261611
0.000270828
0.000266996
0.000268619
0.000274985
0.000288837
0.000282557
0.000280203
0.000282973
0.000417957
0.000398398
0.000378295
0.000367241
0.000604097
0.000565803
0.0005215
0.00049219
9.37615e-06
5.15836e-06
1.75758e-06
6.74815e-07
1.60908e-05
1.0456e-05
5.16908e-06
2.56312e-06
2.67115e-05
1.87949e-05
1.09031e-05
6.51833e-06
3.57477e-05
2.55484e-05
1.53756e-05
9.72102e-06
5.10892e-05
3.77661e-05
2.42606e-05
1.64725e-05
4.70232e-05
3.47344e-05
2.22722e-05
1.50881e-05
4.24269e-05
3.12282e-05
1.98758e-05
1.33523e-05
3.92747e-05
2.87413e-05
1.81096e-05
1.20546e-05
0.000168807
0.000149913
0.000130275
0.000118587
0.000158501
0.000140131
0.000121151
0.000109959
0.000154275
0.000134614
0.000114207
0.00010214
0.000158012
0.00013578
0.000112489
9.85947e-05
0.000746868
0.000890959
0.00111465
0.00131033
0.000665011
0.000749287
0.000884398
0.00100563
0.000560516
0.000592037
0.000650166
0.000707032
0.000489556
0.000497881
0.000521708
0.000549338
0.000423768
0.000435731
0.000458143
0.00048064
0.000320561
0.00032648
0.000340118
0.00035526
0.000247502
0.000250915
0.000260466
0.000271895
0.000246955
0.000252934
0.000265679
0.000279481
0.000337843
0.000306335
0.000361979
0.000451984
0.000413185
0.000345985
0.000328417
0.000352231
0.000474681
0.000381729
0.000309139
0.000282025
0.000491503
0.000395128
0.00031511
0.000281421
0.0036477
0.0038205
0.00407894
0.00430337
0.00278137
0.00291422
0.00311646
0.00329458
0.00184317
0.00192916
0.00206523
0.00218856
0.00127408
0.00132871
0.00141997
0.00150567
0.00101791
0.00105804
0.00112829
0.00119618
0.000619306
0.000636164
0.000672699
0.000712123
0.000291656
0.000286977
0.000290502
0.000300617
0.000196935
0.000183325
0.000171043
0.000165544
0.000812952
0.000853436
0.00092249
0.000988164
0.000516704
0.000533085
0.000567869
0.000605036
0.000287928
0.000282036
0.000283875
0.000292587
0.000239646
0.000224397
0.000210938
0.000205287
0.00614947
0.0062022
0.00632226
0.00645418
0.00476446
0.00480533
0.00490273
0.00501176
0.00320434
0.00323064
0.00329998
0.00338046
0.00220762
0.0022244
0.00227385
0.00233317
0.00174747
0.00175949
0.00179918
0.00184827
0.00101443
0.0010179
0.00104121
0.00107374
0.000352599
0.000349872
0.000356483
0.00036948
9.18641e-05
8.88642e-05
8.69749e-05
8.70101e-05
0.00159962
0.00162106
0.0016718
0.00172847
0.000930124
0.000938647
0.000967673
0.00100395
0.000332879
0.000330627
0.00033768
0.000350883
0.000105044
9.9956e-05
9.59303e-05
9.47233e-05
0.00690015
0.00684669
0.00683315
0.0068658
0.00538091
0.00533593
0.00532555
0.00535456
0.0036507
0.00361626
0.00360958
0.00363374
0.00253122
0.00250518
0.00250096
0.00252053
0.00200998
0.00198781
0.00198474
0.00200219
0.00117299
0.00115656
0.0011553
0.00116979
0.000403321
0.000395405
0.000395716
0.000404125
8.59106e-05
8.53966e-05
8.61906e-05
8.7973e-05
0.00199208
0.00197749
0.00198428
0.00200935
0.00116073
0.0011488
0.00115337
0.00117237
0.000397462
0.000390946
0.000393032
0.000402798
8.3993e-05
8.33698e-05
8.39669e-05
8.55356e-05
0.00618087
0.00603668
0.00589673
0.00582572
0.00480558
0.00468826
0.00457681
0.00452268
0.00325182
0.00316729
0.00309032
0.00305637
0.0022553
0.00219439
0.00214129
0.00212051
0.00179359
0.00174397
0.00170231
0.00168784
0.0010556
0.00102407
0.00100121
0.000997485
0.000382541
0.000371252
0.000366832
0.000371294
0.00010932
0.000110439
0.000114659
0.0001202
0.00189079
0.0018476
0.00181547
0.00180923
0.00110908
0.00108079
0.00106296
0.00106374
0.00039289
0.000381949
0.000378141
0.000383192
9.93198e-05
9.96752e-05
0.00010238
0.000106315
0.00393702
0.00372813
0.00348477
0.00331972
0.00303876
0.00287441
0.00268576
0.00256013
0.00205226
0.00193987
0.00181473
0.0017347
0.00144166
0.00136428
0.00128143
0.00123146
0.00116278
0.00110179
0.0010385
0.00100222
0.000722487
0.000687316
0.000654877
0.000640142
0.000339726
0.000330111
0.000326872
0.000331551
0.000202847
0.000205852
0.000215597
0.00022782
0.00134645
0.00128512
0.00122328
0.00118953
0.000817094
0.000781109
0.000748954
0.000735437
0.000348545
0.000338395
0.000334759
0.000339348
0.000172085
0.000175442
0.000184848
0.000196213
0.00123414
0.00109624
0.000931285
0.000816094
0.000965611
0.00085937
0.000734066
0.000647977
0.000693588
0.000621948
0.000539994
0.000485762
0.000545417
0.000495056
0.000439783
0.000405188
0.00047842
0.00043779
0.000394457
0.000368443
0.000368597
0.000342654
0.000317314
0.000304207
0.000288583
0.000275034
0.000264785
0.000262444
0.000277417
0.000267943
0.000262551
0.000263612
0.000626741
0.000579331
0.000528635
0.000498136
0.000448942
0.000420557
0.000393187
0.000379459
0.000309615
0.000298119
0.000291171
0.000291938
0.000276723
0.000271713
0.000272296
0.000278202
5.59352e-05
3.88654e-05
2.16342e-05
1.22006e-05
6.06211e-05
4.48989e-05
2.87499e-05
1.95249e-05
7.25219e-05
5.71946e-05
4.12118e-05
3.17397e-05
8.60425e-05
6.96769e-05
5.25445e-05
4.22987e-05
9.13564e-05
7.46756e-05
5.69631e-05
4.6126e-05
9.44794e-05
7.80489e-05
6.05831e-05
4.98436e-05
0.000101123
8.42125e-05
6.62385e-05
5.5161e-05
0.000108432
9.05127e-05
7.14484e-05
5.96812e-05
0.000160319
0.000138358
0.000115057
0.00010092
0.000156263
0.00013674
0.00011626
0.000103974
0.000159707
0.000141372
0.000122318
0.000110995
0.000169425
0.000150444
0.000130695
0.000118924
0.00210632
0.00228283
0.00253697
0.0027509
0.00158835
0.00172212
0.00191792
0.00208505
0.00105488
0.00113929
0.00126761
0.00138046
0.00075512
0.000806942
0.000890531
0.000967196
0.000626448
0.000662841
0.000725144
0.000784521
0.000426142
0.000439999
0.000470378
0.000503273
0.000286334
0.000280135
0.000281152
0.000288931
0.000277412
0.000263221
0.000251438
0.000247426
0.000490409
0.000514011
0.000558174
0.000602376
0.00036141
0.00036935
0.000390116
0.000414178
0.00027743
0.000274261
0.000277327
0.000285367
0.000286177
0.000280693
0.000278603
0.000281013
0.000293254
0.000277356
0.000262486
0.000255292
0.000367503
0.000354501
0.000341757
0.000334844
0.00060184
0.000605918
0.000613737
0.000620983
0.00089304
0.000922209
0.000962032
0.000992899
0.00106729
0.00111638
0.00118137
0.00123082
0.00147747
0.00157169
0.00169517
0.0017891
0.00223629
0.00241183
0.00264231
0.0028187
0.00301253
0.00327024
0.0036104
0.00387243
0.000911808
0.000947666
0.00100052
0.0010448
0.00116041
0.00123749
0.00134515
0.00143214
0.00159966
0.00175688
0.00197301
0.00214583
0.00203279
0.002275
0.00260805
0.00287491
0.000260558
0.000268364
0.000283819
0.000299798
0.000321762
0.000334858
0.000356148
0.00037578
0.000482213
0.000507012
0.000542615
0.000572339
0.000666103
0.000702238
0.000752201
0.000792251
0.000781567
0.000814042
0.000861883
0.00090354
0.000922914
0.000976343
0.0010572
0.0011273
0.00106845
0.00118665
0.00136239
0.00151192
0.00113917
0.00133646
0.00163407
0.00188815
0.000271782
0.000289612
0.000528443
0.000798595
0.00024329
0.00027773
0.000606002
0.00100002
0.000275138
0.00028903
0.000689139
0.00116227
0.00037917
0.000332364
0.000739527
0.00117313
0.00509656
0.00521735
0.00541814
0.00560611
0.00392117
0.00401513
0.00417509
0.00432721
0.0026162
0.00267801
0.00278874
0.00289736
0.00179734
0.00183752
0.00191414
0.00199185
0.001423
0.00145292
0.00151322
0.00157611
0.000832401
0.00084515
0.000878645
0.000917568
0.000314658
0.000312182
0.000318789
0.000331509
0.000126862
0.000119036
0.000112245
0.000109475
0.00122547
0.0012619
0.00132904
0.00139589
0.000726662
0.00074229
0.000778394
0.000818426
0.000300432
0.000297059
0.000302372
0.000313971
0.000157971
0.000147106
0.000137335
0.000132979
9.85845e-05
9.04695e-05
7.99825e-05
7.17178e-05
0.000185922
0.000180728
0.0001696
0.000157403
0.000643777
0.000654771
0.000656964
0.000648713
0.00129157
0.00132559
0.00135065
0.00135402
0.00174449
0.00179506
0.00183797
0.00185199
0.00282282
0.00290984
0.00299612
0.00304012
0.00481186
0.00496653
0.00513385
0.00523404
0.00685851
0.00708154
0.00733309
0.00749355
0.00160089
0.00165356
0.00170493
0.00172963
0.00252887
0.00262357
0.00272634
0.00278777
0.0042379
0.00441003
0.0046085
0.00473883
0.0059927
0.0062434
0.00654123
0.00674478
0.000192362
0.000177539
0.00016145
0.00015119
0.00027759
0.000266086
0.000251052
0.00023904
0.00063307
0.00064015
0.000644415
0.000643089
0.00111349
0.0011472
0.00118222
0.00120097
0.00143554
0.00148905
0.00154779
0.00158294
0.00219555
0.00229483
0.00241078
0.00248781
0.00359431
0.00377691
0.00399837
0.00415345
0.00502771
0.00529461
0.00562486
0.00586191
0.00125386
0.00130654
0.00137053
0.00141463
0.00183738
0.0019371
0.00206097
0.00214979
0.00291368
0.00309791
0.00333093
0.00350226
0.00401612
0.00428529
0.0046298
0.0048867
0.00672946
0.00672271
0.00676941
0.00684799
0.00523754
0.00523071
0.00526946
0.00533593
0.00354343
0.00353636
0.00356486
0.00361584
0.00245094
0.00244451
0.00246551
0.00250429
0.00194353
0.00193715
0.00195436
0.00198725
0.00113055
0.00112349
0.00113417
0.00115774
0.000386577
0.000381502
0.000385366
0.000396452
8.34256e-05
8.24983e-05
8.27506e-05
8.40707e-05
0.0018624
0.00186496
0.00189322
0.00193419
0.00108176
0.0010799
0.00109692
0.00112508
0.000371194
0.000367452
0.000372909
0.000385135
8.54115e-05
8.37616e-05
8.32616e-05
8.41196e-05
2.11597e-05
2.2668e-05
2.16838e-05
1.86532e-05
9.65779e-05
0.000101655
9.9785e-05
9.18194e-05
0.000653583
0.0006684
0.000668615
0.000654037
0.00147961
0.00150584
0.00151049
0.00149119
0.00207259
0.00210551
0.00211355
0.00209274
0.00349428
0.00353783
0.00355421
0.00353553
0.00611858
0.00618188
0.00621305
0.0061972
0.00882085
0.00890183
0.00894742
0.0089359
0.00202764
0.00206599
0.00208242
0.00206882
0.00340318
0.00345807
0.0034907
0.00348533
0.00594407
0.0060296
0.00609162
0.0061005
0.00856253
0.00867701
0.00876854
0.00879351
4.27753e-05
4.0923e-05
3.64556e-05
3.1324e-05
0.000124569
0.000125867
0.000120315
0.000110353
0.000648807
0.000663108
0.000664783
0.000652712
0.00141329
0.00144495
0.00145986
0.00145046
0.00195826
0.00200149
0.00202663
0.00202122
0.00326205
0.00332832
0.00337836
0.00338806
0.00567107
0.00578012
0.0058761
0.00591318
0.00815453
0.00830535
0.00844828
0.00851526
0.00186389
0.00191126
0.0019453
0.00194915
0.00306854
0.00314577
0.00321402
0.00324038
0.00529336
0.00542613
0.00555807
0.0056262
0.00758588
0.00777408
0.00797188
0.00808513
0.00672217
0.00662517
0.00655249
0.0065377
0.00523955
0.00515931
0.00510099
0.00509148
0.00355404
0.00349462
0.00345392
0.00345067
0.00246547
0.00242167
0.00239331
0.00239346
0.00195912
0.00192275
0.00190038
0.0019023
0.00114675
0.00112215
0.00110971
0.00111511
0.000400458
0.000390249
0.000387505
0.000393469
9.29263e-05
9.27791e-05
9.44518e-05
9.7269e-05
0.00199879
0.00196943
0.00195672
0.00196653
0.00116816
0.00114752
0.00114062
0.0011506
0.000404181
0.000395007
0.000393673
0.000400787
8.87752e-05
8.837e-05
8.94542e-05
9.15969e-05
2.70594e-05
3.09543e-05
3.36551e-05
3.40559e-05
9.38879e-05
0.00010141
0.000103486
9.93147e-05
0.000634184
0.000644229
0.000639365
0.000622168
0.00144199
0.00145147
0.0014358
0.00140281
0.00202244
0.00202974
0.00200614
0.00196323
0.00341552
0.0034124
0.00336986
0.00330838
0.00598551
0.00596401
0.00588699
0.00579121
0.00862858
0.0085866
0.00847458
0.00834587
0.00206846
0.00208288
0.00206716
0.00202901
0.00349837
0.00350783
0.00348012
0.00342859
0.00613506
0.00613619
0.00608672
0.00601027
0.00884604
0.00883685
0.00876531
0.00866548
1.83925e-05
2.12392e-05
2.19706e-05
2.03115e-05
8.89651e-05
9.55592e-05
9.55946e-05
8.91241e-05
0.000650459
0.00066343
0.000661049
0.000644535
0.00148922
0.00150785
0.00150223
0.00147515
0.00209233
0.00211332
0.00210541
0.00207248
0.00353947
0.00356061
0.00354734
0.00350603
0.00620776
0.00622982
0.00620665
0.0061493
0.00895154
0.00897248
0.00893904
0.00886716
0.00209389
0.00212101
0.00212097
0.00209378
0.00353869
0.00357107
0.00357229
0.00354178
0.00620376
0.00624616
0.00624933
0.00621177
0.00894572
0.00899601
0.00900067
0.00895749
0.00523564
0.00504786
0.00484217
0.00471376
0.00405541
0.00390522
0.00374352
0.00364504
0.00273661
0.00263131
0.00252177
0.00245853
0.00190179
0.00182773
0.00175368
0.00171387
0.00151747
0.0014582
0.00140086
0.00137195
0.000906821
0.000871205
0.000840831
0.000829656
0.00035904
0.00034826
0.000344071
0.000348415
0.00014532
0.000148228
0.00015622
0.000165843
0.00166825
0.00161307
0.00156273
0.00154048
0.000987449
0.000953379
0.000926204
0.000918385
0.00037077
0.000359552
0.000355026
0.000359269
0.000124342
0.000126389
0.000132481
0.000140013
0.000102346
0.00010962
0.000120418
0.000130102
0.000161262
0.000170389
0.000179722
0.000185348
0.000576367
0.000577607
0.000569922
0.000557636
0.00118549
0.00117114
0.00113697
0.00110007
0.00161504
0.00158767
0.0015334
0.00147889
0.00264362
0.00258184
0.00247924
0.00238509
0.00454278
0.00441682
0.00422466
0.00405779
0.00649402
0.0063001
0.00601533
0.00577494
0.0017501
0.00173202
0.00168481
0.00163175
0.0029035
0.00285659
0.00276763
0.00267941
0.00503396
0.0049335
0.00476714
0.0046142
0.00722531
0.00706778
0.00682146
0.00660345
5.17929e-05
5.73907e-05
6.37072e-05
6.80755e-05
0.000115302
0.00012401
0.000129575
0.000129707
0.000607677
0.000614108
0.000607755
0.000592126
0.00133978
0.00133831
0.00131303
0.00127663
0.00186333
0.00185432
0.00181481
0.00176426
0.00311932
0.00308771
0.00301403
0.00293373
0.00543905
0.0053659
0.00522913
0.00509399
0.00782601
0.00770831
0.00750665
0.00731699
0.00195413
0.00195362
0.00192206
0.00187497
0.00328972
0.00327288
0.00321492
0.00314374
0.00575523
0.00570886
0.00560251
0.00548694
0.00829181
0.00821343
0.00805766
0.00789864
0.00249772
0.002306
0.00207653
0.00191588
0.00192816
0.00177946
0.0016039
0.00148296
0.0013199
0.00122001
0.00110551
0.00102947
0.000958191
0.000890012
0.000814966
0.00076785
0.000794293
0.000740747
0.00068363
0.00064942
0.000535421
0.000504444
0.000474891
0.000460422
0.000322862
0.000312763
0.000308139
0.00031114
0.000260546
0.000259356
0.000264754
0.000274355
0.00097563
0.000917345
0.000855759
0.000819417
0.00062737
0.000593991
0.000562566
0.00054762
0.000331852
0.000322346
0.000318903
0.000323158
0.000234021
0.000235553
0.000244048
0.000255772
0.000249831
0.000250541
0.000257571
0.000267844
0.000279686
0.000278306
0.000281275
0.000287476
0.000467398
0.00045162
0.000434468
0.000424381
0.000735418
0.00069853
0.00065327
0.000621385
0.000909166
0.000857038
0.00079175
0.000744502
0.00132103
0.00123214
0.00111898
0.00103518
0.00208743
0.00193178
0.00173278
0.00158432
0.00287136
0.00264786
0.00236257
0.00214986
0.00110106
0.00105155
0.000985186
0.000933986
0.00166807
0.00157848
0.00145913
0.00136682
0.0027162
0.00255312
0.00233775
0.00217201
0.00378744
0.0035488
0.00323598
0.0029967
0.000177415
0.000183836
0.000196224
0.000209201
0.000226262
0.000232472
0.000241948
0.000250729
0.000535671
0.000529062
0.000517907
0.000508145
0.000981583
0.000953927
0.000912209
0.000876976
0.00128679
0.00124283
0.00117834
0.00112467
0.00201482
0.00193022
0.00181106
0.00171428
0.00335804
0.00319823
0.00297903
0.00280442
0.00473282
0.00449479
0.00417315
0.0039201
0.00145966
0.00142339
0.00136315
0.00130841
0.00234442
0.00226957
0.0021564
0.00205915
0.003977
0.0038303
0.00361949
0.0034448
0.00565136
0.00542917
0.00511773
0.0048647
0.000404437
0.000335126
0.000255174
0.000201872
0.000335688
0.0002812
0.000219206
0.000178515
0.000277113
0.000237661
0.00019401
0.0001663
0.000256363
0.000224979
0.000191301
0.000170755
0.000246378
0.000218761
0.000189522
0.000171986
0.000223118
0.000201348
0.000179108
0.000166427
0.000213359
0.000195666
0.000178368
0.000169149
0.00022222
0.000204877
0.000188067
0.000179228
0.000351738
0.000317856
0.000281887
0.000260364
0.000293716
0.000269934
0.000246255
0.000233458
0.000256872
0.000241039
0.000227048
0.000221142
0.000259351
0.000245478
0.000233891
0.000229707
0.000221367
0.000204126
0.000187418
0.000178629
0.000212548
0.00019482
0.000177481
0.000168229
0.000222379
0.000200345
0.000177837
0.000164988
0.000246679
0.000218372
0.000188408
0.000170422
0.000254789
0.000222874
0.000188665
0.000167807
0.000272798
0.000232599
0.000188266
0.000160233
0.000330993
0.000274668
0.000210971
0.000169468
0.000402853
0.000329992
0.000246669
0.000191686
0.000384802
0.0003445
0.000300045
0.000272022
0.000457481
0.000401469
0.000337468
0.000295256
0.0006155
0.000530737
0.000431426
0.000363915
0.000787821
0.00067424
0.000539871
0.000447493
0.000274503
0.000265644
0.0002608
0.000262107
0.000280954
0.000269851
0.000261717
0.000260262
0.000358636
0.000336593
0.000314356
0.000302279
0.000474621
0.00043751
0.000396308
0.000370284
0.000541902
0.00049475
0.000440944
0.00040568
0.000699831
0.000629003
0.000545273
0.000487875
0.00101056
0.000897085
0.000760103
0.00066381
0.00133555
0.00117943
0.000989686
0.000855227
0.000719631
0.000668313
0.000607292
0.000565443
0.000992339
0.00090998
0.000809135
0.000737345
0.00150835
0.00137004
0.0011983
0.00107389
0.00203923
0.00184463
0.00160225
0.00142597
8.12766e-07
3.04146e-07
1.10247e-07
5.41589e-07
1.7345e-06
6.81728e-07
4.68066e-08
3.60433e-07
4.21998e-06
1.86089e-06
2.74119e-07
2.9912e-07
6.43771e-06
2.77194e-06
4.65197e-07
3.48777e-07
6.6778e-06
2.78658e-06
3.56194e-07
4.36056e-07
7.93765e-06
3.45068e-06
4.28901e-07
1.8348e-07
9.79174e-06
4.47848e-06
6.79427e-07
2.68874e-08
1.1326e-05
5.36374e-06
9.71886e-07
1.67846e-08
3.89611e-05
2.78871e-05
1.66773e-05
1.03054e-05
4.22232e-05
3.05685e-05
1.87313e-05
1.19457e-05
4.68939e-05
3.43286e-05
2.15674e-05
1.42187e-05
5.08879e-05
3.74789e-05
2.3875e-05
1.60311e-05
1.17359e-05
5.66139e-06
1.14476e-06
7.98537e-08
1.06579e-05
5.03879e-06
9.72804e-07
1.71681e-07
9.35939e-06
4.3554e-06
8.76737e-07
4.02661e-07
8.44978e-06
3.91211e-06
8.93661e-07
6.72741e-07
8.62323e-06
4.28382e-06
1.22487e-06
6.19128e-07
5.07323e-06
2.40975e-06
5.12023e-07
3.14112e-07
2.08721e-06
8.63068e-07
4.85392e-08
2.40803e-07
1.39989e-06
6.16432e-07
1.6979e-07
4.67008e-07
3.60936e-05
2.65045e-05
1.7067e-05
1.18934e-05
2.51919e-05
1.80341e-05
1.10167e-05
7.18221e-06
1.38282e-05
8.99554e-06
4.62452e-06
2.60368e-06
7.27191e-06
3.852e-06
1.34665e-06
8.37325e-07
0.000108135
9.03351e-05
7.14425e-05
5.98156e-05
0.000100081
8.34175e-05
6.58419e-05
5.51121e-05
9.26336e-05
7.66133e-05
5.983e-05
4.96971e-05
8.90342e-05
7.28539e-05
5.60001e-05
4.59465e-05
8.31689e-05
6.74742e-05
5.14019e-05
4.20803e-05
6.72829e-05
5.28154e-05
3.8071e-05
2.96127e-05
5.37333e-05
3.91754e-05
2.45831e-05
1.65506e-05
4.85142e-05
3.28567e-05
1.74537e-05
9.36963e-06
0.000154644
0.000131317
0.00010691
9.2426e-05
0.000145386
0.000119651
9.23435e-05
7.58825e-05
0.000150247
0.000118236
8.37214e-05
6.25884e-05
0.000166731
0.000127638
8.51544e-05
5.89708e-05
