FiniteElementSpace
FiniteElementCollection: H1_2D_P2
VDim: 2
Ordering: 0

0
1.052
2.13077
3.14479
3.9971
4.62372
5.02237
5.27007
5.47677
0
0.938919
1.81258
2.59758
3.25175
3.74152
4.07046
4.29554
4.49954
0.517783
0.996947
0.478311
0
1.59302
1.97971
1.38453
2.65242
2.88721
2.2187
3.5962
3.64587
2.94363
4.34064
4.20397
3.51818
4.84839
4.56081
3.92371
5.15805
4.78759
4.19075
5.37261
4.9883
4.39571
0.498466
1.49304
2.44771
3.28915
3.95167
4.40466
4.68385
4.88558
0.255747
0.510299
0.249355
0
1.32219
1.54541
1.24566
1.02676
2.39445
2.55304
2.21667
2.05786
3.37627
3.44649
3.09339
3.01941
4.17634
4.15033
3.80539
3.82559
4.743
4.63001
4.31044
4.41782
5.0941
4.92272
4.62563
4.79432
5.32173
5.12919
4.83654
5.02962
0.783566
0.747703
0.966172
0.710447
0.486206
0.242046
0
1.86307
1.7381
1.89752
1.60099
1.43839
1.16371
2.90304
2.67162
2.74716
2.4119
2.33638
2.0187
3.80346
3.47357
3.45571
3.10271
3.12241
2.77505
4.48974
4.08451
3.97973
3.6352
3.74219
3.39033
4.94103
4.48767
4.32019
4.00102
4.1702
3.83749
5.21609
4.73725
4.54303
4.24438
4.44023
4.13326
5.424
5.23252
4.93589
4.74389
4.44683
4.64104
4.34559
0.253859
1.28624
2.30834
3.23845
3.99503
4.53049
4.86213
5.07952
0.767915
0.726887
0.244676
1.80307
1.67001
1.20353
2.79052
2.54576
2.11997
3.6425
3.29466
2.93966
4.29123
3.86707
3.60502
4.71749
4.24967
4.08054
4.97793
4.49297
4.38318
5.17992
4.69142
4.59194
0.126711
0.255445
0.126241
0
1.18694
1.30498
1.15648
1.04016
2.26325
2.35213
2.18373
2.09505
3.26195
3.3082
3.13024
3.08291
4.08862
4.08661
3.91206
3.91226
4.68521
4.63757
4.47586
4.52164
5.05934
4.9786
4.82924
4.90893
5.29607
5.20063
5.05469
5.14996
0.650293
0.776544
0.638936
0.514857
0.623065
0.737128
0.606685
0.492196
0.124745
0.246956
0.123187
0
1.72825
1.8338
1.67451
1.56996
1.61592
1.70433
1.55465
1.46584
1.12141
1.22459
1.08512
0.981448
2.77878
2.84756
2.67277
2.60348
2.56063
2.60961
2.442
2.39281
2.09885
2.16892
2.00943
1.93905
3.70153
3.72388
3.54607
3.52222
3.38282
3.38552
3.20988
3.20709
2.99154
3.01772
2.84456
2.81825
4.41716
4.39139
4.22259
4.2464
4.01977
3.97732
3.80615
3.84848
3.72725
3.70673
3.53184
3.55227
4.89625
4.82994
4.67518
4.73996
4.44749
4.36983
4.21113
4.28873
4.25878
4.1969
4.03157
4.09333
5.18768
5.09725
4.95088
5.04074
4.71104
4.61561
4.46704
4.5627
4.59415
4.50524
4.35253
4.4415
5.39815
5.30188
5.15436
5.25084
4.91052
4.81371
4.66602
4.76343
4.81215
4.71446
4.56755
4.66566
0.38621
0.381958
0.504629
0.373907
0.251718
0
1.45762
1.41594
1.51968
1.36957
1.26636
1.01222
2.52429
2.43151
2.50112
2.333
2.26317
2.01938
3.4878
3.34392
3.36887
3.19263
3.1669
2.95422
4.26044
4.07447
4.05217
3.8802
3.90138
3.73687
4.79741
4.58184
4.51833
4.35902
4.42153
4.31202
5.12693
4.89321
4.8038
4.65546
4.74453
4.67834
5.34715
5.1043
5.00747
4.86097
4.95819
4.90887
0.917506
0.897209
0.87235
0.758135
0.846737
0.951812
0.82513
0.717793
0.59485
0.481353
0.365532
0.360729
0.242782
0.122185
0
1.99734
1.93091
1.85941
1.7711
1.78433
1.85532
1.70742
1.63548
1.49333
1.41117
1.32132
1.27463
1.18309
1.05178
3.02516
2.90612
2.78052
2.7319
2.64751
2.6737
2.50569
2.47993
2.31616
2.27838
2.22899
2.11948
2.0699
1.91634
3.9021
3.73571
3.56127
3.55914
3.3766
3.35572
3.17847
3.20055
3.02435
3.03474
3.03229
2.86044
2.85889
2.68734
4.55866
4.3563
4.14589
4.18903
3.92489
3.86264
3.68964
3.75323
3.578
3.63229
3.67512
3.45556
3.49975
3.32232
4.98304
4.75714
4.52538
4.60347
4.28596
4.1966
4.03664
4.12685
3.96341
4.04868
4.1267
3.88175
3.96091
3.79074
5.24346
5.0041
4.7627
4.85798
4.51824
4.41965
4.27017
4.36924
4.21795
4.31628
4.41235
4.16257
4.25925
4.1026
5.45016
5.35462
5.20597
5.11042
4.9618
5.05794
4.86613
4.71737
4.62168
4.47293
4.56908
4.42106
4.51842
4.61639
4.37055
4.46896
4.32061
0.126806
1.17248
2.22422
3.19691
4.00125
4.58137
4.94482
5.17544
0.645426
0.614707
0.12394
1.70211
1.58548
1.1032
2.72654
2.50216
2.05466
3.62468
3.29771
2.91918
4.32077
3.9145
3.63105
4.78643
4.33054
4.14662
5.06958
4.58962
4.47426
5.27618
4.78836
4.69013
0.384865
0.37811
0.125555
1.43753
1.39318
1.13933
2.47863
2.38296
2.14192
3.41671
3.26929
3.06183
4.16837
3.9785
3.82081
4.69041
4.47146
4.36842
5.01049
4.77492
4.71242
5.2257
4.98276
4.93363
0.908148
0.885127
0.631297
0.859396
0.835121
0.599858
0.36963
0.362309
0.122511
1.96485
1.89571
1.6457
1.82222
1.746
1.52383
1.3455
1.29755
1.06781
2.96643
2.84419
2.61749
2.71501
2.57782
2.38006
2.28168
2.17494
1.96331
3.8198
3.64962
3.46552
3.47039
3.27948
3.11892
3.11371
2.94801
2.7674
4.45836
4.25224
4.12234
4.0369
3.80934
3.69419
3.7792
3.56745
3.42913
4.87072
4.6421
4.56227
4.40675
4.16269
4.08889
4.24421
4.00604
3.91312
5.12396
4.88373
4.83142
4.64089
4.39467
4.34317
4.53465
4.28837
4.22871
5.32801
5.08391
5.03251
4.83962
4.59511
4.54355
4.73886
4.4936
4.44436
0
0.0266222
0.244839
0.729182
1.46774
2.39219
3.40356
4.41651
5.40123
1
1.02349
1.19326
1.56496
2.13247
2.8615
3.7104
4.64104
5.61435
-0.00183798
0.505739
1.00206
0.5
0.104909
0.693405
1.08464
0.452768
1.12237
1.35325
1.06996
1.78127
1.82604
1.91255
2.61603
2.47939
2.89336
3.55274
3.27349
3.91317
4.52774
4.16772
4.91186
5.50763
5.12538
0.485915
0.571375
0.87703
1.42578
2.18107
3.0763
4.03817
5.01831
-0.00186499
0.238851
0.488578
0.25
0.0586947
0.333375
0.532047
0.262035
0.340147
0.659717
0.777404
0.464014
0.891923
1.24316
1.26715
0.920745
1.68498
2.04289
1.97617
1.62018
2.64091
2.98159
2.84361
2.50055
3.65889
3.9732
3.79469
3.47525
4.66515
4.9642
4.77306
4.47031
0.00704018
0.490971
0.758937
1.00845
0.740329
1.00244
0.75
0.166626
0.624887
0.935282
1.13268
0.820795
1.04853
0.582582
0.992143
1.33606
1.45274
1.10701
1.26674
1.2623
1.59746
1.95162
1.97388
1.6193
1.68955
2.14884
2.39477
2.73696
2.66638
2.32664
2.3012
3.14802
3.31301
3.63248
3.48912
3.17469
3.06408
4.16581
4.28266
4.58575
4.40267
4.10437
3.93678
5.15698
5.4544
5.26323
5.561
5.36978
5.07264
4.88219
0.240923
0.29088
0.553599
1.07465
1.82646
2.73886
3.72409
4.71771
0.245272
0.744992
0.7427
0.390784
0.871057
0.783767
0.782232
1.21451
1.01389
1.42536
1.77969
1.47119
2.26807
2.52788
2.13424
3.22744
3.40149
2.95288
4.22206
4.34412
3.86698
5.20974
5.31688
4.82875
-0.000480156
0.119113
0.244698
0.125
0.0409394
0.173738
0.274841
0.143348
0.290256
0.445689
0.506737
0.353257
0.808514
0.982145
0.995811
0.823801
1.57493
1.75469
1.72197
1.5429
2.51596
2.6889
2.61907
2.44538
3.53131
3.69059
3.59959
3.43847
4.54109
4.69094
4.59412
4.44277
0.00135616
0.12526
0.240884
0.117752
0.48735
0.616887
0.74162
0.612182
0.493127
0.6148
0.745864
0.625
0.133689
0.277561
0.360145
0.218038
0.596309
0.746292
0.844236
0.694505
0.517358
0.656461
0.769914
0.631057
0.515469
0.681228
0.718937
0.555056
0.93268
1.10159
1.159
0.990251
0.733464
0.893874
0.972793
0.812599
1.16435
1.34274
1.3326
1.15545
1.51006
1.68722
1.69802
1.52106
1.19299
1.36758
1.40198
1.22754
2.02967
2.20745
2.15447
1.9767
2.2869
2.46058
2.42623
2.25295
1.87741
2.05413
2.04166
1.86522
3.02049
3.18676
3.1042
2.9365
3.19422
3.35709
3.28752
3.12521
2.72911
2.89782
2.84414
2.67591
4.03972
4.19319
4.09769
3.94235
4.16032
4.3135
4.22398
4.07135
3.67348
3.83086
3.74933
3.59256
5.03459
5.18325
5.08708
4.93772
5.14082
5.2901
5.19474
5.04555
4.65039
4.80101
4.70711
4.55686
-0.00284491
0.238961
0.361521
0.486384
0.363988
0.375
0.0798798
0.310331
0.451086
0.550012
0.410259
0.382787
0.394215
0.604587
0.766959
0.825277
0.664088
0.577316
0.979025
1.15712
1.33322
1.34479
1.16958
1.02019
1.79753
1.93349
2.11103
2.07745
1.90028
1.69961
2.76675
2.85976
3.0283
2.95939
2.79052
2.55749
3.7862
3.84865
4.00529
3.91627
3.75893
3.51348
4.78873
4.84107
4.99112
4.89571
4.74519
4.49876
0.0153455
0.252249
0.49702
0.367139
0.750704
0.889638
1.01481
0.875441
1.00427
0.870299
0.740806
1.00154
0.872142
1.00262
0.875
0.203549
0.425374
0.657243
0.506483
0.901409
1.06196
1.16142
0.999659
1.10717
0.950669
0.800699
1.06517
0.914313
1.03471
0.653746
0.849515
1.05541
0.885791
1.27357
1.44836
1.50734
1.33136
1.40145
1.2278
1.05866
1.30842
1.13797
1.22842
1.3634
1.52126
1.68792
1.51022
1.86428
2.04062
2.05191
1.87513
1.89862
1.72082
1.54368
1.75639
1.57835
1.6258
2.26971
2.38349
2.50454
2.33055
2.63151
2.79888
2.76299
2.59651
2.57186
2.40211
2.22929
2.38919
2.21654
2.21565
3.27574
3.35116
3.43255
3.26964
3.51651
3.67193
3.5991
3.44565
3.38057
3.22424
3.06311
3.16798
3.0084
2.96192
4.29142
4.34628
4.40515
4.25203
4.46473
4.61395
4.52147
4.374
4.28473
4.13666
3.98535
4.05172
3.90246
3.82299
5.27916
5.42782
5.33216
5.48095
5.3855
5.2364
5.53435
5.43898
5.58772
5.49213
5.34349
5.24749
5.09933
4.95062
5.00358
4.85593
4.76132
0.121891
0.156882
0.39733
0.901021
1.64741
2.56653
3.56453
4.56704
0.120295
0.613472
0.618948
0.245803
0.718638
0.642269
0.616031
1.04408
0.851366
1.24739
1.60262
1.29585
2.09106
2.35574
1.95839
3.06138
3.24065
2.78612
4.06791
4.19225
3.7114
5.06063
5.16784
4.67886
0.117473
0.361856
0.368405
0.194037
0.428925
0.394947
0.498226
0.713518
0.618697
1.06696
1.24967
1.09306
1.86449
2.00448
1.79861
2.81228
2.90889
2.67333
3.81655
3.88204
3.63605
4.8145
4.86823
4.62202
0.132864
0.373593
0.363196
0.622673
0.881325
0.871855
0.612696
0.870538
0.873865
0.313315
0.539936
0.476906
0.777609
1.02914
0.973559
0.673839
0.930984
0.900599
0.75047
0.951083
0.824404
1.16279
1.38823
1.27791
0.940193
1.18119
1.09827
1.44127
1.60344
1.42011
1.77481
1.95655
1.79656
1.4427
1.64809
1.51179
2.3256
2.44318
2.21978
2.56736
2.69676
2.49827
2.15238
2.30819
2.12734
3.3125
3.39131
3.1486
3.47443
3.55823
3.3343
3.0109
3.11559
2.90281
4.31815
4.37542
4.12864
4.43506
4.49368
4.25497
3.95086
4.01914
3.7867
5.30563
5.35876
5.11385
5.41228
5.46564
5.22136
4.92326
4.97749
4.73472
