FiniteElementSpace
FiniteElementCollection: H1_2D_P2
VDim: 2
Ordering: 0

0
-0.00381623
-0.00130529
-0.0012437
-0.00452179
-0.0149343
-0.0439884
-0.0905882
-0.142213
0
0.00194009
-0.00151989
-0.00613234
-0.0125516
-0.0296633
-0.0658961
-0.116227
-0.170333
-0.00313176
-0.00109482
0.00199611
0
-0.00275654
-0.00123789
0.000540556
-0.000690087
-0.00329693
-0.00380027
-0.00256527
-0.00757058
-0.00875559
-0.00805372
-0.0204207
-0.0190065
-0.0267497
-0.0533203
-0.0453768
-0.0658265
-0.102835
-0.090027
-0.116453
-0.156389
-0.143263
-0.000614579
-0.00113235
-0.00193439
-0.00509076
-0.0120426
-0.0341337
-0.076825
-0.12968
-0.0018347
-0.0014709
-0.000238774
0
-0.00342983
-0.00183735
-0.00114419
-0.00222203
-0.000847729
-0.00129975
-0.00149447
-0.00124681
-0.00183659
-0.00365067
-0.00414614
-0.00220014
-0.00598927
-0.0096182
-0.00944025
-0.00573806
-0.0201624
-0.0299722
-0.0265672
-0.0171812
-0.0544257
-0.07111
-0.0646405
-0.0482959
-0.103487
-0.123021
-0.116233
-0.0966152
-0.00374898
-0.00092433
7.66899e-05
0.00218423
0.000230051
0.00123871
0
-0.0019879
-0.00113736
-0.00130794
-0.000440629
-0.00042901
0.0013606
-0.000838157
-0.00254738
-0.00459409
-0.00495732
-0.00271075
-0.00265015
-0.00343342
-0.00618802
-0.00989511
-0.0104241
-0.00683577
-0.00736954
-0.0109586
-0.0156298
-0.024566
-0.0237325
-0.015194
-0.0153425
-0.0347147
-0.0430902
-0.0591416
-0.055094
-0.0392296
-0.0368767
-0.0779597
-0.0896332
-0.109351
-0.102959
-0.0830941
-0.0776067
-0.129332
-0.149332
-0.143096
-0.16335
-0.156859
-0.136411
-0.129693
-0.000599392
-0.00212008
-0.00116187
-0.0028722
-0.00734194
-0.0228695
-0.0592459
-0.1098
-0.00203186
0.000211311
0.000111057
-0.00150432
-0.00081095
-0.000138147
-0.00165919
-0.00360448
-0.00193989
-0.00456921
-0.00819503
-0.00566359
-0.0128211
-0.0192692
-0.0121476
-0.0384806
-0.0485836
-0.0312071
-0.0836461
-0.0960421
-0.0707181
-0.136171
-0.149968
-0.122847
-0.00080898
-0.00103961
-0.000218809
0
-0.00366974
-0.00271254
-0.00220148
-0.00293217
-0.0010398
-0.00100667
-0.00117829
-0.00127034
-0.00152174
-0.00232664
-0.00252206
-0.0017087
-0.00519138
-0.00656501
-0.00647083
-0.00504733
-0.0173748
-0.0213856
-0.0198517
-0.0159254
-0.0490703
-0.0567709
-0.0536422
-0.0460561
-0.097017
-0.106636
-0.103192
-0.0935874
-0.00350958
-0.00277866
-0.00180142
-0.00216103
-0.000785366
-0.000403123
0.000239181
-0.000239456
-8.28733e-05
-8.87942e-05
5.40165e-05
0
-0.00237038
-0.00172633
-0.00166895
-0.00225766
-0.0011281
-0.000974392
-0.000607686
-0.00079486
-0.00113184
-0.000669279
-2.18103e-05
-0.000548713
-0.000727102
-0.00124603
-0.00145341
-0.000997648
-0.00222117
-0.00304892
-0.00314407
-0.00229746
-0.00134446
-0.00169693
-0.00160689
-0.00126123
-0.00297867
-0.00393771
-0.00408686
-0.00306303
-0.00561357
-0.00715023
-0.00748437
-0.00593014
-0.00371014
-0.00487589
-0.0051185
-0.00391792
-0.0093781
-0.0117627
-0.0110878
-0.00871991
-0.0136994
-0.0173489
-0.0170917
-0.0135328
-0.00843022
-0.0107249
-0.010939
-0.00867925
-0.0305563
-0.036492
-0.0340553
-0.0282398
-0.0384449
-0.0457215
-0.0437475
-0.0365615
-0.0233198
-0.0287679
-0.0277159
-0.0223809
-0.071816
-0.0807756
-0.0773091
-0.0684236
-0.0831657
-0.0927801
-0.0895104
-0.0798845
-0.0588581
-0.0675878
-0.0648161
-0.0561255
-0.122909
-0.132726
-0.129604
-0.119727
-0.136394
-0.146539
-0.143195
-0.133037
-0.109519
-0.119516
-0.116085
-0.106053
-0.00259504
-0.00105349
-0.000995524
-0.000424453
-0.000396279
0
-0.00311613
-0.00199349
-0.00146894
-0.00114169
-0.00160996
-0.00162816
-0.000727746
-0.00120171
-0.00160643
-0.00169155
-0.0013196
-0.00123344
-0.00218622
-0.00324729
-0.00432813
-0.00460426
-0.00347783
-0.00272642
-0.00692549
-0.00837927
-0.0107328
-0.0106346
-0.00830697
-0.00658463
-0.0232754
-0.0262426
-0.0319384
-0.0301742
-0.0246005
-0.0186852
-0.0600182
-0.0650786
-0.0739049
-0.0706398
-0.0618644
-0.0507142
-0.109973
-0.116413
-0.126341
-0.122956
-0.112997
-0.099693
-0.00384795
-0.00216914
-0.0010275
-0.00143804
0.00015509
0.000879323
0.00211084
0.00104054
0.00214902
0.000943474
0.000181913
0.00170641
0.000514013
0.000566621
0
-0.00162363
-0.00135912
-0.00117174
-0.0013094
-0.00104416
-0.001391
-0.000971674
-0.000635951
6.58266e-05
5.3976e-06
-0.000273882
0.000975579
0.000519403
0.00168634
-0.00101324
-0.00191004
-0.00290756
-0.00208811
-0.00408882
-0.0053334
-0.00554298
-0.00423725
-0.00437969
-0.00320534
-0.00230895
-0.00322535
-0.00225121
-0.00208183
-0.00393991
-0.00511165
-0.00683246
-0.00532307
-0.00899127
-0.0111916
-0.0114233
-0.00929423
-0.00954893
-0.0077855
-0.00623318
-0.00804037
-0.00650025
-0.00674171
-0.0127912
-0.0148437
-0.0178649
-0.0141168
-0.0217574
-0.0269866
-0.0265425
-0.0213925
-0.0212299
-0.017017
-0.0135582
-0.0170573
-0.013689
-0.013856
-0.039191
-0.0432346
-0.0480571
-0.0406791
-0.0537232
-0.0623913
-0.0603686
-0.0516997
-0.0500889
-0.0421596
-0.0350482
-0.0409678
-0.0339019
-0.0331078
-0.0842266
-0.0900902
-0.0961977
-0.086593
-0.102663
-0.112739
-0.109564
-0.0994315
-0.096443
-0.0864703
-0.0768206
-0.0837416
-0.0740519
-0.0716497
-0.135742
-0.145757
-0.142738
-0.152875
-0.149768
-0.139635
-0.15987
-0.156699
-0.166821
-0.163637
-0.153396
-0.150072
-0.13981
-0.129626
-0.136476
-0.126234
-0.122947
-0.000358203
-0.00286126
-0.00110818
-0.00200153
-0.00573992
-0.0184827
-0.0512813
-0.100094
-0.0025306
-0.000320952
-2.98003e-05
-0.00199103
-0.000875006
-0.000611183
-0.00109095
-0.00265626
-0.00145926
-0.00347852
-0.0065122
-0.00438622
-0.0101121
-0.0153022
-0.0096235
-0.0321931
-0.0409778
-0.0254014
-0.074527
-0.0862717
-0.0617383
-0.126239
-0.139794
-0.112769
-0.00166916
-0.000696759
-0.000136597
-0.00250459
-0.00154884
-0.00164074
-0.000967933
-0.00143737
-0.00125298
-0.00268041
-0.00388903
-0.0030896
-0.00754467
-0.00941609
-0.00737374
-0.024634
-0.0280918
-0.0214686
-0.0624942
-0.0677885
-0.0561637
-0.113185
-0.11967
-0.10633
-0.00290953
-0.00156342
-0.00124878
-0.000480006
0.000988381
0.00102835
-0.000161742
0.000778425
0.000186295
-0.00147968
-0.00125559
-0.00138515
-0.0011019
-0.00100048
-0.000300904
-0.000729118
0.000279346
0.000720857
-0.00145407
-0.00239042
-0.0018247
-0.00347082
-0.0047781
-0.00371328
-0.00197713
-0.00271824
-0.00180932
-0.00445287
-0.00590962
-0.00480134
-0.00786479
-0.010184
-0.00850431
-0.00538804
-0.00712378
-0.00590673
-0.0136885
-0.0162419
-0.0122904
-0.0197041
-0.0240309
-0.0190642
-0.0120191
-0.0152376
-0.0123534
-0.0411176
-0.0455455
-0.0361393
-0.0507793
-0.0569121
-0.0467764
-0.0324908
-0.0378656
-0.0302772
-0.0871382
-0.0931047
-0.0801828
-0.0993815
-0.106054
-0.0928966
-0.0736467
-0.0801803
-0.0681134
-0.139214
-0.146261
-0.132995
-0.153241
-0.16015
-0.14661
-0.126275
-0.133019
-0.119473
0
-0.010781
-0.0149683
-0.0105506
-0.0022891
0.0155951
0.0453971
0.0787912
0.108512
0
-0.00898676
-0.0143111
-0.0129415
-0.0108618
-0.00734951
0.00447884
0.0273923
0.0561121
-0.00580205
-0.0101144
-0.00420341
0
-0.0142234
-0.0153882
-0.012688
-0.013375
-0.0121558
-0.0140789
-0.00705734
-0.00720276
-0.0117892
0.00498512
0.00326179
-0.00968582
0.0293977
0.0243174
-0.0028583
0.0622508
0.0529205
0.0147439
0.0942578
0.0821192
0.0415314
-0.00435342
-0.0141585
-0.0142862
-0.00987383
-0.00314664
0.0124735
0.0381078
0.0678693
-0.00339331
-0.00498401
-0.00166661
0
-0.0128031
-0.0143317
-0.012459
-0.0105124
-0.0143967
-0.0139395
-0.0150518
-0.0153242
-0.00889935
-0.00847454
-0.0110222
-0.0114087
0.000963099
0.000861126
-0.005417
-0.00474699
0.0221446
0.020642
0.00751377
0.00925625
0.053799
0.0498316
0.0310256
0.0344955
0.0866913
0.0809404
0.060431
0.065596
-0.00836049
-0.00731772
-0.00963886
-0.00661623
-0.00407528
-0.00212005
0
-0.0149425
-0.0151276
-0.0151123
-0.0137703
-0.0136811
-0.0110664
-0.0120556
-0.0132714
-0.0126899
-0.013557
-0.0143598
-0.0143759
-0.00490734
-0.00864092
-0.00936405
-0.0113127
-0.0110511
-0.0123337
0.00985782
-0.000279326
-0.00231653
-0.00872736
-0.00677652
-0.0103556
0.0372055
0.0180997
0.0144369
0.000433139
0.00469027
-0.00542809
0.0706172
0.0454441
0.0403399
0.0208222
0.0265716
0.00926696
0.101485
0.0952811
0.0751218
0.0691577
0.0488663
0.054872
0.0343345
-0.00219583
-0.0127438
-0.0148551
-0.00999032
-0.00224784
0.0145931
0.0420472
0.0733667
-0.00783459
-0.00691386
-0.00151121
-0.0151856
-0.0147277
-0.0119567
-0.0127464
-0.0135597
-0.0149365
-0.00677219
-0.0102567
-0.0118463
0.00467891
-0.00483244
-0.00824737
0.0273154
0.00923073
0.000843732
0.0577188
0.0333063
0.0202467
0.0882285
0.0621434
0.0475638
-0.00200687
-0.00270385
-0.00101631
0
-0.011864
-0.0128069
-0.0116979
-0.01067
-0.0147546
-0.0146571
-0.0151566
-0.0151827
-0.00974137
-0.00944273
-0.0107091
-0.0109865
-0.000754797
-0.000633056
-0.00356653
-0.00350309
0.0187684
0.0183002
0.0118319
0.0123815
0.0495802
0.0477975
0.0382339
0.0398245
0.0827789
0.0799673
0.0694997
0.0721042
-0.00708392
-0.00810559
-0.00641128
-0.00538857
-0.00583462
-0.00709879
-0.00548718
-0.00416493
-0.000677204
-0.00153851
-0.000594304
0
-0.0146815
-0.0151033
-0.0148516
-0.0143161
-0.0147334
-0.0149785
-0.014288
-0.0139653
-0.0113557
-0.0122403
-0.0108611
-0.00988801
-0.0127444
-0.0124169
-0.0133684
-0.0136814
-0.0137996
-0.0134496
-0.0139768
-0.0143619
-0.0152838
-0.0150392
-0.0150836
-0.0153002
-0.00602935
-0.00582512
-0.00765511
-0.00775615
-0.00927521
-0.00949712
-0.0106592
-0.0105028
-0.0115899
-0.0114688
-0.0122622
-0.0124552
0.00730712
0.00724705
0.00267671
0.0029202
-0.00179234
-0.00262105
-0.0058688
-0.00502772
-0.00636207
-0.00689516
-0.00884093
-0.0083399
0.0332387
0.0321503
0.0239078
0.0249282
0.0152084
0.0136375
0.00687555
0.00854179
0.00529947
0.00412746
-0.00081897
0.000412627
0.0664513
0.0640588
0.0537698
0.05592
0.0417516
0.0393863
0.0298947
0.0323444
0.0276178
0.0256318
0.0172717
0.0193617
0.0979071
0.0948569
0.0846234
0.0875716
0.0715256
0.0686377
0.0585226
0.0613822
0.0566778
0.0540119
0.043935
0.0466446
-0.00455528
-0.00356388
-0.00463086
-0.00294733
-0.00188093
0
-0.013606
-0.0136261
-0.0142786
-0.0133952
-0.0126263
-0.0103242
-0.0139353
-0.0144425
-0.0141426
-0.0147106
-0.0149876
-0.0153933
-0.00800576
-0.00924924
-0.00918856
-0.0104535
-0.0105226
-0.0118023
0.00286676
-0.000777396
-0.00117273
-0.00434953
-0.00385506
-0.00599222
0.0256869
0.0175336
0.016498
0.00990814
0.010999
0.00621204
0.0580266
0.0459189
0.0439162
0.0345278
0.0364775
0.0293444
0.0905174
0.0771829
0.0743773
0.0641661
0.0668675
0.0592197
-0.00960891
-0.00921248
-0.008755
-0.00756731
-0.00831074
-0.00935062
-0.00782894
-0.00675961
-0.00540278
-0.00408993
-0.00273289
-0.00309345
-0.00168567
-0.00115279
0
-0.0150458
-0.0153395
-0.0153396
-0.0151939
-0.0149959
-0.0147985
-0.0141042
-0.0143436
-0.0132986
-0.013274
-0.0128987
-0.0119434
-0.0115818
-0.0100791
-0.0113201
-0.0120901
-0.0127198
-0.0130337
-0.0131262
-0.0128531
-0.0132502
-0.0135978
-0.013834
-0.0142717
-0.014686
-0.014261
-0.0147268
-0.014394
-0.00366846
-0.00581016
-0.00795644
-0.00772113
-0.00982969
-0.0102214
-0.011084
-0.0108745
-0.0115399
-0.0114873
-0.0114446
-0.0120482
-0.0121376
-0.0126284
0.0126144
0.00687141
0.00140493
0.00216133
-0.00364964
-0.00491294
-0.00809832
-0.00688205
-0.00924897
-0.0083468
-0.00756265
-0.0100456
-0.00941937
-0.0106179
0.0412613
0.0308506
0.0211413
0.0226452
0.0117543
0.00948911
0.00236015
0.00483784
-0.00130731
0.000893254
0.00268102
-0.00423091
-0.0023445
-0.0064644
0.0747333
0.0616647
0.0491715
0.0515351
0.0367927
0.0339438
0.0240547
0.0271389
0.0177152
0.020724
0.0233513
0.0119242
0.0148086
0.00678184
0.105005
0.101917
0.0917672
0.088676
0.0786469
0.0816472
0.0756279
0.0657007
0.0627008
0.0525353
0.0555834
0.0451929
0.0482792
0.0512148
0.0379111
0.0410268
0.0308267
-0.00135077
-0.0118084
-0.0149887
-0.0102282
-0.00214761
0.0152449
0.043783
0.0760629
-0.00674813
-0.00562733
-0.000599154
-0.0148043
-0.0145597
-0.0111311
-0.0130766
-0.0139244
-0.0152316
-0.00683006
-0.0100114
-0.0119591
0.00498127
-0.00389672
-0.00766161
0.0284727
0.0110081
0.00218433
0.0599947
0.0358314
0.0224351
0.0912535
0.0650324
0.0503212
-0.0040251
-0.00320436
-0.000810306
-0.0136509
-0.0135402
-0.011545
-0.0142163
-0.0146086
-0.0152559
-0.00862197
-0.00986661
-0.0111677
0.00104917
-0.00258944
-0.00498395
0.0215308
0.0136637
0.00851499
0.0518488
0.0401669
0.0328652
0.0838051
0.0706457
0.0630541
-0.00942604
-0.00898507
-0.00610024
-0.00853055
-0.00808582
-0.00541561
-0.00278238
-0.00282886
-0.000717409
-0.0152295
-0.0153769
-0.0148281
-0.0152188
-0.0146418
-0.0138863
-0.0131868
-0.0125016
-0.0105244
-0.0117169
-0.0124274
-0.0136112
-0.0129558
-0.0132262
-0.013951
-0.0147403
-0.0145352
-0.0148183
-0.00472408
-0.00689895
-0.0084794
-0.00894564
-0.0105576
-0.0111791
-0.0109862
-0.0118042
-0.0124876
0.00971158
0.00409559
0.000408218
-0.00118535
-0.0059655
-0.00766887
-0.00602114
-0.00892251
-0.00984442
0.0359399
0.0259336
0.0194969
0.0164264
0.00707664
0.00277643
0.00624877
-0.000811979
-0.00370773
0.0680989
0.0553756
0.0477106
0.0429952
0.0305
0.0238758
0.02894
0.0176973
0.012069
0.0983967
0.0851794
0.0780471
0.0721712
0.0591915
0.0519356
0.0577038
0.0446398
0.0374581
