FiniteElementSpace
FiniteElementCollection: L2_2D_P3
VDim: 1
Ordering: 0

0.000790347
0.000567777
0.00104111
0.00154858
0.000388547
0.000381641
0.000852802
0.00138881
0.000187301
0.000250083
0.000623224
0.00105277
0.000179531
0.000208244
0.000459673
0.000745499
0.0031714
0.003335
0.00357025
0.00376793
0.00252097
0.00264821
0.00283359
0.00299114
0.00179195
0.00187735
0.00200518
0.00211624
0.00132798
0.00138595
0.00147576
0.00155582
0.00603248
0.00615298
0.00635594
0.00654737
0.0047791
0.00487162
0.00503227
0.00518672
0.00335579
0.00341628
0.00352796
0.0036392
0.00243286
0.0024726
0.00255148
0.00263302
0.0072492
0.00714064
0.00705424
0.00702999
0.00574553
0.00565696
0.00558941
0.00557412
0.0040348
0.00397003
0.00392465
0.00391965
0.00292062
0.00287282
0.00284252
0.0028438
0.00500797
0.00476743
0.00448619
0.00429475
0.00398984
0.00379893
0.00357877
0.00343144
0.00284153
0.00270782
0.00255773
0.0024608
0.00210276
0.00200727
0.00190346
0.00183947
0.00199544
0.00184828
0.00166846
0.00153972
0.00163195
0.00151464
0.00137254
0.00127177
0.00122402
0.00114034
0.00104079
0.000971578
0.000964418
0.00090227
0.000829949
0.000780962
0.00050299
0.000453132
0.000392338
0.000348985
0.000440819
0.000399255
0.000348828
0.000313041
0.000369724
0.000337592
0.000299041
0.000271983
0.000323499
0.000297401
0.000266533
0.000245187
5.59727e-05
4.54071e-05
3.33955e-05
2.5541e-05
5.94952e-05
4.93945e-05
3.77897e-05
3.0077e-05
6.30521e-05
5.34689e-05
4.23697e-05
3.48958e-05
6.47255e-05
5.5424e-05
4.46291e-05
3.73288e-05
0.00189862
0.00205079
0.00226549
0.00244256
0.00155647
0.00166574
0.00182223
0.001953
0.00116117
0.00122609
0.00132219
0.00140475
0.00090135
0.000940634
0.00100167
0.00105611
0.000148641
0.000153857
0.000163386
0.000172705
0.000117562
0.000119708
0.000124742
0.00013032
0.000176823
0.000180645
0.000187435
0.000193892
0.000297095
0.000308399
0.000324952
0.000338549
0.000313718
0.000227585
0.000159328
0.000132129
0.000310542
0.000225438
0.00015795
0.000129637
0.000276627
0.000211845
0.000189331
0.000201606
0.000233789
0.000196787
0.000239384
0.000313856
0.00460361
0.0047697
0.00501942
0.00523698
0.00364998
0.00377893
0.00397626
0.00415056
0.00257228
0.00265854
0.00279527
0.00291923
0.00187869
0.00193699
0.00203339
0.00212329
0.000175208
0.000168823
0.000165322
0.00016613
0.000115311
0.000108875
0.000102353
9.85442e-05
0.000270717
0.000275473
0.000279067
0.000279335
0.000586903
0.000610061
0.000633938
0.00064657
0.000182773
0.000179266
0.000179485
0.000183261
0.000134839
0.000131509
0.000130227
0.000131473
0.000227609
0.000234257
0.000243787
0.000251463
0.000427333
0.000450007
0.000478897
0.000500016
0.00705341
0.00707254
0.00715243
0.00725611
0.00558781
0.0056
0.0056636
0.00574922
0.00391959
0.00392425
0.00396914
0.00403353
0.00283321
0.00283371
0.00286611
0.00291543
0.000115395
0.000111571
0.000110368
0.000112279
1.32208e-05
1.11938e-05
7.39984e-06
3.55066e-06
0.000248024
0.000253617
0.000250238
0.000239316
0.000748016
0.000763699
0.000764244
0.000749102
0.000145478
0.000138229
0.000133055
0.000132113
6.50829e-05
5.81431e-05
4.91916e-05
4.21411e-05
0.000273285
0.000276828
0.000274222
0.000266181
0.000701747
0.00072212
0.000734741
0.000732862
0.00647615
0.00626788
0.0060422
0.00590367
0.00513978
0.00497323
0.00479631
0.0046909
0.00362455
0.00350677
0.0033864
0.00331916
0.00264211
0.0025577
0.00247528
0.00243306
0.0001772
0.000181528
0.000192529
0.000205558
6.92399e-05
7.81202e-05
9.10762e-05
0.000102568
0.000252649
0.000258455
0.000260223
0.000257923
0.000673563
0.00066831
0.000649004
0.000625867
0.000121996
0.000123934
0.000130591
0.000139148
8.91444e-06
1.46469e-05
2.13826e-05
2.62709e-05
0.000235387
0.000243901
0.000244706
0.000237862
0.000735025
0.000742983
0.000733726
0.000712225
0.00336753
0.00315887
0.0029072
0.0027295
0.00270719
0.00254187
0.00234461
0.00220704
0.00196579
0.00184977
0.00171427
0.00162215
0.00149255
0.00140868
0.00131325
0.0012505
0.000274601
0.000268305
0.00026665
0.000270447
0.000192228
0.000188362
0.000188617
0.000192967
0.000231765
0.000220668
0.000210153
0.000205371
0.000383839
0.000358223
0.000328079
0.000307897
0.000244895
0.000245265
0.000252228
0.000262881
0.000150111
0.000154064
0.000163117
0.00017344
0.000264172
0.000260901
0.000256676
0.000254123
0.000553405
0.000533817
0.000505212
0.000481938
0.00105899
0.00096938
0.000859537
0.000780683
0.000890482
0.000817859
0.000729459
0.00066645
0.00070021
0.000646727
0.00058258
0.000537565
0.000578424
0.000537096
0.00048845
0.000455011
0.000200502
0.000190751
0.00018195
0.000177993
0.000145863
0.000138571
0.000132803
0.000131055
0.000108657
0.000100849
9.44745e-05
9.23437e-05
0.000107028
9.58527e-05
8.53748e-05
8.03503e-05
0.000251749
0.000241657
0.000234005
0.000232192
0.00018154
0.000173655
0.000168416
0.000168132
0.000166913
0.000155008
0.000144338
0.000139815
0.000217818
0.000197125
0.000175206
0.000162295
0.000201527
0.000175906
0.000145256
0.000123892
0.000188532
0.000166195
0.000139514
0.000120923
0.000173207
0.000154635
0.000132563
0.000117243
0.000162776
0.000146624
0.000127566
0.000114425
0.000100165
9.32293e-05
8.56417e-05
8.08344e-05
8.12053e-05
7.62223e-05
7.1049e-05
6.79962e-05
5.97396e-05
5.67233e-05
5.40248e-05
5.28081e-05
4.58101e-05
4.38507e-05
4.25292e-05
4.23749e-05
0.000147576
0.000139631
0.000131713
0.000127354
0.000111293
0.000105793
0.000100939
9.88425e-05
7.62869e-05
7.22969e-05
6.9419e-05
6.88564e-05
5.90443e-05
5.49042e-05
5.19689e-05
5.14827e-05
5.86146e-06
3.85207e-06
1.93242e-06
9.95445e-07
8.59216e-06
5.98723e-06
3.30252e-06
1.78697e-06
1.15235e-05
8.29474e-06
4.90628e-06
2.93726e-06
1.27232e-05
9.13033e-06
5.42241e-06
3.33155e-06
1.30168e-05
9.00657e-06
5.01396e-06
2.87809e-06
1.24213e-05
8.62425e-06
4.80846e-06
2.73835e-06
1.22204e-05
8.59721e-06
4.90145e-06
2.84929e-06
1.2492e-05
8.91995e-06
5.23783e-06
3.15746e-06
5.42352e-05
4.77377e-05
4.03045e-05
3.53388e-05
4.78941e-05
4.25075e-05
3.63933e-05
3.23394e-05
4.0277e-05
3.6252e-05
3.17722e-05
2.88663e-05
3.49225e-05
3.18674e-05
2.85732e-05
2.65214e-05
0.00136946
0.00148139
0.00165031
0.0017931
0.00120909
0.00128396
0.0013925
0.0014839
0.000954158
0.00100135
0.001069
0.00112574
0.000737377
0.000780897
0.000839987
0.000887539
0.000601664
0.000646292
0.000709708
0.000759916
0.00039876
0.000434396
0.000486262
0.000529311
0.000213174
0.000234713
0.000268241
0.000297852
0.00013213
0.000143761
0.000164353
0.000183871
0.00019388
0.000201639
0.000387181
0.000608101
0.000228082
0.000202485
0.000290507
0.000417297
0.000279203
0.000215663
0.000205717
0.000237202
0.000306609
0.000225087
0.000170138
0.000156706
0.00386972
0.00403895
0.00428676
0.00449817
0.00307086
0.00320252
0.0033982
0.0035672
0.00217132
0.00225973
0.00239514
0.00251488
0.00159532
0.00165537
0.00175078
0.00183741
0.0013244
0.00137133
0.00144808
0.00151914
0.000880199
0.000906077
0.000952784
0.000998796
0.000453549
0.000459617
0.000476873
0.000497399
0.000251629
0.000248862
0.000251642
0.000258628
0.00110984
0.00115506
0.00122703
0.00129245
0.000750073
0.000775251
0.000818971
0.000861075
0.000404428
0.000411038
0.000427734
0.000446861
0.00024093
0.000239453
0.000243417
0.000250975
0.00662307
0.00669892
0.00684905
0.00700397
0.00524658
0.00530368
0.0054227
0.00554861
0.00368113
0.00371694
0.00379999
0.00389192
0.00266339
0.00268572
0.00274465
0.00281295
0.0021852
0.00220132
0.00224902
0.00230624
0.0014015
0.00140704
0.00143633
0.00147589
0.000633164
0.000629786
0.000639946
0.000658961
0.000254221
0.000248115
0.000247717
0.000253113
0.00199918
0.00202934
0.00209294
0.00216055
0.00128886
0.00130311
0.00134175
0.00138699
0.000596098
0.000595815
0.000608865
0.000629232
0.000258063
0.000251893
0.000251205
0.000256183
0.00697602
0.00681079
0.00664682
0.00656002
0.00553175
0.00539872
0.00527015
0.00520553
0.00389085
0.00379572
0.00370846
0.00366944
0.00282396
0.00275517
0.0026958
0.00267339
0.00232298
0.00226655
0.00222017
0.00220539
0.00150098
0.00146407
0.00143867
0.00143655
0.000689665
0.000674687
0.00067045
0.000679022
0.000283178
0.000281921
0.000288606
0.000300423
0.00239733
0.00235752
0.00233427
0.00233841
0.0015388
0.00151139
0.00149951
0.00150869
0.000690699
0.000678194
0.000677683
0.000689486
0.000265393
0.000263141
0.000268343
0.000278792
0.0041763
0.00394548
0.0036705
0.00347907
0.00333947
0.00315658
0.00294132
0.00279359
0.00239806
0.00227004
0.00212291
0.00202488
0.00179495
0.00170314
0.00160061
0.00153488
0.00151027
0.00143532
0.00135331
0.00130226
0.00103981
0.000991764
0.000942554
0.000914937
0.000579923
0.000558719
0.000541416
0.000536017
0.000352661
0.000345168
0.000343306
0.00034805
0.00175515
0.00167745
0.00159499
0.00154601
0.00118293
0.00113365
0.00108537
0.00106043
0.000622759
0.000602509
0.0005879
0.000585746
0.000345652
0.000340904
0.000342988
0.000351156
0.00147277
0.00135625
0.00121351
0.00111106
0.00121956
0.00112603
0.00101236
0.000931443
0.000934763
0.000867116
0.000786226
0.000729655
0.000753226
0.000702043
0.000642083
0.000601116
0.000663766
0.000620414
0.000570257
0.000536482
0.000508725
0.00047817
0.000444033
0.000422015
0.000351794
0.000333459
0.000314671
0.000303966
0.000268015
0.000255436
0.000243927
0.000238636
0.00083863
0.000786608
0.000726917
0.000687167
0.000624471
0.000588807
0.000549508
0.00052467
0.000411335
0.000391278
0.000371398
0.000360748
0.000301389
0.000288643
0.000277814
0.000273762
0.000327723
0.000291494
0.000247634
0.000216622
0.000295468
0.000264671
0.000227522
0.000201339
0.000258217
0.000233631
0.000204228
0.000183671
0.000233661
0.000213068
0.000188714
0.000171875
0.000219476
0.000200972
0.000179213
0.000164255
0.000190965
0.000176195
0.00015908
0.000147496
0.00015817
0.000147345
0.000135203
0.000127284
0.000136671
0.000128134
0.000118927
0.000113212
0.000298482
0.000275438
0.000248391
0.000229838
0.000251021
0.000233276
0.000212863
0.000199169
0.000198668
0.00018632
0.000172744
0.000164121
0.000166318
0.000156895
0.000147097
0.000141332
2.20951e-05
1.66339e-05
1.07612e-05
7.21085e-06
2.65229e-05
2.07561e-05
1.43729e-05
1.03338e-05
3.11531e-05
2.50395e-05
1.81501e-05
1.3672e-05
3.34097e-05
2.70295e-05
1.98209e-05
1.51166e-05
3.40975e-05
2.766e-05
2.03633e-05
1.55856e-05
3.43063e-05
2.79385e-05
2.07294e-05
1.60127e-05
3.38566e-05
2.76445e-05
2.06401e-05
1.60776e-05
3.29412e-05
2.69035e-05
2.01198e-05
1.57187e-05
6.47238e-05
5.56797e-05
4.51681e-05
3.80423e-05
6.28954e-05
5.45012e-05
4.47541e-05
3.81456e-05
5.97408e-05
5.21705e-05
4.34173e-05
3.75034e-05
5.67532e-05
4.97937e-05
4.17852e-05
3.63987e-05
0.00252706
0.00267948
0.00289601
0.00307603
0.00201764
0.00213531
0.00230452
0.00244672
0.00144808
0.00152643
0.00164201
0.00174121
0.001087
0.00114003
0.00122084
0.001292
0.000918053
0.000958934
0.00102312
0.00108088
0.000634154
0.000656944
0.000695731
0.000732614
0.000358239
0.000364952
0.000380514
0.000397793
0.000225694
0.000225863
0.000231189
0.000239244
0.000770334
0.000801365
0.000849746
0.000893093
0.000538234
0.000557546
0.000589066
0.000618288
0.00030674
0.000316475
0.000333715
0.000350574
0.000192522
0.000198926
0.000210331
0.000221546
0.000175875
0.000174656
0.000177286
0.000182524
0.000132382
0.000130888
0.00013204
0.000135253
0.000198332
0.000204758
0.000214954
0.000223968
0.000348247
0.000368167
0.00039519
0.000416316
0.000455271
0.000485524
0.000525422
0.000555898
0.000728069
0.000782123
0.000852579
0.00090604
0.00125126
0.00134873
0.00147567
0.00157214
0.00179118
0.00193222
0.0021165
0.00225713
0.000376168
0.000394438
0.000420264
0.00044113
0.000569022
0.000608265
0.000661268
0.000702831
0.000931857
0.00101255
0.00112029
0.00120416
0.00130122
0.00142546
0.00159158
0.00172124
0.000105982
0.000113127
0.000127077
0.000141358
0.000100003
0.00010165
0.000106967
0.000113555
0.000169978
0.000170714
0.000173345
0.000176767
0.000281806
0.000286178
0.000292717
0.000298454
0.000362352
0.000364491
0.000370115
0.000376257
0.000492782
0.000508763
0.000533744
0.000555481
0.000679149
0.0007363
0.00081952
0.000888339
0.000822723
0.000932842
0.00109421
0.00122766
0.000209251
0.000192765
0.000284291
0.000395792
0.000178267
0.000183337
0.000351892
0.000555501
0.000167479
0.000189221
0.000450008
0.000749116
0.000200505
0.000217801
0.000528932
0.000857704
0.00534035
0.00549091
0.00572679
0.00593871
0.0042319
0.00434835
0.00453488
0.00470513
0.0029758
0.0030531
0.00318252
0.0033042
0.00216403
0.00221579
0.00230706
0.00239563
0.00178251
0.00182246
0.00189597
0.00196902
0.00115793
0.00117853
0.00122312
0.00127116
0.000552288
0.000554761
0.000570077
0.000591183
0.000260182
0.000254743
0.000254754
0.000260079
0.00155258
0.00159798
0.00167559
0.00174951
0.0010187
0.00104314
0.0010903
0.00113845
0.000503855
0.000508518
0.000525295
0.000546477
0.00025826
0.000254085
0.000255424
0.000261557
0.000162416
0.000155153
0.000150276
0.000149806
9.30766e-05
8.58199e-05
7.73576e-05
7.13606e-05
0.000277223
0.000281069
0.0002812
0.000277023
0.00065221
0.000674288
0.000693031
0.00069879
0.000933332
0.000969162
0.00100331
0.00101871
0.0016381
0.00170631
0.00177948
0.00182233
0.00298776
0.00311967
0.00327108
0.00336978
0.00439998
0.00459974
0.00483673
0.0049983
0.000820801
0.000857683
0.000897687
0.000921128
0.00140564
0.00147552
0.00155624
0.00160909
0.00251933
0.00265275
0.00281332
0.00292469
0.00367622
0.00387643
0.00412271
0.00429826
0.000182071
0.000177037
0.000175382
0.000177742
0.000129304
0.000124332
0.000120435
0.000119245
0.000253466
0.000259316
0.000266294
0.000270748
0.00051003
0.000533458
0.000560861
0.000578781
0.00069785
0.000734178
0.00077724
0.000806114
0.00116671
0.00123429
0.0013166
0.00137434
0.00205689
0.00218346
0.00234107
0.00245497
0.00297626
0.00316391
0.00340082
0.0035749
0.000572463
0.000606815
0.000650168
0.000681674
0.000936039
0.000998338
0.00107723
0.00113521
0.00162777
0.00174168
0.00188721
0.00199551
0.00234039
0.0025068
0.00272105
0.00288197
0.0072729
0.00722827
0.00722643
0.00726823
0.00576265
0.00572445
0.00572356
0.00576039
0.00404336
0.00401321
0.00401369
0.00404458
0.00292302
0.00289926
0.00290079
0.00292695
0.00239673
0.00237601
0.00237807
0.00240197
0.00153342
0.00151705
0.00151984
0.00154053
0.000681329
0.000671652
0.000674866
0.000689537
0.000255029
0.000251258
0.000254281
0.000262786
0.00232281
0.00232144
0.00234802
0.00239027
0.00148586
0.00148088
0.00149788
0.00152904
0.000661929
0.00065535
0.000662172
0.00067927
0.000252059
0.000246838
0.00024778
0.00025443
0.000112261
0.000111355
0.000113993
0.000119051
2.62237e-06
4.55233e-06
5.87739e-06
6.09344e-06
0.000237778
0.00024513
0.000243655
0.00023418
0.000747714
0.00076013
0.000755584
0.000736374
0.00114857
0.00116337
0.00115679
0.00113207
0.00216163
0.00217729
0.00216622
0.00213377
0.00415091
0.00416974
0.00415177
0.00410562
0.00628514
0.00630595
0.00628196
0.00622461
0.00113814
0.00116069
0.00116534
0.0011495
0.00212247
0.00215746
0.00217287
0.00216114
0.0040462
0.00410783
0.00414757
0.00414634
0.00610176
0.00619168
0.00626034
0.00627492
0.000128128
0.000122044
0.000118083
0.000117895
3.6255e-05
3.10829e-05
2.3663e-05
1.72663e-05
0.000261826
0.000265969
0.000262089
0.000251621
0.000733491
0.000751728
0.00075806
0.000748876
0.00109729
0.00112592
0.0011416
0.00113615
0.00201357
0.00206427
0.00210381
0.00211292
0.00379302
0.00388925
0.00397927
0.00401995
0.00568303
0.0058284
0.00597598
0.00605533
0.00102765
0.00106072
0.00108652
0.00109192
0.00184675
0.00190864
0.00196791
0.00199582
0.00342622
0.0035461
0.00367409
0.003749
0.00509169
0.00527394
0.00547859
0.00560813
0.00579823
0.00556454
0.00529908
0.00512492
0.00460847
0.00442243
0.00421448
0.00408096
0.00326289
0.00313216
0.00299056
0.00290367
0.00239361
0.00230027
0.00220286
0.00214656
0.00198522
0.00190932
0.00183236
0.00179004
0.00131432
0.00126627
0.00122215
0.00120239
0.000655674
0.000636828
0.000625433
0.00062686
0.000328457
0.000325955
0.000331137
0.0003419
0.00218079
0.00211199
0.00204718
0.00201644
0.00142363
0.00137969
0.00134326
0.00133123
0.000678021
0.000660936
0.000653046
0.000658114
0.000305779
0.000304504
0.000311287
0.000323307
0.000213013
0.000216066
0.000226054
0.000238772
0.000111371
0.000118636
0.000130804
0.000142687
0.000262381
0.000264075
0.000263468
0.000261627
0.000621358
0.000608466
0.000584012
0.000560597
0.000896893
0.000871036
0.0008273
0.000787528
0.0016008
0.00154019
0.0014485
0.00136997
0.00298615
0.00285669
0.00267119
0.00251811
0.00446359
0.00425825
0.00397165
0.00373999
0.00100082
0.000984788
0.000948016
0.000909131
0.00183364
0.00178737
0.00170742
0.00163258
0.00347373
0.00336707
0.00320183
0.00305703
0.00522986
0.00505538
0.00479727
0.00457848
0.000144777
0.000148668
0.000158421
0.000169912
3.25186e-05
4.0828e-05
5.18266e-05
6.08168e-05
0.000241522
0.000249682
0.000251875
0.000247752
0.000710741
0.000712735
0.000698631
0.000676033
0.00107891
0.00107377
0.00104602
0.00100984
0.00201314
0.00198593
0.0019247
0.00185925
0.003854
0.00378279
0.0036553
0.00353263
0.00583069
0.00570903
0.00550913
0.00532639
0.00112858
0.00113402
0.00111652
0.001085
0.00212498
0.00211923
0.00208176
0.00203084
0.0040869
0.00405947
0.00398325
0.00389479
0.00619525
0.00614197
0.0060239
0.00589745
0.00263069
0.00245154
0.00223371
0.00207856
0.00213054
0.00198833
0.00181709
0.00169643
0.00156952
0.00146911
0.00135053
0.00126882
0.00121229
0.00113884
0.00105417
0.000997502
0.0010413
0.00098046
0.000911418
0.000866139
0.000754108
0.000713478
0.000669496
0.000642441
0.000471395
0.000450217
0.000430145
0.000420352
0.000329027
0.000317104
0.000308187
0.000306312
0.00126795
0.00119906
0.00112207
0.00107264
0.000894355
0.000849403
0.000801873
0.000773714
0.000528651
0.000507095
0.000487898
0.000479879
0.000347013
0.000336938
0.000331153
0.000332337
0.000268772
0.000260005
0.000254718
0.00025529
0.000192227
0.000185665
0.000182466
0.000184081
0.000200941
0.000188532
0.000177098
0.000172036
0.000296384
0.000272128
0.000245156
0.000228233
0.000367831
0.000335014
0.000296914
0.000271563
0.000559785
0.000505272
0.000439127
0.000392553
0.000958878
0.000863072
0.000744256
0.000658372
0.0013868
0.00124831
0.00107558
0.000949864
0.000496858
0.000460366
0.000415802
0.000384497
0.000793335
0.000729107
0.000648299
0.000589239
0.00139035
0.00127307
0.00112388
0.00101322
0.00202452
0.00185174
0.0016318
0.00146839
0.000266592
0.000263569
0.000266302
0.00027371
0.000178283
0.000178179
0.000182846
0.000190355
0.000254
0.00024612
0.000238218
0.000234437
0.000472223
0.000448151
0.000417438
0.000395136
0.000635377
0.000598602
0.000550608
0.000514662
0.00105778
0.000988298
0.000896968
0.000827361
0.00189542
0.00176272
0.00158878
0.00145603
0.0027834
0.00258352
0.002323
0.00212498
0.000772297
0.000739168
0.000691466
0.000652653
0.00133449
0.00126597
0.00117054
0.00109401
0.00244246
0.00230464
0.00211706
0.00196889
0.00361946
0.00340669
0.00312112
0.00289811
0.000741271
0.000673854
0.000591333
0.000532209
0.000635055
0.000579728
0.000512415
0.000464477
0.000514455
0.000472801
0.000422783
0.000387639
0.000436756
0.000403804
0.000364894
0.00033804
0.000396412
0.000367753
0.000334229
0.000311328
0.000322791
0.000301404
0.000277007
0.000260815
0.000244329
0.000230123
0.000214832
0.000205405
0.000198391
0.000187842
0.000177277
0.00017143
0.000517047
0.000481592
0.000440314
0.000412287
0.000408238
0.000382536
0.000353496
0.000334466
0.000295551
0.000279268
0.000262137
0.000251936
0.000232749
0.000221033
0.000209763
0.000203978
0.000173329
0.000164492
0.0001561
0.000151876
0.000127731
0.000121404
0.000116153
0.000114246
8.93597e-05
8.37484e-05
7.94803e-05
7.83875e-05
7.64734e-05
6.93946e-05
6.34328e-05
6.12311e-05
7.09377e-05
6.27352e-05
5.5429e-05
5.23076e-05
6.69816e-05
5.57047e-05
4.45024e-05
3.85237e-05
9.03841e-05
7.20232e-05
5.20705e-05
3.98108e-05
0.000129893
0.000103845
7.44875e-05
5.55317e-05
0.000109635
9.60747e-05
8.26482e-05
7.5513e-05
0.000127281
0.000107565
8.63324e-05
7.3435e-05
0.000194808
0.000162484
0.000125542
0.000101234
0.000280754
0.00023528
0.000182099
0.000146091
0.000227634
0.000217321
0.000208607
0.000205347
0.000164703
0.00015672
0.000150772
0.000149449
0.000134948
0.000124819
0.000116082
0.000112674
0.000153882
0.0001379
0.000121836
0.000113094
0.000170951
0.000150882
0.000129672
0.000117162
0.000225679
0.000195245
0.000160834
0.000138512
0.000365149
0.0003145
0.00025472
0.000213802
0.000525415
0.000453988
0.000368352
0.000308637
0.000257398
0.000230508
0.000200664
0.000181851
0.000369095
0.000326542
0.000276625
0.000242768
0.000616722
0.00054423
0.000456453
0.000394605
0.000888237
0.000785006
0.000658705
0.000568625
0.000113632
9.63947e-05
7.617e-05
6.24e-05
0.000111899
9.63259e-05
7.80078e-05
6.54769e-05
0.000109445
9.57717e-05
7.96854e-05
6.86504e-05
0.00010731
9.48333e-05
8.01928e-05
7.01601e-05
0.00010497
9.32183e-05
7.94403e-05
6.99998e-05
9.82534e-05
8.79576e-05
7.5939e-05
6.77326e-05
8.92778e-05
8.06752e-05
7.07366e-05
6.4018e-05
8.23104e-05
7.48384e-05
6.63077e-05
6.06118e-05
0.000155904
0.000141081
0.000123651
0.000111668
0.000140598
0.000128249
0.000113863
0.000104064
0.000121976
0.000112357
0.000101378
9.40594e-05
0.000108886
0.000100962
9.21295e-05
8.64021e-05
7.71871e-05
7.04403e-05
6.28145e-05
5.77813e-05
6.52987e-05
6.01138e-05
5.43911e-05
5.07173e-05
5.12341e-05
4.78115e-05
4.42643e-05
4.21701e-05
4.15579e-05
3.92694e-05
3.71524e-05
3.61236e-05
3.56179e-05
3.39778e-05
3.26905e-05
3.22898e-05
2.37205e-05
2.34058e-05
2.36766e-05
2.43539e-05
1.23562e-05
1.32438e-05
1.4999e-05
1.67684e-05
6.65296e-06
8.12555e-06
1.06604e-05
1.30535e-05
3.75806e-05
3.61819e-05
3.56013e-05
3.60284e-05
2.17105e-05
2.13625e-05
2.20337e-05
2.33488e-05
7.80375e-06
7.98015e-06
9.34467e-06
1.12212e-05
2.11581e-06
2.12661e-06
3.38342e-06
5.27654e-06
0.000123391
0.000116094
0.000108459
0.000103915
9.61578e-05
9.11148e-05
8.6293e-05
8.38153e-05
6.72966e-05
6.41599e-05
6.17788e-05
6.11483e-05
5.0341e-05
4.78634e-05
4.64043e-05
4.65381e-05
4.07482e-05
3.85473e-05
3.74897e-05
3.79714e-05
2.33172e-05
2.14453e-05
2.07596e-05
2.15082e-05
1.17224e-05
8.95283e-06
7.22562e-06
7.30443e-06
1.10615e-05
6.68608e-06
3.09543e-06
1.94325e-06
4.99465e-05
4.55454e-05
4.23484e-05
4.17344e-05
3.55284e-05
3.01453e-05
2.56866e-05
2.41531e-05
3.47252e-05
2.60265e-05
1.75293e-05
1.31584e-05
4.75319e-05
3.4844e-05
2.15413e-05
1.38184e-05
7.15946e-07
3.52649e-07
5.25e-08
2.05684e-07
1.29935e-06
4.2933e-07
6.33489e-08
5.25453e-07
2.33435e-06
8.98399e-07
4.03318e-07
1.18672e-06
2.58639e-06
1.09633e-06
6.70292e-07
1.70873e-06
2.67543e-06
1.24883e-06
8.41825e-07
1.57794e-06
2.43782e-06
1.1646e-06
7.10778e-07
1.2209e-06
2.12362e-06
1.07439e-06
6.37254e-07
9.74006e-07
1.87538e-06
1.00403e-06
6.33781e-07
9.37771e-07
1.31024e-05
9.34635e-06
5.50437e-06
3.39368e-06
1.34662e-05
9.51369e-06
5.50495e-06
3.32403e-06
1.34839e-05
9.40149e-06
5.31389e-06
3.12615e-06
1.31195e-05
9.04685e-06
5.01175e-06
2.88491e-06
1.83099e-06
9.78878e-07
5.58092e-07
8.00103e-07
1.68555e-06
8.99787e-07
4.96995e-07
7.26386e-07
1.67941e-06
9.19498e-07
5.04794e-07
7.48797e-07
1.79472e-06
1.02136e-06
5.72759e-07
8.53685e-07
2.27729e-06
1.35737e-06
5.13156e-07
6.22755e-07
2.87551e-06
1.53666e-06
5.06399e-07
5.38481e-07
5.25209e-06
2.95531e-06
9.36743e-07
3.72056e-07
8.72636e-06
5.147e-06
1.75953e-06
3.96539e-07
1.26612e-05
9.23798e-06
5.76069e-06
3.82431e-06
1.25558e-05
9.54094e-06
6.33216e-06
4.39007e-06
1.39247e-05
1.13617e-05
8.50497e-06
6.66135e-06
1.61251e-05
1.39167e-05
1.13832e-05
9.69444e-06
3.20691e-05
2.62515e-05
1.97557e-05
1.55737e-05
2.95388e-05
2.43527e-05
1.85591e-05
1.48182e-05
2.67172e-05
2.23481e-05
1.74746e-05
1.43275e-05
2.48961e-05
2.11427e-05
1.69804e-05
1.43134e-05
2.36057e-05
2.02645e-05
1.66005e-05
1.42839e-05
2.06801e-05
1.82698e-05
1.55683e-05
1.38e-05
1.87108e-05
1.73111e-05
1.5725e-05
1.46684e-05
1.85385e-05
1.78142e-05
1.70158e-05
1.65033e-05
3.14779e-05
2.9007e-05
2.64392e-05
2.49196e-05
2.43183e-05
2.31017e-05
2.19546e-05
2.13688e-05
1.76299e-05
1.77207e-05
1.8125e-05
1.86252e-05
1.44045e-05
1.53047e-05
1.67151e-05
1.79602e-05
