FiniteElementSpace
FiniteElementCollection: H1_2D_P2
VDim: 2
Ordering: 0

0
1.06249
2.14586
3.17445
4.04722
4.73458
5.2984
5.81072
6.31499
0
0.950174
1.84636
2.65646
3.34928
3.9339
4.45451
4.9523
5.45057
0.525159
1.00776
0.481635
0
1.6051
2.00304
1.4065
2.67367
2.9295
2.26469
3.63491
3.71392
3.01817
4.41147
4.34473
3.6527
5.02682
4.88101
4.19923
5.55765
5.3826
4.70439
6.06211
5.8829
5.20058
0.503156
1.50952
2.47986
3.34245
4.04567
4.62032
5.1335
5.63177
0.260162
0.515421
0.251057
0
1.33349
1.55945
1.25926
1.03694
2.41223
2.57942
2.24417
2.0769
3.41038
3.49131
3.14101
3.0547
4.23504
4.23052
3.88441
3.88294
4.88389
4.8245
4.48488
4.54109
5.42914
5.34574
5.00794
5.0902
5.9364
5.84696
5.50701
5.59664
0.792819
0.755573
0.977769
0.717236
0.49096
0.243216
0
1.87631
1.75777
1.92565
1.62879
1.4576
1.1801
2.92834
2.70874
2.79751
2.46417
2.37504
2.05854
3.84727
3.53342
3.53733
3.18744
3.18594
2.84119
4.57756
4.19872
4.14314
3.79568
3.85416
3.50415
5.16462
4.75206
4.66949
4.32781
4.41245
4.06816
5.68464
5.25823
5.16794
4.82842
4.91995
4.57989
6.18821
6.09916
5.75708
5.66666
5.32526
5.41629
5.0763
0.255801
1.29836
2.33077
3.27839
4.0619
4.68556
5.21885
5.72167
0.77584
0.734979
0.246416
1.81934
1.69348
1.21882
2.82125
2.59015
2.15318
3.69286
3.36623
2.9963
4.38984
4.00163
3.69971
4.95904
4.5421
4.27976
5.47148
5.04405
4.79525
5.9728
5.54112
5.29194
0.128737
0.258176
0.126941
0
1.19787
1.31658
1.16764
1.05034
2.27957
2.37219
2.20439
2.11207
3.29383
3.34497
3.16784
3.11519
4.14265
4.14886
3.97377
3.96552
4.81011
4.78489
4.6141
4.63805
5.36409
5.32399
5.15479
5.19433
5.87358
5.82898
5.65915
5.70362
0.658688
0.784925
0.645538
0.520814
0.629365
0.745155
0.613083
0.496953
0.125348
0.248695
0.123782
0
1.74084
1.84851
1.68961
1.58295
1.63395
1.72585
1.57595
1.48366
1.13363
1.23904
1.09854
0.992691
2.80201
2.87545
2.70129
2.62722
2.59523
2.65027
2.48349
2.42812
2.1242
2.19919
2.04005
1.96471
3.74269
3.77056
3.59353
3.56365
3.43924
3.45099
3.27724
3.26533
3.03646
3.06972
2.898
2.86446
4.49574
4.48397
4.31127
4.32132
4.12315
4.10108
3.9287
3.95093
3.80037
3.79316
3.61956
3.62677
5.09628
5.06189
4.89225
4.92577
4.68659
4.64754
4.47761
4.51695
4.41547
4.383
4.212
4.24473
5.62129
5.57801
5.40872
5.45166
5.19594
5.15129
4.98205
5.02694
4.94469
4.90188
4.73254
4.77562
6.12509
6.08052
5.9098
5.95451
5.69435
5.64912
5.47863
5.52406
5.44478
5.39954
5.22992
5.27538
0.392329
0.385479
0.509401
0.377021
0.253475
0
1.46928
1.429
1.53489
1.38459
1.27916
1.02263
2.54371
2.45585
2.5303
2.36278
2.28807
2.0405
3.52419
3.38625
3.41766
3.24301
3.21047
2.99284
4.32465
4.14745
4.13874
3.96613
3.97386
3.79918
4.95607
4.75565
4.72275
4.55312
4.58565
4.44341
5.49362
5.28247
5.23972
5.07086
5.11355
4.98582
5.99922
5.78426
5.73939
5.56933
5.61437
5.48966
0.927449
0.906317
0.881722
0.765922
0.856562
0.963467
0.834049
0.725546
0.599757
0.485714
0.368716
0.362804
0.244401
0.122668
0
2.0114
1.94849
1.88084
1.78902
1.81008
1.88615
1.73819
1.66104
1.51819
1.43177
1.33853
1.29377
1.19904
1.06554
3.05262
2.93912
2.8202
2.7657
2.69484
2.72831
2.56122
2.52821
2.36527
2.3206
2.26488
2.16239
2.10629
1.95315
3.94884
3.78933
3.62495
3.61391
3.4529
3.44501
3.26924
3.27858
3.10373
3.10374
3.09227
2.93063
2.92029
2.74976
4.65713
4.4664
4.27253
4.29486
4.07306
4.03963
3.86532
3.89994
3.72482
3.75489
3.77787
3.57915
3.60354
3.42753
5.23194
5.02498
4.81684
4.85582
4.60604
4.56249
4.39135
4.43557
4.26378
4.3066
4.34654
4.13403
4.17489
4.00146
5.74776
5.53411
5.32044
5.36493
5.106
5.06026
4.89035
4.93644
4.76643
4.81246
4.85771
4.64221
4.68795
4.51732
6.25149
6.20719
6.03595
5.99104
5.81993
5.86498
5.77477
5.60378
5.5586
5.3878
5.43314
5.26284
5.30845
5.35406
5.13838
5.1842
5.01426
0.127745
1.18339
2.24267
3.23143
4.05862
4.71229
5.25945
5.76631
0.652682
0.621099
0.124545
1.7159
1.60511
1.11605
2.75231
2.54011
2.08256
3.66862
3.3594
2.96825
4.40381
4.02689
3.71109
4.99435
4.58261
4.31447
5.51496
5.08918
4.83894
6.01744
5.58652
5.33743
0.389331
0.381306
0.126163
1.4498
1.40717
1.15095
2.50046
2.40994
2.16486
3.45577
3.31541
3.10291
4.2364
4.05746
3.8878
4.85599
4.65477
4.51524
5.38803
5.1768
5.04992
5.8917
5.67683
5.552
0.917493
0.894272
0.637622
0.86904
0.84477
0.605842
0.372799
0.365207
0.123075
1.98063
1.91516
1.66222
1.84575
1.77416
1.54688
1.36161
1.31579
1.08158
2.9965
2.88039
2.64894
2.75842
2.62922
2.42528
2.31442
2.21422
1.99689
3.86954
3.7079
3.51717
3.54008
3.3628
3.19221
3.16875
3.01308
2.82533
4.562
4.37
4.21782
4.17365
3.97039
3.82814
3.87306
3.68006
3.52521
5.12851
4.92115
4.78973
4.71185
4.49924
4.37138
4.45045
4.24113
4.10775
5.64088
5.42733
5.30242
5.21335
4.99835
4.87449
4.96453
4.75029
4.62537
6.14379
5.92797
5.80211
5.71186
5.49575
5.37073
5.46175
5.24627
5.12219
0
0.0446402
0.255619
0.720301
1.42819
2.27396
3.1603
4.04435
4.91239
1
1.03032
1.19915
1.56193
2.12846
2.85496
3.67736
4.54303
5.4156
0.0112647
0.520136
1.00346
0.5
0.122185
0.703927
1.09317
0.453987
1.11832
1.35431
1.04925
1.76321
1.82146
1.84126
2.5572
2.47574
2.71579
3.41637
3.25791
3.60386
4.29381
4.10734
4.48054
5.16477
4.98036
0.493641
0.586777
0.879917
1.41591
2.14765
2.98235
3.85464
4.73118
0.00704821
0.249533
0.492122
0.25
0.0771298
0.350167
0.547768
0.278676
0.346318
0.662009
0.784199
0.475045
0.877601
1.2278
1.26019
0.914352
1.63144
1.99066
1.95159
1.59131
2.49423
2.84679
2.7683
2.41252
3.38236
3.72832
3.6352
3.28678
4.26302
4.60597
4.51287
4.16869
0.0232112
0.502563
0.770209
1.01282
0.744883
1.00143
0.75
0.18125
0.638442
0.944259
1.14035
0.833676
1.0568
0.57878
0.991352
1.33339
1.4515
1.10959
1.2703
1.23345
1.58411
1.94266
1.96943
1.61359
1.6854
2.05592
2.34995
2.7056
2.66188
2.31015
2.29758
2.93799
3.19857
3.54724
3.46598
3.12023
3.05395
3.82458
4.07429
4.41891
4.32474
3.98148
3.89136
4.69694
5.03902
4.94849
5.29017
5.19852
4.85611
4.76172
0.246737
0.308413
0.560397
1.064
1.7874
2.6286
3.50755
4.38781
0.259538
0.753316
0.743878
0.405301
0.882538
0.796613
0.78009
1.21417
1.01973
1.40417
1.77264
1.46681
2.1995
2.50498
2.12229
3.06637
3.33254
2.91099
3.94878
4.20002
3.76373
4.82307
5.07366
4.63774
0.00510129
0.12638
0.247751
0.125
0.0593784
0.191837
0.292128
0.160792
0.298803
0.452233
0.515714
0.364244
0.796976
0.969591
0.987317
0.816127
1.52885
1.70829
1.68835
1.50858
2.38388
2.5606
2.52024
2.34234
3.27139
3.44455
3.39714
3.22304
4.15383
4.32536
4.27836
4.10638
0.0161457
0.140589
0.253489
0.129762
0.497103
0.626912
0.748111
0.618343
0.494788
0.617199
0.746092
0.625
0.14983
0.29223
0.375976
0.235182
0.610958
0.758977
0.856574
0.708817
0.532614
0.670901
0.782157
0.644014
0.514168
0.678255
0.71899
0.556843
0.933683
1.10117
1.16006
0.993124
0.742176
0.900334
0.980246
0.822504
1.13984
1.31761
1.31452
1.13731
1.49855
1.67732
1.69168
1.51353
1.18747
1.36212
1.39839
1.22436
1.94807
2.12671
2.09447
1.91489
2.24811
2.42704
2.40677
2.22834
1.85634
2.03622
2.03137
1.85205
2.82685
3.00158
2.95644
2.78059
3.09023
3.26547
3.22605
3.05114
2.66233
2.83943
2.80776
2.63109
3.71434
3.88646
3.8386
3.66578
3.96446
4.1372
4.09068
3.91809
3.52568
3.69946
3.65529
3.48176
4.58888
4.76014
4.71466
4.5433
4.83997
5.0111
4.96501
4.79369
4.40341
4.57536
4.52836
4.35642
0.00829815
0.247365
0.370758
0.492011
0.368642
0.375
0.0979544
0.327698
0.467303
0.565773
0.427002
0.39841
0.397927
0.60914
0.769633
0.830112
0.67098
0.5882
0.961666
1.14422
1.32067
1.33641
1.16085
1.01504
1.73562
1.88824
2.06833
2.04876
1.86856
1.67624
2.6049
2.73748
2.91413
2.87501
2.69792
2.48424
3.4932
3.61795
3.79133
3.74487
3.57116
3.35129
4.37193
4.49702
4.6686
4.62213
4.45033
4.2312
0.0326166
0.26787
0.510175
0.380154
0.760647
0.898913
1.02053
0.881905
1.00719
0.873245
0.743539
1.00159
0.872083
1.00138
0.875
0.216387
0.438272
0.669399
0.520635
0.911745
1.06964
1.16829
1.00951
1.11539
0.961677
0.813748
1.07372
0.925158
1.04241
0.64741
0.84523
1.05294
0.884399
1.27199
1.44575
1.50511
1.33076
1.40129
1.22979
1.06285
1.31071
1.14286
1.23319
1.32959
1.49651
1.6724
1.49303
1.85638
2.03483
2.04765
1.86999
1.89404
1.71616
1.53861
1.75194
1.57444
1.6221
2.16459
2.30556
2.45303
2.274
2.60464
2.78034
2.75763
2.58337
2.5679
2.39271
2.21528
2.38561
2.20947
2.21184
3.04916
3.1765
3.30731
3.13212
3.43963
3.61253
3.57131
3.39948
3.36149
3.18927
3.01518
3.15537
2.98261
2.95378
3.9346
4.05882
4.18409
4.01144
4.30945
4.48116
4.43381
4.26259
4.21591
4.04463
3.87248
3.99915
3.82777
3.78408
4.80477
4.97587
4.93119
5.10196
5.05674
4.88582
5.2275
5.18203
5.35287
5.30726
5.13617
5.08953
4.91836
4.74701
4.87108
4.69989
4.65236
0.125862
0.174856
0.406163
0.890954
1.60745
2.4512
3.33381
4.21599
0.134102
0.621635
0.619913
0.261891
0.732301
0.65616
0.615425
1.04526
0.859596
1.22598
1.59397
1.29149
2.02024
2.32695
1.94306
2.891
3.15802
2.73478
3.7762
4.02761
3.59047
4.65185
4.90253
4.46594
0.127293
0.368864
0.370738
0.211867
0.445607
0.411329
0.502406
0.718303
0.627643
1.05174
1.2391
1.08612
1.81083
1.96762
1.77137
2.67043
2.80576
2.59071
3.55522
3.68123
3.46116
4.43447
4.55958
4.34086
0.14942
0.388076
0.374437
0.634318
0.889326
0.8766
0.6169
0.871827
0.873327
0.326272
0.552575
0.492264
0.789017
1.03801
0.984136
0.688409
0.94208
0.910828
0.745144
0.947777
0.825012
1.16092
1.38655
1.27854
0.944847
1.18461
1.10459
1.41186
1.58339
1.40539
1.76342
1.95112
1.79165
1.43621
1.64375
1.50845
2.23413
2.37862
2.17052
2.52847
2.68114
2.48719
2.13138
2.3001
2.12101
3.11228
3.24159
3.02294
3.37341
3.50569
3.29398
2.94491
3.08545
2.88088
3.99652
4.12138
3.90141
4.24682
4.37183
4.15351
3.80868
3.93604
3.71992
4.86814
4.99402
4.77734
5.11941
5.24467
5.02738
4.68462
4.80919
4.59053
