FiniteElementSpace
FiniteElementCollection: H1_2D_P2
VDim: 2
Ordering: 0

0
-0.0015625
-0.00625
-0.0140625
-0.025
-0.0390625
-0.05625
-0.0765625
-0.1
0
-0.0015625
-0.00625
-0.0140625
-0.025
-0.0390625
-0.05625
-0.0765625
-0.1
-0.000390625
-0.0015625
-0.000390625
0
-0.00351563
-0.00625
-0.00351563
-0.00976562
-0.0140625
-0.00976562
-0.0191406
-0.025
-0.0191406
-0.0316406
-0.0390625
-0.0316406
-0.0472656
-0.05625
-0.0472656
-0.0660156
-0.0765625
-0.0660156
-0.0878906
-0.1
-0.0878906
-0.000390625
-0.00351563
-0.00976562
-0.0191406
-0.0316406
-0.0472656
-0.0660156
-0.0878906
-9.76563e-05
-0.000390625
-9.76563e-05
0
-0.00244141
-0.00351563
-0.00244141
-0.0015625
-0.00791016
-0.00976562
-0.00791016
-0.00625
-0.0165039
-0.0191406
-0.0165039
-0.0140625
-0.0282227
-0.0316406
-0.0282227
-0.025
-0.0430664
-0.0472656
-0.0430664
-0.0390625
-0.0610352
-0.0660156
-0.0610352
-0.05625
-0.0821289
-0.0878906
-0.0821289
-0.0765625
-0.000878906
-0.000878906
-0.0015625
-0.000878906
-0.000390625
-9.76563e-05
0
-0.00478516
-0.00478516
-0.00625
-0.00478516
-0.00351563
-0.00244141
-0.0118164
-0.0118164
-0.0140625
-0.0118164
-0.00976562
-0.00791016
-0.0219727
-0.0219727
-0.025
-0.0219727
-0.0191406
-0.0165039
-0.0352539
-0.0352539
-0.0390625
-0.0352539
-0.0316406
-0.0282227
-0.0516602
-0.0516602
-0.05625
-0.0516602
-0.0472656
-0.0430664
-0.0711914
-0.0711914
-0.0765625
-0.0711914
-0.0660156
-0.0610352
-0.0938477
-0.1
-0.0938477
-0.1
-0.0938477
-0.0878906
-0.0821289
-9.76563e-05
-0.00244141
-0.00791016
-0.0165039
-0.0282227
-0.0430664
-0.0610352
-0.0821289
-0.000878906
-0.000878906
-9.76563e-05
-0.00478516
-0.00478516
-0.00244141
-0.0118164
-0.0118164
-0.00791016
-0.0219727
-0.0219727
-0.0165039
-0.0352539
-0.0352539
-0.0282227
-0.0516602
-0.0516602
-0.0430664
-0.0711914
-0.0711914
-0.0610352
-0.0938477
-0.0938477
-0.0821289
-2.44141e-05
-9.76563e-05
-2.44141e-05
0
-0.00197754
-0.00244141
-0.00197754
-0.0015625
-0.00705566
-0.00791016
-0.00705566
-0.00625
-0.0152588
-0.0165039
-0.0152588
-0.0140625
-0.0265869
-0.0282227
-0.0265869
-0.025
-0.04104
-0.0430664
-0.04104
-0.0390625
-0.0586182
-0.0610352
-0.0586182
-0.05625
-0.0793213
-0.0821289
-0.0793213
-0.0765625
-0.000610352
-0.000878906
-0.000610352
-0.000390625
-0.000610352
-0.000878906
-0.000610352
-0.000390625
-2.44141e-05
-9.76563e-05
-2.44141e-05
0
-0.00412598
-0.00478516
-0.00412598
-0.00351563
-0.00412598
-0.00478516
-0.00412598
-0.00351563
-0.00197754
-0.00244141
-0.00197754
-0.0015625
-0.0107666
-0.0118164
-0.0107666
-0.00976562
-0.0107666
-0.0118164
-0.0107666
-0.00976562
-0.00705566
-0.00791016
-0.00705566
-0.00625
-0.0205322
-0.0219727
-0.0205322
-0.0191406
-0.0205322
-0.0219727
-0.0205322
-0.0191406
-0.0152588
-0.0165039
-0.0152588
-0.0140625
-0.0334229
-0.0352539
-0.0334229
-0.0316406
-0.0334229
-0.0352539
-0.0334229
-0.0316406
-0.0265869
-0.0282227
-0.0265869
-0.025
-0.0494385
-0.0516602
-0.0494385
-0.0472656
-0.0494385
-0.0516602
-0.0494385
-0.0472656
-0.04104
-0.0430664
-0.04104
-0.0390625
-0.0685791
-0.0711914
-0.0685791
-0.0660156
-0.0685791
-0.0711914
-0.0685791
-0.0660156
-0.0586182
-0.0610352
-0.0586182
-0.05625
-0.0908447
-0.0938477
-0.0908447
-0.0878906
-0.0908447
-0.0938477
-0.0908447
-0.0878906
-0.0793213
-0.0821289
-0.0793213
-0.0765625
-0.000219727
-0.000219727
-0.000390625
-0.000219727
-9.76563e-05
0
-0.0029541
-0.0029541
-0.00351563
-0.0029541
-0.00244141
-0.0015625
-0.00881348
-0.00881348
-0.00976562
-0.00881348
-0.00791016
-0.00625
-0.0177979
-0.0177979
-0.0191406
-0.0177979
-0.0165039
-0.0140625
-0.0299072
-0.0299072
-0.0316406
-0.0299072
-0.0282227
-0.025
-0.0451416
-0.0451416
-0.0472656
-0.0451416
-0.0430664
-0.0390625
-0.063501
-0.063501
-0.0660156
-0.063501
-0.0610352
-0.05625
-0.0849854
-0.0849854
-0.0878906
-0.0849854
-0.0821289
-0.0765625
-0.00119629
-0.00119629
-0.00119629
-0.000878906
-0.00119629
-0.0015625
-0.00119629
-0.000878906
-0.000610352
-0.000390625
-0.000219727
-0.000219727
-9.76563e-05
-2.44141e-05
0
-0.00549316
-0.00549316
-0.00549316
-0.00478516
-0.00549316
-0.00625
-0.00549316
-0.00478516
-0.00412598
-0.00351563
-0.0029541
-0.0029541
-0.00244141
-0.00197754
-0.012915
-0.012915
-0.012915
-0.0118164
-0.012915
-0.0140625
-0.012915
-0.0118164
-0.0107666
-0.00976562
-0.00881348
-0.00881348
-0.00791016
-0.00705566
-0.0234619
-0.0234619
-0.0234619
-0.0219727
-0.0234619
-0.025
-0.0234619
-0.0219727
-0.0205322
-0.0191406
-0.0177979
-0.0177979
-0.0165039
-0.0152588
-0.0371338
-0.0371338
-0.0371338
-0.0352539
-0.0371338
-0.0390625
-0.0371338
-0.0352539
-0.0334229
-0.0316406
-0.0299072
-0.0299072
-0.0282227
-0.0265869
-0.0539307
-0.0539307
-0.0539307
-0.0516602
-0.0539307
-0.05625
-0.0539307
-0.0516602
-0.0494385
-0.0472656
-0.0451416
-0.0451416
-0.0430664
-0.04104
-0.0738525
-0.0738525
-0.0738525
-0.0711914
-0.0738525
-0.0765625
-0.0738525
-0.0711914
-0.0685791
-0.0660156
-0.063501
-0.063501
-0.0610352
-0.0586182
-0.0968994
-0.1
-0.0968994
-0.1
-0.0968994
-0.0938477
-0.1
-0.0968994
-0.1
-0.0968994
-0.0938477
-0.0908447
-0.0878906
-0.0849854
-0.0849854
-0.0821289
-0.0793213
-2.44141e-05
-0.00197754
-0.00705566
-0.0152588
-0.0265869
-0.04104
-0.0586182
-0.0793213
-0.000610352
-0.000610352
-2.44141e-05
-0.00412598
-0.00412598
-0.00197754
-0.0107666
-0.0107666
-0.00705566
-0.0205322
-0.0205322
-0.0152588
-0.0334229
-0.0334229
-0.0265869
-0.0494385
-0.0494385
-0.04104
-0.0685791
-0.0685791
-0.0586182
-0.0908447
-0.0908447
-0.0793213
-0.000219727
-0.000219727
-2.44141e-05
-0.0029541
-0.0029541
-0.00197754
-0.00881348
-0.00881348
-0.00705566
-0.0177979
-0.0177979
-0.0152588
-0.0299072
-0.0299072
-0.0265869
-0.0451416
-0.0451416
-0.04104
-0.063501
-0.063501
-0.0586182
-0.0849854
-0.0849854
-0.0793213
-0.00119629
-0.00119629
-0.000610352
-0.00119629
-0.00119629
-0.000610352
-0.000219727
-0.000219727
-2.44141e-05
-0.00549316
-0.00549316
-0.00412598
-0.00549316
-0.00549316
-0.00412598
-0.0029541
-0.0029541
-0.00197754
-0.012915
-0.012915
-0.0107666
-0.012915
-0.012915
-0.0107666
-0.00881348
-0.00881348
-0.00705566
-0.0234619
-0.0234619
-0.0205322
-0.0234619
-0.0234619
-0.0205322
-0.0177979
-0.0177979
-0.0152588
-0.0371338
-0.0371338
-0.0334229
-0.0371338
-0.0371338
-0.0334229
-0.0299072
-0.0299072
-0.0265869
-0.0539307
-0.0539307
-0.0494385
-0.0539307
-0.0539307
-0.0494385
-0.0451416
-0.0451416
-0.04104
-0.0738525
-0.0738525
-0.0685791
-0.0738525
-0.0738525
-0.0685791
-0.063501
-0.063501
-0.0586182
-0.0968994
-0.0968994
-0.0908447
-0.0968994
-0.0968994
-0.0908447
-0.0849854
-0.0849854
-0.0793213
0
0.0109375
0.0375
0.0703125
0.1
0.117188
0.1125
0.0765625
0
0
0.0109375
0.0375
0.0703125
0.1
0.117188
0.1125
0.0765625
0
0.00292969
0.0109375
0.00292969
0
0.0228516
0.0375
0.0228516
0.0537109
0.0703125
0.0537109
0.0861328
0.1
0.0861328
0.110742
0.117188
0.110742
0.118164
0.1125
0.118164
0.0990234
0.0765625
0.0990234
0.0439453
0
0.0439453
0.00292969
0.0228516
0.0537109
0.0861328
0.110742
0.118164
0.0990234
0.0439453
0.000756836
0.00292969
0.000756836
0
0.0164795
0.0228516
0.0164795
0.0109375
0.0454834
0.0537109
0.0454834
0.0375
0.0783936
0.0861328
0.0783936
0.0703125
0.105835
0.110742
0.105835
0.1
0.118433
0.118164
0.118433
0.117188
0.106812
0.0990234
0.106812
0.1125
0.0615967
0.0439453
0.0615967
0.0765625
0.00637207
0.00637207
0.0109375
0.00637207
0.00292969
0.000756836
0
0.0299072
0.0299072
0.0375
0.0299072
0.0228516
0.0164795
0.0620361
0.0620361
0.0703125
0.0620361
0.0537109
0.0454834
0.0933838
0.0933838
0.1
0.0933838
0.0861328
0.0783936
0.114575
0.114575
0.117188
0.114575
0.110742
0.105835
0.116235
0.116235
0.1125
0.116235
0.118164
0.118433
0.0889893
0.0889893
0.0765625
0.0889893
0.0990234
0.106812
0.0234619
0
0.0234619
0
0.0234619
0.0439453
0.0615967
0.000756836
0.0164795
0.0454834
0.0783936
0.105835
0.118433
0.106812
0.0615967
0.00637207
0.00637207
0.000756836
0.0299072
0.0299072
0.0164795
0.0620361
0.0620361
0.0454834
0.0933838
0.0933838
0.0783936
0.114575
0.114575
0.105835
0.116235
0.116235
0.118433
0.0889893
0.0889893
0.106812
0.0234619
0.0234619
0.0615967
0.000192261
0.000756836
0.000192261
0
0.0135956
0.0164795
0.0135956
0.0109375
0.041452
0.0454834
0.041452
0.0375
0.0743866
0.0783936
0.0743866
0.0703125
0.103024
0.105835
0.103024
0.1
0.11799
0.118433
0.11799
0.117188
0.109909
0.106812
0.109909
0.1125
0.0694061
0.0615967
0.0694061
0.0765625
0.00450134
0.00637207
0.00450134
0.00292969
0.00450134
0.00637207
0.00450134
0.00292969
0.000192261
0.000756836
0.000192261
0
0.0263031
0.0299072
0.0263031
0.0228516
0.0263031
0.0299072
0.0263031
0.0228516
0.0135956
0.0164795
0.0135956
0.0109375
0.0578705
0.0620361
0.0578705
0.0537109
0.0578705
0.0620361
0.0578705
0.0537109
0.041452
0.0454834
0.041452
0.0375
0.0898285
0.0933838
0.0898285
0.0861328
0.0898285
0.0933838
0.0898285
0.0861328
0.0743866
0.0783936
0.0743866
0.0703125
0.112802
0.114575
0.112802
0.110742
0.112802
0.114575
0.112802
0.110742
0.103024
0.105835
0.103024
0.1
0.117416
0.116235
0.117416
0.118164
0.117416
0.116235
0.117416
0.118164
0.11799
0.118433
0.11799
0.117188
0.0942963
0.0889893
0.0942963
0.0990234
0.0942963
0.0889893
0.0942963
0.0990234
0.109909
0.106812
0.109909
0.1125
0.0340668
0.0234619
0.0340668
0.0439453
0.0340668
0.0234619
0.0340668
0.0439453
0.0694061
0.0615967
0.0694061
0.0765625
0.00167542
0.00167542
0.00292969
0.00167542
0.000756836
0
0.0195709
0.0195709
0.0228516
0.0195709
0.0164795
0.0109375
0.0495758
0.0495758
0.0537109
0.0495758
0.0454834
0.0375
0.0823151
0.0823151
0.0861328
0.0823151
0.0783936
0.0703125
0.108414
0.108414
0.110742
0.108414
0.105835
0.1
0.118497
0.118497
0.118164
0.118497
0.118433
0.117188
0.103189
0.103189
0.0990234
0.103189
0.106812
0.1125
0.0531158
0.0531158
0.0439453
0.0531158
0.0615967
0.0765625
0.00852356
0.00852356
0.00852356
0.00637207
0.00852356
0.0109375
0.00852356
0.00637207
0.00450134
0.00292969
0.00167542
0.00167542
0.000756836
0.000192261
0
0.0336456
0.0336456
0.0336456
0.0299072
0.0336456
0.0375
0.0336456
0.0299072
0.0263031
0.0228516
0.0195709
0.0195709
0.0164795
0.0135956
0.0661896
0.0661896
0.0661896
0.0620361
0.0661896
0.0703125
0.0661896
0.0620361
0.0578705
0.0537109
0.0495758
0.0495758
0.0454834
0.041452
0.0967804
0.0967804
0.0967804
0.0933838
0.0967804
0.1
0.0967804
0.0933838
0.0898285
0.0861328
0.0823151
0.0823151
0.0783936
0.0743866
0.116043
0.116043
0.116043
0.114575
0.116043
0.117188
0.116043
0.114575
0.112802
0.110742
0.108414
0.108414
0.105835
0.103024
0.114603
0.114603
0.114603
0.116235
0.114603
0.1125
0.114603
0.116235
0.117416
0.118164
0.118497
0.118497
0.118433
0.11799
0.0830841
0.0830841
0.0830841
0.0889893
0.0830841
0.0765625
0.0830841
0.0889893
0.0942963
0.0990234
0.103189
0.103189
0.106812
0.109909
0.0121124
0
0.0121124
0
0.0121124
0.0234619
0
0.0121124
0
0.0121124
0.0234619
0.0340668
0.0439453
0.0531158
0.0531158
0.0615967
0.0694061
0.000192261
0.0135956
0.041452
0.0743866
0.103024
0.11799
0.109909
0.0694061
0.00450134
0.00450134
0.000192261
0.0263031
0.0263031
0.0135956
0.0578705
0.0578705
0.041452
0.0898285
0.0898285
0.0743866
0.112802
0.112802
0.103024
0.117416
0.117416
0.11799
0.0942963
0.0942963
0.109909
0.0340668
0.0340668
0.0694061
0.00167542
0.00167542
0.000192261
0.0195709
0.0195709
0.0135956
0.0495758
0.0495758
0.041452
0.0823151
0.0823151
0.0743866
0.108414
0.108414
0.103024
0.118497
0.118497
0.11799
0.103189
0.103189
0.109909
0.0531158
0.0531158
0.0694061
0.00852356
0.00852356
0.00450134
0.00852356
0.00852356
0.00450134
0.00167542
0.00167542
0.000192261
0.0336456
0.0336456
0.0263031
0.0336456
0.0336456
0.0263031
0.0195709
0.0195709
0.0135956
0.0661896
0.0661896
0.0578705
0.0661896
0.0661896
0.0578705
0.0495758
0.0495758
0.041452
0.0967804
0.0967804
0.0898285
0.0967804
0.0967804
0.0898285
0.0823151
0.0823151
0.0743866
0.116043
0.116043
0.112802
0.116043
0.116043
0.112802
0.108414
0.108414
0.103024
0.114603
0.114603
0.117416
0.114603
0.114603
0.117416
0.118497
0.118497
0.11799
0.0830841
0.0830841
0.0942963
0.0830841
0.0830841
0.0942963
0.103189
0.103189
0.109909
0.0121124
0.0121124
0.0340668
0.0121124
0.0121124
0.0340668
0.0531158
0.0531158
0.0694061
