FiniteElementSpace
FiniteElementCollection: H1_2D_P2
VDim: 2
Ordering: 0

0
1
2
3
4
5
6
7
8
0
1
2
3
4
5
6
7
8
0.5
1
0.5
0
1.5
2
1.5
2.5
3
2.5
3.5
4
3.5
4.5
5
4.5
5.5
6
5.5
6.5
7
6.5
7.5
8
7.5
0.5
1.5
2.5
3.5
4.5
5.5
6.5
7.5
0.25
0.5
0.25
0
1.25
1.5
1.25
1
2.25
2.5
2.25
2
3.25
3.5
3.25
3
4.25
4.5
4.25
4
5.25
5.5
5.25
5
6.25
6.5
6.25
6
7.25
7.5
7.25
7
0.75
0.75
1
0.75
0.5
0.25
0
1.75
1.75
2
1.75
1.5
1.25
2.75
2.75
3
2.75
2.5
2.25
3.75
3.75
4
3.75
3.5
3.25
4.75
4.75
5
4.75
4.5
4.25
5.75
5.75
6
5.75
5.5
5.25
6.75
6.75
7
6.75
6.5
6.25
7.75
8
7.75
8
7.75
7.5
7.25
0.25
1.25
2.25
3.25
4.25
5.25
6.25
7.25
0.75
0.75
0.25
1.75
1.75
1.25
2.75
2.75
2.25
3.75
3.75
3.25
4.75
4.75
4.25
5.75
5.75
5.25
6.75
6.75
6.25
7.75
7.75
7.25
0.125
0.25
0.125
0
1.125
1.25
1.125
1
2.125
2.25
2.125
2
3.125
3.25
3.125
3
4.125
4.25
4.125
4
5.125
5.25
5.125
5
6.125
6.25
6.125
6
7.125
7.25
7.125
7
0.625
0.75
0.625
0.5
0.625
0.75
0.625
0.5
0.125
0.25
0.125
0
1.625
1.75
1.625
1.5
1.625
1.75
1.625
1.5
1.125
1.25
1.125
1
2.625
2.75
2.625
2.5
2.625
2.75
2.625
2.5
2.125
2.25
2.125
2
3.625
3.75
3.625
3.5
3.625
3.75
3.625
3.5
3.125
3.25
3.125
3
4.625
4.75
4.625
4.5
4.625
4.75
4.625
4.5
4.125
4.25
4.125
4
5.625
5.75
5.625
5.5
5.625
5.75
5.625
5.5
5.125
5.25
5.125
5
6.625
6.75
6.625
6.5
6.625
6.75
6.625
6.5
6.125
6.25
6.125
6
7.625
7.75
7.625
7.5
7.625
7.75
7.625
7.5
7.125
7.25
7.125
7
0.375
0.375
0.5
0.375
0.25
0
1.375
1.375
1.5
1.375
1.25
1
2.375
2.375
2.5
2.375
2.25
2
3.375
3.375
3.5
3.375
3.25
3
4.375
4.375
4.5
4.375
4.25
4
5.375
5.375
5.5
5.375
5.25
5
6.375
6.375
6.5
6.375
6.25
6
7.375
7.375
7.5
7.375
7.25
7
0.875
0.875
0.875
0.75
0.875
1
0.875
0.75
0.625
0.5
0.375
0.375
0.25
0.125
0
1.875
1.875
1.875
1.75
1.875
2
1.875
1.75
1.625
1.5
1.375
1.375
1.25
1.125
2.875
2.875
2.875
2.75
2.875
3
2.875
2.75
2.625
2.5
2.375
2.375
2.25
2.125
3.875
3.875
3.875
3.75
3.875
4
3.875
3.75
3.625
3.5
3.375
3.375
3.25
3.125
4.875
4.875
4.875
4.75
4.875
5
4.875
4.75
4.625
4.5
4.375
4.375
4.25
4.125
5.875
5.875
5.875
5.75
5.875
6
5.875
5.75
5.625
5.5
5.375
5.375
5.25
5.125
6.875
6.875
6.875
6.75
6.875
7
6.875
6.75
6.625
6.5
6.375
6.375
6.25
6.125
7.875
8
7.875
8
7.875
7.75
8
7.875
8
7.875
7.75
7.625
7.5
7.375
7.375
7.25
7.125
0.125
1.125
2.125
3.125
4.125
5.125
6.125
7.125
0.625
0.625
0.125
1.625
1.625
1.125
2.625
2.625
2.125
3.625
3.625
3.125
4.625
4.625
4.125
5.625
5.625
5.125
6.625
6.625
6.125
7.625
7.625
7.125
0.375
0.375
0.125
1.375
1.375
1.125
2.375
2.375
2.125
3.375
3.375
3.125
4.375
4.375
4.125
5.375
5.375
5.125
6.375
6.375
6.125
7.375
7.375
7.125
0.875
0.875
0.625
0.875
0.875
0.625
0.375
0.375
0.125
1.875
1.875
1.625
1.875
1.875
1.625
1.375
1.375
1.125
2.875
2.875
2.625
2.875
2.875
2.625
2.375
2.375
2.125
3.875
3.875
3.625
3.875
3.875
3.625
3.375
3.375
3.125
4.875
4.875
4.625
4.875
4.875
4.625
4.375
4.375
4.125
5.875
5.875
5.625
5.875
5.875
5.625
5.375
5.375
5.125
6.875
6.875
6.625
6.875
6.875
6.625
6.375
6.375
6.125
7.875
7.875
7.625
7.875
7.875
7.625
7.375
7.375
7.125
0
0
0
0
0
0
0
0
0
1
1
1
1
1
1
1
1
1
0
0.5
1
0.5
0
0.5
1
0
0.5
1
0
0.5
1
0
0.5
1
0
0.5
1
0
0.5
1
0
0.5
1
0.5
0.5
0.5
0.5
0.5
0.5
0.5
0.5
0
0.25
0.5
0.25
0
0.25
0.5
0.25
0
0.25
0.5
0.25
0
0.25
0.5
0.25
0
0.25
0.5
0.25
0
0.25
0.5
0.25
0
0.25
0.5
0.25
0
0.25
0.5
0.25
0
0.5
0.75
1
0.75
1
0.75
0
0.5
0.75
1
0.75
1
0
0.5
0.75
1
0.75
1
0
0.5
0.75
1
0.75
1
0
0.5
0.75
1
0.75
1
0
0.5
0.75
1
0.75
1
0
0.5
0.75
1
0.75
1
0
0.25
0.5
0.75
1
0.75
1
0.25
0.25
0.25
0.25
0.25
0.25
0.25
0.25
0.25
0.75
0.75
0.25
0.75
0.75
0.25
0.75
0.75
0.25
0.75
0.75
0.25
0.75
0.75
0.25
0.75
0.75
0.25
0.75
0.75
0.25
0.75
0.75
0
0.125
0.25
0.125
0
0.125
0.25
0.125
0
0.125
0.25
0.125
0
0.125
0.25
0.125
0
0.125
0.25
0.125
0
0.125
0.25
0.125
0
0.125
0.25
0.125
0
0.125
0.25
0.125
0
0.125
0.25
0.125
0.5
0.625
0.75
0.625
0.5
0.625
0.75
0.625
0
0.125
0.25
0.125
0.5
0.625
0.75
0.625
0.5
0.625
0.75
0.625
0
0.125
0.25
0.125
0.5
0.625
0.75
0.625
0.5
0.625
0.75
0.625
0
0.125
0.25
0.125
0.5
0.625
0.75
0.625
0.5
0.625
0.75
0.625
0
0.125
0.25
0.125
0.5
0.625
0.75
0.625
0.5
0.625
0.75
0.625
0
0.125
0.25
0.125
0.5
0.625
0.75
0.625
0.5
0.625
0.75
0.625
0
0.125
0.25
0.125
0.5
0.625
0.75
0.625
0.5
0.625
0.75
0.625
0
0.125
0.25
0.125
0.5
0.625
0.75
0.625
0.5
0.625
0.75
0.625
0
0.25
0.375
0.5
0.375
0.375
0
0.25
0.375
0.5
0.375
0.375
0
0.25
0.375
0.5
0.375
0.375
0
0.25
0.375
0.5
0.375
0.375
0
0.25
0.375
0.5
0.375
0.375
0
0.25
0.375
0.5
0.375
0.375
0
0.25
0.375
0.5
0.375
0.375
0
0.25
0.375
0.5
0.375
0.375
0
0.25
0.5
0.375
0.75
0.875
1
0.875
1
0.875
0.75
1
0.875
1
0.875
0
0.25
0.5
0.375
0.75
0.875
1
0.875
1
0.875
0.75
1
0.875
1
0
0.25
0.5
0.375
0.75
0.875
1
0.875
1
0.875
0.75
1
0.875
1
0
0.25
0.5
0.375
0.75
0.875
1
0.875
1
0.875
0.75
1
0.875
1
0
0.25
0.5
0.375
0.75
0.875
1
0.875
1
0.875
0.75
1
0.875
1
0
0.25
0.5
0.375
0.75
0.875
1
0.875
1
0.875
0.75
1
0.875
1
0
0.25
0.5
0.375
0.75
0.875
1
0.875
1
0.875
0.75
1
0.875
1
0
0.125
0.25
0.375
0.5
0.375
0.625
0.75
0.875
1
0.875
1
0.875
0.75
1
0.875
1
0.125
0.125
0.125
0.125
0.125
0.125
0.125
0.125
0.125
0.625
0.625
0.125
0.625
0.625
0.125
0.625
0.625
0.125
0.625
0.625
0.125
0.625
0.625
0.125
0.625
0.625
0.125
0.625
0.625
0.125
0.625
0.625
0.125
0.375
0.375
0.125
0.375
0.375
0.125
0.375
0.375
0.125
0.375
0.375
0.125
0.375
0.375
0.125
0.375
0.375
0.125
0.375
0.375
0.125
0.375
0.375
0.125
0.375
0.375
0.625
0.875
0.875
0.625
0.875
0.875
0.125
0.375
0.375
0.625
0.875
0.875
0.625
0.875
0.875
0.125
0.375
0.375
0.625
0.875
0.875
0.625
0.875
0.875
0.125
0.375
0.375
0.625
0.875
0.875
0.625
0.875
0.875
0.125
0.375
0.375
0.625
0.875
0.875
0.625
0.875
0.875
0.125
0.375
0.375
0.625
0.875
0.875
0.625
0.875
0.875
0.125
0.375
0.375
0.625
0.875
0.875
0.625
0.875
0.875
0.125
0.375
0.375
0.625
0.875
0.875
0.625
0.875
0.875
