FiniteElementSpace
FiniteElementCollection: H1_2D_P2
VDim: 2
Ordering: 0

0
-0.00534388
-0.0031365
0.00328992
0.0113065
0.0183808
0.0217752
0.0213487
0.0192955
0
0.00290543
0.00519738
0.00898286
0.0139997
0.0186731
0.0211745
0.0210265
0.0193969
-0.00362397
-0.00166699
0.00178491
0
-0.00501738
0.000786772
0.00391562
-0.000246809
0.00611471
0.00688376
0.00722896
0.0128594
0.0114114
0.0151619
0.0189382
0.0165083
0.0206285
0.021874
0.0202704
0.0219251
0.0213853
0.0213864
0.0203798
0.019393
0.0202983
-0.00112182
-0.000924943
0.00319247
0.00940643
0.01616
0.0208877
0.0219655
0.0204274
-0.00193317
-0.00216007
-0.00046174
0
-0.00541343
-0.00295265
-0.00143872
-0.00342887
-0.00179089
0.00146042
0.00191574
-0.00118258
0.00522376
0.00833095
0.00772504
0.00469903
0.013288
0.0157116
0.0145518
0.0121152
0.0196398
0.0208356
0.0200298
0.0187258
0.0219605
0.0220195
0.0220203
0.0219057
0.0208923
0.0204346
0.0209349
0.021423
-0.00474698
-0.00156548
0.000280422
0.0023968
-5.74516e-05
0.000971173
0
-0.00423329
-0.000170374
0.00287716
0.00451044
0.00127967
0.00339243
0.00145709
0.0045978
0.00754359
0.00788486
0.00498952
0.00598723
0.00927056
0.01113
0.013507
0.0126993
0.0104422
0.0101646
0.0168755
0.0176366
0.0189574
0.0176494
0.0164566
0.0152806
0.021338
0.0215014
0.0216484
0.0208121
0.0207309
0.0195533
0.0217072
0.0217416
0.0212474
0.0212665
0.0217581
0.021362
0.0198493
0.0193534
0.0198967
0.0193951
0.0198637
0.0203746
0.0206942
-0.000896705
-0.00338345
5.01843e-05
0.00647881
0.0139615
0.0199075
0.0220695
0.0209573
-0.0030327
3.16632e-05
-4.50312e-05
-0.00219967
0.00200915
0.000699651
0.0030183
0.00621616
0.00387362
0.010223
0.0119692
0.00895849
0.0173149
0.0177831
0.015017
0.0215002
0.0212976
0.0199473
0.0217908
0.0215649
0.021795
0.0198929
0.0198815
0.0208396
-0.000780092
-0.00129712
-0.000309472
0
-0.00544187
-0.0043725
-0.0034584
-0.00434996
-0.00249112
-0.000868961
-0.000590692
-0.00215485
0.00424599
0.00585251
0.00557805
0.00399442
0.0123083
0.0136334
0.0130473
0.0117176
0.0190451
0.0197893
0.0193473
0.0185673
0.0218988
0.0220342
0.0220163
0.0218595
0.02113
0.0209362
0.0211998
0.0214004
-0.00424607
-0.00384087
-0.00265721
-0.00281981
-0.00138426
-0.000812561
-2.94132e-05
-0.000629969
-0.000160735
-0.000275402
-5.78317e-06
0
-0.00466883
-0.00320663
-0.0026128
-0.00396803
-0.000575425
0.000890738
0.00162635
0.000141362
-0.00159165
-0.000412285
0.000469174
-0.000740094
0.000587302
0.00223703
0.00222243
0.000606517
0.00388003
0.00540109
0.00558956
0.00408056
0.00133123
0.00287902
0.00335987
0.00181023
0.00824796
0.00975159
0.0092743
0.00778288
0.010265
0.0115602
0.011202
0.00993061
0.00690942
0.00834399
0.00824112
0.00682739
0.0160437
0.0171075
0.0165347
0.0154472
0.0169173
0.0177367
0.017136
0.0163317
0.013713
0.0148037
0.0142677
0.0131982
0.02102
0.0214374
0.0212009
0.0207491
0.0212248
0.0214289
0.0210411
0.02084
0.0195117
0.0200193
0.0194764
0.0189772
0.0218368
0.021766
0.021925
0.0219908
0.0218724
0.021669
0.0216791
0.0218816
0.0219738
0.0219313
0.0217459
0.0217881
0.0201148
0.0198773
0.0201642
0.0204151
0.0201629
0.0198901
0.02013
0.0204054
0.0211695
0.0208952
0.0210527
0.021328
-0.00287536
-0.00155807
-0.00161387
-0.000798167
-0.000665672
0
-0.00526906
-0.00321243
-0.00194567
-0.00121482
-0.00241495
-0.0025455
-0.00104084
0.000735026
0.00232107
0.00253677
0.000976111
-0.000205681
0.00621956
0.00739769
0.00887263
0.00855845
0.00710317
0.00540563
0.0142431
0.0148519
0.0159508
0.0153692
0.0142691
0.0124969
0.0201711
0.0204043
0.0208836
0.0204885
0.0199897
0.0188515
0.0219689
0.0220691
0.0220112
0.022016
0.0220656
0.0219117
0.0206403
0.0207006
0.020438
0.0206861
0.0209563
0.0214175
-0.00511509
-0.00328875
-0.00165985
-0.0022856
0.000134483
0.00147445
0.00266035
0.0010731
0.00211118
0.000716982
-5.98392e-05
0.00141261
0.000332698
0.000439613
0
-0.00371946
-0.00172104
0.000284745
-0.00119294
0.00242642
0.00400209
0.00484263
0.00320888
0.00420386
0.00252731
0.000970197
0.00364839
0.00195277
0.0031491
0.00235916
0.0038447
0.00534331
0.00380458
0.00686801
0.00826272
0.0084225
0.00704408
0.0073719
0.00592305
0.00441715
0.00642274
0.00490751
0.0055799
0.0102927
0.0111719
0.0119964
0.0106832
0.0127389
0.0137781
0.0133489
0.0123518
0.0120512
0.0109377
0.00969312
0.0107808
0.00956661
0.00956412
0.0176589
0.0180471
0.0183114
0.0174932
0.0183909
0.0188628
0.0181764
0.0177606
0.0170903
0.0165214
0.0157478
0.0159019
0.0151809
0.0146435
0.0215913
0.0217345
0.0217169
0.0215231
0.0214991
0.021447
0.0210152
0.0210965
0.0205628
0.0205467
0.0203652
0.0199322
0.0197985
0.0191314
0.0215429
0.0216217
0.0215776
0.0217825
0.0214197
0.021146
0.0211599
0.0214305
0.0213432
0.0215937
0.0217978
0.0213935
0.0216071
0.0212894
0.0195789
0.0193239
0.0196232
0.0193782
0.0196387
0.0198984
0.0193981
0.0196339
0.019391
0.019632
0.0198725
0.0200838
0.0203378
0.0206124
0.0205022
0.0207713
0.02087
-0.000434619
-0.00441916
-0.00153815
0.00491252
0.0126853
0.0192107
0.0219765
0.0211779
-0.00339316
-0.000750033
-9.8332e-05
-0.00362773
0.000493088
-0.0006066
0.00140422
0.00472668
0.00232692
0.00876493
0.0107419
0.0075755
0.0163003
0.0170519
0.0140075
0.0211279
0.0211632
0.0195242
0.0218986
0.0217935
0.0218853
0.0201465
0.0201491
0.0211209
-0.00212759
-0.00115057
-0.000228108
-0.00421955
-0.00221931
-0.00252625
-0.000152587
0.00162971
0.000362854
0.00681064
0.00798063
0.0062437
0.0145569
0.0151242
0.0133911
0.0203037
0.0204679
0.0194497
0.0220378
0.0220623
0.0220163
0.0206802
0.020702
0.0211965
-0.00415961
-0.00246704
-0.00200039
-0.000809747
0.00126624
0.00089329
-0.000463065
0.000537931
0.000117006
-0.00271331
-0.000726136
-0.00160172
0.00133043
0.00359165
0.00285459
-0.000161934
0.00222745
0.00170285
0.00310145
0.00459161
0.00304675
0.00610185
0.00764191
0.00647088
0.00346398
0.00540188
0.00444104
0.010738
0.0115923
0.00977495
0.0123804
0.0130652
0.0116409
0.00913003
0.010245
0.00890498
0.0178658
0.0181977
0.0167423
0.0183794
0.01833
0.0171552
0.0155799
0.0158607
0.0144843
0.0216813
0.0217478
0.021235
0.0216363
0.0212959
0.0208461
0.0204578
0.0201962
0.0193522
0.0215981
0.0216145
0.0219162
0.0215123
0.0213016
0.0215291
0.0219287
0.0216207
0.0215498
0.019605
0.0196344
0.0201688
0.0196378
0.0196309
0.0201076
0.0206554
0.0205601
0.020968
0
-0.0118965
-0.0248417
-0.035139
-0.0416587
-0.0440546
-0.0437197
-0.043081
-0.0430255
0
-0.00726179
-0.0176984
-0.0268642
-0.0339152
-0.0388797
-0.0421715
-0.0441582
-0.0448638
-0.00594879
-0.00936314
-0.00266195
0
-0.0185205
-0.0216213
-0.0125048
-0.0304258
-0.0314555
-0.0225288
-0.0389111
-0.0382092
-0.030662
-0.0433408
-0.041724
-0.0366399
-0.0440637
-0.0430142
-0.0407017
-0.0433331
-0.0436517
-0.0433245
-0.0429997
-0.0440225
-0.0446586
-0.0034852
-0.0156733
-0.0269068
-0.0352383
-0.0403463
-0.0425329
-0.0433597
-0.0438804
-0.0035631
-0.00459738
-0.00119426
0
-0.0151986
-0.0171
-0.0125288
-0.0105742
-0.0277378
-0.0287374
-0.0243541
-0.0232787
-0.0371478
-0.0371514
-0.0334452
-0.0333763
-0.0426309
-0.0419045
-0.0393803
-0.0400032
-0.0441258
-0.0433497
-0.0421844
-0.0429439
-0.043517
-0.0434005
-0.0431961
-0.0434186
-0.043021
-0.0434922
-0.0437763
-0.043422
-0.00876149
-0.00629479
-0.00828024
-0.00481065
-0.00279201
-0.00110902
0
-0.0217569
-0.0187195
-0.0198044
-0.015133
-0.0141876
-0.00985924
-0.0328954
-0.0292748
-0.0293154
-0.0247623
-0.0248722
-0.0201703
-0.0404177
-0.0368281
-0.0362113
-0.0323562
-0.0331065
-0.0288313
-0.0438057
-0.0411205
-0.0403759
-0.0378166
-0.038615
-0.0353416
-0.043914
-0.0428003
-0.0425694
-0.0414774
-0.0416366
-0.0398384
-0.0431851
-0.0435116
-0.0438633
-0.0437824
-0.0432988
-0.042787
-0.0430053
-0.043575
-0.0439624
-0.044427
-0.0447917
-0.0442403
-0.0444499
-0.00207696
-0.0138382
-0.0261075
-0.0353753
-0.0410706
-0.0432077
-0.0434093
-0.0434532
-0.00744274
-0.00540372
-0.000753787
-0.0202659
-0.0170548
-0.0112419
-0.0311618
-0.0271736
-0.022414
-0.0386963
-0.0347467
-0.0312945
-0.0425205
-0.0395686
-0.0374993
-0.0434083
-0.0421343
-0.0410577
-0.0434036
-0.0436023
-0.0429551
-0.0435373
-0.0443501
-0.0440774
-0.00217192
-0.00275164
-0.00101514
0
-0.0135382
-0.0145117
-0.0121989
-0.0112232
-0.0263167
-0.0269352
-0.0247173
-0.0240694
-0.0361744
-0.0362779
-0.0344032
-0.0342742
-0.0421795
-0.0418637
-0.0405668
-0.0408447
-0.0441105
-0.04368
-0.0430935
-0.0435118
-0.0436175
-0.043481
-0.0434149
-0.0435858
-0.0430458
-0.0432559
-0.0434364
-0.0432712
-0.00730472
-0.00808511
-0.00597482
-0.00525838
-0.00484567
-0.00581196
-0.0040509
-0.00307753
-0.000443309
-0.000916503
-0.000180668
0
-0.0201566
-0.0210161
-0.0186992
-0.0178095
-0.0172115
-0.017908
-0.0156333
-0.0149433
-0.0109417
-0.0118863
-0.00975719
-0.00880586
-0.0316897
-0.0320448
-0.0299756
-0.0295964
-0.0281138
-0.0282559
-0.0260423
-0.0259202
-0.0230093
-0.0234131
-0.0211271
-0.0207388
-0.0396983
-0.0395717
-0.0379534
-0.0380469
-0.0360588
-0.0358189
-0.0339481
-0.0342045
-0.0324743
-0.0324022
-0.0303253
-0.0304176
-0.0436034
-0.0431754
-0.0422385
-0.0426351
-0.0407561
-0.0403661
-0.0391109
-0.0395059
-0.0388207
-0.0384679
-0.0368769
-0.0372404
-0.0439973
-0.0436765
-0.0433871
-0.0437209
-0.0426748
-0.0424716
-0.0418942
-0.042093
-0.0419701
-0.0416339
-0.0407309
-0.0410673
-0.0432539
-0.043314
-0.0434002
-0.0433857
-0.043437
-0.0435533
-0.0434556
-0.0433262
-0.0431081
-0.0430741
-0.0427678
-0.0427928
-0.0430004
-0.043286
-0.0435138
-0.0432627
-0.043924
-0.0441553
-0.0443017
-0.0440585
-0.0437163
-0.0439241
-0.0439764
-0.043754
-0.0046973
-0.00329186
-0.00399922
-0.00225901
-0.00157865
0
-0.0168667
-0.0154761
-0.0163892
-0.0141087
-0.0131774
-0.00995268
-0.0291101
-0.0274478
-0.0278428
-0.025653
-0.025249
-0.0224646
-0.0380619
-0.0362919
-0.0362175
-0.0343666
-0.0344332
-0.0324387
-0.0430191
-0.0415161
-0.0411436
-0.0398881
-0.0402451
-0.0391271
-0.044109
-0.0432915
-0.0429531
-0.0423706
-0.0427094
-0.0423489
-0.0434213
-0.0434039
-0.0433886
-0.0432796
-0.0433116
-0.0432261
-0.0430061
-0.043472
-0.0436952
-0.0438311
-0.0436232
-0.0435452
-0.0102976
-0.00898196
-0.00780719
-0.00684212
-0.00682246
-0.00777375
-0.00601491
-0.00507258
-0.00369403
-0.00264487
-0.00168434
-0.00179439
-0.000791273
-0.000541675
0
-0.0233232
-0.0217938
-0.0201898
-0.0195021
-0.0184455
-0.0187997
-0.016426
-0.0161395
-0.0138251
-0.013385
-0.0127206
-0.0111824
-0.0105763
-0.00855243
-0.0340471
-0.0322957
-0.0303885
-0.0302404
-0.0282644
-0.0281361
-0.0258289
-0.0260148
-0.0236608
-0.0237482
-0.023662
-0.0213639
-0.0213407
-0.0189472
-0.041073
-0.0393799
-0.0375448
-0.0377841
-0.0355008
-0.0351075
-0.0331513
-0.0335973
-0.0315249
-0.0319305
-0.0322214
-0.0297624
-0.0301091
-0.0278635
-0.0439559
-0.0427545
-0.0414418
-0.0418371
-0.039989
-0.0396481
-0.0383612
-0.0387213
-0.0372422
-0.0376633
-0.0380779
-0.0360055
-0.0364615
-0.0346437
-0.0438201
-0.0434175
-0.0429124
-0.0431149
-0.0423587
-0.042359
-0.0418343
-0.0418005
-0.0410999
-0.0411715
-0.0413585
-0.0402812
-0.0404592
-0.0393711
-0.0431274
-0.043411
-0.0435833
-0.0434659
-0.0437383
-0.0439938
-0.0439807
-0.0436744
-0.0435635
-0.0432941
-0.043132
-0.0430655
-0.0428556
-0.0424889
-0.0430138
-0.0433156
-0.0435604
-0.0438086
-0.0439956
-0.0437597
-0.0442245
-0.0443892
-0.0446324
-0.0448341
-0.0445581
-0.0447339
-0.0444361
-0.0441654
-0.0445644
-0.0442484
-0.0443146
-0.00146395
-0.0128588
-0.0255277
-0.0353052
-0.0413863
-0.0436147
-0.0435335
-0.0432604
-0.00662314
-0.00439879
-0.00027054
-0.0194296
-0.0164397
-0.0103425
-0.0308481
-0.0271094
-0.0220959
-0.0388409
-0.0350353
-0.0314321
-0.0429331
-0.039957
-0.0378781
-0.0437069
-0.0422907
-0.0413656
-0.0433463
-0.0434429
-0.0429375
-0.0432726
-0.0441114
-0.0438432
-0.00396505
-0.00272217
-0.000687172
-0.0161674
-0.0147908
-0.0115594
-0.0282926
-0.0265699
-0.0238798
-0.0371928
-0.035352
-0.0334617
-0.0422801
-0.040721
-0.039714
-0.0437139
-0.0428436
-0.0425459
-0.043431
-0.0433504
-0.0432707
-0.0432569
-0.0436602
-0.0435847
-0.00962522
-0.00837332
-0.00537637
-0.0072886
-0.00640303
-0.00381262
-0.00190607
-0.0016278
-0.000220207
-0.0225652
-0.0210039
-0.0179615
-0.0193413
-0.0174829
-0.0147717
-0.0134221
-0.0119841
-0.00916944
-0.0331877
-0.0313646
-0.0290662
-0.0293584
-0.0270934
-0.024899
-0.0246875
-0.0225613
-0.0200858
-0.0402405
-0.0384837
-0.0370284
-0.0365537
-0.0343715
-0.0327828
-0.0333263
-0.0310384
-0.0291409
-0.0433674
-0.0421139
-0.0415146
-0.040735
-0.0391998
-0.0382092
-0.0390098
-0.0370805
-0.0358034
-0.0436348
-0.043175
-0.0430421
-0.042638
-0.0420879
-0.0414954
-0.041875
-0.0408265
-0.0400668
-0.0432889
-0.0435054
-0.043427
-0.0436572
-0.0438419
-0.0434916
-0.0432034
-0.043082
-0.0426147
-0.0433021
-0.043788
-0.0437283
-0.044192
-0.0445983
-0.044505
-0.0439959
-0.0443507
-0.0441294
