FiniteElementSpace
FiniteElementCollection: L2_2D_P3
VDim: 1
Ordering: 0

0.00804756
0.00529039
0.00779718
0.0106084
0.00355031
0.00316089
0.0058328
0.00880044
0.00117412
0.00158449
0.00368543
0.00602016
0.000788894
0.00101366
0.00235049
0.00381706
0.00851517
0.00845297
0.0084368
0.00847411
0.00680872
0.00675421
0.00673953
0.00677147
0.00481874
0.00477395
0.00476108
0.00478605
0.00349334
0.0034567
0.0034452
0.00346409
0.00831873
0.00825922
0.00824515
0.00828304
0.00663634
0.00658418
0.0065713
0.00660364
0.00467666
0.00463431
0.00462347
0.00464915
0.0033738
0.00333987
0.00333087
0.00335094
0.0080635
0.00797829
0.00792988
0.00794065
0.00640701
0.00633351
0.00629201
0.00630165
0.00448919
0.00443104
0.00439892
0.00440761
0.00322211
0.0031764
0.00315146
0.00315877
0.00704356
0.00688266
0.00672613
0.00664635
0.00555679
0.00542349
0.00529594
0.00523302
0.00385542
0.0037561
0.00366396
0.00362147
0.00274552
0.00267099
0.00260372
0.00257474
0.00466326
0.00444546
0.00419414
0.00402574
0.00364172
0.00346704
0.00326807
0.0031369
0.00249896
0.00237529
0.00223793
0.00215035
0.00177386
0.0016852
0.00158948
0.00153098
0.00178653
0.00162427
0.00142874
0.00129088
0.00138954
0.00126288
0.00111207
0.00100719
0.000968056
0.000881505
0.000780999
0.000713182
0.000719804
0.000658975
0.000590663
0.000546536
0.000192366
0.000152549
0.000107799
7.89689e-05
0.000164417
0.000132345
9.6701e-05
7.40025e-05
0.000144205
0.000119661
9.29875e-05
7.64203e-05
0.000141534
0.000120611
9.83871e-05
8.49693e-05
0.00826265
0.00830722
0.00842579
0.00856232
0.00675785
0.00674722
0.00678821
0.006861
0.00494062
0.00488462
0.00485746
0.00487113
0.00368836
0.00361505
0.00355759
0.00354217
0.000106743
0.000106572
0.00010783
0.000109061
2.11861e-05
2.22613e-05
1.85758e-05
1.18113e-05
0.000469228
0.000461638
0.000434417
0.000400686
0.00127147
0.00125448
0.00120227
0.00113926
0.000595245
0.000259368
8.06252e-05
5.49807e-05
0.000622826
0.000284615
8.79639e-05
4.49327e-05
0.000638589
0.000381775
0.000402508
0.000558561
0.00076784
0.00057204
0.000913242
0.00140125
0.00841138
0.00834928
0.00833223
0.0083681
0.00671782
0.00666396
0.00664921
0.00668039
0.00474287
0.0046995
0.00468768
0.00471285
0.0034281
0.00339343
0.00338377
0.00340356
9.60423e-05
9.44114e-05
9.33103e-05
9.32084e-05
1.37287e-05
1.76733e-05
1.79623e-05
1.441e-05
0.000404576
0.000417795
0.000419117
0.000407888
0.00113496
0.00115664
0.001158
0.0011384
0.00010516
0.000102937
0.000101237
0.000100789
1.20404e-05
1.58833e-05
1.61407e-05
1.26329e-05
0.000396037
0.000409373
0.000410726
0.00039943
0.00112773
0.00114948
0.00115052
0.00113036
0.00822917
0.00816354
0.00814148
0.00817318
0.00655393
0.00649644
0.00647655
0.00650343
0.00460737
0.00456085
0.0045445
0.00456584
0.00331651
0.00327937
0.00326607
0.00328275
8.45365e-05
8.32935e-05
8.22584e-05
8.18539e-05
1.72942e-05
2.16639e-05
2.20838e-05
1.83024e-05
0.000420534
0.000434077
0.000435319
0.000423644
0.00115463
0.00117651
0.00117756
0.00115727
9.00466e-05
8.87406e-05
8.78421e-05
8.77152e-05
1.53638e-05
1.94931e-05
1.98226e-05
1.6145e-05
0.000412351
0.000425801
0.000427229
0.000415922
0.00114405
0.00116629
0.0011682
0.00114885
0.00770672
0.00758787
0.00749256
0.00746483
0.00610443
0.00600404
0.00592483
0.00590337
0.00425849
0.00418146
0.00412262
0.00410908
0.00304526
0.00298606
0.00294194
0.00293323
7.40545e-05
7.34416e-05
7.31235e-05
7.32546e-05
2.8926e-05
3.46115e-05
3.69423e-05
3.48452e-05
0.000431154
0.000443092
0.000442929
0.000430884
0.0011394
0.00115391
0.00114658
0.00112117
7.84831e-05
7.73351e-05
7.62578e-05
7.5708e-05
2.05396e-05
2.53476e-05
2.62327e-05
2.27429e-05
0.000427261
0.000440362
0.000440954
0.00042878
0.00115718
0.00117672
0.00117466
0.00115208
0.0060131
0.0058141
0.00559829
0.00546553
0.00472082
0.00455871
0.00438547
0.00428115
0.00325574
0.00313813
0.00301587
0.00294536
0.00231044
0.00222423
0.00213708
0.00208922
9.82626e-05
0.000100539
0.000105633
0.000111371
8.90318e-05
9.66771e-05
0.000104586
0.000109299
0.000432787
0.000438476
0.000436426
0.000428098
0.00100226
0.000998062
0.000976222
0.000947818
7.78074e-05
7.84674e-05
8.03358e-05
8.26403e-05
4.96403e-05
5.65648e-05
6.15619e-05
6.24138e-05
0.000433002
0.000442697
0.000441862
0.000431212
0.00109041
0.00109691
0.00108274
0.00105514
0.00316872
0.00296287
0.00271738
0.00254617
0.00246375
0.00230108
0.00210938
0.00197754
0.00169069
0.00157799
0.00144837
0.00136185
0.00121308
0.00113369
0.0010451
0.000988345
0.000186132
0.000187011
0.00019321
0.000202021
0.000197947
0.00019985
0.00020553
0.000212579
0.000393867
0.000385693
0.000375881
0.000369445
0.000695172
0.000669332
0.000634887
0.000608581
0.000138155
0.000141044
0.000148459
0.000157192
0.000144286
0.000150606
0.000159432
0.000166946
0.000424188
0.000423642
0.000418683
0.000412192
0.000870001
0.000853968
0.000824696
0.000796763
0.000757075
0.000657653
0.00053949
0.000457655
0.000598673
0.000521313
0.000430544
0.000368602
0.000441303
0.000387767
0.000326647
0.000286295
0.000358821
0.000319624
0.000276422
0.000249179
0.000202922
0.000192325
0.000183848
0.00018122
0.000199801
0.00018846
0.000178786
0.000175092
0.000235985
0.00021835
0.000200663
0.000191011
0.000295918
0.000269106
0.000240023
0.000222103
0.000216695
0.000212478
0.000212708
0.000217281
0.000223267
0.000218396
0.000216939
0.000219623
0.000330377
0.000315617
0.000300675
0.00029267
0.000493337
0.000463383
0.000428643
0.00040558
1.32626e-05
7.94344e-06
3.14284e-06
1.02916e-06
1.74548e-05
1.14933e-05
5.76055e-06
2.81962e-06
2.55893e-05
1.83141e-05
1.10437e-05
6.99411e-06
3.39141e-05
2.50749e-05
1.62128e-05
1.12237e-05
4.78721e-05
3.70292e-05
2.59031e-05
1.93348e-05
4.35862e-05
3.34802e-05
2.31388e-05
1.70615e-05
3.88884e-05
2.94249e-05
1.97879e-05
1.41812e-05
3.59218e-05
2.67281e-05
1.74281e-05
1.20894e-05
0.000136915
0.000122541
0.000107928
9.95213e-05
0.000129283
0.000115187
0.000100866
9.26406e-05
0.000129419
0.00011368
9.73981e-05
8.78249e-05
0.000137239
0.000118656
9.90423e-05
8.72259e-05
0.00845809
0.00824888
0.00810508
0.00806451
0.00706391
0.00689205
0.0067271
0.00664424
0.00517187
0.00507348
0.00498316
0.00494197
0.00371522
0.00371614
0.00373622
0.00376786
0.00295899
0.00299116
0.0030745
0.00314417
0.00176387
0.00181827
0.00191886
0.00201093
0.000678203
0.000722085
0.000795956
0.000864085
0.000198113
0.000222858
0.000262015
0.000293387
0.000667174
0.000757477
0.00180611
0.00295873
0.000518515
0.000483234
0.00107474
0.00179645
0.000518776
0.000313307
0.00042803
0.000696782
0.000570098
0.000270274
0.000153006
0.000194407
0.00846635
0.00840253
0.00838372
0.00841863
0.00676483
0.00670963
0.00669356
0.00672406
0.00478059
0.00473614
0.00472327
0.00474791
0.00345937
0.0034237
0.00341305
0.00343231
0.0028285
0.00279679
0.00278715
0.00280401
0.0017857
0.00176029
0.00175278
0.00176659
0.000759409
0.000744014
0.000739424
0.000747701
0.000259828
0.000253555
0.000251058
0.000253452
0.00286082
0.0028278
0.0028168
0.00283287
0.00181246
0.00178552
0.00177638
0.00178918
0.000776328
0.000759811
0.000754027
0.000761563
0.000269011
0.000262169
0.000259013
0.000260971
0.00827738
0.00821627
0.00820014
0.00823643
0.00659834
0.00654469
0.00652985
0.00656065
0.00464468
0.00460107
0.00458858
0.00461295
0.00334728
0.00331235
0.00330201
0.00332101
0.00272899
0.00269819
0.00268913
0.00270596
0.00171072
0.00168642
0.00167978
0.00169381
0.000715233
0.000700885
0.000697139
0.00070567
0.000236698
0.000231261
0.000229407
0.000231948
0.00275231
0.00272235
0.00271443
0.00273219
0.00172801
0.00170427
0.0016984
0.00171308
0.0007252
0.000711084
0.000707709
0.000716584
0.000241767
0.000236372
0.000234661
0.000237382
0.00791676
0.0078163
0.00774686
0.00774053
0.00628127
0.00619552
0.00613703
0.00613279
0.00439207
0.00432525
0.004281
0.00427971
0.00314689
0.00309493
0.00306121
0.00306128
0.00255714
0.0025124
0.0024841
0.00248525
0.00159049
0.00155747
0.0015386
0.0015425
0.000653304
0.000635578
0.000626854
0.00063105
0.000209953
0.000203846
0.000200801
0.00020219
0.00262083
0.00258117
0.00256002
0.00256711
0.00163375
0.00160381
0.00158939
0.00159706
0.000674167
0.000657536
0.000650487
0.000656181
0.000217888
0.000211913
0.000209107
0.000210725
0.00657427
0.00639287
0.00620513
0.00609789
0.00517445
0.00502546
0.00487365
0.00478916
0.00357938
0.00346987
0.00336152
0.00330429
0.00254397
0.00246276
0.00238461
0.00234557
0.00205875
0.00199117
0.00192763
0.00189743
0.00127141
0.00122611
0.00118698
0.00117193
0.000523073
0.000502881
0.000488827
0.000487281
0.000182831
0.000178265
0.000177373
0.000180629
0.00222377
0.00216121
0.00210611
0.00208384
0.00137447
0.00133153
0.00129693
0.00128649
0.000561697
0.000541532
0.000528205
0.000527737
0.000186909
0.000181589
0.000179588
0.000181859
0.00391898
0.00370295
0.00344876
0.00327426
0.00305297
0.00288101
0.00268115
0.00254598
0.00209279
0.00197243
0.00183592
0.00174642
0.00149062
0.00140516
0.00131103
0.0012518
0.00121281
0.00114382
0.0010695
0.00102425
0.000768666
0.000726069
0.00068353
0.000660648
0.000367214
0.000351297
0.000339742
0.000337858
0.000204792
0.000202699
0.000206014
0.000213322
0.0014379
0.00136584
0.00128976
0.00124483
0.000898856
0.000853633
0.000809388
0.000786474
0.00040323
0.000385866
0.000373172
0.00037096
0.000194029
0.000191825
0.000194731
0.000201533
0.00121656
0.00108456
0.000926046
0.00081481
0.000950844
0.000848184
0.000726403
0.000642143
0.000675934
0.000605715
0.000524573
0.000470178
0.000520716
0.000470767
0.000415029
0.000379322
0.000450088
0.000409491
0.000365251
0.000337827
0.000334912
0.000308728
0.000282161
0.000267428
0.000244723
0.000231258
0.000220189
0.000216522
0.000223199
0.000214594
0.00020934
0.000209758
0.000606648
0.000557739
0.00050411
0.0004706
0.000425221
0.000394847
0.000363972
0.000346839
0.000274998
0.000261677
0.000251481
0.000249062
0.000228836
0.000222771
0.000221102
0.000224572
6.66297e-05
4.80883e-05
2.86253e-05
1.72632e-05
6.42501e-05
4.81495e-05
3.12327e-05
2.12532e-05
6.82352e-05
5.39512e-05
3.89908e-05
3.01058e-05
7.69884e-05
6.28224e-05
4.80778e-05
3.93572e-05
8.0148e-05
6.61418e-05
5.14196e-05
4.25528e-05
8.09534e-05
6.77304e-05
5.38682e-05
4.55107e-05
8.55451e-05
7.24005e-05
5.86473e-05
5.03441e-05
9.1989e-05
7.81496e-05
6.36447e-05
5.48587e-05
0.000139706
0.000120521
0.000100235
8.80289e-05
0.000131328
0.000115107
9.8286e-05
8.83957e-05
0.000130355
0.000115995
0.000101385
9.29929e-05
0.000137557
0.000123055
0.00010832
9.98549e-05
0.00854623
0.00848712
0.00847598
0.00851791
0.00684707
0.00679282
0.00677909
0.00681219
0.00486065
0.00481421
0.00479956
0.00482342
0.00353391
0.00349535
0.00348156
0.00349887
0.00290183
0.00286639
0.00285241
0.00286636
0.00184859
0.00181883
0.00180637
0.00181683
0.000798242
0.000780142
0.000772631
0.00077902
0.00027959
0.000272393
0.000268762
0.000270432
0.00305633
0.0029864
0.00292862
0.0029097
0.00195207
0.00190198
0.00186385
0.00185497
0.000840879
0.00081627
0.000801129
0.000802042
0.000291659
0.000283737
0.000279617
0.00028129
0.000108626
0.00010702
0.000105968
0.000105806
1.21389e-05
1.58329e-05
1.56351e-05
1.16322e-05
0.00040059
0.000411526
0.000409169
0.000394677
0.00113825
0.0011564
0.00115166
0.00112618
0.00170047
0.00172117
0.00171394
0.00168224
0.0030993
0.00311912
0.00310488
0.0030634
0.00572908
0.00574943
0.00572366
0.00566406
0.0084503
0.00847067
0.00843478
0.00835971
0.00185668
0.00183788
0.00177725
0.0017026
0.00325194
0.0032399
0.00318196
0.00310568
0.00577323
0.00580521
0.00579331
0.00574292
0.00830197
0.00840015
0.00846859
0.00847427
6.74437e-05
8.40225e-05
9.96905e-05
0.000106344
3.29656e-05
3.53323e-05
3.22629e-05
2.47529e-05
0.000530767
0.000532892
0.000522648
0.000504345
0.00143573
0.00141162
0.00138199
0.00135188
0.00205844
0.00204208
0.00199523
0.0019409
0.00360827
0.00353854
0.00340911
0.00328301
0.00601305
0.00596028
0.00584077
0.00570975
0.00803005
0.00810192
0.00816068
0.00815231
0.000815975
0.000737623
0.0013588
0.00212056
0.000926835
0.0010717
0.00256404
0.00437224
0.00318681
0.0024063
0.00479609
0.00774892
0.00892068
0.00457802
0.00699386
0.0102562
0.00836186
0.00830168
0.00828685
0.00832422
0.00667487
0.0066224
0.0066092
0.00664137
0.00470836
0.00466593
0.0046551
0.00468086
0.00339987
0.00336594
0.00335703
0.00337724
0.00277526
0.00274529
0.00273744
0.00275533
0.00174506
0.00172128
0.00171546
0.00173024
0.00073509
0.000720907
0.000717538
0.000726493
0.000246862
0.000241377
0.000239648
0.000242434
0.00280024
0.00276958
0.00276102
0.0027785
0.00176376
0.0017394
0.00173299
0.00174745
0.000746053
0.000731461
0.000727703
0.000736468
0.000252601
0.000246842
0.000244874
0.000247569
9.28227e-05
9.14069e-05
9.04737e-05
9.0409e-05
1.45306e-05
1.8561e-05
1.88665e-05
1.52537e-05
0.00040841
0.000421716
0.000423079
0.000411819
0.00113902
0.001161
0.00116271
0.00114332
0.00168992
0.00171608
0.00171787
0.00169442
0.0030505
0.00308106
0.00308277
0.0030548
0.00559874
0.00563796
0.00563969
0.0056031
0.00822989
0.00827634
0.00827851
0.00823538
0.0016864
0.00171204
0.0017132
0.00168932
0.00304947
0.0030789
0.00307916
0.00305012
0.00560317
0.00563972
0.00563797
0.00559876
0.00823985
0.00828172
0.0082779
0.00823022
0.00010019
9.82111e-05
9.67746e-05
9.65053e-05
1.28841e-05
1.6767e-05
1.70611e-05
1.35722e-05
0.000400341
0.00041365
0.000415102
0.000403982
0.00113129
0.00115291
0.00115413
0.00113438
0.00168433
0.00170966
0.00171031
0.00168599
0.00305344
0.00308165
0.00308017
0.00304971
0.00562186
0.00565477
0.00564804
0.00560489
0.00827586
0.00831098
0.00829805
0.00824324
0.00168354
0.00170875
0.00170879
0.0016837
0.00306345
0.00309029
0.00308657
0.00305407
0.00565966
0.00568792
0.00567445
0.00562569
0.00834829
0.00837437
0.00834877
0.00828372
0.00816252
0.00808893
0.00805629
0.00807966
0.00649385
0.0064298
0.00640115
0.00642111
0.00455814
0.0045068
0.00448399
0.00450019
0.00327666
0.00323593
0.00321781
0.00323065
0.00266753
0.00263194
0.00261641
0.00262807
0.00166628
0.00163889
0.00162803
0.00163865
0.000690795
0.000675152
0.000669549
0.000676496
0.000225
0.000219227
0.000216765
0.000218706
0.00270206
0.00266942
0.00265789
0.00267275
0.00169099
0.00166549
0.00165722
0.00166994
0.000704126
0.000689261
0.000684773
0.000692669
0.000231215
0.00022564
0.00022352
0.000225789
8.15376e-05
8.03156e-05
7.92099e-05
7.86799e-05
1.86028e-05
2.31508e-05
2.37202e-05
1.99945e-05
0.000424218
0.000437619
0.000438576
0.000426628
0.00115767
0.00117868
0.00117847
0.00115717
0.00170874
0.00173315
0.00173191
0.00170562
0.00306685
0.0030936
0.00308956
0.00305669
0.00561802
0.0056503
0.00564198
0.00559705
0.00826259
0.00829944
0.00828794
0.00823358
0.00170665
0.0017325
0.00173327
0.00170857
0.00306784
0.00309746
0.00309731
0.00306746
0.00562186
0.00565966
0.00565875
0.00561956
0.00826578
0.00831088
0.00831038
0.00826451
8.73527e-05
8.60936e-05
8.51465e-05
8.48942e-05
1.6267e-05
2.05056e-05
2.08643e-05
1.71199e-05
0.00041647
0.000430019
0.000431422
0.000419978
0.00114961
0.00117187
0.00117361
0.00115397
0.00170138
0.00172788
0.00172972
0.00170601
0.00306259
0.00309359
0.00309549
0.00306737
0.00561423
0.00565463
0.00565742
0.00562127
0.00825258
0.0083014
0.00830613
0.00826452
0.00169522
0.00172175
0.00172387
0.00170054
0.00305564
0.00308685
0.00308924
0.00306168
0.00560418
0.00564485
0.00564829
0.00561286
0.008237
0.00828597
0.00829123
0.00825029
0.00741924
0.00727978
0.00715485
0.0071022
0.00586561
0.00574898
0.00564627
0.00560488
0.00408125
0.0039931
0.00391794
0.00389038
0.00291247
0.00284553
0.00278994
0.00277134
0.00236149
0.00230483
0.00225894
0.00224496
0.00146219
0.00142233
0.00139296
0.00138749
0.000596897
0.000577241
0.000565169
0.000566123
0.000193559
0.000187725
0.000184995
0.000186633
0.00247191
0.00242137
0.00238465
0.00237866
0.00153393
0.0014975
0.00147353
0.00147296
0.000627591
0.000608801
0.000598334
0.0006009
0.000201592
0.000195508
0.000192451
0.000193814
7.43528e-05
7.42859e-05
7.48718e-05
7.58855e-05
3.72376e-05
4.35304e-05
4.70668e-05
4.62556e-05
0.00043225
0.000443239
0.000442746
0.000431231
0.00111937
0.00113025
0.00111965
0.001093
0.00163143
0.00163988
0.00162109
0.00158442
0.00288875
0.00288551
0.00284613
0.00278961
0.00525669
0.0052312
0.00515237
0.00505787
0.00772014
0.00766934
0.00754929
0.0074172
0.00166897
0.00168306
0.00166992
0.00163607
0.002971
0.00297808
0.00295022
0.00290085
0.0054233
0.00541751
0.00536185
0.00528292
0.00797401
0.00795304
0.00786883
0.00776153
7.57582e-05
7.47951e-05
7.39464e-05
7.35825e-05
2.36988e-05
2.88813e-05
3.03323e-05
2.73567e-05
0.000429552
0.000442176
0.000442378
0.000430137
0.00115158
0.00116897
0.00116451
0.00114051
0.00169266
0.00171129
0.00170304
0.00167201
0.00302433
0.00303992
0.00302198
0.00297918
0.00553112
0.00554174
0.005506
0.00544097
0.0081364
0.00814039
0.00808696
0.0080016
0.001705
0.00172705
0.0017228
0.00169435
0.0030543
0.00307643
0.00306648
0.00302925
0.00559184
0.00561515
0.00559528
0.00554172
0.00822591
0.0082492
0.00822016
0.00815263
0.00536996
0.00515825
0.00492038
0.00476649
0.00420475
0.00403365
0.00384402
0.00372356
0.00289171
0.00276911
0.00263676
0.00255577
0.0020508
0.00196195
0.00186869
0.00181411
0.00165959
0.00158683
0.00151215
0.00147004
0.00102944
0.000982846
0.000938608
0.000917036
0.000442089
0.000423392
0.000409743
0.000407367
0.000186174
0.000183365
0.000185208
0.000190966
0.00186899
0.00179783
0.00172751
0.00169048
0.00115519
0.0011086
0.00106613
0.00104725
0.000482601
0.000462912
0.000448759
0.000446573
0.000182385
0.000178714
0.000179183
0.000183667
0.000116097
0.000118915
0.000125453
0.000132898
0.000115422
0.000122755
0.00013153
0.00013793
0.000430264
0.000433104
0.000429868
0.000422622
0.00094178
0.000931646
0.000905962
0.000877653
0.00131075
0.0012892
0.00124583
0.00120202
0.00220833
0.00215572
0.00206866
0.00198897
0.00388559
0.00377332
0.00360325
0.00345634
0.00561754
0.00544119
0.00518408
0.00496828
0.00141792
0.00140431
0.00136669
0.00132369
0.00243215
0.00239151
0.00231474
0.00223878
0.0043329
0.00424001
0.00408822
0.00394987
0.00630169
0.00615197
0.00592108
0.00571877
8.55252e-05
8.7015e-05
9.04532e-05
9.43893e-05
6.68603e-05
7.42994e-05
8.08419e-05
8.36089e-05
0.000433347
0.000441306
0.000440004
0.000430471
0.00105162
0.00105305
0.00103509
0.00100692
0.00150704
0.00150137
0.00147002
0.00142858
0.0026211
0.00259331
0.0025286
0.00245816
0.00471398
0.00464334
0.00451438
0.00438866
0.00688684
0.00676901
0.00657219
0.00639004
0.00157795
0.00157975
0.0015548
0.00151552
0.00277309
0.00275802
0.0027061
0.00264236
0.005022
0.00497443
0.00487054
0.00475997
0.00736027
0.00727639
0.00711775
0.00695991
0.00244678
0.00225924
0.0020338
0.0018752
0.00190083
0.00175361
0.00157872
0.00145735
0.00131043
0.00120931
0.00109208
0.00101309
0.000952877
0.000881939
0.000802271
0.000750802
0.000789331
0.000732458
0.000670063
0.000631052
0.000528507
0.000493743
0.000458409
0.00043882
0.000304182
0.000290477
0.000280438
0.000278676
0.000225439
0.000221432
0.000222527
0.000228259
0.000993712
0.000929931
0.000860363
0.000817221
0.000643859
0.000604878
0.000565467
0.000543812
0.000334406
0.000319788
0.000309224
0.000307575
0.000216273
0.000213609
0.000216376
0.000223384
0.000205466
0.000204129
0.000207899
0.000215121
0.00021579
0.00021447
0.000216958
0.000222254
0.000366546
0.000354763
0.000342253
0.00033516
0.000595961
0.000567173
0.000531837
0.000506911
0.000747953
0.000706664
0.000654787
0.00061709
0.00111141
0.00103953
0.00094764
0.000879251
0.00178998
0.00166193
0.00149753
0.00137432
0.00248352
0.00229819
0.00206067
0.00188282
0.00090062
0.000861297
0.000808539
0.000767758
0.00139438
0.00132148
0.00122415
0.00114868
0.00231239
0.00217712
0.0019981
0.00186
0.00325123
0.00305156
0.00278929
0.00258821
0.000162483
0.000164769
0.000172155
0.000181429
0.000172921
0.000177424
0.000185249
0.000193033
0.000412659
0.000408351
0.000401148
0.00039494
0.000787347
0.000765913
0.000733603
0.000706323
0.00104874
0.0010137
0.000962297
0.000919501
0.00167981
0.00161014
0.00151201
0.00143228
0.00285316
0.00271836
0.00253351
0.00238624
0.00405631
0.00385337
0.00357919
0.00336345
0.00118682
0.0011579
0.00110978
0.001066
0.0019548
0.00189216
0.00179767
0.00171659
0.00338571
0.00325892
0.0030773
0.00292716
0.00485809
0.00466326
0.00439102
0.00417037
0.000416996
0.000349348
0.000270542
0.000217328
0.000338058
0.000284975
0.000223941
0.000183337
0.000265523
0.000227615
0.000185203
0.000157899
0.000233626
0.000204281
0.000172492
0.000152864
0.000218747
0.000193377
0.000166325
0.000149967
0.000189682
0.000170513
0.000150912
0.000139749
0.000173049
0.000158628
0.000144762
0.000137622
0.000177103
0.000163699
0.000151097
0.000144859
0.000321174
0.000288586
0.000253437
0.000231922
0.000256945
0.000234512
0.000211736
0.000199024
0.000211211
0.000197259
0.000184811
0.000179445
0.000206185
0.000194955
0.000185814
0.000182795
0.000175657
0.000162552
0.000150258
0.000144191
0.000169178
0.000155793
0.000143035
0.000136555
0.000182592
0.000165325
0.000147771
0.000137838
0.000210052
0.000186979
0.000162392
0.000147503
0.000222017
0.000195443
0.000166636
0.000148798
0.000249686
0.000215016
0.000176193
0.000151152
0.000319402
0.000269241
0.000211573
0.000173208
0.000399344
0.000333425
0.000256806
0.000205206
0.000328778
0.000296006
0.000259525
0.000236249
0.000405894
0.000359132
0.000305079
0.000268911
0.000566038
0.0004936
0.000407735
0.000348547
0.000736861
0.000638683
0.000521233
0.000439419
0.000216535
0.000209082
0.000205034
0.000206166
0.000218181
0.000209823
0.000204122
0.00020366
0.000286199
0.00026942
0.00025266
0.000243723
0.000391754
0.000362513
0.000329917
0.000309215
0.000455444
0.000417713
0.00037435
0.00034567
0.000606008
0.000548084
0.000479006
0.000431156
0.000898698
0.0008041
0.000688925
0.000607165
0.00120229
0.00107093
0.000909978
0.000794876
0.000597269
0.000556548
0.000507875
0.000474275
0.000844446
0.000777771
0.000695604
0.000636672
0.00131157
0.00119764
0.00105529
0.000951466
0.00179064
0.00162902
0.00142654
0.00127833
6.7502e-07
2.67217e-07
1.9016e-07
4.8868e-07
1.95665e-06
1.01324e-06
3.03689e-07
2.76186e-07
4.96043e-06
2.78587e-06
1.02999e-06
6.02532e-07
8.30613e-06
4.58743e-06
1.88893e-06
1.25839e-06
9.14477e-06
5.03511e-06
1.75616e-06
9.32868e-07
1.06305e-05
5.81646e-06
1.8304e-06
5.79698e-07
1.28153e-05
7.07714e-06
2.1978e-06
4.17831e-07
1.46343e-05
8.24367e-06
2.71467e-06
5.36507e-07
3.67612e-05
2.74174e-05
1.79374e-05
1.24798e-05
3.95334e-05
2.99637e-05
2.01956e-05
1.45013e-05
4.39648e-05
3.37976e-05
2.33823e-05
1.72563e-05
4.80507e-05
3.71647e-05
2.59991e-05
1.94105e-05
1.4577e-05
8.2142e-06
2.72196e-06
5.66641e-07
1.2663e-05
7.00702e-06
2.2164e-06
4.87596e-07
1.03866e-05
5.70547e-06
1.85906e-06
6.87556e-07
8.85577e-06
4.90066e-06
1.78747e-06
1.05978e-06
8.04643e-06
4.47862e-06
1.92507e-06
1.36493e-06
4.73695e-06
2.68674e-06
1.04399e-06
6.63215e-07
1.81248e-06
9.51363e-07
3.04783e-07
2.8945e-07
6.01687e-07
2.41603e-07
1.87265e-07
4.71609e-07
3.29838e-05
2.43529e-05
1.57132e-05
1.08524e-05
2.45505e-05
1.7548e-05
1.05631e-05
6.67698e-06
1.626e-05
1.0693e-05
5.34833e-06
2.60941e-06
1.1958e-05
7.13333e-06
2.8004e-06
9.11645e-07
9.16552e-05
7.78782e-05
6.34312e-05
5.4671e-05
8.50734e-05
7.19711e-05
5.82779e-05
5.00144e-05
8.01586e-05
6.7005e-05
5.32477e-05
4.49602e-05
7.90681e-05
6.51695e-05
5.05956e-05
4.18217e-05
7.53771e-05
6.14882e-05
4.70542e-05
3.85031e-05
6.57343e-05
5.19608e-05
3.75974e-05
2.90895e-05
6.03396e-05
4.51255e-05
2.92387e-05
1.99189e-05
6.15425e-05
4.41899e-05
2.61148e-05
1.56504e-05
0.000137601
0.000117595
9.63832e-05
8.35587e-05
0.000137855
0.000114637
8.95078e-05
7.39444e-05
0.000155033
0.000124635
9.10368e-05
6.97508e-05
0.000181088
0.000142975
0.000100432
7.3219e-05
