FiniteElementSpace
FiniteElementCollection: L2_2D_P3
VDim: 1
Ordering: 0

0.0219472
0.0136079
0.015931
0.0194925
0.0103979
0.00836669
0.0118733
0.016158
0.00401545
0.0044923
0.00765364
0.0112541
0.00265153
0.00314603
0.00521388
0.00741341
0.00660876
0.00607347
0.00543131
0.00498069
0.00547602
0.00502527
0.00448946
0.00411734
0.00419223
0.00384549
0.00344027
0.0031645
0.00336509
0.00309193
0.00277879
0.00257085
0.000796617
0.000596644
0.000379598
0.000247403
0.000712884
0.000549291
0.000374428
0.000270466
0.000694686
0.00057403
0.000449653
0.000380113
0.000743521
0.000651971
0.00056242
0.000517141
0.00096406
0.00119261
0.001526
0.00180725
0.000698953
0.000850098
0.00107473
0.00126664
0.000530031
0.00060251
0.000718275
0.000821948
0.000515031
0.00054153
0.000594993
0.000649146
0.00517876
0.0053585
0.00555669
0.00567878
0.00348487
0.0036109
0.00374481
0.00382243
0.00191835
0.00198926
0.00205977
0.00209558
0.00112172
0.00116111
0.00119565
0.00120784
0.00486492
0.00466018
0.00437569
0.0041464
0.00339485
0.00326974
0.0030904
0.00294222
0.00198377
0.00192985
0.00184668
0.00177439
0.00123077
0.00121222
0.00117774
0.00114472
0.00157557
0.00141722
0.00122192
0.00108115
0.00120494
0.00108924
0.000947116
0.000845168
0.000834976
0.00076224
0.000674208
0.000612111
0.000632735
0.000584069
0.000526724
0.000487527
0.000132011
0.000103706
7.2173e-05
5.20429e-05
0.000121061
9.68443e-05
6.99496e-05
5.27822e-05
0.000114673
9.42866e-05
7.18707e-05
5.76623e-05
0.000116163
9.73993e-05
7.7014e-05
6.42413e-05
0.0106086
0.0100964
0.00949279
0.00907738
0.00909357
0.00858123
0.00797992
0.00756768
0.00722769
0.00674907
0.00619098
0.00581139
0.0059254
0.00549007
0.00498728
0.00464932
0.00149329
0.00137464
0.00126225
0.00120634
0.000966563
0.000891298
0.000827163
0.000802219
0.000836731
0.000767949
0.000699717
0.000663592
0.00121422
0.00110899
0.00098232
0.000895092
0.000112929
0.000129207
0.000544599
0.000989966
6.69562e-05
2.12718e-05
0.000259126
0.000554805
0.000102954
7.31086e-05
0.000309179
0.00059182
0.000388605
0.000346516
0.000719831
0.00114451
0.0031162
0.00273345
0.00227675
0.00195899
0.00258687
0.00227199
0.00190034
0.00164515
0.00203675
0.00180356
0.00153444
0.00135484
0.001721
0.00154427
0.00134622
0.00121921
0.000795625
0.000775414
0.000769515
0.000780824
0.000625703
0.000617379
0.000624649
0.000644319
0.00049329
0.000485069
0.000491219
0.000509161
0.000467412
0.000446545
0.000436796
0.000443089
0.000961199
0.000911016
0.000870848
0.000858915
0.000671589
0.000643246
0.000627131
0.000630335
0.000546621
0.000520978
0.000504016
0.000503593
0.000667131
0.000620905
0.000575136
0.000551627
9.92623e-06
3.53399e-05
0.000116082
0.000214936
6.62005e-05
7.43188e-05
0.000124501
0.000193609
0.000220608
0.00021152
0.000231594
0.000271576
0.000391139
0.000372238
0.000375567
0.000399642
0.000772173
0.000746522
0.000731781
0.000734542
0.000717029
0.000700099
0.000696292
0.000707052
0.000643542
0.000642938
0.000661346
0.000689803
0.000588801
0.000604476
0.000645947
0.000693459
0.000785927
0.00077188
0.000773086
0.000789179
0.000681822
0.00067513
0.000684754
0.000706349
0.000549913
0.00054766
0.000563349
0.000589719
0.000454835
0.000451883
0.000468336
0.000496487
0.00312522
0.00342402
0.00381366
0.00410903
0.00213832
0.00233671
0.00259356
0.00278626
0.00125531
0.00135432
0.00148239
0.00157738
0.000836486
0.000879465
0.000936235
0.000977964
0.00038738
0.000345737
0.00030411
0.000280807
0.000517288
0.000486706
0.000462231
0.000454511
0.000839434
0.000833554
0.000844874
0.000867649
0.0012013
0.00122173
0.00127001
0.00132329
0.000636847
0.000596006
0.000559287
0.000542904
0.000657155
0.000629157
0.000609833
0.000607444
0.000745683
0.000745254
0.000763665
0.000791751
0.000862786
0.000891458
0.000949807
0.00101013
0.0058376
0.005793
0.00569377
0.00558733
0.00395576
0.00394179
0.00388904
0.0038229
0.00218972
0.00219829
0.00218391
0.00215384
0.00127041
0.00128776
0.00128998
0.00127663
6.56868e-05
6.44344e-05
6.89017e-05
7.70356e-05
0.000285365
0.000271961
0.000265929
0.000270024
0.000808941
0.000777553
0.000753965
0.000749043
0.00138377
0.00133704
0.00129712
0.00128246
0.000153737
0.000129884
0.000107318
9.59182e-05
0.00037154
0.000347721
0.000330088
0.000326428
0.000876307
0.00085746
0.000851783
0.000861652
0.00142599
0.00141442
0.00142168
0.00144417
0.00312394
0.00290141
0.00261521
0.00240015
0.00227677
0.00212579
0.00193073
0.00178363
0.00144174
0.0013593
0.00125262
0.00117228
0.000985353
0.000939466
0.000880636
0.000837007
0.000211767
0.000212054
0.00021867
0.000228609
0.000260466
0.000250717
0.000246097
0.000248708
0.00045954
0.000427659
0.000396797
0.000381178
0.00071184
0.000656479
0.000597115
0.000561218
0.000125607
0.00013308
0.000148553
0.000165098
0.000266263
0.000258323
0.000257549
0.000264384
0.000650907
0.000615272
0.000582959
0.000568934
0.00109297
0.00103067
0.000966703
0.000930725
0.000591244
0.000506916
0.000407029
0.000338182
0.000480266
0.000414869
0.00033798
0.0002854
0.0003733
0.000327206
0.000274012
0.000238376
0.000319756
0.000284408
0.000244601
0.000218679
0.000183109
0.000169807
0.0001574
0.000151349
0.000163755
0.000150858
0.00013894
0.000133248
0.000165194
0.000149031
0.000133188
0.000124768
0.000186233
0.000164727
0.000142473
0.000129587
0.000229623
0.000221014
0.000215902
0.000216491
0.00022452
0.000212446
0.000203345
0.000201252
0.000288723
0.000265112
0.00024211
0.000230214
0.000390538
0.000352949
0.000312918
0.000288877
9.11616e-06
5.78683e-06
2.62563e-06
1.09085e-06
1.2035e-05
8.08342e-06
4.1442e-06
2.02636e-06
1.69592e-05
1.2022e-05
6.98577e-06
4.13255e-06
2.1595e-05
1.56829e-05
9.67766e-06
6.26086e-06
2.58089e-05
1.95949e-05
1.3263e-05
9.5648e-06
2.21909e-05
1.6761e-05
1.12542e-05
8.05615e-06
1.80489e-05
1.3439e-05
8.81399e-06
6.16978e-06
1.52985e-05
1.1174e-05
7.09824e-06
4.82252e-06
9.98335e-05
8.66254e-05
7.27919e-05
6.44375e-05
8.7099e-05
7.53711e-05
6.32372e-05
5.60291e-05
7.65553e-05
6.55055e-05
5.4159e-05
4.75094e-05
7.29123e-05
6.14418e-05
4.9646e-05
4.27525e-05
0.0142481
0.0129543
0.011549
0.0106166
0.0121268
0.0111371
0.00998338
0.00919463
0.00934774
0.00870129
0.00796378
0.00747039
0.00720957
0.00686204
0.00649211
0.00626701
0.00618404
0.00593273
0.0057291
0.00560059
0.00429536
0.00422105
0.00419808
0.00421437
0.002529
0.00256234
0.00264138
0.0027233
0.001651
0.0017111
0.00180423
0.00187373
0.00203174
0.00226324
0.00409775
0.00603009
0.00105537
0.00131276
0.00270214
0.00415827
0.000393459
0.000552453
0.0013945
0.00230354
0.00017181
0.000230325
0.000744144
0.00132897
0.00473099
0.00427015
0.00371621
0.00332691
0.003913
0.0035299
0.00307389
0.00275703
0.00301366
0.00272512
0.0023882
0.00215949
0.00245565
0.00223318
0.00197945
0.00181236
0.00218239
0.00199258
0.00177937
0.0016418
0.00171187
0.00157651
0.00143056
0.00134166
0.00123518
0.00115748
0.00108247
0.00104478
0.000981782
0.000936383
0.000900934
0.000891778
0.00295961
0.00272294
0.00245504
0.00227999
0.00226252
0.00208839
0.00189786
0.00177883
0.0015428
0.00143662
0.00132941
0.00127029
0.00115262
0.00108534
0.0010252
0.000999628
0.000187182
9.67294e-05
2.52723e-05
6.90662e-06
0.000223406
0.000145065
8.26881e-05
6.59952e-05
0.000347917
0.000284619
0.000235117
0.000222993
0.000494294
0.000441616
0.000402275
0.000395053
0.000560706
0.000513927
0.000480072
0.00047532
0.000635067
0.000596669
0.000570138
0.000568112
0.000727999
0.0006993
0.000682489
0.000685539
0.000793385
0.00077118
0.000761921
0.000769978
0.00076324
0.000686081
0.000613255
0.00057921
0.000768075
0.000712793
0.000664988
0.000647358
0.000787331
0.000754742
0.000733503
0.000733824
0.000809479
0.000789701
0.00078408
0.000795462
0.00196334
0.00224981
0.00264326
0.00295753
0.0013691
0.00155897
0.00182094
0.00203049
0.000871523
0.000964734
0.00109734
0.0012054
0.000668898
0.000706679
0.000766561
0.000818594
0.000594591
0.000609211
0.000638604
0.000667206
0.00046894
0.000453175
0.000443143
0.000441959
0.000429967
0.000391046
0.000352329
0.000330573
0.00048486
0.000439565
0.000394258
0.000368835
0.000518971
0.000526606
0.000554072
0.000587285
0.000498829
0.000480827
0.000473155
0.000478224
0.000537508
0.000499961
0.000466385
0.000451397
0.00061058
0.000567792
0.000528147
0.000509149
0.00572966
0.00579983
0.00584781
0.00585077
0.00385745
0.00391608
0.00395629
0.0039589
0.00211406
0.00215623
0.00218485
0.00218616
0.00121636
0.00124714
0.00126649
0.00126502
0.000849867
0.000873782
0.000888704
0.000887291
0.000355691
0.000368011
0.000375498
0.000374308
4.5017e-05
4.47352e-05
4.38838e-05
4.25446e-05
3.06385e-05
2.30906e-05
1.69058e-05
1.46776e-05
0.000798577
0.000822991
0.000842019
0.000845535
0.000360113
0.000363983
0.000363088
0.000356867
9.43466e-05
8.03246e-05
6.35278e-05
5.10173e-05
9.60243e-05
7.47529e-05
5.24314e-05
3.87272e-05
0.00401956
0.00378987
0.00348533
0.00324988
0.00286357
0.00271485
0.00251496
0.00235865
0.00173874
0.00166511
0.00156385
0.00148333
0.00113059
0.00109571
0.00104616
0.00100614
0.000875854
0.00085623
0.000827528
0.000804036
0.000495552
0.000494813
0.00049295
0.000491447
0.000220881
0.000230721
0.000245749
0.000259342
0.000163499
0.000172352
0.000188374
0.000204423
0.00091819
0.000913084
0.000898125
0.000881366
0.000468995
0.000478548
0.000486722
0.00049043
0.000155799
0.000171561
0.000192659
0.000209717
0.000101961
0.000114444
0.000134298
0.000152691
0.00101033
0.000890126
0.000744657
0.000641938
0.000793698
0.000703226
0.000594427
0.000518127
0.000579137
0.000518989
0.000447933
0.000399087
0.000464605
0.000421568
0.000372082
0.000339125
0.000412626
0.000377031
0.000336871
0.000310735
0.00031843
0.000294796
0.000269562
0.000254318
0.000243558
0.000229265
0.000215924
0.000209534
0.000221606
0.000209965
0.000200266
0.000196776
0.000543538
0.000505053
0.00046068
0.00043114
0.000391783
0.000368967
0.000344519
0.000329801
0.000272662
0.000261546
0.000252383
0.000249332
0.000238572
0.000230267
0.000225249
0.000225698
4.37582e-05
3.17987e-05
1.91809e-05
1.17362e-05
4.54676e-05
3.41365e-05
2.20675e-05
1.47922e-05
5.05575e-05
3.94828e-05
2.76476e-05
2.04139e-05
5.68348e-05
4.5359e-05
3.31614e-05
2.57231e-05
5.83132e-05
4.68173e-05
3.45551e-05
2.70197e-05
5.75941e-05
4.67339e-05
3.51793e-05
2.80751e-05
5.79572e-05
4.74996e-05
3.64321e-05
2.96483e-05
5.93837e-05
4.88895e-05
3.78168e-05
3.10452e-05
0.000115275
9.73806e-05
7.79583e-05
6.57745e-05
0.000107819
9.20977e-05
7.52062e-05
6.47103e-05
0.000102916
8.88699e-05
7.39806e-05
6.48578e-05
0.000103052
8.94063e-05
7.50322e-05
6.62854e-05
0.00873178
0.00812101
0.00739495
0.00689051
0.00727895
0.00675493
0.00613666
0.0057108
0.00559193
0.00517816
0.00469715
0.00437161
0.00447419
0.00414122
0.00376024
0.00350764
0.00392413
0.00363187
0.00330049
0.00308327
0.00297397
0.00275107
0.00250579
0.00235096
0.00197433
0.00182979
0.00168032
0.0015941
0.00142359
0.00132526
0.00123098
0.00118359
0.00524538
0.0048398
0.00438018
0.00407888
0.0039532
0.00364573
0.00330763
0.003094
0.00258487
0.00238438
0.0021759
0.00205406
0.00182813
0.00168918
0.00155154
0.00147767
0.00116285
0.00108487
0.00101454
0.00098365
0.00077634
0.000729045
0.000692578
0.000682972
0.000646307
0.00060566
0.000570581
0.000557059
0.000870151
0.000805053
0.000733395
0.000689158
0.00105653
0.000970142
0.000868736
0.000800589
0.00161163
0.0014652
0.00128273
0.00115084
0.00293323
0.00265392
0.00229806
0.00203439
0.00445292
0.00402522
0.00347973
0.00307485
0.00148935
0.00137114
0.00121347
0.00109329
0.00233237
0.00213904
0.0018824
0.00168577
0.00426082
0.00391208
0.00345062
0.00309665
0.00645121
0.00592877
0.00524521
0.00472515
0.00136647
0.00143418
0.00149693
0.00151975
0.000893709
0.000920384
0.000950979
0.000967434
0.000896703
0.000886212
0.000869465
0.000853274
0.00157606
0.00146704
0.00136302
0.00129437
0.0019671
0.00182321
0.00166905
0.00157612
0.00337961
0.0030853
0.00270467
0.0024219
0.00632579
0.00574511
0.00497209
0.00437851
0.00943873
0.00861163
0.00751045
0.00664552
0.000534267
0.000813543
0.00141773
0.0018162
0.000679863
0.00106337
0.00257308
0.00419815
0.00456783
0.00322687
0.00579797
0.00888718
0.0167076
0.00745611
0.00966942
0.0136767
0.00179107
0.00149369
0.00114764
0.000914659
0.00151156
0.00126886
0.000990012
0.00080541
0.00126091
0.00108321
0.000884652
0.000758175
0.00115117
0.00101786
0.000874544
0.000788388
0.00109521
0.000983616
0.000866709
0.000799346
0.000981689
0.00090439
0.000828783
0.000790438
0.000878423
0.00083645
0.000803749
0.000795846
0.000832252
0.000809717
0.000801055
0.000810547
0.00156575
0.00141676
0.00125298
0.00115083
0.00129158
0.00118772
0.00107931
0.00101694
0.00102135
0.000964465
0.000913782
0.00089299
0.000882749
0.000851812
0.000833203
0.000835703
0.000781583
0.000767072
0.000767977
0.000784122
0.000649206
0.000643658
0.000654579
0.000677121
0.000513446
0.000509166
0.00052141
0.000544693
0.000442
0.000430259
0.000434065
0.000451838
0.000385006
0.00036674
0.000362883
0.000375435
0.000280706
0.000245176
0.000220215
0.000217671
0.000261725
0.000191221
0.000125042
9.42359e-05
0.000350546
0.000242872
0.000133648
7.39585e-05
0.000449346
0.000417836
0.000394491
0.000390647
0.000448822
0.000388942
0.000329328
0.000298319
0.000629421
0.000513335
0.000384076
0.000302591
0.000924313
0.000749405
0.000548471
0.000415986
0.000848067
0.000816407
0.000797104
0.00079905
0.000627463
0.000611814
0.000610176
0.000623291
0.000500186
0.000485131
0.000481711
0.000491726
0.00053841
0.000506563
0.000480792
0.000473584
0.000573428
0.000527848
0.00048365
0.000462075
0.00071529
0.000632023
0.000538419
0.000478974
0.00117398
0.00101493
0.000824986
0.00069393
0.00175775
0.00151901
0.00122947
0.00102569
0.000768593
0.000705777
0.00063694
0.000594911
0.0010915
0.000981665
0.000850013
0.000759055
0.00191679
0.00170849
0.00144964
0.00126274
0.00288964
0.00257542
0.00218233
0.0018961
0.000280702
0.000417269
0.000639864
0.00084432
0.000238164
0.000325896
0.000476245
0.000618619
0.0002944
0.000331919
0.000409107
0.000489393
0.0004096
0.000417378
0.000452225
0.000497326
0.000467501
0.00046345
0.000480838
0.000510979
0.000524431
0.000503509
0.000495975
0.000504716
0.000619684
0.000586212
0.000560505
0.000553916
0.000705042
0.000668722
0.000639254
0.000629758
0.000470811
0.000448736
0.000445669
0.000463063
0.00056202
0.000534898
0.000521759
0.000528627
0.000678773
0.000649167
0.000630188
0.000630479
0.000763753
0.000735255
0.000717111
0.000717534
0.000722894
0.000688835
0.000662267
0.000654968
0.000700168
0.000677053
0.000664757
0.000668436
0.000694155
0.000693966
0.000712822
0.000741404
0.000710227
0.000734085
0.000786158
0.000841668
0.000704913
0.000745232
0.00081996
0.000893786
0.000695355
0.000773376
0.000898609
0.00101232
0.000778681
0.000913013
0.00111451
0.00128904
0.000923384
0.00110642
0.00137439
0.00160228
0.000535081
0.000561989
0.000619344
0.000679969
0.000418227
0.000470899
0.000563417
0.000652235
0.0003383
0.000428943
0.000574425
0.000706528
0.000340597
0.000463608
0.000655039
0.000825243
0.000788862
0.000770636
0.000766086
0.000777343
0.000708517
0.000697596
0.000701784
0.00071906
0.000594818
0.000593577
0.000611039
0.000638894
0.000503594
0.000509872
0.000538957
0.000577031
0.000425437
0.000436702
0.000473554
0.000518511
0.000256648
0.000279027
0.000332142
0.000390903
0.000101482
0.000138229
0.000214225
0.000293639
4.13628e-05
8.87343e-05
0.000183221
0.000280287
0.00037648
0.000372329
0.000388377
0.000417073
0.000213438
0.000205441
0.000218228
0.000245737
7.95309e-05
6.05725e-05
6.36076e-05
8.70304e-05
4.80517e-05
1.55867e-05
6.29405e-06
2.42144e-05
0.00426046
0.00452176
0.00484215
0.00506898
0.00288245
0.00305813
0.00326921
0.00341463
0.00162073
0.0017116
0.0018172
0.00188615
0.000992432
0.00103579
0.00108324
0.0011105
0.000740176
0.000762476
0.000785232
0.000795941
0.000389157
0.000384155
0.000376311
0.000367815
0.000187581
0.000160842
0.000130515
0.000109596
0.000205699
0.000171928
0.00013585
0.000113183
0.000671902
0.000690927
0.000717658
0.000737523
0.000430058
0.000418251
0.000407361
0.000400785
0.000306919
0.000271426
0.000233388
0.000209204
0.000342747
0.000300452
0.000256197
0.000229337
0.00025865
0.000224097
0.000189538
0.000170147
0.000440148
0.000412019
0.000389757
0.000383117
0.000868894
0.000857161
0.000860904
0.000878012
0.0013403
0.00134683
0.00137748
0.00141768
0.0016356
0.00165402
0.00170226
0.00175765
0.00228878
0.00233425
0.00242106
0.00250886
0.00336262
0.00344733
0.00359046
0.00372571
0.00436123
0.00447908
0.00467006
0.00484574
0.00142553
0.00146321
0.00153571
0.00160901
0.00192335
0.00200002
0.00212577
0.00224211
0.00276858
0.00290226
0.00310636
0.00328622
0.00357253
0.00375478
0.0040259
0.0042602
0.000520064
0.000476293
0.000433987
0.000411785
0.000593152
0.000562549
0.000538991
0.00053265
0.000795822
0.000793709
0.000809882
0.000836249
0.0010335
0.00106145
0.00111908
0.00117909
0.00117646
0.00122436
0.00130941
0.00139166
0.00149566
0.00158874
0.00173441
0.00186478
0.00207541
0.00223512
0.00247076
0.00267283
0.0026515
0.00286837
0.00318146
0.00344541
0.000925684
0.000973971
0.00105913
0.00114103
0.00106778
0.00116073
0.00130546
0.00143433
0.00138138
0.00154075
0.00177474
0.00197436
0.00172701
0.00194369
0.00225507
0.00251627
0.00551771
0.00537617
0.00516063
0.00497371
0.00378503
0.00370639
0.00357703
0.00345884
0.00214241
0.00211726
0.00206409
0.00200886
0.00127719
0.00127724
0.00126094
0.00123709
0.000920337
0.000929169
0.000927534
0.00091714
0.000423699
0.000439998
0.00045399
0.000459758
8.95494e-05
0.000106114
0.000126973
0.000142776
4.54705e-05
5.66962e-05
7.42494e-05
9.03142e-05
0.000893185
0.00091215
0.000920668
0.000915193
0.000379776
0.000396982
0.000410488
0.000414223
4.60509e-05
5.69364e-05
6.99375e-05
7.90925e-05
1.59324e-05
2.01089e-05
2.84073e-05
3.70734e-05
8.32421e-05
8.88079e-05
0.000101772
0.000116323
0.000269888
0.000260271
0.000258209
0.000264718
0.000738001
0.000703318
0.000673971
0.000663543
0.00126112
0.00120345
0.0011476
0.00111947
0.00159394
0.00152168
0.00144916
0.00140997
0.00233195
0.00222852
0.0021196
0.0020556
0.0035224
0.00337237
0.00320858
0.00310681
0.00461233
0.00442156
0.0042096
0.00407454
0.00174814
0.00169173
0.00164173
0.00162125
0.00255358
0.00247692
0.00240512
0.00237135
0.00384612
0.00373929
0.00363464
0.00358056
0.00502601
0.00489275
0.00475921
0.00468716
8.74836e-05
7.56376e-05
6.72259e-05
6.58822e-05
0.00031879
0.000300258
0.000288529
0.000288841
0.000856475
0.000830628
0.000815289
0.000817419
0.00144181
0.00141131
0.00139356
0.00139667
0.00181159
0.00177823
0.00175931
0.0017635
0.00262773
0.00258909
0.00256783
0.00257375
0.00393805
0.00389127
0.00386603
0.00387398
0.00513521
0.00508095
0.00505173
0.00506104
0.00177206
0.00176525
0.00178113
0.00181213
0.00253602
0.00254063
0.00257546
0.00262431
0.00377143
0.00379231
0.00385451
0.00392922
0.00490648
0.00494079
0.00502593
0.00512247
0.002288
0.00209304
0.0018479
0.00166771
0.00170751
0.00156982
0.00139684
0.00126987
0.00112982
0.00104858
0.000947451
0.000874042
0.000812409
0.000762159
0.000700999
0.000657802
0.000675426
0.000637953
0.000593328
0.000562632
0.000453134
0.000434296
0.000413919
0.000401656
0.000282437
0.000276665
0.000273971
0.000275645
0.000236736
0.000233253
0.000234476
0.000239809
0.000791725
0.000760576
0.000721217
0.000692586
0.000490591
0.000479454
0.000467017
0.000459468
0.000265838
0.000267549
0.000273524
0.000281189
0.000211592
0.000214294
0.000223107
0.000234072
0.000230562
0.000225876
0.000226091
0.00023104
0.000246594
0.000235396
0.000228195
0.000228211
0.000368958
0.000340938
0.000313588
0.00029946
0.000537691
0.000490738
0.000440323
0.000409727
0.000646238
0.000586999
0.000521549
0.000480162
0.000892192
0.000805872
0.00070668
0.000640578
0.00132357
0.00119425
0.00104133
0.000935767
0.00173834
0.00157024
0.00136874
0.00122747
0.000874034
0.000803537
0.000725752
0.000676696
0.00123922
0.00113551
0.00101662
0.000937633
0.0018583
0.00170295
0.00151979
0.00139378
0.00244212
0.00224068
0.002
0.00183178
0.000173891
0.000178952
0.00019153
0.000205977
0.000265734
0.000257444
0.000255425
0.000260653
0.000555634
0.000521069
0.000488377
0.000472675
0.000902574
0.000841513
0.000776906
0.000738689
0.00112498
0.00104693
0.000961854
0.000909162
0.0016229
0.00150781
0.00137736
0.00129197
0.00244766
0.00227593
0.00207561
0.00193952
0.00321492
0.0029931
0.00273073
0.00254948
0.00137532
0.00129601
0.00121191
0.00116198
0.00200415
0.00188808
0.00175969
0.00167842
0.00302914
0.0028576
0.00266185
0.00253252
0.00397352
0.00375327
0.00349812
0.00332626
0.000305284
0.000252336
0.000191245
0.00015044
0.000260032
0.000217348
0.000168443
0.000135993
0.000219708
0.000187306
0.000150789
0.000126969
0.000203324
0.000176343
0.000146511
0.00012746
0.00019432
0.000169876
0.000143048
0.000126045
0.000171105
0.000151411
0.000130276
0.000117234
0.00015335
0.00013748
0.000121003
0.000111259
0.000149422
0.000134713
0.000119719
0.000111071
0.000294266
0.000263737
0.000229832
0.000208117
0.000242817
0.00022044
0.000196521
0.000181941
0.000202045
0.000186208
0.000170432
0.000161773
0.000190615
0.000176792
0.000163663
0.000157025
0.000144109
0.000129951
0.000115666
0.000107556
0.000126709
0.000113809
0.000100999
9.39124e-05
0.000117783
0.00010417
9.05137e-05
8.28726e-05
0.00012118
0.000105248
8.88729e-05
7.94096e-05
0.000121254
0.000103838
8.57849e-05
7.52553e-05
0.000122259
0.000101597
7.94442e-05
6.59277e-05
0.000144584
0.000116659
8.56759e-05
6.59672e-05
0.000177272
0.000141655
0.000101443
7.53488e-05
0.000198044
0.000172957
0.000146424
0.000130578
0.000226252
0.000193247
0.000156803
0.000133724
0.00029928
0.000251669
0.000197173
0.000161097
0.000382443
0.000320538
0.000248478
0.000199831
0.000212563
0.000201181
0.000191959
0.000188935
0.000196459
0.000183922
0.000173372
0.000169465
0.000221125
0.000201664
0.000182759
0.00017297
0.000274092
0.000245314
0.000215105
0.000197311
0.000307163
0.000272192
0.000234439
0.000211279
0.000383718
0.000335039
0.000280116
0.000244366
0.000539978
0.000467924
0.000383857
0.000326842
0.000702302
0.000608299
0.000496921
0.000420028
0.000455692
0.000408942
0.000357685
0.00032559
0.00060453
0.000537529
0.000460937
0.00041024
0.000879999
0.000779932
0.000661978
0.000580929
0.00115273
0.00102237
0.000866506
0.000757649
6.775e-07
3.59137e-07
1.86417e-07
2.45037e-07
1.38017e-06
7.89528e-07
2.83966e-07
1.68667e-07
2.90309e-06
1.73448e-06
7.11459e-07
3.81954e-07
4.57877e-06
2.6868e-06
1.21079e-06
7.62383e-07
4.8921e-06
2.86467e-06
1.1319e-06
5.6888e-07
5.54416e-06
3.19343e-06
1.13577e-06
3.78432e-07
6.50012e-06
3.72867e-06
1.27915e-06
2.9676e-07
7.29071e-06
4.23637e-06
1.5171e-06
3.74528e-07
2.26955e-05
1.65634e-05
1.03287e-05
6.75553e-06
2.36957e-05
1.75665e-05
1.13057e-05
7.67588e-06
2.51805e-05
1.89602e-05
1.25984e-05
8.88173e-06
2.6495e-05
2.01186e-05
1.36004e-05
9.78201e-06
7.13417e-06
4.13189e-06
1.47435e-06
3.78956e-07
5.9319e-06
3.35633e-06
1.13272e-06
3.11948e-07
4.52052e-06
2.51323e-06
8.6143e-07
4.0113e-07
3.58529e-06
1.98507e-06
7.68101e-07
5.94737e-07
3.09324e-06
1.69597e-06
8.07554e-07
7.9018e-07
1.42371e-06
8.02404e-07
3.58382e-07
3.83869e-07
2.62828e-07
1.21115e-07
5.06347e-08
1.53455e-07
9.6177e-08
4.12204e-08
1.00167e-07
2.44898e-07
1.33823e-05
9.68996e-06
6.07325e-06
4.09345e-06
8.10624e-06
5.65409e-06
3.25977e-06
1.96989e-06
3.43563e-06
2.08715e-06
8.75037e-07
3.32332e-07
1.51128e-06
7.1832e-07
1.6885e-07
9.79306e-08
5.77285e-05
4.75194e-05
3.67858e-05
3.02479e-05
5.01224e-05
4.11432e-05
3.1771e-05
2.61114e-05
4.23858e-05
3.44546e-05
2.62543e-05
2.13706e-05
3.80102e-05
3.04767e-05
2.27533e-05
1.8221e-05
3.4163e-05
2.71181e-05
2.00144e-05
1.59609e-05
2.47461e-05
1.89279e-05
1.30903e-05
9.80013e-06
1.74169e-05
1.21838e-05
7.03106e-06
4.26595e-06
1.53617e-05
9.99329e-06
4.80722e-06
2.17061e-06
6.87177e-05
5.71497e-05
4.53385e-05
3.8539e-05
5.92266e-05
4.75258e-05
3.54013e-05
2.83066e-05
5.76302e-05
4.38785e-05
2.93305e-05
2.06499e-05
6.42383e-05
4.76891e-05
2.99583e-05
1.92621e-05
