FiniteElementSpace
FiniteElementCollection: H1_2D_P2
VDim: 2
Ordering: 0

0
1.13748
2.14284
3.04176
3.90943
4.79554
5.70884
6.65001
7.61681
0
0.867165
1.74324
2.66419
3.69132
4.79129
5.86231
6.87032
7.84563
0.581093
1.01021
0.432285
0
1.6573
1.94657
1.30371
2.60108
2.84874
2.19334
3.47516
3.7955
3.16344
4.34909
4.79406
4.23887
5.24881
5.78792
5.33487
6.1758
6.7608
6.37302
7.13111
7.7309
7.35934
0.511395
1.48724
2.3966
3.31345
4.29183
5.29405
6.27601
7.24514
0.29031
0.54338
0.255102
0
1.40197
1.57098
1.2513
1.07264
2.37481
2.49559
2.17207
2.0426
3.25878
3.39026
3.07905
2.94113
4.12845
4.31997
4.04234
3.84977
5.02133
5.27401
5.0447
4.79633
5.94144
6.22808
6.03256
5.75104
6.88979
7.18875
7.00288
6.70684
0.863605
0.763577
0.94428
0.649352
0.478
0.216706
0
1.904
1.71869
1.84888
1.52274
1.40035
1.08532
2.82296
2.62167
2.75821
2.42556
2.29784
1.96634
3.69181
3.55232
3.74341
3.42416
3.23922
2.91003
4.57146
4.54279
4.79164
4.51544
4.26475
3.9635
5.47798
5.54181
5.82376
5.60077
5.31318
5.06482
6.41199
6.51863
6.81443
6.62306
6.32319
6.11961
7.37362
7.67397
7.48777
7.78797
7.60251
7.30154
7.11551
0.26802
1.3255
2.27077
3.16468
4.08376
5.03521
5.98946
6.94736
0.812011
0.712301
0.242023
1.80971
1.62517
1.17357
2.71855
2.52592
2.07264
3.61855
3.48861
2.99578
4.55773
4.52827
4.0026
5.51261
5.56995
5.05358
6.46714
6.56959
6.07473
7.43101
7.54466
7.05825
0.140886
0.277441
0.131231
0
1.2709
1.36311
1.20002
1.10443
2.25961
2.32175
2.15719
2.09183
3.15041
3.21026
3.05271
2.99
4.01875
4.10557
3.96645
3.87869
4.90822
5.02907
4.91577
4.79651
5.82492
5.96631
5.87024
5.73088
6.76969
6.91894
6.82699
6.67894
0.723298
0.837116
0.678713
0.561284
0.638155
0.738758
0.595371
0.495484
0.126767
0.248985
0.12204
0
1.78169
1.8561
1.69114
1.61348
1.60348
1.67262
1.51296
1.44457
1.13143
1.21326
1.05926
0.978091
2.71248
2.7694
2.60721
2.54713
2.50897
2.57403
2.41144
2.34757
2.05953
2.12282
1.96068
1.89831
3.5834
3.65398
3.50404
3.43131
3.43233
3.52038
3.36319
3.2763
2.96343
3.03745
2.87629
2.8036
4.46006
4.56484
4.43871
4.3344
4.4172
4.53539
4.39644
4.27815
3.91852
4.02233
3.87254
3.76934
5.36318
5.49625
5.39334
5.26233
5.41814
5.55577
5.44194
5.3035
4.91951
5.04902
4.92286
4.79272
6.29367
6.44021
6.34754
6.20271
6.39741
6.54399
6.44662
6.29948
5.91041
6.05353
5.94958
5.80572
7.25224
7.40243
7.30978
7.16016
7.3664
7.51614
7.4231
7.27325
6.88183
7.03046
6.93644
6.7875
0.437068
0.406228
0.527031
0.383507
0.26138
0
1.53076
1.44913
1.52911
1.36988
1.28843
1.04142
2.48857
2.38351
2.44569
2.28436
2.22113
1.99441
3.36698
3.27716
3.35125
3.1957
3.12124
2.89435
4.23856
4.20163
4.30577
4.16683
4.06276
3.8222
5.13486
5.15464
5.28437
5.16957
5.04023
4.79536
6.05839
6.10873
6.25235
6.15442
6.01135
5.76985
7.01027
7.06794
7.21703
7.12397
6.97525
6.73402
1.00173
0.943306
0.887602
0.787664
0.828626
0.907639
0.758174
0.68289
0.540692
0.457287
0.360283
0.324147
0.231822
0.110619
0
2.02435
1.92682
1.83301
1.76413
1.7371
1.79745
1.63275
1.57549
1.41311
1.35369
1.28725
1.19447
1.13122
0.976209
2.93265
2.8298
2.73487
2.6696
2.64147
2.71195
2.54401
2.47666
2.30872
2.24667
2.18498
2.07927
2.02074
1.85439
3.80047
3.7338
3.67341
3.58489
3.61538
3.71748
3.55699
3.45665
3.2929
3.20175
3.11675
3.03577
2.95349
2.78615
4.68329
4.67697
4.66845
4.55029
4.66006
4.79108
4.65357
4.52157
4.37712
4.25165
4.1334
4.1009
3.98302
3.82687
5.5932
5.63183
5.66506
5.52758
5.69722
5.84247
5.73209
5.58481
5.46837
5.32351
5.18371
5.20034
5.05874
4.92844
6.53077
6.5869
6.63975
6.49314
6.69217
6.84193
6.74699
6.59582
6.49842
6.34756
6.19925
6.24677
6.09661
5.99147
7.49516
7.64545
7.55243
7.70247
7.60927
7.45944
7.75937
7.66626
7.81668
7.72404
7.57342
7.48096
7.33017
7.17994
7.23755
7.08652
6.99312
0.134283
1.23484
2.20744
3.10009
3.99187
4.91269
5.84848
6.79878
0.70022
0.617562
0.124709
1.73571
1.55895
1.09618
2.65856
2.46049
2.01063
3.54241
3.3977
2.91994
4.44945
4.40668
3.8954
5.37921
5.42992
4.92106
6.32131
6.42189
5.92988
7.28118
7.39467
6.90902
0.420456
0.394478
0.128911
1.48931
1.40952
1.16575
2.43492
2.33359
2.10813
3.32063
3.23581
3.00746
4.21976
4.18402
3.94212
5.14562
5.16241
4.91786
6.08438
6.1319
5.89068
7.03941
7.09607
6.85458
0.971868
0.915402
0.658202
0.858953
0.795395
0.570152
0.372597
0.344391
0.118676
1.97477
1.87979
1.64727
1.78569
1.68639
1.46463
1.32936
1.24257
1.01958
2.87982
2.78178
2.55763
2.68835
2.59357
2.36108
2.23508
2.13329
1.90885
3.76607
3.70311
3.4676
3.64429
3.58638
3.32839
3.15623
3.07676
2.83189
4.68055
4.67281
4.4279
4.66412
4.65648
4.38656
4.14998
4.11705
3.84975
5.61347
5.64882
5.4061
5.68103
5.7141
5.45462
5.17652
5.19153
4.92522
6.55942
6.61355
6.37275
6.66584
6.7191
6.47199
6.17671
6.22246
5.96996
7.52388
7.58089
7.33816
7.63769
7.69501
7.45182
7.15186
7.20842
6.96437
0
0.249467
0.662292
1.09851
1.40693
1.50349
1.40726
1.20326
0.972286
1
1.18908
1.56456
2.01667
2.3782
2.50301
2.39844
2.18135
1.9457
0.107269
0.697915
1.07003
0.5
0.442148
1.10841
1.35875
0.887931
1.56841
1.79047
1.2761
1.91499
2.22018
1.48299
2.02523
2.47411
1.47466
1.91538
2.47265
1.3131
1.69601
2.29674
1.0875
1.45941
2.06256
0.557529
0.887425
1.3422
1.76584
2.00246
1.99134
1.81257
1.5762
0.0612821
0.326015
0.512977
0.25
0.340958
0.66057
0.787629
0.468245
0.775754
1.11421
1.22494
0.882605
1.1924
1.52523
1.67203
1.33503
1.45204
1.74993
1.9669
1.66737
1.49463
1.73776
2.01453
1.7708
1.36281
1.56437
1.86646
1.6643
1.14561
1.33189
1.636
1.45017
0.170651
0.620484
0.938387
1.12226
0.805222
1.03551
0.75
0.550185
0.995109
1.33675
1.45806
1.12086
1.2685
0.996302
1.45758
1.79642
1.90492
1.56868
1.67615
1.34802
1.84749
2.15178
2.30613
1.9978
2.12275
1.49994
2.02166
2.26898
2.49671
2.24348
2.43454
1.44503
1.95762
2.16016
2.43996
2.23618
2.49437
1.25948
1.75528
1.93985
2.24003
2.05685
2.35009
1.02964
1.21584
1.5172
1.70264
2.00382
1.81977
2.12191
0.27826
0.559435
0.998481
1.43514
1.71648
1.76024
1.61684
1.39103
0.389589
0.864526
0.763311
0.769128
1.22564
1.02447
1.22724
1.68444
1.45191
1.60321
2.08186
1.90179
1.76779
2.26425
2.20596
1.70517
2.20254
2.25901
1.50836
1.99932
2.111
1.27338
1.76068
1.87969
0.0372663
0.167756
0.262174
0.125
0.293787
0.448916
0.512438
0.357485
0.719026
0.886449
0.940408
0.771577
1.14663
1.31446
1.38619
1.21704
1.43122
1.58629
1.69383
1.53898
1.50051
1.62899
1.76711
1.63896
1.38577
1.49032
1.64129
1.5365
1.17453
1.2683
1.42066
1.32677
0.136825
0.27868
0.355776
0.215319
0.587049
0.740801
0.832904
0.679229
0.50208
0.636092
0.752537
0.625
0.495473
0.658622
0.714081
0.550192
0.940423
1.10996
1.17232
1.00344
0.741377
0.905039
0.980022
0.816812
0.94276
1.11167
1.17122
1.00066
1.40029
1.57163
1.62685
1.45583
1.16643
1.33856
1.39397
1.22245
1.31361
1.47712
1.56583
1.40178
1.80831
1.96591
2.04147
1.88295
1.62128
1.7879
1.8501
1.68324
1.49317
1.63588
1.76075
1.61855
2.01405
2.14427
2.25594
2.12431
1.94294
2.08776
2.18092
2.03469
1.46095
1.57608
1.72261
1.60747
1.97567
2.08102
2.22058
2.11482
2.02155
2.13794
2.26573
2.14836
1.28668
1.38408
1.53672
1.43905
1.78427
1.8777
2.02842
1.93524
1.89164
1.98939
2.13631
2.03857
1.05849
1.15145
1.30254
1.20964
1.54658
1.63899
1.7901
1.69809
1.66604
1.75803
1.90979
1.81821
0.0819484
0.300097
0.439932
0.532698
0.393686
0.375
0.3905
0.608921
0.773046
0.836405
0.672368
0.581708
0.832177
1.05653
1.2282
1.28364
1.11145
0.995
1.23564
1.48156
1.64659
1.7203
1.55439
1.45226
1.46926
1.73514
1.87776
1.98672
1.84322
1.79261
1.48593
1.75037
1.86568
2.00437
1.88869
1.89945
1.33852
1.59114
1.68892
1.84004
1.74225
1.79061
1.11654
1.36142
1.45411
1.60603
1.51364
1.5733
0.208241
0.427186
0.657523
0.50346
0.899807
1.06252
1.15403
0.991678
1.09429
0.935466
0.781981
1.05035
0.896344
1.02054
0.875
0.605898
0.825414
1.05121
0.881384
1.28054
1.4509
1.51053
1.34178
1.40738
1.23938
1.07149
1.31239
1.14569
1.22736
1.04833
1.28195
1.51373
1.34267
1.74107
1.90767
1.96133
1.79566
1.84785
1.68036
1.51025
1.73311
1.56457
1.61985
1.37915
1.63709
1.8831
1.72662
2.11871
2.2663
2.34412
2.19531
2.26483
2.11027
1.95113
2.17278
2.0135
2.07064
1.50331
1.77106
2.02531
1.89625
2.26856
2.38719
2.50191
2.38172
2.48761
2.36007
2.22683
2.45656
2.32155
2.40852
1.42706
1.68566
1.93745
1.83235
2.18231
2.28012
2.42018
2.32219
2.45756
2.35545
2.24908
2.48506
2.37782
2.50051
1.23161
1.47946
1.72582
1.63214
1.96975
2.06089
2.21083
2.1201
2.2687
2.17736
2.08445
2.32393
2.23124
2.375
1.00088
1.09401
1.24448
1.33765
1.48814
1.39531
1.58107
1.73153
1.82417
1.97468
1.88227
2.03308
1.94124
1.84966
2.09216
2.00097
2.15164
0.146907
0.401792
0.828944
1.26689
1.56447
1.63551
1.51414
1.29761
0.244907
0.708051
0.625905
0.603679
1.05582
0.859528
1.05673
1.51408
1.2802
1.44104
1.92607
1.7366
1.62903
2.13632
2.06325
1.5929
2.09912
2.14485
1.41194
1.9068
2.01471
1.18046
1.66842
1.78815
0.189573
0.414411
0.380779
0.49849
0.721606
0.625641
0.943806
1.16995
1.05303
1.3595
1.60187
1.50441
1.60428
1.86249
1.81988
1.61956
1.87859
1.8957
1.46523
1.71611
1.76715
1.23894
1.48382
1.54351
0.316317
0.540882
0.469707
0.777145
1.02545
0.961629
0.655078
0.913646
0.883037
0.714702
0.937687
0.826408
1.1656
1.39563
1.28961
0.953094
1.19133
1.10269
1.16522
1.39824
1.28588
1.62812
1.85225
1.73824
1.39721
1.62235
1.50731
1.5098
1.76145
1.68824
2.00217
2.23271
2.15443
1.83678
2.0632
1.96154
1.63912
1.89968
1.88896
2.14822
2.38644
2.37301
2.10811
2.34296
2.29601
1.55721
1.81241
1.85018
2.06075
2.30213
2.34006
2.12784
2.36814
2.38427
1.35564
1.6029
1.66087
1.84812
2.09065
2.14906
1.96284
2.20482
2.25641
1.12263
1.36633
1.4246
1.60988
1.85312
1.91164
1.72799
1.97103
2.03095
