FiniteElementSpace
FiniteElementCollection: H1_2D_P2
VDim: 2
Ordering: 0

0
0.00644979
0.0011789
-0.0119077
-0.0226873
-0.0216635
-0.00971628
0.00449326
0.0166783
0
-0.00440386
-0.0101533
-0.0180239
-0.0223248
-0.0174574
-0.00528582
0.00750688
0.0183844
0.00445334
0.00176808
-0.00235002
0
0.0052409
-0.00413536
-0.00687759
-0.00491915
-0.0154718
-0.0140736
-0.0183292
-0.0237358
-0.0210861
-0.0238983
-0.0206327
-0.0211288
-0.0165494
-0.00780002
-0.0118668
-0.00241533
0.00611506
0.00136186
0.0107699
0.0175743
0.0130814
0.00142506
-0.000178408
-0.0095407
-0.0206496
-0.0237903
-0.0149072
-0.000532835
0.0120182
0.00232929
0.00273568
0.000603758
0
0.00624054
0.00252962
0.00107158
0.00405894
-0.00167878
-0.0072902
-0.00670483
-0.00148895
-0.0152869
-0.01969
-0.0182423
-0.0138207
-0.023726
-0.0240917
-0.0241736
-0.0234568
-0.0194024
-0.0158582
-0.0180241
-0.021352
-0.00605704
-0.00146809
-0.00412316
-0.00880949
0.00770193
0.0114125
0.00914371
0.00533156
0.00583485
0.00187912
-0.000833912
-0.00337043
3.13157e-05
-0.00122741
0
0.00352249
-0.00193401
-0.00694581
-0.00841332
-0.00318143
-0.00555085
-0.00838766
-0.0125143
-0.0168835
-0.016098
-0.0117684
-0.0120617
-0.020849
-0.0225276
-0.0234339
-0.0219829
-0.0211654
-0.0197281
-0.0231949
-0.0225903
-0.0193973
-0.0195803
-0.0228821
-0.0220486
-0.0132652
-0.0114444
-0.00663066
-0.00863751
-0.0136104
-0.0148486
0.00111791
0.0028917
0.00685476
0.00451305
0.000422237
-0.00192341
0.0137475
0.0171296
0.0148014
0.0179896
0.0157447
0.0125826
0.0103518
0.00115071
0.00363848
-0.00422339
-0.016932
-0.024202
-0.0188826
-0.00510882
0.00844823
0.00375595
-0.000226986
5.77864e-05
0.000794243
-0.00490062
-0.00182034
-0.0105453
-0.0143538
-0.00926234
-0.0219157
-0.0226153
-0.0192061
-0.0231234
-0.0214826
-0.023536
-0.0124442
-0.010194
-0.0167285
0.0020262
0.00373541
-0.00305625
0.0142843
0.0152925
0.00979021
0.000909936
0.0016162
0.000390667
0
0.00645016
0.00491611
0.00393815
0.0052217
-0.000192068
-0.00296708
-0.00280648
-0.000168296
-0.0136308
-0.0161526
-0.0154091
-0.0128996
-0.0233188
-0.0240246
-0.0239341
-0.0231317
-0.0206191
-0.0191803
-0.0201962
-0.0215546
-0.00788926
-0.00558268
-0.00695881
-0.00927067
0.00611941
0.00808318
0.00691169
0.00492227
0.005231
0.00475054
0.00333358
0.00352427
0.00171741
0.000889817
-6.08891e-05
0.000782236
0.000209079
0.000361141
7.88636e-06
0
0.00446841
0.00214493
0.00173603
0.00386841
-0.000996591
-0.00337138
-0.00399836
-0.00162268
0.00149132
-0.000308715
-0.00128029
0.000535855
-0.00663619
-0.00949423
-0.00890431
-0.00612573
-0.0110191
-0.0134478
-0.0130587
-0.0106517
-0.00537988
-0.00796514
-0.00807484
-0.0055077
-0.0196711
-0.0214383
-0.02088
-0.0190599
-0.0216632
-0.0226456
-0.0219608
-0.0209694
-0.0168909
-0.0187713
-0.0180794
-0.0162083
-0.0236599
-0.0232132
-0.0237126
-0.0240537
-0.0232888
-0.0221188
-0.0222717
-0.0234231
-0.0240541
-0.023942
-0.0235765
-0.0236676
-0.0149505
-0.0128721
-0.0141892
-0.0162315
-0.0132087
-0.0108541
-0.01193
-0.0143076
-0.0194009
-0.0174384
-0.0181275
-0.0200887
-0.000628189
0.00158136
0.00030079
-0.00193563
0.00120264
0.00331749
0.0021016
-5.71447e-05
-0.00595798
-0.00360024
-0.00483797
-0.00723714
0.0122667
0.0140182
0.0128558
0.0110962
0.0134166
0.0150509
0.0139436
0.0123066
0.00765132
0.0094744
0.00834317
0.0064918
0.00351121
0.00198942
0.00205559
0.00103087
0.000864693
0
0.00583836
0.00316701
0.00119066
0.000512813
0.0023688
0.00292071
-0.00325981
-0.00572364
-0.00842492
-0.00809683
-0.00546443
-0.00280497
-0.0168671
-0.0183671
-0.0202206
-0.0195013
-0.0176283
-0.0146768
-0.0239287
-0.0242553
-0.0240074
-0.0240844
-0.0242548
-0.0236607
-0.0180415
-0.0174296
-0.0154203
-0.016519
-0.0185009
-0.0210486
-0.00422449
-0.00327475
-0.00100229
-0.00231196
-0.00462459
-0.00832201
0.00925188
0.00994589
0.0117199
0.0105963
0.0088015
0.0057284
0.00624877
0.00399869
0.00189741
0.00281123
-0.000484109
-0.00245072
-0.00388263
-0.00160864
-0.00286987
-0.000971925
6.32357e-05
-0.00181172
-0.000422499
-0.000561089
0
0.00242423
-0.000284191
-0.00298345
-0.000557355
-0.00588572
-0.00848411
-0.00926106
-0.00656748
-0.00762146
-0.00491527
-0.00245539
-0.00619232
-0.00354485
-0.00496183
-0.0101551
-0.0121919
-0.014005
-0.0115495
-0.015634
-0.0174933
-0.0170787
-0.0152379
-0.0150895
-0.0129059
-0.0104979
-0.0130595
-0.0106211
-0.0110906
-0.0218684
-0.0227801
-0.0232215
-0.0222804
-0.0231082
-0.0230013
-0.022226
-0.0224081
-0.0215963
-0.0212156
-0.0202393
-0.0204554
-0.0195333
-0.0189091
-0.0225319
-0.0223325
-0.0216997
-0.0229196
-0.0205193
-0.0185305
-0.0185857
-0.0206493
-0.0204302
-0.0221318
-0.0233026
-0.0216684
-0.0229202
-0.0222651
-0.0115122
-0.0106443
-0.0096354
-0.0119715
-0.00842212
-0.00597883
-0.00696882
-0.00945627
-0.0102748
-0.012801
-0.0152163
-0.0133965
-0.0158726
-0.0162072
0.00282929
0.00370313
0.00452835
0.00246169
0.00531902
0.00719685
0.00603139
0.00413819
0.0029581
0.000899355
-0.0013004
-0.000265337
-0.00249414
-0.00359868
0.0152167
0.0169021
0.0157063
0.0173547
0.0161842
0.0145455
0.0177864
0.0166384
0.0181878
0.0170641
0.0155243
0.014418
0.0128424
0.0112006
0.0117288
0.0100854
0.00894759
0.000533849
0.00516611
-0.00151375
-0.0145587
-0.0236857
-0.0204496
-0.00742807
0.00652431
0.00422703
0.000887153
0.000129923
0.00308721
-0.00244556
0.000173696
-0.00779439
-0.0120443
-0.0067015
-0.0203279
-0.0218804
-0.0175241
-0.0237419
-0.0228654
-0.0239008
-0.0145924
-0.0126112
-0.0188324
-0.000156324
0.00165345
-0.00541392
0.0125648
0.0136853
0.00800461
0.00266061
0.0014829
0.000294513
0.00448263
0.00185479
0.00272589
-0.00451006
-0.00691496
-0.00408954
-0.0176631
-0.0189802
-0.0161857
-0.0241509
-0.0242367
-0.0240599
-0.0177681
-0.017017
-0.0198506
-0.00374678
-0.00279841
-0.00647121
0.00960527
0.0102763
0.00728695
0.00508511
0.00294939
0.00251027
0.000774118
-0.00200188
-0.00127159
0.000593013
-0.000701372
-0.000148008
0.00105682
-0.00162371
0.00038384
-0.00439494
-0.00749564
-0.00570771
-0.000909272
-0.00419587
-0.00296556
-0.0112047
-0.0131235
-0.00997619
-0.0148417
-0.0163826
-0.0140727
-0.00928657
-0.0117506
-0.00952934
-0.0223812
-0.0230625
-0.0213264
-0.0232438
-0.0227834
-0.0218788
-0.019925
-0.0204261
-0.0185477
-0.0224821
-0.0220757
-0.0235655
-0.0211879
-0.0196635
-0.0214737
-0.0237811
-0.0226134
-0.0230465
-0.011091
-0.010162
-0.0137313
-0.00905699
-0.007726
-0.0111539
-0.0159232
-0.0143798
-0.0172613
0.00327552
0.00411982
0.000752345
0.00492935
0.00569023
0.00254054
-0.0018121
-0.000781287
-0.0042307
0.0154623
0.0159475
0.0131399
0.016415
0.0168547
0.0141889
0.0109054
0.0114772
0.00866062
0
0.0153085
0.0344254
0.0486349
0.0526178
0.0492197
0.0458244
0.0451282
0.0442842
0
0.00827137
0.0220083
0.036025
0.0476396
0.0549321
0.0574468
0.0568835
0.0554936
0.00724761
0.0114909
0.0028576
0
0.0249105
0.0287883
0.0148999
0.0426339
0.0431929
0.0291664
0.0519333
0.0507844
0.0422738
0.0513691
0.0523119
0.0519029
0.0471678
0.051669
0.0567276
0.0452626
0.0510783
0.0573825
0.0449191
0.0500081
0.0562288
0.00401811
0.0201317
0.0366811
0.0479176
0.0520769
0.0520415
0.0513603
0.0506834
0.00425344
0.00549344
0.00129009
0
0.0200282
0.0224829
0.0157503
0.0133104
0.0387565
0.0396865
0.0328721
0.0316101
0.0506314
0.050004
0.0457919
0.0459642
0.0521746
0.0518808
0.0515984
0.0518182
0.0481312
0.0497894
0.0522095
0.0509511
0.0454608
0.0484079
0.0515053
0.0488983
0.0450618
0.0478166
0.0509053
0.0481457
0.0109755
0.00751417
0.00983709
0.0053375
0.00304864
0.00115685
0
0.0297635
0.0245116
0.0257099
0.0184239
0.017694
0.0114924
0.0459532
0.0401416
0.0400179
0.0326533
0.0333157
0.025604
0.0525719
0.049573
0.0494295
0.0450824
0.045443
0.0392437
0.050339
0.0522905
0.0535434
0.0535754
0.0520482
0.0499199
0.0463904
0.0518519
0.0544142
0.0572059
0.0542342
0.0559779
0.0451736
0.0512234
0.0539748
0.0571666
0.0542903
0.0574908
0.0446631
0.0471641
0.0503915
0.0527976
0.055877
0.0534978
0.0565648
0.00243489
0.0178251
0.0358319
0.0482748
0.0520246
0.0503595
0.0486086
0.0480079
0.00913288
0.00621444
0.000696062
0.0271222
0.02172
0.0137043
0.0430868
0.0368071
0.0295966
0.0511692
0.0476167
0.0429058
0.051489
0.0529168
0.0508975
0.0492931
0.0543727
0.0539694
0.0482661
0.0541527
0.0543812
0.0475405
0.0531852
0.0537578
0.0025876
0.00327149
0.00119118
0
0.0176335
0.0189058
0.0155385
0.0142863
0.0366417
0.037284
0.0337611
0.0330056
0.0497236
0.0494544
0.0471923
0.0472963
0.0524527
0.0521348
0.0519713
0.0522431
0.0486656
0.0493093
0.0506567
0.0501458
0.0456185
0.0470796
0.048741
0.0474154
0.0451013
0.0465416
0.0480813
0.0466507
0.00901923
0.0100298
0.00723408
0.00635189
0.00569302
0.00681693
0.00455968
0.00345725
0.000449368
0.000919134
9.51e-05
0
0.0273518
0.0284282
0.0248137
0.023679
0.0223285
0.0231541
0.0197071
0.018936
0.0135966
0.0147313
0.0117492
0.0106442
0.0443712
0.0445136
0.0414486
0.0411517
0.0384588
0.0385452
0.0350928
0.035065
0.0308595
0.0312942
0.0276699
0.0272995
0.0523354
0.0518863
0.050655
0.0509763
0.0488023
0.0486519
0.0465746
0.0467453
0.0445503
0.0444189
0.0415034
0.0416774
0.0508752
0.0509679
0.0517094
0.0516701
0.0522118
0.0526151
0.0525148
0.0520856
0.0512369
0.0512832
0.0502044
0.0501538
0.0467532
0.0479025
0.0495297
0.0485427
0.0519472
0.0530978
0.0543173
0.0531258
0.052272
0.0530827
0.0537788
0.0529289
0.045208
0.0467432
0.0483319
0.0468694
0.0512919
0.0526844
0.054227
0.0528171
0.0515846
0.0529312
0.054406
0.0530272
0.0448067
0.0461049
0.0476908
0.0463713
0.0505475
0.0517977
0.0533489
0.0520983
0.0509966
0.0523364
0.0538713
0.0525275
0.005653
0.00388727
0.00470712
0.00254207
0.00179508
0
0.0224617
0.020147
0.0213055
0.0179342
0.0167759
0.0123781
0.0407607
0.0378113
0.038207
0.0348156
0.0343711
0.0302128
0.0513717
0.049212
0.0489935
0.0469137
0.0470645
0.0446076
0.051811
0.0519902
0.0520133
0.0518748
0.0518462
0.0513358
0.0476294
0.0500678
0.0509431
0.0521305
0.0513148
0.0516638
0.0453437
0.0484988
0.0498979
0.0514311
0.0500744
0.0503048
0.0450029
0.047921
0.0492554
0.0508018
0.0494629
0.04962
0.0130758
0.011166
0.00945595
0.00829011
0.00798594
0.00905306
0.00676767
0.00571804
0.00403943
0.00282832
0.00175508
0.00189634
0.000738153
0.00055912
0
0.0321283
0.0293927
0.0266686
0.0258236
0.0237236
0.0239643
0.0202113
0.0201598
0.0166519
0.0163633
0.0156897
0.01318
0.0126366
0.00985772
0.0473804
0.0445946
0.0417212
0.0416407
0.0384497
0.0381537
0.0343535
0.0348638
0.0309194
0.0313699
0.0314805
0.02739
0.0277193
0.0238063
0.0526664
0.0515543
0.0502311
0.0504049
0.0485666
0.0485983
0.046393
0.0464382
0.0437062
0.0439677
0.0442185
0.0407825
0.0411989
0.0376535
0.0497837
0.0512321
0.0523204
0.0519234
0.0532574
0.0542004
0.0542931
0.0532297
0.0527784
0.0519845
0.0515099
0.0509492
0.0504451
0.0488151
0.0460804
0.0490823
0.0517586
0.0505971
0.0544041
0.0558743
0.0573535
0.0557278
0.0569987
0.0554203
0.0541195
0.0563884
0.0549212
0.0554932
0.0451493
0.0482057
0.0511532
0.0497553
0.0540686
0.0554241
0.057031
0.0556415
0.0572851
0.055804
0.0543423
0.0574526
0.0558902
0.0574904
0.0444888
0.0457282
0.0473641
0.048591
0.0502121
0.0489711
0.0514122
0.0530033
0.0541618
0.0556914
0.0545464
0.0560557
0.0548756
0.0536337
0.0563985
0.0551668
0.056727
0.00174903
0.0165639
0.0351901
0.0484564
0.0522416
0.0497235
0.0472295
0.0466013
0.00810472
0.0050641
0.00021845
0.0260666
0.021049
0.0126654
0.0429022
0.0368449
0.0293201
0.0515062
0.0477498
0.0430983
0.0513416
0.0523804
0.0507618
0.0482042
0.0531186
0.0530223
0.0467988
0.0527534
0.0529819
0.0462518
0.0519569
0.052437
0.00473819
0.00315334
0.000769987
0.021285
0.019034
0.0145505
0.0392764
0.0363347
0.0323268
0.0502957
0.0480947
0.0459014
0.0519404
0.051967
0.0516386
0.0489129
0.0511282
0.0514957
0.046961
0.0499805
0.0501821
0.0464666
0.0493672
0.049546
0.0120975
0.0102831
0.00642313
0.00868756
0.00734741
0.00420571
0.00206615
0.00166568
0.000141944
0.0307471
0.028041
0.0235738
0.0252408
0.0220646
0.018257
0.016826
0.0144876
0.0108225
0.0459822
0.0431857
0.0399786
0.0401573
0.0365357
0.0331385
0.0332116
0.0295602
0.025851
0.0521301
0.0509267
0.0497619
0.049451
0.0475565
0.0452401
0.045634
0.0426182
0.0397078
0.050565
0.0518092
0.0519946
0.052795
0.0537477
0.0526424
0.0517215
0.051252
0.0495599
0.0476391
0.0504433
0.0507646
0.0530666
0.0558193
0.0555961
0.0531152
0.0551966
0.0545903
0.0466959
0.0496886
0.049824
0.0526096
0.0555386
0.0557308
0.0528764
0.0558582
0.0558969
0.0459298
0.0487931
0.0491243
0.0516172
0.0543632
0.0547164
0.0522242
0.0550254
0.0552998
