FiniteElementSpace
FiniteElementCollection: L2_2D_P3
VDim: 1
Ordering: 0

0.010052
0.00696658
0.0106866
0.0146505
0.0044907
0.0042017
0.00802146
0.0121363
0.00151267
0.00212857
0.00509528
0.0083321
0.00103545
0.00135431
0.00326355
0.00533708
0.0118605
0.0116715
0.0115473
0.0115454
0.00945231
0.00929275
0.00919037
0.0091923
0.0066595
0.00653644
0.00646053
0.00646662
0.00481037
0.00471543
0.00465818
0.00466491
0.00946958
0.00918613
0.00890159
0.00874742
0.00750814
0.00727538
0.00704581
0.00692527
0.00524875
0.0050768
0.00491233
0.00483097
0.00376651
0.00363792
0.00351784
0.0034615
0.00601458
0.00577103
0.00549693
0.00531915
0.00473096
0.00453377
0.00431484
0.00417531
0.00326901
0.00312652
0.00297209
0.0028769
0.00232485
0.00221986
0.00210859
0.00204226
0.00318797
0.00303533
0.00285465
0.00272974
0.00248336
0.00236144
0.00221875
0.00212136
0.00169257
0.00160634
0.00150752
0.00144177
0.00119195
0.00112942
0.00105937
0.00101411
0.00144909
0.00136428
0.00126118
0.00118771
0.00111781
0.00105115
0.000970908
0.000914349
0.000754227
0.000708291
0.000654109
0.000616788
0.000530586
0.000498069
0.000460673
0.000435696
0.000475661
0.000432043
0.000378902
0.000340996
0.000366342
0.000332685
0.000292109
0.000263503
0.000252029
0.000229352
0.000202646
0.000184319
0.000186442
0.000170563
0.000152461
0.000140527
5.28171e-05
4.22853e-05
3.03551e-05
2.25838e-05
4.42913e-05
3.58845e-05
2.64744e-05
2.04212e-05
3.78803e-05
3.15376e-05
2.46094e-05
2.02741e-05
3.66719e-05
3.13248e-05
2.56313e-05
2.21789e-05
0.0117165
0.0117419
0.0118939
0.0121003
0.00952753
0.00948648
0.00953932
0.00966016
0.00691064
0.0068166
0.00678177
0.00682104
0.0051252
0.00501341
0.00493917
0.00493582
0.000124357
0.000130371
0.000135102
0.000135731
5.61909e-05
6.23306e-05
5.54492e-05
3.94725e-05
0.000838124
0.000829606
0.000778987
0.000711397
0.00217426
0.00215157
0.00205527
0.00193119
0.00101296
0.000461944
0.000146634
7.26695e-05
0.00106926
0.000516951
0.000189638
0.000109489
0.00111361
0.000691238
0.000725448
0.000981815
0.00136385
0.00102307
0.00157062
0.00236998
0.010931
0.0106749
0.0104478
0.0103544
0.00869178
0.00847968
0.00829551
0.00822411
0.00610227
0.00594336
0.00581034
0.00576434
0.00439423
0.00427421
0.00417633
0.0041456
0.000152532
0.000152901
0.000153086
0.000153193
8.28167e-05
9.4705e-05
0.000100702
9.81481e-05
0.000696396
0.000716885
0.000714658
0.000691334
0.00179581
0.00181525
0.00179147
0.0017369
0.000144819
0.000146438
0.000146796
0.00014584
4.72933e-05
5.95844e-05
6.3563e-05
5.74941e-05
0.000690933
0.000717038
0.000716195
0.00068919
0.00187605
0.00191146
0.0018984
0.00184378
0.00774644
0.00747025
0.0071729
0.00699188
0.00611942
0.00589425
0.0056555
0.00551334
0.00425496
0.0040905
0.00392073
0.0038238
0.00304058
0.00291853
0.00279538
0.00272778
0.000163898
0.000160959
0.000159426
0.000160101
0.000163054
0.000167971
0.000170818
0.000170374
0.000654489
0.000656732
0.00064549
0.000626557
0.00145902
0.00144676
0.00140646
0.00135814
0.000160875
0.000159779
0.000159491
0.00016031
0.000126923
0.000136088
0.00014154
0.00014088
0.000688892
0.000700585
0.000694284
0.000673564
0.00165435
0.00165679
0.00162333
0.00157101
0.00446324
0.00426488
0.00403493
0.00387992
0.00349416
0.00333465
0.00315198
0.00303065
0.00239803
0.00228396
0.00215622
0.00207376
0.00169678
0.00161336
0.001522
0.00146479
0.000140248
0.000135131
0.000131419
0.000130791
0.000174731
0.000172183
0.000169057
0.000166821
0.000498824
0.000488583
0.000471273
0.000455219
0.000981523
0.000955601
0.000914319
0.000877507
0.000156865
0.000152418
0.000149517
0.000149516
0.000179598
0.000180192
0.000179695
0.000178392
0.000588707
0.000583159
0.000567782
0.000550148
0.00122634
0.00120439
0.0011614
0.00111833
0.00219772
0.00208364
0.0019465
0.00185
0.00170332
0.00161287
0.00150528
0.00143044
0.00115373
0.00109053
0.00101687
0.00096683
0.000810087
0.000764756
0.000713155
0.000679112
9.85581e-05
9.45919e-05
9.17583e-05
9.13222e-05
0.000129771
0.000125554
0.000121369
0.000119155
0.000304606
0.000293292
0.000278582
0.000267427
0.000547917
0.000525495
0.000495409
0.000471893
0.000118822
0.000113973
0.000110346
0.000109565
0.000154977
0.000150931
0.000146624
0.000144052
0.000399407
0.000387565
0.000370721
0.000356881
0.00074972
0.000724308
0.000687909
0.000657844
0.000887388
0.000824799
0.000748273
0.000693423
0.00068233
0.000633609
0.000574626
0.000532802
0.000461399
0.000428304
0.000389071
0.00036191
0.000328848
0.000305694
0.000279011
0.000261161
7.34304e-05
7.10099e-05
6.97147e-05
7.01209e-05
8.75569e-05
8.42459e-05
8.15061e-05
8.06065e-05
0.000157919
0.000149736
0.000140435
0.000134381
0.000253343
0.000238424
0.000220318
0.000207532
8.33491e-05
8.03489e-05
7.84859e-05
7.85909e-05
0.000106381
0.000102625
9.92067e-05
9.77127e-05
0.000223232
0.000213413
0.000201484
0.000193062
0.000382773
0.000364142
0.000340383
0.000322697
0.000200271
0.000174501
0.00014371
0.000122257
0.000156806
0.000136928
0.000113462
9.73346e-05
0.000114068
0.000100457
8.48162e-05
7.44026e-05
9.21214e-05
8.21878e-05
7.11732e-05
6.41635e-05
5.42032e-05
5.10546e-05
4.83876e-05
4.73788e-05
5.4841e-05
5.12834e-05
4.80554e-05
4.66012e-05
6.68634e-05
6.13399e-05
5.5639e-05
5.23671e-05
8.48257e-05
7.66615e-05
6.76902e-05
6.20526e-05
6.55194e-05
6.30198e-05
6.14545e-05
6.15156e-05
7.17283e-05
6.84724e-05
6.58086e-05
6.49521e-05
0.000106964
0.000100204
9.29824e-05
8.86585e-05
0.000155456
0.000143997
0.000130787
0.000121995
4.23796e-06
2.69583e-06
1.23692e-06
5.25673e-07
4.95974e-06
3.30801e-06
1.68812e-06
8.30975e-07
6.82141e-06
4.89458e-06
2.95961e-06
1.87721e-06
8.98978e-06
6.70534e-06
4.40769e-06
3.10735e-06
1.33368e-05
1.0592e-05
7.76773e-06
6.09089e-06
1.21489e-05
9.56679e-06
6.91959e-06
5.35696e-06
1.08884e-05
8.41293e-06
5.89054e-06
4.41998e-06
1.01427e-05
7.67319e-06
5.17463e-06
3.73943e-06
3.55621e-05
3.19082e-05
2.82236e-05
2.6132e-05
3.39301e-05
3.02765e-05
2.65777e-05
2.44681e-05
3.47848e-05
3.05637e-05
2.61809e-05
2.3596e-05
3.77045e-05
3.26072e-05
2.71887e-05
2.38981e-05
0.0118402
0.0115664
0.011425
0.0114421
0.00985345
0.00961951
0.00942807
0.00936541
0.00719121
0.0070479
0.00693458
0.00690327
0.00516546
0.00515266
0.00517369
0.00522399
0.00409676
0.00413624
0.00424691
0.00434478
0.00242453
0.00248924
0.00262011
0.00274691
0.000901927
0.000955318
0.00105052
0.00114205
0.00024158
0.000275667
0.000327058
0.000366053
0.00090637
0.00103635
0.0025191
0.00413647
0.00078217
0.00069548
0.00149669
0.00249323
0.00085293
0.000500066
0.000600877
0.000943922
0.000962956
0.000469031
0.000235032
0.000252391
0.0114791
0.0112512
0.0110698
0.0110186
0.00913802
0.00894808
0.00880043
0.00876308
0.00642684
0.00628308
0.00617575
0.00615416
0.00463496
0.00452558
0.00444611
0.00443306
0.00378375
0.00369052
0.00362441
0.00361577
0.0023739
0.00230636
0.00226334
0.00226439
0.000998271
0.000963832
0.000945488
0.000951448
0.000346799
0.000337049
0.000332266
0.000334692
0.00393156
0.00384976
0.00380141
0.00380873
0.00247144
0.0024104
0.00237827
0.00238962
0.00103923
0.00100722
0.000993332
0.00100374
0.000355425
0.000346689
0.000343043
0.000346264
0.00862399
0.00834029
0.0080441
0.00787231
0.00682578
0.00659367
0.00635526
0.00622052
0.00475952
0.00458904
0.00441887
0.00432728
0.00340858
0.0032816
0.00315775
0.00309401
0.00277068
0.00266437
0.00256268
0.00251234
0.00172709
0.00165464
0.00159015
0.00156297
0.000734742
0.000700225
0.000673565
0.000666703
0.000289655
0.000278579
0.000271289
0.000271113
0.00306524
0.00295724
0.00285845
0.00281424
0.00191387
0.00183949
0.00177662
0.00175387
0.000810456
0.000774705
0.000748714
0.000744124
0.000306938
0.000296017
0.000289233
0.000289708
0.00520808
0.00498638
0.00473279
0.00456475
0.0040871
0.00390821
0.00370621
0.00357448
0.00281465
0.00268605
0.00254417
0.00245444
0.00199666
0.00190225
0.00180038
0.00173797
0.00161404
0.00153587
0.00145294
0.00140337
0.00099852
0.000946888
0.000895013
0.000866549
0.000435836
0.000411451
0.000389736
0.000380433
0.00020594
0.000196009
0.000188368
0.000186441
0.00188209
0.00179493
0.00170413
0.00165144
0.00116664
0.00110868
0.00105167
0.0010216
0.000505502
0.000478141
0.000454365
0.000444837
0.000228095
0.000217605
0.000209759
0.000208084
0.0026592
0.002527
0.00236921
0.00225907
0.0020662
0.00196098
0.00183676
0.00175111
0.00140366
0.00132967
0.00124411
0.00118653
0.000986668
0.000933292
0.000872975
0.000833551
0.00079382
0.000750176
0.000701674
0.000670656
0.000488922
0.000460917
0.000431324
0.000413678
0.000222725
0.000209594
0.000197396
0.000191619
0.000126491
0.000120081
0.000115053
0.000113646
0.000959727
0.00090841
0.000851866
0.000816123
0.000591056
0.000557855
0.000523063
0.000502579
0.00026538
0.000249725
0.000235216
0.000228375
0.000143728
0.000136333
0.00013046
0.000128726
0.00114779
0.00107473
0.000985585
0.00092181
0.000883695
0.000826542
0.000757485
0.000708609
0.000596238
0.000557144
0.000510865
0.000478864
0.00042135
0.000393855
0.000362162
0.000340943
0.000341547
0.000319456
0.00029448
0.000278163
0.000216786
0.000203147
0.000188619
0.000179878
0.000113546
0.000107427
0.00010205
9.98468e-05
8.20126e-05
7.87801e-05
7.67454e-05
7.68112e-05
0.000428178
0.000401939
0.000372312
0.000352979
0.000267833
0.000251489
0.000234039
0.000223493
0.000133073
0.000125676
0.000119018
0.000116106
8.96691e-05
8.58502e-05
8.32501e-05
8.30234e-05
0.000321242
0.000286693
0.000244898
0.000215342
0.000248703
0.000222098
0.000190274
0.000168049
0.000174644
0.000156664
0.000135692
0.000121469
0.000133823
0.000121071
0.000106703
9.73728e-05
0.000115396
0.000105038
9.36402e-05
8.64679e-05
8.56114e-05
7.88992e-05
7.20114e-05
6.81071e-05
6.39768e-05
6.02348e-05
5.70257e-05
5.57914e-05
6.08681e-05
5.79944e-05
5.58659e-05
5.54216e-05
0.000156794
0.000144037
0.000129828
0.000120741
0.00010985
0.000101868
9.35865e-05
8.88152e-05
7.38991e-05
6.99247e-05
6.66037e-05
6.54358e-05
6.62162e-05
6.35434e-05
6.18172e-05
6.17996e-05
1.9183e-05
1.41149e-05
8.70474e-06
5.46042e-06
1.77673e-05
1.34338e-05
8.82589e-06
6.05774e-06
1.81048e-05
1.43543e-05
1.04048e-05
8.04104e-06
2.01108e-05
1.64646e-05
1.26631e-05
1.04082e-05
2.08428e-05
1.72688e-05
1.3519e-05
1.1266e-05
2.09651e-05
1.7644e-05
1.41816e-05
1.21099e-05
2.2252e-05
1.89867e-05
1.55987e-05
1.35766e-05
2.41474e-05
2.07043e-05
1.71262e-05
1.49842e-05
3.60064e-05
3.1129e-05
2.597e-05
2.28617e-05
3.35713e-05
2.94983e-05
2.52908e-05
2.28302e-05
3.33395e-05
2.97539e-05
2.61369e-05
2.40863e-05
3.54884e-05
3.18394e-05
2.81635e-05
2.60807e-05
0.012066
0.0119174
0.0118509
0.011897
0.00963243
0.00950362
0.00944498
0.00948344
0.00680232
0.00669982
0.00665331
0.00668413
0.0049227
0.00484242
0.0048061
0.00483043
0.00403065
0.00396008
0.00392785
0.00394882
0.00254041
0.00248541
0.00246264
0.00248229
0.0010671
0.00103794
0.00102854
0.00104298
0.000359595
0.000352605
0.000350661
0.000355064
0.00423462
0.00412888
0.00405296
0.00404208
0.00267346
0.00259689
0.00254745
0.00254746
0.00111468
0.00107835
0.00106063
0.0010693
0.000367238
0.00035886
0.000355393
0.000359334
0.000137374
0.000141092
0.000143166
0.000142647
4.05539e-05
5.17179e-05
5.27509e-05
4.34849e-05
0.000708878
0.00073103
0.000722417
0.000687562
0.00192497
0.00195857
0.00193888
0.00187549
0.00285414
0.00289129
0.00286243
0.00278174
0.00515768
0.00518439
0.0051325
0.00502723
0.00966319
0.00968342
0.00959657
0.00944445
0.0145173
0.0145332
0.0144181
0.0142272
0.00314454
0.00312055
0.00300987
0.00286262
0.0054578
0.00544089
0.00532902
0.00517557
0.00973945
0.00981257
0.00979406
0.00969178
0.0141519
0.0143722
0.0145336
0.014557
7.49996e-05
0.000101729
0.000120665
0.000121596
7.37128e-05
8.21017e-05
7.85388e-05
6.37738e-05
0.000935262
0.000946324
0.000934195
0.000903392
0.00246121
0.00242114
0.00237132
0.00231974
0.00347781
0.00346263
0.00339046
0.00329761
0.00605121
0.00594829
0.00573731
0.00552191
0.0100137
0.00997619
0.00982729
0.00963512
0.0132998
0.0135455
0.0137921
0.0138759
0.00144498
0.00130319
0.00230773
0.00354984
0.00160396
0.00181022
0.00428673
0.00733779
0.00557451
0.00403856
0.00796389
0.0129573
0.0159562
0.00775277
0.0115774
0.0170224
0.01025
0.0099755
0.00971388
0.00958594
0.00813941
0.00791313
0.00770157
0.00760223
0.00570303
0.0055348
0.00538267
0.00531658
0.00409996
0.00397359
0.00386215
0.00381687
0.00334022
0.0032337
0.0031418
0.00310673
0.00208883
0.00201453
0.00195581
0.00193936
0.000881338
0.000845155
0.000820804
0.000819188
0.00032218
0.00031155
0.00030538
0.000306528
0.00358362
0.00348197
0.00340099
0.00337788
0.00224452
0.00217247
0.0021204
0.00211197
0.000944752
0.000908988
0.0008872
0.000889144
0.000335435
0.000325187
0.000319681
0.000321482
0.000156898
0.000156628
0.000156703
0.000157277
0.000104871
0.000115659
0.000121685
0.000120287
0.000695367
0.00071167
0.000707575
0.00068562
0.00173248
0.00174333
0.00171441
0.00166066
0.00250409
0.00250616
0.00245682
0.00238097
0.00440268
0.0043713
0.00427061
0.00414943
0.00806363
0.00796164
0.00775165
0.0075344
0.0119564
0.0117689
0.0114341
0.0111121
0.00262072
0.00263422
0.00259238
0.0025165
0.00465511
0.00464031
0.00455308
0.00443583
0.00860778
0.00853301
0.0083477
0.0081409
0.0128392
0.0126896
0.012391
0.0120865
0.000148676
0.000149512
0.000149613
0.000149102
6.28371e-05
7.52468e-05
8.06135e-05
7.65483e-05
0.00069352
0.000717567
0.000716801
0.000692068
0.00184309
0.00187106
0.001853
0.00179848
0.00271234
0.00273766
0.00270464
0.00263024
0.00486038
0.00486371
0.00479294
0.00468256
0.0090613
0.00901798
0.00886411
0.00867372
0.0135844
0.0134802
0.0132291
0.0129515
0.00277919
0.00281545
0.00279097
0.00271839
0.00501539
0.00503656
0.004983
0.00488085
0.00941109
0.00940133
0.00928311
0.00911338
0.0141653
0.0141123
0.0139178
0.0136753
0.00686775
0.00660548
0.0063161
0.00613349
0.00541401
0.00520093
0.00496917
0.00482576
0.00375305
0.00359825
0.00343411
0.00333623
0.00267565
0.00256119
0.00244251
0.00237424
0.00216918
0.00207389
0.00197685
0.00192264
0.00134722
0.00128339
0.00122225
0.00119165
0.000579815
0.000549664
0.000524262
0.000514997
0.000249816
0.000238948
0.000231103
0.000229822
0.00246839
0.00236651
0.0022656
0.00221202
0.00153594
0.00146713
0.00140335
0.00137361
0.000656983
0.000624388
0.000597969
0.000589564
0.000270499
0.000259437
0.000251784
0.000251013
0.000161734
0.00015796
0.000155713
0.000156081
0.000174132
0.000176804
0.00017797
0.000177167
0.000625327
0.000623342
0.00060982
0.000591545
0.0013459
0.00132806
0.00128585
0.00124
0.00186058
0.00182898
0.00176486
0.00169951
0.00310725
0.00303687
0.00291797
0.00280749
0.00541921
0.00527091
0.00504324
0.00484455
0.00779267
0.0075579
0.00721267
0.00692098
0.00203975
0.00201401
0.00195108
0.00188193
0.00345341
0.00338802
0.00326834
0.00315185
0.00610265
0.00595634
0.00572182
0.00551093
0.00884831
0.00861037
0.00824984
0.00793829
0.000163462
0.000161445
0.000160595
0.000161438
0.000146909
0.000154057
0.000158399
0.000158039
0.000675596
0.000682499
0.000673746
0.000654028
0.00156264
0.00155725
0.00151992
0.00146943
0.00220974
0.00219175
0.00213174
0.00205948
0.00379172
0.0037346
0.00361757
0.00349704
0.00678686
0.00664866
0.00641416
0.00619541
0.0099198
0.00968786
0.00932254
0.00899801
0.00236589
0.00235731
0.00230187
0.00222732
0.00411163
0.00406596
0.00395526
0.00383307
0.00744874
0.00732533
0.00709883
0.00687769
0.0109697
0.0107544
0.0103972
0.0100687
0.00378882
0.00361387
0.00340874
0.00326855
0.00295885
0.00281863
0.00265615
0.00254662
0.00202359
0.00192385
0.00181077
0.00173654
0.0014283
0.00135565
0.0012751
0.00122378
0.00115136
0.00109155
0.00102631
0.00098568
0.000709795
0.000670811
0.000630404
0.000607025
0.000315174
0.00029675
0.000279809
0.00027196
0.000163081
0.000154735
0.00014811
0.000146161
0.00136965
0.00130076
0.00122656
0.00118118
0.00084573
0.000800527
0.000754319
0.00072819
0.000372119
0.000350753
0.000331366
0.000322661
0.000184034
0.000174828
0.000167601
0.000165581
0.000129747
0.000124659
0.000120877
0.000120102
0.000166123
0.000162626
0.00015872
0.000156222
0.000449335
0.000437954
0.000420608
0.000405582
0.000862686
0.000836581
0.000797452
0.000763996
0.00114728
0.00111022
0.00105553
0.00100932
0.00182062
0.00175573
0.00166318
0.00158683
0.00302221
0.0029052
0.00274268
0.00261147
0.00421317
0.00404231
0.0038086
0.00362237
0.00131656
0.00127864
0.00122
0.00116873
0.00211406
0.00204506
0.00194379
0.00185836
0.00354944
0.00342117
0.00323978
0.00309111
0.00498334
0.00479281
0.00452869
0.00431582
0.000149528
0.000144623
0.000141214
0.000140859
0.000179573
0.000178398
0.000176429
0.000174614
0.000545943
0.000537631
0.000520971
0.000504057
0.00110375
0.00107915
0.00103651
0.00099647
0.00149438
0.00145688
0.00139514
0.00133888
0.00242985
0.00235816
0.00224914
0.0021547
0.00412953
0.00399149
0.00379199
0.00362561
0.00584218
0.00563321
0.00533889
0.00509853
0.00167717
0.0016417
0.00157803
0.00151703
0.00276318
0.00269085
0.00257572
0.00247276
0.00475636
0.00461122
0.00439577
0.00421234
0.00678325
0.00655885
0.00623664
0.00596939
0.00179679
0.00169844
0.00157949
0.00149519
0.00138918
0.00131153
0.00121855
0.0011534
0.000938711
0.000884816
0.000821584
0.00077829
0.000659147
0.000620737
0.000576757
0.000547529
0.00053069
0.000499552
0.00046452
0.000441756
0.000329033
0.000309438
0.000288535
0.000275905
0.000157236
0.000148248
0.000140016
0.000136252
9.94605e-05
9.48903e-05
9.15645e-05
9.09609e-05
0.000651661
0.000614746
0.000573438
0.000546776
0.000402131
0.000378664
0.000353718
0.000338715
0.000186871
0.000175971
0.000165883
0.00016115
0.000111698
0.000106248
0.000102093
0.000101078
9.02169e-05
8.67561e-05
8.44234e-05
8.42594e-05
0.000117564
0.000113544
0.00010971
0.00010784
0.000261945
0.000251321
0.000237979
0.000228213
0.000460695
0.000440144
0.00041328
0.00039279
0.000593921
0.000566445
0.00053027
0.000502471
0.00090278
0.000858809
0.000800743
0.000755933
0.00144295
0.00136987
0.00127362
0.00119947
0.00196802
0.00186646
0.00173319
0.00163086
0.000712054
0.000681799
0.000641061
0.000609102
0.0010942
0.00104504
0.000979062
0.000927376
0.00176417
0.00168124
0.0015707
0.00148461
0.0024172
0.00230084
0.00214669
0.00202725
0.000108224
0.000103772
0.000100482
9.98244e-05
0.000142508
0.000138251
0.000133877
0.00013141
0.000350726
0.000338957
0.000323037
0.000310504
0.000644425
0.00062032
0.000587002
0.000560276
0.000843818
0.000810888
0.000765422
0.000728967
0.0013103
0.00125576
0.00118125
0.00112197
0.0021317
0.00203796
0.00191147
0.00181186
0.00293572
0.0028027
0.00262473
0.00248562
0.000989151
0.000953857
0.000903665
0.000862428
0.00155234
0.00149243
0.00140896
0.00134141
0.00254997
0.00244471
0.00230076
0.00218604
0.00353202
0.00338065
0.003176
0.00301455
0.000664061
0.000611158
0.000546493
0.000500178
0.000510527
0.000469543
0.00041995
0.000384821
0.000347227
0.000319541
0.00028677
0.000264133
0.000251053
0.000231729
0.000209537
0.000194764
0.000207463
0.000191996
0.000174619
0.000163375
0.000139066
0.000129539
0.000119541
0.000113674
8.48635e-05
8.04361e-05
7.67276e-05
7.54171e-05
7.09896e-05
6.83378e-05
6.67683e-05
6.69748e-05
0.000268574
0.000250029
0.000229093
0.00021545
0.000174318
0.000162926
0.00015086
0.000143672
9.77751e-05
9.26402e-05
8.82472e-05
8.65855e-05
7.60009e-05
7.31627e-05
7.14843e-05
7.17091e-05
6.954e-05
6.71683e-05
6.58583e-05
6.61906e-05
7.94952e-05
7.62698e-05
7.36608e-05
7.28693e-05
0.000130853
0.000123414
0.00011523
0.00011013
0.000200741
0.000187579
0.000172008
0.000161328
0.000245718
0.000228677
0.000208107
0.000193651
0.000348632
0.000322661
0.000290552
0.000267358
0.000531763
0.000490416
0.000438629
0.000400675
0.000711172
0.000655082
0.000584554
0.000532635
0.000315673
0.000296158
0.000272062
0.000254706
0.000458741
0.000428571
0.000390609
0.000362678
0.000710805
0.000662259
0.000600614
0.000554794
0.000956419
0.000890223
0.000805995
0.000743234
7.78606e-05
7.52213e-05
7.37252e-05
7.40391e-05
9.64098e-05
9.29095e-05
8.98811e-05
8.87306e-05
0.000188603
0.000179617
0.000169055
0.000161884
0.000313827
0.000297085
0.000276251
0.000261133
0.000396502
0.000374433
0.000346584
0.000326063
0.000586844
0.000552334
0.000508185
0.000475149
0.000920381
0.00086431
0.000792197
0.000737906
0.00124449
0.00116763
0.00106876
0.000994283
0.000488979
0.000464252
0.000432384
0.000408392
0.000734289
0.000695201
0.000644392
0.000605769
0.00116319
0.00109902
0.00101549
0.000951851
0.00157966
0.00149116
0.00137614
0.00128864
0.000111651
9.40517e-05
7.34417e-05
5.94325e-05
8.94249e-05
7.57243e-05
5.9884e-05
4.92705e-05
6.90675e-05
5.93871e-05
4.8501e-05
4.14418e-05
6.01808e-05
5.27288e-05
4.46252e-05
3.95902e-05
5.61025e-05
4.96772e-05
4.28081e-05
3.86343e-05
4.8258e-05
4.34351e-05
3.85067e-05
3.56997e-05
4.41316e-05
4.04676e-05
3.69585e-05
3.51616e-05
4.57462e-05
4.22474e-05
3.89586e-05
3.73302e-05
8.21945e-05
7.39453e-05
6.49988e-05
5.94724e-05
6.53742e-05
5.96971e-05
5.39088e-05
5.0648e-05
5.42641e-05
5.05934e-05
4.72818e-05
4.5808e-05
5.42057e-05
5.10186e-05
4.83196e-05
4.72992e-05
4.58242e-05
4.23326e-05
3.90456e-05
3.74126e-05
4.48953e-05
4.12088e-05
3.76549e-05
3.58121e-05
4.99069e-05
4.5006e-05
3.99541e-05
3.70354e-05
5.85599e-05
5.1973e-05
4.48728e-05
4.05062e-05
6.27997e-05
5.51716e-05
4.68134e-05
4.15644e-05
7.2112e-05
6.21668e-05
5.09255e-05
4.35883e-05
9.34468e-05
7.92278e-05
6.27496e-05
5.16787e-05
0.000116902
9.84521e-05
7.68397e-05
6.21452e-05
9.50447e-05
8.51735e-05
7.40885e-05
6.69228e-05
0.000118019
0.0001043
8.83713e-05
7.76432e-05
0.000163515
0.000142988
0.000118587
0.000101699
0.00021056
0.00018342
0.000150852
0.000128072
6.06307e-05
5.78502e-05
5.58068e-05
5.54023e-05
6.36836e-05
6.02991e-05
5.74077e-05
5.63148e-05
8.57777e-05
7.96473e-05
7.32419e-05
6.95188e-05
0.000116974
0.00010718
9.61687e-05
8.90568e-05
0.00013592
0.000123702
0.00010964
0.000100282
0.000178894
0.000161165
0.000140097
0.000125525
0.000259086
0.000231778
0.000198655
0.000175202
0.000339646
0.000303112
0.000258458
0.000226569
0.00018598
0.000171367
0.000154136
0.000142342
0.000255568
0.000233736
0.000207249
0.000188503
0.000381538
0.000347252
0.00030495
0.000274437
0.000506095
0.00045986
0.000402484
0.000360829
3.17755e-07
1.92964e-07
1.36457e-07
1.69718e-07
5.62368e-07
3.41676e-07
1.58219e-07
1.35985e-07
1.35903e-06
8.55528e-07
4.37963e-07
3.59873e-07
2.37597e-06
1.45015e-06
7.85274e-07
6.91743e-07
2.76242e-06
1.69921e-06
7.87672e-07
5.3266e-07
3.28162e-06
1.97727e-06
8.10654e-07
3.79737e-07
4.05883e-06
2.43807e-06
9.53598e-07
3.14756e-07
4.71559e-06
2.87463e-06
1.16402e-06
3.77138e-07
9.78172e-06
7.39967e-06
4.99395e-06
3.61497e-06
1.06133e-05
8.20425e-06
5.75234e-06
4.32462e-06
1.20072e-05
9.45858e-06
6.84722e-06
5.30665e-06
1.33133e-05
1.05714e-05
7.75191e-06
6.07892e-06
4.72469e-06
2.88094e-06
1.16845e-06
3.79099e-07
4.09496e-06
2.46031e-06
9.64502e-07
3.17104e-07
3.35037e-06
2.01954e-06
8.29873e-07
3.81859e-07
2.85319e-06
1.75529e-06
8.12538e-07
5.33586e-07
2.4855e-06
1.52088e-06
8.18018e-07
6.92989e-07
1.45192e-06
9.10892e-07
4.59475e-07
3.58615e-07
6.23376e-07
3.74545e-07
1.67223e-07
1.3361e-07
3.45193e-07
2.02699e-07
1.33172e-07
1.63878e-07
9.3767e-06
7.00203e-06
4.60914e-06
3.25147e-06
7.19741e-06
5.17471e-06
3.14058e-06
2.00011e-06
5.29158e-06
3.54389e-06
1.826e-06
9.13037e-07
4.51276e-06
2.87856e-06
1.32716e-06
5.65207e-07
2.41913e-05
2.07432e-05
1.71588e-05
1.50118e-05
2.25828e-05
1.92606e-05
1.58105e-05
1.37484e-05
2.16289e-05
1.81894e-05
1.45977e-05
1.24429e-05
2.17401e-05
1.80014e-05
1.4071e-05
1.17018e-05
2.10595e-05
1.7243e-05
1.3252e-05
1.08728e-05
1.90916e-05
1.51509e-05
1.09936e-05
8.49741e-06
1.87499e-05
1.42054e-05
9.3712e-06
6.46254e-06
2.0132e-05
1.48353e-05
9.18606e-06
5.79794e-06
3.84613e-05
3.28857e-05
2.69199e-05
2.32736e-05
3.9821e-05
3.3208e-05
2.59659e-05
2.1415e-05
4.64559e-05
3.76894e-05
2.78747e-05
2.15554e-05
5.52232e-05
4.42223e-05
3.17792e-05
2.36833e-05
