FiniteElementSpace
FiniteElementCollection: H1_2D_P2
VDim: 2
Ordering: 0

0
1.14566
2.16749
2.95575
3.50748
3.87387
4.11397
4.28215
4.42801
0
0.830023
1.56548
2.15996
2.60322
2.91674
3.13397
3.29424
3.439
0.574936
0.999834
0.42487
0
1.68194
1.88731
1.21292
2.59298
2.57976
1.882
3.25856
3.07341
2.39962
3.71004
3.40813
2.77424
4.00623
3.63149
3.03508
4.20376
3.79087
3.21854
4.35528
3.93381
3.36637
0.505278
1.46482
2.25972
2.84942
3.25763
3.53082
3.71611
3.86176
0.283651
0.540472
0.252308
0
1.41928
1.57612
1.23695
1.07471
2.38806
2.43
2.08004
2.03071
3.11432
3.05766
2.72064
2.77152
3.61407
3.48688
3.17011
3.29386
3.94355
3.77065
3.47259
3.64362
4.16069
3.96097
3.67543
3.87432
4.31902
4.10864
3.82645
4.03702
0.863254
0.755249
0.91925
0.629759
0.467515
0.215825
0
1.93181
1.68198
1.7339
1.39342
1.34521
1.02478
2.78214
2.42625
2.3773
2.02584
2.07868
1.72848
3.3893
2.96677
2.84402
2.50573
2.63118
2.28447
3.79633
3.33672
3.16625
2.84879
3.02067
2.69256
4.06276
3.58354
3.3849
3.08664
3.28592
2.97864
4.24398
3.75434
3.54332
3.25716
3.46875
3.17771
4.39151
4.18089
3.89736
3.68645
3.40249
3.61432
3.33044
0.266218
1.3305
2.23756
2.92122
3.39533
3.71045
3.91937
4.07303
0.810724
0.695597
0.237469
1.80995
1.54474
1.1363
2.60792
2.23374
1.91202
3.18159
2.74244
2.50964
3.56937
3.09702
2.93655
3.82501
3.33765
3.229
3.99992
3.50682
3.42835
4.14445
3.65003
3.57894
0.137562
0.274411
0.130428
0
1.28376
1.37537
1.20376
1.1106
2.27977
2.3135
2.13592
2.09976
3.03692
3.01854
2.84807
2.8644
3.56219
3.50541
3.3459
3.4014
3.90965
3.82753
3.67791
3.75933
4.13784
4.04032
3.89733
3.9945
4.30069
4.19607
4.05512
4.15968
0.719616
0.837324
0.676278
0.557859
0.630802
0.726087
0.581922
0.486977
0.125678
0.245239
0.120422
0
1.80863
1.87148
1.6946
1.62957
1.57481
1.61476
1.4462
1.40627
1.11944
1.1877
1.02869
0.960406
2.68958
2.69578
2.52078
2.51222
2.34462
2.33159
2.15765
2.1708
1.98528
1.9976
1.82436
1.81211
3.32559
3.2862
3.12114
3.15887
2.90948
2.85596
2.68805
2.74173
2.65174
2.61664
2.44484
2.48009
3.75435
3.68348
3.52921
3.59913
3.29818
3.21784
3.05977
3.14022
3.12296
3.05449
2.89137
2.95998
4.03522
3.94431
3.79851
3.88892
3.55783
3.46119
3.31239
3.40906
3.44119
3.35158
3.1984
3.28807
4.22417
4.12211
3.98073
4.08259
3.73549
3.63084
3.48803
3.59277
3.65391
3.55231
3.40705
3.5087
4.37336
4.26796
4.12649
4.23196
3.87949
3.77373
3.63211
3.73812
3.80874
3.70282
3.5612
3.66728
0.429699
0.403578
0.522978
0.378956
0.259313
0
1.55216
1.45469
1.5213
1.35214
1.28444
1.03784
2.49255
2.3356
2.34596
2.17152
2.15986
1.96002
3.18822
2.99105
2.95461
2.7865
2.82202
2.67675
3.66334
3.4423
3.37311
3.21497
3.28364
3.18461
3.97572
3.74133
3.65132
3.50244
3.59217
3.5266
4.18263
3.94055
3.83883
3.69613
3.79776
3.75334
4.33718
4.09085
3.98526
3.8441
3.94984
3.9141
1.00545
0.943615
0.878347
0.783368
0.808126
0.875962
0.730472
0.663632
0.527842
0.446822
0.352698
0.320771
0.227702
0.110655
0
2.05156
1.92203
1.78618
1.74689
1.64065
1.65195
1.48049
1.47121
1.30413
1.28099
1.24184
1.11969
1.0822
0.928117
2.87091
2.69149
2.50461
2.5182
2.30694
2.27079
2.09407
2.13205
1.95509
1.98265
1.99678
1.80638
1.82256
1.64808
3.44993
3.23914
3.02138
3.07521
2.7944
2.72521
2.55549
2.62582
2.45374
2.51729
2.57172
2.34316
2.39909
2.22336
3.83615
3.60747
3.37334
3.45384
3.13249
3.04253
2.88354
2.97407
2.81236
2.89875
2.97962
2.73431
2.816
2.64886
4.08898
3.85025
3.60807
3.70478
3.36179
3.26001
3.11079
3.21283
3.06142
3.16129
3.25815
3.0075
3.10473
2.9484
4.26326
4.01866
3.77277
3.87735
3.52522
3.41897
3.27584
3.38227
3.23808
3.34401
3.44889
3.19844
3.3035
3.15624
4.40971
4.30441
4.16257
4.05737
3.91545
4.02093
3.81016
3.66814
3.56271
3.42069
3.52627
3.38437
3.49039
3.59662
3.3484
3.4548
3.31241
0.133105
1.2442
2.20851
2.94326
3.45476
3.79434
4.01791
4.17798
0.698208
0.606962
0.12331
1.75218
1.51184
1.07504
2.60591
2.25273
1.90636
3.22412
2.80016
2.54983
3.64242
3.18
3.00838
3.91731
3.43575
3.32062
4.10264
3.61205
3.53095
4.24991
3.75586
3.68512
0.416603
0.391262
0.128091
1.50393
1.40419
1.16224
2.41478
2.25464
2.06164
3.0904
2.88986
2.75101
3.5535
3.32952
3.23537
3.85903
3.6225
3.56024
4.06185
3.81866
3.77602
4.21403
3.96755
3.93206
0.974901
0.911463
0.653799
0.843995
0.770443
0.555651
0.366377
0.337355
0.117069
1.98741
1.85507
1.63559
1.71487
1.56278
1.37721
1.29816
1.18258
0.97991
2.78196
2.59917
2.43381
2.40735
2.20272
2.05866
2.08574
1.90391
1.73852
3.34527
3.13126
3.01636
2.9092
2.67662
2.57272
2.68058
2.45941
2.33621
3.72241
3.49116
3.41452
3.25384
3.00911
2.9373
3.09841
2.85833
2.77163
3.97
3.72963
3.67871
3.48548
3.23692
3.18765
3.38103
3.13368
3.07437
4.14109
3.8959
3.85836
3.64922
3.40077
3.36338
3.57288
3.32408
3.28217
4.28612
4.03903
4.00303
3.79182
3.54441
3.50827
3.72046
3.47259
3.43695
0
0.208916
0.763781
1.58326
2.53934
3.54738
4.5653
5.57332
6.56673
1
1.14945
1.55458
2.18309
2.96311
3.83592
4.76467
5.7293
6.71459
0.0688909
0.643846
1.05062
0.5
0.444767
1.133
1.31974
1.1491
1.86758
1.84548
2.05075
2.7433
2.55833
3.04023
3.68804
3.39072
4.05669
4.66356
4.29483
5.07122
5.6509
5.2434
6.07145
6.64058
6.22051
0.521543
0.850923
1.47659
2.29324
3.21005
4.17344
5.1565
6.14582
0.0363019
0.28809
0.494069
0.25
0.315509
0.641294
0.737261
0.419393
0.949267
1.30765
1.298
0.942459
1.81368
2.16834
2.07678
1.721
2.78868
3.12273
2.97497
2.63834
3.80197
4.11343
3.93
3.61574
4.81869
5.1127
4.90977
4.61304
5.82285
6.10811
5.89834
5.61122
0.126432
0.571795
0.885447
1.09077
0.774364
1.02915
0.75
0.59488
0.983385
1.33643
1.42959
1.07584
1.22606
1.36111
1.667
2.022
2.00903
1.65583
1.6936
2.29303
2.51576
2.85232
2.75748
2.42389
2.36654
3.29331
3.44791
3.76221
3.61139
3.30017
3.17442
4.31123
4.41805
4.71484
4.52853
4.23467
4.06386
5.32278
5.40358
5.6908
5.48556
5.20073
5.00304
6.3193
6.60345
6.39326
6.67777
6.46738
6.18363
5.97437
0.256887
0.519589
1.11806
1.9412
2.87915
3.8642
4.86295
5.85988
0.341974
0.819541
0.749539
0.782873
1.19804
0.971233
1.50925
1.8338
1.48954
2.40109
2.63528
2.21911
3.36844
3.52968
3.07418
4.36313
4.47393
3.99733
5.36215
5.44533
4.95717
6.35592
6.43065
5.93696
0.0224068
0.144885
0.250782
0.125
0.259152
0.41597
0.466702
0.312549
0.854515
1.03228
1.02838
0.851677
1.69751
1.87636
1.83014
1.65097
2.66368
2.83313
2.75835
2.58798
3.67463
3.83251
3.73985
3.58095
4.69209
4.84038
4.73801
4.5887
5.69821
5.84111
5.7356
5.59196
0.094396
0.23258
0.312067
0.177003
0.543947
0.693161
0.79438
0.64527
0.492423
0.61928
0.746358
0.625
0.517237
0.68738
0.709703
0.541488
0.914919
1.0888
1.13485
0.961282
0.687961
0.851981
0.925955
0.762245
1.25367
1.43394
1.40706
1.22706
1.57043
1.74929
1.74346
1.56491
1.2137
1.39226
1.41126
1.233
2.1713
2.34613
2.28408
2.10854
2.40381
2.57503
2.52883
2.35795
1.97119
2.14718
2.11953
1.94386
3.16661
3.33021
3.24535
3.08076
3.32867
3.48864
3.41452
3.25489
2.85867
3.02428
2.96269
2.79742
4.184
4.33668
4.23824
4.08453
4.29562
4.446
4.35408
4.20404
3.80882
3.96361
3.87947
3.72503
5.19713
5.3421
5.23746
5.09155
5.28
5.42452
5.32291
5.17868
4.78659
4.93352
4.83584
4.68924
6.19545
6.33749
6.23207
6.08959
6.26955
6.412
6.3071
6.16478
5.77461
5.91771
5.8138
5.67092
0.0493704
0.269728
0.402716
0.504898
0.37337
0.375
0.377294
0.577838
0.744359
0.791663
0.626587
0.529707
1.04747
1.21123
1.39082
1.38571
1.20661
1.03619
1.93146
2.05399
2.22996
2.18419
2.00806
1.79324
2.91422
3.00063
3.1659
3.09213
2.9265
2.69018
3.92934
3.98874
4.14315
4.05156
3.89677
3.65152
4.94507
4.98785
5.13442
5.03308
4.88616
4.63808
5.94726
5.98404
6.12689
6.02208
5.87901
5.63093
0.164453
0.377762
0.605113
0.454902
0.849993
1.01419
1.11794
0.951738
1.0685
0.909284
0.759568
1.03762
0.88633
1.01888
0.875
0.677027
0.86053
1.05617
0.881481
1.26532
1.44349
1.49034
1.31145
1.3728
1.19509
1.02129
1.27092
1.09564
1.18568
1.471
1.61397
1.76612
1.58696
1.92672
2.10178
2.09486
1.92038
1.92591
1.74931
1.57115
1.76806
1.5899
1.62248
2.41574
2.51921
2.62896
2.45769
2.74315
2.90764
2.85955
2.69619
2.65706
2.49076
2.32062
2.46148
2.29229
2.27374
3.42025
3.49192
3.56772
3.40775
3.6456
3.79928
3.72321
3.5707
3.50055
3.34555
3.1867
3.28199
3.12433
3.06811
4.43834
4.48807
4.54071
4.39033
4.59419
4.74008
4.64631
4.50153
4.41136
4.26503
4.11574
4.17899
4.03085
3.94949
5.44818
5.48673
5.52722
5.38271
5.56797
5.71033
5.60725
5.46575
5.36427
5.22239
5.07881
5.12298
4.98043
4.88359
6.44304
6.58501
6.4797
6.62197
6.51694
6.37454
6.65921
6.55422
6.69627
6.59097
6.44913
6.34388
6.20225
6.06024
6.09733
5.9559
5.85168
0.134557
0.361352
0.940046
1.76271
2.7102
3.70665
4.71459
5.71662
0.201678
0.666569
0.617697
0.611965
1.02288
0.804619
1.3291
1.65574
1.31087
2.22673
2.46577
2.04452
3.20529
3.37141
2.91034
4.2106
4.32484
3.84407
5.21691
5.30152
4.81126
6.21361
6.28838
5.79427
0.158107
0.385137
0.370143
0.476022
0.682959
0.575459
1.12801
1.29712
1.11956
1.99168
2.11821
1.89968
2.95667
3.04586
2.80791
3.95848
4.01984
3.77398
4.96604
5.01028
4.76209
5.96543
6.00298
5.75499
0.269514
0.489494
0.425972
0.725093
0.9806
0.928069
0.629491
0.895566
0.879371
0.767322
0.95676
0.810614
1.15893
1.37563
1.25128
0.90429
1.14323
1.05266
1.54129
1.68894
1.48752
1.8454
2.00988
1.8335
1.47703
1.6681
1.51502
2.46659
2.5734
2.34317
2.68562
2.80122
2.59267
2.25171
2.39061
2.19598
3.45545
3.52942
3.28655
3.60653
3.68459
3.45767
3.13916
3.23441
3.01538
4.46272
4.51415
4.26666
4.56747
4.62056
4.38301
4.08362
4.14763
3.91471
5.46712
5.50684
5.25857
5.54766
5.5879
5.34391
5.056
5.10122
4.86004
6.46128
6.49827
6.25074
6.53562
6.57269
6.32564
6.04122
6.07899
5.833
