FiniteElementSpace
FiniteElementCollection: L2_2D_P3
VDim: 1
Ordering: 0

0.0355477
0.022838
0.0256334
0.0303016
0.0177581
0.0144472
0.0192489
0.0251669
0.00748907
0.0081119
0.0126658
0.0178201
0.00505924
0.0058271
0.00890099
0.0121248
0.00799792
0.00724028
0.00632602
0.00568067
0.0068056
0.00616428
0.00539717
0.00486071
0.00544554
0.00494141
0.00434795
0.00394011
0.00456946
0.00415681
0.00367971
0.00335847
0.00116798
0.000991438
0.000782792
0.000639574
0.00109002
0.000937587
0.00075799
0.000635025
0.00102269
0.000898645
0.000753811
0.000655519
0.000996618
0.000891249
0.000769899
0.00068873
2.43069e-06
5.51819e-06
1.70818e-05
3.1511e-05
1.95929e-05
1.29571e-05
1.07839e-05
1.38275e-05
7.53048e-05
5.89242e-05
4.32526e-05
3.52777e-05
0.000138335
0.000116331
9.31834e-05
7.93161e-05
0.000235097
0.000237435
0.000238976
0.000239002
0.000111974
0.000114095
0.000115903
0.000116558
2.34013e-05
2.431e-05
2.541e-05
2.61939e-05
1.91576e-06
1.40355e-06
1.40202e-06
1.91666e-06
7.02743e-05
5.5489e-05
3.87238e-05
2.78766e-05
3.25339e-05
2.48057e-05
1.6719e-05
1.21194e-05
1.50893e-05
1.33562e-05
1.2711e-05
1.35235e-05
2.35209e-05
2.42887e-05
2.68042e-05
2.9959e-05
2.25537e-05
2.72164e-05
3.39724e-05
3.96332e-05
2.72995e-05
3.10717e-05
3.66156e-05
4.12931e-05
3.83713e-05
4.05695e-05
4.41027e-05
4.7251e-05
5.08281e-05
5.14492e-05
5.30579e-05
5.48173e-05
3.83845e-05
3.3688e-05
2.8116e-05
2.42782e-05
3.92653e-05
3.49939e-05
2.98711e-05
2.62977e-05
4.05818e-05
3.66438e-05
3.1887e-05
2.8539e-05
4.1747e-05
3.78579e-05
3.31607e-05
2.98419e-05
0.0150485
0.0140628
0.0128859
0.0120645
0.0130988
0.0121466
0.0110201
0.0102416
0.0107143
0.00984435
0.00882744
0.00813431
0.00907263
0.00828187
0.00737038
0.00675897
0.00319504
0.00289418
0.00259942
0.0024425
0.00229291
0.00207954
0.00188426
0.00179235
0.00186493
0.00167933
0.00150321
0.00141505
0.00219584
0.00195485
0.00169572
0.00153919
0.00021674
0.000474878
0.00145696
0.00238005
6.57411e-05
0.000202743
0.00087525
0.00156208
3.9726e-05
0.00018078
0.000746619
0.00133163
0.000460648
0.000561743
0.00120687
0.00188195
0.00343507
0.00304672
0.00257713
0.00224537
0.00299354
0.00266564
0.00227186
0.00199562
0.00250495
0.00224774
0.00194317
0.00173265
0.00220256
0.00199167
0.00174636
0.00158006
0.0010734
0.00100684
0.000942027
0.000907669
0.000822843
0.000776107
0.000735579
0.000718756
0.000577292
0.000542853
0.000518122
0.000513345
0.000453839
0.000417963
0.000392662
0.00038854
0.0017433
0.00160722
0.00147419
0.00140305
0.00129041
0.00118905
0.00109636
0.00105267
0.00096914
0.000878713
0.000797724
0.000761351
0.000949258
0.000837157
0.000729227
0.000673548
0.000219383
0.000160768
9.83651e-05
6.13081e-05
0.000261724
0.000205196
0.00014358
0.000105535
0.000337073
0.000283863
0.000224823
0.000187269
0.000407041
0.000356431
0.000300104
0.000263998
0.000549257
0.000526217
0.000503531
0.000491253
0.000527987
0.000516026
0.000507476
0.000505814
0.000500693
0.000503911
0.000515241
0.000528915
0.00048118
0.000496611
0.000524328
0.000550939
0.000738004
0.000701851
0.00066678
0.000648341
0.000617989
0.000596025
0.000578859
0.000573715
0.00047382
0.000466538
0.000468664
0.000478455
0.000373569
0.000374628
0.000388495
0.000407976
0.000116209
0.000134957
0.000160723
0.000181247
4.75986e-05
5.67117e-05
6.99974e-05
8.1017e-05
1.70564e-05
1.59852e-05
1.64015e-05
1.78577e-05
3.10021e-05
2.37023e-05
1.65199e-05
1.25351e-05
0.000317689
0.000304671
0.00029137
0.000283758
0.000426101
0.000416553
0.000407816
0.000403764
0.000598951
0.00059544
0.000594687
0.000596876
0.000756367
0.000758601
0.000765477
0.000773637
0.000419768
0.000402286
0.000384469
0.000374228
0.000476067
0.000466563
0.000459003
0.000456546
0.000563199
0.000566295
0.000575204
0.000585446
0.000641586
0.000655994
0.000679867
0.000701772
0.000197615
0.000181403
0.000160426
0.000144636
9.7236e-05
8.88731e-05
7.81513e-05
7.02369e-05
2.48851e-05
2.31905e-05
2.1437e-05
2.06081e-05
7.97594e-06
9.17831e-06
1.15562e-05
1.41667e-05
0.000217112
0.000213202
0.000210363
0.00021004
0.000321145
0.000312348
0.000303415
0.000298623
0.000490617
0.000473703
0.000454592
0.000442292
0.000646743
0.000622246
0.000593592
0.000574227
0.000248207
0.000240711
0.000233794
0.000230679
0.000372483
0.000363321
0.00035444
0.000349981
0.000574293
0.000562692
0.000550902
0.000544421
0.000759957
0.000746257
0.000731935
0.00072367
1.3094e-06
9.20145e-08
7.74832e-07
3.00562e-06
3.04584e-06
3.48346e-06
5.92613e-06
9.18227e-06
1.76329e-05
1.88076e-05
2.19064e-05
2.54121e-05
3.79691e-05
3.8687e-05
4.10994e-05
4.39989e-05
0.000165068
0.000157587
0.000149295
0.000143967
0.000198263
0.00018762
0.000175316
0.000167002
0.000248016
0.000232126
0.000213234
0.000200073
0.000291055
0.000270272
0.000245287
0.000227685
0.000200375
0.000195338
0.000190582
0.000188372
0.000266684
0.000256725
0.000245779
0.000238997
0.000372484
0.000354161
0.000332721
0.000318203
0.000468504
0.000442259
0.000410891
0.000389067
5.28097e-05
5.25679e-05
5.22988e-05
5.21269e-05
5.19009e-05
5.15941e-05
5.12637e-05
5.10636e-05
5.30637e-05
5.23746e-05
5.16393e-05
5.11944e-05
5.59348e-05
5.46851e-05
5.33619e-05
5.25611e-05
7.50279e-05
7.09744e-05
6.61971e-05
6.28886e-05
7.93407e-05
7.47235e-05
6.92071e-05
6.53308e-05
8.41185e-05
7.87842e-05
7.23293e-05
6.77342e-05
8.7123e-05
8.12526e-05
7.41049e-05
6.89859e-05
0.000114452
0.000107956
0.0001005
9.54517e-05
0.000127902
0.000119889
0.000110469
0.000103929
0.000145833
0.000135526
0.000123184
0.000114466
0.00015981
0.000147503
0.000132659
0.00012211
8.16411e-06
5.71995e-06
3.27433e-06
1.96685e-06
1.01552e-05
7.36339e-06
4.41284e-06
2.67675e-06
1.22967e-05
9.19671e-06
5.87782e-06
3.89001e-06
1.31928e-05
9.94527e-06
6.51929e-06
4.51969e-06
1.49825e-05
1.08212e-05
6.5804e-06
4.24737e-06
1.52233e-05
1.09094e-05
6.47184e-06
3.99111e-06
1.61418e-05
1.15605e-05
6.7926e-06
4.07364e-06
1.73161e-05
1.24767e-05
7.40147e-06
4.46896e-06
4.76148e-05
4.32487e-05
3.79821e-05
3.42805e-05
4.88384e-05
4.43344e-05
3.88973e-05
3.50694e-05
4.99858e-05
4.54306e-05
3.99201e-05
3.60326e-05
5.05292e-05
4.60302e-05
4.05751e-05
3.67212e-05
0.0218742
0.0194938
0.0169073
0.0151977
0.0187609
0.0169266
0.0148044
0.0133648
0.0147704
0.0135288
0.0121152
0.0111745
0.0117293
0.0109838
0.0101747
0.00967257
0.0102629
0.00970367
0.00917893
0.00883393
0.00748983
0.0072467
0.00705623
0.00697402
0.00486429
0.00484656
0.00488532
0.00495402
0.00352937
0.00359506
0.00370522
0.00378638
0.00394763
0.00433787
0.00715786
0.0100674
0.00218123
0.00267837
0.00495011
0.00725041
0.000870823
0.00129179
0.0028486
0.00443015
0.000365633
0.000667666
0.00177054
0.00291058
0.00535677
0.00480554
0.0041382
0.00366573
0.00459615
0.00413163
0.0035737
0.00318194
0.00373826
0.00337526
0.00294589
0.00264928
0.0031938
0.00289765
0.0025537
0.00232089
0.0029097
0.00264761
0.00234603
0.00214398
0.00239528
0.00219184
0.00196291
0.00181347
0.0018494
0.00170612
0.00155252
0.00145823
0.00153648
0.00142492
0.00131197
0.00124808
0.0041231
0.00375602
0.00333577
0.00305591
0.00332507
0.00303797
0.00271663
0.00250831
0.00248381
0.00227995
0.00206241
0.00192972
0.00201368
0.00185374
0.00169204
0.00160075
0.000572761
0.000463604
0.000338663
0.000256357
0.000578247
0.000480862
0.000369083
0.000295045
0.000608635
0.000525489
0.000430242
0.000367129
0.000647499
0.000573908
0.000490316
0.000435364
0.000659233
0.000591415
0.000514584
0.000464183
0.000659866
0.000603149
0.000539577
0.000498336
0.000657772
0.000614359
0.000567317
0.00053803
0.000653127
0.000618947
0.0005839
0.000563705
0.000973589
0.000878518
0.000769652
0.000697274
0.000911016
0.000834393
0.000748036
0.00069164
0.000837211
0.00078092
0.000720014
0.000682193
0.00078629
0.000742556
0.000697961
0.000672498
4.04962e-05
5.6716e-05
8.21029e-05
0.000104545
1.64133e-05
2.1402e-05
3.16743e-05
4.21518e-05
3.10466e-05
2.449e-05
1.95417e-05
1.81904e-05
7.10253e-05
5.76242e-05
4.39577e-05
3.60505e-05
9.68228e-05
8.09187e-05
6.39685e-05
5.35297e-05
0.000149682
0.000131423
0.000111398
9.86049e-05
0.000239083
0.0002203
0.000199762
0.000186714
0.000321282
0.000303967
0.000285553
0.000274289
0.000172001
0.000148249
0.000122585
0.0001066
0.000230047
0.000205381
0.000178198
0.000160788
0.000315311
0.000292009
0.000266495
0.000250271
0.00038645
0.000366071
0.000344478
0.000331333
0.000236403
0.000227752
0.000215394
0.000205211
0.000115609
0.000111667
0.000105816
0.000100902
2.64064e-05
2.60342e-05
2.55014e-05
2.5174e-05
2.46919e-06
3.28865e-06
4.91828e-06
6.71666e-06
2.45455e-06
3.53352e-06
5.78382e-06
8.26764e-06
2.4677e-05
2.52228e-05
2.72449e-05
2.99015e-05
9.42333e-05
9.2862e-05
9.29878e-05
9.46436e-05
0.000175943
0.000172329
0.00016993
0.000169957
3.44386e-06
2.18402e-06
1.55241e-06
1.84572e-06
2.95987e-05
2.68268e-05
2.47628e-05
2.43689e-05
0.000105397
0.000100482
9.62876e-05
9.47683e-05
0.000192511
0.000185923
0.000179962
0.000177405
2.25666e-05
1.4446e-05
6.58454e-06
2.65893e-06
9.83074e-06
6.07612e-06
3.37383e-06
2.98264e-06
1.36025e-05
1.32257e-05
1.45044e-05
1.68281e-05
3.0965e-05
3.16082e-05
3.40625e-05
3.71621e-05
4.37433e-05
4.44935e-05
4.69883e-05
5.00394e-05
6.95014e-05
6.97823e-05
7.15684e-05
7.39989e-05
0.000115955
0.00011406
0.000113031
0.000113318
0.000160943
0.000156271
0.000151737
0.000149427
3.38714e-05
3.53612e-05
3.87486e-05
4.25147e-05
5.93657e-05
6.09949e-05
6.45339e-05
6.8388e-05
0.000112676
0.000112474
0.000113735
0.000115921
0.000167954
0.000164944
0.00016272
0.000162369
4.19747e-05
4.49368e-05
4.89719e-05
5.21791e-05
4.32516e-05
4.55432e-05
4.87322e-05
5.13058e-05
4.83665e-05
4.94852e-05
5.12592e-05
5.28232e-05
5.51504e-05
5.5088e-05
5.54952e-05
5.61292e-05
5.91191e-05
5.84511e-05
5.81012e-05
5.8175e-05
6.67591e-05
6.50524e-05
6.33889e-05
6.24824e-05
7.7993e-05
7.47724e-05
7.12189e-05
6.8921e-05
8.7607e-05
8.31031e-05
7.7959e-05
7.44993e-05
5.79711e-05
5.77501e-05
5.82762e-05
5.92106e-05
7.09377e-05
6.93211e-05
6.80399e-05
6.75924e-05
9.00193e-05
8.62863e-05
8.23161e-05
7.9855e-05
0.00010634
0.000100761
9.44719e-05
9.0297e-05
2.17833e-05
1.75641e-05
1.28355e-05
9.80665e-06
2.40094e-05
1.98457e-05
1.50684e-05
1.19066e-05
2.63941e-05
2.22428e-05
1.74066e-05
1.41413e-05
2.76675e-05
2.34375e-05
1.84884e-05
1.51221e-05
2.83988e-05
2.40993e-05
1.90661e-05
1.5651e-05
2.95287e-05
2.50499e-05
1.98231e-05
1.62934e-05
3.08013e-05
2.60681e-05
2.05675e-05
1.68746e-05
3.16039e-05
2.66594e-05
2.09305e-05
1.70987e-05
4.24628e-05
3.85865e-05
3.3899e-05
3.05885e-05
4.38106e-05
3.98582e-05
3.50809e-05
3.17121e-05
4.55821e-05
4.14677e-05
3.65003e-05
3.30023e-05
4.69468e-05
4.26567e-05
3.74831e-05
3.3842e-05
0.0114674
0.0104653
0.00926673
0.00842858
0.0097468
0.00888715
0.00786757
0.00716116
0.00775561
0.00706885
0.00626695
0.00572112
0.00644897
0.00588224
0.0052316
0.00479756
0.00579341
0.00528625
0.00470884
0.0043273
0.0046242
0.00422068
0.00377177
0.0034832
0.00338516
0.00309357
0.00278382
0.00259623
0.00269934
0.00246856
0.00223534
0.00210398
0.00821226
0.00746713
0.00662426
0.00607263
0.00650119
0.00591203
0.00526238
0.00484995
0.0046826
0.00426172
0.00381782
0.0035521
0.00367826
0.00335114
0.00301924
0.002832
0.00232412
0.00212345
0.0019272
0.00182241
0.0017019
0.00155405
0.00141782
0.00135251
0.00133975
0.00120774
0.00108564
0.00102671
0.00145272
0.00128458
0.00111488
0.00101993
0.00151741
0.00132933
0.00113137
0.00101385
0.00186916
0.00161181
0.00132053
0.00113067
0.00303671
0.0025969
0.00207532
0.00171683
0.00451387
0.00385648
0.0030676
0.00251842
0.0023467
0.00210037
0.00181049
0.00161597
0.0031042
0.00274753
0.0023148
0.00201139
0.00529591
0.00465775
0.00386872
0.0033029
0.00801902
0.0070329
0.00581731
0.00494635
0.00311609
0.00321333
0.00327958
0.00327471
0.00225304
0.00228034
0.00230954
0.00231945
0.00200494
0.00196832
0.00192973
0.00190213
0.00285364
0.00263031
0.00244102
0.00233236
0.00321058
0.00290534
0.00262266
0.00248824
0.00486365
0.00433543
0.00370212
0.00326702
0.00905519
0.00795956
0.00656559
0.00554603
0.0139843
0.0122832
0.0100989
0.00846978
0.000672587
0.00150193
0.00249745
0.00278128
0.000768924
0.00152393
0.00373259
0.00593558
0.00718864
0.00494581
0.00865111
0.0130352
0.030395
0.0125552
0.0151893
0.0213238
0.00208571
0.001819
0.00149874
0.00127453
0.00186461
0.00163781
0.00136698
0.0011784
0.00163118
0.00145111
0.00123869
0.00109265
0.00149593
0.00134646
0.00117302
0.00105585
0.0014166
0.00128339
0.00112996
0.00102716
0.00125537
0.00115045
0.0010319
0.000954191
0.00107563
0.00100053
0.000919425
0.000869177
0.000962174
0.000904079
0.000845022
0.000811453
0.00203877
0.00185196
0.00163652
0.00149183
0.00173169
0.00158634
0.00142221
0.00131464
0.00139986
0.00129721
0.00118671
0.00111851
0.00120182
0.00112231
0.00104166
0.00099595
0.000879098
0.000830758
0.000783813
0.000759074
0.00069917
0.000667301
0.000640904
0.000631257
0.000501386
0.000483186
0.000474674
0.000478848
0.000379081
0.000365267
0.000363569
0.000373854
0.000302443
0.000290953
0.000292698
0.000306016
0.000159214
0.000150153
0.000155584
0.000172342
5.63777e-05
4.07806e-05
4.00415e-05
5.41098e-05
4.35239e-05
1.5996e-05
2.74003e-06
9.6835e-06
0.000378834
0.000341849
0.000315347
0.000310644
0.000256143
0.00021208
0.000176817
0.000166106
0.000235828
0.000165648
9.94681e-05
6.78374e-05
0.000328455
0.000225959
0.000121949
6.48401e-05
0.00134752
0.00125357
0.00116184
0.00111293
0.00100995
0.000941177
0.000879551
0.00085183
0.000723859
0.00066602
0.000617696
0.000599645
0.000630052
0.000562344
0.000502596
0.00047707
0.000574377
0.000501182
0.000433948
0.000402728
0.000523091
0.000429207
0.000335067
0.000283861
0.00069177
0.000542173
0.000379461
0.000279449
0.00100354
0.000789759
0.000549578
0.000395326
0.000936304
0.000813307
0.000689598
0.000621178
0.00103066
0.000867472
0.000690387
0.000581282
0.00155643
0.00129069
0.000985257
0.00078301
0.0022769
0.00189329
0.00144379
0.00113919
4.63741e-05
2.47176e-05
7.31063e-06
2.16769e-06
8.93246e-05
6.25071e-05
3.6807e-05
2.40332e-05
0.000169292
0.00013776
0.000104572
8.49299e-05
0.000244821
0.000210831
0.000173985
0.000151113
0.00028107
0.000246947
0.000209489
0.000185795
0.000335637
0.000303221
0.000267347
0.000244343
0.000407224
0.000378973
0.000348156
0.000328709
0.000461211
0.00043758
0.000412818
0.000398011
0.000437169
0.000388914
0.000335048
0.000300331
0.000474524
0.000431912
0.000384473
0.000353915
0.000518704
0.000484149
0.000446611
0.000423117
0.000548089
0.000520202
0.000491338
0.000474435
0.000480235
0.000460448
0.000440624
0.000429552
0.000500358
0.000490221
0.000482753
0.000481003
0.000531981
0.000536212
0.000547531
0.000560258
0.000561477
0.000578081
0.000605848
0.000631452
0.000573469
0.000597773
0.00063578
0.000669409
0.000597771
0.0006386
0.000698154
0.000748387
0.000663742
0.000726936
0.000816156
0.000889616
0.000743758
0.000824887
0.000938194
0.00103073
0.000463299
0.000486221
0.000523975
0.00055851
0.00042582
0.000464534
0.000523008
0.000573615
0.000409619
0.000468649
0.000554405
0.00062664
0.00042527
0.000499855
0.000606919
0.000696355
0.000632257
0.00060411
0.000576703
0.000562188
0.000564536
0.000548888
0.000537363
0.000534717
0.000477872
0.000477448
0.000485907
0.000498708
0.000413625
0.000424081
0.000447374
0.000472063
0.000369073
0.000386064
0.000418223
0.000450002
0.000278242
0.000308539
0.000358323
0.00040393
0.000197411
0.00024289
0.000313658
0.000376386
0.000167026
0.00022274
0.000308349
0.000383683
0.000308372
0.000314268
0.000334849
0.000359833
0.000179516
0.000194389
0.000227096
0.000261842
6.43469e-05
8.57927e-05
0.000128775
0.000172866
1.88533e-05
4.17751e-05
8.88234e-05
0.000137774
0.000190578
0.000203493
0.00021962
0.0002313
8.6e-05
9.33782e-05
0.000102742
0.000109592
1.81316e-05
1.91907e-05
2.11051e-05
2.28488e-05
9.93438e-06
6.81065e-06
3.99371e-06
2.65729e-06
1.70978e-05
1.22015e-05
7.38254e-06
4.75108e-06
5.07945e-05
4.35147e-05
3.6065e-05
3.17896e-05
0.000133011
0.000123608
0.000113994
0.000108528
0.000222509
0.00021226
0.000201918
0.000196187
4.69743e-05
3.72196e-05
2.70132e-05
2.08503e-05
9.04695e-05
7.79453e-05
6.44101e-05
5.59234e-05
0.000177924
0.00016376
0.000148512
0.00013905
0.00026601
0.000252057
0.000237388
0.000228604
0.000278002
0.00026771
0.000257516
0.000252059
0.000399329
0.000389869
0.000380892
0.000376486
0.000594893
0.000587194
0.0005807
0.000578359
0.000774065
0.000768199
0.000764252
0.000763992
0.000879973
0.000875356
0.000873134
0.000874278
0.00110388
0.0011022
0.00110372
0.0011077
0.00145185
0.00145394
0.00146062
0.00146875
0.00176479
0.00176978
0.00178059
0.00179218
0.000848291
0.000854236
0.00086604
0.000878063
0.0010421
0.00105629
0.00107871
0.00109882
0.00134702
0.00137267
0.00141022
0.00144214
0.0016241
0.00165917
0.00170935
0.00175125
0.000365517
0.000350134
0.000334314
0.000325109
0.00045176
0.000442292
0.00043413
0.000430787
0.000587306
0.00058762
0.000592273
0.000598844
0.000709856
0.000719212
0.00073581
0.000751681
0.000779724
0.000794836
0.000819042
0.000840848
0.000926357
0.000954078
0.000994589
0.00102886
0.00116378
0.00120913
0.00127285
0.00132516
0.00138449
0.00144441
0.00152751
0.00159501
0.000683821
0.000705352
0.000738654
0.000767919
0.000771746
0.000808732
0.000862098
0.000906753
0.000925979
0.00098439
0.00106601
0.00113265
0.00107779
0.00115375
0.00125874
0.00134374
0.000134937
0.000116737
9.4564e-05
7.89048e-05
6.53932e-05
5.5736e-05
4.43803e-05
3.67655e-05
2.00253e-05
1.77725e-05
1.59489e-05
1.55467e-05
1.56059e-05
1.66533e-05
1.92185e-05
2.22456e-05
2.18144e-05
2.39286e-05
2.79079e-05
3.20309e-05
4.53757e-05
4.79138e-05
5.25607e-05
5.72743e-05
0.000104252
0.000105157
0.00010794
0.000111418
0.000169378
0.000167535
0.000166993
0.00016812
1.00474e-05
1.21733e-05
1.59122e-05
1.96786e-05
3.1851e-05
3.41682e-05
3.84591e-05
4.28682e-05
9.58634e-05
9.64978e-05
9.90452e-05
0.000102451
0.00016999
0.000168043
0.000167568
0.000168918
0.000209431
0.000205489
0.000202365
0.000201621
0.000295218
0.000286012
0.00027629
0.000270685
0.000434077
0.000415984
0.000395105
0.000381264
0.00056141
0.000534934
0.000503516
0.000481887
0.000635868
0.000604113
0.000566061
0.00053953
0.000792275
0.000749136
0.000696626
0.000659288
0.00103399
0.000973338
0.000898672
0.00084484
0.00124999
0.00117371
0.00107931
0.00101083
0.000739127
0.000709855
0.000675186
0.000651361
0.000934275
0.000894762
0.00084701
0.000813343
0.00123564
0.0011804
0.00111271
0.00106415
0.00150496
0.00143571
0.00135032
0.00128859
0.000228603
0.00022342
0.000219202
0.000217999
0.000346453
0.00033761
0.000328876
0.000324401
0.00053855
0.000523806
0.000507725
0.000497874
0.000715642
0.000695487
0.000672628
0.00065778
0.000820958
0.000797427
0.000770332
0.000752355
0.0010439
0.00101323
0.000976953
0.000952029
0.00138807
0.00134632
0.00129605
0.00126071
0.0016957
0.00164404
0.00158131
0.00153676
0.000870321
0.000855368
0.000839537
0.000830208
0.00110397
0.00108652
0.00106745
0.00105564
0.00146521
0.00144357
0.00141936
0.00140385
0.0017886
0.00176302
0.00173408
0.00171525
4.69743e-06
8.10964e-06
1.40217e-05
1.96297e-05
1.10475e-05
1.42633e-05
1.97108e-05
2.47823e-05
2.67978e-05
2.89932e-05
3.29929e-05
3.68418e-05
4.47074e-05
4.5515e-05
4.77333e-05
5.02252e-05
5.51803e-05
5.51595e-05
5.62714e-05
5.78881e-05
7.39141e-05
7.24572e-05
7.16566e-05
7.17712e-05
0.000102371
9.84552e-05
9.44842e-05
9.21913e-05
0.000127252
0.00012102
0.000114113
0.000109634
5.06818e-05
5.09134e-05
5.26171e-05
5.49107e-05
7.4093e-05
7.3237e-05
7.34331e-05
7.44988e-05
0.000112083
0.000108774
0.000105778
0.0001044
0.000146751
0.000140815
0.000134483
0.000130614
0.000139894
0.000132426
0.000123949
0.000118297
0.000161579
0.000151856
0.000140492
0.000132671
0.000192446
0.000179116
0.000163201
0.000152021
0.000218013
0.000201405
0.000181408
0.000167256
0.000230801
0.000212392
0.000190168
0.000174408
0.00025417
0.000232125
0.000205321
0.000186194
0.000287808
0.000260018
0.000226085
0.000201802
0.000315998
0.000283085
0.00024286
0.000214079
0.000313855
0.000290209
0.000261683
0.000241521
0.000358446
0.000328777
0.000292702
0.000267002
0.000425692
0.000386557
0.000338696
0.000304414
0.000484362
0.000436731
0.000378347
0.000336451
0.000185948
0.000179454
0.000172621
0.000168609
0.00023419
0.000223572
0.000211535
0.000203667
0.000309273
0.000291677
0.000270891
0.000256586
0.000376167
0.000351983
0.000322969
0.000302641
0.000413252
0.000385052
0.000351046
0.000327083
0.000488642
0.000451832
0.000407012
0.000375079
0.000604373
0.000554141
0.000492512
0.000448236
0.000706988
0.000644705
0.00056803
0.000512745
0.000523489
0.000492304
0.000454758
0.000428399
0.000637686
0.000595841
0.000544836
0.000508491
0.000814015
0.000755679
0.000683901
0.000632182
0.000971318
0.000898215
0.000807877
0.000742456
5.08877e-05
4.76547e-05
4.36719e-05
4.0807e-05
5.01298e-05
4.72985e-05
4.38021e-05
4.12844e-05
5.03708e-05
4.77689e-05
4.45831e-05
4.23095e-05
5.16255e-05
4.8941e-05
4.57148e-05
4.34468e-05
5.24779e-05
4.97453e-05
4.64606e-05
4.41538e-05
5.44235e-05
5.14912e-05
4.79658e-05
4.54906e-05
5.73276e-05
5.40382e-05
5.00847e-05
4.73072e-05
5.98429e-05
5.62031e-05
5.18297e-05
4.8754e-05
5.77403e-05
5.62052e-05
5.45344e-05
5.34847e-05
6.16098e-05
5.95083e-05
5.71377e-05
5.55796e-05
6.74264e-05
6.44706e-05
6.10546e-05
5.87418e-05
7.24933e-05
6.87928e-05
6.44686e-05
6.15019e-05
6.11036e-05
5.72966e-05
5.27064e-05
4.94679e-05
6.33491e-05
5.92523e-05
5.42878e-05
5.07655e-05
6.55315e-05
6.11376e-05
5.57793e-05
5.19527e-05
6.66399e-05
6.20776e-05
5.64913e-05
5.24854e-05
6.6962e-05
6.23412e-05
5.66627e-05
5.25769e-05
6.68261e-05
6.22163e-05
5.652e-05
5.23986e-05
6.46906e-05
6.02536e-05
5.47444e-05
5.07393e-05
6.17565e-05
5.75572e-05
5.23383e-05
4.85397e-05
8.83186e-05
8.22175e-05
7.47578e-05
6.93945e-05
8.93053e-05
8.2928e-05
7.50635e-05
6.9366e-05
8.8282e-05
8.16001e-05
7.33208e-05
6.73015e-05
8.59174e-05
7.90603e-05
7.05654e-05
6.43951e-05
9.23692e-05
8.72527e-05
8.13266e-05
7.72796e-05
0.000100241
9.41615e-05
8.69756e-05
8.19632e-05
0.000109921
0.000102487
9.35542e-05
8.72214e-05
0.000116852
0.000108308
9.79679e-05
9.05918e-05
0.000119893
0.000110834
9.98308e-05
9.19577e-05
0.000123916
0.000114032
0.00010192
9.31895e-05
0.000127197
0.000116086
0.000102418
9.25466e-05
0.000128307
0.000116192
0.000101299
9.0567e-05
0.000166366
0.000153049
0.00013694
0.000125469
0.000177027
0.000161827
0.0001433
0.000130025
0.000190568
0.000172415
0.00015021
0.000134276
0.000200669
0.000179938
0.000154587
0.000136427
1.35565e-06
6.28789e-07
8.60597e-08
2.743e-07
2.05414e-06
6.74062e-07
1.0159e-07
7.73247e-07
3.37685e-06
1.36515e-06
7.74501e-07
2.01237e-06
3.90111e-06
1.89412e-06
1.48228e-06
3.1604e-06
4.23018e-06
2.29532e-06
1.71261e-06
2.68538e-06
3.7949e-06
2.16505e-06
1.50571e-06
2.06187e-06
3.34981e-06
2.1147e-06
1.45819e-06
1.67273e-06
3.09288e-06
2.16024e-06
1.57444e-06
1.68836e-06
1.36673e-05
1.02927e-05
6.7999e-06
4.85422e-06
1.42392e-05
1.05788e-05
6.82773e-06
4.76399e-06
1.46957e-05
1.07497e-05
6.75216e-06
4.5888e-06
1.47963e-05
1.0709e-05
6.60105e-06
4.40769e-06
2.8663e-06
1.98636e-06
1.35061e-06
1.41695e-06
2.54918e-06
1.76109e-06
1.15035e-06
1.21309e-06
2.4376e-06
1.6858e-06
1.06848e-06
1.18968e-06
2.5572e-06
1.7761e-06
1.12159e-06
1.34234e-06
3.04182e-06
2.07389e-06
9.79356e-07
1.09703e-06
4.16326e-06
2.40373e-06
9.21749e-07
8.76953e-07
7.44346e-06
4.29118e-06
1.44304e-06
5.49739e-07
1.17775e-05
7.04865e-06
2.51163e-06
5.83231e-07
1.79237e-05
1.30864e-05
8.06143e-06
5.19849e-06
1.92147e-05
1.45096e-05
9.47052e-06
6.42996e-06
2.1335e-05
1.71358e-05
1.24955e-05
9.56837e-06
2.32526e-05
1.9699e-05
1.57021e-05
1.31254e-05
3.20314e-05
2.70076e-05
2.12082e-05
1.73543e-05
3.27996e-05
2.76505e-05
2.1694e-05
1.7715e-05
3.38176e-05
2.86505e-05
2.26573e-05
1.86396e-05
3.46101e-05
2.9539e-05
2.36455e-05
1.9693e-05
3.48509e-05
2.98852e-05
2.41022e-05
2.02169e-05
3.52924e-05
3.06147e-05
2.51196e-05
2.13743e-05
3.53635e-05
3.1297e-05
2.6466e-05
2.31269e-05
3.50822e-05
3.16323e-05
2.75051e-05
2.46305e-05
5.05993e-05
4.61563e-05
4.07535e-05
3.69261e-05
5.04138e-05
4.6162e-05
4.0973e-05
3.72769e-05
4.88842e-05
4.50808e-05
4.04126e-05
3.7065e-05
4.68699e-05
4.35303e-05
3.94197e-05
3.64612e-05
