FiniteElementSpace
FiniteElementCollection: H1_2D_P2
VDim: 2
Ordering: 0

0
1.15697
2.14492
3.04855
3.94321
4.86875
5.83054
6.80745
7.77961
0
0.839841
1.71022
2.61722
3.57937
4.57864
5.57501
6.55561
7.52794
0.598926
1.00804
0.415146
0
1.66784
1.93069
1.27185
2.60166
2.83089
2.15754
3.49371
3.7582
3.09142
4.40098
4.72218
4.07705
5.34604
5.70268
5.0789
6.31878
6.68216
6.06681
7.29446
7.65444
7.04257
0.514483
1.47648
2.37973
3.28951
4.23659
5.21178
6.19311
7.1694
0.300365
0.552506
0.257022
0
1.41757
1.57064
1.24469
1.08057
2.37511
2.48888
2.15536
2.0362
3.27092
3.38998
3.05903
2.93783
4.1709
4.31859
3.99631
3.84971
5.10631
5.27962
4.96666
4.7959
6.07442
6.25634
5.94803
5.76724
7.05122
7.2323
6.92603
6.74504
0.884259
0.765065
0.931147
0.626342
0.474324
0.207164
0
1.90969
1.70475
1.82356
1.49012
1.37905
1.05511
2.82578
2.60466
2.72483
2.38565
2.27041
1.93254
3.71762
3.52255
3.66816
3.33386
3.19045
2.85247
4.6336
4.47869
4.64922
4.32772
4.15579
3.82734
5.58759
5.4572
5.63817
5.32753
5.14429
4.82918
6.56323
6.43784
6.61896
6.31149
6.12973
5.82138
7.5372
7.71765
7.41222
7.59104
7.28549
7.10611
6.79928
0.272467
1.32949
2.26353
3.16317
4.08301
5.03711
6.01174
6.98889
0.82212
0.704103
0.241392
1.80569
1.60137
1.15589
2.71334
2.4964
2.04635
3.61874
3.42786
2.95611
4.5563
4.40206
3.91097
5.5231
5.39149
4.89677
6.50083
6.37461
5.88426
7.47529
7.34881
6.8628
0.14474
0.284082
0.132781
0
1.28868
1.37269
1.20611
1.11783
2.26054
2.31861
2.15019
2.08985
3.15972
3.21642
3.05035
2.99252
4.05677
4.12681
3.96607
3.89616
4.98724
5.07198
4.91632
4.83253
5.95239
6.04327
5.88946
5.79913
6.9294
7.02013
6.86702
6.77632
0.743074
0.852106
0.688801
0.574281
0.640783
0.735728
0.589542
0.495545
0.127472
0.249809
0.121774
0
1.78969
1.85696
1.68883
1.61846
1.59098
1.6537
1.49028
1.42856
1.12707
1.20124
1.04377
0.970677
2.71394
2.76886
2.60116
2.54457
2.49207
2.55067
2.38313
2.32531
2.04312
2.10121
1.93484
1.87761
3.60548
3.66775
3.5041
3.44131
3.40571
3.47508
3.30878
3.2399
2.94469
3.00755
2.8401
2.77791
4.51697
4.59506
4.43719
4.35978
4.35744
4.44017
4.27878
4.19599
3.87696
3.95345
3.78928
3.71301
5.46662
5.55562
5.40126
5.31312
5.33446
5.42422
5.26795
5.17788
4.84432
4.93154
4.77298
4.68551
6.44102
6.53213
6.37861
6.2877
6.31552
6.40623
6.25224
6.1614
5.82538
5.91609
5.76129
5.67034
7.41589
7.50644
7.35385
7.2635
7.29088
7.38052
7.22755
7.13778
6.80415
6.89445
6.74094
6.65058
0.451791
0.413429
0.532993
0.386298
0.264487
0
1.54386
1.45093
1.52355
1.36111
1.28709
1.04425
2.48875
2.37638
2.43409
2.26753
2.20929
1.98334
3.38221
3.27636
3.33947
3.17396
3.11081
2.88408
4.28563
4.20052
4.27749
4.1162
4.0395
3.80375
5.22593
5.15822
5.24576
5.08916
5.00192
4.75904
6.19657
6.13404
6.22479
6.07061
5.97995
5.73503
7.17291
7.11065
7.20092
7.04778
6.95752
6.71365
1.02223
0.952636
0.887439
0.793379
0.817965
0.887938
0.732816
0.66817
0.520411
0.448082
0.358406
0.310555
0.228199
0.106067
0
2.02801
1.92143
1.81795
1.75517
1.71244
1.76794
1.59991
1.54706
1.38077
1.32707
1.26763
1.16329
1.10749
0.947268
2.93726
2.82553
2.71757
2.65875
2.61028
2.67136
2.50097
2.4415
2.27117
2.21462
2.15818
2.04467
1.99028
1.82107
3.83017
3.73394
3.64006
3.57039
3.54767
3.62361
3.45625
3.38081
3.21221
3.141
3.07289
2.97148
2.90449
2.73437
4.75086
4.67588
4.60028
4.51744
4.52557
4.61354
4.45319
4.36453
4.20231
4.1161
4.03316
3.95202
3.86891
3.70308
5.70892
5.64511
5.57994
5.49022
5.5149
5.60635
5.45142
5.3592
5.20336
5.11123
5.02056
4.95416
4.86258
4.70398
6.68539
6.62298
6.56005
6.46939
6.49685
6.5873
6.43361
6.34302
6.18924
6.09817
6.00707
5.94421
5.85265
5.69833
7.65843
7.7489
7.59658
7.68612
7.53339
7.44384
7.62274
7.46994
7.55944
7.40679
7.31714
7.16408
7.07438
6.98453
6.92097
6.83108
6.67749
0.136523
1.24651
2.20466
3.10439
4.0112
4.95202
5.92114
6.89828
0.714721
0.616311
0.125072
1.73851
1.54135
1.08644
2.65685
2.43779
1.9894
3.5543
3.35714
2.89241
4.47714
4.31791
3.83294
5.43422
5.30107
4.80846
6.40993
6.28387
5.79327
7.38502
7.25923
6.77258
0.43089
0.39933
0.130017
1.49659
1.40602
1.16657
2.43186
2.32177
2.09652
3.3287
3.22488
2.99724
4.243
4.15823
3.92133
5.19235
5.12374
4.88034
6.16547
6.10239
5.85749
7.14188
7.07928
6.83564
0.98643
0.919924
0.664449
0.853828
0.778091
0.558161
0.373366
0.337979
0.117524
1.974
1.86961
1.63988
1.76576
1.65736
1.43699
1.31525
1.21726
0.997735
2.88071
2.77128
2.54639
2.66402
2.55603
2.32771
2.21315
2.10216
1.87889
3.78169
3.68677
3.45464
3.59372
3.50186
3.26051
3.12337
3.02232
2.7875
4.71353
4.63806
4.39724
4.56273
4.48899
4.2402
4.07449
3.99231
3.74598
5.67727
5.6126
5.36793
5.54732
5.48288
5.23531
5.05469
4.98698
4.73809
6.65427
6.59157
6.34712
6.52846
6.46522
6.22067
6.0388
5.9755
5.7296
7.62775
7.56507
7.32245
7.50167
7.43832
7.19583
7.01618
6.95279
6.70925
0
0.324761
0.793963
1.27448
1.6854
2.00399
2.26675
2.52134
2.77208
1
1.24166
1.66776
2.15316
2.59692
2.94511
3.22089
3.48025
3.74018
0.145146
0.761618
1.09304
0.5
0.550145
1.22614
1.43975
1.03922
1.71849
1.91006
1.49154
2.14986
2.38522
1.8551
2.48098
2.7833
2.1387
2.74569
3.08822
2.39367
3.00115
3.35028
2.64833
3.25675
3.61109
0.583456
0.983164
1.47525
1.94584
2.32746
2.61746
2.87262
3.13015
0.0827827
0.356712
0.522401
0.25
0.433738
0.762485
0.868548
0.537096
0.917214
1.25644
1.35073
1.00769
1.38568
1.72037
1.83469
1.49706
1.77316
2.09369
2.24195
1.91997
2.07263
2.37932
2.5508
2.24443
2.33014
2.63335
2.80903
2.50681
2.58509
2.88939
3.06577
2.76134
0.227088
0.665373
0.997376
1.15969
0.828964
1.04669
0.75
0.670991
1.10304
1.44712
1.55106
1.21001
1.33588
1.15868
1.59828
1.93769
2.03229
1.69387
1.78801
1.59153
2.05108
2.37556
2.49405
2.16771
2.27123
1.93178
2.40688
2.71438
2.86701
2.55724
2.69337
2.20314
2.68209
2.98356
3.15535
2.85358
3.0185
2.45744
2.93668
3.24074
3.4151
3.11149
3.28566
2.71075
3.01463
3.19384
3.49849
3.67622
3.37076
3.54565
0.291846
0.646003
1.13242
1.61136
2.01
2.31332
2.56994
2.82555
0.439272
0.90599
0.77116
0.883777
1.3265
1.09957
1.37839
1.81687
1.57012
1.82339
2.27478
2.05503
2.17156
2.63855
2.46971
2.4435
2.9192
2.78568
2.69718
3.17591
3.04747
2.95247
3.43516
3.3058
0.0499037
0.184811
0.268764
0.125
0.378121
0.538507
0.590406
0.429372
0.855679
1.02432
1.07005
0.900119
1.33072
1.4988
1.55481
1.38587
1.73004
1.89227
1.9658
1.80333
2.0387
2.19341
2.27931
2.12475
2.29843
2.45012
2.53837
2.38692
2.55325
2.70536
2.79346
2.64136
0.183831
0.33148
0.395831
0.249332
0.622356
0.783869
0.865411
0.703747
0.505797
0.644408
0.755085
0.625
0.610199
0.776461
0.822678
0.65517
1.04257
1.21442
1.26761
1.09599
0.813939
0.98315
1.04728
0.878188
1.09936
1.26844
1.31775
1.14754
1.53703
1.70785
1.75555
1.58472
1.28835
1.46044
1.50842
1.33648
1.5423
1.70802
1.77265
1.60639
1.99923
2.16345
2.22199
2.05726
1.77716
1.9453
1.99687
1.82846
1.89406
2.0523
2.1333
1.97507
2.36788
2.52314
2.59863
2.44282
2.19674
2.35633
2.42347
2.26323
2.17106
2.32355
2.41158
2.25934
2.64997
2.8008
2.88661
2.73574
2.51636
2.66853
2.75052
2.59804
2.42551
2.57733
2.66521
2.51354
2.90459
3.05632
3.14365
2.9921
2.77736
2.92831
3.01553
2.86473
2.67966
2.8317
2.92105
2.76893
3.1621
3.31451
3.40306
3.25047
3.03346
3.18581
3.27326
3.12096
0.111273
0.321877
0.467934
0.549893
0.404858
0.375
0.491245
0.703487
0.871887
0.925047
0.756065
0.647852
0.97848
1.19461
1.36575
1.41309
1.2413
1.11644
1.43933
1.66657
1.83353
1.89095
1.72335
1.60798
1.81483
2.05261
2.21111
2.2855
2.12653
2.03546
2.10593
2.34661
2.49867
2.58445
2.43242
2.36314
2.36186
2.6016
2.75304
2.84078
2.68958
2.62639
2.61679
2.85754
3.00979
3.09802
2.94569
2.88127
0.27423
0.486555
0.711935
0.550515
0.95013
1.11872
1.19902
1.0314
1.12435
0.958782
0.797417
1.06698
0.905057
1.02642
0.875
0.732362
0.945524
1.16429
0.992716
1.3864
1.55769
1.60887
1.43887
1.49463
1.32477
1.15389
1.38678
1.21734
1.28745
1.21712
1.43821
1.65881
1.4884
1.87763
2.046
2.09301
1.92511
1.97127
1.80243
1.63199
1.84893
1.67943
1.72757
1.63925
1.87249
2.1013
1.93773
2.32598
2.48681
2.5463
2.38502
2.44037
2.27708
2.11201
2.32884
2.16373
2.21265
1.9684
2.20856
2.44453
2.28971
2.67709
2.83005
2.90672
2.75317
2.82592
2.67074
2.51428
2.73917
2.58206
2.646
2.23499
2.47522
2.71397
2.56301
2.95148
3.10225
3.18825
3.03735
3.12204
2.97105
2.81998
3.05375
2.90232
2.98234
2.48938
2.72923
2.96887
2.81696
3.20829
3.36049
3.44763
3.29549
3.38264
3.23086
3.07945
3.31795
3.16656
3.25332
2.74156
2.8934
2.98366
3.13575
3.22539
3.07316
3.37766
3.46699
3.61932
3.70844
3.55577
3.64374
3.49097
3.33832
3.5784
3.42575
3.51293
0.155824
0.482799
0.962261
1.44295
1.84859
2.15949
2.41851
2.67339
0.288165
0.741749
0.628813
0.715401
1.15462
0.92951
1.20836
1.64651
1.39832
1.65798
2.11112
1.88742
2.01433
2.48371
2.31062
2.2916
2.76848
2.63377
2.54539
3.02415
2.89653
2.80043
3.2826
3.15338
0.214799
0.433556
0.3857
0.596108
0.813196
0.700818
1.08615
1.30366
1.17883
1.5533
1.77914
1.66625
1.9344
2.1696
2.08182
2.22665
2.46585
2.39823
2.48179
2.72126
2.65798
2.73722
2.9778
2.91349
0.378767
0.59759
0.507113
0.82948
1.07347
0.993036
0.67102
0.929269
0.886084
0.838126
1.05433
0.931811
1.2751
1.49781
1.38111
1.03872
1.27009
1.16678
1.32766
1.54864
1.42738
1.76854
1.98587
1.8639
1.52263
1.74087
1.6183
1.75648
1.98741
1.88641
2.21416
2.43673
2.33178
2.00195
2.22103
2.10535
2.08906
2.32701
2.25111
2.5612
2.79226
2.7127
2.40038
2.62722
2.53528
2.35529
2.59477
2.53102
2.83285
3.06992
3.00443
2.70247
2.93705
2.8667
2.60933
2.84909
2.78495
3.0886
3.32795
3.26313
2.96016
3.19868
3.13443
2.86268
3.10455
3.04159
3.3462
3.58775
3.52346
3.21819
3.45839
3.39311
