FiniteElementSpace
FiniteElementCollection: H1_2D_P2
VDim: 2
Ordering: 0

0
0.00283218
-0.00196476
-0.00457653
0.00756772
0.0324021
0.0576571
0.0764613
0.0913022
0
-0.00366297
-0.00226386
0.00619261
0.0237041
0.0463641
0.067122
0.0830811
0.0971997
0.0024359
-0.000157326
-0.00249184
0
0.00107155
-0.00246265
-0.00363801
-0.00452523
-0.000406944
0.000864149
-0.000644483
0.0146187
0.0139028
0.0191358
0.0393407
0.0348515
0.0456548
0.0628963
0.0573224
0.0678791
0.0800856
0.0756117
0.0840111
0.0942699
0.0900939
0.000158744
-0.0012118
-0.00268004
0.00535005
0.0264486
0.0518234
0.0722225
0.0871743
0.00137931
0.00100757
8.36827e-05
0
0.00219058
-0.00028402
-0.000607495
0.00110526
-0.00343462
-0.00379841
-0.00279417
-0.00241787
-0.00315824
0.00220002
0.00200889
-0.00267288
0.0130267
0.0227507
0.0203012
0.0109877
0.0391228
0.0488202
0.0457103
0.0358986
0.0629957
0.0701366
0.0677727
0.0603792
0.0803162
0.0855987
0.0836763
0.0783174
0.00291608
9.60433e-05
-0.00151064
-0.00322681
-0.000758948
-0.00140141
0
-0.000380945
-0.00187686
-0.00232529
-0.00314046
-0.00214157
-0.00380281
-0.00497932
-0.00193563
0.0024128
0.00323242
-0.00116516
-0.000949643
0.00295953
0.00958536
0.0187251
0.0185798
0.00908541
0.00975608
0.0256699
0.0328608
0.0428182
0.0406245
0.0304132
0.0291687
0.0518626
0.0575732
0.0651811
0.0623877
0.0546818
0.05196
0.0723451
0.0763
0.0816997
0.0794422
0.0740833
0.0715215
0.0876504
0.0927789
0.0906751
0.0957416
0.0936109
0.0886836
0.0866061
0.000433803
0.000570082
-0.00331467
-0.000743774
0.0165888
0.0424738
0.0654828
0.0820184
0.00125749
-0.00115737
-0.000297301
-0.00133731
-0.0023351
-0.00184567
-0.0036472
0.000263479
-0.00198276
0.00614084
0.0135764
0.00534929
0.0292587
0.0366117
0.0243925
0.0548145
0.0601307
0.0488822
0.0743891
0.0780162
0.0698235
0.0891606
0.0921628
0.0852245
0.000590239
0.000785596
0.000157631
0
0.00257793
0.0012966
0.000883012
0.00187928
-0.00273475
-0.00343282
-0.00290357
-0.00225622
-0.00400959
-0.00198298
-0.00183371
-0.00366298
0.0101999
0.0148013
0.0137053
0.00926458
0.0357793
0.0408183
0.0392055
0.0341644
0.0603872
0.0642641
0.0629886
0.0590452
0.0784152
0.0811685
0.0801897
0.0773969
0.0027429
0.00199137
0.0011829
0.0016171
0.00014918
-0.000479962
-0.000967642
-0.000251215
2.80664e-05
-8.08354e-05
-0.000118685
0
0.000374291
-0.000930598
-0.000795287
0.000316002
-0.00154402
-0.00209488
-0.00225607
-0.00164829
-0.000359134
-0.00118562
-0.00168065
-0.000785717
-0.00485417
-0.00435801
-0.00381543
-0.00421323
-0.00239584
-0.000908766
-0.000532694
-0.00197636
-0.00267106
-0.00242046
-0.00220298
-0.00240362
0.00101846
0.00453066
0.00404956
0.000752
0.00736158
0.0114908
0.0112431
0.00712194
0.00068752
0.00358436
0.00378283
0.000916113
0.0223652
0.0274718
0.0259752
0.0209437
0.0296339
0.0347106
0.0335005
0.0283862
0.0173901
0.0222839
0.0215043
0.0165932
0.0488097
0.0533654
0.0518672
0.0472619
0.0547478
0.0588809
0.0574531
0.0532729
0.0425485
0.0473042
0.0458755
0.0410717
0.070162
0.0733815
0.0723085
0.0690283
0.0743028
0.0771874
0.076086
0.0731862
0.0653892
0.0688331
0.067552
0.0640725
0.0858305
0.0884021
0.0873767
0.0848017
0.0889192
0.0914239
0.0904159
0.0879396
0.0818989
0.0844676
0.0834761
0.0809163
0.00199313
0.000744871
0.000551589
0.000131892
0.000244365
0
0.001683
0.000176904
-0.000777935
-0.000894759
-4.6556e-05
0.000446412
-0.00404998
-0.00362282
-0.00328713
-0.00280359
-0.00309762
-0.0024785
-0.00204764
0.000600143
0.00372302
0.00356543
0.000578393
-0.00159386
0.0160131
0.0196129
0.0245784
0.0233292
0.0184135
0.0127627
0.0424258
0.0456844
0.0503392
0.0488057
0.0441017
0.0376198
0.0654949
0.0678634
0.0712032
0.0700476
0.0666535
0.0616633
0.0821764
0.0838171
0.086392
0.0854308
0.0828574
0.0792165
0.00294709
0.0012313
-5.22429e-06
0.00064736
-0.00133671
-0.00243968
-0.00348243
-0.00204217
-0.00289635
-0.00148081
-0.000529167
-0.00200369
-0.000704881
-0.000640767
0
-0.00117372
-0.00188667
-0.00218926
-0.00164074
-0.00236221
-0.00227252
-0.00275158
-0.00266863
-0.00343271
-0.00278268
-0.00200126
-0.00375968
-0.00269092
-0.0037702
-0.00490482
-0.00327319
-0.00127567
-0.00284311
0.00124509
0.00414585
0.00464151
0.0016234
0.0019801
-0.000231033
-0.00164034
-0.000105652
-0.00149592
-0.00166301
0.00514171
0.00845906
0.0120112
0.0078157
0.0160774
0.021076
0.0210946
0.0159151
0.0161827
0.0113182
0.00712088
0.011763
0.0073784
0.00790378
0.0290275
0.0325752
0.0361035
0.0310493
0.0397231
0.044584
0.043506
0.0385804
0.037735
0.0325605
0.0273695
0.0319916
0.0266739
0.0264027
0.0548187
0.0576533
0.0602895
0.0562166
0.0627065
0.0662049
0.0647985
0.0613068
0.059896
0.056038
0.0518203
0.0546757
0.0504387
0.0491866
0.0744424
0.0763878
0.0782233
0.0753644
0.0798836
0.0824247
0.0812815
0.0787725
0.0775566
0.0748976
0.071998
0.0736041
0.0707263
0.0693641
0.0894726
0.0920362
0.09096
0.0935245
0.0924558
0.0899195
0.0950104
0.0939352
0.0964712
0.0953909
0.0928912
0.0918434
0.0894023
0.0869567
0.0883493
0.0859393
0.0848529
0.000269078
0.00164404
-0.00287991
-0.00295551
0.0119432
0.0375089
0.0617135
0.0793067
0.00186366
-0.000358768
-2.84015e-05
-0.000284739
-0.00187976
-0.000974616
-0.00438171
-0.00152798
-0.00245776
0.0025123
0.00920856
0.00214357
0.024174
0.031532
0.0193759
0.0503636
0.0561254
0.0442124
0.0712525
0.0752259
0.0665053
0.0866002
0.0896752
0.082708
0.0012592
0.000410849
8.45497e-05
0.000849432
-0.00038759
0.000234541
-0.00389019
-0.0032586
-0.00282784
-0.000751472
0.00202966
-0.000627134
0.0178101
0.0214445
0.0155116
0.0440767
0.0472587
0.040882
0.0667016
0.0689804
0.0642147
0.0829956
0.0846317
0.0810568
0.00199701
0.000584897
0.000635299
-0.000620936
-0.00225995
-0.00178421
-0.000156202
-0.0011261
-0.000254191
-0.00159781
-0.00207368
-0.00120124
-0.00227466
-0.00251048
-0.00275494
-0.00141267
-0.00275871
-0.0025837
-0.00412925
-0.00232718
-0.00315531
-9.57443e-05
0.00280054
0.000619684
-0.00226505
-0.000928841
-0.00193673
0.00678473
0.0101911
0.00565578
0.0139593
0.0184337
0.0135414
0.00524703
0.00926453
0.00567539
0.0308118
0.0343342
0.0277886
0.0378968
0.0415924
0.035563
0.0252953
0.0295908
0.0238299
0.0562626
0.0589958
0.0533277
0.0615297
0.0638032
0.0587167
0.0503275
0.0532751
0.0475366
0.075426
0.0773231
0.0733276
0.07908
0.0806214
0.0768681
0.0710573
0.0728531
0.0685118
0.0902137
0.0917083
0.0881514
0.0931995
0.0946654
0.0911388
0.0862077
0.0876719
0.0841937
0
0.00922133
0.0152781
0.0060998
-0.0143194
-0.0321402
-0.0416172
-0.0464909
-0.0516561
0
0.0081543
0.0156123
0.0144798
0.00435202
-0.00934905
-0.0218149
-0.0308119
-0.0369931
0.00430034
0.00872629
0.00374868
0
0.0136131
0.0165995
0.012564
0.0128022
0.0112155
0.0163609
-0.00359448
-0.00501621
0.0102489
-0.0242169
-0.0212435
-0.00241318
-0.0378118
-0.0321133
-0.0159347
-0.0442651
-0.0388077
-0.0267846
-0.0488673
-0.0443655
-0.0340772
0.0032567
0.0138167
0.0157943
0.00377164
-0.0136756
-0.0273618
-0.0358017
-0.0415305
0.00234469
0.00364588
0.00109163
0
0.0116301
0.013801
0.0114474
0.00896682
0.0145974
0.0144756
0.0166853
0.0160846
0.00151131
0.000262531
0.0077631
0.00884352
-0.0194641
-0.0188491
-0.00943695
-0.00952443
-0.035245
-0.0326068
-0.0244862
-0.0266516
-0.0430378
-0.0401389
-0.0340674
-0.0369384
-0.0476341
-0.0452626
-0.0401793
-0.0427533
0.00668245
0.00591037
0.00847347
0.00585748
0.00325929
0.00204026
0
0.0149016
0.0155986
0.0165959
0.0143297
0.0135041
0.0104512
0.00992847
0.0139417
0.0131592
0.0157442
0.0165655
0.0163101
-0.00895579
-0.000554579
-0.000514075
0.00745837
0.0070594
0.0126214
-0.0284619
-0.0176313
-0.0156036
-0.00589655
-0.00834844
0.00103047
-0.0399071
-0.0298924
-0.0270883
-0.0189794
-0.0218786
-0.0127114
-0.0453896
-0.0373652
-0.034779
-0.0289101
-0.0313224
-0.0244201
-0.0502144
-0.0480295
-0.0429105
-0.0406654
-0.0355433
-0.0377587
-0.0325195
0.00143307
0.0115826
0.0158061
0.00481956
-0.0143286
-0.0298557
-0.0386454
-0.043995
0.00622918
0.00576898
0.00115971
0.01537
0.015385
0.0111295
0.0121194
0.0152605
0.017011
-0.00459433
0.00337516
0.0103757
-0.022977
-0.0120828
-0.00446204
-0.034948
-0.024614
-0.0188744
-0.041487
-0.0331316
-0.0293173
-0.0466003
-0.0391909
-0.0363056
0.00135535
0.00181273
0.000614399
0
0.0104625
0.0116133
0.0103071
0.00909122
0.0150863
0.0152343
0.0160757
0.0157088
0.00389433
0.00321486
0.00691269
0.00751769
-0.0169311
-0.0168476
-0.0119534
-0.0118703
-0.0337653
-0.0325328
-0.0283122
-0.0293682
-0.0423586
-0.0408654
-0.0378228
-0.0392928
-0.0470536
-0.0458422
-0.043374
-0.0446547
0.00545299
0.00644126
0.00490134
0.00395088
0.00454746
0.00581488
0.00447614
0.00320234
0.000388858
0.00106621
0.000439683
0
0.0143661
0.0151575
0.014681
0.013722
0.014793
0.0155649
0.0145165
0.013715
0.0101145
0.0113194
0.00982233
0.00860392
0.0115054
0.0110659
0.0134214
0.0136763
0.0149822
0.0146784
0.0160145
0.016267
0.0167604
0.0169381
0.0169054
0.0166829
-0.00625572
-0.00672247
-0.002143
-0.00161424
0.00163666
0.00141133
0.00525165
0.00543711
0.0095674
0.00911199
0.0118414
0.0122492
-0.0264098
-0.0256829
-0.0209673
-0.0214894
-0.0156932
-0.0149052
-0.0102386
-0.0110544
-0.00724163
-0.0069815
-0.00248898
-0.00278242
-0.038915
-0.0374321
-0.0338252
-0.0352027
-0.0286679
-0.0272894
-0.0232792
-0.0246631
-0.022911
-0.021728
-0.0172711
-0.0184732
-0.0448353
-0.0434717
-0.040827
-0.0422322
-0.0366016
-0.0352559
-0.0322495
-0.0335758
-0.0331205
-0.0317133
-0.0282321
-0.0296295
-0.0495258
-0.0484155
-0.0459204
-0.0470836
-0.0422141
-0.0410485
-0.0384741
-0.0396426
-0.0394993
-0.0382419
-0.0355546
-0.036796
0.00324556
0.00247905
0.00340881
0.00209458
0.00121302
0
0.0126968
0.012758
0.0138378
0.0126906
0.0115306
0.008846
0.0138503
0.0152733
0.0151877
0.0163606
0.016297
0.016389
-0.00098714
0.0025934
0.00205306
0.00582081
0.00633406
0.0100776
-0.0218992
-0.0166325
-0.0162575
-0.0115862
-0.0118704
-0.00724999
-0.0365942
-0.0312857
-0.0300013
-0.0259685
-0.0271839
-0.0239555
-0.0436704
-0.0394144
-0.0379925
-0.0349588
-0.0363789
-0.0345476
-0.0482367
-0.0446228
-0.0434079
-0.0408544
-0.042102
-0.0407986
0.00794866
0.00759512
0.00731356
0.00605048
0.00711289
0.00832708
0.0069961
0.00578091
0.00477209
0.0034391
0.00214691
0.00282907
0.00147399
0.00117946
0
0.015224
0.0158449
0.0162049
0.0155237
0.0160809
0.016269
0.0150346
0.0149985
0.013497
0.0131389
0.012365
0.0115406
0.010851
0.0093156
0.00813265
0.0105875
0.0126778
0.0130822
0.0143002
0.0139208
0.0151851
0.0156412
0.0161298
0.016627
0.0168939
0.0164128
0.0168334
0.016034
-0.0116504
-0.00706364
-0.00278072
-0.00254611
0.00144593
0.00184981
0.00593731
0.00538293
0.00889762
0.00866357
0.00877214
0.0114906
0.0115548
0.013616
-0.0303757
-0.0248731
-0.0194823
-0.0203062
-0.0138721
-0.0125798
-0.00763028
-0.00909954
-0.00415422
-0.00548809
-0.00641902
-0.000681305
-0.00180972
0.00271188
-0.0408058
-0.0359829
-0.0310386
-0.0324401
-0.0258826
-0.0244865
-0.0204252
-0.0218507
-0.0174817
-0.0189798
-0.0204098
-0.0143432
-0.0158833
-0.0110446
-0.0459388
-0.0421266
-0.0380984
-0.0394468
-0.0339731
-0.0327783
-0.0298875
-0.0310115
-0.0278769
-0.0290558
-0.0303461
-0.025633
-0.026886
-0.0231476
-0.0509258
-0.0498445
-0.047305
-0.0462051
-0.0436272
-0.044764
-0.0425148
-0.0399181
-0.0388162
-0.0362625
-0.0373496
-0.0348167
-0.035897
-0.0370382
-0.0333133
-0.0343915
-0.0316873
0.000868151
0.0103867
0.0156094
0.00544999
-0.014392
-0.0310156
-0.0401101
-0.0452444
0.00515831
0.00447123
0.00037234
0.0145409
0.0147193
0.00998615
0.0125014
0.0155813
0.0169214
-0.00414777
0.00345528
0.010757
-0.023648
-0.0130117
-0.00489046
-0.0363689
-0.0260132
-0.0201401
-0.0428631
-0.034436
-0.030701
-0.0477366
-0.040342
-0.0375278
0.00282268
0.0022353
0.00046668
0.0127378
0.0127467
0.0102185
0.0145951
0.0158689
0.0164671
0.000852786
0.00424633
0.00828534
-0.0192195
-0.0141008
-0.00958125
-0.0339275
-0.0286421
-0.0256221
-0.0415695
-0.037209
-0.0354939
-0.0464535
-0.0427517
-0.0414532
0.00776347
0.00744466
0.00469375
0.00720285
0.00704427
0.00457319
0.00205538
0.00239839
0.000649231
0.0155576
0.0160681
0.0147713
0.0162229
0.0157128
0.0141312
0.012571
0.0120363
0.00960588
0.00940255
0.0116824
0.0142539
0.0135592
0.0148644
0.0162257
0.0167167
0.0168242
0.016641
-0.00930513
-0.00489795
-0.000221128
-0.000675906
0.00363909
0.00706186
0.00732861
0.0101643
0.0128084
-0.0275918
-0.0221828
-0.0183289
-0.0167266
-0.0108587
-0.0073061
-0.00904036
-0.00365204
2.86355e-05
-0.038404
-0.0335316
-0.031265
-0.0284931
-0.0231981
-0.020444
-0.0232346
-0.0174585
-0.0142553
-0.0440661
-0.040132
-0.0387358
-0.0360407
-0.0319166
-0.0300592
-0.0326697
-0.0279989
-0.0257155
-0.0491198
-0.045474
-0.0440771
-0.0417711
-0.0380757
-0.0366261
-0.0389449
-0.0351545
-0.0336015
