FiniteElementSpace
FiniteElementCollection: L2_2D_P3
VDim: 1
Ordering: 0

0.000516265
0.000509279
0.00115121
0.00179984
0.000324272
0.000387934
0.000946529
0.0015551
0.000266135
0.000317821
0.000702759
0.00114198
0.000310855
0.000308563
0.000538602
0.000804414
0.00382641
0.00398728
0.00423001
0.00444226
0.00292222
0.00304627
0.00323676
0.00340565
0.00193133
0.00201275
0.00214236
0.00226037
0.00132167
0.00137502
0.00146381
0.00154709
0.00625929
0.00630241
0.00641185
0.00653706
0.00484488
0.0048773
0.00496527
0.00506822
0.00325461
0.00327453
0.00333679
0.00341273
0.00223989
0.0022521
0.00229658
0.00235283
0.00649752
0.00637092
0.00625752
0.00620975
0.00505113
0.00494935
0.00486114
0.00482724
0.00341785
0.00334534
0.00328627
0.00326787
0.00236976
0.00231787
0.00227819
0.00226903
0.0044773
0.00428223
0.00405864
0.00391011
0.00347201
0.00331746
0.0031429
0.0030291
0.00234966
0.00224218
0.00212418
0.00205015
0.00164085
0.00156507
0.00148443
0.00143617
0.00196718
0.00182661
0.00165672
0.00153645
0.0015205
0.00141063
0.00127933
0.00118754
0.00103519
0.000959981
0.000872155
0.000812389
0.000740749
0.000687787
0.000627713
0.000588305
0.000467977
0.000414814
0.000350759
0.000305657
0.000366393
0.00032492
0.000275519
0.000241165
0.000262365
0.000233503
0.000199968
0.000177292
0.000205418
0.000184049
0.000160007
0.000144369
3.34799e-05
2.63176e-05
1.8301e-05
1.31579e-05
2.93592e-05
2.3363e-05
1.6718e-05
1.24923e-05
2.71674e-05
2.22133e-05
1.68344e-05
1.34823e-05
2.81223e-05
2.35233e-05
1.8635e-05
1.56593e-05
0.0023919
0.00256215
0.00280851
0.00301654
0.00183469
0.00195612
0.0021357
0.0022901
0.00123105
0.00130043
0.00140832
0.00150473
0.000866609
0.00090489
0.000969523
0.00103059
0.00018406
0.000183428
0.000183437
0.000184167
0.000300622
0.00029785
0.000293636
0.000290019
0.000631185
0.000634102
0.000635591
0.000634742
0.00101993
0.00103683
0.00105554
0.00106656
0.000547234
0.000384921
0.000259807
0.000210137
0.000520514
0.000379861
0.00031027
0.000314316
0.000450569
0.000366091
0.000447449
0.000599619
0.000404234
0.000369599
0.000614864
0.000935985
0.00521348
0.00533292
0.00553305
0.00572137
0.00401352
0.00410569
0.00426421
0.00441589
0.00267705
0.00273744
0.00284691
0.002955
0.00183534
0.0018749
0.00195102
0.00202861
8.36541e-05
7.71246e-05
6.81933e-05
6.08089e-05
0.000176537
0.00017203
0.000161177
0.000148808
0.000652981
0.000662833
0.000662667
0.00065205
0.00132466
0.00135572
0.00137578
0.00137457
0.00015143
0.000141779
0.000130986
0.000123833
0.000251599
0.000243827
0.000232187
0.000221826
0.000644074
0.00065222
0.000656268
0.000653725
0.00116566
0.00119811
0.00122965
0.0012445
0.00671748
0.00667081
0.00666596
0.0067052
0.00521626
0.00517769
0.00517546
0.00521063
0.00352109
0.00349215
0.00349253
0.00352206
0.00243315
0.00241161
0.00241338
0.00243769
1.74047e-05
2.02991e-05
2.15685e-05
2.07581e-05
8.32384e-05
8.89933e-05
8.8476e-05
8.20703e-05
0.000617359
0.000628636
0.000624458
0.000606957
0.00141846
0.00143486
0.00142662
0.00139781
3.38002e-05
3.2213e-05
2.80435e-05
2.31718e-05
0.00011335
0.000113992
0.000107386
9.65495e-05
0.000639518
0.000650684
0.000647588
0.000631463
0.00141081
0.00143636
0.0014421
0.0014249
0.00567984
0.00550118
0.00531032
0.00519557
0.00441268
0.00427018
0.00412088
0.00403378
0.00298727
0.00288715
0.00278605
0.00273062
0.00207748
0.00200649
0.0019375
0.00190237
7.48463e-05
7.97781e-05
8.65213e-05
9.22535e-05
0.000127872
0.000135387
0.000141368
0.000143376
0.000564408
0.000566398
0.00055775
0.000543131
0.00121592
0.00120516
0.00117293
0.00113529
3.51241e-05
4.03622e-05
4.56699e-05
4.88603e-05
9.23525e-05
0.000100756
0.000105123
0.000103715
0.000594589
0.000602859
0.000597284
0.000580969
0.00135191
0.0013555
0.00133426
0.00129892
0.00315901
0.00298024
0.0027679
0.00262049
0.00244437
0.00230373
0.00213873
0.00202583
0.00165553
0.00155863
0.0014477
0.00137405
0.00116542
0.00109733
0.00102161
0.000973258
0.000148667
0.000147614
0.000149715
0.000154093
0.000188718
0.000187446
0.000187473
0.000188946
0.000436563
0.000424405
0.000407835
0.000394934
0.000789911
0.00076014
0.000718826
0.000685832
0.000118362
0.000120841
0.000126264
0.000132345
0.000166932
0.000170646
0.000174739
0.000177592
0.000513952
0.000508248
0.000495349
0.00048183
0.00102115
0.000998202
0.000958732
0.000922073
0.00105557
0.000960994
0.000846196
0.000764602
0.000817851
0.000744232
0.000655847
0.000593775
0.000565323
0.000514893
0.000455745
0.000415296
0.00041758
0.000381565
0.000340594
0.000313598
0.000137995
0.000131397
0.000126391
0.000125183
0.000152389
0.000144581
0.000137639
0.000134703
0.000233831
0.000218849
0.000202418
0.000192158
0.000346482
0.000321413
0.000292008
0.000271993
0.000155498
0.000151071
0.000149207
0.000150743
0.000183031
0.00017749
0.000173279
0.000172375
0.000337989
0.000322592
0.000304643
0.00029264
0.000554222
0.000524164
0.000486698
0.000459551
0.000157977
0.000134385
0.000106578
8.75159e-05
0.000127342
0.000108643
8.68713e-05
7.21415e-05
9.85323e-05
8.48922e-05
6.94226e-05
5.92598e-05
8.54997e-05
7.46088e-05
6.26405e-05
5.50686e-05
6.44888e-05
5.85273e-05
5.26407e-05
4.94224e-05
6.38776e-05
5.76851e-05
5.1459e-05
4.79602e-05
7.24552e-05
6.4595e-05
5.62854e-05
5.12723e-05
8.61926e-05
7.59904e-05
6.48138e-05
5.77581e-05
0.000103737
9.66901e-05
9.03167e-05
8.74251e-05
0.000108182
0.000100365
9.28771e-05
8.90609e-05
0.000141489
0.000129572
0.000116836
0.000109097
0.000188581
0.000171051
0.000151272
0.00013837
2.27548e-06
1.4717e-06
7.13274e-07
3.47976e-07
2.76372e-06
1.83135e-06
9.13205e-07
4.28256e-07
4.09667e-06
2.90566e-06
1.70577e-06
1.03499e-06
5.68012e-06
4.19233e-06
2.69646e-06
1.85084e-06
9.14236e-06
7.24978e-06
5.30788e-06
4.15876e-06
8.26557e-06
6.4971e-06
4.68907e-06
3.62567e-06
7.30995e-06
5.63144e-06
3.92781e-06
2.94021e-06
6.72131e-06
5.06061e-06
3.39029e-06
2.43946e-06
3.08461e-05
2.68258e-05
2.26584e-05
2.01773e-05
2.9219e-05
2.52912e-05
2.12127e-05
1.87814e-05
2.92127e-05
2.49778e-05
2.05206e-05
1.78244e-05
3.07613e-05
2.59684e-05
2.08545e-05
1.77171e-05
0.00167124
0.0018261
0.0020643
0.00226985
0.00139697
0.00148734
0.00162753
0.00175106
0.00102916
0.00106799
0.00113253
0.00119255
0.000760243
0.00078234
0.00081929
0.000854306
0.000595968
0.000620893
0.00065919
0.000692335
0.000362892
0.00037651
0.000399985
0.000422463
0.000182101
0.000185764
0.000195379
0.000206724
0.000146063
0.000147766
0.00015443
0.000163177
0.000353404
0.00031325
0.00045018
0.000637488
0.000436253
0.000338938
0.000343574
0.000410592
0.000517203
0.000371095
0.000266511
0.000232325
0.000547066
0.000387748
0.000255979
0.000196489
0.00454227
0.00468791
0.00491659
0.00512254
0.00348429
0.00359668
0.00377686
0.00394159
0.00231421
0.002388
0.00251137
0.00262744
0.00158463
0.00163302
0.00171806
0.00180055
0.00125244
0.001289
0.00135601
0.00142261
0.000731137
0.000748249
0.00078589
0.000826852
0.000283869
0.000283287
0.000291629
0.000305161
0.000133106
0.000125587
0.000119315
0.000117098
0.00104636
0.00108658
0.00115611
0.00122291
0.000617389
0.000636489
0.000675024
0.000715365
0.00026123
0.000260937
0.000269023
0.000281873
0.000155317
0.000147081
0.000140333
0.000138121
0.00657158
0.00656999
0.00662343
0.00670722
0.00509618
0.00509329
0.00513715
0.00520755
0.00343278
0.00342846
0.00346057
0.00351435
0.00236747
0.002363
0.00238677
0.00242785
0.00187541
0.00187074
0.00189041
0.00192539
0.00108937
0.00108355
0.00109619
0.00112154
0.000372145
0.000367562
0.000372509
0.000384798
8.04436e-05
7.9204e-05
7.95981e-05
8.15021e-05
0.00177222
0.00178071
0.00181665
0.0018635
0.00102718
0.00102883
0.00105049
0.0010823
0.000353018
0.000350042
0.000356783
0.000370241
8.50881e-05
8.2339e-05
8.09283e-05
8.15148e-05
0.00615242
0.00599555
0.00583834
0.00575352
0.00478225
0.00465669
0.00453386
0.00447051
0.0032373
0.00314855
0.0030656
0.00302669
0.00224791
0.00218475
0.00212839
0.00210486
0.0017902
0.00173898
0.00169498
0.00167853
0.00105811
0.00102579
0.00100174
0.000997019
0.000388378
0.000376836
0.000372132
0.000376435
0.000113396
0.000114381
0.000118672
0.000124475
0.00188461
0.00184233
0.00181161
0.00180667
0.00110788
0.00108058
0.0010643
0.00106653
0.000394851
0.000384776
0.000382399
0.00038884
9.96967e-05
0.000100763
0.000104729
0.000109941
0.00381597
0.0036255
0.00340261
0.00325063
0.00295584
0.00280546
0.00263183
0.00251533
0.00200053
0.00189646
0.00177938
0.0017034
0.00140165
0.00132842
0.00124846
0.00119871
0.00112646
0.00106762
0.00100481
0.000967035
0.000690339
0.000654378
0.000618866
0.000600101
0.000306354
0.00029292
0.00028307
0.000281279
0.000164036
0.000161634
0.000163021
0.00016763
0.00131443
0.00125346
0.00119014
0.0011537
0.000795743
0.000758379
0.000722768
0.000705251
0.000332954
0.000319425
0.000310197
0.000309471
0.000154896
0.000153648
0.00015629
0.000161719
0.00147109
0.0013534
0.00121066
0.00110923
0.00113768
0.00104593
0.000935868
0.000858604
0.000779111
0.000716367
0.000642806
0.000592517
0.000565019
0.000520612
0.000470073
0.000436767
0.000467429
0.000431492
0.000391429
0.000365725
0.000313259
0.000290536
0.000266748
0.000252797
0.000188534
0.000177488
0.000167886
0.000164048
0.000154346
0.000147698
0.00014321
0.00014286
0.000606342
0.00056368
0.000516285
0.00048604
0.000394352
0.000367834
0.000340237
0.000324223
0.000218126
0.000206299
0.00019636
0.000192792
0.000164131
0.000158301
0.000155155
0.000156087
0.00028355
0.000246864
0.000203045
0.000172517
0.000224465
0.00019569
0.000161727
0.000138366
0.000165826
0.000145438
0.000121986
0.000106316
0.000135715
0.000120141
0.000102798
9.16547e-05
0.000121727
0.000108395
9.38096e-05
8.46428e-05
9.79203e-05
8.81228e-05
7.78826e-05
7.18319e-05
8.27368e-05
7.55785e-05
6.86148e-05
6.49364e-05
8.37017e-05
7.70013e-05
7.06452e-05
6.7433e-05
0.000179296
0.000161391
0.000141632
0.000129089
0.000136526
0.000124021
0.000110925
0.000103191
0.000106421
9.81826e-05
9.03686e-05
8.64584e-05
0.000103761
9.65747e-05
9.00822e-05
8.71431e-05
1.10505e-05
8.03844e-06
4.84909e-06
2.95796e-06
1.0768e-05
8.03356e-06
5.13883e-06
3.40877e-06
1.18854e-05
9.2817e-06
6.54169e-06
4.8995e-06
1.39686e-05
1.12299e-05
8.3757e-06
6.6774e-06
1.46721e-05
1.19168e-05
9.0312e-06
7.29601e-06
1.51531e-05
1.249e-05
9.71069e-06
8.04039e-06
1.65216e-05
1.3794e-05
1.09562e-05
9.25187e-06
1.81811e-05
1.52511e-05
1.21999e-05
1.0364e-05
2.82622e-05
2.38721e-05
1.92188e-05
1.63881e-05
2.73978e-05
2.3451e-05
1.93223e-05
1.68448e-05
2.83184e-05
2.45302e-05
2.06116e-05
1.82873e-05
3.0685e-05
2.66848e-05
2.25428e-05
2.00808e-05
0.003114
0.00327707
0.00351718
0.00372315
0.00236564
0.00249098
0.00267847
0.00284142
0.00155521
0.00163703
0.00176355
0.00187637
0.00106527
0.00111853
0.00120449
0.00128352
0.000847795
0.000887269
0.000953674
0.00101643
0.00050894
0.000527674
0.00056398
0.000601252
0.000238479
0.000238784
0.000246725
0.000258785
0.000173234
0.000166146
0.000160796
0.000159713
0.000700131
0.000726969
0.000774431
0.000820677
0.000428037
0.000440621
0.000466252
0.000493297
0.000211938
0.000214435
0.000222988
0.000233903
0.000168038
0.000168007
0.000170257
0.000174013
0.000181564
0.000172556
0.000163254
0.000157823
0.000286067
0.000277898
0.000267213
0.00025879
0.00063478
0.000640766
0.000645128
0.000645289
0.00107554
0.00110474
0.00113684
0.00115584
0.00135927
0.00140716
0.00146187
0.0014967
0.00202619
0.00211644
0.00222472
0.00229927
0.00321715
0.00338779
0.00359925
0.00375123
0.00440775
0.00466246
0.0049837
0.00521939
0.00125246
0.00128127
0.00131705
0.00134187
0.00175379
0.00182658
0.00191923
0.00198733
0.00258759
0.00275356
0.0029697
0.00313334
0.00337323
0.00364344
0.00400042
0.00427533
0.000159454
0.000162207
0.000170127
0.000179681
0.000260393
0.000270829
0.000286699
0.000300644
0.000551406
0.000577575
0.000612567
0.000639453
0.000907093
0.000944086
0.000994822
0.00103309
0.00114323
0.00118125
0.00122777
0.00126236
0.00155146
0.00160326
0.0016726
0.00172676
0.00204467
0.00217136
0.00234605
0.00248523
0.00235692
0.00258869
0.00292276
0.00319361
0.000379819
0.000375789
0.000738775
0.00117534
0.000388477
0.000440746
0.00103285
0.00175699
0.00075819
0.000659881
0.00144459
0.0023972
0.00154008
0.000985006
0.00177587
0.00267653
0.00579762
0.00588203
0.00604148
0.00620228
0.00447659
0.00454146
0.00466854
0.00479918
0.00299728
0.00303931
0.00312796
0.00322242
0.00205853
0.00208579
0.00214813
0.00221684
0.00162719
0.00164745
0.00169728
0.00175373
0.000942613
0.000950845
0.000979968
0.0010167
0.000330738
0.000328981
0.00033688
0.000350909
9.59556e-05
9.15149e-05
8.82374e-05
8.75988e-05
0.0014501
0.0014799
0.00154026
0.00160339
0.000841715
0.000855182
0.000889692
0.000929484
0.0003072
0.000306214
0.000314598
0.000328604
0.000112444
0.000106327
0.000101341
9.97146e-05
5.51891e-05
5.10489e-05
4.42665e-05
3.78532e-05
0.000141961
0.000139868
0.000130734
0.000118662
0.000648369
0.000658897
0.000656944
0.00064304
0.00137772
0.00140644
0.00141938
0.00140978
0.00189437
0.00193605
0.00196133
0.0019575
0.0031294
0.00319845
0.00325443
0.00327031
0.00541185
0.00553473
0.0056517
0.0057069
0.0077662
0.0079452
0.00812862
0.00822911
0.0017942
0.00184071
0.0018771
0.00188527
0.00291186
0.00299263
0.00306936
0.00310511
0.00496486
0.00511176
0.00526729
0.00535731
0.00707088
0.00728673
0.00752709
0.00767765
0.000116798
0.000108328
9.79762e-05
9.03165e-05
0.000213991
0.000207588
0.000195951
0.000184231
0.000651485
0.000660671
0.000662755
0.000656179
0.0012526
0.0012851
0.00131173
0.00131905
0.00166575
0.00171545
0.0017615
0.00178117
0.00264425
0.00273313
0.00282674
0.00288013
0.00442981
0.0045929
0.00477777
0.00489644
0.00625035
0.00649027
0.006772
0.00696177
0.00151572
0.00156653
0.00161968
0.00164914
0.00234098
0.00243382
0.00253914
0.00260652
0.00383632
0.00400754
0.00421151
0.00435133
0.00535091
0.00560269
0.00591009
0.00612739
0.00669105
0.00660185
0.00654021
0.00653465
0.00519993
0.00512769
0.00508048
0.00508011
0.00351531
0.00346313
0.00343241
0.00343732
0.00243346
0.00239574
0.00237585
0.002383
0.00193271
0.00190167
0.00188672
0.0018948
0.00113085
0.00110995
0.00110283
0.00111278
0.00039413
0.000385811
0.000385966
0.000394572
8.8706e-05
8.94305e-05
9.2611e-05
9.69275e-05
0.00192993
0.00191174
0.00191401
0.00193572
0.0011247
0.00111115
0.00111393
0.00113179
0.000386308
0.000379882
0.000382558
0.000393176
8.18937e-05
8.18399e-05
8.38051e-05
8.69892e-05
2.25241e-05
2.6918e-05
3.04817e-05
3.1778e-05
8.33166e-05
9.08131e-05
9.30573e-05
8.92338e-05
0.000606182
0.000616409
0.000611699
0.00059461
0.00139421
0.00140458
0.00138968
0.00135701
0.00196402
0.00197256
0.00194989
0.00190725
0.00333703
0.00333559
0.00329442
0.0032334
0.00589986
0.00587926
0.00580207
0.00570517
0.00856418
0.00852027
0.00840402
0.00827084
0.00199757
0.0020161
0.00200504
0.00196984
0.0033919
0.00340996
0.00339259
0.00334817
0.00599491
0.00601279
0.00598363
0.00592138
0.00870258
0.00871778
0.00867606
0.00859731
2.1023e-05
2.18635e-05
2.04734e-05
1.75374e-05
9.32881e-05
9.66611e-05
9.30624e-05
8.42116e-05
0.000628651
0.000640165
0.000636424
0.000619156
0.00142419
0.00144566
0.00144431
0.00142066
0.00199727
0.00202483
0.00202592
0.00199986
0.00337493
0.00341189
0.00341953
0.00339412
0.00594256
0.00599886
0.00602033
0.0059967
0.00861032
0.00868534
0.00872235
0.00870369
0.00196267
0.00199801
0.00201135
0.0019959
0.00328619
0.00334043
0.00337295
0.00336802
0.00574442
0.0058365
0.0059078
0.00592423
0.0082912
0.00842221
0.00853621
0.00857887
0.00511016
0.00491879
0.00470569
0.00456951
0.00396686
0.00381472
0.00364811
0.00354405
0.00268502
0.00257869
0.00246587
0.00239863
0.00187064
0.00179547
0.00171837
0.00167494
0.00149488
0.00143428
0.00137378
0.0013413
0.000896239
0.000858886
0.00082506
0.000810277
0.000356338
0.000343059
0.000334878
0.000335527
0.00014253
0.000142287
0.000145876
0.000151795
0.00165705
0.00159967
0.00154562
0.00151985
0.000985735
0.000950032
0.000920065
0.000909577
0.000375219
0.000362597
0.000355929
0.000358269
0.000128205
0.000128731
0.000132888
0.000138933
9.72979e-05
0.000101213
0.000107612
0.000113805
0.000148437
0.000154323
0.000159743
0.000162502
0.000542392
0.000540546
0.000529825
0.000515848
0.00112479
0.00110743
0.00107098
0.00103347
0.00153499
0.00150483
0.00144895
0.00139465
0.00251884
0.00245469
0.00235148
0.00225866
0.00432717
0.0041978
0.00400459
0.0038394
0.00617601
0.0059763
0.00568816
0.00544828
0.00167943
0.00165752
0.00160723
0.00155328
0.0027938
0.0027411
0.00264688
0.0025564
0.00485328
0.00474094
0.0045622
0.0044022
0.0069712
0.00679341
0.00652457
0.00629242
5.33205e-05
5.8724e-05
6.5108e-05
6.98169e-05
0.000108152
0.00011655
0.000122191
0.000122783
0.000581244
0.000586703
0.000579813
0.000564382
0.00129216
0.00128855
0.00126147
0.00122452
0.00180197
0.00178968
0.001747
0.00169503
0.00302955
0.00299167
0.00291116
0.00282678
0.00530879
0.00522107
0.00506709
0.0049203
0.00766426
0.00752079
0.00728779
0.00707611
0.00189801
0.00189607
0.00186273
0.00181451
0.00321393
0.00319347
0.0031309
0.00305641
0.00566554
0.00560899
0.00548938
0.00536385
0.00820856
0.00811055
0.00792921
0.00775091
0.00253513
0.00237359
0.00217969
0.00204345
0.00196005
0.0018334
0.00168315
0.00157897
0.00132987
0.00124295
0.00114221
0.00107431
0.000942531
0.000881441
0.000812668
0.000768006
0.000765358
0.000716264
0.000662151
0.000628006
0.000485773
0.000455581
0.000424496
0.000406787
0.000248053
0.00023554
0.000225412
0.000222251
0.000169075
0.000164286
0.000162655
0.000164916
0.000940727
0.000886042
0.00082654
0.000789696
0.00058552
0.000552068
0.000518202
0.000499469
0.000277722
0.000264653
0.000254531
0.000251946
0.00016897
0.000165356
0.00016528
0.000168803
0.000155299
0.000152464
0.000152567
0.000155589
0.000189428
0.00018583
0.000183636
0.000183955
0.000389098
0.000374852
0.000357235
0.000344701
0.000670468
0.000639764
0.000599716
0.000569416
0.000857961
0.000815465
0.000759611
0.000716963
0.00129927
0.00122795
0.0011341
0.00106209
0.00209353
0.00196956
0.00180711
0.00168277
0.00288542
0.00270799
0.00247664
0.00230032
0.00102913
0.000986372
0.000927293
0.000880172
0.00159564
0.00152065
0.00141863
0.00133799
0.00261941
0.00248479
0.00230429
0.00216318
0.00364604
0.00345004
0.00318974
0.00298794
0.000136013
0.000136783
0.00014072
0.000146163
0.000180929
0.000182173
0.000184383
0.000186759
0.000478566
0.000469326
0.000454395
0.000441202
0.000908235
0.000881069
0.000839942
0.000804807
0.00120339
0.00116258
0.0011023
0.0010516
0.00190599
0.0018307
0.00172395
0.00163654
0.00318236
0.00304248
0.00284963
0.00269513
0.0044705
0.00426313
0.00398165
0.00375911
0.00137422
0.00133765
0.00127841
0.00122525
0.00221823
0.00214649
0.00203917
0.00194752
0.00376043
0.00362199
0.0034244
0.00326141
0.00532714
0.00511791
0.00482622
0.00459019
0.000722515
0.000649817
0.000561766
0.000499368
0.000561925
0.000505336
0.000437556
0.0003901
0.00039397
0.000355
0.000309428
0.000278377
0.000298342
0.000270107
0.00023811
0.000217122
0.000254701
0.000231415
0.000205554
0.000189019
0.000184672
0.000169076
0.000152716
0.000143055
0.000132244
0.000122993
0.000114453
0.000110441
0.000123075
0.000115723
0.000109499
0.000107144
0.000350259
0.000320892
0.000288161
0.000267153
0.000243371
0.000224339
0.00020437
0.000192598
0.000159761
0.000149574
0.00014044
0.000136453
0.000140338
0.000133169
0.000127626
0.000126153
0.000122258
0.000115216
0.000109278
0.00010706
0.000131106
0.000123035
0.000115549
0.000112009
0.000185262
0.000171581
0.000156809
0.000147741
0.000260554
0.000239124
0.000214514
0.000198145
0.000306599
0.000280142
0.000249138
0.000228017
0.000411031
0.000372938
0.000327043
0.000294775
0.000601819
0.000543089
0.000471107
0.000419543
0.000790949
0.000712079
0.000614843
0.000544752
0.00041726
0.000385486
0.000347462
0.000320972
0.000579722
0.000532211
0.000473926
0.000432165
0.000873108
0.000797615
0.000703726
0.000635443
0.00116312
0.00106013
0.000931551
0.000837636
0.000149476
0.000143764
0.000140148
0.000140227
0.00017025
0.000163285
0.00015745
0.000155419
0.000285457
0.000269847
0.000252312
0.000241063
0.00044514
0.00041707
0.000383259
0.000359593
0.000547721
0.000511167
0.000466321
0.00043427
0.000785488
0.000728754
0.00065775
0.000605835
0.00121276
0.00111991
0.00100264
0.000915999
0.00163543
0.00150678
0.00134401
0.00122355
0.000695836
0.000655545
0.000604587
0.000567054
0.00102679
0.000961838
0.000878654
0.000816448
0.00162115
0.00151164
0.00137092
0.00126521
0.00221094
0.00205676
0.00185891
0.0017104
7.8744e-05
6.48909e-05
4.8886e-05
3.81846e-05
6.54277e-05
5.42378e-05
4.14654e-05
3.30324e-05
5.42931e-05
4.57397e-05
3.62211e-05
3.01087e-05
5.08715e-05
4.36025e-05
3.57386e-05
3.08537e-05
4.89854e-05
4.23522e-05
3.52481e-05
3.08844e-05
4.45516e-05
3.90132e-05
3.32295e-05
2.97855e-05
4.3392e-05
3.84945e-05
3.35133e-05
3.06467e-05
4.62051e-05
4.11774e-05
3.60775e-05
3.31508e-05
7.92399e-05
6.96517e-05
5.92704e-05
5.282e-05
6.76693e-05
6.01894e-05
5.2381e-05
4.77564e-05
6.16109e-05
5.55777e-05
4.95694e-05
4.62449e-05
6.41551e-05
5.82007e-05
5.23351e-05
4.91417e-05
4.64642e-05
4.14145e-05
3.62827e-05
3.33291e-05
4.49656e-05
3.98837e-05
3.46793e-05
3.16536e-05
4.77776e-05
4.18458e-05
3.55908e-05
3.18141e-05
5.35143e-05
4.63101e-05
3.85223e-05
3.36773e-05
5.58778e-05
4.7984e-05
3.93655e-05
3.39451e-05
6.00993e-05
5.07855e-05
4.03573e-05
3.36071e-05
7.23625e-05
6.01857e-05
4.62477e-05
3.70104e-05
8.66536e-05
7.15853e-05
5.41651e-05
4.25031e-05
9.32161e-05
8.16434e-05
6.87817e-05
6.0524e-05
0.0001078
9.3253e-05
7.66222e-05
6.55902e-05
0.000139264
0.000119176
9.5683e-05
7.9709e-05
0.000172598
0.000147061
0.000116905
9.61899e-05
8.39917e-05
7.73317e-05
7.09985e-05
6.77829e-05
8.52995e-05
7.81522e-05
7.11223e-05
6.73372e-05
0.000103695
9.37855e-05
8.32655e-05
7.69073e-05
0.00013072
0.000117018
0.000101796
9.20349e-05
0.000145857
0.000129835
0.000111723
9.98652e-05
0.000178823
0.000157619
0.000132932
0.000116211
0.000243289
0.000212739
0.000176388
0.000151176
0.000308949
0.000269296
0.000221699
0.000188378
0.000216375
0.000195299
0.000171055
0.000154872
0.000278411
0.000249255
0.000214723
0.000190887
0.000394379
0.000350845
0.00029825
0.000261152
0.000510323
0.000452804
0.000382794
0.000333017
2.15015e-07
1.5495e-07
1.20027e-07
1.27265e-07
2.80069e-07
1.91112e-07
1.10859e-07
1.12403e-07
7.44894e-07
5.0419e-07
3.0415e-07
3.01109e-07
1.42253e-06
9.15741e-07
5.61807e-07
5.63136e-07
1.71958e-06
1.12122e-06
5.85727e-07
4.42137e-07
2.11088e-06
1.3399e-06
6.13399e-07
3.2745e-07
2.70395e-06
1.70291e-06
7.40123e-07
2.90951e-07
3.21036e-06
2.04845e-06
9.19578e-07
3.58424e-07
6.24013e-06
4.68132e-06
3.11745e-06
2.22899e-06
6.94412e-06
5.33993e-06
3.7138e-06
2.77174e-06
8.07229e-06
6.34048e-06
4.56987e-06
3.52788e-06
9.09433e-06
7.20806e-06
5.27134e-06
4.12412e-06
3.24142e-06
2.07252e-06
9.3789e-07
3.71156e-07
2.78913e-06
1.76347e-06
7.8166e-07
3.19514e-07
2.25846e-06
1.4447e-06
6.84583e-07
3.76882e-07
1.90702e-06
1.25516e-06
6.78226e-07
5.07395e-07
1.62818e-06
1.06403e-06
6.69397e-07
6.49397e-07
8.92702e-07
6.03946e-07
3.69159e-07
3.48444e-07
3.6799e-07
2.44251e-07
1.36447e-07
1.25939e-07
2.63328e-07
1.78922e-07
1.24446e-07
1.257e-07
6.21497e-06
4.61237e-06
2.99794e-06
2.08359e-06
4.60313e-06
3.28488e-06
1.95332e-06
1.2063e-06
3.24975e-06
2.17558e-06
1.11083e-06
5.4169e-07
2.73732e-06
1.78636e-06
8.75983e-07
4.24217e-07
1.82681e-05
1.53257e-05
1.22608e-05
1.0416e-05
1.69562e-05
1.41501e-05
1.12272e-05
9.46986e-06
1.60129e-05
1.3189e-05
1.02349e-05
8.45553e-06
1.58375e-05
1.28592e-05
9.73068e-06
7.84394e-06
1.52674e-05
1.22812e-05
9.15569e-06
7.28677e-06
1.32908e-05
1.03968e-05
7.33694e-06
5.49281e-06
1.22954e-05
9.22452e-06
5.95797e-06
3.99243e-06
1.26391e-05
9.26179e-06
5.66992e-06
3.52456e-06
3.08928e-05
2.58522e-05
2.04554e-05
1.71382e-05
3.03005e-05
2.4825e-05
1.88473e-05
1.50949e-05
3.2928e-05
2.63078e-05
1.89486e-05
1.42479e-05
3.7349e-05
2.94794e-05
2.06598e-05
1.49872e-05
