FiniteElementSpace
FiniteElementCollection: H1_2D_P2
VDim: 2
Ordering: 0

0
1.06835
2.14398
3.12773
3.93039
4.5342
4.99112
5.37389
5.7369
0
0.920174
1.77491
2.5337
3.16438
3.66715
4.07754
4.44467
4.80556
0.527422
0.99689
0.468476
0
1.61089
1.9694
1.35698
2.65404
2.84766
2.16881
3.55485
3.56566
2.86599
4.25503
4.1144
3.43018
4.77636
4.54148
3.88081
5.18769
4.91139
4.26368
5.55567
5.27148
4.62457
0.498859
1.48986
2.42533
3.2289
3.85913
4.33901
4.72998
5.0908
0.260513
0.514843
0.249518
0
1.34003
1.55273
1.24447
1.03471
2.40276
2.5426
2.20097
2.05933
3.34756
3.39506
3.04374
2.99081
4.09883
4.05987
3.71757
3.75111
4.65931
4.55943
4.23
4.32662
5.09115
4.95945
4.63701
4.76745
5.46504
5.32322
5.0011
5.14285
0.797119
0.748099
0.957562
0.696064
0.48219
0.237123
0
1.87944
1.73193
1.87454
1.56862
1.42395
1.14063
2.89617
2.64125
2.69631
2.35515
2.30128
1.9752
3.74916
3.40287
3.37132
3.01941
3.05379
2.70406
4.39981
3.99111
3.89539
3.55196
3.6503
3.30117
4.88657
4.44248
4.3119
3.98088
4.11338
3.7765
5.28167
4.82121
4.6788
4.35452
4.4983
4.17157
5.64624
5.50413
5.18082
5.0386
4.71491
4.85798
4.53456
0.255677
1.29447
2.30465
3.19882
3.91115
4.4467
4.86495
5.23314
0.774593
0.720603
0.243076
1.80817
1.6517
1.19227
2.77173
2.5032
2.09141
3.57917
3.21755
2.87999
4.19803
3.77669
3.5154
4.66597
4.21459
4.0073
5.05183
4.58896
4.40619
5.41346
4.94802
4.76833
0.128639
0.258487
0.126871
0
1.20422
1.31793
1.1647
1.05221
2.27424
2.35439
2.18282
2.10234
3.23922
3.27387
3.09625
3.05995
4.01622
4.00559
3.83259
3.84138
4.59785
4.5534
4.38765
4.43086
5.04163
4.97819
4.81664
4.87949
5.41955
5.34906
5.18805
5.25836
0.662008
0.786528
0.644646
0.52178
0.623502
0.7343
0.601521
0.490495
0.124789
0.246299
0.12259
0
1.74558
1.84449
1.68089
1.5825
1.61138
1.69225
1.53837
1.45719
1.12089
1.21851
1.07524
0.977244
2.77639
2.83464
2.65835
2.599
2.53441
2.57329
2.40328
2.36424
2.086
2.14696
1.98377
1.92258
3.65369
3.66481
3.48865
3.47562
3.31728
3.31153
3.13692
3.14265
2.94703
2.96312
2.78935
2.77317
4.32881
4.29943
4.13021
4.158
3.92626
3.88499
3.71451
3.7559
3.64294
3.61774
3.44454
3.4698
4.83225
4.77654
4.6134
4.66823
4.39137
4.32917
4.16453
4.22695
4.17309
4.11952
3.95213
4.00588
5.23494
5.16678
5.00586
5.07365
4.77577
4.70533
4.54377
4.61447
4.58962
4.52202
4.35937
4.42722
5.60093
5.52981
5.36831
5.4394
5.13576
5.06445
4.90294
4.97446
4.95627
4.88483
4.72358
4.79526
0.393556
0.385169
0.507052
0.374196
0.252688
0
1.47567
1.42386
1.52179
1.36751
1.2699
1.01617
2.52949
2.42464
2.48474
2.31412
2.25352
2.015
3.45287
3.29845
3.31291
3.1377
3.12219
2.92012
4.17844
3.98689
3.96034
3.7896
3.81525
3.6593
4.71878
4.50392
4.44976
4.28526
4.33898
4.22121
5.13979
4.91252
4.84494
4.68377
4.75127
4.65484
5.51038
5.27818
5.20704
5.04593
5.11718
5.02722
0.932618
0.904641
0.87259
0.761654
0.839317
0.938402
0.808547
0.707702
0.582713
0.474653
0.36272
0.353271
0.239799
0.120058
0
2.01234
1.93438
1.85131
1.77062
1.76379
1.82533
1.67246
1.61046
1.46341
1.39047
1.30854
1.24934
1.16621
1.03088
3.0134
2.8826
2.74569
2.70732
2.60089
2.61666
2.44539
2.43062
2.26289
2.23625
2.19727
2.07285
2.03422
1.87583
3.84145
3.66665
3.48564
3.49195
3.29566
3.26969
3.0929
3.12036
2.94373
2.96176
2.96813
2.78606
2.79382
2.61989
4.46826
4.26346
4.05378
4.09535
3.83695
3.78258
3.61032
3.6658
3.49192
3.54187
3.58395
3.36659
3.41004
3.23375
4.93948
4.71728
4.49248
4.55468
4.26368
4.19538
4.02958
4.09855
3.93131
3.99807
4.06101
3.82922
3.89304
3.72249
5.32794
5.09747
4.86639
4.93667
4.63395
4.56194
4.39964
4.47204
4.30921
4.38139
4.45247
4.21781
4.2894
4.12483
5.69155
5.62046
5.45873
5.38781
5.22605
5.29714
5.15508
4.99324
4.92209
4.7602
4.8315
4.66968
4.74134
4.81312
4.57952
4.65158
4.48961
0.127833
1.18514
2.22921
3.16841
3.92501
4.49318
4.9293
5.30378
0.65399
0.612456
0.123705
1.71392
1.57524
1.09814
2.71805
2.46984
2.03558
3.57182
3.22842
2.86941
4.23004
3.82153
3.54502
4.72312
4.27865
4.06354
5.12045
4.66005
4.47497
5.48458
5.0194
4.84007
0.38995
0.379814
0.12588
1.45045
1.39615
1.14319
2.47774
2.37012
2.13508
3.37632
3.219
3.02254
4.08324
3.8891
3.73867
4.61171
4.39517
4.28104
5.02626
4.7984
4.70346
5.39424
5.1621
5.07224
0.919303
0.888956
0.63434
0.855929
0.823374
0.591438
0.368468
0.357403
0.121444
1.97405
1.89345
1.64667
1.80808
1.71858
1.50105
1.33823
1.27882
1.0527
2.94868
2.81501
2.59718
2.67441
2.5247
2.33442
2.25655
2.13612
1.93056
3.75468
3.57708
3.4039
3.39197
3.19616
3.04221
3.0542
2.87893
2.70635
4.36634
4.15936
4.02905
3.9464
3.72503
3.60477
3.688
3.47698
3.34095
4.82861
4.60529
4.50288
4.37866
4.14737
4.04882
4.17395
3.94617
3.83854
5.21272
4.98206
4.891
4.75038
4.51705
4.42684
4.56849
4.3356
4.24269
5.5751
5.34239
5.25205
5.10968
4.87675
4.78636
4.92962
4.69642
4.60676
0
0.056472
0.330777
0.878009
1.65342
2.55698
3.50279
4.44821
5.38333
1
1.04825
1.25991
1.68042
2.29436
3.05486
3.91037
4.81849
5.74754
0.009763
0.530055
1.01244
0.5
0.160478
0.769051
1.12887
0.570954
1.25646
1.44396
1.24305
1.95913
1.96574
2.0955
2.79844
2.65965
3.02825
3.70353
3.47365
3.97671
4.6325
4.36008
4.91685
5.56529
5.28199
0.492588
0.619481
0.982062
1.58544
2.36677
3.24604
4.16666
5.09911
0.00431745
0.247199
0.4898
0.25
0.100653
0.384899
0.567653
0.288599
0.442163
0.771247
0.86763
0.544636
1.05401
1.40954
1.4147
1.06218
1.87132
2.22745
2.15936
1.80205
2.79187
3.13461
3.02067
2.67459
3.73998
4.07026
3.9346
3.60119
4.68287
5.00751
4.8658
4.53944
0.0266522
0.505532
0.78247
1.02522
0.747557
1.00836
0.75
0.236966
0.686419
1.00625
1.18785
0.866351
1.08254
0.71656
1.11192
1.46189
1.5558
1.20524
1.34527
1.44343
1.76737
2.12361
2.12504
1.77071
1.81728
2.32448
2.58016
2.92613
2.85392
2.51158
2.47285
3.26541
3.47385
3.80746
3.6901
3.36001
3.26168
4.21282
4.39938
4.72602
4.58844
4.26396
4.13389
5.15025
5.47411
5.33232
5.65658
5.51467
5.1909
5.04981
0.24348
0.329255
0.649601
1.22946
2.01138
2.90344
3.8356
4.77366
0.261705
0.759478
0.744718
0.456485
0.929003
0.817765
0.909058
1.32662
1.09834
1.60092
1.94221
1.61024
2.44891
2.71602
2.31376
3.36738
3.58235
3.14105
4.30494
4.49448
4.03482
5.24097
5.42376
4.95824
0.00318459
0.123212
0.245571
0.125
0.0766254
0.213821
0.30712
0.171449
0.384189
0.544652
0.595009
0.436488
0.964215
1.14053
1.14412
0.968867
1.76146
1.94026
1.90578
1.72661
2.67418
2.8468
2.78867
2.61486
3.62143
3.78724
3.71834
3.55136
4.56563
4.72803
4.65659
4.49352
0.0166547
0.143148
0.252995
0.127576
0.497711
0.631155
0.752234
0.618824
0.493132
0.616122
0.74643
0.625
0.196513
0.345527
0.418647
0.271518
0.651028
0.805948
0.895898
0.741209
0.547148
0.691094
0.798527
0.65477
0.641626
0.811575
0.838171
0.669864
1.04511
1.21766
1.26417
1.09195
0.816357
0.981226
1.05046
0.88587
1.34188
1.52101
1.50391
1.3251
1.6751
1.85376
1.85516
1.67688
1.33395
1.51112
1.5345
1.35768
2.20946
2.38572
2.33758
2.16043
2.47279
2.64765
2.61304
2.43861
2.05828
2.23585
2.21767
2.0405
3.14677
3.31569
3.25083
3.08065
3.35968
3.52801
3.4708
3.30287
2.90911
3.08063
3.03304
2.86196
4.09486
4.25849
4.18761
4.02302
4.28295
4.44696
4.37908
4.21532
3.81892
3.9847
3.92089
3.75545
5.03361
5.19551
5.12429
4.96202
5.21573
5.37807
5.30731
5.14504
4.74914
4.91206
4.84206
4.67929
0.00567776
0.24411
0.368788
0.48999
0.365627
0.375
0.128471
0.355132
0.500809
0.591736
0.447129
0.408072
0.504326
0.708356
0.875247
0.922896
0.757186
0.655411
1.14694
1.31799
1.49632
1.49859
1.32083
1.15801
1.9827
2.11865
2.29629
2.26225
2.08447
1.87959
2.90992
3.01878
3.18983
3.13301
2.96149
2.73587
3.85842
3.95292
4.11822
4.05052
3.8848
3.65201
4.79994
4.89063
5.05324
4.98246
4.81962
4.58582
0.0398097
0.273513
0.516244
0.382444
0.769518
0.913493
1.03541
0.890734
1.01765
0.878767
0.745165
1.00943
0.875704
1.00623
0.875
0.281599
0.498459
0.725762
0.570036
0.965801
1.13071
1.22228
1.0561
1.15679
0.995381
0.840359
1.1042
0.948082
1.06397
0.795302
0.983765
1.18242
1.00912
1.39258
1.56933
1.61659
1.43916
1.49831
1.32238
1.14998
1.39301
1.21948
1.30097
1.54729
1.70036
1.86211
1.68306
2.03175
2.20825
2.20853
2.03262
2.04412
1.86694
1.68904
1.89015
1.7122
1.7474
2.44035
2.56129
2.68875
2.51381
2.82042
2.99054
2.95362
2.78488
2.75592
2.58534
2.41179
2.56528
2.39282
2.38253
3.3841
3.48418
3.58849
3.4202
3.69459
3.85922
3.7998
3.6365
3.58136
3.41706
3.25007
3.36707
3.20152
3.15759
4.33061
4.42222
4.5159
4.35197
4.61014
4.77248
4.70328
4.54172
4.47402
4.31231
4.1492
4.24668
4.08465
4.02177
5.26682
5.42865
5.35756
5.51965
5.44884
5.28659
5.61096
5.5402
5.70215
5.6311
5.46932
5.39829
5.23659
5.07453
5.16582
5.00422
4.93402
0.123799
0.190771
0.488387
1.05296
1.83252
2.73054
3.6693
4.61084
0.133855
0.623677
0.619033
0.306407
0.771724
0.67128
0.738676
1.15298
0.931632
1.42173
1.76402
1.4328
2.27251
2.54241
2.13718
3.19806
3.41512
2.9708
4.14081
4.33103
3.86987
5.07882
5.26156
4.79563
0.124125
0.36597
0.36867
0.24066
0.472081
0.425844
0.60512
0.814208
0.704253
1.23127
1.40708
1.23776
2.04962
2.18959
1.98108
2.96353
3.07537
2.84829
3.90516
4.00145
3.76831
4.84509
4.93645
4.70274
0.155609
0.393665
0.374215
0.641458
0.900715
0.883506
0.616352
0.87631
0.875472
0.388832
0.610686
0.533439
0.844004
1.09168
1.02405
0.714382
0.970117
0.92927
0.888314
1.08175
0.940256
1.28595
1.50264
1.3791
1.0347
1.26921
1.17335
1.62269
1.7802
1.58838
1.94598
2.11927
1.9485
1.59254
1.78817
1.63925
2.49987
2.62434
2.40442
2.7542
2.887
2.6843
2.33638
2.48816
2.29949
3.43347
3.53595
3.3048
3.64147
3.74749
3.52634
3.19135
3.30877
3.09542
4.37607
4.46889
4.23507
4.56305
4.65696
4.42682
4.09986
4.19824
3.97163
5.3121
5.40315
5.16995
5.49455
5.58574
5.35292
5.02853
5.12034
4.88825
