FiniteElementSpace
FiniteElementCollection: L2_2D_P3
VDim: 1
Ordering: 0

0.0181452
0.0113792
0.0140733
0.0176774
0.00834353
0.00687049
0.0103869
0.0144916
0.00301842
0.00355337
0.00654884
0.00989849
0.00194239
0.00239311
0.00432385
0.00636774
0.00655148
0.00608426
0.0055269
0.00513812
0.00534146
0.00495735
0.00450396
0.00419145
0.0039698
0.00368352
0.00335212
0.00312888
0.00308815
0.00286797
0.00261846
0.00245486
0.00169008
0.0015153
0.00130328
0.00115289
0.00142382
0.00128191
0.00111122
0.000991245
0.00113709
0.00103247
0.000908921
0.000823815
0.000965288
0.000884453
0.000791236
0.000728775
0.000161037
0.000128807
9.24294e-05
6.88635e-05
0.000177473
0.000148138
0.000114773
9.28664e-05
0.000208051
0.000182159
0.000152719
0.000133302
0.000237061
0.00021332
0.000186619
0.000169187
2.63546e-06
2.99631e-06
3.59336e-06
4.11993e-06
3.2758e-06
2.42958e-06
1.59206e-06
1.11656e-06
2.22698e-05
2.01342e-05
1.79577e-05
1.67041e-05
4.71929e-05
4.4219e-05
4.13531e-05
3.98678e-05
1.12311e-05
1.76363e-05
2.81757e-05
3.79579e-05
2.72569e-05
3.47244e-05
4.62002e-05
5.63782e-05
5.85607e-05
6.62719e-05
7.77107e-05
8.76102e-05
8.86279e-05
9.58717e-05
0.00010657
0.000115814
0.000242749
0.000253686
0.000268409
0.000280008
0.000221795
0.000228994
0.000238849
0.000246696
0.000202492
0.000205168
0.000209266
0.00021279
0.000193341
0.000192722
0.000192765
0.000193364
0.000159907
0.000137773
0.000111553
9.35168e-05
0.000140173
0.000122015
0.000100493
8.56905e-05
0.000118673
0.00010465
8.80608e-05
7.6685e-05
0.000105119
9.35331e-05
7.98875e-05
7.05728e-05
0.0100834
0.00962481
0.00909726
0.00874474
0.008456
0.00800724
0.00749241
0.00714909
0.00649842
0.00609021
0.00562449
0.00531596
0.00516368
0.00480065
0.0043902
0.00412137
0.00104909
0.000969342
0.000898942
0.000869243
0.000704039
0.000655502
0.000616525
0.000604318
0.000854787
0.000798028
0.000734464
0.000694468
0.00148224
0.00137906
0.00124283
0.00113992
0.000144144
4.98399e-05
0.000296347
0.000605439
0.000143916
4.1624e-06
0.000124401
0.000333704
0.000228378
0.000129243
0.000335736
0.00062013
0.000572209
0.000468175
0.000886795
0.00139544
0.00358123
0.0032771
0.00290866
0.00264733
0.00293973
0.00269288
0.00239673
0.0021889
0.00222614
0.00204533
0.00183257
0.0016865
0.00177908
0.00164144
0.00148325
0.00137766
0.00054761
0.000520685
0.000499087
0.000492377
0.000414193
0.000393426
0.000378442
0.000375821
0.00038121
0.00035354
0.000328862
0.000318458
0.000471129
0.00042565
0.000378215
0.000350906
0.000718166
0.000678841
0.000647149
0.00063724
0.000522786
0.0004964
0.000477587
0.000474629
0.000570724
0.000535922
0.000501995
0.000484718
0.000864277
0.000800513
0.000726708
0.000677823
0.000641554
0.000554956
0.000451689
0.000379972
0.000578917
0.000507036
0.00042183
0.000363006
0.000520759
0.000465423
0.000400811
0.000356914
0.000493811
0.000448808
0.000397367
0.000363248
0.000335229
0.000321873
0.000310823
0.000306839
0.000273453
0.000265143
0.000260731
0.000261892
0.000203358
0.000199014
0.00020035
0.000206376
0.000158059
0.000154735
0.000158251
0.000166615
0.000425145
0.000405767
0.000389899
0.00038449
0.000328145
0.000313417
0.00030332
0.000302153
0.000252771
0.000236638
0.000225154
0.00022332
0.000235724
0.000212531
0.000192864
0.000185589
1.33536e-05
8.05251e-06
3.40056e-06
1.49439e-06
3.34518e-05
2.57598e-05
1.77391e-05
1.30193e-05
7.06823e-05
6.0712e-05
4.96848e-05
4.25825e-05
0.000105175
9.38831e-05
8.13556e-05
7.32379e-05
0.000231857
0.000226856
0.000223005
0.000221861
0.000252247
0.000251818
0.00025393
0.000257372
0.000283508
0.000289874
0.000300951
0.000311362
0.000311633
0.000323842
0.000342709
0.000359241
0.000272688
0.000263897
0.000256598
0.000253857
0.000251497
0.000248179
0.000248095
0.000250956
0.000224055
0.0002279
0.000237521
0.000248119
0.00020363
0.000212999
0.000230323
0.000247222
1.78884e-06
8.44992e-07
1.90767e-07
1.88232e-07
1.86671e-06
3.02557e-06
5.0819e-06
7.14858e-06
2.019e-05
2.30301e-05
2.74024e-05
3.1354e-05
4.47811e-05
4.8279e-05
5.3725e-05
5.86711e-05
0.000221689
0.000222866
0.000225749
0.000229087
0.000277032
0.000276402
0.000276884
0.000278349
0.000360533
0.000356905
0.00035345
0.00035187
0.000433651
0.0004272
0.000420073
0.000415679
0.000213926
0.000212794
0.000213113
0.000214665
0.000264237
0.000264859
0.000267399
0.000270611
0.000340931
0.000344142
0.000349994
0.000355703
0.000408781
0.000414184
0.000422875
0.000430752
0.000101906
0.000119173
0.000143689
0.000163968
0.000113221
0.000127102
0.000146821
0.000163123
0.000133574
0.000143016
0.000156645
0.000168044
0.000152836
0.000158883
0.000167978
0.000175826
0.00022147
0.000214195
0.000205864
0.000200317
0.000229395
0.000219117
0.000206992
0.000198636
0.000239101
0.000224542
0.000207096
0.000194866
0.00024617
0.000228054
0.000206254
0.000190912
0.00023699
0.000235727
0.000235226
0.000235819
0.000272635
0.000267653
0.000262369
0.000259345
0.000324374
0.000313605
0.000300941
0.000292389
0.000368284
0.00035233
0.000333107
0.000319677
0.000280752
0.000268979
0.000254222
0.000243374
0.000241472
0.000231061
0.000218077
0.000208592
0.000199893
0.000190746
0.00017953
0.000171494
0.000174741
0.000166164
0.00015593
0.000148817
9.73748e-05
9.06085e-05
8.29349e-05
7.79286e-05
8.32811e-05
7.70157e-05
6.9926e-05
6.53147e-05
6.51537e-05
5.96648e-05
5.34759e-05
4.94712e-05
5.183e-05
4.70022e-05
4.15933e-05
3.81234e-05
0.000162054
0.000152063
0.000140313
0.000132177
0.000151805
0.0001408
0.000127772
0.000118692
0.000136999
0.00012487
0.000110461
0.000100394
0.0001248
0.000111969
9.67567e-05
8.61613e-05
2.80987e-05
1.91236e-05
1.01161e-05
5.25551e-06
2.98503e-05
2.1264e-05
1.23595e-05
7.24625e-06
3.07027e-05
2.25998e-05
1.40032e-05
8.86856e-06
3.00253e-05
2.22313e-05
1.39291e-05
8.9418e-06
2.21193e-05
1.62652e-05
1.01275e-05
6.51187e-06
1.96318e-05
1.44663e-05
9.0627e-06
5.887e-06
1.69211e-05
1.25515e-05
7.99049e-06
5.31501e-06
1.51869e-05
1.13552e-05
7.36363e-06
5.02673e-06
5.88965e-05
5.39099e-05
4.82309e-05
4.45371e-05
4.97231e-05
4.5706e-05
4.12044e-05
3.83466e-05
3.83616e-05
3.55856e-05
3.25783e-05
3.0773e-05
3.02851e-05
2.83982e-05
2.64565e-05
2.53979e-05
0.0131284
0.0120251
0.010845
0.0100766
0.0109894
0.0101478
0.00918029
0.00852996
0.0082419
0.00770197
0.00709402
0.00669531
0.00618533
0.00590739
0.00561608
0.00544629
0.00520589
0.00501402
0.00486719
0.0047786
0.00347052
0.00342006
0.00341623
0.00344393
0.00188398
0.00191749
0.00198951
0.00206331
0.00113722
0.00119305
0.00127436
0.00133361
0.00146839
0.00168539
0.0033465
0.00508929
0.000739565
0.000923584
0.00210721
0.00336588
0.000290318
0.000339903
0.000973703
0.00169908
0.000166735
0.000110912
0.000439209
0.000868371
0.00492523
0.0045414
0.00407918
0.00375338
0.00402165
0.0037088
0.00333591
0.00307603
0.00300655
0.00277625
0.00250707
0.00232366
0.00236199
0.00218642
0.00198584
0.00185293
0.00204986
0.00190067
0.00173263
0.00162328
0.001521
0.00141533
0.0013009
0.00123021
0.00100059
0.000938301
0.00087689
0.000844204
0.000742631
0.000701899
0.000666396
0.000652035
0.00266288
0.00247454
0.00226401
0.00212839
0.00194374
0.00180864
0.00166336
0.00157451
0.00123016
0.00115015
0.00107141
0.00102963
0.000874513
0.00082335
0.000778429
0.000759941
0.00107836
0.00095242
0.000800505
0.000693513
0.000932536
0.000829572
0.00070632
0.000620209
0.000781275
0.000704229
0.000613574
0.000551417
0.000695576
0.000634872
0.000565077
0.000518475
0.000649665
0.000597087
0.000537394
0.000498129
0.000559629
0.000520595
0.000477786
0.000450834
0.000466176
0.000440307
0.000414249
0.000399768
0.00041332
0.000393931
0.000376473
0.000368664
0.000878133
0.000808929
0.000730208
0.000678319
0.00072002
0.000669904
0.000614967
0.000580434
0.000560705
0.000528867
0.000496994
0.000479514
0.000475929
0.000452713
0.000432038
0.000423084
5.87568e-05
4.31333e-05
2.66503e-05
1.69465e-05
8.32642e-05
6.703e-05
4.92305e-05
3.80651e-05
0.000123832
0.000107248
8.86803e-05
7.66189e-05
0.0001596
0.000142859
0.000124161
0.000112007
0.000175834
0.000159525
0.000141293
0.000129409
0.000198258
0.000183727
0.00016772
0.000157447
0.000225771
0.000214139
0.000202014
0.000194771
0.000244997
0.000236005
0.000227549
0.000223278
0.000248558
0.000226343
0.000201447
0.000185237
0.000259256
0.000240484
0.000219847
0.000206697
0.000270701
0.000256304
0.000241392
0.00023261
0.00027713
0.000265977
0.000255537
0.000250345
4.21492e-06
3.58026e-06
2.7807e-06
2.21109e-06
1.02752e-06
1.04166e-06
1.21786e-06
1.49966e-06
1.64047e-05
1.68356e-05
1.78677e-05
1.90469e-05
3.94596e-05
3.99447e-05
4.14058e-05
4.31861e-05
5.43069e-05
5.48578e-05
5.65302e-05
5.85689e-05
8.77197e-05
8.83351e-05
9.02587e-05
9.26178e-05
0.000140911
0.000141489
0.000143585
0.000146245
0.000187952
0.00018845
0.000190579
0.000193369
6.23773e-05
5.92029e-05
5.62027e-05
5.47104e-05
9.48256e-05
9.17759e-05
8.91174e-05
8.80231e-05
0.000145345
0.000142846
0.000141157
0.000140995
0.000189314
0.000187545
0.000186975
0.000187798
4.42564e-05
5.69785e-05
7.59707e-05
9.23552e-05
6.23665e-05
7.3901e-05
9.0851e-05
0.000105303
9.29901e-05
0.000102361
0.000116074
0.000127738
0.000120702
0.00012808
0.00013901
0.000148409
0.000135748
0.000142032
0.000151424
0.00015956
0.000161057
0.000165036
0.000171304
0.000176957
0.000195366
0.000195874
0.000197575
0.000199701
0.000222313
0.000219854
0.000217728
0.000216959
0.000105578
0.000112416
0.000122502
0.000131216
0.000136842
0.000142275
0.000150441
0.000157618
0.000181439
0.000184287
0.000189064
0.000193635
0.000217973
0.000218333
0.000219911
0.000222069
0.000283354
0.000283447
0.000283756
0.000284119
0.00024861
0.000247219
0.000245672
0.000244662
0.00021287
0.000209548
0.00020571
0.000203107
0.000192178
0.000187307
0.00018177
0.000178104
0.000182696
0.000177125
0.000170739
0.000166468
0.000166125
0.000159536
0.000151919
0.000146773
0.000146983
0.000139213
0.00013021
0.000124114
0.000134041
0.000125483
0.00011558
0.000108889
0.000189505
0.000187344
0.000185415
0.000184525
0.000181543
0.000177037
0.000172127
0.000169001
0.0001724
0.000165113
0.000156718
0.000151027
0.00016621
0.000156999
0.000146231
0.000138827
8.33639e-05
6.59757e-05
4.65137e-05
3.40748e-05
7.74247e-05
6.26631e-05
4.59987e-05
3.52071e-05
7.02478e-05
5.82083e-05
4.44928e-05
3.54878e-05
6.50364e-05
5.45531e-05
4.25403e-05
3.45827e-05
6.2578e-05
5.28115e-05
4.15592e-05
3.40574e-05
5.69198e-05
4.83063e-05
3.83896e-05
3.17833e-05
4.99851e-05
4.27027e-05
3.43351e-05
2.87736e-05
4.50063e-05
3.86194e-05
3.12975e-05
2.64432e-05
9.87209e-05
8.82915e-05
7.60212e-05
6.76631e-05
8.69909e-05
7.82657e-05
6.8054e-05
6.11501e-05
7.32662e-05
6.64484e-05
5.85468e-05
5.32759e-05
6.38882e-05
5.83094e-05
5.19106e-05
4.77015e-05
0.0084367
0.00788783
0.00724246
0.00679974
0.00689856
0.00643969
0.00590521
0.00554258
0.0051329
0.00478341
0.00438363
0.0041183
0.00397999
0.00370742
0.00340153
0.00320357
0.00342393
0.00318887
0.00292799
0.00276163
0.00248133
0.00230848
0.00212376
0.00201176
0.00153092
0.00142594
0.00132245
0.0012673
0.00104979
0.000982498
0.000922217
0.000896146
0.00448721
0.0041531
0.00378253
0.00354637
0.00323789
0.00299257
0.00273051
0.00257154
0.00196475
0.00181492
0.0016662
0.00158569
0.00131334
0.00121634
0.00112624
0.00108375
0.0008433
0.000791742
0.00074882
0.000733819
0.000589962
0.000558681
0.000536016
0.000531942
0.000681144
0.000644074
0.00060606
0.000584962
0.00111336
0.00104324
0.000956631
0.000895078
0.00143124
0.00133362
0.00120926
0.00111781
0.00227128
0.00210116
0.0018797
0.00171236
0.00403326
0.00370969
0.0032879
0.00296812
0.00595552
0.00546166
0.0048217
0.00433908
0.00191302
0.00179073
0.00161547
0.00147302
0.00307294
0.00286886
0.00258486
0.00235777
0.005466
0.00510477
0.00461147
0.00422184
0.00806077
0.00753078
0.00681978
0.00626587
0.000919874
0.000984032
0.00103907
0.00105604
0.000613081
0.000646335
0.000680936
0.000697723
0.000885805
0.000889676
0.000889274
0.000881732
0.00182872
0.00172859
0.00164278
0.00158638
0.00237533
0.00225415
0.00211589
0.00202531
0.00415353
0.0038659
0.00347636
0.00317393
0.00752644
0.0069628
0.00618898
0.00557746
0.0108869
0.0101204
0.00907629
0.00823165
0.000727043
0.000968106
0.00167066
0.00223248
0.000875714
0.00127295
0.0030944
0.00513432
0.00525916
0.00367978
0.00670318
0.0104229
0.0186446
0.00827294
0.0108705
0.0154644
0.00251256
0.0022785
0.00199422
0.00179215
0.00208273
0.00189303
0.00166475
0.00150407
0.00161071
0.00147175
0.00130765
0.00119457
0.00132011
0.00121389
0.00109141
0.00100935
0.00117636
0.00108602
0.000983339
0.000915719
0.000925417
0.000861048
0.000790637
0.000746526
0.000676815
0.000637358
0.000598082
0.000576793
0.000549749
0.000521971
0.000497491
0.000487219
0.0015609
0.00144413
0.00131184
0.00122511
0.00118764
0.00110507
0.00101512
0.000959101
0.000820571
0.000771272
0.000722462
0.000696282
0.000637196
0.000603806
0.000574629
0.000562707
0.000481962
0.000459059
0.000440489
0.000434431
0.000367849
0.000349959
0.000337205
0.000335125
0.000307635
0.000285428
0.000267107
0.000260911
0.000332821
0.00029843
0.00026511
0.000248194
0.000351887
0.000309202
0.000265498
0.000241033
0.000422533
0.000358846
0.000288657
0.000244742
0.000643672
0.000538596
0.000417132
0.000336185
0.000916182
0.000768312
0.00059438
0.000475917
0.000535173
0.000477434
0.000414169
0.00037498
0.000720237
0.000631108
0.000527524
0.000458123
0.00116225
0.00101169
0.000830757
0.000704507
0.00166332
0.00144904
0.00118886
0.00100505
0.000624377
0.000592378
0.000566839
0.000559112
0.000465868
0.000442427
0.000425578
0.000422755
0.000470423
0.000438403
0.000408375
0.000394207
0.000649649
0.000593997
0.000532736
0.000494636
0.00077651
0.000704286
0.000621052
0.000566044
0.00112279
0.00100731
0.000867627
0.000769635
0.0018787
0.0016774
0.00142826
0.00124876
0.00270815
0.00241655
0.00205389
0.00179102
0.00107418
0.000989056
0.000886313
0.000814734
0.00163556
0.0014938
0.00131611
0.00118664
0.00282149
0.00256374
0.00223642
0.0019943
0.00411109
0.00372799
0.00324172
0.00288195
0.000345994
0.000290327
0.000225262
0.000181181
0.000335425
0.000287784
0.000232225
0.000194617
0.000335466
0.000296902
0.000252397
0.000222564
0.000345124
0.000312194
0.000274848
0.000250282
0.000346127
0.000316339
0.000282819
0.000260953
0.000336459
0.000312547
0.000286313
0.000269709
0.000324408
0.000306949
0.000289053
0.000278739
0.00031529
0.000301816
0.000289368
0.00028339
0.000476445
0.000436764
0.000391893
0.0003625
0.000434459
0.000403972
0.000370543
0.000349463
0.000388632
0.000367454
0.000345959
0.000333817
0.000360262
0.00034409
0.000329353
0.000322532
0.000300956
0.000290052
0.000281003
0.000277663
0.000258847
0.000253293
0.000251311
0.000253467
0.00020651
0.000206889
0.000213134
0.000221986
0.000168757
0.000172895
0.000184722
0.000198388
0.00014265
0.000149122
0.000164372
0.000180969
8.98456e-05
0.000101087
0.00012307
0.00014528
4.17212e-05
5.76503e-05
8.69093e-05
0.000115661
2.19898e-05
4.0494e-05
7.43686e-05
0.000107673
0.00012773
0.000124968
0.000129681
0.00013934
6.86359e-05
6.65219e-05
7.27855e-05
8.42416e-05
2.22949e-05
1.7778e-05
2.24766e-05
3.40162e-05
1.14693e-05
2.76979e-06
3.71288e-06
1.373e-05
0.000376392
0.000360202
0.000346859
0.000342162
0.000296452
0.000285006
0.000277794
0.00027778
0.000218102
0.000208104
0.000203364
0.000205722
0.000178592
0.000165977
0.000158807
0.000160079
0.00015279
0.00013836
0.000129345
0.000129633
0.000107996
8.85788e-05
7.39272e-05
7.06452e-05
9.9083e-05
6.74395e-05
3.88372e-05
2.64898e-05
0.000131488
8.61871e-05
4.1982e-05
1.94315e-05
0.000225593
0.000197619
0.000172245
0.000161048
0.000221863
0.0001817
0.000141384
0.000119582
0.000297683
0.000232419
0.000161767
0.000118686
0.000419713
0.000328118
0.000225897
0.00016083
1.25232e-06
7.93328e-07
1.12127e-06
2.01731e-06
1.12427e-05
8.31113e-06
5.40839e-06
3.79922e-06
3.90749e-05
3.36923e-05
2.78009e-05
2.40277e-05
6.86689e-05
6.18316e-05
5.4391e-05
4.96729e-05
8.50002e-05
7.7818e-05
7.00052e-05
6.50569e-05
0.000116133
0.000109234
0.000101919
9.74444e-05
0.000161845
0.000156084
0.000150484
0.000147495
0.000199917
0.000195602
0.000192078
0.000190823
0.000122394
0.000110928
9.81704e-05
8.9864e-05
0.000150807
0.000140114
0.000128391
0.000120889
0.000189194
0.00018037
0.000171261
0.000165883
0.000218941
0.000212184
0.000205982
0.000202985
0.00021965
0.000216595
0.000214777
0.00021488
0.00025743
0.000257754
0.000260302
0.000263735
0.000314994
0.000320412
0.000329603
0.000338143
0.000366068
0.000375904
0.000390908
0.000403956
0.000395074
0.000407684
0.000426337
0.000442217
0.000456682
0.000475359
0.000501724
0.00052339
0.000558862
0.000585761
0.000622863
0.000652812
0.000655925
0.000689473
0.000735399
0.000772258
0.000326302
0.000342191
0.000365962
0.000386344
0.000357621
0.000381513
0.000415656
0.000443982
0.000417504
0.000452275
0.000500816
0.000540395
0.000479851
0.000523437
0.000583803
0.00063274
0.000249709
0.000242829
0.00023719
0.000235126
0.000249824
0.000248199
0.000249457
0.000252726
0.000251435
0.000257298
0.00026855
0.000279676
0.000254328
0.000266422
0.000286127
0.000303998
0.00025326
0.00026928
0.000294293
0.000316394
0.00025148
0.000275977
0.000312161
0.00034296
0.00026601
0.000301789
0.000353161
0.000396032
0.000291725
0.000336475
0.000400119
0.000452883
0.000188102
0.000200938
0.000223069
0.000243887
0.000156322
0.000176551
0.000208632
0.00023737
0.000131703
0.000161162
0.000206077
0.000245331
0.000127184
0.000163559
0.000218376
0.000265946
4.74308e-07
1.77819e-06
4.92985e-06
8.51636e-06
8.6554e-06
1.22838e-05
1.82027e-05
2.37308e-05
3.40244e-05
3.9352e-05
4.7346e-05
5.43795e-05
6.1985e-05
6.78356e-05
7.65378e-05
8.41457e-05
7.86779e-05
8.46081e-05
9.34038e-05
0.000101077
0.000112513
0.000117826
0.000125813
0.000132866
0.000163402
0.000167104
0.000173045
0.000178576
0.000206761
0.000208689
0.000212385
0.000216248
6.03482e-05
6.40675e-05
6.98742e-05
7.51528e-05
9.44788e-05
9.80688e-05
0.000103802
0.000109099
0.000147999
0.000150846
0.00015576
0.000160543
0.000194901
0.000196809
0.000200599
0.000204599
0.000230698
0.000231347
0.000233416
0.00023606
0.000278505
0.000276061
0.000274103
0.000273665
0.000349608
0.000342216
0.000333868
0.000328575
0.000411152
0.000399231
0.000385076
0.000375399
0.000446301
0.000431481
0.000413617
0.000401143
0.000520023
0.000499059
0.000473181
0.000454554
0.000634812
0.000604417
0.000566443
0.000538673
0.000738617
0.000699791
0.000651107
0.000615317
0.000476191
0.000467899
0.000458384
0.000452159
0.000565912
0.000553746
0.000539007
0.000528638
0.000705438
0.000687127
0.000664382
0.000647861
0.000831498
0.00080757
0.00077763
0.000755668
0.000215003
0.000215443
0.00021755
0.000220363
0.00027139
0.000271747
0.000273677
0.000276305
0.00035712
0.000357179
0.000358644
0.000360859
0.000432693
0.000432346
0.000433249
0.000435004
0.000476907
0.000476255
0.00047674
0.000478157
0.000570462
0.000569244
0.00056872
0.000569159
0.00071678
0.000714224
0.000711859
0.000710806
0.000849609
0.000845564
0.000841308
0.000838834
0.000448247
0.000455003
0.000465448
0.000474662
0.000531924
0.000541691
0.000555783
0.000567596
0.000664969
0.000678579
0.000697591
0.000713123
0.000787365
0.00080392
0.000826831
0.000845405
0.000174667
0.000191769
0.000215278
0.000234171
0.000171315
0.00018398
0.00020152
0.000215677
0.000173182
0.000180407
0.000190781
0.000199372
0.000178945
0.000182206
0.000187477
0.000192209
0.000182462
0.000183821
0.00018659
0.000189378
0.000186286
0.0001846
0.000183394
0.000183131
0.000191419
0.000185954
0.000179895
0.000175967
0.000195335
0.000187125
0.000177595
0.00017109
0.000163214
0.000167565
0.000174363
0.000180383
0.000178976
0.000180353
0.000183192
0.000186115
0.000199542
0.000196951
0.000194614
0.000193568
0.000215122
0.000209443
0.000203146
0.000199121
0.000195768
0.0001863
0.000175174
0.000167479
0.000192772
0.000181264
0.000167575
0.000157995
0.000187201
0.000173017
0.000156039
0.000144097
0.000181809
0.000165577
0.000146152
0.00013251
0.000176981
0.00015978
0.000139243
0.000124871
0.000166344
0.000147322
0.000124664
0.000108876
0.000153107
0.000131421
0.000105797
8.81532e-05
0.000144162
0.000120307
9.23997e-05
7.34544e-05
0.000248044
0.000227925
0.000203718
0.000186691
0.000251075
0.000226878
0.000197714
0.000177175
0.000258359
0.000228061
0.000191588
0.000165964
0.000267105
0.000231542
0.000188869
0.000159022
0.000235155
0.000230967
0.00022663
0.000224199
0.000256628
0.000248796
0.000239818
0.000233918
0.000286457
0.000273152
0.000257283
0.000246292
0.000310861
0.000292794
0.000270988
0.00025566
0.000322939
0.000301988
0.000276619
0.00025871
0.000347391
0.000320409
0.000287509
0.000264086
0.000387152
0.00035107
0.000306913
0.000275331
0.000424439
0.000380363
0.000326408
0.000287797
0.000392349
0.000373143
0.000349822
0.000333354
0.0004423
0.000416219
0.000384122
0.000361071
0.00052083
0.000484309
0.000439031
0.000406188
0.000592414
0.000546641
0.000489772
0.000448391
0.000234301
0.000214082
0.00018928
0.000171495
0.00020118
0.000184473
0.000164028
0.000149426
0.000165705
0.000152635
0.00013678
0.000125587
0.000143874
0.000132928
0.000119856
0.000110791
0.000133613
0.000123686
0.000111896
0.000103783
0.000116089
0.000107653
9.77428e-05
9.10221e-05
9.59019e-05
8.91309e-05
8.13334e-05
7.61839e-05
8.23405e-05
7.66528e-05
7.02364e-05
6.61163e-05
0.000163013
0.000154733
0.000144919
0.000138154
0.000143195
0.000135372
0.000126195
0.00011995
0.000120404
0.000113087
0.000104649
9.90254e-05
0.000105104
9.81251e-05
9.01926e-05
8.50017e-05
7.5473e-05
7.0293e-05
6.44965e-05
6.08215e-05
6.32274e-05
5.88975e-05
5.41197e-05
5.11575e-05
4.78812e-05
4.46729e-05
4.12225e-05
3.91766e-05
3.6907e-05
3.45242e-05
3.20477e-05
3.067e-05
3.12039e-05
2.91501e-05
2.70369e-05
2.58886e-05
2.11227e-05
1.97626e-05
1.83791e-05
1.76592e-05
9.57493e-06
9.0161e-06
8.51004e-06
8.32595e-06
3.30821e-06
3.14722e-06
3.08591e-06
3.17124e-06
4.49716e-05
4.05163e-05
3.55159e-05
3.23008e-05
3.21949e-05
2.86357e-05
2.45983e-05
2.19703e-05
1.68141e-05
1.44533e-05
1.18056e-05
1.01102e-05
7.5877e-06
6.12814e-06
4.58713e-06
3.68237e-06
0.000127118
0.000118309
0.00010809
0.00010116
0.000113371
0.000104435
9.40292e-05
8.6943e-05
9.48764e-05
8.59973e-05
7.56342e-05
6.85582e-05
8.06135e-05
7.19428e-05
6.18445e-05
5.49679e-05
7.26933e-05
6.43119e-05
5.45585e-05
4.79231e-05
5.70638e-05
4.94967e-05
4.06825e-05
3.46824e-05
3.71519e-05
3.07852e-05
2.35056e-05
1.86719e-05
2.36772e-05
1.84048e-05
1.2619e-05
8.99295e-06
0.000117045
0.000104073
8.87346e-05
7.80918e-05
0.000100968
8.79462e-05
7.26024e-05
6.20138e-05
7.99106e-05
6.68753e-05
5.17512e-05
4.15388e-05
6.47507e-05
5.18661e-05
3.72479e-05
2.76862e-05
3.57563e-06
1.56021e-06
1.49469e-07
1.62074e-07
5.17901e-06
2.32213e-06
3.5356e-07
2.96633e-07
6.50516e-06
2.9504e-06
5.76412e-07
5.20969e-07
6.42689e-06
2.84124e-06
5.7265e-07
6.63915e-07
6.18644e-06
2.72359e-06
5.77672e-07
6.42939e-07
5.62235e-06
2.4585e-06
4.5687e-07
4.57673e-07
4.986e-06
2.16329e-06
3.49601e-07
3.23565e-07
4.5517e-06
1.95039e-06
2.79646e-07
2.81244e-07
2.9613e-05
2.19198e-05
1.36883e-05
8.7298e-06
2.77619e-05
2.04802e-05
1.27255e-05
8.07967e-06
2.52318e-05
1.85414e-05
1.14688e-05
7.26826e-06
2.32177e-05
1.70177e-05
1.05066e-05
6.6706e-06
4.4661e-06
1.93693e-06
2.76861e-07
2.249e-07
4.02155e-06
1.70208e-06
2.15514e-07
2.2267e-07
3.59196e-06
1.48342e-06
1.72252e-07
2.53003e-07
3.3498e-06
1.36787e-06
1.64187e-07
3.04932e-07
3.67374e-06
1.73573e-06
2.9293e-07
1.49932e-07
3.22254e-06
1.446e-06
1.92271e-07
1.30784e-07
4.00348e-06
2.04572e-06
4.7789e-07
1.53932e-07
5.84212e-06
3.307e-06
1.06276e-06
2.9673e-07
1.37618e-05
1.04374e-05
7.12448e-06
5.3083e-06
1.08657e-05
8.42614e-06
5.97831e-06
4.58659e-06
8.08753e-06
6.76657e-06
5.4794e-06
4.76422e-06
6.67495e-06
6.21016e-06
5.88166e-06
5.80391e-06
4.21375e-05
3.62558e-05
2.95533e-05
2.51472e-05
3.6463e-05
3.15003e-05
2.58994e-05
2.22588e-05
2.95704e-05
2.57955e-05
2.16079e-05
1.89463e-05
2.46981e-05
2.17973e-05
1.86466e-05
1.67048e-05
2.13397e-05
1.89354e-05
1.64256e-05
1.49752e-05
1.54621e-05
1.39321e-05
1.24281e-05
1.16353e-05
8.82745e-06
8.36572e-06
8.10945e-06
8.16501e-06
4.80892e-06
5.01095e-06
5.57036e-06
6.2195e-06
2.56041e-05
2.40812e-05
2.25844e-05
2.1847e-05
1.752e-05
1.66664e-05
1.59312e-05
1.56901e-05
8.34963e-06
8.23656e-06
8.35319e-06
8.67058e-06
3.20941e-06
3.40087e-06
3.88145e-06
4.44136e-06
