FiniteElementSpace
FiniteElementCollection: H1_2D_P2
VDim: 2
Ordering: 0

0
1.13314
2.14096
3.05543
3.94092
4.84375
5.77678
6.71365
7.62961
0
0.857292
1.71801
2.59189
3.50105
4.44395
5.38563
6.30258
7.20921
0.577846
1.00318
0.428365
0
1.65287
1.93433
1.28727
2.60559
2.82374
2.15179
3.49832
3.71874
3.04121
4.38838
4.6426
3.97002
5.3074
5.58212
4.91735
6.24715
6.50974
5.84693
7.17389
7.42024
6.75582
0.508253
1.47715
2.38102
3.26825
4.17712
5.11224
6.04861
6.96614
0.288172
0.540505
0.253921
0
1.39738
1.56414
1.24261
1.06707
2.37565
2.49214
2.15857
2.03669
3.2773
3.38197
3.04546
2.93825
4.1638
4.28237
3.94693
3.82885
5.07464
5.21058
4.87713
4.74347
6.01217
6.14845
5.81596
5.68028
6.94454
7.07013
6.7384
6.6119
0.859736
0.758408
0.935738
0.642592
0.474279
0.215045
0
1.90039
1.70747
1.8296
1.50245
1.38679
1.07224
2.83185
2.60248
2.70912
2.37085
2.26871
1.93433
3.7193
3.49257
3.60968
3.26983
3.1552
2.81526
4.61499
4.40911
4.54233
4.2067
4.07285
3.7346
5.54164
5.3474
5.48352
5.15233
5.01398
4.68105
6.48112
6.27986
6.40679
6.07528
5.94802
5.61714
7.40204
7.52532
7.19332
7.31479
6.98246
6.86151
6.52929
0.266866
1.31907
2.26606
3.16002
4.05466
4.97645
5.9148
6.84157
0.807642
0.706206
0.240582
1.80304
1.60897
1.16253
2.7159
2.48845
2.0493
3.60474
3.3813
2.93123
4.51202
4.30704
3.84027
5.44536
5.24924
4.77816
6.38087
6.17806
5.71651
7.29796
7.08816
6.6345
0.139923
0.276003
0.130814
0
1.2664
1.35768
1.19398
1.09952
2.25896
2.32035
2.15185
2.08832
3.16651
3.21816
3.04916
2.99632
4.05216
4.10901
3.94152
3.88457
4.95894
5.02577
4.85979
4.79375
5.8945
5.96373
5.79762
5.72882
6.8293
6.89305
6.72689
6.66281
0.719725
0.833044
0.675051
0.558325
0.633983
0.733121
0.590472
0.492059
0.126341
0.247687
0.12152
0
1.77756
1.85121
1.68431
1.60798
1.5928
1.65888
1.49811
1.43272
1.12354
1.20338
1.04947
0.970295
2.71911
2.77335
2.60425
2.54835
2.49183
2.54573
2.3785
2.32522
2.04673
2.1044
1.93953
1.88253
3.60876
3.66161
3.49322
3.43968
3.38019
3.4369
3.26797
3.21174
2.9345
2.98844
2.81997
2.7666
4.50141
4.56353
4.39696
4.33528
4.29291
4.35792
4.18977
4.12484
3.83259
3.89348
3.72471
3.66413
5.42437
5.4938
5.32792
5.25927
5.22984
5.29826
5.13171
5.06301
4.75976
4.82752
4.66021
4.59231
6.3643
6.4311
6.26483
6.19797
6.16441
6.22907
6.06322
5.99839
5.69917
5.76627
5.60019
5.53281
7.28808
7.35007
7.18411
7.12201
7.07978
7.14081
6.97486
6.91392
6.6242
6.68656
6.52075
6.45838
0.434251
0.404205
0.52408
0.381389
0.260246
0
1.52618
1.44243
1.52072
1.36046
1.28091
1.03515
2.49114
2.37945
2.43651
2.26997
2.21229
1.98553
3.38785
3.27093
3.32491
3.15669
3.10256
2.88084
4.27584
4.16827
4.22964
4.06179
4.00065
3.77361
5.19081
5.0934
5.16149
4.99465
4.92684
4.69303
6.12977
6.03176
6.09864
5.93245
5.86551
5.63133
7.05939
6.95597
7.0182
6.85236
6.79005
6.5609
0.997606
0.938303
0.881481
0.782931
0.821317
0.898387
0.749876
0.676401
0.535407
0.453361
0.357727
0.321449
0.230215
0.109889
0
2.02147
1.92046
1.82128
1.75531
1.71944
1.77494
1.61016
1.55703
1.39482
1.33855
1.27495
1.17974
1.11909
0.964742
2.9439
2.8272
2.7131
2.65908
2.59864
2.65098
2.48109
2.43027
2.26109
2.21104
2.159
2.04289
1.99277
1.82605
3.82998
3.7166
3.60541
3.54846
3.49521
3.55534
3.38512
3.32565
3.15517
3.09841
3.04296
2.92789
2.87358
2.70326
4.72909
4.62753
4.5257
4.46051
4.42458
4.49282
4.32529
4.25659
4.08824
4.02122
3.95633
3.8521
3.78731
3.61755
5.65914
5.56284
5.46484
5.39649
5.36653
5.43443
5.2692
5.20054
5.03503
4.96536
4.89611
4.79934
4.72928
4.56256
6.59759
6.49656
6.39497
6.33047
6.29258
6.35488
6.18903
6.12681
5.96127
5.89753
5.83245
5.73225
5.66678
5.50162
7.51585
7.57761
7.41169
7.47283
7.30679
7.2457
7.36757
7.20145
7.26202
7.09583
7.03538
6.8691
6.80882
6.74807
6.64255
6.58209
6.41598
0.133773
1.22963
2.2049
3.10733
3.99658
4.90955
5.84632
6.77811
0.696668
0.613027
0.124248
1.73043
1.54616
1.08734
2.66116
2.43548
1.99364
3.55055
3.32407
2.87737
4.44916
4.24119
3.77854
5.37644
5.18069
4.70985
6.3147
6.1139
5.64969
7.23613
7.0274
6.5726
0.418182
0.392465
0.128511
1.48377
1.40152
1.15882
2.43479
2.32466
2.09928
3.32891
3.21362
2.99166
4.22191
4.1149
3.88689
5.14236
5.04409
4.8098
6.08097
5.98223
5.74852
7.00768
6.90423
6.67562
0.967343
0.909869
0.654332
0.852228
0.787542
0.564974
0.370276
0.341658
0.118088
1.97046
1.87091
1.63862
1.77098
1.66603
1.44789
1.31849
1.22896
1.0089
2.88503
2.77001
2.54795
2.65609
2.54041
2.3205
2.21489
2.10181
1.88383
3.77293
3.66082
3.43651
3.55025
3.44019
3.21172
3.09988
2.9857
2.76202
4.6784
4.57659
4.34485
4.47498
4.37464
4.13876
4.00893
3.90404
3.67105
5.61129
5.51396
5.27898
5.41565
5.31767
5.0831
4.94526
4.84741
4.61106
6.54714
6.44585
6.21473
6.34388
6.24097
6.01234
5.8825
5.78235
5.5508
7.46389
7.3593
7.13201
7.25418
7.14867
6.92211
6.80032
6.69549
6.46857
0
0.239116
0.664869
1.15946
1.63658
2.06217
2.45894
2.87137
3.29311
1
1.18403
1.556
2.02839
2.51496
2.95882
3.36236
3.7728
4.20072
0.0978074
0.688341
1.06865
0.5
0.435518
1.10084
1.35126
0.910272
1.59325
1.78552
1.40357
2.07972
2.27444
1.85572
2.51365
2.74378
2.26092
2.90997
3.16286
2.66195
3.32088
3.56433
3.08367
3.74739
3.98676
0.550949
0.877636
1.34328
1.84124
2.304
2.71309
3.11156
3.53503
0.0545876
0.31774
0.509275
0.25
0.331926
0.651984
0.777695
0.457928
0.786422
1.12474
1.22045
0.879562
1.2826
1.62254
1.71801
1.37548
1.7479
2.08112
2.19378
1.85906
2.16208
2.48765
2.61421
2.28905
2.55961
2.88639
3.00985
2.68451
2.97753
3.30922
3.42773
3.0957
0.160087
0.611956
0.930487
1.11888
0.800848
1.03605
0.75
0.547256
0.985997
1.32705
1.44977
1.11131
1.26211
1.03502
1.46796
1.81145
1.90595
1.56424
1.6684
1.52172
1.96204
2.29853
2.39585
2.05892
2.1516
1.96029
2.41048
2.73675
2.85296
2.52488
2.63107
2.35959
2.81133
3.13568
3.26271
2.93792
3.06187
2.76598
3.2153
3.54661
3.66769
3.33741
3.46268
3.18904
3.52046
3.64183
3.97414
4.09424
3.76101
3.87935
0.273175
0.549588
1.00078
1.49996
1.97199
2.38907
2.78454
3.20231
0.379715
0.858062
0.761361
0.762683
1.21571
1.0156
1.25005
1.68724
1.44372
1.74245
2.18013
1.93571
2.18665
2.6325
2.41356
2.5858
3.03672
2.83827
2.99019
3.44108
3.2357
3.41551
3.8682
3.6535
0.0330826
0.161895
0.259339
0.125
0.28397
0.439419
0.502252
0.347077
0.725273
0.892845
0.939733
0.771304
1.22127
1.39114
1.4379
1.26719
1.6927
1.86027
1.91599
1.74807
2.11232
2.27586
2.3393
2.17595
2.50906
2.67201
2.73432
2.57174
2.92439
3.08983
3.14891
2.9834
0.126622
0.26838
0.346541
0.206369
0.579375
0.733207
0.827405
0.673676
0.500119
0.633188
0.75166
0.625
0.49052
0.653907
0.706436
0.542544
0.930887
1.10016
1.16253
0.993556
0.73155
0.895473
0.971596
0.807943
0.972627
1.14209
1.1873
1.01691
1.40547
1.57754
1.62551
1.45358
1.16015
1.33176
1.38481
1.21345
1.46305
1.63222
1.68287
1.51307
1.90199
2.07132
2.11983
1.95027
1.65576
1.82699
1.87364
1.7024
1.90839
2.07385
2.13431
1.96879
2.35768
2.5217
2.57914
2.41468
2.13721
2.30392
2.35649
2.18938
2.31021
2.47281
2.53672
2.37448
2.76222
2.924
2.98736
2.82554
2.5642
2.72633
2.7878
2.62536
2.71375
2.87795
2.93806
2.77406
3.16319
3.32811
3.389
3.22439
2.95972
3.12269
3.18552
3.02276
3.1365
3.30233
3.36249
3.19642
3.58855
3.75502
3.8147
3.64801
3.37419
3.54059
3.59993
3.43368
0.0736108
0.293203
0.432448
0.527448
0.389276
0.375
0.382539
0.599604
0.763718
0.826481
0.662361
0.571664
0.848166
1.06251
1.23359
1.28155
1.11004
0.989468
1.34342
1.56154
1.73196
1.77987
1.60896
1.48422
1.80225
2.02702
2.19283
2.24936
2.08314
1.9696
2.21158
2.43847
2.60048
2.66379
2.50181
2.40157
2.61054
2.83522
2.9989
3.06046
2.89715
2.79723
3.03065
3.25578
3.42209
3.48138
3.31496
3.20821
0.197636
0.416962
0.648371
0.494176
0.892552
1.05587
1.14977
0.98659
1.09187
0.932464
0.778815
1.04997
0.895585
1.02135
0.875
0.605464
0.820471
1.04272
0.873431
1.27061
1.44134
1.50203
1.33235
1.39947
1.23063
1.06225
1.30544
1.13788
1.22161
1.09736
1.31282
1.5306
1.35873
1.74927
1.9202
1.96701
1.7968
1.84541
1.67499
1.50358
1.72647
1.55604
1.61153
1.5796
1.80119
2.0213
1.8524
2.23972
2.4071
2.45576
2.28836
2.3354
2.16704
1.9975
2.21315
2.04399
2.08999
2.01153
2.23819
2.46244
2.29883
2.68501
2.8479
2.9063
2.74293
2.79883
2.63459
2.46968
2.68789
2.52263
2.57345
2.40912
2.63503
2.86055
2.69862
3.08612
3.24884
3.3125
3.14959
3.21287
3.05034
2.88827
3.11258
2.9501
3.01067
2.81852
3.04276
3.26789
3.10266
3.49364
3.65964
3.72003
3.55425
3.61577
3.45069
3.28632
3.51329
3.34899
3.41238
3.24126
3.40685
3.46817
3.63395
3.6948
3.52866
3.86079
3.92137
4.08747
4.14771
3.98131
4.04056
3.87395
3.70724
3.93299
3.76643
3.82592
0.14357
0.391722
0.831668
1.32937
1.80463
2.22613
2.62167
3.03654
0.235108
0.701378
0.624437
0.597343
1.04591
0.850252
1.07944
1.51537
1.27207
1.57303
2.01112
1.76479
2.02173
2.46863
2.24711
2.42362
2.8748
2.67613
2.82578
3.276
3.07254
3.24951
3.70163
3.48702
0.181916
0.408307
0.378378
0.4898
0.711858
0.615527
0.954658
1.17154
1.04929
1.45241
1.67073
1.54674
1.91499
2.13846
2.02684
2.32527
2.55128
2.45195
2.7228
2.94778
2.84699
3.14316
3.36854
3.26148
0.305825
0.531103
0.461182
0.768826
1.01953
0.957522
0.650791
0.91179
0.882896
0.71198
0.930774
0.817662
1.15607
1.38603
1.28048
0.943324
1.18303
1.09543
1.20472
1.4215
1.29604
1.63993
1.85838
1.73562
1.39231
1.61507
1.49807
1.69059
1.91143
1.79254
2.13076
2.3481
2.22797
1.88885
2.10567
1.98212
2.12523
2.35056
2.24626
2.57391
2.79581
2.68921
2.35977
2.57908
2.4653
2.52214
2.74781
2.64955
2.97329
3.19916
3.10002
2.77609
3.00041
2.8993
2.93051
3.15524
3.05054
3.38069
3.60674
3.50223
3.1733
3.39962
3.29876
3.35479
3.58149
3.4755
3.8081
4.03461
3.92771
3.59429
3.82015
3.7129
