FiniteElementSpace
FiniteElementCollection: H1_2D_P2
VDim: 2
Ordering: 0

0
-0.00173234
-0.00592975
-0.0117413
-0.0175813
-0.0221971
-0.0251538
-0.0268022
-0.0279274
0
0.00122975
0.00226058
0.00148115
-4.33601e-05
-0.00121039
-0.00201578
-0.00286572
-0.00395868
-0.000524026
-8.99998e-05
0.000393127
0
-0.00355144
-0.00160281
0.00195668
-0.00872819
-0.0050601
0.00206263
-0.0147535
-0.00889064
0.000718001
-0.0200898
-0.0118177
-0.00069414
-0.0238763
-0.0136595
-0.00163027
-0.0260977
-0.0148684
-0.00241841
-0.0273764
-0.0160135
-0.00337496
-3.15362e-06
-0.000561102
-0.00316921
-0.00703426
-0.010502
-0.0128518
-0.0143103
-0.0154011
-0.000168567
-0.000327037
-4.63299e-06
0
-0.00256703
-0.00200107
-0.000260231
-0.000909257
-0.00728838
-0.0058908
-0.0023307
-0.00369634
-0.0132601
-0.0108801
-0.00605088
-0.00836555
-0.0188819
-0.0152988
-0.00973181
-0.0132355
-0.0230897
-0.0183553
-0.0123671
-0.0170059
-0.025662
-0.0201886
-0.0140003
-0.0193924
-0.0270984
-0.0213768
-0.0151324
-0.0208219
-0.00105062
-1.85667e-05
0.000654084
0.00079857
0.000281615
8.86199e-05
0
-0.00467724
-0.00100856
0.000382611
0.00217216
0.000771182
0.00163139
-0.0102218
-0.00408941
-0.00179052
0.00180779
-0.000526323
0.00222032
-0.0162001
-0.00798699
-0.00451144
0.000328229
-0.00318354
0.00110948
-0.0211966
-0.0111972
-0.00657753
-0.000967732
-0.00565554
-0.000385913
-0.0245618
-0.0132796
-0.00789166
-0.00182356
-0.00730296
-0.00142859
-0.0264733
-0.0145972
-0.00889483
-0.00263546
-0.00840636
-0.00221271
-0.027648
-0.0219725
-0.0156918
-0.00999855
-0.00365661
-0.00939919
-0.00311133
-0.000130973
-0.00138021
-0.00474333
-0.0096317
-0.0143092
-0.0177234
-0.0198158
-0.021103
-0.000569646
0.000477081
0.000102813
-0.00277597
0.000646495
0.000765369
-0.00710861
-0.00112807
-1.42768e-05
-0.0120876
-0.00386501
-0.00248455
-0.0161983
-0.0061439
-0.00511063
-0.0189088
-0.00761024
-0.00696149
-0.0205207
-0.00865147
-0.00815487
-0.0216606
-0.00968124
-0.00914152
-6.05475e-05
-0.000174413
-4.68543e-05
0
-0.00213087
-0.00196567
-0.00112697
-0.00132351
-0.00659717
-0.00599642
-0.00420544
-0.00479274
-0.0125026
-0.0114379
-0.00899914
-0.0100424
-0.0182428
-0.016594
-0.0137823
-0.0154063
-0.0226569
-0.0204019
-0.0173757
-0.0195981
-0.0254175
-0.0227312
-0.019611
-0.0222657
-0.0269534
-0.0240931
-0.0209642
-0.0238048
-0.000768028
-0.00082579
-0.000439071
-0.000452387
-6.64282e-06
0.000243215
0.000378746
0.000150647
-4.2632e-06
5.49062e-05
3.03879e-05
0
-0.0040974
-0.00370749
-0.00236957
-0.00276107
-0.000766207
-0.000166791
0.000726082
0.000120118
-0.000160516
0.000267806
0.000720787
0.000296908
-0.00947004
-0.00865094
-0.00649276
-0.00729227
-0.00362096
-0.00260369
-0.000817767
-0.00183985
-0.00195129
-0.00116196
0.000199883
-0.000597403
-0.0154842
-0.0141405
-0.0114902
-0.0128114
-0.00751561
-0.00593131
-0.00352763
-0.00511203
-0.00555467
-0.00426832
-0.0021353
-0.00342315
-0.0206564
-0.0186951
-0.01576
-0.0176926
-0.010859
-0.00868071
-0.00590674
-0.0080883
-0.00931959
-0.00742975
-0.00481745
-0.00670816
-0.0242312
-0.0217285
-0.0186413
-0.0211099
-0.0130723
-0.0104542
-0.00746037
-0.0100872
-0.012101
-0.00967459
-0.00677532
-0.00920801
-0.0262921
-0.0234896
-0.0203591
-0.0231355
-0.0144562
-0.01163
-0.00852944
-0.0113649
-0.0138343
-0.0110851
-0.00802514
-0.010784
-0.0275126
-0.0246443
-0.0215162
-0.0243678
-0.0155426
-0.0126919
-0.00953609
-0.0124046
-0.0150007
-0.0121413
-0.00901739
-0.0118865
-0.000322652
-0.000226623
-0.000166814
-3.72821e-06
-6.78001e-05
0
-0.00304097
-0.00167144
-0.00126949
-0.000393039
-0.000811863
-0.000495505
-0.00799976
-0.00530623
-0.00451882
-0.00273779
-0.00352407
-0.00263579
-0.0140116
-0.0102596
-0.00895563
-0.00654494
-0.00783748
-0.0067065
-0.0194983
-0.0148149
-0.0129034
-0.010126
-0.0120231
-0.0110648
-0.023496
-0.0180496
-0.0156051
-0.0126171
-0.0150474
-0.0144145
-0.025888
-0.0200079
-0.0172493
-0.0141587
-0.0169081
-0.0165264
-0.0272387
-0.0212398
-0.0183904
-0.0152652
-0.0181182
-0.0178452
-0.00137253
-0.000724967
-4.45314e-05
-0.000294105
0.000570933
0.000968781
0.00101526
0.000666841
0.000589454
0.00036797
0.000189075
0.000222124
0.00012241
1.11036e-05
0
-0.00528872
-0.00321892
-0.00128791
-0.00187885
0.000531872
0.00133514
0.00223298
0.00142687
0.00208016
0.00138507
0.000783444
0.00180677
0.00122263
0.00143822
-0.0109801
-0.007734
-0.00457029
-0.00559014
-0.00145355
-0.000158092
0.0016513
0.00034046
0.00194546
0.000773037
-0.000257386
0.00215484
0.00111229
0.0022561
-0.0169002
-0.01267
-0.0084458
-0.0100376
-0.00419344
-0.00229313
0.000138999
-0.00178158
0.000521324
-0.00124308
-0.0028349
0.000914293
-0.000694586
0.00129881
-0.0217104
-0.0166136
-0.0115166
-0.0137008
-0.0063673
-0.0039157
-0.00109266
-0.0035768
-0.00083526
-0.00319453
-0.00539009
-0.000544652
-0.00276618
-0.000219001
-0.0248688
-0.0191588
-0.0134751
-0.0160951
-0.00775371
-0.00497267
-0.00191934
-0.00473736
-0.00172744
-0.00448808
-0.00713705
-0.00153097
-0.00421694
-0.00132211
-0.0266426
-0.0206745
-0.0147343
-0.0175588
-0.00877309
-0.00588915
-0.00274876
-0.00565548
-0.00252532
-0.00542708
-0.00828175
-0.00231419
-0.0052008
-0.00211328
-0.0277845
-0.0249406
-0.0218125
-0.0189973
-0.0158502
-0.0186792
-0.0130123
-0.00983615
-0.00697387
-0.00380358
-0.00666494
-0.00351384
-0.00638731
-0.00926835
-0.00324069
-0.00613143
-0.00298638
-6.45012e-05
-0.0016259
-0.00538121
-0.0107413
-0.0160107
-0.0200123
-0.0225067
-0.0239515
-0.000625534
0.000199107
1.64986e-05
-0.00321594
-5.32672e-06
0.000295219
-0.00796555
-0.00221284
-0.000864017
-0.0134828
-0.00552587
-0.00384421
-0.0182062
-0.00839275
-0.00707639
-0.0214299
-0.0102759
-0.0094485
-0.0233181
-0.0114989
-0.0109377
-0.0245049
-0.0125442
-0.0120136
-0.000303357
-0.000116011
-2.52912e-05
-0.00234419
-0.0010221
-0.00063743
-0.00663451
-0.00400985
-0.00306486
-0.0121289
-0.0083996
-0.00727184
-0.017155
-0.0124734
-0.0115532
-0.0207676
-0.0153352
-0.0147408
-0.0229403
-0.0170832
-0.0167229
-0.0242312
-0.0182534
-0.0179827
-0.00105783
-0.000382794
-0.000224183
0.000277679
0.000820941
0.000513867
0.000101596
0.000235575
3.74537e-05
-0.0042338
-0.00223965
-0.0015552
-0.000364468
0.00139797
0.00142242
0.000210416
0.00131773
0.00110498
-0.00934434
-0.00614452
-0.00504677
-0.0030083
9.75463e-05
0.000566661
-0.00148831
0.000955856
0.00123943
-0.0147824
-0.0105589
-0.00950232
-0.00632587
-0.00204163
-0.00151484
-0.0046918
-0.000968906
-0.0004234
-0.0191591
-0.014068
-0.0133126
-0.00895227
-0.00375139
-0.00339136
-0.00776715
-0.00298617
-0.00253502
-0.0220066
-0.0163176
-0.015858
-0.0106232
-0.0048563
-0.00461494
-0.00988717
-0.00435577
-0.0040706
-0.0236513
-0.0177043
-0.0174075
-0.0117589
-0.00577146
-0.0055408
-0.0112273
-0.00531388
-0.00508726
-0.0247887
-0.0188354
-0.0185316
-0.0128493
-0.00681513
-0.00652282
-0.012271
-0.00625724
-0.00600895
0
8.98087e-06
-0.00413186
-0.0139237
-0.0290558
-0.0485336
-0.070926
-0.0946434
-0.118743
0
-0.000428079
-0.0061803
-0.0170644
-0.0320534
-0.0507787
-0.0725822
-0.0960871
-0.119952
0.000260977
0.000322433
0.0003056
0
-0.00138518
-0.00454816
-0.00258488
-0.0083161
-0.0149413
-0.0110627
-0.0208749
-0.0300844
-0.0240769
-0.0383301
-0.0493065
-0.0409705
-0.05947
-0.0715627
-0.0613709
-0.0827016
-0.0952991
-0.0842171
-0.106672
-0.119325
-0.108028
0.000672476
-0.00138572
-0.00910286
-0.0219618
-0.0392338
-0.0601488
-0.0833394
-0.107318
8.74735e-05
0.000603595
0.000454923
0
-0.00052891
-0.00122388
-0.000350297
0.00034082
-0.00604319
-0.0085988
-0.00665802
-0.00420712
-0.017238
-0.0213201
-0.0183092
-0.0143322
-0.0335657
-0.0386851
-0.0345362
-0.0294712
-0.0539234
-0.0597364
-0.0546431
-0.0488315
-0.0767848
-0.0829893
-0.0774181
-0.071192
-0.100648
-0.106993
-0.101306
-0.094957
0.000258479
0.000650106
5.07932e-05
0.000105314
0.000551546
0.000219965
0
-0.00258149
-0.00278699
-0.00519139
-0.00421036
-0.00184119
-0.00132172
-0.0109459
-0.0118685
-0.0158257
-0.0139322
-0.00989945
-0.00847206
-0.0248196
-0.0258898
-0.0309305
-0.027946
-0.0228589
-0.0204483
-0.0433273
-0.0441631
-0.0499547
-0.0457684
-0.0399885
-0.0363964
-0.0651462
-0.0657976
-0.0720297
-0.0669111
-0.0606964
-0.0559859
-0.0886587
-0.0893056
-0.0956764
-0.0901335
-0.0837511
-0.0783591
-0.112713
-0.119028
-0.113326
-0.119636
-0.113984
-0.10766
-0.102058
0.000366031
-0.000267257
-0.00623026
-0.017675
-0.0339525
-0.0542016
-0.07706
-0.10097
0.000618884
0.000460599
0.000373984
-0.00253692
-0.00333812
-0.000711411
-0.0113031
-0.0127183
-0.00738459
-0.0252561
-0.0267681
-0.0192091
-0.0436515
-0.044865
-0.03534
-0.0654089
-0.0663019
-0.0552392
-0.0889601
-0.0896982
-0.0778543
-0.113023
-0.113641
-0.101669
7.12498e-06
0.000244792
0.000195052
0
-0.000222589
-0.000348361
7.87027e-05
0.000228204
-0.00504178
-0.00611034
-0.00517501
-0.00413829
-0.0155389
-0.0174364
-0.015965
-0.0141079
-0.0312768
-0.0337359
-0.0316794
-0.029241
-0.0512067
-0.0540414
-0.0514943
-0.0486599
-0.0738471
-0.0769119
-0.0741169
-0.0710455
-0.0976442
-0.100807
-0.0979618
-0.0947971
0.000286287
0.000490426
0.000643622
0.000473522
0.000695791
0.000578749
0.000543355
0.000631018
0.000257647
0.000431649
0.00020746
0
-0.00193982
-0.00252201
-0.00183602
-0.00126078
-0.00204117
-0.00302398
-0.00254427
-0.00157757
3.0243e-05
-0.000498581
-0.000284709
0.000214584
-0.00958618
-0.0111035
-0.0099095
-0.00843446
-0.0104465
-0.0122531
-0.0112721
-0.00946016
-0.00556051
-0.00698027
-0.00624676
-0.0048295
-0.022809
-0.0250163
-0.0232523
-0.0210768
-0.023892
-0.0262952
-0.0247817
-0.0223746
-0.0165891
-0.0187216
-0.0174837
-0.0153444
-0.0408003
-0.043466
-0.0411402
-0.038484
-0.0416705
-0.0444897
-0.0423992
-0.0395842
-0.0322789
-0.0349088
-0.033105
-0.0304759
-0.0622934
-0.0652611
-0.0625571
-0.0595842
-0.062957
-0.0660359
-0.0634822
-0.0604062
-0.0519522
-0.0549221
-0.052574
-0.0496089
-0.0856764
-0.0888043
-0.0859706
-0.0828378
-0.086318
-0.0894961
-0.0867195
-0.0835378
-0.0744807
-0.0776269
-0.0749314
-0.0717848
-0.109692
-0.11287
-0.110008
-0.106832
-0.110322
-0.113481
-0.110652
-0.107486
-0.0983016
-0.101484
-0.0986716
-0.0954832
0.000189164
0.000505722
0.000665996
0.000589449
0.000435202
0
-0.00091609
-0.000701882
-0.00126642
-0.000822631
-0.00027063
0.000367823
-0.00713405
-0.00737186
-0.00881839
-0.00783957
-0.00641003
-0.00434177
-0.0190162
-0.0194603
-0.0216128
-0.0201006
-0.0179632
-0.0146069
-0.0359166
-0.0362883
-0.0389346
-0.0368551
-0.0342185
-0.0297511
-0.0566785
-0.0569501
-0.0599251
-0.0573764
-0.0544026
-0.0490473
-0.0797374
-0.0800183
-0.0831565
-0.0803718
-0.0772289
-0.0713648
-0.103658
-0.10398
-0.107154
-0.104312
-0.101135
-0.095124
0.000166463
0.000518388
0.000527133
0.000666878
0.000298341
-0.000164029
-0.000114608
0.000301842
0.000247651
0.000442247
0.000492129
0.000296991
0.000298746
0.000115331
0
-0.00331158
-0.00332772
-0.00362346
-0.00262452
-0.00422124
-0.00563902
-0.00515248
-0.00373177
-0.00335147
-0.00217605
-0.00123
-0.00190483
-0.000985724
-0.000825975
-0.0123913
-0.0127776
-0.0133673
-0.0115548
-0.014237
-0.0163952
-0.0154669
-0.0132741
-0.0124641
-0.01043
-0.00860311
-0.00973134
-0.00787858
-0.00728687
-0.0269015
-0.0273294
-0.0279544
-0.0255455
-0.0288182
-0.0314539
-0.0299709
-0.0273155
-0.0259824
-0.0234231
-0.0210014
-0.0222332
-0.0197811
-0.0187262
-0.0459052
-0.0462162
-0.0467093
-0.0438839
-0.0473844
-0.0503441
-0.0482481
-0.0452902
-0.0433425
-0.0404491
-0.0376352
-0.0386555
-0.0358339
-0.0341964
-0.0680247
-0.0682883
-0.0686673
-0.0655882
-0.0691521
-0.0722961
-0.069732
-0.0665941
-0.0641232
-0.0610182
-0.0579477
-0.0586577
-0.0555937
-0.053359
-0.0916487
-0.0919561
-0.0922998
-0.089127
-0.0926844
-0.0958784
-0.0931069
-0.0899113
-0.0871695
-0.0839782
-0.080795
-0.0812796
-0.078099
-0.0754591
-0.115735
-0.118886
-0.116033
-0.119174
-0.116327
-0.113175
-0.11948
-0.116633
-0.119793
-0.11696
-0.113809
-0.111007
-0.107842
-0.104665
-0.105044
-0.101861
-0.0990716
0.000113491
-2.00847e-05
-0.00507983
-0.015732
-0.0314553
-0.0513287
-0.0739699
-0.0978006
0.000512234
0.000640606
0.000244135
-0.00184752
-0.00225544
-9.71389e-05
-0.00972609
-0.0108186
-0.0058629
-0.0230096
-0.024302
-0.016998
-0.0409468
-0.0420092
-0.0326615
-0.0624075
-0.0632045
-0.0522427
-0.085817
-0.0865122
-0.0746957
-0.10985
-0.110484
-0.0984826
0.000377518
0.000574202
0.000242387
-0.000762147
-0.00072384
9.18618e-05
-0.00722851
-0.00757249
-0.00533279
-0.019218
-0.0197519
-0.0162477
-0.0360791
-0.0365464
-0.0319528
-0.0567942
-0.0571446
-0.0517025
-0.0798687
-0.0801861
-0.0742874
-0.103818
-0.104144
-0.0981284
0.000395586
0.000557267
0.000699966
0.000438324
0.000113043
0.0004112
0.000558448
0.000402332
0.000156051
-0.00328563
-0.00343891
-0.00190061
-0.00388285
-0.00464233
-0.00290841
-0.000992212
-0.00153391
-0.000528131
-0.0125641
-0.0130421
-0.0101463
-0.0137624
-0.0148013
-0.0118168
-0.00818025
-0.00911668
-0.00671852
-0.0270935
-0.0276148
-0.0235444
-0.0283536
-0.0293546
-0.0253387
-0.0205143
-0.0215708
-0.018056
-0.0460377
-0.0464402
-0.0413813
-0.0470238
-0.0477917
-0.0428424
-0.037217
-0.0381129
-0.0336144
-0.0681415
-0.068464
-0.0627408
-0.0688971
-0.0694309
-0.0637888
-0.0576444
-0.0582855
-0.0529457
-0.0917982
-0.092123
-0.0861375
-0.0924869
-0.0928917
-0.0869393
-0.0805751
-0.0810305
-0.0751865
-0.115886
-0.116179
-0.110165
-0.116478
-0.116793
-0.110827
-0.104485
-0.104853
-0.0988687
