FiniteElementSpace
FiniteElementCollection: L2_2D_P3
VDim: 1
Ordering: 0

0.0144224
0.00614573
0.00743612
0.0101617
0.00465914
0.0030524
0.00511024
0.00794574
0.00105175
0.00130501
0.00287907
0.00480991
0.000842294
0.00106211
0.00178929
0.00254593
0.0038913
0.00359019
0.00320995
0.00292918
0.00305661
0.00283739
0.0025603
0.00235563
0.00220864
0.00207321
0.0019027
0.00177753
0.00172196
0.00163542
0.00152784
0.00145019
0.000553409
0.00045044
0.000333218
0.000256263
0.000536601
0.000448582
0.000348409
0.000282588
0.000545844
0.000474519
0.000393856
0.000341173
0.000573502
0.00051274
0.000444779
0.000400939
3.01903e-05
4.32465e-05
6.48217e-05
8.48937e-05
1.5362e-05
1.98929e-05
2.99055e-05
4.07102e-05
2.8738e-05
2.35226e-05
2.05034e-05
2.09825e-05
6.01823e-05
4.84277e-05
3.69204e-05
3.08442e-05
0.000250821
0.000250989
0.00025234
0.000254256
0.000147913
0.000148746
0.000150742
0.000152996
5.6464e-05
5.74064e-05
5.93455e-05
6.14105e-05
1.66142e-05
1.71732e-05
1.85678e-05
2.0174e-05
0.000154054
0.000142297
0.000128019
0.000117861
9.525e-05
8.77794e-05
7.89191e-05
7.27929e-05
4.32864e-05
3.99623e-05
3.63424e-05
3.41169e-05
2.1856e-05
2.06745e-05
1.97603e-05
1.95491e-05
2.64063e-05
2.25023e-05
1.79092e-05
1.47615e-05
1.59118e-05
1.34083e-05
1.05867e-05
8.74903e-06
9.31313e-06
7.98532e-06
6.67291e-06
5.96714e-06
9.80366e-06
8.86312e-06
8.07548e-06
7.78267e-06
5.01855e-07
3.47478e-07
1.92422e-07
1.05786e-07
3.32292e-07
2.19974e-07
1.27516e-07
9.17048e-08
1.19055e-06
1.00637e-06
8.49081e-07
7.81338e-07
2.71482e-06
2.36442e-06
2.02978e-06
1.85255e-06
0.00593788
0.00573089
0.00544946
0.00522591
0.00468338
0.0044952
0.00423881
0.00403483
0.00331297
0.00316666
0.00296665
0.00280764
0.0024671
0.0023591
0.002211
0.00209309
0.000369099
0.0003755
0.000393277
0.000413697
0.000254162
0.000253561
0.000264397
0.000281124
0.000333652
0.000306122
0.000285956
0.000281954
0.00055496
0.000496296
0.000438979
0.000409113
0.000145977
3.89929e-05
3.59086e-05
9.61599e-05
0.000122274
2.56276e-05
2.9495e-05
8.86716e-05
0.000123248
6.66587e-05
0.000171992
0.000316359
0.000179317
0.000160259
0.000403232
0.000673214
0.00182831
0.00161499
0.00135744
0.00117596
0.00153888
0.00137378
0.00117522
0.00103594
0.00125498
0.00114106
0.00100582
0.000912374
0.00110195
0.00101901
0.000922638
0.000857739
0.000552467
0.00054582
0.000546452
0.00055391
0.0004232
0.0004221
0.000430204
0.000443573
0.000297819
0.000296941
0.000306413
0.000321664
0.000235027
0.000229122
0.00023342
0.000245771
0.000475639
0.00048241
0.00049911
0.000518121
0.00033494
0.000340626
0.00035718
0.000376911
0.00026753
0.000260684
0.000263131
0.000273625
0.000302523
0.000278059
0.000259623
0.000255648
5.0565e-05
2.8442e-05
9.59942e-06
2.75124e-06
8.73853e-05
6.13529e-05
3.62904e-05
2.37305e-05
0.000157818
0.000127639
9.61823e-05
7.78547e-05
0.000225489
0.000192634
0.000157337
0.000135712
0.000402092
0.000379634
0.000356217
0.00034228
0.000396151
0.000381968
0.000369021
0.000362885
0.000388877
0.000386743
0.000389531
0.000395505
0.00038474
0.00039285
0.000409388
0.00042623
0.000521701
0.000502552
0.000486055
0.000479483
0.000446502
0.000436427
0.00043159
0.000433859
0.000353071
0.000352596
0.000360735
0.000373355
0.000285875
0.000291075
0.000307494
0.000327184
0.000166043
0.000179349
0.000198597
0.000214863
8.90661e-05
9.75588e-05
0.000110283
0.000121341
3.06453e-05
3.32361e-05
3.80925e-05
4.29518e-05
1.45354e-05
1.29164e-05
1.2345e-05
1.30473e-05
0.000160232
0.000151735
0.000141355
0.000133816
0.000238717
0.000231816
0.000223152
0.000216646
0.00037388
0.00037034
0.000365562
0.000361652
0.000504971
0.00050498
0.000504484
0.000503586
0.00026219
0.000245234
0.000225982
0.000213073
0.000311753
0.000299874
0.000286861
0.000278443
0.000392564
0.000389559
0.000387779
0.000387714
0.000468611
0.000474194
0.000483528
0.000491919
0.000232233
0.00022233
0.000210497
0.000202238
0.00014206
0.000136098
0.000129196
0.000124576
6.00819e-05
5.78582e-05
5.56198e-05
5.44341e-05
2.31233e-05
2.28083e-05
2.29533e-05
2.3523e-05
9.60725e-05
9.49422e-05
9.34375e-05
9.2339e-05
0.000165765
0.000162246
0.00015751
0.000153849
0.000290584
0.000282669
0.000272054
0.000263788
0.000413897
0.000401509
0.000384977
0.000372121
0.000111509
0.000108829
0.000105195
0.000102339
0.000193927
0.000190238
0.000185025
0.00018076
0.000340366
0.000335092
0.000327423
0.000320982
0.000484779
0.00047799
0.000468044
0.000459637
7.55292e-05
6.72864e-05
5.73708e-05
5.03955e-05
4.64325e-05
4.11308e-05
3.49361e-05
3.0724e-05
2.28957e-05
2.03371e-05
1.76262e-05
1.60125e-05
1.58462e-05
1.45694e-05
1.34985e-05
1.31185e-05
7.09685e-05
6.77405e-05
6.4145e-05
6.18556e-05
0.000101399
9.59999e-05
8.96349e-05
8.52739e-05
0.00015412
0.00014478
0.000133419
0.000125345
0.0002048
0.000191545
0.000175244
0.000163515
8.70862e-05
8.49821e-05
8.26068e-05
8.11119e-05
0.000136902
0.000132152
0.000126328
0.000122198
0.000225213
0.00021555
0.00020338
0.000194438
0.000311622
0.000296986
0.000278427
0.000264672
5.76176e-06
4.58368e-06
3.25447e-06
2.38869e-06
3.37855e-06
2.628e-06
1.84443e-06
1.38259e-06
3.24071e-06
2.7325e-06
2.28262e-06
2.08336e-06
5.51255e-06
4.92727e-06
4.41937e-06
4.20295e-06
2.74355e-05
2.48406e-05
2.19165e-05
1.99986e-05
3.4103e-05
3.07246e-05
2.68335e-05
2.42181e-05
4.49057e-05
4.02159e-05
3.47138e-05
3.09427e-05
5.47808e-05
4.88638e-05
4.186e-05
3.70163e-05
4.87978e-05
4.54478e-05
4.16885e-05
3.92456e-05
6.45538e-05
5.97668e-05
5.42035e-05
5.0434e-05
9.1011e-05
8.3709e-05
7.50047e-05
6.89385e-05
0.000115857
0.000106124
9.43946e-05
8.61252e-05
5.10833e-08
6.67347e-08
9.51861e-08
1.23035e-07
2.62865e-08
1.68461e-08
1.21645e-08
1.43067e-08
3.60644e-07
2.80413e-07
1.97968e-07
1.49165e-07
9.09978e-07
7.41797e-07
5.67608e-07
4.62614e-07
3.57061e-06
2.93238e-06
2.26732e-06
1.87606e-06
3.76561e-06
3.0203e-06
2.24329e-06
1.78774e-06
4.07686e-06
3.1644e-06
2.21424e-06
1.66087e-06
4.36813e-06
3.30607e-06
2.20227e-06
1.56342e-06
1.19368e-05
1.03891e-05
8.66306e-06
7.54451e-06
1.39866e-05
1.20956e-05
9.95762e-06
8.55216e-06
1.71909e-05
1.47535e-05
1.19631e-05
1.01057e-05
2.00406e-05
1.71112e-05
1.37363e-05
1.14762e-05
0.00719648
0.00681026
0.00631852
0.00593314
0.00574876
0.00544167
0.0050324
0.00471518
0.00393241
0.00376587
0.00355768
0.00340323
0.00265674
0.0026203
0.00259927
0.00260046
0.00219038
0.00214409
0.00216811
0.00220845
0.00124193
0.00129031
0.0013774
0.00144992
0.000541546
0.000606519
0.000694364
0.00076068
0.000297777
0.00034897
0.00040915
0.00044857
0.000682699
0.000643335
0.00119678
0.00186167
0.000331401
0.000323375
0.000674289
0.00109869
0.00018299
0.00012446
0.000254085
0.000444444
0.000158788
6.60839e-05
9.84564e-05
0.000180958
0.00277957
0.00251436
0.00218711
0.00195108
0.00224795
0.00204985
0.00180593
0.00163048
0.0017115
0.00158302
0.00142644
0.0013152
0.00140779
0.0013205
0.00121624
0.00114397
0.00126435
0.00119553
0.00111457
0.00105949
0.000999745
0.000959348
0.000914538
0.00088641
0.000738641
0.000724046
0.000712787
0.000710218
0.000598524
0.000595658
0.000600345
0.000610438
0.00149754
0.00143275
0.00135302
0.00129622
0.00111448
0.0010807
0.00104138
0.00101539
0.000747309
0.000740604
0.000737521
0.00073984
0.000560859
0.000565276
0.000578017
0.00059338
0.000220229
0.000163142
0.000102249
6.58133e-05
0.000250663
0.000197106
0.000139103
0.000103492
0.000312909
0.000263578
0.000209521
0.000175631
0.000374677
0.000328093
0.000276922
0.000244635
0.000400679
0.000356135
0.000307114
0.000276056
0.000426139
0.000387249
0.000344681
0.000317843
0.000455772
0.000424249
0.000390627
0.00037012
0.000474765
0.000448849
0.000422417
0.000407314
0.000581612
0.000526372
0.00046494
0.000425568
0.00056925
0.000525211
0.000477216
0.000447241
0.000554807
0.000523277
0.000490778
0.000472049
0.000544102
0.000520563
0.000498362
0.000487424
9.53647e-05
0.000111599
0.000135676
0.000156425
4.66406e-05
5.56105e-05
6.99065e-05
8.28813e-05
2.12759e-05
2.17254e-05
2.47059e-05
2.87863e-05
2.73079e-05
2.19139e-05
1.73572e-05
1.566e-05
3.59298e-05
2.82005e-05
2.04725e-05
1.62276e-05
6.08553e-05
5.011e-05
3.82012e-05
3.0537e-05
0.00011494
0.000101904
8.67858e-05
7.64517e-05
0.000171793
0.000158319
0.000142532
0.000131577
7.90821e-05
6.4837e-05
4.99143e-05
4.1064e-05
0.000116196
9.91618e-05
8.02696e-05
6.80887e-05
0.000178046
0.000159356
0.000138048
0.000123771
0.000234475
0.000216071
0.000195067
0.000180931
0.000252936
0.000247105
0.000240572
0.000236382
0.000152585
0.000149444
0.000146203
0.000144388
6.1671e-05
6.08812e-05
6.04945e-05
6.07226e-05
2.06481e-05
2.0898e-05
2.17816e-05
2.29217e-05
8.25699e-06
8.84893e-06
1.00781e-05
1.1413e-05
1.72222e-06
2.43104e-06
3.65624e-06
4.87709e-06
2.59806e-05
2.6156e-05
2.64859e-05
2.68762e-05
6.94908e-05
6.87664e-05
6.7774e-05
6.70416e-05
5.20333e-06
5.53061e-06
6.51934e-06
7.73827e-06
1.32235e-06
1.00678e-06
9.87821e-07
1.30891e-06
2.99281e-05
2.85897e-05
2.70184e-05
2.59827e-05
7.7254e-05
7.50401e-05
7.21613e-05
6.99938e-05
0.0001121
0.000101738
8.91916e-05
8.0299e-05
6.92389e-05
6.25972e-05
5.47584e-05
4.93668e-05
3.26284e-05
2.95414e-05
2.62066e-05
2.41716e-05
1.90946e-05
1.77798e-05
1.66944e-05
1.63408e-05
1.61236e-05
1.54297e-05
1.51071e-05
1.53049e-05
1.72949e-05
1.71569e-05
1.74991e-05
1.81644e-05
3.55565e-05
3.49883e-05
3.47409e-05
3.49388e-05
6.24706e-05
6.06853e-05
5.88678e-05
5.78808e-05
1.6106e-05
1.56992e-05
1.5731e-05
1.62005e-05
1.46727e-05
1.50059e-05
1.59143e-05
1.69949e-05
3.41848e-05
3.42423e-05
3.4718e-05
3.54205e-05
6.55981e-05
6.44958e-05
6.34362e-05
6.29523e-05
1.32838e-05
1.09905e-05
8.3389e-06
6.559e-06
7.88988e-06
6.4258e-06
4.82485e-06
3.82109e-06
5.53245e-06
4.68565e-06
3.89071e-06
3.49833e-06
7.43178e-06
6.6818e-06
6.04807e-06
5.8008e-06
9.15469e-06
8.37298e-06
7.70523e-06
7.43573e-06
1.31674e-05
1.21921e-05
1.1291e-05
1.08556e-05
2.22161e-05
2.05526e-05
1.88161e-05
1.77862e-05
3.2136e-05
2.96062e-05
2.68152e-05
2.50337e-05
1.12968e-05
1.043e-05
9.73691e-06
9.51374e-06
1.56824e-05
1.47292e-05
1.39303e-05
1.363e-05
2.73707e-05
2.56956e-05
2.40088e-05
2.30682e-05
4.09793e-05
3.82787e-05
3.53294e-05
3.34781e-05
7.35043e-08
5.96216e-08
5.26214e-08
5.3346e-08
8.0377e-08
4.99714e-08
3.1639e-08
2.96258e-08
7.14753e-07
5.90755e-07
4.76384e-07
4.17676e-07
1.6977e-06
1.43725e-06
1.1767e-06
1.02741e-06
2.24705e-06
1.9123e-06
1.56951e-06
1.36733e-06
3.22157e-06
2.75352e-06
2.26156e-06
1.96299e-06
4.80195e-06
4.0984e-06
3.34299e-06
2.87452e-06
6.25249e-06
5.3168e-06
4.30154e-06
3.66578e-06
3.60106e-06
3.15228e-06
2.7039e-06
2.44952e-06
5.21733e-06
4.57953e-06
3.91275e-06
3.51127e-06
7.9953e-06
7.00037e-06
5.91993e-06
5.23965e-06
1.06536e-05
9.2963e-06
7.7947e-06
6.82986e-06
0.00505451
0.00475078
0.00435576
0.00405558
0.00391114
0.00368723
0.00339485
0.00317201
0.00273427
0.00259591
0.00241457
0.00227621
0.00204777
0.00196171
0.00184894
0.00176329
0.00173378
0.00167116
0.00158925
0.00152733
0.0012229
0.00119296
0.00115483
0.00112713
0.000743273
0.000741272
0.000741857
0.0007453
0.000511108
0.000519485
0.000535868
0.000552988
0.00207248
0.00198052
0.00185967
0.00176781
0.00137988
0.00133714
0.00128196
0.00124101
0.000750952
0.000746403
0.000744526
0.000746582
0.000467214
0.00047316
0.000488893
0.000507118
0.000419078
0.000427848
0.000446561
0.000466751
0.000286405
0.000291741
0.000307884
0.000327316
0.000279161
0.000266386
0.000261883
0.000267555
0.000394393
0.000358573
0.000326542
0.000312967
0.000488174
0.000436488
0.000385375
0.000358322
0.000730583
0.000643558
0.000548952
0.000490353
0.00122357
0.00108056
0.000916584
0.000807413
0.00173672
0.00154336
0.00131678
0.00116186
0.000703155
0.000630935
0.000555441
0.000511062
0.00107286
0.00096635
0.000848407
0.000773194
0.00174971
0.00159558
0.0014185
0.00130016
0.0024137
0.00222186
0.00199762
0.00184465
0.000209927
0.000249955
0.000303423
0.000343088
0.000169197
0.0001886
0.000217242
0.000241368
0.000357172
0.000347642
0.000344089
0.000347476
0.000699084
0.000656785
0.000619395
0.000597389
0.000924119
0.000855255
0.000786109
0.000751316
0.00148802
0.00135526
0.0012105
0.00112094
0.00240921
0.00219389
0.00195191
0.00179385
0.00324054
0.00296066
0.00265659
0.00245833
0.000222061
0.000254281
0.000598257
0.000965815
0.000334407
0.000466934
0.00112087
0.00183057
0.00125009
0.00110801
0.00210252
0.00316674
0.00322561
0.0020515
0.00309678
0.00425885
0.00108371
0.000926952
0.00074227
0.000615741
0.000964212
0.000837604
0.000689015
0.000587634
0.000861436
0.000767599
0.000658803
0.000585599
0.000819018
0.000745476
0.000661753
0.000606634
0.000793589
0.000729777
0.000657939
0.000611294
0.000719784
0.00067344
0.000623042
0.000591806
0.000640598
0.000612128
0.000584185
0.000569499
0.000591697
0.000573309
0.000558481
0.00055381
0.00102583
0.00095713
0.000878455
0.00082644
0.000866724
0.000821607
0.000772386
0.000741933
0.000703734
0.000681218
0.000660812
0.000651912
0.000610516
0.000599429
0.000594137
0.000596952
0.000551286
0.000537543
0.000528798
0.00052882
0.000445007
0.000439162
0.000440693
0.000448604
0.000325676
0.000325527
0.00033521
0.000349965
0.000249659
0.000250428
0.000262423
0.000279845
0.000201047
0.000201275
0.000213332
0.000231416
0.00010816
0.000106068
0.000116094
0.000133434
3.98527e-05
2.99367e-05
3.18313e-05
4.46077e-05
3.03037e-05
1.09546e-05
2.70492e-06
9.4348e-06
0.000200044
0.000189591
0.000188852
0.000198034
0.000144083
0.000122429
0.000108268
0.000108082
0.000147185
0.00010428
6.46113e-05
4.6595e-05
0.0002099
0.000145835
8.07414e-05
4.49335e-05
0.000524999
0.000525823
0.000535702
0.000550039
0.000384135
0.000387247
0.000400779
0.000418373
0.000276171
0.000273092
0.00028013
0.0002939
0.000250769
0.000236213
0.000229985
0.000234864
0.000245091
0.000221814
0.000205275
0.000203043
0.000259895
0.000216491
0.000175138
0.000154934
0.000384586
0.000306888
0.000223201
0.00017234
0.000562391
0.000452494
0.00032902
0.000249339
0.000340724
0.000303624
0.000270015
0.000255356
0.000456696
0.000391346
0.00032276
0.000282594
0.000747239
0.000635942
0.000510242
0.000428335
0.00107725
0.000924039
0.000746115
0.000625989
1.95144e-06
2.9296e-06
1.11315e-05
2.27249e-05
1.92124e-05
1.24928e-05
9.95236e-06
1.26932e-05
6.85102e-05
5.31983e-05
3.8882e-05
3.20522e-05
0.000123061
0.000102084
8.02794e-05
6.75467e-05
0.000150631
0.000127714
0.000103135
8.80568e-05
0.000195487
0.000171152
0.000144253
0.000126997
0.000259069
0.000234813
0.000207675
0.000189926
0.000310402
0.000287688
0.000262494
0.000246151
0.000256719
0.000223398
0.000187134
0.000164458
0.000299581
0.000267633
0.000232488
0.000210122
0.000354015
0.000325172
0.000293592
0.00027355
0.000393446
0.000367961
0.00034067
0.000323825
0.000330211
0.000309705
0.000287288
0.000272984
0.000354963
0.000341283
0.000327407
0.000319384
0.000394335
0.000391625
0.000391883
0.000394574
0.000431291
0.000438638
0.00045215
0.000465123
0.000446929
0.000461013
0.000483429
0.000503333
0.000478923
0.000507971
0.000549774
0.000584491
0.000558182
0.000608633
0.000678816
0.00073572
0.000652728
0.000721455
0.000816295
0.00089278
0.000373829
0.000388537
0.000413985
0.000437916
0.000349085
0.000378205
0.00042263
0.000461314
0.000347747
0.000396605
0.000467783
0.000527847
0.00037436
0.000439506
0.000533269
0.000611749
0.00046912
0.000447005
0.000425482
0.000414108
0.000428758
0.000415767
0.000405881
0.000403257
0.000375007
0.000373709
0.000379301
0.000388768
0.000333895
0.000341424
0.000359169
0.000378486
0.000300505
0.000313342
0.000338491
0.000363888
0.000229638
0.000253688
0.000293961
0.000331407
0.000167406
0.00020541
0.000265378
0.000319182
0.000145947
0.000194517
0.000270039
0.000337219
0.000238625
0.000246689
0.00026748
0.000291045
0.000142321
0.000155841
0.000184522
0.0002148
5.4008e-05
7.1945e-05
0.000108242
0.000145889
1.74888e-05
3.705e-05
7.75116e-05
0.000120016
0.000221328
0.000228461
0.000239121
0.000248373
0.00012588
0.000131047
0.000138916
0.000145855
4.4922e-05
4.72968e-05
5.13461e-05
5.52071e-05
1.31664e-05
1.33079e-05
1.44554e-05
1.6076e-05
5.5823e-06
4.75237e-06
4.52832e-06
5.01446e-06
8.04374e-06
5.63136e-06
3.16174e-06
1.7838e-06
4.34241e-05
3.93776e-05
3.4555e-05
3.11914e-05
9.45529e-05
8.96451e-05
8.354e-05
7.90578e-05
1.38184e-05
1.04571e-05
7.50473e-06
6.28715e-06
2.62911e-05
2.04472e-05
1.40539e-05
1.00293e-05
7.06289e-05
6.26241e-05
5.31953e-05
4.66506e-05
0.000125221
0.000116452
0.000105893
9.83558e-05
0.000129949
0.000124898
0.000118435
0.000113548
0.000213079
0.000208177
0.000201584
0.00019635
0.000358951
0.000354733
0.000348561
0.000343289
0.000501901
0.000498527
0.0004931
0.000488127
0.000590163
0.000587397
0.000582542
0.000577845
0.000782728
0.000781323
0.000777718
0.000773589
0.00109998
0.0010999
0.00109745
0.00109377
0.00140119
0.00140159
0.00139944
0.00139574
0.000584827
0.000587323
0.000589849
0.000591102
0.000758531
0.000766644
0.00077591
0.000781899
0.00104851
0.00106458
0.00108365
0.00109673
0.00132693
0.00134958
0.00137693
0.00139613
0.000204417
0.000191742
0.000176834
0.000166418
0.000271911
0.000262512
0.000251489
0.000243756
0.000385285
0.000382086
0.0003787
0.00037647
0.000493693
0.000496762
0.000501296
0.000504936
0.000557732
0.000565161
0.000575216
0.000582968
0.000696115
0.000713376
0.00073571
0.000752485
0.000933193
0.000964844
0.00100555
0.00103613
0.00116539
0.00120945
0.00126627
0.00130916
0.000510443
0.000521918
0.000538891
0.00055311
0.000599657
0.000624351
0.000658175
0.000685055
0.000763124
0.00080712
0.000866089
0.000912264
0.000930711
0.000991421
0.0010725
0.0011359
0.000196478
0.000184689
0.000170402
0.000160262
0.000121121
0.000113759
0.000105051
9.90563e-05
5.31865e-05
5.0108e-05
4.67924e-05
4.47989e-05
2.34264e-05
2.25874e-05
2.2087e-05
2.21812e-05
1.47182e-05
1.46989e-05
1.51875e-05
1.59851e-05
1.05184e-05
1.12808e-05
1.26734e-05
1.40847e-05
3.10358e-05
3.16068e-05
3.26289e-05
3.36757e-05
6.67066e-05
6.62128e-05
6.57775e-05
6.56638e-05
1.19235e-05
1.22995e-05
1.3253e-05
1.43792e-05
5.65493e-06
6.62454e-06
8.2136e-06
9.73094e-06
2.74905e-05
2.82028e-05
2.92911e-05
3.031e-05
6.71607e-05
6.69062e-05
6.66198e-05
6.65066e-05
9.20325e-05
9.0566e-05
8.88226e-05
8.7682e-05
0.000152134
0.000148029
0.000142795
0.000138945
0.000259431
0.000250421
0.00023876
0.000229972
0.00036505
0.000351049
0.000332898
0.00031916
0.000429188
0.000411948
0.000389605
0.000372683
0.000567497
0.000543031
0.000511321
0.000487268
0.000788963
0.000752619
0.0007056
0.000669958
0.000993133
0.000945526
0.000884064
0.000837546
0.00048956
0.000474219
0.000453805
0.000437956
0.000653706
0.000631728
0.000602588
0.000580002
0.000918248
0.000885173
0.000841567
0.000807904
0.00116388
0.0011201
0.00106263
0.00101843
0.000101475
0.000100042
9.80127e-05
9.64038e-05
0.000179002
0.000175716
0.000171078
0.000167328
0.000317666
0.000311082
0.000301872
0.000294418
0.000454761
0.000444858
0.00043112
0.000420053
0.000539489
0.000527363
0.000510623
0.000497182
0.000724041
0.00070689
0.000683369
0.000664561
0.0010234
0.000997593
0.000962564
0.00093478
0.00130331
0.00126891
0.0012226
0.00118612
0.000574275
0.000566468
0.000555024
0.00054534
0.000769592
0.000759471
0.000744616
0.000732026
0.00108863
0.00107406
0.00105299
0.00103531
0.00138907
0.00136971
0.00134215
0.00131932
4.68248e-05
4.0867e-05
3.37674e-05
2.8828e-05
2.85491e-05
2.47177e-05
2.03073e-05
1.73607e-05
1.50331e-05
1.31078e-05
1.11269e-05
9.99512e-06
1.26461e-05
1.15146e-05
1.0566e-05
1.02206e-05
1.33576e-05
1.24555e-05
1.17918e-05
1.16532e-05
1.75048e-05
1.66915e-05
1.61325e-05
1.60657e-05
3.17627e-05
3.02617e-05
2.88423e-05
2.81443e-05
4.95612e-05
4.69125e-05
4.40623e-05
4.23194e-05
1.50804e-05
1.42257e-05
1.36759e-05
1.36731e-05
1.81754e-05
1.76372e-05
1.74662e-05
1.77296e-05
3.46837e-05
3.3562e-05
3.26388e-05
3.23355e-05
5.69907e-05
5.46542e-05
5.2194e-05
5.07517e-05
6.02314e-05
5.68035e-05
5.29721e-05
5.05049e-05
8.2615e-05
7.7377e-05
7.12553e-05
6.709e-05
0.000120824
0.000112355
0.000102169
9.50079e-05
0.000157148
0.000145511
0.000131355
0.00012128
0.000177925
0.000164395
0.000147866
0.000136047
0.000220748
0.000203186
0.000181571
0.000165992
0.000287511
0.000263598
0.000234006
0.000212557
0.000347209
0.00031756
0.000280789
0.000254078
0.000234285
0.000218641
0.000199325
0.000185367
0.000295965
0.000275156
0.000249292
0.000230466
0.000392774
0.00036375
0.000327516
0.000301012
0.000480019
0.000443492
0.000397819
0.000364352
8.01075e-05
7.73514e-05
7.42811e-05
7.2347e-05
0.000119818
0.000114592
0.000108341
0.000104004
0.0001895
0.000179729
0.000167668
0.000158974
0.000257137
0.000242804
0.000224938
0.000211912
0.000297113
0.000279936
0.000258456
0.000242738
0.000381774
0.00035837
0.000328954
0.000307298
0.000515551
0.000482149
0.000440036
0.000408921
0.000637051
0.00059441
0.000540608
0.000500817
0.000363433
0.000345633
0.000323021
0.00030622
0.00047427
0.00044947
0.00041787
0.000394294
0.000650585
0.000614421
0.000568296
0.000533821
0.000811936
0.000765145
0.00070549
0.000660904
2.02153e-06
1.5193e-06
9.74136e-07
6.36043e-07
1.19431e-06
8.69263e-07
5.55757e-07
3.91528e-07
1.93539e-06
1.63666e-06
1.38391e-06
1.28086e-06
3.96798e-06
3.51411e-06
3.10245e-06
2.9062e-06
5.23053e-06
4.67021e-06
4.1347e-06
3.85353e-06
7.65332e-06
6.86396e-06
6.05859e-06
5.59111e-06
1.21073e-05
1.08328e-05
9.45399e-06
8.59051e-06
1.65422e-05
1.47493e-05
1.27555e-05
1.14663e-05
7.09971e-06
6.42594e-06
5.81545e-06
5.5285e-06
1.03804e-05
9.47025e-06
8.57768e-06
8.09284e-06
1.69582e-05
1.54459e-05
1.38312e-05
1.28394e-05
2.38063e-05
2.16029e-05
1.91569e-05
1.75801e-05
1.87956e-05
1.67214e-05
1.43889e-05
1.28619e-05
2.26996e-05
2.00906e-05
1.71059e-05
1.5115e-05
2.89102e-05
2.54277e-05
2.13822e-05
1.8641e-05
3.45085e-05
3.0223e-05
2.52067e-05
2.17819e-05
3.74379e-05
3.27143e-05
2.71674e-05
2.33688e-05
4.28654e-05
3.72958e-05
3.07026e-05
2.6151e-05
5.12269e-05
4.43739e-05
3.62119e-05
3.05443e-05
5.85348e-05
5.05796e-05
4.10803e-05
3.44681e-05
6.00941e-05
5.34911e-05
4.56458e-05
4.02003e-05
7.03256e-05
6.23548e-05
5.28068e-05
4.61243e-05
8.60413e-05
7.5975e-05
6.38411e-05
5.52964e-05
9.98017e-05
8.79098e-05
7.35362e-05
6.33882e-05
3.76077e-05
3.45613e-05
3.11323e-05
2.88899e-05
4.81635e-05
4.40297e-05
3.92462e-05
3.60165e-05
6.55802e-05
5.95837e-05
5.24916e-05
4.75882e-05
8.17224e-05
7.39532e-05
6.46722e-05
5.81886e-05
9.06078e-05
8.18247e-05
7.12894e-05
6.38991e-05
0.000108204
9.73457e-05
8.42146e-05
7.49259e-05
0.000135316
0.000121248
0.000104129
9.19434e-05
0.000159195
0.000142295
0.000121673
0.000106957
0.00012981
0.000118656
0.000105155
9.55948e-05
0.000158058
0.00014393
0.000126694
0.000114387
0.000201819
0.000183049
0.000160013
0.000143464
0.000240645
0.00021773
0.000189537
0.000169232
1.03961e-07
9.14625e-08
6.77746e-08
6.61869e-08
1.71892e-08
2.43691e-09
1.45155e-08
8.38856e-08
1.59822e-07
8.96492e-08
9.42564e-08
2.37527e-07
4.40318e-07
2.78298e-07
2.23891e-07
4.02778e-07
6.3899e-07
4.29191e-07
2.88428e-07
3.52779e-07
8.54341e-07
5.75592e-07
3.32276e-07
2.8681e-07
1.1856e-06
8.14693e-07
4.47188e-07
2.80775e-07
1.47459e-06
1.03909e-06
5.87025e-07
3.43495e-07
1.22417e-06
1.01413e-06
8.05634e-07
6.87376e-07
1.77313e-06
1.47427e-06
1.1689e-06
9.90642e-07
2.60443e-06
2.16136e-06
1.70027e-06
1.42718e-06
3.31619e-06
2.74111e-06
2.13847e-06
1.78013e-06
1.55071e-06
1.10414e-06
6.3412e-07
3.68483e-07
1.45101e-06
1.03613e-06
5.95239e-07
3.4523e-07
1.3332e-06
9.84262e-07
6.0971e-07
4.08943e-07
1.25472e-06
9.66783e-07
6.63451e-07
5.24286e-07
1.1196e-06
8.52421e-07
6.29993e-07
6.25119e-07
9.48793e-07
6.71864e-07
4.30966e-07
3.8235e-07
9.7803e-07
6.17341e-07
2.82418e-07
1.56882e-07
1.22579e-06
7.51492e-07
2.99929e-07
1.03705e-07
4.48188e-06
3.34325e-06
2.14664e-06
1.44337e-06
4.55809e-06
3.34052e-06
2.05018e-06
1.28585e-06
4.91308e-06
3.60024e-06
2.19796e-06
1.35956e-06
5.36233e-06
3.99305e-06
2.52401e-06
1.64002e-06
6.89684e-06
5.84018e-06
4.68792e-06
3.96288e-06
7.78302e-06
6.51706e-06
5.12073e-06
4.23209e-06
9.14866e-06
7.55999e-06
5.78968e-06
4.65191e-06
1.0352e-05
8.48147e-06
6.3862e-06
5.03296e-06
1.09212e-05
8.9095e-06
6.65086e-06
5.18948e-06
1.17755e-05
9.52474e-06
6.98003e-06
5.32239e-06
1.32528e-05
1.06531e-05
7.69914e-06
5.7659e-06
1.46323e-05
1.17497e-05
8.46769e-06
6.31611e-06
2.14753e-05
1.82856e-05
1.46017e-05
1.21294e-05
2.39705e-05
2.02975e-05
1.60227e-05
1.31318e-05
2.78951e-05
2.34972e-05
1.83498e-05
1.48503e-05
3.13608e-05
2.63516e-05
2.0475e-05
1.64717e-05
