FiniteElementSpace
FiniteElementCollection: H1_2D_P2
VDim: 2
Ordering: 0

0
0.00529263
0.0031615
-0.00596385
-0.021518
-0.04164
-0.0615385
-0.0715614
-0.0749169
0
-0.0205203
-0.037402
-0.0491185
-0.0530485
-0.0459584
-0.0303251
-0.0207317
-0.0196721
0.00334385
-0.00725444
-0.0105836
0
0.00511712
-0.0168055
-0.0295273
-0.000539914
-0.0274044
-0.0440233
-0.013015
-0.0374669
-0.052285
-0.0312021
-0.0441899
-0.0509828
-0.0521256
-0.0461961
-0.0385367
-0.0683887
-0.0463756
-0.0237694
-0.0723906
-0.0475425
-0.0201068
-0.00279218
-0.0118815
-0.0220299
-0.0326665
-0.0414176
-0.0456847
-0.0463132
-0.0463778
0.00149575
0.000365041
-0.000947916
0
0.00543669
-0.00279044
-0.00953943
-0.000621671
0.00152895
-0.0105519
-0.0193866
-0.00610544
-0.00929511
-0.0223519
-0.0300697
-0.0160315
-0.0262343
-0.036286
-0.0395721
-0.0292274
-0.046936
-0.0491882
-0.0450888
-0.0430891
-0.0653794
-0.0579564
-0.0462688
-0.0542217
-0.072018
-0.0612776
-0.0463572
-0.0602258
0.00462238
-0.0049952
-0.0141356
-0.0156292
-0.00642931
-0.00534367
0
0.00435728
-0.0143017
-0.0277022
-0.0336105
-0.021173
-0.0251615
-0.00304064
-0.0247124
-0.0388915
-0.0467843
-0.033676
-0.0408828
-0.0170993
-0.0351486
-0.0456732
-0.052997
-0.0430239
-0.0509717
-0.0363626
-0.042965
-0.0451624
-0.0488268
-0.0464528
-0.0523884
-0.057054
-0.0460288
-0.038043
-0.0343869
-0.0420524
-0.0424734
-0.0704419
-0.0463548
-0.0323421
-0.0217837
-0.0345159
-0.0266836
-0.0733827
-0.0623661
-0.0466912
-0.0322387
-0.0195242
-0.0311437
-0.0203484
0.000266464
-0.00156453
-0.00819125
-0.0191023
-0.0327601
-0.0462525
-0.0562631
-0.0608429
3.66478e-05
-0.0103883
-0.00241056
-0.00430382
-0.0245
-0.0177219
-0.0131723
-0.0363964
-0.0307679
-0.0257416
-0.0445599
-0.0411171
-0.0397483
-0.0460648
-0.0463163
-0.0518552
-0.0400769
-0.0437939
-0.0592794
-0.0332602
-0.0361369
-0.061784
-0.0310577
-0.0316537
0.000522076
0.000892617
9.25721e-05
0
0.00542518
0.00212318
-0.00105785
0.00246731
0.00240001
-0.00303837
-0.00711328
-0.001189
-0.00757964
-0.0139602
-0.0175425
-0.0107326
-0.0238419
-0.0294256
-0.0309912
-0.0252535
-0.0442929
-0.0466822
-0.0446964
-0.0424228
-0.0635504
-0.0610072
-0.0552846
-0.058028
-0.071846
-0.0670766
-0.0605683
-0.066401
0.00406238
0.00240209
0.000248126
0.00188355
-0.00387675
-0.00765785
-0.00843911
-0.00454041
-0.000334057
-0.00163859
-0.000856946
0
0.00479184
0.000289394
-0.00351099
0.00139433
-0.0130812
-0.0194386
-0.0228518
-0.0165561
-0.00839164
-0.0136467
-0.0159469
-0.0106913
-0.0017367
-0.00782315
-0.0118309
-0.00525317
-0.023368
-0.0306066
-0.0350618
-0.027904
-0.0180872
-0.0251256
-0.0292532
-0.0222978
-0.0150136
-0.0212562
-0.0240319
-0.0174789
-0.033925
-0.0398968
-0.0438416
-0.0378921
-0.0287429
-0.0356435
-0.0400409
-0.0331998
-0.0337629
-0.0380757
-0.0380288
-0.03372
-0.0422305
-0.0445316
-0.0463245
-0.043959
-0.0385492
-0.0429748
-0.0460561
-0.0416071
-0.0546328
-0.0545814
-0.0505576
-0.0507665
-0.0458841
-0.0430457
-0.0410836
-0.0438669
-0.0446794
-0.0444453
-0.0445318
-0.0446862
-0.0695368
-0.0652254
-0.0586651
-0.0634277
-0.0463348
-0.0397351
-0.0338419
-0.0403711
-0.0462398
-0.0411779
-0.0370631
-0.0421055
-0.0727763
-0.0681732
-0.0615055
-0.067537
-0.046476
-0.0387166
-0.0310107
-0.0385927
-0.0463695
-0.0388561
-0.0319762
-0.0392479
0.00248281
0.000371197
-0.00118346
-0.0017931
-0.000327871
0
0.00533271
-0.00214167
-0.00726001
-0.0107016
-0.00548618
-0.00388231
0.000548997
-0.00933804
-0.0162015
-0.0207018
-0.0136979
-0.0113662
-0.011108
-0.0207071
-0.0274547
-0.0313795
-0.0245192
-0.021641
-0.0286904
-0.0345275
-0.038855
-0.0405299
-0.0361553
-0.0333214
-0.0495529
-0.0477517
-0.0474731
-0.0454221
-0.0457026
-0.0436646
-0.0669964
-0.0571547
-0.0522157
-0.0462921
-0.0513256
-0.0502563
-0.072172
-0.0610688
-0.0540629
-0.0463498
-0.0537989
-0.0534552
0.00502892
-0.000255683
-0.00612302
-0.00243285
-0.0122839
-0.0174681
-0.0181034
-0.0130887
-0.0131132
-0.0084851
-0.00437983
-0.00802555
-0.00362864
-0.00235343
0
0.00381407
-0.00516872
-0.0155434
-0.00921859
-0.0261172
-0.0328304
-0.0355436
-0.0293113
-0.0316047
-0.0255753
-0.0194634
-0.0273795
-0.0216281
-0.0228747
-0.00445022
-0.0145737
-0.0260594
-0.0188577
-0.0376747
-0.0442922
-0.0480078
-0.0418866
-0.0454538
-0.0391477
-0.0322433
-0.0424977
-0.0361176
-0.0391827
-0.0192692
-0.0274755
-0.0363314
-0.0304045
-0.0451725
-0.0495507
-0.0531086
-0.0490003
-0.0527197
-0.0479038
-0.0421135
-0.0516994
-0.0463157
-0.0501086
-0.0389925
-0.0414376
-0.0436186
-0.0413721
-0.0456759
-0.0456037
-0.0474774
-0.0475259
-0.0499975
-0.0488354
-0.0464496
-0.0517799
-0.049507
-0.0528099
-0.059363
-0.0530778
-0.0461296
-0.0489829
-0.0390556
-0.034075
-0.0323237
-0.0371673
-0.0364706
-0.0402672
-0.0429621
-0.0405484
-0.0431414
-0.0442846
-0.0711087
-0.059798
-0.0463698
-0.0529301
-0.0327651
-0.0259963
-0.0211499
-0.0271471
-0.0226529
-0.0288895
-0.0352838
-0.0251177
-0.0312419
-0.0284298
-0.074164
-0.0690392
-0.0621193
-0.0552057
-0.047054
-0.0544909
-0.0397457
-0.0313906
-0.0252639
-0.0192832
-0.0243928
-0.0198715
-0.0247216
-0.0313705
-0.0202509
-0.0252628
-0.0204851
0.000306992
0.00234443
-0.00206747
-0.0123082
-0.0273209
-0.0445687
-0.059582
-0.0667881
0.00220277
-0.00610506
-0.000561488
0.000888748
-0.0180002
-0.0121766
-0.00649456
-0.0292667
-0.0237166
-0.0193376
-0.0389282
-0.0344431
-0.0358944
-0.0442978
-0.0423366
-0.0527137
-0.0434796
-0.0446125
-0.0644066
-0.0400318
-0.0416327
-0.0678078
-0.0385796
-0.0390414
0.00144815
-0.000689562
-0.000111619
0.00180616
-0.00635061
-0.00466412
-0.00410053
-0.0149293
-0.0125096
-0.0156851
-0.0259824
-0.0230705
-0.0315612
-0.0375251
-0.034752
-0.048752
-0.0466214
-0.0447167
-0.0622923
-0.0517926
-0.0508148
-0.0673099
-0.053928
-0.0536459
0.00248861
-0.00313806
-0.00177388
-0.00918611
-0.0153067
-0.0108137
-0.00301077
-0.00609729
-0.00126899
-0.000403134
-0.0102689
-0.00821566
-0.0208714
-0.0310987
-0.0274699
-0.0151056
-0.0236282
-0.0195752
-0.00923661
-0.0202354
-0.017512
-0.0319193
-0.0431339
-0.040556
-0.0265225
-0.0376667
-0.0345044
-0.0232301
-0.0318702
-0.0289308
-0.0407919
-0.0493471
-0.048517
-0.0367952
-0.0471677
-0.0453549
-0.0402551
-0.0425486
-0.0401392
-0.0446606
-0.0466383
-0.04826
-0.043517
-0.0492512
-0.0496058
-0.0563569
-0.0496474
-0.0482595
-0.0425824
-0.0356042
-0.0387318
-0.0441932
-0.0417456
-0.0444337
-0.0658873
-0.0532169
-0.0525958
-0.0394764
-0.0265048
-0.0279385
-0.0407549
-0.0299939
-0.0326104
-0.0686183
-0.0548394
-0.0542371
-0.0390763
-0.0245467
-0.0245104
-0.0386977
-0.0249779
-0.0255923
0
0.0112474
0.0370702
0.0673539
0.0941758
0.108563
0.101285
0.0744379
0.0434739
0
0.0171368
0.040627
0.0708745
0.0994607
0.113775
0.0996293
0.0626731
0.0349638
0.00270641
0.0115648
0.00958745
0
0.0231358
0.0378002
0.0276465
0.0521303
0.0697833
0.055344
0.0817263
0.0994306
0.0860564
0.10354
0.115526
0.10936
0.108035
0.104713
0.110822
0.0890871
0.0701513
0.0818383
0.0607847
0.0383784
0.0485524
0.00265008
0.0235543
0.0535174
0.0855112
0.110028
0.11411
0.0884959
0.0556356
0.000683019
0.00183022
-7.45514e-05
0
0.0168763
0.0228891
0.0172306
0.0107586
0.0445183
0.0527104
0.0455287
0.0371452
0.0747118
0.0839269
0.077789
0.0686529
0.0993207
0.107612
0.10525
0.0973629
0.109056
0.112256
0.115781
0.113113
0.0957334
0.0894208
0.0972504
0.104043
0.067433
0.0583854
0.0622389
0.0725052
0.00642025
0.00666189
0.0137487
0.0129989
0.00537782
0.00670906
0
0.0299045
0.030442
0.0389951
0.0338705
0.0251774
0.0220417
0.0597839
0.0616458
0.0705545
0.0630743
0.0544287
0.0478208
0.0882615
0.0927851
0.100142
0.0930815
0.0862451
0.0785917
0.106675
0.113533
0.115727
0.11238
0.110606
0.104968
0.105436
0.110409
0.103225
0.106231
0.113606
0.113314
0.0818062
0.0791689
0.0667825
0.0719809
0.0859483
0.0913159
0.0534821
0.0411669
0.0490951
0.0364349
0.0429973
0.052282
0.0547601
-0.00048566
0.0165089
0.0448196
0.0764432
0.102979
0.113568
0.0973543
0.0649731
0.00577332
0.00915866
0.00211776
0.0298003
0.0318339
0.0191179
0.0606973
0.0624706
0.0465631
0.090954
0.0935131
0.0785332
0.11106
0.11396
0.105918
0.109074
0.109439
0.115671
0.0808792
0.0761557
0.0952252
0.051551
0.0463185
0.0587122
0.000235256
-9.42405e-05
-0.00064462
0
0.0139744
0.0165738
0.013547
0.0108623
0.0407648
0.0446161
0.0409481
0.0370379
0.0710672
0.0756082
0.0725776
0.0680104
0.0968558
0.1013
0.100282
0.0958861
0.108998
0.111594
0.11355
0.111094
0.0986749
0.0967421
0.100882
0.10292
0.0708446
0.0661806
0.0686076
0.0734569
0.00439763
0.00592719
0.00364848
0.00207606
0.00453284
0.00772225
0.00716817
0.00377805
-0.000467502
0.000767534
0.000880199
0
0.0264621
0.0297666
0.0262839
0.0229109
0.0269334
0.0310492
0.0284371
0.0242506
0.014309
0.0180336
0.0163421
0.0124924
0.0559587
0.060226
0.0566998
0.0523859
0.0575723
0.0620821
0.0584358
0.0539678
0.041625
0.0460122
0.0427351
0.0383362
0.0850632
0.0896931
0.0875077
0.0828834
0.0892151
0.0932952
0.0899462
0.0859933
0.0738121
0.0782454
0.0745668
0.0702227
0.105257
0.10909
0.109497
0.105763
0.111953
0.114004
0.112465
0.110551
0.102456
0.10579
0.10315
0.099963
0.106941
0.107544
0.110898
0.11044
0.112511
0.110212
0.111785
0.114151
0.115882
0.116015
0.115939
0.115903
0.0854867
0.0813848
0.0851779
0.0893753
0.0838505
0.0778323
0.0810608
0.0874321
0.101175
0.0964829
0.0994215
0.10424
0.0573233
0.0526496
0.0551464
0.0596199
0.0525222
0.0477555
0.0494199
0.054044
0.0660258
0.0605789
0.0625495
0.0685987
0.00142444
0.000429202
0.00200927
0.00109507
-0.000477772
0
0.0199343
0.019626
0.0231006
0.0203161
0.0167233
0.0109874
0.0483101
0.0487454
0.0530926
0.0494981
0.0451268
0.0374003
0.0782705
0.0802329
0.0848135
0.0816957
0.0771798
0.0692522
0.101559
0.105431
0.109042
0.107783
0.104306
0.0985554
0.108747
0.113139
0.113478
0.115192
0.114965
0.114594
0.0925233
0.0935058
0.0891459
0.0929929
0.097533
0.104643
0.0640626
0.0615953
0.0570709
0.0588072
0.0636879
0.0714355
0.00872056
0.00815775
0.00900975
0.00601134
0.0113523
0.0153098
0.0149693
0.0109371
0.0112126
0.00736792
0.00369769
0.00808094
0.00417506
0.00438505
0
0.0334432
0.0334247
0.0340685
0.0300243
0.0353576
0.0397637
0.0371887
0.0327813
0.0306877
0.0263184
0.022068
0.0247632
0.0204648
0.0194985
0.0635867
0.0646874
0.0657222
0.0611773
0.0665163
0.0707697
0.066974
0.0628008
0.059191
0.0548885
0.0504661
0.0515484
0.0471689
0.044176
0.0913066
0.0942466
0.0961982
0.0919957
0.0969201
0.0999668
0.0963644
0.0934353
0.0896351
0.086261
0.0824331
0.0823656
0.078645
0.0747525
0.107789
0.112273
0.114732
0.112547
0.115056
0.115007
0.113301
0.113408
0.11106
0.1102
0.108412
0.10732
0.105635
0.102338
0.103556
0.106779
0.107797
0.110029
0.106576
0.101675
0.103185
0.108101
0.108802
0.112486
0.114897
0.11234
0.11476
0.113797
0.0780824
0.0766229
0.0745674
0.0801677
0.0713593
0.0647491
0.0672001
0.0741648
0.0769081
0.0840574
0.0907034
0.0866918
0.0934853
0.0956743
0.04905
0.0425253
0.0471149
0.0397111
0.0446697
0.0503557
0.0372648
0.0422874
0.0357731
0.039726
0.0447744
0.0458813
0.0504044
0.0553253
0.0514659
0.0567032
0.0584989
-0.000340856
0.0136313
0.0407953
0.0718412
0.098702
0.111543
0.100006
0.069709
0.00384029
0.00564092
3.6551e-05
0.0262796
0.0275832
0.0151728
0.0563048
0.0580134
0.0421324
0.0863562
0.0897113
0.0742584
0.107581
0.112455
0.102995
0.109212
0.112439
0.116194
0.085414
0.0826458
0.100557
0.0563175
0.0510387
0.0644036
0.000737773
0.000537442
-0.000686018
0.0196703
0.0198374
0.0137679
0.0484842
0.0490873
0.0412266
0.0792952
0.0810432
0.0732436
0.103663
0.106814
0.101544
0.111232
0.11446
0.114999
0.0931745
0.0934591
0.101278
0.0628374
0.0602721
0.0674101
0.00828394
0.00839378
0.00387003
0.0100048
0.0130233
0.00905913
0.00213179
0.0057449
0.0022037
0.0333564
0.033662
0.0264997
0.0346379
0.0362139
0.0294799
0.0210639
0.0233109
0.0177958
0.0641332
0.0652246
0.0571282
0.0661581
0.066787
0.0588287
0.0499626
0.0509968
0.0434202
0.0928772
0.0953648
0.0884716
0.0967207
0.0967943
0.089915
0.0821641
0.082496
0.0747287
0.11027
0.113765
0.110962
0.115161
0.114425
0.11199
0.108318
0.10807
0.102923
0.10544
0.107566
0.111998
0.107467
0.105135
0.110561
0.115336
0.113887
0.115129
0.0773666
0.0757196
0.0846796
0.0731136
0.0693391
0.0791147
0.0920762
0.0888859
0.0977774
0.0482322
0.045893
0.0538813
0.0434592
0.0410986
0.0476875
0.0571583
0.0533669
0.0605175
