FiniteElementSpace
FiniteElementCollection: L2_2D_P3
VDim: 1
Ordering: 0

0.000112752
7.69038e-05
0.000136202
0.000199893
3.7397e-05
3.53151e-05
7.74508e-05
0.000119449
1.04153e-05
1.06468e-05
2.78726e-05
4.64974e-05
9.51228e-06
3.17355e-06
8.18397e-06
1.57186e-05
1.15872e-05
7.39103e-06
3.45522e-06
1.60136e-06
5.00749e-06
3.3309e-06
2.50709e-06
2.90145e-06
8.96378e-06
9.7932e-06
1.20424e-05
1.46392e-05
2.19042e-05
2.39873e-05
2.77474e-05
3.14074e-05
6.07409e-05
7.39647e-05
9.3303e-05
0.00010973
7.60582e-05
8.92033e-05
0.000108217
0.000124227
0.000100353
0.000113058
0.000131245
0.00014643
0.000122007
0.000134111
0.000151354
0.000165695
0.00044837
0.00048895
0.000544738
0.000589684
0.000434373
0.000470431
0.000519987
0.000559902
0.000419483
0.000449869
0.000491651
0.000525323
0.000410346
0.000436563
0.000472668
0.000501809
0.00128076
0.00134771
0.00143737
0.00150782
0.00115616
0.00121242
0.00128775
0.00134693
0.0010085
0.00105224
0.00111083
0.00115687
0.000906146
0.000941303
0.000988459
0.00102556
0.00231973
0.00236797
0.00242941
0.00247527
0.00199722
0.0020329
0.00207794
0.00211121
0.00162798
0.00165039
0.00167821
0.00169835
0.00138104
0.00139529
0.00141262
0.00142486
0.00232836
0.00223765
0.00211923
0.00202863
0.0019374
0.00186233
0.00176419
0.00168904
0.00151151
0.00145432
0.0013796
0.00132245
0.00124097
0.00119571
0.00113688
0.00109218
0.000506397
0.000407981
0.000296586
0.000224022
0.000466191
0.000383236
0.000288888
0.000226967
0.000424468
0.000357925
0.000281928
0.000231697
0.000399771
0.000343258
0.000278607
0.000235723
8.40787e-05
7.0307e-05
5.44807e-05
4.39431e-05
4.64471e-05
3.77014e-05
2.80996e-05
2.20857e-05
2.03362e-05
1.65798e-05
1.31433e-05
1.1583e-05
1.74485e-05
1.65482e-05
1.66119e-05
1.75629e-05
0.000150255
0.000150387
0.000151603
0.000153198
0.000210916
0.000208397
0.000205992
0.000204722
0.00030994
0.000301889
0.000292174
0.000285263
0.000400944
0.000386952
0.00036953
0.000356763
2.58711e-05
2.61133e-05
5.29746e-05
8.62952e-05
3.4933e-05
4.13159e-05
8.9183e-05
0.000145467
7.41867e-05
8.27009e-05
0.000161654
0.000253474
0.000142957
0.000139931
0.000240392
0.000361688
4.42495e-06
7.81256e-06
1.38812e-05
1.97944e-05
1.34284e-05
1.81669e-05
2.58281e-05
3.28325e-05
3.27096e-05
3.86985e-05
4.77956e-05
5.57523e-05
5.31419e-05
5.96698e-05
6.9343e-05
7.76472e-05
0.00017352
0.00017805
0.000184575
0.000190061
0.000205326
0.00020831
0.000212701
0.000216462
0.000252885
0.000253271
0.000254161
0.000255153
0.000294252
0.000292195
0.000289846
0.000288316
0.000151666
0.000153164
0.000155567
0.000157754
0.000195284
0.000195308
0.000195662
0.000196186
0.000263018
0.000260469
0.000257346
0.000255122
0.000323247
0.000318293
0.000311976
0.00030726
0.000201957
0.000227892
0.000264267
0.000294101
0.000210978
0.000234861
0.000268279
0.000295635
0.000225489
0.000246597
0.000276078
0.000300177
0.00023841
0.00025732
0.000283733
0.000305326
0.000278927
0.000287615
0.000299919
0.00031011
0.000280469
0.000286607
0.000295428
0.000302826
0.000282781
0.000285507
0.000289724
0.000293473
0.000284923
0.000284964
0.000285601
0.000286547
0.000217469
0.000224215
0.000233827
0.000241832
0.000235984
0.000240789
0.000247732
0.000253587
0.0002624
0.000264308
0.000267342
0.000270099
0.000284578
0.000283978
0.000283676
0.000283828
0.000810342
0.000865708
0.000940789
0.00100051
0.000752901
0.000800815
0.000865799
0.000917494
0.00068493
0.000723818
0.000776613
0.000818653
0.000637817
0.00067031
0.000714505
0.000749756
0.000439656
0.000449735
0.00046381
0.000475304
0.000391443
0.00039759
0.000406382
0.00041371
0.000332043
0.00033366
0.000336401
0.000338988
0.000289353
0.000287961
0.000286718
0.000286207
0.000355179
0.000365245
0.000379408
0.000391064
0.000334633
0.000341426
0.000351151
0.000359274
0.000308429
0.000311191
0.000315493
0.000319335
0.000288932
0.000288788
0.000289218
0.00029003
0.00181906
0.00188764
0.001978
0.00204786
0.00160275
0.001658
0.00173067
0.00178675
0.00134988
0.00139012
0.00144297
0.00148365
0.00117709
0.00120749
0.00124737
0.00127803
0.000569448
0.000571671
0.000574585
0.000576775
0.000457506
0.00045616
0.00045444
0.000453106
0.000328813
0.000323962
0.000317754
0.000313055
0.000243861
0.000237237
0.000228822
0.000222521
0.000518431
0.000526104
0.000536703
0.000545254
0.000438294
0.000441774
0.000446811
0.000451033
0.000342937
0.000341895
0.000340973
0.000340588
0.000277125
0.000273356
0.000268879
0.000265776
0.00257797
0.00257074
0.00255797
0.00254561
0.00217283
0.00216228
0.0021455
0.00213033
0.0017204
0.00170744
0.00168804
0.00167126
0.00142543
0.00141172
0.00139187
0.00137514
0.000511982
0.000501712
0.000487751
0.000476646
0.000370636
0.000361566
0.000349334
0.000339677
0.000218544
0.000211142
0.000201324
0.000193701
0.00012799
0.000122007
0.000114252
0.000108378
0.000569181
0.000564095
0.000556875
0.00055083
0.000433677
0.000426914
0.000417659
0.000410182
0.000283209
0.000275213
0.000264581
0.000256241
0.000188766
0.000180611
0.000169981
0.000161815
0.00149007
0.00134593
0.00116878
0.00104156
0.00125623
0.00114105
0.000999505
0.000897937
0.00100688
0.000922887
0.000819943
0.000746372
0.000852358
0.000788048
0.000709699
0.000654123
0.000365007
0.000352703
0.000339244
0.000331155
0.000273589
0.000267027
0.000260723
0.000257851
0.00017355
0.000172598
0.00017327
0.000175467
0.000113049
0.000114806
0.000118855
0.000123501
0.000430541
0.000420382
0.00040787
0.000399069
0.000305355
0.00029915
0.000291739
0.00028679
0.00017245
0.000170206
0.000167946
0.000166909
9.56271e-05
9.54878e-05
9.60212e-05
9.71425e-05
3.98892e-05
2.47956e-05
1.06629e-05
4.02842e-06
5.33192e-05
3.56329e-05
1.80527e-05
8.6762e-06
6.88448e-05
4.81871e-05
2.71476e-05
1.53494e-05
7.9089e-05
5.63103e-05
3.31926e-05
2.02437e-05
6.49202e-05
4.48046e-05
2.5025e-05
1.4436e-05
5.34642e-05
3.63727e-05
1.98454e-05
1.12603e-05
4.01127e-05
2.66654e-05
1.4072e-05
7.92239e-06
3.1151e-05
2.02634e-05
1.04602e-05
6.05698e-06
0.000261508
0.000234006
0.00020241
0.000181258
0.000213608
0.00019199
0.000167475
0.000151282
0.000157705
0.000142712
0.000126165
0.000115565
0.000120273
0.000109458
9.79526e-05
9.09158e-05
0.000148366
0.000128456
0.000105676
9.0305e-05
8.79085e-05
7.44545e-05
5.95686e-05
5.0069e-05
3.65544e-05
3.04193e-05
2.45085e-05
2.15829e-05
1.74515e-05
1.58955e-05
1.56024e-05
1.6795e-05
1.51445e-05
1.61415e-05
1.8216e-05
2.03249e-05
1.80086e-05
2.18798e-05
2.79224e-05
3.31642e-05
4.37959e-05
5.13282e-05
6.29596e-05
7.2657e-05
7.99873e-05
9.05233e-05
0.000106985
0.000120632
9.46395e-06
2.1301e-06
4.01427e-06
9.42331e-06
1.06688e-05
2.65831e-06
3.41849e-06
9.04233e-06
1.54324e-05
8.70251e-06
1.585e-05
2.94717e-05
2.19235e-05
1.78102e-05
3.56174e-05
6.08543e-05
9.26112e-07
4.22567e-07
1.28169e-06
3.0946e-06
3.28384e-06
4.67986e-06
7.86044e-06
1.13317e-05
1.60605e-05
1.93344e-05
2.47832e-05
2.98542e-05
3.33497e-05
3.75515e-05
4.4092e-05
4.99117e-05
4.45777e-05
4.91188e-05
5.6031e-05
6.20817e-05
6.7424e-05
7.22634e-05
7.94097e-05
8.55239e-05
0.000105093
0.000109637
0.000116236
0.000121812
0.000139979
0.000143771
0.000149295
0.000153979
3.15239e-05
3.40914e-05
3.84087e-05
4.24393e-05
5.28724e-05
5.59675e-05
6.08023e-05
6.51037e-05
9.17296e-05
9.46332e-05
9.90458e-05
0.000102898
0.000129888
0.000131985
0.00013525
0.000138155
0.000119305
0.000138565
0.000166013
0.000188838
0.000133318
0.000151578
0.00017747
0.000198913
0.000154889
0.000171616
0.000195227
0.000214705
0.000173648
0.000189029
0.000210701
0.000228557
0.000183789
0.000198408
0.000218981
0.000235915
0.000200035
0.000213079
0.000231403
0.000246462
0.000221856
0.000232626
0.000247773
0.000260239
0.000238961
0.000247815
0.000260341
0.000270704
0.000134008
0.000145717
0.000162351
0.000176153
0.000154615
0.000165366
0.000180571
0.000193143
0.000183281
0.000192436
0.00020537
0.000216057
0.000206535
0.000214197
0.000225071
0.000234096
0.000614823
0.000662934
0.000728599
0.00078115
0.000581878
0.000624057
0.000681627
0.000727701
0.00054363
0.000578507
0.000626154
0.00066432
0.00051762
0.000547237
0.000587769
0.000620291
0.00050401
0.000530957
0.000567869
0.000597511
0.000475334
0.000497526
0.000527985
0.000552487
0.000439529
0.000455961
0.000478641
0.00049698
0.000413198
0.000425552
0.000442758
0.000456785
0.000405452
0.000429526
0.000462702
0.000489497
0.000392668
0.000412856
0.000440721
0.000463257
0.000376385
0.000391754
0.000413073
0.000430397
0.000364093
0.000375959
0.000392558
0.000406147
0.00154602
0.00161565
0.00170823
0.00178045
0.00137842
0.00143586
0.00151216
0.00157164
0.00118094
0.00122434
0.00128198
0.00132689
0.00104487
0.00107885
0.00112401
0.0011592
0.000976402
0.00100587
0.00104503
0.00107554
0.000851812
0.000873708
0.000902818
0.000925501
0.000704091
0.000717464
0.000735313
0.000749259
0.000601869
0.000609703
0.000620277
0.000628611
0.00085418
0.000885153
0.000926722
0.000959442
0.000757875
0.000781712
0.000813755
0.000839008
0.000642371
0.000658024
0.000679186
0.000695946
0.000561373
0.00057159
0.000585561
0.000596736
0.0024959
0.00252123
0.00255159
0.00257272
0.00212516
0.00214119
0.00215958
0.00217167
0.00170586
0.00171263
0.00171928
0.00172264
0.0014289
0.00143037
0.00143046
0.00142907
0.00129501
0.00129437
0.00129182
0.00128849
0.00106424
0.00106065
0.00105447
0.00104855
0.000802093
0.000795676
0.000786173
0.00077798
0.000629413
0.000621549
0.000610456
0.000601277
0.0012604
0.00127107
0.00128379
0.00129252
0.00104996
0.00105516
0.00106086
0.0010643
0.000808486
0.000808005
0.000806498
0.000804596
0.000647587
0.000643773
0.000638119
0.000633201
0.00196941
0.00184268
0.00168212
0.00156299
0.00164117
0.00153915
0.00140982
0.00131387
0.00128758
0.00121269
0.00111793
0.00104784
0.00106572
0.00100829
0.000936055
0.000883032
0.000962632
0.000913609
0.000852131
0.000807215
0.00078417
0.000747949
0.000702808
0.000670139
0.000585567
0.000563296
0.000536107
0.000516997
0.000457751
0.000444254
0.000428442
0.000417993
0.00111403
0.00107472
0.00102372
0.00098507
0.000898284
0.000868329
0.000829562
0.000800325
0.000658119
0.000638514
0.000613437
0.000594833
0.000503541
0.000490569
0.000474349
0.000462683
0.000189804
0.000138354
8.4018e-05
5.1925e-05
0.00019701
0.00014923
9.7786e-05
6.63507e-05
0.000205355
0.000161509
0.000113565
8.34784e-05
0.000211123
0.000169465
0.000123726
9.48169e-05
0.00021284
0.000171817
0.000126332
9.72141e-05
0.00020258
0.000164494
0.000122148
9.48954e-05
0.000188285
0.000153647
0.000115092
9.02062e-05
0.000176989
0.000144719
0.000108803
8.55994e-05
0.000389026
0.000336866
0.000276866
0.000236788
0.000353842
0.000309444
0.00025833
0.000224121
0.000311789
0.000275981
0.000234755
0.000207126
0.000282619
0.00025232
0.000217453
0.000194063
3.8484e-05
2.97385e-05
2.01879e-05
1.42579e-05
1.90672e-05
1.39721e-05
8.92034e-06
6.23185e-06
1.07268e-05
9.15941e-06
8.43432e-06
8.84672e-06
1.76728e-05
1.78533e-05
1.92459e-05
2.11552e-05
2.50642e-05
2.59109e-05
2.80897e-05
3.05382e-05
4.4108e-05
4.57258e-05
4.87259e-05
5.16681e-05
8.44081e-05
8.57717e-05
8.82665e-05
9.06966e-05
0.000127108
0.000127292
0.000128167
0.000129302
2.16738e-05
2.15732e-05
2.27927e-05
2.46724e-05
3.57566e-05
3.72446e-05
4.03806e-05
4.36043e-05
7.55743e-05
7.74924e-05
8.10996e-05
8.4578e-05
0.000123152
0.000123891
0.000126031
0.000128372
0.000151446
0.000151089
0.00015107
0.000151386
0.000201726
0.000199698
0.000197349
0.000195777
0.000280727
0.000275805
0.000269549
0.000264896
0.000351126
0.00034357
0.000333819
0.000326445
0.000391842
0.000382643
0.00037073
0.000361683
0.000475156
0.000462876
0.000446873
0.000434645
0.000598334
0.000582271
0.000561277
0.000545179
0.000703678
0.000685126
0.000660859
0.000642229
0.000448222
0.000432997
0.000413249
0.000398202
0.000536255
0.000520247
0.00049927
0.000483125
0.000654606
0.000640807
0.000622644
0.000608534
0.000744612
0.000735953
0.000724407
0.000715345
0.000103887
0.000115791
0.000134293
0.000149607
0.000158578
0.000173255
0.000196545
0.000216437
0.000273714
0.000283779
0.000305126
0.000324713
0.000406894
0.0004013
0.000411107
0.00042355
0.000465202
0.000461517
0.000463587
0.000468811
0.000613531
0.00059038
0.000564819
0.0005476
0.000787491
0.000745531
0.000692325
0.000652706
0.000904068
0.000848206
0.000782275
0.000733852
0.000178816
0.000211511
0.000325261
0.000453197
0.000236448
0.000255452
0.000471159
0.000750228
0.000784165
0.000510898
0.000743193
0.00110082
0.0020811
0.000928994
0.00101359
0.00130011
2.34515e-05
3.1376e-05
4.35679e-05
5.43358e-05
3.69182e-05
4.55473e-05
5.84646e-05
6.96408e-05
6.02322e-05
6.93487e-05
8.26808e-05
9.40074e-05
8.22816e-05
9.14292e-05
0.00010466
0.000115802
9.49181e-05
0.000103979
0.000117012
0.000127939
0.000117803
0.000126427
0.000138728
0.000148971
0.000151044
0.000158641
0.000169429
0.000178382
0.000179064
0.000185514
0.000194704
0.000202357
6.54354e-05
7.21215e-05
8.19244e-05
9.02707e-05
8.89224e-05
9.55917e-05
0.00010522
0.000113316
0.000124965
0.000131049
0.000139752
0.000147018
0.000156709
0.000161903
0.000169351
0.000175586
0.000193152
0.000198834
0.000206961
0.000213753
0.000218658
0.000222627
0.000228395
0.000233282
0.000255899
0.000257152
0.000259256
0.000261243
0.000287724
0.000286513
0.000285348
0.000284785
0.000304462
0.000301766
0.000298628
0.000296528
0.000339153
0.000333427
0.000326283
0.000321069
0.000391741
0.000381585
0.000368644
0.000358969
0.000438177
0.000424255
0.000406427
0.000393026
0.000316847
0.000313279
0.000308933
0.000305851
0.000363605
0.00035691
0.000348441
0.000342166
0.000434217
0.00042284
0.000408255
0.000397285
0.000496264
0.000480833
0.000460993
0.000446019
0.000159278
0.000162461
0.000167134
0.000171123
0.000196977
0.000198707
0.000201368
0.000203729
0.000254581
0.000253772
0.000253012
0.00025267
0.000305413
0.000302181
0.000298208
0.000295364
0.000333945
0.000329175
0.000323178
0.000318768
0.000393101
0.00038511
0.00037488
0.000367203
0.000482571
0.00046968
0.000453059
0.000440483
0.000561182
0.000543996
0.000521809
0.000504994
0.000357739
0.000351239
0.000342888
0.000336604
0.000429251
0.000419545
0.000406987
0.000397459
0.00053735
0.000522847
0.000504027
0.0004897
0.000632117
0.000613489
0.000589315
0.000570905
0.000311064
0.000344169
0.000390079
0.00042736
0.000310905
0.000340783
0.000382175
0.000415759
0.000313439
0.000339158
0.000374778
0.000403675
0.000317179
0.000339756
0.000371055
0.000396472
0.000319054
0.000339987
0.000369018
0.000392601
0.000318904
0.000336785
0.000361604
0.000381782
0.000318582
0.000332557
0.000352035
0.000367933
0.000318125
0.000329164
0.000344668
0.000357409
0.000245241
0.00026297
0.000287728
0.000307966
0.000254677
0.000270129
0.000291703
0.000309337
0.000266957
0.00027936
0.000296726
0.000310961
0.000276238
0.00028624
0.000300341
0.000311969
0.000315475
0.000324963
0.000338358
0.000349418
0.000306671
0.000313254
0.000322693
0.000330593
0.000295331
0.000298194
0.00030262
0.000306552
0.000286878
0.000286943
0.000287638
0.000288648
0.000280519
0.000279095
0.0002778
0.000277249
0.00026975
0.000265557
0.000260564
0.000257111
0.000259113
0.00025142
0.00024181
0.000234776
0.000253926
0.000243628
0.000230629
0.000221
0.000284364
0.000282926
0.000281587
0.000280983
0.00028464
0.000280373
0.000275263
0.000271704
0.000288537
0.000280528
0.000270491
0.000263116
0.000294614
0.00028369
0.000269859
0.000259583
0.000246141
0.000253896
0.000264911
0.00027406
0.000256736
0.000262267
0.000270234
0.000276933
0.000271579
0.000273978
0.000277717
0.000281063
0.000283903
0.000283717
0.000284014
0.000284667
0.000289107
0.000287448
0.000285782
0.000284897
0.000300618
0.000296076
0.000290572
0.000286688
0.000319899
0.000311387
0.000300668
0.000292754
0.000338361
0.000326643
0.000311756
0.000300656
0.000295534
0.00029346
0.000291198
0.000289817
0.000318498
0.000313475
0.000307302
0.000302872
0.000353996
0.00034478
0.000333107
0.000324436
0.000385914
0.000373211
0.00035701
0.000344883
0.00103346
0.00109533
0.00117872
0.00124466
0.000945567
0.000998383
0.00106957
0.00112585
0.000841174
0.000883189
0.000939867
0.000984719
0.000768594
0.000803083
0.000849686
0.000886622
0.000731417
0.00076218
0.000803787
0.000836788
0.000660852
0.000685168
0.000718122
0.000744307
0.000575194
0.000591985
0.00061488
0.000633173
0.000514277
0.000525965
0.000542073
0.000555066
0.000613453
0.000642741
0.000682614
0.000714446
0.00056551
0.000589172
0.000621454
0.000647274
0.000506545
0.000523522
0.000546824
0.000565564
0.000463961
0.000476311
0.000493428
0.000507317
0.00048097
0.00049021
0.000503054
0.000513491
0.00041714
0.000422241
0.000429554
0.000435655
0.000339865
0.000340344
0.000341521
0.000342841
0.000285419
0.000282963
0.000280276
0.000278611
0.000256077
0.000252295
0.000247861
0.000244846
0.000204696
0.000198811
0.000191602
0.000186436
0.000147182
0.000139377
0.000129677
0.000122621
0.000110814
0.000102172
9.14425e-05
8.36469e-05
0.000265543
0.000262722
0.000259584
0.000257597
0.000223398
0.000218188
0.000211872
0.000207403
0.000175382
0.000167698
0.000158137
0.000151168
0.00014428
0.000135191
0.00012383
0.00011551
0.000397058
0.000407366
0.000421817
0.000433667
0.000363348
0.000370029
0.000379583
0.000387552
0.000321078
0.000323443
0.000327209
0.000330622
0.000290124
0.000289502
0.000289299
0.000289613
0.000272079
0.00026998
0.000267807
0.00026658
0.000239963
0.000235289
0.00022968
0.00022576
0.000203168
0.000195598
0.000186171
0.000179295
0.000179214
0.000169773
0.000157924
0.000149203
0.000276733
0.000275096
0.000273533
0.000272782
0.000255137
0.000250808
0.000245649
0.000242074
0.000230887
0.000223331
0.000213913
0.000207035
0.000215643
0.000205825
0.000193466
0.000184339
0.00208436
0.00214644
0.00222723
0.0022889
0.00181527
0.0018637
0.00192649
0.00197422
0.00150374
0.00153721
0.00158038
0.00161298
0.001293
0.00131693
0.00134763
0.00137069
0.00118898
0.00120855
0.00123354
0.00125221
0.00100515
0.00101777
0.00103369
0.00104539
0.000791971
0.000797099
0.000803323
0.000807664
0.00064817
0.000648698
0.000649025
0.000648932
0.00109096
0.00111674
0.00115052
0.00117645
0.000936607
0.000954812
0.000978603
0.0009968
0.000755638
0.000765482
0.000778314
0.000788079
0.000632014
0.00063656
0.000642495
0.000646993
0.00057681
0.000575423
0.0005733
0.000571369
0.000451433
0.000447259
0.000441594
0.000437028
0.000309778
0.000303091
0.000294312
0.000287501
0.000218527
0.000210817
0.000200866
0.000193293
0.000174961
0.000167135
0.000157127
0.00014959
0.000104738
9.73182e-05
8.79905e-05
8.11067e-05
3.89824e-05
3.3372e-05
2.66709e-05
2.20303e-05
9.78637e-06
6.66243e-06
3.46677e-06
1.73691e-06
0.000201982
0.000194823
0.000185773
0.000179041
0.000132587
0.000125037
0.000115583
0.000108635
6.30921e-05
5.62749e-05
4.79754e-05
4.20863e-05
2.69292e-05
2.1705e-05
1.56885e-05
1.17235e-05
0.000549005
0.000554321
0.000561583
0.000567361
0.000452525
0.000453818
0.00045579
0.000457488
0.000339678
0.000336803
0.000333343
0.00033089
0.000263461
0.00025824
0.00025177
0.000247056
0.000224751
0.000218643
0.000211047
0.000205499
0.000159151
0.000151936
0.000142948
0.000136385
9.01869e-05
8.26638e-05
7.34039e-05
6.67441e-05
5.07646e-05
4.39229e-05
3.57001e-05
2.99603e-05
0.000242714
0.000237795
0.000231821
0.000227578
0.000183327
0.000176726
0.000168564
0.000162653
0.0001186
0.000110796
0.00010113
9.41252e-05
7.92833e-05
7.13375e-05
6.15858e-05
5.45985e-05
0.00253067
0.00248295
0.00241799
0.00236623
0.0021155
0.00207318
0.00201555
0.00196962
0.00165772
0.0016225
0.00157462
0.00153656
0.00136317
0.00133324
0.00129282
0.00126091
0.00122365
0.00119663
0.00116019
0.00113147
0.000987012
0.000964922
0.000935169
0.000911768
0.000722455
0.000706065
0.000684158
0.000667086
0.00055135
0.000538804
0.000522248
0.000509535
0.00128431
0.00127069
0.00125112
0.00123475
0.00104352
0.0010305
0.00101202
0.000996715
0.000772405
0.000760464
0.00074383
0.00073029
0.000595635
0.00058471
0.000569753
0.000557775
0.000470925
0.000460155
0.000446031
0.00043527
0.000335017
0.000326915
0.000316351
0.000308369
0.000190311
0.000185152
0.000178567
0.00017373
0.000105925
0.000102647
9.86653e-05
9.59291e-05
7.07029e-05
6.81945e-05
6.52562e-05
6.33422e-05
2.19786e-05
2.07927e-05
1.94955e-05
1.87551e-05
5.76868e-07
1.07892e-06
2.11038e-06
3.23869e-06
2.05095e-05
2.23777e-05
2.54274e-05
2.82809e-05
8.92489e-05
8.41098e-05
7.7551e-05
7.26661e-05
3.37059e-05
3.03319e-05
2.61309e-05
2.30922e-05
8.29432e-07
3.38176e-07
1.48897e-07
3.89875e-07
9.32368e-06
1.16587e-05
1.546e-05
1.90113e-05
0.000546627
0.000538366
0.000526884
0.000517507
0.000405509
0.000396945
0.000385249
0.000375855
0.000251404
0.000243057
0.00023191
0.000223151
0.000157244
0.0001496
0.0001396
0.000131907
0.000115456
0.000108481
9.94739e-05
9.26389e-05
5.28938e-05
4.75953e-05
4.09177e-05
3.5987e-05
6.85573e-06
4.7333e-06
2.51173e-06
1.26182e-06
1.45247e-06
2.70612e-06
5.21493e-06
7.86861e-06
0.000145236
0.000137395
0.000127292
0.000119628
7.73998e-05
7.07167e-05
6.22936e-05
5.60623e-05
1.97309e-05
1.57673e-05
1.1203e-05
8.19709e-06
1.09393e-06
2.99919e-07
1.78066e-07
8.40696e-07
0.000968287
0.000834011
0.000674777
0.000564941
0.000840074
0.00073145
0.000602566
0.000513637
0.000704735
0.000623452
0.000527143
0.000460819
0.000622101
0.000557836
0.000481951
0.000429883
0.000584931
0.000528509
0.000461895
0.000416228
0.000507182
0.000462972
0.00041103
0.000375658
0.000418582
0.00038769
0.000351823
0.00032778
0.000360027
0.000337522
0.000311823
0.00029497
0.000781433
0.000726404
0.000659568
0.000612384
0.000652041
0.000611049
0.000561655
0.000527184
0.000507178
0.000481426
0.000451089
0.000430588
0.00041329
0.000397077
0.000378748
0.000367103
0.000326075
0.000307208
0.000285914
0.000272188
0.000255837
0.000243106
0.000229364
0.000221074
0.000176472
0.000170122
0.000164223
0.000161572
0.000125962
0.000123102
0.000121505
0.000121954
9.55973e-05
9.36477e-05
9.3239e-05
9.45921e-05
4.8841e-05
4.87424e-05
5.06149e-05
5.35978e-05
1.28571e-05
1.2525e-05
1.40829e-05
1.68059e-05
6.70775e-06
3.77227e-06
2.17372e-06
2.64604e-06
8.22444e-05
8.4202e-05
8.84339e-05
9.31316e-05
3.61269e-05
3.81391e-05
4.22148e-05
4.6592e-05
9.83014e-06
9.51032e-06
1.04408e-05
1.22665e-05
1.91685e-05
1.48031e-05
1.05736e-05
8.46603e-06
0.000395858
0.000385946
0.000374725
0.000367721
0.00028582
0.000280892
0.000275967
0.000273615
0.000168001
0.00016787
0.000169011
0.000171137
9.91485e-05
0.000101299
0.000105356
0.000109643
6.82645e-05
7.05836e-05
7.47753e-05
7.90704e-05
2.44323e-05
2.65526e-05
3.01915e-05
3.38004e-05
7.13876e-06
7.30328e-06
8.26368e-06
9.65302e-06
2.87549e-05
2.58746e-05
2.29443e-05
2.13478e-05
6.331e-05
6.36479e-05
6.47732e-05
6.63041e-05
1.89552e-05
1.97881e-05
2.13321e-05
2.29752e-05
3.61151e-06
4.25703e-06
5.53112e-06
6.90267e-06
2.88522e-05
2.86707e-05
2.90095e-05
2.97391e-05
2.50491e-06
1.11964e-06
1.50393e-07
3.29084e-07
6.01073e-06
2.87665e-06
6.30888e-07
5.68864e-07
1.10618e-05
5.58898e-06
1.48011e-06
8.71898e-07
1.47228e-05
7.65683e-06
2.10772e-06
9.59198e-07
1.4378e-05
7.42189e-06
2.31658e-06
1.52295e-06
1.37738e-05
6.98152e-06
2.01858e-06
1.27328e-06
1.26272e-05
6.24591e-06
1.61772e-06
9.85413e-07
1.15086e-05
5.59481e-06
1.31676e-06
7.88305e-07
8.08875e-05
5.72868e-05
3.33345e-05
1.99388e-05
7.89803e-05
5.58535e-05
3.24376e-05
1.93609e-05
7.49128e-05
5.26922e-05
3.03747e-05
1.80271e-05
7.08312e-05
4.9503e-05
2.82531e-05
1.66171e-05
1.00399e-05
4.83743e-06
1.2159e-06
1.09798e-06
7.93137e-06
3.92223e-06
1.25745e-06
1.31963e-06
5.84764e-06
3.21063e-06
1.63604e-06
1.92889e-06
4.8528e-06
3.1252e-06
2.25744e-06
2.70403e-06
4.7364e-06
3.19998e-06
2.46414e-06
2.79276e-06
5.16948e-06
3.28259e-06
2.02364e-06
2.00604e-06
7.39218e-06
4.2308e-06
1.76751e-06
1.18051e-06
1.13411e-05
6.30839e-06
2.06696e-06
7.47236e-07
2.50849e-05
1.6349e-05
8.70375e-06
5.49031e-06
2.05522e-05
1.44102e-05
8.7293e-06
6.03968e-06
1.95724e-05
1.55587e-05
1.14422e-05
9.10542e-06
2.4425e-05
2.09261e-05
1.71739e-05
1.48917e-05
0.000165282
0.000134777
0.000100871
7.9002e-05
0.000138137
0.000112355
8.38764e-05
6.56106e-05
0.000105937
8.57996e-05
6.38061e-05
4.9848e-05
8.37841e-05
6.75512e-05
5.00638e-05
3.91264e-05
6.63063e-05
5.31785e-05
3.95807e-05
3.14585e-05
4.38368e-05
3.63016e-05
2.88753e-05
2.45937e-05
2.28643e-05
2.11433e-05
2.03892e-05
2.06034e-05
1.41177e-05
1.60321e-05
1.9755e-05
2.33218e-05
9.37008e-05
8.50862e-05
7.65121e-05
7.17676e-05
5.41659e-05
5.00993e-05
4.70988e-05
4.63201e-05
1.8027e-05
1.76609e-05
1.93093e-05
2.20124e-05
3.24375e-06
3.94168e-06
7.1895e-06
1.13618e-05
