FiniteElementSpace
FiniteElementCollection: H1_2D_P2
VDim: 2
Ordering: 0

0
-0.0010708
0.00622415
0.00928942
0.00537584
-0.00217953
-0.00825054
-0.00938777
-0.00658265
0
0.00514873
0.00877289
0.008108
0.00234901
-0.00540685
-0.00968542
-0.00819457
-0.00438946
-0.00217563
0.00150433
0.00268773
0
0.00248617
0.00792641
0.00731505
0.00867717
0.00933204
0.00911373
0.00807465
0.004151
0.00576447
0.0017378
-0.00404777
-0.00161519
-0.00569931
-0.00949302
-0.0082739
-0.00949046
-0.00912179
-0.00954061
-0.00823934
-0.00556732
-0.00628401
-0.000447318
0.00491802
0.00951655
0.00742915
7.5334e-05
-0.00743688
-0.00998861
-0.0074189
-0.00130269
-0.0011756
-0.000349043
0
0.000551514
0.00375042
0.00316431
0.000265838
0.0076632
0.00921571
0.00893298
0.00716115
0.00889482
0.00785711
0.00857989
0.00943834
0.00363466
0.000879421
0.00216884
0.00481449
-0.00402882
-0.00672819
-0.00587845
-0.00322177
-0.00904424
-0.0098491
-0.00993296
-0.00903103
-0.00891409
-0.00782123
-0.008334
-0.00929678
-0.00206243
0.000207143
0.00298925
0.00393396
0.00047126
0.00145715
0
0.00444926
0.0065552
0.00851043
0.0081609
0.00610859
0.00629197
0.00922235
0.00965026
0.00892364
0.0087845
0.00952979
0.00910255
0.00688038
0.00593091
0.0033483
0.00416381
0.00675571
0.00709301
-0.000229205
-0.0020307
-0.00475419
-0.00358163
-0.000736327
0.000393697
-0.00712402
-0.00865597
-0.00970595
-0.0091794
-0.00793362
-0.00699739
-0.00959574
-0.00969836
-0.00878339
-0.00898156
-0.00990034
-0.00979479
-0.00744101
-0.00605764
-0.00646243
-0.00501437
-0.00532133
-0.0069332
-0.00726626
-0.000650577
0.00189825
0.00840268
0.00885783
0.00291574
-0.00509333
-0.00962761
-0.00863733
-0.000848808
0.00154033
-1.70896e-05
0.00556785
0.00745253
0.00457548
0.00956319
0.00943226
0.00921629
0.00648753
0.00517711
0.0080206
-0.00119913
-0.00280371
0.00134713
-0.00805679
-0.00901707
-0.00649183
-0.00972262
-0.00947472
-0.00999314
-0.00692912
-0.00595009
-0.00790696
-0.00047535
-0.000904438
-0.000219732
0
-0.000316022
0.00124926
0.00103695
-0.000372268
0.00699733
0.0080599
0.00783197
0.00671694
0.00915005
0.00890552
0.00920312
0.00939479
0.00453003
0.00327629
0.00388774
0.00510647
-0.00312244
-0.00460471
-0.00418187
-0.002735
-0.00869118
-0.00937547
-0.00937639
-0.00868792
-0.00918071
-0.00877284
-0.00899159
-0.00934854
-0.00224047
-0.00141696
-0.00112274
-0.00162387
-0.000215231
0.000805599
0.000943687
-5.63678e-05
-0.000125117
-0.000216554
5.05683e-06
0
0.00348471
0.00503079
0.00467724
0.0031402
0.00576061
0.0070167
0.0068092
0.0055069
0.00230617
0.00384029
0.00377662
0.00219381
0.00901311
0.00942361
0.00944875
0.00897581
0.00963963
0.00958486
0.00953212
0.00956501
0.00847879
0.00911122
0.00890918
0.00824553
0.00752149
0.00670345
0.00721439
0.00799133
0.00671939
0.00558168
0.00600198
0.00712651
0.00900794
0.00833942
0.00851946
0.00917035
0.00075725
-0.000737023
-0.000160828
0.001298
-0.000982413
-0.00242036
-0.0017782
-0.000325913
0.00317959
0.00177052
0.00236399
0.00377001
-0.0064467
-0.00764101
-0.0074338
-0.00626312
-0.00809158
-0.00886288
-0.00852298
-0.0077074
-0.0049918
-0.0062019
-0.00565508
-0.00441134
-0.00958526
-0.00967658
-0.00982643
-0.00969885
-0.00988299
-0.00961526
-0.00972515
-0.00997495
-0.00976185
-0.00999369
-0.00989892
-0.00962872
-0.00784938
-0.00717383
-0.00737983
-0.00802139
-0.00694061
-0.00621715
-0.00643793
-0.00719212
-0.00874903
-0.00814152
-0.00836282
-0.00897806
-0.00187914
-0.00101084
-0.000801067
-0.000475949
-0.000492229
0
0.00150343
0.00281469
0.00433806
0.00404296
0.00252807
0.000878838
0.00823119
0.00886603
0.00939712
0.00927917
0.00869434
0.00756386
0.0085365
0.00840694
0.00767074
0.00805115
0.0087504
0.00941868
0.00270024
0.00190871
0.000474698
0.0011299
0.00254859
0.0044974
-0.00489151
-0.00594474
-0.00711417
-0.00669595
-0.00551265
-0.00365468
-0.0093117
-0.00978361
-0.00994628
-0.0100064
-0.009812
-0.00929612
-0.00859697
-0.00824387
-0.0076248
-0.00788696
-0.00849569
-0.00922513
-0.00166571
-0.000374683
0.000791984
-0.000323222
0.00223193
0.00396335
0.00454812
0.00255039
0.0033168
0.0013247
0.000149759
0.0020763
0.000423901
0.000736115
0
0.0053763
0.00640213
0.00728015
0.00607371
0.00802045
0.00869649
0.0084976
0.00784375
0.0077619
0.00671859
0.00535619
0.00682033
0.00539392
0.00573105
0.00931789
0.00955923
0.00954642
0.00964006
0.0092282
0.00857531
0.00848931
0.00917251
0.0089918
0.00938773
0.00942276
0.00914854
0.00922298
0.00897406
0.00616299
0.00568406
0.00507126
0.00623111
0.00428949
0.00287751
0.0032799
0.00470778
0.00499581
0.0063056
0.00743059
0.00646638
0.00760987
0.00764192
-0.00121233
-0.0022235
-0.00305643
-0.00162656
-0.00379963
-0.0050841
-0.00451856
-0.0031886
-0.00260987
-0.00116369
0.000309816
-0.000609349
0.000890779
0.00138463
-0.00772788
-0.00858967
-0.00912325
-0.00839051
-0.00941188
-0.00972579
-0.00948554
-0.00912251
-0.00877793
-0.00812155
-0.00725407
-0.00768101
-0.00675547
-0.00623815
-0.00952898
-0.00954317
-0.00944117
-0.00973237
-0.0091573
-0.00852607
-0.00861234
-0.00926721
-0.00929643
-0.0097586
-0.00999167
-0.00971224
-0.00992888
-0.00979085
-0.00701336
-0.00630401
-0.00648279
-0.00581529
-0.00600173
-0.0066957
-0.00530251
-0.00547621
-0.00470915
-0.00485295
-0.00565214
-0.00579616
-0.00663222
-0.00742669
-0.00677649
-0.00761838
-0.00774294
-0.000297542
0.000387046
0.0074395
0.00920645
0.00421518
-0.00369133
-0.00907722
-0.00908753
-0.00163682
0.000293898
-8.84892e-05
0.00410202
0.00628863
0.00299964
0.00926058
0.00962895
0.00872634
0.00739042
0.00639166
0.00880476
0.000281496
-0.00137963
0.00278826
-0.00699051
-0.0083316
-0.00533706
-0.00972888
-0.00983379
-0.00986041
-0.00760463
-0.00670275
-0.00857927
-0.00138568
-0.000730146
-0.000171829
0.00218121
0.00342869
0.00166609
0.00857616
0.00910144
0.0081787
0.00849897
0.00825878
0.00913821
0.00229979
0.00152115
0.00354423
-0.00546489
-0.00634978
-0.00461035
-0.00958191
-0.00992474
-0.00960225
-0.0084143
-0.00807274
-0.00888318
-0.000985916
0.000203401
-0.000666222
0.00144966
0.00324347
0.00190325
-0.000222309
0.000837088
0.000115014
0.00591155
0.0068572
0.00522672
0.00767083
0.00830636
0.00730921
0.00468181
0.00607372
0.00468278
0.00946912
0.00958639
0.00957649
0.00943064
0.00892083
0.00932749
0.00939061
0.00935116
0.00900187
0.00593899
0.00539606
0.00699179
0.00470445
0.00381765
0.00554021
0.00777765
0.00699776
0.00813707
-0.00174659
-0.00265585
-0.000578815
-0.00343484
-0.00415875
-0.00218598
0.000728404
-0.000133644
0.00189878
-0.00820787
-0.00889083
-0.00779583
-0.00929543
-0.00947548
-0.00867109
-0.00699453
-0.00748154
-0.00595362
-0.00954761
-0.00951101
-0.00987943
-0.00932645
-0.00892297
-0.00954928
-0.0100297
-0.00988822
-0.00987703
-0.00673529
-0.00624254
-0.00716245
-0.00574923
-0.0051774
-0.00613697
-0.00767538
-0.00712957
-0.00808754
0
-0.0115715
-0.0179973
-0.0169193
-0.0132972
-0.010484
-0.0103211
-0.0128672
-0.0157673
0
-0.00685701
-0.0138841
-0.018024
-0.0188477
-0.0162971
-0.0123064
-0.0107514
-0.0124404
-0.00572774
-0.00952637
-0.00288313
0
-0.0159751
-0.0164419
-0.0106702
-0.0180698
-0.0177347
-0.0163508
-0.015172
-0.0161885
-0.0188705
-0.0116452
-0.0133413
-0.0179479
-0.01001
-0.0110555
-0.0142387
-0.0113589
-0.011608
-0.0110425
-0.0144446
-0.0141072
-0.0113542
-0.00392933
-0.0138657
-0.0175885
-0.0172008
-0.0148434
-0.0119593
-0.0109246
-0.0128247
-0.00312116
-0.00470704
-0.00143296
0
-0.0140617
-0.0148936
-0.0119195
-0.0104536
-0.0182315
-0.0178952
-0.0171654
-0.0172493
-0.0160876
-0.0163011
-0.0175379
-0.0174194
-0.012425
-0.013368
-0.0155484
-0.0148723
-0.0101521
-0.0109993
-0.0126137
-0.0119975
-0.0107605
-0.0110307
-0.0108832
-0.0106263
-0.0136737
-0.0135595
-0.012177
-0.0121246
-0.00867897
-0.00678144
-0.00852443
-0.00483981
-0.00337837
-0.00127133
0
-0.0172726
-0.0153604
-0.0153945
-0.0123651
-0.0126071
-0.00882147
-0.0176044
-0.0177635
-0.0179123
-0.0172883
-0.0170896
-0.0152148
-0.0142264
-0.016745
-0.0174464
-0.0189701
-0.0180064
-0.0185532
-0.0109892
-0.0140974
-0.0147132
-0.0172005
-0.0162985
-0.018504
-0.0100666
-0.0114253
-0.0116072
-0.0132201
-0.0130009
-0.0152885
-0.0120775
-0.0111752
-0.011187
-0.0107709
-0.0109478
-0.0115637
-0.015142
-0.0149052
-0.0134917
-0.0133161
-0.0118647
-0.0121262
-0.0109612
-0.00209961
-0.0129286
-0.0177483
-0.0169168
-0.0141168
-0.0114355
-0.01073
-0.0128278
-0.00761313
-0.00601776
-0.000998125
-0.0163208
-0.0141525
-0.0107336
-0.0177639
-0.0175989
-0.0163635
-0.0156094
-0.0178048
-0.0180446
-0.0126521
-0.0155453
-0.0169397
-0.0107209
-0.0122349
-0.013847
-0.0115083
-0.0109591
-0.0111673
-0.0142627
-0.0127232
-0.0115942
-0.00178889
-0.00256401
-0.00102626
0
-0.012888
-0.0134662
-0.0117504
-0.0109777
-0.0181731
-0.0179957
-0.0175478
-0.0176211
-0.0165186
-0.016534
-0.0171848
-0.0171954
-0.0128519
-0.0133174
-0.0144951
-0.0141298
-0.0102951
-0.0108164
-0.011703
-0.0112742
-0.0105185
-0.0107176
-0.0106533
-0.0104567
-0.0132716
-0.0132184
-0.0124689
-0.0124591
-0.00718137
-0.00811072
-0.00614547
-0.00518717
-0.00534851
-0.00640596
-0.0046956
-0.00363067
-0.000570458
-0.00119058
-0.000264326
0
-0.0167048
-0.0167856
-0.0156735
-0.015414
-0.0146665
-0.0148052
-0.0134177
-0.013287
-0.0107745
-0.0113723
-0.00966706
-0.00905657
-0.0178713
-0.0177039
-0.01786
-0.0179955
-0.0177036
-0.0177024
-0.0173695
-0.0173675
-0.0168441
-0.0168006
-0.0159102
-0.0159615
-0.0147003
-0.0149596
-0.0159626
-0.0157737
-0.0169864
-0.0172739
-0.0179255
-0.017607
-0.0176552
-0.0177998
-0.0180001
-0.017838
-0.0113
-0.0118617
-0.0130042
-0.012552
-0.0144737
-0.0148081
-0.0159341
-0.01556
-0.0158777
-0.0162359
-0.0172109
-0.0168127
-0.010013
-0.0103897
-0.0108388
-0.0105144
-0.0116746
-0.0118129
-0.0126042
-0.0124628
-0.0129714
-0.0132138
-0.0142812
-0.0140121
-0.0117055
-0.0117551
-0.0112496
-0.0111601
-0.0110252
-0.0110585
-0.010925
-0.0109242
-0.0109435
-0.0110106
-0.0113614
-0.011315
-0.0148048
-0.0146831
-0.0139177
-0.0139765
-0.0131593
-0.0131138
-0.0124199
-0.0124779
-0.011879
-0.0118844
-0.0113714
-0.0113925
-0.00435704
-0.00334019
-0.0042902
-0.00260717
-0.00173742
0
-0.0151018
-0.0139794
-0.0143867
-0.0129488
-0.0124224
-0.00997779
-0.0181966
-0.017861
-0.0177623
-0.0174105
-0.0174762
-0.0168628
-0.0156374
-0.0166205
-0.0167719
-0.0173852
-0.0172484
-0.0175981
-0.0120216
-0.0137399
-0.0141216
-0.0152026
-0.0148509
-0.0155503
-0.0100564
-0.0111998
-0.0114757
-0.0122746
-0.0120269
-0.0126772
-0.0110414
-0.0108568
-0.0109572
-0.0108773
-0.0107882
-0.0108263
-0.0140667
-0.0131937
-0.0131806
-0.0124947
-0.0124868
-0.0118474
-0.0101625
-0.00906571
-0.00818647
-0.00717496
-0.00729941
-0.00782735
-0.00584597
-0.00552746
-0.00384442
-0.0031365
-0.00213574
-0.00202416
-0.00100584
-0.000610978
0
-0.0177062
-0.0168437
-0.0159486
-0.0158538
-0.0148083
-0.0147143
-0.0131457
-0.0133575
-0.011536
-0.01176
-0.0117099
-0.00975992
-0.00991516
-0.0078468
-0.0172858
-0.0176145
-0.0177718
-0.0177846
-0.0177788
-0.0179719
-0.0176815
-0.0174611
-0.0168442
-0.016754
-0.0167545
-0.0158066
-0.0158422
-0.0145722
-0.0137574
-0.0152446
-0.0164782
-0.0161978
-0.0176447
-0.0181167
-0.0189371
-0.018363
-0.0189482
-0.0184216
-0.0180462
-0.018739
-0.0182913
-0.0183148
-0.0107162
-0.0123153
-0.0137184
-0.0133872
-0.0151366
-0.0154675
-0.0167654
-0.0163346
-0.0175965
-0.0170859
-0.0166348
-0.0182518
-0.0176872
-0.0187035
-0.0101693
-0.0106497
-0.0112178
-0.0110636
-0.0119004
-0.0119362
-0.0127444
-0.0127008
-0.0137197
-0.0135881
-0.0134178
-0.0147636
-0.0145323
-0.0158019
-0.0124664
-0.0118022
-0.0113715
-0.0113211
-0.0110479
-0.0109773
-0.0107297
-0.0108662
-0.0108736
-0.0109889
-0.0110289
-0.0112717
-0.0113519
-0.0119086
-0.0154634
-0.0153231
-0.0145908
-0.0144987
-0.0138103
-0.0138702
-0.013717
-0.0130266
-0.0128964
-0.012147
-0.0123087
-0.0116002
-0.0117559
-0.0118484
-0.0111386
-0.011291
-0.0108297
-0.00133539
-0.0122863
-0.0178618
-0.0168804
-0.0137194
-0.0110274
-0.0105634
-0.0128354
-0.00663065
-0.00501356
-0.000396574
-0.0161727
-0.0140923
-0.0102606
-0.0178818
-0.0175613
-0.016417
-0.0153709
-0.0174571
-0.0178391
-0.0121956
-0.0151918
-0.0165378
-0.0104289
-0.0121221
-0.0136104
-0.0114409
-0.0109647
-0.0111369
-0.0143389
-0.012794
-0.0116221
-0.00381735
-0.0029435
-0.00077877
-0.0145151
-0.0134669
-0.0112555
-0.0180379
-0.0176557
-0.0172142
-0.0161633
-0.0170238
-0.017441
-0.0129269
-0.0144885
-0.0152056
-0.0106445
-0.0117366
-0.0123423
-0.0109177
-0.0108474
-0.0107817
-0.013601
-0.0128306
-0.0121566
-0.00957824
-0.00860874
-0.00572123
-0.00776292
-0.0066953
-0.00432705
-0.00233958
-0.0020127
-0.000238975
-0.0172678
-0.0164114
-0.0151802
-0.0154247
-0.0140639
-0.0125874
-0.0123785
-0.0108658
-0.00889697
-0.0174728
-0.0177141
-0.0178024
-0.017793
-0.0177404
-0.0171321
-0.0171148
-0.0163237
-0.0153051
-0.0145445
-0.0158817
-0.0164952
-0.0170585
-0.0182633
-0.0184159
-0.0177216
-0.0183801
-0.0181552
-0.0115533
-0.0130271
-0.0137533
-0.0144133
-0.0159129
-0.0167273
-0.0159091
-0.0174071
-0.0179245
-0.0103989
-0.0109216
-0.0112501
-0.0115422
-0.0122989
-0.0131328
-0.0128292
-0.0140571
-0.0150049
-0.0120967
-0.0115669
-0.0111166
-0.0112029
-0.0108937
-0.010897
-0.0109397
-0.0111406
-0.0116181
-0.0150104
-0.0141942
-0.0135292
-0.013425
-0.0126022
-0.0120252
-0.0121722
-0.0115083
-0.0111115
