FiniteElementSpace
FiniteElementCollection: L2_2D_P3
VDim: 1
Ordering: 0

0.0457642
0.0335303
0.0433829
0.0538702
0.0233457
0.021481
0.0331206
0.0451552
0.00941233
0.0117558
0.0220061
0.0325822
0.00579486
0.00770771
0.015135
0.0226764
0.0239435
0.0223544
0.0206123
0.0195211
0.0198194
0.0184629
0.0169905
0.0160802
0.0149834
0.0139099
0.0127639
0.0120715
0.0117495
0.0108795
0.00996216
0.00941818
0.00795669
0.0072955
0.00651064
0.00596614
0.00647765
0.00593022
0.00528756
0.00484716
0.00480224
0.00438955
0.00391486
0.0035972
0.00373514
0.00341336
0.00305132
0.00281563
0.00161137
0.00140913
0.0011676
0.000999333
0.00132572
0.00116123
0.000966898
0.000833149
0.00103123
0.000909465
0.000768763
0.000674372
0.000868364
0.000773524
0.000666902
0.000597722
3.38547e-05
1.69594e-05
4.17976e-06
1.47228e-06
4.8545e-05
3.18531e-05
1.81119e-05
1.36543e-05
8.46767e-05
6.78052e-05
5.27283e-05
4.63083e-05
0.000123697
0.000106075
8.9609e-05
8.17356e-05
0.000220301
0.000241122
0.000269229
0.000291392
0.000147783
0.000161787
0.000180935
0.000196165
8.5274e-05
9.16756e-05
0.000101015
0.000108787
5.80257e-05
5.94398e-05
6.25247e-05
6.56756e-05
0.000334
0.000319172
0.000299716
0.000284787
0.00023066
0.000221132
0.000208586
0.00019896
0.00013083
0.000126434
0.000120709
0.000116415
7.75638e-05
7.59615e-05
7.40713e-05
7.28638e-05
6.40537e-05
5.16282e-05
3.75582e-05
2.84037e-05
5.04499e-05
4.13557e-05
3.12101e-05
2.47294e-05
3.96365e-05
3.37229e-05
2.73604e-05
2.34871e-05
3.62874e-05
3.19955e-05
2.75802e-05
2.50644e-05
0.0340404
0.0325679
0.0311674
0.0304772
0.0290363
0.027578
0.0261578
0.0254229
0.0228999
0.0215308
0.0201686
0.0194332
0.0185966
0.0173436
0.0160785
0.0153766
0.00383833
0.00352002
0.00321017
0.00305039
0.00203546
0.00189166
0.00176846
0.00171887
0.00195116
0.0019319
0.00185287
0.00175594
0.00404478
0.00402993
0.00380862
0.00350543
0.000925581
0.000396397
0.00133613
0.00246862
0.00114937
0.000228473
0.000326944
0.000871795
0.00153316
0.000657169
0.000598707
0.000965293
0.0028845
0.00195766
0.00228918
0.00304188
0.0144578
0.0133842
0.0121455
0.0113148
0.0118487
0.0109477
0.00991983
0.00923948
0.00883371
0.00814027
0.00736456
0.00686349
0.00686056
0.0063113
0.00570821
0.00532828
0.00148083
0.00136947
0.00127072
0.00122828
0.00109601
0.00102945
0.000974826
0.000955397
0.00138907
0.00132393
0.00125185
0.00120592
0.00231817
0.00219965
0.00204334
0.00192424
0.00234922
0.00215669
0.00198177
0.00190224
0.00148558
0.00138999
0.00131495
0.00129066
0.00173887
0.00169331
0.00163675
0.00159391
0.0032302
0.00313979
0.0029813
0.00283355
0.00392043
0.00353773
0.00307778
0.00275444
0.00318751
0.00287433
0.00250196
0.00224324
0.00238208
0.00214958
0.00187887
0.00169519
0.00189018
0.00171044
0.00150628
0.00137182
0.000650274
0.000607341
0.000569732
0.000554018
0.000557311
0.000521743
0.000491219
0.000479165
0.000624228
0.00057822
0.000532317
0.000507398
0.000829578
0.000758767
0.000680463
0.000630949
0.000968739
0.0009011
0.000841701
0.000816747
0.000791914
0.000742946
0.000701457
0.000685566
0.000974305
0.000913994
0.000850914
0.000813994
0.00146413
0.00136357
0.00124429
0.00116237
0.000452757
0.000365731
0.000266482
0.000201365
0.000394987
0.000323191
0.000242202
0.000189756
0.00035419
0.000299013
0.000238166
0.000199855
0.000349135
0.000303773
0.000255074
0.000225468
0.000301201
0.000280818
0.000262159
0.000253456
0.00026132
0.000243411
0.000227667
0.000220981
0.000223574
0.000205281
0.000189261
0.00018256
0.000206126
0.000184743
0.000165375
0.000156654
0.000443778
0.000415184
0.000389896
0.00037906
0.00038493
0.000359676
0.00033787
0.000329101
0.000376521
0.000345804
0.00031677
0.000302466
0.000424665
0.000381869
0.000337859
0.000312744
4.40735e-05
6.13388e-05
8.86469e-05
0.000113149
3.34806e-05
4.34978e-05
6.06839e-05
7.68748e-05
3.9404e-05
4.12553e-05
4.72821e-05
5.44744e-05
5.63126e-05
5.2658e-05
5.14207e-05
5.2939e-05
0.00010669
9.54612e-05
8.38925e-05
7.70961e-05
0.000103454
9.45942e-05
8.60014e-05
8.14181e-05
0.000102437
9.77918e-05
9.47211e-05
9.44167e-05
0.000104862
0.00010431
0.00010674
0.000110797
0.000193221
0.000177853
0.000162922
0.000155021
0.000171027
0.000158221
0.000146468
0.00014089
0.000140962
0.000131284
0.000123748
0.00012153
0.000117638
0.000110216
0.000106016
0.000106675
0.000351849
0.00035609
0.000360755
0.000363653
0.000238477
0.000241912
0.000245732
0.00024814
0.000130606
0.000132777
0.00013532
0.000137031
7.41604e-05
7.52507e-05
7.67549e-05
7.7951e-05
1.05575e-05
8.82413e-06
7.51452e-06
7.21602e-06
3.07497e-05
2.89e-05
2.74652e-05
2.70956e-05
7.65601e-05
7.46533e-05
7.31908e-05
7.284e-05
0.000127184
0.000125282
0.000123877
0.000123611
4.29754e-05
3.63932e-05
2.94947e-05
2.53331e-05
5.58673e-05
5.06545e-05
4.54954e-05
4.26481e-05
8.59118e-05
8.34867e-05
8.19618e-05
8.19207e-05
0.000119803
0.000120263
0.000122552
0.00012549
0.000199879
0.000179043
0.000153502
0.000135236
0.000143105
0.000128896
0.000111641
9.94564e-05
8.94901e-05
8.18656e-05
7.29157e-05
6.68859e-05
6.22862e-05
5.83529e-05
5.41192e-05
5.16288e-05
2.8365e-05
2.93157e-05
3.14145e-05
3.37405e-05
3.57834e-05
3.55588e-05
3.62111e-05
3.74903e-05
5.6396e-05
5.35619e-05
5.0988e-05
4.99247e-05
8.08083e-05
7.51207e-05
6.90143e-05
6.53829e-05
1.10643e-05
1.24462e-05
1.5022e-05
1.76626e-05
2.77658e-05
2.79672e-05
2.90773e-05
3.06457e-05
6.75888e-05
6.54449e-05
6.36183e-05
6.30207e-05
0.000112364
0.000107779
0.000102887
0.000100021
5.13828e-06
3.07628e-06
1.22342e-06
4.08316e-07
6.35984e-06
4.20936e-06
2.16838e-06
1.13471e-06
8.93145e-06
6.47396e-06
4.04855e-06
2.7105e-06
1.16635e-05
8.76757e-06
5.88251e-06
4.26379e-06
1.71221e-05
1.34532e-05
9.67545e-06
7.43341e-06
1.61109e-05
1.25655e-05
8.91821e-06
6.76066e-06
1.51614e-05
1.16424e-05
8.02898e-06
5.90707e-06
1.47e-05
1.11068e-05
7.42867e-06
5.28824e-06
3.48038e-05
3.26197e-05
3.06846e-05
2.98569e-05
3.5174e-05
3.25849e-05
3.01729e-05
2.90205e-05
3.93504e-05
3.55744e-05
3.17572e-05
2.96405e-05
4.54101e-05
4.0204e-05
3.46941e-05
3.14165e-05
0.0415864
0.0384208
0.0354792
0.0339259
0.0356914
0.0331897
0.0306272
0.0291671
0.0278732
0.026157
0.0243968
0.0234052
0.0218021
0.0208326
0.0198626
0.0193769
0.0184972
0.0179014
0.0174448
0.0172103
0.0129119
0.0126868
0.01266
0.0127969
0.00731962
0.00738617
0.00762668
0.00791273
0.00433528
0.00454505
0.00485413
0.00506402
0.00436855
0.00570789
0.0122237
0.0186496
0.00236915
0.00326222
0.00800747
0.0128834
0.0011477
0.00133129
0.00395658
0.00692484
0.000885417
0.000572152
0.00189098
0.0036292
0.0188379
0.0175085
0.0160077
0.0150289
0.0155081
0.0143842
0.0131291
0.0123215
0.0116307
0.0107551
0.00979532
0.00919255
0.00906503
0.00836446
0.00760887
0.00714499
0.00780918
0.00719414
0.00653835
0.00614208
0.0056282
0.00516521
0.00468906
0.00441564
0.00342795
0.0031351
0.00285183
0.00270467
0.00232119
0.00213039
0.00195421
0.001871
0.0101663
0.00939464
0.0085885
0.00811688
0.00737416
0.00677959
0.00618021
0.00584746
0.00449235
0.00410642
0.0037379
0.00355119
0.00298555
0.00273384
0.00250062
0.00238976
0.00567918
0.00517191
0.00456482
0.00413984
0.00461608
0.00419868
0.00370457
0.00336278
0.0034277
0.00311572
0.00275395
0.00250953
0.00268434
0.00244242
0.00216837
0.00198845
0.0023228
0.00211544
0.00188388
0.00173452
0.00171509
0.00156559
0.00140471
0.00130584
0.00114726
0.00105471
0.000962688
0.000912558
0.000900953
0.000835873
0.000776234
0.000748517
0.00321564
0.00293879
0.00263161
0.00243509
0.00233984
0.00213928
0.00192473
0.00179393
0.00150594
0.00138254
0.00126015
0.0011937
0.00112987
0.00104565
0.000968286
0.000932158
0.000917135
0.000779093
0.000616646
0.00050559
0.000768549
0.000655991
0.000525007
0.000436597
0.000627608
0.000543454
0.000447751
0.000384897
0.000561109
0.000494413
0.000420678
0.000373937
0.000526008
0.000467977
0.00040477
0.000365473
0.000457342
0.000413415
0.000367315
0.0003401
0.000401768
0.000370478
0.000339889
0.000323764
0.000385996
0.000359712
0.000335483
0.00032406
0.000787128
0.00070554
0.000615208
0.000557723
0.000643471
0.000583434
0.00051949
0.000480881
0.0005192
0.000478888
0.000439239
0.000418114
0.000474671
0.000442552
0.000413167
0.000399555
2.60496e-06
6.97723e-06
1.96803e-05
3.47262e-05
1.3166e-05
1.30211e-05
1.88623e-05
2.78479e-05
4.3291e-05
3.78594e-05
3.59794e-05
3.83389e-05
7.67078e-05
6.74396e-05
6.02974e-05
5.83682e-05
9.16263e-05
8.09642e-05
7.1724e-05
6.79549e-05
0.000109206
9.70531e-05
8.54477e-05
7.95179e-05
0.000131285
0.000117865
0.000104373
9.67918e-05
0.000146908
0.000133009
0.000118939
0.00011093
0.000140261
0.000122685
0.000105889
9.74415e-05
0.000158084
0.000141179
0.000124662
0.000115937
0.000180076
0.000163735
0.000147587
0.000138824
0.000195428
0.000179254
0.000163347
0.000154756
0.000301392
0.000315447
0.000333488
0.000347024
0.000202974
0.000212814
0.000225488
0.000235004
0.00011198
0.000116979
0.000123641
0.000128773
6.65602e-05
6.82927e-05
7.10454e-05
7.34374e-05
4.85953e-05
4.89448e-05
5.00015e-05
5.11749e-05
2.46557e-05
2.31126e-05
2.18629e-05
2.1393e-05
1.25752e-05
9.29905e-06
6.02662e-06
4.18848e-06
1.66418e-05
1.26057e-05
8.51241e-06
6.17466e-06
4.78094e-05
4.71438e-05
4.75575e-05
4.86898e-05
3.40848e-05
3.06831e-05
2.75902e-05
2.6081e-05
3.0569e-05
2.47988e-05
1.87714e-05
1.51305e-05
3.77163e-05
3.10304e-05
2.39524e-05
1.96143e-05
0.000274912
0.000254943
0.000229689
0.000211018
0.00019265
0.000179375
0.000162658
0.000150389
0.000113608
0.000106951
9.87737e-05
9.29875e-05
7.1987e-05
6.90318e-05
6.57215e-05
6.36959e-05
5.51011e-05
5.36945e-05
5.23979e-05
5.19112e-05
3.09088e-05
3.14264e-05
3.26607e-05
3.41276e-05
1.58201e-05
1.76277e-05
2.06355e-05
2.35272e-05
1.60007e-05
1.79523e-05
2.12479e-05
2.44345e-05
5.58848e-05
5.54403e-05
5.51228e-05
5.51677e-05
2.58611e-05
2.6777e-05
2.83482e-05
2.99256e-05
6.90767e-06
8.63741e-06
1.1453e-05
1.41199e-05
6.71438e-06
8.41835e-06
1.13423e-05
1.4199e-05
2.41334e-05
1.75848e-05
1.07023e-05
6.66842e-06
2.1613e-05
1.63792e-05
1.09141e-05
7.71703e-06
2.12514e-05
1.712e-05
1.28643e-05
1.03982e-05
2.31561e-05
1.93908e-05
1.55462e-05
1.33368e-05
2.41565e-05
2.05123e-05
1.67485e-05
1.45385e-05
2.41486e-05
2.08516e-05
1.74742e-05
1.55053e-05
2.56405e-05
2.24322e-05
1.91497e-05
1.72341e-05
2.7943e-05
2.45298e-05
2.10079e-05
1.89281e-05
3.52506e-05
3.1622e-05
2.79634e-05
2.59422e-05
3.19664e-05
2.9337e-05
2.68634e-05
2.56575e-05
3.15068e-05
2.94828e-05
2.7732e-05
2.70273e-05
3.39894e-05
3.19267e-05
3.0133e-05
2.93998e-05
0.0295794
0.0277563
0.0258384
0.024709
0.024654
0.0230791
0.0214331
0.0204727
0.0188285
0.0175607
0.0162515
0.0155015
0.014884
0.0138442
0.0127783
0.012175
0.0129548
0.0120243
0.0110752
0.0105419
0.009498
0.00875975
0.00803287
0.0076462
0.00583346
0.00533916
0.00487449
0.00464667
0.00383917
0.00351509
0.00321271
0.00306771
0.0164024
0.0152313
0.0140467
0.013392
0.0121767
0.0112297
0.010307
0.00982568
0.00757587
0.00692797
0.00632256
0.00602961
0.00499018
0.0045585
0.00414864
0.0039472
0.00298182
0.0027379
0.00251018
0.00240105
0.00172143
0.00160742
0.00151732
0.00148709
0.00182077
0.00180013
0.00176029
0.00171805
0.00357987
0.00354272
0.00340512
0.0032394
0.00499484
0.00489999
0.00465103
0.00437994
0.00872928
0.00844936
0.0079386
0.00744751
0.0178743
0.0170042
0.0156727
0.014528
0.0292318
0.0274866
0.0250003
0.0229835
0.00581648
0.00577543
0.0054257
0.00496171
0.0104365
0.01016
0.00951623
0.00883062
0.0220735
0.0212329
0.0197583
0.0183807
0.0369048
0.0352293
0.0326218
0.0303673
0.00338535
0.00367422
0.00387757
0.00385912
0.00168434
0.00180111
0.0019196
0.00195438
0.00182103
0.0019069
0.00193323
0.00187919
0.00486268
0.00464661
0.00438875
0.00415781
0.00672664
0.00667226
0.00637349
0.00597071
0.013329
0.0127623
0.0116296
0.010527
0.0278138
0.0265956
0.0243768
0.0222783
0.0437673
0.0425634
0.040122
0.0375536
0.00314414
0.00386142
0.00552119
0.0058839
0.00270586
0.00387424
0.00978014
0.0162139
0.0188805
0.0126221
0.0237863
0.0377406
0.0820635
0.0324376
0.041517
0.0612932
0.0108513
0.0100021
0.00900615
0.00832482
0.00885953
0.00815181
0.00733105
0.00677665
0.00657877
0.00603997
0.0054276
0.0050238
0.00510464
0.00468151
0.00421039
0.00390785
0.00438549
0.00401955
0.00361752
0.00336377
0.00316475
0.00289736
0.00261411
0.00244381
0.00198061
0.00181588
0.00165343
0.00156606
0.00142668
0.00131686
0.0012158
0.00116843
0.00589592
0.00541768
0.0048992
0.00457804
0.00424187
0.00388806
0.00351816
0.00330012
0.00260667
0.00238674
0.00217171
0.00205778
0.00181375
0.00166945
0.00153647
0.00147394
0.0011931
0.00110689
0.0010309
0.000998698
0.000934827
0.000877842
0.000830185
0.000812481
0.00117875
0.00111412
0.00104474
0.00100251
0.00186821
0.00175588
0.00161646
0.00151611
0.00233428
0.00218776
0.00199901
0.00185813
0.00354365
0.00329958
0.00297916
0.0027347
0.00603742
0.00558151
0.00498432
0.00452927
0.00873972
0.00804478
0.00714231
0.00646019
0.00295869
0.00280027
0.00258327
0.00241254
0.00464641
0.00436701
0.00398434
0.00368137
0.00819934
0.00764112
0.00689011
0.00630436
0.0121255
0.0112382
0.0100641
0.00916244
0.00185601
0.00170984
0.00157903
0.00152154
0.00127814
0.00119912
0.00113579
0.00111445
0.0015859
0.00152607
0.00145731
0.00141082
0.00278921
0.00267484
0.00250949
0.00237359
0.00363882
0.00348003
0.00324211
0.00304186
0.00591146
0.00560813
0.00516889
0.0048051
0.0108606
0.0101943
0.00926953
0.00852941
0.0164865
0.0153651
0.0138516
0.0126705
0.00432974
0.0041902
0.00394497
0.00371749
0.00728807
0.00698379
0.00650498
0.00608364
0.0140709
0.0132968
0.0121801
0.0112592
0.0220958
0.020681
0.018731
0.0171852
0.00259051
0.00230798
0.00196851
0.00173012
0.00211322
0.00188299
0.0016093
0.00141936
0.00160125
0.00143099
0.00123289
0.00109871
0.00129951
0.0011678
0.0010185
0.000920505
0.00115163
0.00103887
0.000912958
0.000831849
0.000899067
0.000817319
0.000729485
0.000675726
0.000673194
0.000620484
0.000568328
0.000540219
0.000584573
0.000544528
0.000507963
0.000491104
0.0016506
0.00149684
0.00132472
0.00121341
0.00124674
0.00113591
0.00101645
0.000942931
0.000876901
0.000807274
0.000738101
0.00070052
0.000723392
0.00067265
0.00062626
0.000604813
0.000536544
0.000501763
0.000471219
0.000458371
0.000464044
0.000434023
0.000408186
0.000397903
0.00048739
0.00044924
0.000412126
0.000392838
0.000600488
0.000544352
0.000484337
0.000448067
0.000667618
0.000599768
0.000524638
0.000477029
0.000837668
0.000740844
0.000628388
0.000552761
0.00122727
0.00107416
0.000890924
0.000763348
0.00165951
0.00144875
0.001194
0.00101463
0.000958458
0.00087118
0.000771161
0.000705023
0.00128315
0.00115406
0.000999561
0.000892045
0.00197079
0.00175953
0.00150067
0.00131575
0.00271099
0.00241446
0.00204886
0.00178593
0.000791544
0.000737923
0.000690935
0.000671291
0.000666273
0.00062439
0.000588612
0.000574641
0.000787349
0.000733651
0.000678803
0.000647865
0.00111685
0.0010308
0.000932416
0.000867609
0.00133024
0.00122226
0.00109426
0.00100632
0.00187082
0.00170536
0.00150167
0.00135559
0.00298251
0.00270153
0.00234974
0.00209285
0.00416876
0.00376537
0.00325926
0.00288878
0.00178871
0.00166019
0.00150205
0.00138908
0.00261965
0.00241502
0.00215546
0.0019637
0.00431827
0.0039555
0.00349136
0.00314525
0.00613697
0.00560195
0.0049192
0.00441128
0.000171773
0.00012468
7.48647e-05
4.56055e-05
0.000166066
0.000125784
8.34197e-05
5.8688e-05
0.000181392
0.000148235
0.000113832
9.40718e-05
0.000209499
0.000180126
0.000150122
0.000133231
0.000220138
0.000192931
0.000165252
0.000149733
0.00022674
0.000203426
0.000180045
0.000167181
0.000238719
0.000218763
0.000199252
0.000188915
0.000250093
0.00023134
0.000213397
0.000204222
0.000343544
0.000303193
0.00026041
0.000234834
0.000322999
0.000290957
0.000258013
0.00023917
0.000310801
0.000286057
0.00026194
0.000249276
0.00031261
0.000290623
0.000270051
0.000260021
0.000244082
0.000226447
0.000209849
0.000201613
0.000212845
0.000197702
0.000184142
0.000178087
0.000175168
0.00016166
0.000150433
0.000146339
0.000149129
0.000135651
0.000125003
0.000121785
0.000127167
0.000114011
0.000104077
0.000101657
7.90505e-05
6.67226e-05
5.82013e-05
5.7189e-05
3.98361e-05
2.64034e-05
1.74824e-05
1.70478e-05
2.94085e-05
1.3641e-05
2.92368e-06
2.1285e-06
0.000188826
0.000165729
0.000144484
0.000134628
0.000152332
0.000125273
9.93406e-05
8.63469e-05
0.000142236
0.000105635
6.86944e-05
4.84671e-05
0.000164692
0.000117615
6.87309e-05
4.07345e-05
0.000366718
0.000342796
0.000321352
0.000311843
0.000318041
0.000296798
0.000278342
0.00027077
0.000289574
0.000265529
0.000243567
0.000233471
0.000295585
0.000264421
0.000233959
0.000217984
0.000292837
0.000257299
0.000221517
0.000201804
0.000291587
0.000245679
0.000196959
0.000167897
0.000352636
0.000285656
0.000211318
0.000164182
0.000449084
0.000360322
0.00025986
0.000194535
0.000449054
0.000398565
0.000344861
0.000312648
0.000513828
0.00044473
0.000367361
0.000317638
0.000702176
0.000596738
0.000474254
0.000391892
0.000928661
0.000786134
0.000618217
0.000503406
0.000126344
0.000148757
0.000180703
0.000207147
8.54441e-05
9.98945e-05
0.000121102
0.000139021
5.76869e-05
6.32737e-05
7.27397e-05
8.14825e-05
5.26657e-05
5.24198e-05
5.43748e-05
5.74046e-05
5.1834e-05
4.91961e-05
4.79764e-05
4.85242e-05
5.02407e-05
4.45363e-05
3.92358e-05
3.65873e-05
5.67159e-05
4.84105e-05
3.97544e-05
3.45559e-05
6.72566e-05
5.79971e-05
4.82057e-05
4.22149e-05
6.4611e-05
5.87656e-05
5.45048e-05
5.35669e-05
7.45081e-05
6.5964e-05
5.79356e-05
5.39053e-05
9.03786e-05
7.95554e-05
6.84574e-05
6.19843e-05
0.000104024
9.23734e-05
8.02702e-05
7.30719e-05
7.14738e-05
6.24778e-05
5.30448e-05
4.73457e-05
7.70557e-05
7.00296e-05
6.3083e-05
5.92456e-05
9.25484e-05
8.92996e-05
8.72793e-05
8.72442e-05
0.000111477
0.000112037
0.000115076
0.000119009
0.000122312
0.000125524
0.000132074
0.000138755
0.000147273
0.000156631
0.000171071
0.000183748
0.000201239
0.000219306
0.000245196
0.000266777
0.000261347
0.000286727
0.000322368
0.000351629
0.000104233
0.000106561
0.000112843
0.000119942
0.000103456
0.000112465
0.000127399
0.000141137
0.000120525
0.000138849
0.000166152
0.00018961
0.000149672
0.000175724
0.000213465
0.000245245
0.000147482
0.000134176
0.000120832
0.000113347
0.000134755
0.000124001
0.000113848
0.000108718
0.000117709
0.000110958
0.0001061
0.00010511
0.000104984
0.000101834
0.000101936
0.00010497
9.36381e-05
9.30858e-05
9.67294e-05
0.000102614
6.88131e-05
7.43175e-05
8.5903e-05
9.79668e-05
5.26067e-05
6.61695e-05
8.86891e-05
0.000109533
5.4604e-05
7.46157e-05
0.000106117
0.000134336
9.84366e-05
9.27684e-05
9.10782e-05
9.3851e-05
5.60881e-05
5.4557e-05
5.84404e-05
6.56861e-05
1.81638e-05
2.12986e-05
3.19663e-05
4.50264e-05
4.16873e-06
1.04907e-05
2.61816e-05
4.38121e-05
0.000362595
0.000356424
0.000347614
0.000340318
0.000247765
0.000244213
0.000238971
0.000234532
0.000137159
0.000135927
0.000134013
0.000132358
7.82459e-05
7.81037e-05
7.79244e-05
7.78386e-05
5.43227e-05
5.46149e-05
5.51172e-05
5.5641e-05
2.18718e-05
2.25661e-05
2.37766e-05
2.49817e-05
1.75945e-06
2.49753e-06
4.01491e-06
5.64331e-06
2.02401e-06
2.49437e-06
3.83347e-06
5.4548e-06
5.14199e-05
5.20326e-05
5.30473e-05
5.39694e-05
2.09552e-05
2.08052e-05
2.10286e-05
2.14995e-05
3.11699e-06
2.10024e-06
1.46409e-06
1.48262e-06
4.81579e-06
3.26995e-06
2.12433e-06
1.8899e-06
7.24911e-06
7.4375e-06
8.49047e-06
9.95207e-06
2.68844e-05
2.63134e-05
2.64306e-05
2.72149e-05
7.22119e-05
7.02466e-05
6.8629e-05
6.8144e-05
0.000122574
0.000119207
0.000115839
0.000114068
0.000155225
0.000150921
0.00014638
0.000143741
0.000229239
0.000222946
0.000215763
0.00021106
0.000353659
0.00034404
0.000332614
0.00032472
0.00047256
0.000459784
0.000444395
0.000433567
0.000159906
0.000158035
0.000156699
0.000156508
0.00023403
0.000232365
0.000231186
0.000231039
0.000359315
0.000357639
0.000356482
0.000356383
0.000479606
0.000477708
0.000476374
0.000476226
2.2412e-05
1.83238e-05
1.42298e-05
1.19462e-05
4.03383e-05
3.68864e-05
3.3614e-05
3.19651e-05
8.0932e-05
7.89073e-05
7.75127e-05
7.73292e-05
0.000125898
0.000125403
0.000126042
0.000127457
0.000154676
0.000155253
0.000157313
0.000159841
0.000219913
0.000223054
0.00022831
0.000233195
0.000332491
0.000339143
0.000348987
0.000357419
0.000442262
0.000451775
0.000465455
0.000476921
0.000140952
0.000143415
0.000148347
0.000153345
0.000189059
0.000196194
0.000207064
0.000216529
0.000276674
0.000290422
0.000309941
0.000326095
0.0003653
0.000384592
0.000411476
0.000433408
0.000125094
0.00010725
8.61092e-05
7.15638e-05
9.26757e-05
8.01574e-05
6.5521e-05
5.56221e-05
6.33487e-05
5.60807e-05
4.79093e-05
4.26694e-05
4.98415e-05
4.54582e-05
4.0873e-05
3.82435e-05
4.46298e-05
4.14534e-05
3.83381e-05
3.67547e-05
3.55346e-05
3.39985e-05
3.29048e-05
3.27794e-05
3.10865e-05
3.06649e-05
3.09672e-05
3.1866e-05
3.30654e-05
3.27703e-05
3.32571e-05
3.43107e-05
5.13846e-05
4.90004e-05
4.67196e-05
4.56745e-05
3.4789e-05
3.44095e-05
3.46778e-05
3.55347e-05
2.50272e-05
2.60332e-05
2.81106e-05
3.03527e-05
2.60848e-05
2.72901e-05
2.96821e-05
3.22052e-05
3.44945e-05
3.40143e-05
3.42852e-05
3.51925e-05
3.77074e-05
3.63978e-05
3.56636e-05
3.58582e-05
4.88774e-05
4.55572e-05
4.23774e-05
4.0832e-05
6.29109e-05
5.73126e-05
5.13599e-05
4.78409e-05
7.09976e-05
6.38485e-05
5.60175e-05
5.11687e-05
8.9676e-05
7.90354e-05
6.68959e-05
5.89319e-05
0.000124911
0.000108428
8.91025e-05
7.59618e-05
0.000160887
0.000138843
0.0001127
9.46679e-05
9.59602e-05
8.83147e-05
7.97839e-05
7.43882e-05
0.000130659
0.000118627
0.000104579
9.5104e-05
0.000192061
0.000172892
0.000149912
0.000133863
0.000252573
0.000226731
0.000195427
0.000173275
1.93038e-05
2.09474e-05
2.38972e-05
2.68574e-05
3.15672e-05
3.18937e-05
3.32101e-05
3.49774e-05
6.24452e-05
6.00133e-05
5.78879e-05
5.71274e-05
9.78534e-05
9.24823e-05
8.66813e-05
8.3216e-05
0.000120479
0.000113098
0.000104777
9.94518e-05
0.000172034
0.00016018
0.000146152
0.000136537
0.000260487
0.000241444
0.000218321
0.00020193
0.000346051
0.000320346
0.000288835
0.000266219
0.000141307
0.000135067
0.000128088
0.000123671
0.000207046
0.000197166
0.000185475
0.000177464
0.000318105
0.000302363
0.000283211
0.000269598
0.000424517
0.000403345
0.000377327
0.000358597
2.87162e-07
1.02798e-07
5.92574e-08
1.76075e-07
8.02867e-07
4.0123e-07
1.10485e-07
9.97061e-08
1.94703e-06
1.07059e-06
3.86852e-07
2.29322e-07
3.1941e-06
1.73886e-06
7.06169e-07
4.80549e-07
3.52552e-06
1.90311e-06
6.50948e-07
3.6796e-07
4.09458e-06
2.2006e-06
6.77828e-07
2.33362e-07
4.9356e-06
2.68234e-06
8.09961e-07
1.59887e-07
5.63956e-06
3.12656e-06
9.93282e-07
1.84589e-07
1.27674e-05
9.6842e-06
6.56052e-06
4.75666e-06
1.37305e-05
1.0586e-05
7.38111e-06
5.50793e-06
1.53752e-05
1.20205e-05
8.58198e-06
6.5521e-06
1.69477e-05
1.33251e-05
9.5971e-06
7.38513e-06
5.67309e-06
3.14563e-06
9.95358e-07
1.7733e-07
5.08281e-06
2.77146e-06
8.34189e-07
1.45746e-07
4.3731e-06
2.37163e-06
7.2923e-07
2.12797e-07
3.89246e-06
2.13071e-06
7.22491e-07
3.44538e-07
3.59073e-06
1.97683e-06
7.76072e-07
4.55261e-07
2.41196e-06
1.34129e-06
4.69838e-07
2.21935e-07
1.22852e-06
6.36428e-07
1.78875e-07
1.03872e-07
5.91114e-07
2.56652e-07
9.49256e-08
1.80915e-07
1.38607e-05
1.03714e-05
6.8462e-06
4.84305e-06
1.15715e-05
8.38315e-06
5.17631e-06
3.37371e-06
9.36935e-06
6.3233e-06
3.34255e-06
1.76575e-06
8.27435e-06
5.20473e-06
2.31211e-06
9.12607e-07
2.83611e-05
2.4872e-05
2.1263e-05
1.91267e-05
2.74539e-05
2.39124e-05
2.02433e-05
1.80707e-05
2.77569e-05
2.37863e-05
1.96288e-05
1.71423e-05
2.91017e-05
2.45256e-05
1.96844e-05
1.6761e-05
2.89101e-05
2.40395e-05
1.8922e-05
1.58748e-05
2.8452e-05
2.29e-05
1.70113e-05
1.34696e-05
3.05366e-05
2.34623e-05
1.58881e-05
1.13073e-05
3.42322e-05
2.55239e-05
1.61685e-05
1.05153e-05
4.81455e-05
4.20109e-05
3.54307e-05
3.14439e-05
5.45789e-05
4.63403e-05
3.72393e-05
3.1496e-05
6.91438e-05
5.71533e-05
4.35786e-05
3.47416e-05
8.53051e-05
6.96192e-05
5.16635e-05
3.98192e-05
