FiniteElementSpace
FiniteElementCollection: H1_2D_P2
VDim: 2
Ordering: 0

0
1.21222
2.05287
2.5984
3.01219
3.40644
3.8446
4.34127
4.86787
0
0.696313
1.26664
1.71271
2.10093
2.50467
2.9686
3.48659
4.01754
0.637179
0.983926
0.360697
0
1.68077
1.68385
0.999425
2.35123
2.167
1.50174
2.81355
2.55769
1.90917
3.20668
2.95074
2.29703
3.61795
3.40109
2.72824
4.08661
3.91141
3.22311
4.60366
4.44254
3.75298
0.518044
1.36926
1.94421
2.36718
2.74938
3.1673
3.6506
4.17743
0.316464
0.575817
0.259589
0
1.45974
1.52782
1.18636
1.09971
2.20979
2.15011
1.81974
1.87128
2.70893
2.59088
2.26906
2.38421
3.1093
2.97684
2.65279
2.7845
3.51044
3.39095
3.05691
3.17696
3.96379
3.8678
3.5241
3.62149
4.47186
4.39063
4.04417
4.12609
0.937273
0.760951
0.854931
0.532119
0.453337
0.182964
0
1.87753
1.53441
1.4846
1.13742
1.19682
0.852327
2.47993
2.05932
1.94401
1.60966
1.72948
1.38776
2.91409
2.46291
2.3302
2.00504
2.14048
1.81213
3.30543
2.84843
2.7268
2.39905
2.52304
2.19793
3.7293
3.28205
3.18335
2.84641
2.94642
2.61432
4.21262
3.77995
3.69801
3.35411
3.43548
3.09436
4.73588
4.65528
4.31045
4.22998
3.88564
3.96475
3.61978
0.282819
1.32543
2.01748
2.49001
2.8802
3.28197
3.74285
4.25798
0.849638
0.661349
0.234224
1.70894
1.34683
1.03321
2.2716
1.83976
1.61163
2.68853
2.23553
2.04377
3.07547
2.62317
2.42568
3.50412
3.06278
2.83445
3.99578
3.56582
3.30776
4.52329
4.09783
3.83124
0.149517
0.297746
0.135924
0
1.3395
1.39271
1.21559
1.1559
2.13346
2.11402
1.94624
1.96246
2.65451
2.59956
2.43784
2.4915
3.06077
2.99443
2.83231
2.89813
3.45801
3.3957
3.22899
3.2912
3.90372
3.85305
3.6817
3.73269
4.40637
4.36497
4.19189
4.23367
0.790111
0.893187
0.715591
0.605806
0.641854
0.713352
0.558925
0.487645
0.12813
0.248005
0.118923
0
1.78207
1.79358
1.6209
1.60455
1.45393
1.44272
1.27344
1.28534
1.08766
1.11221
0.945942
0.921835
2.41701
2.37604
2.2121
2.25101
2.00282
1.95065
1.78547
1.8382
1.75335
1.71729
1.54936
1.58608
2.8642
2.80119
2.64
2.7022
2.41526
2.34953
2.18814
2.25431
2.21863
2.15709
1.99437
2.05639
3.25581
3.18999
3.02585
3.09136
2.79855
2.73563
2.57271
2.63613
2.60513
2.53927
2.37777
2.4441
3.67312
3.61628
3.44701
3.50397
3.22414
3.17207
3.00406
3.05653
3.00332
2.94538
2.7801
2.83853
4.14925
4.10411
3.93146
3.97703
3.71497
3.67263
3.50037
3.54275
3.46213
3.4156
3.24511
3.29187
4.66978
4.62966
4.457
4.49722
4.24401
4.20409
4.03138
4.07099
3.97768
3.93756
3.76454
3.80451
0.479645
0.431077
0.546904
0.390059
0.271172
0
1.57353
1.42944
1.44969
1.28014
1.25697
1.04271
2.28228
2.08534
2.048
1.88328
1.91957
1.77863
2.76184
2.54095
2.47929
2.31852
2.37994
2.27616
3.15787
2.92833
2.8629
2.70084
2.76638
2.67109
3.56372
3.33594
3.27875
3.11157
3.16907
3.06352
4.02476
3.80491
3.75897
3.58695
3.63319
3.51096
4.53767
4.32426
4.284
4.11079
4.15101
4.01864
1.07829
0.977724
0.875006
0.805848
0.760032
0.780542
0.615049
0.601935
0.447113
0.41203
0.344976
0.272367
0.214072
0.0948509
0
1.96772
1.7923
1.61096
1.62281
1.41716
1.3784
1.20303
1.24543
1.06948
1.10199
1.11678
0.926929
0.947197
0.775297
2.54029
2.32888
2.11398
2.16616
1.89255
1.82954
1.6617
1.72621
1.55636
1.61749
1.67161
1.44555
1.502
1.32811
2.96334
2.73663
2.51034
2.57584
2.28284
2.21584
2.05291
2.12074
1.95717
2.02549
2.09243
1.86086
1.92885
1.76279
3.35558
3.12581
2.89914
2.96167
2.67451
2.61552
2.45136
2.51099
2.34761
2.41002
2.47407
2.24715
2.31193
2.14922
3.78645
3.56229
3.34105
3.39273
3.12255
3.07556
2.90701
2.9542
2.78678
2.83698
2.88989
2.67072
2.7241
2.55895
4.27666
4.06069
3.84547
3.8877
3.63173
3.59201
3.42021
3.45961
3.28837
3.32891
3.37125
3.1584
3.20066
3.03105
4.80196
4.76164
4.58941
4.54891
4.37664
4.41686
4.33622
4.16404
4.12376
3.9517
3.9917
3.81942
3.85874
3.89801
3.68643
3.7253
3.55315
0.14067
1.27756
2.04024
2.54632
2.94627
3.343
3.79239
4.29915
0.752397
0.60246
0.124367
1.70178
1.36589
1.01924
2.31487
1.89538
1.65309
2.75204
2.30209
2.10728
3.1404
2.6855
2.49155
3.55961
3.11376
2.89144
4.04022
3.60739
3.35328
4.56347
4.13762
3.87094
0.454302
0.410354
0.132086
1.50167
1.35591
1.15262
2.18417
1.98521
1.85082
2.65144
2.43006
2.32871
3.04274
2.81443
2.71866
3.44934
3.22339
3.11581
3.91461
3.69568
3.57161
4.43103
4.21747
4.0847
1.02783
0.927112
0.679023
0.819849
0.692666
0.508207
0.369267
0.313568
0.112404
1.88037
1.70273
1.53856
1.51604
1.31315
1.17506
1.20084
1.02603
0.865336
2.43482
2.22205
2.10823
2.00426
1.77847
1.67261
1.77892
1.56067
1.44128
2.84982
2.62355
2.52782
2.39682
2.16823
2.07321
2.20605
1.97742
1.87962
3.24022
3.01217
2.91195
2.78662
2.56277
2.46009
2.58743
2.36066
2.26369
3.67398
3.45133
3.3352
3.23146
3.01438
2.89505
3.00041
2.77999
2.66928
4.16863
3.95294
3.82301
3.73837
3.52565
3.394
3.47879
3.26443
3.13767
4.69574
4.48303
4.35049
4.2703
4.05785
3.92532
4.00428
3.79205
3.65859
0
0.469141
1.31526
2.26961
3.21706
4.12678
4.99551
5.83922
6.6842
1
1.2951
1.9129
2.71933
3.61841
4.55177
5.47369
6.35679
7.21048
0.181594
0.842837
1.10657
0.5
0.864552
1.59866
1.57198
1.78936
2.48962
2.29984
2.74705
3.41751
3.16141
3.67729
4.34165
4.08386
4.56571
5.23779
5.01657
5.41882
6.09969
5.92044
6.26033
6.94755
6.78531
0.58707
1.19301
2.03562
2.95209
3.88182
4.79422
5.67229
6.5235
0.0967402
0.374108
0.5122
0.25
0.657153
1.02087
1.00895
0.646512
1.55072
1.90778
1.81429
1.45076
2.50904
2.84702
2.72018
2.3761
3.44848
3.77869
3.65003
3.31559
4.34751
4.6806
4.56899
4.23415
5.20776
5.54681
5.4561
5.11775
6.0495
6.39249
6.3118
5.97051
0.307903
0.70015
1.05887
1.18792
0.828395
1.05634
0.75
1.08542
1.3907
1.75466
1.73568
1.37819
1.4242
2.02941
2.26112
2.60573
2.50621
2.16823
2.10156
2.98317
3.1847
3.51957
3.38847
3.05831
2.93807
3.90339
4.11249
4.448
4.31787
3.98436
3.85046
4.78162
5.01718
5.35629
5.24632
4.90636
4.78488
5.62914
5.88669
6.22804
6.13981
5.7965
5.69843
6.47193
6.816
6.73528
7.07894
6.99799
6.65412
6.57178
0.291243
0.82429
1.67709
2.6116
3.54798
4.45855
5.33315
6.18148
0.494021
0.929776
0.761114
1.23102
1.56073
1.20978
2.14119
2.38462
1.95776
3.08183
3.2882
2.83057
4.00748
4.2166
3.75183
4.9003
5.13251
4.67807
5.7591
6.0132
5.5776
6.60392
6.86643
6.44151
0.0577395
0.191182
0.266636
0.125
0.560168
0.738456
0.732674
0.555481
1.43245
1.6123
1.56326
1.38123
2.38947
2.55932
2.49382
2.32171
3.3331
3.49774
3.43198
3.26571
4.23747
4.40307
4.34663
4.18037
5.10182
5.27083
5.22569
5.05696
5.94431
6.11576
6.07602
5.9052
0.239586
0.398602
0.429544
0.275722
0.639557
0.811749
0.875317
0.703739
0.497508
0.632759
0.747267
0.625
0.973574
1.15626
1.12452
0.94058
1.29039
1.47467
1.46789
1.28415
0.923358
1.10741
1.13193
0.9483
1.9093
2.08401
2.02423
1.84713
2.14793
2.32273
2.27577
2.10164
1.70565
1.88555
1.85519
1.67593
2.86537
3.03175
2.96453
2.79616
3.06834
3.23661
3.17302
3.00531
2.60469
2.77543
2.71774
2.54764
3.79069
3.95521
3.89334
3.72763
3.99732
4.16478
4.10055
3.93332
3.53383
3.70114
3.63563
3.46873
4.67394
4.84121
4.79074
4.62331
4.90599
5.07503
5.01972
4.8505
4.45556
4.62375
4.56323
4.39506
5.52405
5.6945
5.6531
5.48321
5.77969
5.95
5.9051
5.73449
5.34722
5.51698
5.46725
5.2972
6.36602
6.53802
6.49814
6.32659
6.62936
6.80084
6.76028
6.58881
6.20583
6.37666
6.33492
6.1639
0.133419
0.327778
0.477592
0.544393
0.398561
0.375
0.758759
0.920585
1.10509
1.09904
0.914483
0.742251
1.66976
1.792
1.97078
1.92435
1.74458
1.52338
2.62826
2.72936
2.89915
2.83601
2.66539
2.43223
3.56323
3.66356
3.83018
3.76604
3.59886
3.36633
4.45692
4.56987
4.73758
4.68188
4.51388
4.28796
5.31342
5.44017
5.60978
5.56444
5.39486
5.17799
6.15482
6.28696
6.4581
6.41767
6.24678
6.03528
0.384464
0.566651
0.768219
0.594387
0.99134
1.17436
1.23874
1.05478
1.14411
0.962042
0.790473
1.07759
0.901924
1.03388
0.875
1.19943
1.3399
1.49358
1.30929
1.65642
1.8339
1.82279
1.64796
1.65207
1.47431
1.29205
1.49604
1.31545
1.35727
2.14956
2.25852
2.37505
2.20039
2.49465
2.66319
2.61201
2.44602
2.40212
2.23456
2.06217
2.19962
2.03002
2.00595
3.10041
3.19886
3.30111
3.13296
3.40374
3.56962
3.50313
3.33898
3.27453
3.11053
2.94413
3.04923
2.88499
2.82807
4.01543
4.12109
4.22728
4.05998
4.33244
4.50031
4.43489
4.26771
4.20084
4.03464
3.86809
3.96704
3.80173
3.73423
4.8888
5.0093
5.12777
4.95894
5.24471
5.41511
5.36033
5.18961
5.13173
4.96174
4.79246
4.90095
4.73183
4.66848
5.73419
5.86489
5.99334
5.8231
6.12082
6.29229
6.24858
6.07642
6.03045
5.85845
5.68734
5.80978
5.63806
5.58641
6.57799
6.75014
6.70988
6.88183
6.84133
6.66966
7.01323
6.97262
7.14465
7.10421
6.93211
6.8917
6.71958
6.54789
6.67869
6.5065
6.4645
0.15843
0.644131
1.49616
2.44058
3.38198
4.29203
5.16411
6.01047
0.332336
0.753826
0.619688
1.04701
1.3779
1.0254
1.9654
2.21164
1.77983
2.91414
3.12081
2.66123
3.84172
4.04916
3.58493
4.73254
4.96305
4.50963
5.58896
5.84248
5.40738
6.43222
6.69481
6.27039
0.228464
0.432898
0.379848
0.837486
1.00783
0.825743
1.72936
1.85716
1.63324
2.67787
2.78223
2.54869
3.61297
3.71469
3.48272
4.51349
4.62601
4.40119
5.37718
5.50254
5.28668
6.22112
6.35243
6.14108
0.473234
0.664882
0.53171
0.876897
1.11169
1.00487
0.66318
0.927888
0.882794
1.2678
1.41529
1.20575
1.57412
1.73955
1.55948
1.19385
1.39289
1.24252
2.20283
2.31609
2.08524
2.43477
2.55396
2.33951
1.99289
2.13134
1.93082
3.14896
3.24972
3.01608
3.3526
3.45407
3.22444
2.89015
2.99735
2.77357
4.0681
4.17421
3.94529
4.28009
4.38411
4.1512
3.81728
3.91813
3.68553
4.94934
5.06875
4.84855
5.18642
5.30268
5.07596
4.73739
4.84702
4.61624
5.7999
5.92931
5.71661
6.05713
6.18459
5.96772
5.626
5.74857
5.52691
6.644
6.77566
6.56383
6.90696
7.03835
6.82588
6.48278
6.61314
6.39957
