FiniteElementSpace
FiniteElementCollection: H1_2D_P2
VDim: 2
Ordering: 0

0
0.00234524
0.00102417
-0.00146526
-0.00145418
0.0057823
0.023826
0.0520792
0.0850669
0
-0.00150726
-0.00158827
0.00137819
0.0108216
0.0296973
0.0580618
0.0919354
0.125062
0.0016727
0.000571958
-0.0009486
0
0.0020193
-0.000394711
-0.00175902
-0.000272835
-0.00051042
-0.000683269
-0.00205606
0.00385085
0.00506514
0.000969866
0.0167306
0.0189839
0.0133673
0.0401358
0.0428525
0.0369208
0.071711
0.0746909
0.0684713
0.10499
0.108919
0.000485208
0.000166161
-0.000759166
0.00084617
0.00901689
0.0271502
0.0552323
0.0886399
0.000896105
0.000979769
0.000216909
0
0.00228884
0.00101906
0.000409306
0.00139673
0.000389677
-0.000667371
-0.000625628
0.000207401
-0.00187097
-0.000838331
-3.97148e-06
-0.0011842
-0.000508197
0.00474048
0.00613532
0.000943957
0.00921436
0.0200865
0.0216034
0.0110311
0.0300723
0.0460547
0.0474601
0.0318808
0.0601788
0.0786439
0.0801839
0.0619405
0.00214551
0.000610323
-0.000317921
-0.00126957
-2.97118e-05
-0.00051896
0
0.00158258
-0.000115822
-0.00093876
-0.00174257
-0.000702061
-0.00167279
-0.000910727
-0.000740703
0.000395672
0.000173913
-0.000709519
-0.00125209
-0.00194367
0.0021087
0.00716485
0.00766014
0.00285522
0.00298921
0.00304791
0.012539
0.0229166
0.0240221
0.013759
0.0145876
0.0182441
0.0333435
0.0487788
0.050235
0.0346747
0.0359875
0.0442894
0.0633531
0.081637
0.0832905
0.0646886
0.0662463
0.0768331
0.0950542
0.0969431
0.115031
0.117082
0.0987066
0.100514
0.000426388
0.00128499
-0.000246629
-0.00115388
0.00255681
0.0152072
0.0387055
0.0702518
0.0013085
-0.00014846
1.89021e-05
0.000644803
-0.000856523
-0.000512062
-0.00100003
-0.000295171
-0.000906002
-0.000163824
0.00474911
0.00142478
0.007551
0.0180086
0.0101542
0.0256559
0.041461
0.0284794
0.0538355
0.0730875
0.0565516
0.0869777
0.106981
0.0902185
0.000349052
0.000610687
0.000147245
0
0.00234634
0.0017607
0.00136301
0.00184523
0.000713125
2.94358e-05
-2.06445e-05
0.000579237
-0.00169195
-0.00157692
-0.0012003
-0.00138436
-0.00104482
0.000953404
0.00168288
-0.000326843
0.00740739
0.0121621
0.0130313
0.00834973
0.0268689
0.0343854
0.0352225
0.0278378
0.0560996
0.0652514
0.0660784
0.0570381
0.00194165
0.00169983
0.00117623
0.00129207
0.000569932
0.000253065
-8.1754e-05
0.000248611
7.69703e-05
0.000128425
3.48926e-06
0
0.00181865
0.00108187
0.000842605
0.00149089
2.75102e-05
-0.000478696
-0.000785763
-0.000255712
0.000503473
-3.45699e-05
-0.000413511
0.000147591
-0.000598937
-0.0010094
-0.000848471
-0.000518152
-0.000772537
-0.000531368
-0.00053301
-0.000742069
-0.000519117
-0.000768219
-0.000939553
-0.000664111
-0.00204331
-0.00112456
-0.000550718
-0.00151551
0.00142178
0.00338929
0.00374075
0.00181792
-0.000295812
0.000684371
0.000864208
-7.69194e-05
0.00192813
0.00523591
0.00606434
0.00278698
0.010696
0.0152112
0.0158024
0.0113299
0.00492191
0.00809219
0.00858528
0.00546155
0.0157145
0.0219224
0.0227867
0.0166882
0.0301689
0.0373365
0.0379975
0.0308449
0.0190822
0.0249739
0.0256175
0.0197578
0.0405464
0.0490814
0.0498977
0.041496
0.0592558
0.0681784
0.068862
0.0599104
0.0437365
0.051949
0.0526138
0.0443951
0.0726556
0.0819534
0.0828283
0.0736005
0.0928183
0.101947
0.102876
0.0936547
0.0759409
0.0851766
0.0859309
0.0766409
0.00133481
0.00072411
0.00071954
0.000360426
0.000315018
0
0.00217757
0.00116836
0.000583475
0.000295249
0.00084064
0.000978548
5.83068e-05
-0.000464565
-0.000741156
-0.000707846
-0.000458648
-0.000111127
-0.0019969
-0.00103643
-4.49829e-05
0.000373958
-0.000623037
-0.000886189
0.000158005
0.00357347
0.00681931
0.00749876
0.00428762
0.00234113
0.0111984
0.0175593
0.0235696
0.0242941
0.0183517
0.0138239
0.0334259
0.04232
0.0506236
0.0512962
0.0430549
0.0359726
0.0643112
0.0744464
0.0836448
0.0844223
0.0752178
0.0668204
0.00227989
0.00138025
0.000609561
0.000951361
-0.000228124
-0.000860216
-0.00139816
-0.000643824
-0.00112135
-0.000414253
4.85588e-06
-0.000750942
-0.00017309
-0.000238102
0
0.00131541
0.000431077
-0.000258328
0.000251561
-0.000909087
-0.00123992
-0.00168484
-0.00127087
-0.00176538
-0.00119596
-0.000609287
-0.00172693
-0.00105027
-0.00159922
-0.00120305
-0.0011148
-0.000655929
-0.000903771
1.20506e-05
0.00088671
0.000729662
-5.35599e-05
-0.000293648
-0.000683134
-0.000831369
-0.000999516
-0.00106042
-0.00144542
-0.0017526
0.00033123
0.00291597
0.000919409
0.00588864
0.00895239
0.00916794
0.00617531
0.0062952
0.00394167
0.00208614
0.00396623
0.00219824
0.00212988
0.00432817
0.00920532
0.0145503
0.00998609
0.0203805
0.0262224
0.0267809
0.0209402
0.0214227
0.0163072
0.0118779
0.0167061
0.0123182
0.0126275
0.0209479
0.0286895
0.0366688
0.029457
0.0450581
0.0533217
0.0540974
0.0457484
0.0464827
0.0386663
0.0315004
0.0393509
0.0321413
0.0327674
0.0481396
0.0578548
0.0675097
0.0585821
0.0773504
0.0867284
0.0876136
0.0781148
0.0789775
0.0696035
0.0605807
0.0704419
0.0613046
0.0621146
0.0809939
0.0900998
0.0910623
0.100015
0.100999
0.0919633
0.11
0.111025
0.120068
0.121083
0.112037
0.113031
0.1038
0.0944812
0.104744
0.0953294
0.0962392
0.000205294
0.00182895
0.000307084
-0.00150811
0.000247832
0.0101667
0.0310362
0.0611208
0.00152932
0.000265905
4.79634e-05
0.00130081
-0.000369252
6.38767e-05
-0.000774641
-0.000663318
-0.000729205
-0.00136649
0.00254506
0.000261436
0.0039305
0.0131887
0.00670411
0.0192176
0.0340164
0.022283
0.0452357
0.0640128
0.0481154
0.0777874
0.0978303
0.0809072
0.000989622
0.000529348
0.00010949
0.00164597
0.000724181
0.0009274
-0.000248073
-0.000611361
-0.000289809
-0.00158299
-0.000377773
-0.000789559
0.00179632
0.00547711
0.00324496
0.0143353
0.0208754
0.0160013
0.0378754
0.0467842
0.0394477
0.0694179
0.079436
0.0710071
0.00180391
0.000988434
0.000862803
0.000212497
-0.000754337
-0.000530163
0.000200205
-0.000297058
-5.63899e-05
0.000839262
7.12656e-05
0.000424155
-0.000578645
-0.00127096
-0.00124412
-0.00014243
-0.00112998
-0.000959338
-0.00121567
-0.000921495
-0.00084112
-0.000338393
0.00037427
-0.000403198
-0.000774644
-0.00089956
-0.00117147
-0.00078185
0.00156889
0.00038452
0.00435932
0.00749321
0.00499408
0.00120065
0.00301257
0.00149256
0.00670661
0.0118197
0.00832094
0.017401
0.0235008
0.0185428
0.00963291
0.0142335
0.0105596
0.0247972
0.0326399
0.0264319
0.0407993
0.0494784
0.0421415
0.0278296
0.0353308
0.0291039
0.0530207
0.0626736
0.0545607
0.0723925
0.0824156
0.0738392
0.0558849
0.0654208
0.0572675
0.0860723
0.0960293
0.0878263
0.105998
0.116067
0.107951
0.0894306
0.0995874
0.0910373
0
0.00600318
0.0116433
0.0126121
0.00408993
-0.0172079
-0.0504266
-0.0904967
-0.131814
0
0.00384603
0.009397
0.0130197
0.0105628
-0.00207919
-0.0266942
-0.0611058
-0.0998346
0.0030234
0.00487111
0.00144924
0
0.00910521
0.0109203
0.0066381
0.0130166
0.0136506
0.0116897
0.00981405
0.00850734
0.0128327
-0.00489895
-0.00842443
0.00570892
-0.0325709
-0.0376925
-0.0129275
-0.0700085
-0.0754696
-0.0429672
-0.111236
-0.115903
-0.080312
0.00186311
0.00805778
0.0129699
0.0123563
0.0016544
-0.0216623
-0.0558903
-0.0956521
0.0017918
0.0023631
0.000667476
0
0.00758532
0.00857616
0.00647581
0.00538956
0.0125132
0.0130802
0.0120797
0.0113214
0.0115488
0.0112747
0.0132883
0.013269
1.44297e-05
-0.00134589
0.00547651
0.00653644
-0.0245366
-0.0268167
-0.0146646
-0.0125173
-0.060054
-0.0627207
-0.0465673
-0.0437833
-0.100863
-0.103357
-0.0855265
-0.0828198
0.00445034
0.00330761
0.00438975
0.00256664
0.00156318
0.000619866
0
0.0104827
0.00955886
0.0103206
0.00804748
0.00745065
0.0052209
0.0130758
0.0135187
0.0136169
0.0125087
0.0125522
0.010631
0.0073447
0.0107836
0.0098927
0.011992
0.0129252
0.0131517
-0.0106475
-0.0029788
-0.00493746
0.00219547
0.0040349
0.00848525
-0.0412317
-0.0293622
-0.0320365
-0.0194658
-0.0170498
-0.00712317
-0.080187
-0.0655588
-0.0682865
-0.0518503
-0.0493614
-0.0345529
-0.121575
-0.123838
-0.105797
-0.107892
-0.0900458
-0.0879881
-0.0706297
0.00107808
0.00700338
0.0123594
0.0125822
0.00300419
-0.0192983
-0.0530554
-0.0930682
0.00381373
0.00291403
0.000467097
0.0100378
0.00893563
0.00591884
0.0134092
0.0132664
0.0115473
0.0092786
0.0117354
0.0135283
-0.00652313
-5.36395e-05
0.00734059
-0.0350058
-0.0242116
-0.0106109
-0.0726753
-0.0586751
-0.0404492
-0.113645
-0.0979133
-0.0780903
0.00108341
0.00139804
0.000534825
0
0.00679723
0.00728303
0.0061972
0.00568152
0.0121199
0.0124443
0.0118757
0.0114851
0.0121616
0.0120981
0.0129989
0.0129665
0.00215893
0.00156877
0.0048713
0.00536621
-0.0207771
-0.02184
-0.0158121
-0.014788
-0.055192
-0.0564819
-0.0483639
-0.0470284
-0.0956789
-0.0969215
-0.0879358
-0.086606
0.00371478
0.00411476
0.00306777
0.00267714
0.00256482
0.00309853
0.00221685
0.00168692
0.000262302
0.000541552
0.000134967
0
0.0098171
0.010258
0.00932524
0.00883372
0.008822
0.00927259
0.00820199
0.00777209
0.00567239
0.00620695
0.00515046
0.0046302
0.0131076
0.0132621
0.0132987
0.013062
0.0132916
0.0134465
0.0129499
0.0128079
0.0115294
0.0118532
0.0109574
0.010653
0.00867685
0.00835792
0.0103667
0.0105838
0.0116539
0.0113369
0.0124075
0.0127136
0.0135359
0.0134756
0.0136319
0.0136946
-0.00766699
-0.00851486
-0.00383128
-0.00305707
-0.000560822
-0.00143574
0.0020891
0.00292695
0.00708847
0.00649088
0.00870786
0.00928066
-0.0368266
-0.0380402
-0.0308324
-0.029615
-0.0254291
-0.0267305
-0.020544
-0.0192915
-0.0114476
-0.0125663
-0.00767708
-0.0066041
-0.0750765
-0.0763709
-0.0676684
-0.0662974
-0.0606878
-0.0620977
-0.0539743
-0.0525976
-0.0420679
-0.0434705
-0.0361747
-0.0348172
-0.116417
-0.117586
-0.108505
-0.107261
-0.100724
-0.10186
-0.0929477
-0.0918195
-0.0804848
-0.081803
-0.0731702
-0.0718665
0.00238173
0.00169622
0.00209041
0.00122595
0.000844839
0
0.0083589
0.00779965
0.00832108
0.0072732
0.00673706
0.00512096
0.0128163
0.0127643
0.0130549
0.0125629
0.0122429
0.0111378
0.0107714
0.0120107
0.011871
0.0128979
0.0129847
0.0135027
-0.00233444
0.000932459
0.000227358
0.00366552
0.0043105
0.007588
-0.0284678
-0.0229692
-0.0241683
-0.0180723
-0.0169075
-0.0103958
-0.0649968
-0.0578456
-0.0592583
-0.0511792
-0.0497565
-0.0406763
-0.106054
-0.098211
-0.0994946
-0.090584
-0.0892767
-0.0791147
0.00521716
0.0045918
0.00407963
0.00354468
0.00364112
0.00413411
0.0031915
0.00274171
0.00198481
0.00148457
0.000975589
0.000990084
0.000482843
0.000304679
0
0.0110953
0.0107062
0.0102608
0.00980887
0.00964393
0.00990688
0.00873211
0.00853219
0.0073462
0.00707774
0.00668714
0.00592694
0.00559558
0.00452513
0.0129154
0.0134028
0.0136415
0.0135003
0.0134915
0.0133981
0.012806
0.0129595
0.0121322
0.0121849
0.0120814
0.011185
0.011145
0.010031
0.00582051
0.00800399
0.00973652
0.0100922
0.0108989
0.010326
0.0113542
0.0119601
0.012481
0.0129714
0.0132953
0.0130521
0.0134267
0.0131365
-0.0138257
-0.00941954
-0.00560128
-0.00467617
-0.00239662
-0.00342761
0.000154321
0.00115981
0.00404614
0.00496654
0.00578358
0.00718688
0.00801067
0.00960802
-0.0457672
-0.0393268
-0.033454
-0.0321169
-0.0280458
-0.029334
-0.0229965
-0.0217936
-0.0161067
-0.0149303
-0.0137374
-0.00993108
-0.00879666
-0.00450486
-0.0853321
-0.0777297
-0.07049
-0.0690782
-0.0634499
-0.0647069
-0.0564373
-0.0552671
-0.0473554
-0.0461587
-0.0448488
-0.0386951
-0.0374831
-0.0305485
-0.126719
-0.127803
-0.118763
-0.11987
-0.110863
-0.109722
-0.111911
-0.102892
-0.103852
-0.0949197
-0.0939683
-0.0851776
-0.0841545
-0.0830319
-0.0754576
-0.0743716
-0.0658404
0.00074875
0.00648403
0.0120031
0.0126092
0.00357094
-0.018219
-0.0517033
-0.0917588
0.00337433
0.00237157
0.000180146
0.00956652
0.00853366
0.00541633
0.0132196
0.0131712
0.0112795
0.00956427
0.012106
0.013648
-0.00568166
0.000845718
0.00797983
-0.033751
-0.022926
-0.00948803
-0.0713085
-0.0573075
-0.0390788
-0.112429
-0.0968378
-0.0768192
0.00201764
0.00143418
0.000378253
0.00807007
0.00753724
0.00592888
0.012801
0.0126901
0.0117226
0.0114267
0.0125067
0.0133135
-0.000639018
0.00237066
0.00604805
-0.0256407
-0.0204481
-0.0135553
-0.0613511
-0.0544613
-0.0451576
-0.102092
-0.0943819
-0.0841848
0.00488844
0.00432303
0.00279687
0.00385432
0.00342552
0.00209086
0.00107151
0.000942448
0.000149576
0.010901
0.0104973
0.00908097
0.00998134
0.00923253
0.00781122
0.00699404
0.0063367
0.00485896
0.0131817
0.0135618
0.0133282
0.013624
0.0132248
0.0126092
0.0123655
0.0116933
0.0105463
0.00696152
0.0089339
0.0110686
0.0103969
0.0112242
0.012539
0.0131668
0.0132636
0.0134677
-0.0115505
-0.00743539
-0.00212204
-0.00392011
-0.00103622
0.00315957
0.00480706
0.00658165
0.00925623
-0.0424695
-0.0363259
-0.0280615
-0.030698
-0.0254831
-0.0182737
-0.0158367
-0.0117699
-0.00601536
-0.0814744
-0.0740754
-0.064135
-0.0669547
-0.0599518
-0.0506647
-0.0479811
-0.0417605
-0.0333372
-0.122718
-0.114815
-0.104609
-0.106886
-0.0988908
-0.0890592
-0.086805
-0.0792535
-0.0695173
