FiniteElementSpace
FiniteElementCollection: L2_2D_P3
VDim: 1
Ordering: 0

0.0179969
0.0109446
0.0128803
0.0159008
0.00838321
0.00667164
0.00958411
0.0131887
0.00316426
0.00354612
0.00615309
0.00915453
0.00209554
0.00248798
0.00416952
0.00597844
0.00618093
0.00584413
0.00543821
0.00515182
0.00515822
0.00487588
0.00453829
0.00430211
0.00395116
0.00373308
0.00347592
0.00329875
0.00313541
0.00296074
0.00275766
0.00262004
0.00277581
0.00265572
0.00250757
0.00240032
0.00234248
0.00224223
0.00211926
0.00203077
0.00182217
0.00174551
0.00165253
0.00158639
0.00146273
0.00140204
0.0013294
0.00127845
0.00156274
0.00151892
0.00146437
0.00142451
0.00133269
0.00129558
0.00124959
0.00121613
0.00105435
0.0010255
0.000990032
0.000964446
0.00085949
0.00083645
0.000808392
0.000788352
0.00107012
0.00104621
0.00101633
0.000994408
0.000916178
0.000895786
0.000870386
0.000851821
0.000731357
0.000715319
0.000695464
0.000681044
0.000602512
0.000589586
0.000573687
0.000562222
0.000736722
0.000714761
0.000687051
0.000666519
0.00063364
0.000614989
0.00059151
0.000574155
0.000510668
0.000496006
0.000477624
0.000464097
0.000425335
0.000413463
0.000398646
0.000387796
0.000407875
0.000386223
0.000358958
0.000338807
0.000354558
0.000335994
0.000312653
0.000295429
0.000291001
0.000276136
0.000257497
0.000243786
0.000246871
0.000234585
0.00021923
0.000207973
0.000118709
0.000104038
8.63096e-05
7.38075e-05
0.000105378
9.24773e-05
7.69098e-05
6.59479e-05
8.95538e-05
7.8775e-05
6.58038e-05
5.66981e-05
7.85915e-05
6.92978e-05
5.81473e-05
5.0346e-05
0.00888455
0.00854102
0.00813589
0.00785689
0.00762326
0.00727053
0.00685532
0.00656973
0.00605051
0.00571274
0.00531635
0.00504473
0.00493732
0.00462469
0.00426053
0.00401311
0.0011118
0.00102331
0.000937377
0.000891961
0.000670753
0.000612021
0.000559362
0.000535628
0.000545762
0.000489508
0.000431866
0.000399137
0.000826716
0.00074316
0.000642748
0.000573028
0.000110105
9.35024e-05
0.000387597
0.000724681
7.38155e-05
1.09679e-05
0.000163609
0.00037454
9.33803e-05
4.40266e-05
0.000197255
0.000395508
0.000286964
0.000236325
0.000506516
0.00082159
0.00406254
0.00385711
0.00360606
0.00342618
0.00340495
0.00323401
0.00302654
0.00287894
0.00262256
0.00249221
0.00233605
0.00222649
0.00208864
0.00198549
0.00186372
0.00177964
0.000447374
0.000424192
0.000401375
0.000389122
0.000252832
0.000237814
0.00022444
0.000218563
0.000135042
0.00012208
0.000110141
0.00010453
0.000153738
0.00013525
0.00011539
0.000103299
0.000669469
0.000624926
0.000581056
0.000557487
0.000392812
0.000362711
0.000335132
0.00032218
0.000268155
0.000240832
0.000214156
0.000200043
0.000368668
0.000329363
0.00028544
0.000257188
0.00201692
0.00194604
0.00185807
0.00179398
0.00171259
0.00165304
0.0015795
0.00152619
0.00134489
0.00129903
0.00124292
0.00120264
0.00108851
0.00105207
0.00100799
0.000976726
0.000262314
0.000255034
0.000247633
0.000243442
0.000150383
0.000146529
0.000143268
0.000142015
5.69586e-05
5.50307e-05
5.39263e-05
5.40828e-05
2.64319e-05
2.39835e-05
2.198e-05
2.13044e-05
0.000328994
0.000316193
0.000303429
0.000296418
0.000184225
0.00017663
0.000170052
0.000167352
7.73562e-05
7.18971e-05
6.74792e-05
6.60136e-05
6.00165e-05
5.24731e-05
4.49735e-05
4.09263e-05
0.00127502
0.00124502
0.00120762
0.00118026
0.00108998
0.00106442
0.00103268
0.00100955
0.000866774
0.000846732
0.000822021
0.000804147
0.000710654
0.000694558
0.000674867
0.000660743
0.000197708
0.000194463
0.000190964
0.00018882
0.000122974
0.000121408
0.000119969
0.000119307
5.23426e-05
5.20742e-05
5.21699e-05
5.25701e-05
1.91695e-05
1.92092e-05
1.95945e-05
2.01365e-05
0.000223225
0.000218733
0.000214045
0.000211291
0.000133297
0.000131123
0.000129261
0.000128531
5.231e-05
5.17156e-05
5.16881e-05
5.22045e-05
1.85404e-05
1.80389e-05
1.79805e-05
1.83684e-05
0.000899236
0.00087723
0.000849592
0.000829213
0.000771206
0.00075249
0.000729051
0.00071182
0.000618117
0.000603413
0.000585093
0.000571699
0.00051172
0.000499852
0.000485145
0.000474458
0.000159707
0.000156983
0.000153853
0.000151774
0.000105979
0.000104509
0.00010294
0.000102
5.21335e-05
5.17749e-05
5.15628e-05
5.15943e-05
2.36375e-05
2.37248e-05
2.40277e-05
2.4405e-05
0.000177887
0.000175103
0.000172002
0.000170018
0.000114528
0.000113109
0.000111692
0.000110929
5.26469e-05
5.23732e-05
5.2332e-05
5.25366e-05
2.14875e-05
2.16031e-05
2.1984e-05
2.24497e-05
0.000572633
0.000550417
0.000522342
0.000501509
0.0004947
0.000475781
0.000451916
0.00043424
0.000401798
0.000386829
0.00036801
0.000354121
0.000337333
0.000325118
0.000309816
0.000298569
0.000119733
0.0001164
0.000112386
0.000109565
8.44989e-05
8.24556e-05
8.00627e-05
7.84372e-05
4.74296e-05
4.66352e-05
4.58012e-05
4.53177e-05
2.60669e-05
2.58907e-05
2.58178e-05
2.58837e-05
0.000140883
0.000137956
0.000134499
0.000132126
9.632e-05
9.46459e-05
9.27607e-05
9.15435e-05
5.05775e-05
5.00647e-05
4.96176e-05
4.94451e-05
2.52993e-05
2.5307e-05
2.54861e-05
2.57545e-05
0.000251434
0.000232057
0.000207942
0.00019035
0.000220416
0.000203642
0.000182794
0.000167609
0.000183473
0.000169816
0.000152888
0.000140593
0.000157824
0.000146345
0.000132159
0.00012189
6.71121e-05
6.29885e-05
5.80026e-05
5.44829e-05
5.07837e-05
4.78493e-05
4.43346e-05
4.18807e-05
3.26411e-05
3.09712e-05
2.90163e-05
2.76891e-05
2.12795e-05
2.03524e-05
1.93097e-05
1.86383e-05
9.51034e-05
9.12915e-05
8.66594e-05
8.33702e-05
6.94375e-05
6.69156e-05
6.38995e-05
6.17977e-05
4.17158e-05
4.0503e-05
3.91201e-05
3.82133e-05
2.50603e-05
2.45575e-05
2.40544e-05
2.37866e-05
2.99703e-05
2.31277e-05
1.55838e-05
1.08658e-05
2.66451e-05
2.01068e-05
1.29662e-05
8.56207e-06
2.29356e-05
1.6949e-05
1.0502e-05
6.60539e-06
2.0573e-05
1.51231e-05
9.32684e-06
5.88993e-06
1.30869e-05
1.04946e-05
7.85483e-06
6.40019e-06
1.0925e-05
8.84957e-06
6.75211e-06
5.61098e-06
8.20463e-06
6.75184e-06
5.30463e-06
4.53817e-06
6.24832e-06
5.22246e-06
4.21917e-06
3.70809e-06
3.80003e-05
3.40459e-05
2.94059e-05
2.62463e-05
2.98567e-05
2.68588e-05
2.33642e-05
2.10037e-05
2.05149e-05
1.85785e-05
1.63509e-05
1.48716e-05
1.44096e-05
1.31385e-05
1.17019e-05
1.077e-05
0.0116379
0.0106512
0.00957511
0.00885575
0.00990534
0.00915831
0.00828055
0.00767478
0.00761268
0.00713715
0.00659263
0.00622559
0.00583466
0.0055969
0.00534896
0.00520025
0.00498647
0.00481735
0.00469836
0.00462805
0.00342638
0.00339412
0.00341137
0.00345055
0.00197028
0.00201209
0.00209577
0.00217694
0.00124565
0.00129758
0.00137909
0.00144168
0.00160682
0.00177593
0.0032585
0.00484282
0.000832097
0.00102304
0.00213426
0.00331717
0.000320211
0.00042703
0.00108183
0.00180447
0.000154998
0.00017676
0.000558096
0.00100802
0.00500051
0.00473419
0.00441076
0.00418061
0.00417887
0.00395708
0.00368975
0.00350101
0.003206
0.00303647
0.00283492
0.00269471
0.002546
0.00241146
0.00225386
0.00214603
0.00221756
0.0021003
0.00196416
0.00187195
0.00165204
0.00156437
0.00146492
0.00139937
0.00104871
0.000991995
0.000930732
0.000892785
0.000699699
0.000659933
0.000619286
0.000596067
0.00273107
0.00257767
0.00240088
0.00228226
0.00203329
0.00191676
0.00178553
0.00169985
0.00128999
0.00121296
0.00113019
0.00107933
0.000864543
0.000809549
0.000753383
0.00072136
0.00234672
0.00225475
0.0021409
0.00205818
0.00198685
0.00190986
0.00181505
0.00174653
0.00155319
0.00149412
0.00142213
0.00137066
0.00125203
0.0012052
0.00114882
0.00110902
0.00110088
0.00106023
0.00101165
0.00097764
0.000839433
0.000809381
0.000774153
0.000749996
0.000551142
0.000532263
0.000511078
0.000497281
0.000373328
0.00036081
0.00034757
0.000339603
0.00128249
0.00122984
0.00116733
0.00112386
0.000971198
0.000932311
0.000887068
0.000856309
0.000630963
0.000606448
0.00057921
0.000561688
0.000424288
0.000407808
0.000390564
0.000380347
0.0014043
0.00136864
0.00132421
0.00129174
0.00119926
0.00116896
0.00113136
0.00110399
0.000951466
0.000927796
0.000898651
0.000877597
0.000777983
0.000759024
0.000735881
0.000719315
0.000691132
0.000674577
0.000654483
0.000640185
0.000540371
0.000527974
0.000513138
0.000502744
0.000370043
0.000362219
0.00035315
0.000347025
0.000260637
0.000255614
0.000250054
0.000246512
0.0007618
0.000741722
0.000717419
0.000700172
0.000592314
0.000577351
0.000559515
0.000547067
0.000401645
0.000392252
0.000381441
0.000374195
0.000280047
0.00027401
0.000267406
0.000263256
0.000982469
0.000959867
0.000931554
0.000910736
0.000841781
0.000822528
0.000798486
0.000780866
0.000673245
0.000658108
0.000639313
0.000625619
0.00055595
0.00054374
0.00052867
0.000517762
0.000497577
0.000486837
0.000473634
0.000464119
0.000396086
0.000387879
0.00037789
0.000370769
0.00028027
0.00027491
0.000268518
0.000264069
0.000204584
0.000201034
0.000196918
0.000194149
0.000538316
0.000526962
0.000513058
0.00050308
0.000426757
0.000418117
0.000407653
0.000400233
0.000299702
0.000294105
0.000287482
0.00028291
0.00021695
0.000213279
0.000209072
0.000206279
0.00065503
0.000632903
0.000604946
0.000584204
0.000564511
0.000545704
0.00052199
0.000504434
0.000456582
0.000441761
0.000423142
0.000409413
0.000381701
0.00036966
0.000354597
0.000343538
0.000344439
0.000333775
0.000320465
0.00031072
0.000279338
0.000271034
0.000260731
0.000253235
0.000204337
0.000198703
0.000191794
0.000186833
0.000154611
0.0001507
0.000145977
0.000142645
0.000382903
0.000372413
0.000359358
0.000349828
0.0003089
0.000300782
0.000290747
0.000283475
0.000223887
0.000218445
0.000211809
0.000207073
0.000167752
0.000164029
0.00015957
0.000156456
0.000327784
0.000307007
0.000280961
0.000261808
0.000286042
0.000268148
0.000245748
0.000229301
0.000236293
0.000221853
0.000203826
0.000190628
0.000201745
0.000189717
0.000174746
0.000163823
0.000184422
0.000173594
0.000160138
0.000150337
0.000153747
0.000144996
0.000134158
0.000126293
0.000117838
0.000111482
0.000103662
9.80279e-05
9.35204e-05
8.87535e-05
8.29347e-05
7.87811e-05
0.000224803
0.000213798
0.000200065
0.000190018
0.000185908
0.000177111
0.000166176
0.000158207
0.000140593
0.000134327
0.000126595
0.000121007
0.000110092
0.000105491
9.9866e-05
9.58432e-05
6.74219e-05
5.62514e-05
4.317e-05
3.42897e-05
6.03269e-05
5.02746e-05
3.85291e-05
3.05765e-05
5.19585e-05
4.32956e-05
3.32145e-05
2.64217e-05
4.6197e-05
3.85459e-05
2.96782e-05
2.37323e-05
4.32433e-05
3.61264e-05
2.79027e-05
2.24107e-05
3.77757e-05
3.16549e-05
2.4617e-05
1.99456e-05
3.1349e-05
2.64733e-05
2.0915e-05
1.7267e-05
2.6944e-05
2.29699e-05
1.84819e-05
1.55754e-05
7.30125e-05
6.44663e-05
5.42288e-05
4.70798e-05
6.28429e-05
5.56242e-05
4.70069e-05
4.10138e-05
5.07599e-05
4.51384e-05
3.84702e-05
3.38678e-05
4.2412e-05
3.79037e-05
3.25941e-05
2.89617e-05
0.00761286
0.0072001
0.0067079
0.00636477
0.00636789
0.00601574
0.00559861
0.00530998
0.00489179
0.00461419
0.0042896
0.00406825
0.00388969
0.00366492
0.00340552
0.00323142
0.00339376
0.00319522
0.00296763
0.00281608
0.00253599
0.00238169
0.00220888
0.00209693
0.00161731
0.00151245
0.00140021
0.00133162
0.0010935
0.00101717
0.000939115
0.00089459
0.00435173
0.00405946
0.00372551
0.00350398
0.00324752
0.00302684
0.00278159
0.00262413
0.00206837
0.00192379
0.0017712
0.0016797
0.00140287
0.00130074
0.00119733
0.00113929
0.000853315
0.000790062
0.000727709
0.00069418
0.000509742
0.000467341
0.000428336
0.000409842
0.000379797
0.000341943
0.000304321
0.000283793
0.000548552
0.000494379
0.000432362
0.000391318
0.000704878
0.00063702
0.000556005
0.000499786
0.00117434
0.00106752
0.000933452
0.000835244
0.002227
0.00203074
0.00177938
0.00159162
0.0033906
0.00309302
0.0027115
0.00242631
0.00104572
0.000952474
0.000829822
0.000737078
0.00171583
0.0015701
0.00137797
0.00123121
0.00319612
0.00294066
0.0026039
0.00234601
0.00483725
0.00445845
0.0039636
0.00358711
0.00100177
0.00105416
0.00110876
0.00113544
0.00062045
0.000639211
0.000661843
0.0006751
0.000605891
0.00059503
0.00057745
0.000561306
0.00110211
0.00102387
0.000943919
0.000888341
0.00141021
0.00130319
0.00118573
0.00111245
0.00249689
0.00227721
0.00199401
0.00178377
0.00471369
0.00428421
0.00371649
0.00328206
0.00702139
0.00641069
0.00560549
0.00497674
0.000390685
0.000543117
0.000985588
0.0013218
0.000514055
0.000778978
0.00189594
0.00310588
0.00323013
0.0023458
0.00428365
0.00657342
0.0113742
0.00529689
0.00709026
0.010047
0.00333511
0.00317793
0.00298482
0.00284568
0.00280477
0.00267382
0.00251398
0.00239954
0.00217074
0.00207082
0.00195034
0.00186517
0.00173533
0.00165631
0.00156234
0.00149691
0.00151735
0.0014488
0.00136797
0.00131221
0.00114147
0.0010908
0.00103235
0.000992998
0.000734407
0.000702317
0.00066703
0.000644631
0.000491224
0.000469367
0.000446728
0.000433516
0.00182198
0.00173239
0.00162755
0.00155587
0.00136271
0.00129629
0.00122031
0.0011697
0.00086962
0.00082723
0.000781072
0.00075216
0.00057999
0.00055073
0.000520676
0.00050337
0.000379541
0.000362378
0.000345396
0.00033619
0.000212564
0.000201876
0.000192491
0.000188505
9.96393e-05
9.1072e-05
8.35813e-05
8.04631e-05
9.62902e-05
8.42258e-05
7.16746e-05
6.43839e-05
0.000118488
0.000103309
8.64262e-05
7.56608e-05
0.000211888
0.000187784
0.000158702
0.000138268
0.000452318
0.000408772
0.000354077
0.000313959
0.000726522
0.000662206
0.000580598
0.000520094
0.000193927
0.000170862
0.000144617
0.000127391
0.000337515
0.000301417
0.000257401
0.00022612
0.000683298
0.000619125
0.000538181
0.000478574
0.00106955
0.000975416
0.000855732
0.000766847
0.000539991
0.000508189
0.00047693
0.000460191
0.000310319
0.00028912
0.000269953
0.000261227
0.000188989
0.000169913
0.000151704
0.000142495
0.00024103
0.000213618
0.000183496
0.000164563
0.000307122
0.000273199
0.000233907
0.000207548
0.000523093
0.000470407
0.00040552
0.000358912
0.00102085
0.000927622
0.000809443
0.000721996
0.0015694
0.00143264
0.00125828
0.00112846
0.000471472
0.000423015
0.000366121
0.000327319
0.000791081
0.000715825
0.000622331
0.000554537
0.00151096
0.00137629
0.00120477
0.00107727
0.00230111
0.00210125
0.00184581
0.00165525
0.00176197
0.00170673
0.00163804
0.00158791
0.00149973
0.00145315
0.00139548
0.00135359
0.00118248
0.00114643
0.0011022
0.00107036
0.000960655
0.000931946
0.000897088
0.000872263
0.000849339
0.000824363
0.000794234
0.000772924
0.000656356
0.000637813
0.000615812
0.000600527
0.00044043
0.000428817
0.000415551
0.000406733
0.000303961
0.000296446
0.000288319
0.000283284
0.000959791
0.000928133
0.000890106
0.000863327
0.000736869
0.000713427
0.000685766
0.000666661
0.000489109
0.000474418
0.00045778
0.000446824
0.00033425
0.000324639
0.00031436
0.000308083
0.000240368
0.000234739
0.000228945
0.000225607
0.000140514
0.000137687
0.000135298
0.000134389
5.3555e-05
5.24821e-05
5.21013e-05
5.25367e-05
2.06639e-05
1.94533e-05
1.87118e-05
1.87494e-05
1.417e-05
1.24664e-05
1.099e-05
1.04033e-05
2.36267e-05
2.01593e-05
1.61677e-05
1.35165e-05
8.18083e-05
7.40037e-05
6.41693e-05
5.69281e-05
0.000160721
0.000148144
0.000132007
0.000119896
2.323e-05
1.99617e-05
1.67765e-05
1.51236e-05
4.32145e-05
3.72797e-05
3.03497e-05
2.56614e-05
0.000125393
0.000113164
9.7819e-05
8.65708e-05
0.000230331
0.000211247
0.000186907
0.000168753
0.000291019
0.000281416
0.000271754
0.000266368
0.000164326
0.000158938
0.000154331
0.000152507
6.41402e-05
6.08156e-05
5.8438e-05
5.80067e-05
3.83586e-05
3.38992e-05
2.97647e-05
2.78136e-05
4.03511e-05
3.4575e-05
2.85816e-05
2.51191e-05
7.60287e-05
6.62316e-05
5.46587e-05
4.67191e-05
0.000192967
0.000173989
0.000150222
0.000132836
0.000335333
0.000306439
0.000269731
0.000242465
7.00442e-05
6.04464e-05
5.00793e-05
4.37234e-05
0.000129043
0.000113422
9.47722e-05
8.18197e-05
0.000296427
0.000267417
0.000231072
0.000204477
0.000492788
0.000449413
0.000394397
0.000353611
0.00116592
0.00113967
0.00110692
0.00108294
0.000997498
0.000975109
0.000947273
0.000926967
0.000794806
0.00077721
0.000755478
0.000739733
0.000653254
0.000639092
0.000621725
0.00060924
0.000582621
0.000570203
0.000555048
0.000544209
0.000459923
0.00045052
0.000439182
0.00043118
0.000320481
0.000314445
0.000307354
0.000302496
0.000230003
0.000226081
0.000221637
0.000218728
0.000632624
0.000618538
0.000601397
0.000589171
0.00049712
0.000486513
0.000473774
0.000464817
0.000343523
0.000336777
0.000328903
0.000323548
0.000244308
0.000239958
0.000235087
0.00023194
0.000187401
0.000184454
0.000181222
0.000179198
0.000118683
0.000117224
0.000115825
0.000115124
5.25719e-05
5.23186e-05
5.23556e-05
5.26562e-05
2.02997e-05
2.04027e-05
2.08068e-05
2.1318e-05
9.503e-06
9.60847e-06
9.96642e-06
1.04064e-05
1.62645e-06
1.38436e-06
1.19138e-06
1.14046e-06
1.6722e-05
1.53004e-05
1.34564e-05
1.20603e-05
4.77866e-05
4.49506e-05
4.11873e-05
3.82678e-05
8.71839e-06
8.70267e-06
8.95914e-06
9.36162e-06
3.07917e-06
2.54545e-06
2.00983e-06
1.72501e-06
2.44023e-05
2.2308e-05
1.96082e-05
1.75754e-05
6.26036e-05
5.86955e-05
5.35481e-05
4.95831e-05
0.000209379
0.000205646
0.000201689
0.000199315
0.00012769
0.000125907
0.000124333
0.000123671
5.21312e-05
5.17718e-05
5.18687e-05
5.23533e-05
1.83879e-05
1.82571e-05
1.85223e-05
1.90445e-05
8.62989e-06
8.35525e-06
8.36718e-06
8.64906e-06
6.24063e-06
5.19006e-06
4.0488e-06
3.35185e-06
3.59964e-05
3.2804e-05
2.87221e-05
2.56727e-05
8.36664e-05
7.8043e-05
7.07036e-05
6.51e-05
1.00064e-05
9.22425e-06
8.72256e-06
8.7179e-06
1.23914e-05
1.04413e-05
8.24296e-06
6.82432e-06
5.38914e-05
4.89208e-05
4.26164e-05
3.79438e-05
0.000114554
0.000106215
9.54306e-05
8.72713e-05
0.000817854
0.000795992
0.000768464
0.000748111
0.000702289
0.000683717
0.000660392
0.000643193
0.000564297
0.000549709
0.000531474
0.000518094
0.000468487
0.0004567
0.000442038
0.000431339
0.000420856
0.00041046
0.00039757
0.000388197
0.000337898
0.000329892
0.000320042
0.00031294
0.000242835
0.00023752
0.000231084
0.000226527
0.000180295
0.000176704
0.000172445
0.000169505
0.000458811
0.000448358
0.000435453
0.000426111
0.000366753
0.000358735
0.000348923
0.000341889
0.000261492
0.000256214
0.000249871
0.000245417
0.000192479
0.000188949
0.00018481
0.000181987
0.000150489
0.000147692
0.000144433
0.00014223
0.000101348
9.97966e-05
9.80928e-05
9.70301e-05
5.1507e-05
5.10836e-05
5.07681e-05
5.0707e-05
2.45437e-05
2.46001e-05
2.48515e-05
2.51813e-05
1.41185e-05
1.4294e-05
1.46708e-05
1.50746e-05
2.29379e-06
2.43574e-06
2.71362e-06
3.00061e-06
2.95302e-06
2.53823e-06
2.02657e-06
1.66173e-06
1.6165e-05
1.49396e-05
1.3331e-05
1.20969e-05
1.29409e-05
1.31232e-05
1.35163e-05
1.39378e-05
1.63001e-06
1.7222e-06
1.93518e-06
2.17254e-06
4.98343e-06
4.42432e-06
3.71401e-06
3.18972e-06
2.1777e-05
2.03252e-05
1.84023e-05
1.69139e-05
0.000168756
0.000166041
0.000162967
0.000160962
0.000110335
0.000108909
0.000107434
0.000106592
5.25067e-05
5.21964e-05
5.20724e-05
5.21891e-05
2.2613e-05
2.27197e-05
2.30643e-05
2.34848e-05
1.17487e-05
1.19261e-05
1.23246e-05
1.27583e-05
1.21042e-06
1.23513e-06
1.36273e-06
1.53664e-06
7.72632e-06
6.9838e-06
6.02523e-06
5.30465e-06
2.85319e-05
2.67896e-05
2.447e-05
2.26653e-05
1.05767e-05
1.0734e-05
1.11261e-05
1.15685e-05
1.13927e-06
1.06347e-06
1.06831e-06
1.15448e-06
1.14646e-05
1.04575e-05
9.14933e-06
8.15857e-06
3.69117e-05
3.4744e-05
3.18562e-05
2.96076e-05
0.000489944
0.000467848
0.000439952
0.000419277
0.00042448
0.000405608
0.00038182
0.000364219
0.000346444
0.000331431
0.000312566
0.000298653
0.000292278
0.000279955
0.000264523
0.000253184
0.000265249
0.000254258
0.00024052
0.000230446
0.000217781
0.000209083
0.000198257
0.000190357
0.000162711
0.000156627
0.000149117
0.000143689
0.00012585
0.000121472
0.000116127
0.000112311
0.000305218
0.000294364
0.000280797
0.000270848
0.000248979
0.000240465
0.000229875
0.000222151
0.000183976
0.000178116
0.0001709
0.000165696
0.000140683
0.000136545
0.000131516
0.000127942
0.000107887
0.000104311
9.99789e-05
9.69129e-05
7.74239e-05
7.51469e-05
7.24455e-05
7.05814e-05
4.49575e-05
4.39677e-05
4.28746e-05
4.21894e-05
2.58528e-05
2.55309e-05
2.52644e-05
2.51789e-05
1.76251e-05
1.75455e-05
1.75724e-05
1.76947e-05
6.21205e-06
6.37331e-06
6.67131e-06
6.96813e-06
6.54946e-08
1.04806e-07
2.0259e-07
3.14458e-07
2.39208e-06
2.00142e-06
1.52068e-06
1.17586e-06
1.71041e-05
1.71362e-05
1.73121e-05
1.75514e-05
5.18343e-06
5.37858e-06
5.72418e-06
6.06069e-06
9.65639e-08
4.23268e-08
1.98757e-08
4.1913e-08
4.58252e-06
3.98215e-06
3.22712e-06
2.67277e-06
0.00013069
0.000127579
0.000123866
0.000121283
9.07529e-05
8.8914e-05
8.67978e-05
8.53918e-05
4.9258e-05
4.8623e-05
4.80051e-05
4.76933e-05
2.58401e-05
2.57726e-05
2.58469e-05
2.60298e-05
1.62722e-05
1.63802e-05
1.66589e-05
1.69803e-05
4.12898e-06
4.32717e-06
4.67859e-06
5.02147e-06
5.57768e-07
3.91977e-07
2.21282e-07
1.2853e-07
7.60853e-06
6.7958e-06
5.75625e-06
4.97933e-06
1.52477e-05
1.54009e-05
1.57432e-05
1.61166e-05
3.14359e-06
3.32181e-06
3.6475e-06
3.97129e-06
1.49797e-06
1.21139e-06
8.76406e-07
6.53444e-07
1.14676e-05
1.0448e-05
9.12524e-06
8.12227e-06
0.000180938
0.00016357
0.000142197
0.000126804
0.000159498
0.00014437
0.000125778
0.000112407
0.000133995
0.000121546
0.000106289
9.53472e-05
0.000116302
0.000105726
9.27999e-05
8.35609e-05
0.00010736
9.77205e-05
8.59569e-05
7.75626e-05
9.12765e-05
8.32763e-05
7.35433e-05
6.6622e-05
7.22406e-05
6.61678e-05
5.88224e-05
5.36338e-05
5.91654e-05
5.4403e-05
4.8681e-05
4.4671e-05
0.00014492
0.000134528
0.000121705
0.000112437
0.000121921
0.00011342
0.000102961
9.5429e-05
9.48555e-05
8.85499e-05
8.08389e-05
7.53228e-05
7.64007e-05
7.15667e-05
6.5697e-05
6.15327e-05
5.24586e-05
4.83367e-05
4.34028e-05
3.99607e-05
4.04346e-05
3.74008e-05
3.3797e-05
3.13054e-05
2.68695e-05
2.50198e-05
2.28594e-05
2.13964e-05
1.81949e-05
1.70661e-05
1.57807e-05
1.49386e-05
1.40216e-05
1.32134e-05
1.23126e-05
1.17396e-05
7.38399e-06
7.05356e-06
6.70656e-06
6.50421e-06
1.91757e-06
1.9443e-06
1.99393e-06
2.0418e-06
3.71045e-07
4.66808e-07
5.71303e-07
6.3374e-07
1.59787e-05
1.53688e-05
1.47107e-05
1.43119e-05
7.81011e-06
7.64531e-06
7.50912e-06
7.46467e-06
1.48317e-06
1.58268e-06
1.7344e-06
1.86638e-06
1.82939e-07
2.40232e-07
3.10294e-07
3.58931e-07
8.14451e-05
7.74377e-05
7.25705e-05
6.91165e-05
6.05262e-05
5.77745e-05
5.44727e-05
5.21627e-05
3.76165e-05
3.61693e-05
3.44882e-05
3.33586e-05
2.3564e-05
2.28541e-05
2.20843e-05
2.16146e-05
1.71865e-05
1.67771e-05
1.63737e-05
1.61652e-05
7.67194e-06
7.65202e-06
7.70571e-06
7.80796e-06
9.08114e-07
1.03346e-06
1.22854e-06
1.40182e-06
3.20975e-07
2.76588e-07
2.29531e-07
2.01106e-07
1.76983e-05
1.74699e-05
1.73009e-05
1.72715e-05
7.09009e-06
7.18037e-06
7.38149e-06
7.60017e-06
3.79345e-07
4.82284e-07
6.57075e-07
8.22461e-07
1.00327e-06
8.04045e-07
5.66917e-07
4.0296e-07
8.61953e-06
5.12418e-06
1.84488e-06
4.43464e-07
6.26874e-06
3.74183e-06
1.40008e-06
5.12593e-07
4.51596e-06
2.92504e-06
1.4321e-06
1.04413e-06
3.99384e-06
2.89397e-06
1.73007e-06
1.55817e-06
4.16815e-06
3.11948e-06
1.92795e-06
1.48467e-06
4.31137e-06
3.12345e-06
1.81042e-06
1.21855e-06
4.68357e-06
3.3022e-06
1.85284e-06
1.14863e-06
5.10071e-06
3.581e-06
2.05802e-06
1.32681e-06
1.94461e-05
1.43724e-05
9.02605e-06
5.90084e-06
1.73896e-05
1.30622e-05
8.5211e-06
5.88458e-06
1.5259e-05
1.17912e-05
8.17757e-06
6.10426e-06
1.39845e-05
1.10926e-05
8.10069e-06
6.40506e-06
5.18768e-06
3.64372e-06
2.15014e-06
1.44703e-06
4.62415e-06
3.10978e-06
1.80201e-06
1.3358e-06
3.98508e-06
2.56867e-06
1.58887e-06
1.55205e-06
3.57277e-06
2.25713e-06
1.5935e-06
1.98037e-06
2.81121e-06
1.65786e-06
1.38942e-06
2.39762e-06
1.52347e-06
7.41929e-07
6.46586e-07
1.4184e-06
4.31796e-07
8.99433e-08
6.96666e-08
4.7913e-07
3.28664e-07
2.25431e-07
1.38347e-07
2.27111e-07
5.07493e-06
4.21947e-06
3.34742e-06
2.86166e-06
2.90033e-06
2.34391e-06
1.76426e-06
1.42913e-06
1.1168e-06
8.63042e-07
5.8859e-07
4.17988e-07
6.6573e-07
5.95957e-07
5.18384e-07
4.64565e-07
2.44741e-05
2.096e-05
1.70101e-05
1.44679e-05
1.96559e-05
1.69426e-05
1.39086e-05
1.19699e-05
1.40033e-05
1.2181e-05
1.01639e-05
8.89313e-06
1.02077e-05
8.94952e-06
7.5742e-06
6.72291e-06
8.20665e-06
7.21135e-06
6.13005e-06
5.46671e-06
4.74959e-06
4.17227e-06
3.54165e-06
3.15109e-06
1.76103e-06
1.57857e-06
1.36486e-06
1.21775e-06
7.79358e-07
7.89002e-07
7.70318e-07
7.29293e-07
1.13599e-05
1.03959e-05
9.32051e-06
8.63561e-06
6.33951e-06
5.85254e-06
5.31657e-06
4.98103e-06
2.04188e-06
1.96416e-06
1.87701e-06
1.81954e-06
6.41316e-07
7.1523e-07
7.79779e-07
8.02625e-07
