FiniteElementSpace
FiniteElementCollection: H1_2D_P2
VDim: 2
Ordering: 0

0
1.12898
2.16215
3.11811
4.02204
4.88473
5.71145
6.50843
7.28414
0
0.886808
1.7756
2.64626
3.49123
4.30876
5.10177
5.87668
6.64129
0.573692
1.014
0.442033
0
1.65743
1.97431
1.33261
2.6478
2.88651
2.21384
3.57567
3.76037
3.07218
4.45819
4.59999
3.90334
5.30225
5.4092
4.70799
6.11318
6.19427
5.491
6.89837
6.96365
6.25984
0.511049
1.50109
2.43563
3.32791
4.18427
5.00807
5.80426
6.58033
0.286403
0.539834
0.254708
0
1.39646
1.57906
1.25942
1.07069
2.4071
2.5421
2.20635
2.06839
3.34837
3.4524
3.10836
3.00285
4.24135
4.32185
3.97337
3.89185
5.09458
5.15564
4.80495
4.74292
5.91319
5.95898
5.60743
5.5607
6.70398
6.73942
6.38773
6.35151
0.854583
0.764556
0.954548
0.663984
0.48141
0.221667
0
1.91245
1.7393
1.87753
1.5546
1.42016
1.10988
2.88469
2.66231
2.76801
2.43083
2.32675
1.99539
3.80018
3.54523
3.62702
3.28258
3.20142
2.86007
4.67262
4.39312
4.45544
4.10686
4.04494
3.69815
5.50784
5.20945
5.2564
4.90551
4.85903
4.50911
6.31154
5.99983
6.03618
5.68422
5.64845
5.29689
7.09178
7.12383
6.77221
6.80295
6.45078
6.42067
6.06851
0.26631
1.32748
2.30701
3.22894
4.10799
4.95029
5.76063
6.54597
0.808269
0.718753
0.243112
1.82587
1.64987
1.18838
2.77396
2.54837
2.10315
3.67334
3.41519
2.98569
4.53347
4.25109
3.83693
5.35908
5.05844
4.65806
6.1559
5.84279
5.45303
6.93197
6.61204
6.22877
0.139411
0.274805
0.130643
0
1.26357
1.36163
1.19977
1.0994
2.28518
2.357
2.18816
2.11516
3.23362
3.28874
3.11623
3.06054
4.13201
4.1748
4.00021
3.95707
4.98993
5.02253
4.84686
4.81393
5.81255
5.83696
5.66087
5.63614
6.60636
6.62497
6.44887
6.42997
0.714842
0.83087
0.674831
0.555941
0.638292
0.74228
0.600213
0.496843
0.12663
0.249244
0.122455
0
1.78564
1.86899
1.70303
1.61799
1.62061
1.69512
1.53527
1.4612
1.1372
1.22452
1.07172
0.984913
2.76669
2.82936
2.65842
2.59494
2.54929
2.6057
2.43781
2.38159
2.09069
2.15519
1.99059
1.9264
3.68826
3.73688
3.56318
3.51414
3.43685
3.48049
3.30855
3.26496
2.99773
3.04734
2.8771
2.8276
4.5657
4.60316
4.42793
4.39014
4.28895
4.32235
4.14824
4.11485
3.86713
3.90541
3.73222
3.69397
5.4053
5.43354
5.25759
5.22903
5.10897
5.13415
4.95892
4.93376
4.70271
4.73173
4.55696
4.52795
6.21255
6.23374
6.05761
6.03611
5.90219
5.92146
5.74574
5.72652
5.50849
5.53041
5.35487
5.33299
6.99519
7.01186
6.8358
6.81888
6.67635
6.69221
6.51641
6.50061
6.29112
6.30837
6.13257
6.11537
0.431155
0.403437
0.525112
0.383015
0.26034
0
1.52773
1.45389
1.54021
1.3807
1.29355
1.04237
2.52795
2.42498
2.48906
2.32133
2.25687
2.02153
3.46237
3.34099
3.39036
3.21842
3.16885
2.94488
4.35008
4.2152
4.25324
4.07908
4.04087
3.8263
5.19868
5.05321
5.08201
4.90673
4.87778
4.67163
6.0134
5.86
5.88172
5.70601
5.68414
5.48508
6.80131
6.64281
6.65991
6.48413
6.46691
6.27296
0.992669
0.940203
0.889796
0.786294
0.836888
0.922078
0.775306
0.69295
0.552865
0.463407
0.362433
0.331512
0.234335
0.112915
0
2.03793
1.94764
1.85719
1.78275
1.76396
1.82736
1.66523
1.60316
1.44371
1.37744
1.30453
1.2213
1.15035
0.998343
3.00181
2.88877
2.77471
2.71833
2.65844
2.70761
2.53874
2.49013
2.32252
2.2709
2.2152
2.10478
2.04996
1.88564
3.91144
3.78289
3.65307
3.60948
3.52135
3.55947
3.38712
3.34925
3.17759
3.13719
3.0938
2.96633
2.9233
2.75337
4.77896
4.63846
4.4968
4.46347
4.35349
4.3824
4.20801
4.17928
4.00531
3.97446
3.94117
3.80095
3.76787
3.5949
5.60989
5.46011
5.30952
5.2844
5.15759
5.17935
5.00379
4.98225
4.80691
4.78379
4.75874
4.60872
4.58387
4.40912
6.41016
6.25386
6.09718
6.07795
5.93959
5.95664
5.78053
5.76373
5.58771
5.56996
5.55088
5.39406
5.37521
5.19946
7.18811
7.20392
7.02796
7.04377
6.86796
6.8521
6.88341
6.70756
6.72227
6.54609
6.53159
6.35535
6.34044
6.32479
6.16423
6.14884
5.97266
0.133398
1.23128
2.23659
3.175
4.06624
4.9185
5.73676
6.52762
0.694179
0.619868
0.124782
1.74412
1.5785
1.10509
2.71257
2.49393
2.0411
3.62583
3.37299
2.93774
4.49694
4.21884
3.79994
5.33153
5.03416
4.63006
6.13511
5.82413
5.43187
6.91549
6.59648
6.21198
0.416244
0.392867
0.128548
1.49051
1.41742
1.16855
2.47643
2.37334
2.13961
3.40178
3.27991
3.05718
4.28276
4.14733
3.93387
5.12604
4.98013
4.77495
5.93674
5.78311
5.5848
6.72205
6.56352
6.37006
0.965944
0.914963
0.656345
0.863979
0.807594
0.57819
0.373276
0.348687
0.119546
1.99264
1.90259
1.66198
1.81108
1.71545
1.49048
1.34322
1.26405
1.03634
2.94534
2.83194
2.60405
2.71693
2.59909
2.38073
2.26868
2.16064
1.93886
3.84729
3.71818
3.50021
3.58749
3.45459
3.24345
3.15642
3.03047
2.81568
4.70883
4.56781
4.35862
4.42538
4.28105
4.07709
4.01038
3.87138
3.66389
5.53507
5.38495
5.18343
5.23376
5.08096
4.88319
4.83296
4.68402
4.48334
6.33202
6.1756
5.98
6.01854
5.86028
5.66696
5.62862
5.47272
5.27743
7.108
6.94797
6.7561
6.78785
6.627
6.43607
6.40458
6.2447
6.05282
0
0.218234
0.596474
1.0761
1.61917
2.20958
2.8339
3.47642
4.12078
1
1.16398
1.49593
1.93576
2.44565
3.00769
3.6104
4.24162
4.88696
0.0939247
0.670513
1.05983
0.5
0.390506
1.03461
1.31292
0.826855
1.49856
1.70537
1.34091
2.02704
2.18335
1.90925
2.60466
2.72091
2.51843
3.21965
3.30467
3.15395
3.85816
3.9233
3.79918
4.50405
4.56348
0.548747
0.836417
1.25705
1.75591
2.31042
2.90828
3.53693
4.18128
0.0541658
0.315572
0.510457
0.25
0.299382
0.609492
0.748784
0.439431
0.709027
1.0395
1.14318
0.812434
1.20671
1.54675
1.62541
1.28535
1.76283
2.10856
2.16728
1.82166
2.36305
2.71238
2.7554
2.40599
2.99349
3.34481
3.37767
3.02597
3.63789
3.98999
4.01962
3.66686
0.149079
0.603232
0.912063
1.10545
0.796584
1.03
0.75
0.489967
0.932062
1.26269
1.4007
1.07113
1.23362
0.949365
1.37566
1.71551
1.81821
1.47921
1.59773
1.47847
1.88986
2.23511
2.31278
1.96822
2.05758
2.05824
2.45627
2.80531
2.86294
2.5146
2.58175
2.67546
3.06311
3.41458
3.45653
3.10581
3.15499
3.31501
3.69718
4.0499
4.0819
3.7299
3.76606
3.9601
4.31229
4.34289
4.69585
4.7251
4.37261
4.40223
0.274266
0.519627
0.923349
1.41425
1.9637
2.55817
3.18486
3.82843
0.370751
0.847922
0.7607
0.707498
1.16338
0.986954
1.16031
1.59514
1.36821
1.68262
2.1
1.83997
2.25606
2.65864
2.37337
2.86839
3.25926
2.95443
3.50556
3.88943
3.57153
4.1513
4.53435
4.21104
0.0331428
0.162395
0.260416
0.125
0.257436
0.408407
0.47821
0.327636
0.652051
0.81549
0.867192
0.703669
1.14094
1.31002
1.34933
1.18022
1.69064
1.86292
1.89232
1.72005
2.28606
2.46033
2.48182
2.30749
2.91356
3.08896
3.10526
2.92971
3.55716
3.73305
3.74763
3.57151
0.119611
0.258638
0.341363
0.203567
0.574258
0.723983
0.820512
0.670726
0.501337
0.633748
0.75176
0.625
0.439284
0.59785
0.657557
0.49901
0.883307
1.04691
1.11631
0.952825
0.708378
0.866751
0.948262
0.789957
0.887558
1.05428
1.09935
0.932555
1.31579
1.48491
1.53659
1.36759
1.08819
1.25508
1.31472
1.14795
1.40928
1.58015
1.61427
1.4434
1.82247
1.99458
2.03368
1.86169
1.56151
1.73228
1.77725
1.60659
1.98343
2.15683
2.18199
2.00858
2.38301
2.5572
2.58628
2.41223
2.09679
2.27003
2.30386
2.13075
2.59675
2.77168
2.79018
2.61514
2.98547
3.16103
3.18229
3.00686
2.67975
2.8547
2.87957
2.70475
3.23442
3.41013
3.4251
3.24919
3.61695
3.79325
3.80953
3.63333
3.29849
3.47449
3.49286
3.31698
3.87969
4.05563
4.07069
3.89451
4.26211
4.43867
4.45347
4.27697
3.93885
4.11533
4.1304
3.954
0.0720134
0.29315
0.430489
0.527352
0.390607
0.375
0.343807
0.563451
0.721959
0.791516
0.633072
0.553688
0.767325
0.980807
1.14768
1.19949
1.03259
0.922757
1.27338
1.48006
1.65092
1.69022
1.51938
1.39147
1.8357
2.03579
2.20918
2.2385
2.06517
1.924
2.44051
2.63504
2.81011
2.83159
2.65654
2.50506
3.07362
3.26471
3.44074
3.45716
3.28111
3.12263
3.71857
3.90923
4.0856
4.10044
3.92396
3.76243
0.181998
0.403524
0.63538
0.485548
0.878541
1.03678
1.13328
0.975089
1.08099
0.926277
0.776592
1.04274
0.892697
1.01731
0.875
0.542411
0.759162
0.98253
0.818907
1.21221
1.37873
1.44746
1.28136
1.35585
1.19121
1.02796
1.27218
1.10929
1.19756
1.01223
1.22232
1.4366
1.26745
1.65479
1.82526
1.87644
1.70627
1.76119
1.59184
1.42306
1.65088
1.48247
1.54608
1.54844
1.75175
1.95805
1.78586
2.16715
2.34009
2.37881
2.20608
2.24763
2.07545
1.90364
2.12
1.94843
1.99617
2.13362
2.33073
2.53016
2.35588
2.73166
2.9063
2.93499
2.76056
2.79158
2.6175
2.44363
2.65096
2.47729
2.51331
2.75452
2.947
3.14118
2.96555
3.3367
3.5124
3.53323
3.35778
3.38034
3.20509
3.02985
3.22955
3.05453
3.08104
3.39569
3.58616
3.7776
3.60127
3.96957
4.14579
4.16164
3.98566
4.00244
3.82657
3.65055
3.84449
3.66873
3.68802
4.04045
4.21651
4.23182
4.40814
4.42354
4.24707
4.59998
4.61518
4.79158
4.80601
4.62984
4.64426
4.46813
4.29179
4.48279
4.3067
4.32183
0.14422
0.366676
0.75888
1.24465
1.79112
2.38365
3.0092
3.65227
0.229243
0.695619
0.625298
0.547485
0.998932
0.827099
0.992865
1.42568
1.2008
1.51137
1.92771
1.66896
2.08239
2.48438
2.20001
2.69321
3.08371
2.77944
3.32959
3.71317
3.39556
3.97512
4.35783
4.03461
0.181277
0.408447
0.379653
0.452587
0.676421
0.592087
0.873406
1.08951
0.976971
1.37628
1.58471
1.45495
1.93541
2.13683
1.99422
2.5375
2.73308
2.58053
3.16897
3.36079
3.20171
3.81381
4.00478
3.84317
0.291528
0.518089
0.456258
0.755501
1.00449
0.948962
0.649951
0.907458
0.881585
0.649953
0.870027
0.769499
1.09662
1.32921
1.23533
0.908708
1.14916
1.07179
1.11675
1.32895
1.207
1.54523
1.76522
1.64846
1.3107
1.5365
1.42986
1.64971
1.85454
1.71798
2.06227
2.27268
2.14033
1.79654
2.01148
1.88635
2.23187
2.43017
2.28221
2.63066
2.83311
2.68869
2.34078
2.54703
2.40831
2.85052
3.0439
2.88761
3.23879
3.43486
3.28118
2.93052
3.12954
2.98012
3.49078
3.68178
3.52091
3.87354
4.06562
3.90597
3.55376
3.74748
3.59036
4.13607
4.32766
4.16637
4.51941
4.71073
4.54897
4.19613
4.38736
4.22616
