FiniteElementSpace
FiniteElementCollection: H1_2D_P2
VDim: 2
Ordering: 0

0
-0.00544401
-0.0140739
-0.0228703
-0.0269729
-0.0245218
-0.0187024
-0.0131412
-0.00782385
0
0.000369919
-0.00458869
-0.0155744
-0.0241919
-0.0253165
-0.0213473
-0.0165065
-0.0117555
-0.00223584
-0.00203267
0.000259561
0
-0.00948235
-0.00881776
-0.00107855
-0.0187558
-0.0193902
-0.00978021
-0.0257556
-0.0262086
-0.020699
-0.026456
-0.0253673
-0.0256711
-0.0217392
-0.0201171
-0.0236641
-0.0158066
-0.0148362
-0.0188763
-0.0105561
-0.009891
-0.0142112
-0.000643336
-0.00465557
-0.0140598
-0.023704
-0.0266637
-0.0229545
-0.0173535
-0.012434
-0.00102638
-0.00138554
-0.00022251
0
-0.00737474
-0.00675042
-0.00315215
-0.00352512
-0.0164418
-0.016248
-0.0113576
-0.0111575
-0.0245016
-0.0248549
-0.0217351
-0.0211301
-0.0269195
-0.0267415
-0.0266846
-0.0267747
-0.0231971
-0.0224407
-0.0242552
-0.0250878
-0.017224
-0.0166034
-0.0187071
-0.0194605
-0.011852
-0.0115204
-0.013637
-0.0140044
-0.0037193
-0.00122989
-0.000768961
0.00045048
-9.13591e-05
-8.65721e-06
0
-0.011732
-0.00655655
-0.00670693
-0.00257872
-0.00283531
-0.000108953
-0.0209281
-0.0167858
-0.0175757
-0.0126836
-0.011967
-0.00703051
-0.0265865
-0.0252114
-0.0253477
-0.0226879
-0.0223331
-0.0182925
-0.025634
-0.0261995
-0.0254282
-0.0256948
-0.0262986
-0.0251833
-0.0202212
-0.0215509
-0.0207223
-0.022552
-0.0233405
-0.0246123
-0.0144509
-0.0160665
-0.0156586
-0.0176741
-0.0180921
-0.0201083
-0.00922802
-0.00889475
-0.0111923
-0.0108261
-0.0130201
-0.0133212
-0.0153611
-0.000527122
-0.00498016
-0.0136672
-0.0231881
-0.0269911
-0.0238448
-0.0180003
-0.0127632
-0.00235403
-0.000310111
-1.30291e-05
-0.00882528
-0.0045526
-0.00158351
-0.0187777
-0.0148051
-0.00921858
-0.0260621
-0.0240928
-0.0201282
-0.026082
-0.0260587
-0.0260775
-0.0209568
-0.022059
-0.0244922
-0.0152757
-0.0168507
-0.0193877
-0.010247
-0.0121013
-0.0144937
-0.000470622
-0.000751814
-0.000196207
0
-0.00638742
-0.00608125
-0.00421521
-0.00441287
-0.0152596
-0.0149765
-0.0123964
-0.0125187
-0.0237284
-0.0238648
-0.0222015
-0.0219983
-0.0270005
-0.0270095
-0.0269432
-0.0269271
-0.0238812
-0.0235546
-0.024492
-0.0248452
-0.0179551
-0.0176228
-0.0187238
-0.0190966
-0.0124956
-0.0123128
-0.0133821
-0.0135775
-0.00294609
-0.00299947
-0.00185197
-0.00180411
-0.00091557
-0.000747807
-0.000178477
-0.000346575
-8.50144e-05
-0.000106568
-1.28661e-05
0
-0.0105936
-0.0101709
-0.00775268
-0.00800838
-0.00555813
-0.00553852
-0.00363611
-0.00372669
-0.00254804
-0.00234766
-0.0011253
-0.00137972
-0.0198644
-0.0198257
-0.0175266
-0.0174483
-0.0154287
-0.0158037
-0.0133848
-0.0130141
-0.0100596
-0.010282
-0.00792485
-0.00775053
-0.0262256
-0.026372
-0.025518
-0.0253419
-0.0245186
-0.0246851
-0.0232734
-0.0230473
-0.0206024
-0.0209545
-0.0188882
-0.0184987
-0.0260867
-0.0259047
-0.0264585
-0.0266504
-0.0264824
-0.0261583
-0.0262321
-0.0265143
-0.0265104
-0.0264163
-0.0257779
-0.0258134
-0.020983
-0.0206096
-0.0217043
-0.0221169
-0.0222608
-0.0218118
-0.0227111
-0.0231597
-0.0248405
-0.0243918
-0.0249927
-0.0254218
-0.0151206
-0.0148687
-0.0159315
-0.0162124
-0.0167022
-0.016457
-0.0174647
-0.0177213
-0.0194069
-0.0190473
-0.0200522
-0.0204223
-0.00989912
-0.00974787
-0.0108894
-0.011045
-0.0118197
-0.0116483
-0.012719
-0.0128787
-0.0142348
-0.0140657
-0.0150748
-0.0152466
-0.00159601
-0.000943355
-0.000990285
-0.000411876
-0.000359889
0
-0.00841014
-0.00582664
-0.00565248
-0.00385442
-0.00402029
-0.00274138
-0.0176106
-0.0149558
-0.0151302
-0.0126966
-0.0124765
-0.0099425
-0.0251785
-0.0240744
-0.0243067
-0.022772
-0.0224784
-0.0202642
-0.026737
-0.0269213
-0.0267417
-0.0267331
-0.0268784
-0.0265308
-0.0224798
-0.0231577
-0.0227173
-0.023623
-0.0240753
-0.0252584
-0.016506
-0.0172932
-0.0169826
-0.0180225
-0.0183601
-0.0197987
-0.0112069
-0.012144
-0.0119827
-0.0130382
-0.013204
-0.0144233
-0.00455575
-0.0029089
-0.00159831
-0.00176329
-0.000501569
-0.000188816
0.000455691
8.82189e-05
0.000382592
0.000112789
-3.8008e-05
0.00011778
3.12569e-05
-4.77808e-05
0
-0.0128961
-0.00996399
-0.00764667
-0.00764066
-0.00557895
-0.00566124
-0.00352118
-0.00357373
-0.00175889
-0.00195915
-0.00215143
-0.000524794
-0.000842143
0.000190763
-0.0219322
-0.0199828
-0.0181117
-0.0177719
-0.0162088
-0.0166065
-0.0141435
-0.0137717
-0.0112245
-0.0108966
-0.0105721
-0.00837611
-0.00814293
-0.0057612
-0.0268358
-0.0264804
-0.0257746
-0.0256716
-0.0247856
-0.0248091
-0.0235066
-0.0234297
-0.0217546
-0.0215538
-0.0212812
-0.019546
-0.0192454
-0.0169678
-0.0251101
-0.0256215
-0.0258239
-0.0261764
-0.025787
-0.0253921
-0.0255519
-0.0259039
-0.0257387
-0.0260181
-0.0262492
-0.0254903
-0.0256677
-0.0247547
-0.0194578
-0.0202068
-0.0208342
-0.0212682
-0.0213937
-0.0210272
-0.0219564
-0.0223026
-0.0231231
-0.0235061
-0.0239377
-0.0241631
-0.0245639
-0.025
-0.013791
-0.0146345
-0.0154457
-0.0156741
-0.0162497
-0.0160766
-0.0170858
-0.0172539
-0.01827
-0.0184741
-0.0187338
-0.0194887
-0.019738
-0.0207282
-0.00854165
-0.00836759
-0.00958609
-0.0094013
-0.0105506
-0.0107266
-0.0103641
-0.0114678
-0.011283
-0.0123963
-0.0125571
-0.0136231
-0.0137641
-0.0139108
-0.0147886
-0.014924
-0.0159319
-0.000276351
-0.00521568
-0.0137396
-0.0229745
-0.0270259
-0.0242237
-0.0183525
-0.0129438
-0.00237969
-0.000524762
-4.1415e-05
-0.00906364
-0.00457964
-0.00181616
-0.018655
-0.0144111
-0.00898315
-0.0259145
-0.023927
-0.0197646
-0.0263218
-0.0263886
-0.0261796
-0.0213675
-0.0224954
-0.0249377
-0.0155326
-0.0170817
-0.0197307
-0.0104023
-0.0122707
-0.0146545
-0.00126537
-0.000654455
-0.000129043
-0.00701452
-0.00479179
-0.00333966
-0.0162169
-0.0137961
-0.011187
-0.0246553
-0.0234456
-0.0214126
-0.0268823
-0.0268672
-0.026767
-0.0228491
-0.0234128
-0.0246943
-0.0169088
-0.0176631
-0.0190734
-0.0116813
-0.0125958
-0.0138119
-0.00367722
-0.00222072
-0.00135792
-0.00102839
-9.19199e-06
0.000124316
-0.000207262
7.53505e-05
2.53255e-06
-0.0113263
-0.00875706
-0.0066044
-0.00659877
-0.0045612
-0.00270316
-0.00298346
-0.00133774
-0.000460406
-0.0209433
-0.0190444
-0.0164607
-0.0171722
-0.0152053
-0.0123297
-0.0116315
-0.00949481
-0.00685914
-0.026709
-0.0261649
-0.0250498
-0.0253144
-0.024185
-0.0225521
-0.0220525
-0.0204495
-0.0179608
-0.0254094
-0.0257561
-0.026508
-0.0258322
-0.0256929
-0.0260155
-0.0265255
-0.0259048
-0.0253043
-0.0198504
-0.0205326
-0.0219996
-0.0211186
-0.0216697
-0.0229175
-0.0237955
-0.0240581
-0.025012
-0.0142179
-0.0150431
-0.0163203
-0.0158464
-0.0166606
-0.0178581
-0.0183772
-0.0191012
-0.0203814
-0.00907422
-0.0100761
-0.0113608
-0.0110124
-0.0119257
-0.0131685
-0.0134753
-0.0143472
-0.0154989
0
-0.00155514
-0.00671985
-0.0132335
-0.017143
-0.0166021
-0.0122502
-0.00692613
-0.00253337
0
-0.00161489
-0.0110404
-0.0181023
-0.0173701
-0.0117655
-0.00574154
-0.00112256
0.00281432
-0.000780419
-0.00086037
0.000675479
0
-0.00367356
-0.00882224
-0.00594766
-0.010097
-0.0160813
-0.0154435
-0.0156821
-0.0176393
-0.0186551
-0.017454
-0.0143875
-0.014856
-0.0147536
-0.00902123
-0.00861871
-0.00952016
-0.00395185
-0.00326032
-0.00462922
0.000245452
0.000844297
0.000749832
-0.00438006
-0.0130191
-0.0176086
-0.0164505
-0.011798
-0.00635024
-0.001809
-0.000790387
0.000285731
0.000724351
0
-0.00246426
-0.00392495
-0.00243182
-0.000937341
-0.00840494
-0.0117769
-0.0110173
-0.00785851
-0.0145659
-0.0168573
-0.0170427
-0.0149136
-0.0174469
-0.0169981
-0.017176
-0.0175193
-0.0157846
-0.013235
-0.013137
-0.0154825
-0.0108873
-0.0079028
-0.00765813
-0.0105912
-0.00573999
-0.003207
-0.00285685
-0.00542231
-0.000994133
0.000219447
-0.00110353
-0.000152817
0.000842137
0.000768923
0
-0.00511695
-0.00656112
-0.00982474
-0.00849288
-0.00503663
-0.00359546
-0.0117268
-0.0147291
-0.0170613
-0.0170307
-0.0141582
-0.0134087
-0.0165494
-0.0177968
-0.0175699
-0.0182083
-0.0181496
-0.0186371
-0.0171675
-0.0155064
-0.0131911
-0.0133461
-0.015755
-0.0162242
-0.0135574
-0.0104128
-0.00743587
-0.00713395
-0.0103051
-0.010174
-0.00819034
-0.00511354
-0.00251552
-0.00215747
-0.00481304
-0.00445099
-0.00357873
-0.00110517
-0.000780119
0.00153596
0.00182434
-0.000461061
-0.000130775
0.000276447
-0.00225277
-0.00987489
-0.0160462
-0.0173964
-0.0144307
-0.00923302
-0.00428638
-7.76124e-05
0.000168823
0.000819021
-0.00583505
-0.00740826
-0.0028817
-0.0134775
-0.0158271
-0.0121217
-0.0173452
-0.0180447
-0.0178331
-0.01635
-0.0145381
-0.0167858
-0.0119398
-0.00885099
-0.011765
-0.00662783
-0.00362532
-0.00608476
-0.0021581
0.000533095
-0.00146824
-0.000612913
-0.000187747
0.000175117
0
-0.00197133
-0.00229226
-0.00154607
-0.0011512
-0.00755633
-0.00919976
-0.00887462
-0.0073233
-0.0139234
-0.0153866
-0.0155185
-0.0141607
-0.0173321
-0.017444
-0.0174934
-0.0173689
-0.0162229
-0.0150917
-0.0149772
-0.0160318
-0.0115717
-0.0100443
-0.00991085
-0.0114023
-0.00632298
-0.00501123
-0.00484623
-0.00616937
-0.00085066
-0.000426103
0.000161854
-0.000151602
0.000552719
0.000231067
0.000585066
0.000832323
0.000459691
0.000801825
0.000515873
0
-0.00437149
-0.00547851
-0.00485906
-0.00376713
-0.00545194
-0.00696192
-0.00620618
-0.0046804
-0.00159247
-0.00262479
-0.00193623
-0.000947214
-0.0109225
-0.0126888
-0.0126561
-0.0110146
-0.0139152
-0.0152793
-0.0150441
-0.0135841
-0.0099367
-0.0115588
-0.010998
-0.00930663
-0.0161483
-0.017001
-0.0171406
-0.0163384
-0.0177477
-0.0179386
-0.018147
-0.0178938
-0.0166112
-0.0174488
-0.0175055
-0.0165777
-0.0173473
-0.0167566
-0.0167034
-0.0172349
-0.0160028
-0.015044
-0.015166
-0.0161248
-0.0174428
-0.0170024
-0.0172125
-0.0176247
-0.0141727
-0.012729
-0.012597
-0.0139754
-0.0111087
-0.00964349
-0.00957509
-0.0110667
-0.0137759
-0.0124692
-0.0124849
-0.0138098
-0.00884784
-0.00740058
-0.00725727
-0.00869911
-0.00572263
-0.00436698
-0.00420895
-0.00558201
-0.00833441
-0.0068753
-0.00675124
-0.00823625
-0.00409844
-0.00286832
-0.00268106
-0.00391788
-0.00129401
-0.00011639
3.61076e-05
-0.00112872
-0.00339705
-0.00215692
-0.00198537
-0.00322924
-0.000771273
0.000311409
0.000575054
0.000804427
0.000559696
0
-0.00303712
-0.00305317
-0.00412802
-0.00336875
-0.00230426
-0.000851177
-0.00925356
-0.0108457
-0.0124278
-0.0120491
-0.0104652
-0.00834619
-0.0151527
-0.0164916
-0.0172716
-0.0173738
-0.0165855
-0.0155382
-0.017488
-0.0172299
-0.0167402
-0.016843
-0.0173083
-0.0176076
-0.015293
-0.0138482
-0.0125153
-0.0124759
-0.0137855
-0.0149405
-0.0102007
-0.00856251
-0.00712176
-0.0069962
-0.00844082
-0.00980194
-0.00517609
-0.00374099
-0.00250226
-0.00232863
-0.00356701
-0.00468273
-0.00123271
-0.00044899
-0.0002553
0.000123179
-0.000397195
-0.00132582
-0.000803533
4.01853e-05
0.000355107
0.000790436
0.000921576
0.000829727
0.00080594
0.00051541
0
-0.00590339
-0.00684078
-0.00769165
-0.00618885
-0.00862177
-0.0103956
-0.00977662
-0.00791323
-0.00720466
-0.00545555
-0.0039215
-0.00473046
-0.00320353
-0.00254173
-0.0124978
-0.0142307
-0.0154523
-0.0141403
-0.0165015
-0.0175605
-0.0176363
-0.0164015
-0.0163009
-0.0147687
-0.0131804
-0.0144774
-0.01273
-0.0122575
-0.0168816
-0.01747
-0.0177584
-0.0176051
-0.0178499
-0.0174836
-0.0178352
-0.0181308
-0.0184882
-0.0183973
-0.0180468
-0.018711
-0.0182214
-0.0184395
-0.0169186
-0.0159416
-0.014966
-0.0159385
-0.0138774
-0.0125153
-0.012561
-0.0139767
-0.0141148
-0.015335
-0.0162972
-0.0155638
-0.0165272
-0.0168318
-0.0129137
-0.0112694
-0.00971561
-0.0111732
-0.00813688
-0.00660726
-0.00642499
-0.00801879
-0.00786562
-0.00949441
-0.0110366
-0.00938931
-0.0110058
-0.010968
-0.00754843
-0.00601612
-0.0045237
-0.00586616
-0.00306155
-0.00181305
-0.00163262
-0.00288856
-0.00269858
-0.00403955
-0.00543857
-0.00384327
-0.00527822
-0.005083
-0.00306357
-0.00181208
-0.00163341
-0.000421821
-0.000266555
-0.00146116
0.000895665
0.00103329
0.0021699
0.00231959
0.00117529
0.00133304
0.000194169
-0.000961178
0.000357424
-0.000793487
-0.000622645
-0.000122276
-0.00167704
-0.00826338
-0.0148055
-0.0174425
-0.0155865
-0.0107242
-0.00558135
-0.000238677
0.000605681
0.000507951
-0.00460061
-0.00580375
-0.0017311
-0.0118726
-0.0144779
-0.0104536
-0.0167057
-0.0179636
-0.017067
-0.0170282
-0.0156064
-0.0173485
-0.0133654
-0.0103554
-0.0131499
-0.00804224
-0.00496468
-0.00754859
-0.00338983
-0.00062231
-0.00268609
-0.000149377
0.000620138
0.000356248
-0.00299558
-0.00317943
-0.00152589
-0.0101195
-0.0114723
-0.00941847
-0.0158971
-0.0169728
-0.0161061
-0.0173742
-0.0170554
-0.0174933
-0.0145529
-0.0131621
-0.01438
-0.00936759
-0.00777458
-0.00911807
-0.00445757
-0.00302976
-0.00411724
-0.000736503
-0.000301565
0.000412092
-0.000290652
-0.000568775
0.000500694
0.000896305
0.000898516
0.000501619
-0.00639098
-0.00726467
-0.00513862
-0.00813694
-0.00916231
-0.006669
-0.00361522
-0.004291
-0.00220588
-0.0134521
-0.0148808
-0.0133195
-0.0159806
-0.017044
-0.0156423
-0.0126072
-0.013795
-0.0115916
-0.0172214
-0.0176455
-0.0174807
-0.0178231
-0.017851
-0.0183167
-0.0177231
-0.018369
-0.0179545
-0.0164234
-0.0154615
-0.016366
-0.0144429
-0.0132552
-0.0146726
-0.016592
-0.0159563
-0.0170398
-0.0120725
-0.0104887
-0.0118506
-0.00893593
-0.00730356
-0.00875004
-0.0117731
-0.0102476
-0.0117634
-0.00677574
-0.00526551
-0.00648532
-0.00378908
-0.00234244
-0.00345365
-0.00621945
-0.00464751
-0.00593166
-0.00234516
-0.00094157
-0.00198068
0.000390061
0.00167118
0.000684293
-0.0016389
-0.000297227
-0.00129769
