FiniteElementSpace
FiniteElementCollection: L2_2D_P3
VDim: 1
Ordering: 0

0.0185274
0.00868077
0.0124375
0.0181659
0.00582578
0.00417374
0.00805707
0.0129082
0.00133522
0.0016248
0.0039241
0.00665538
0.00118076
0.0011403
0.00197041
0.00288815
0.0104969
0.0102693
0.00989319
0.00954852
0.00693413
0.00680384
0.00656702
0.00633723
0.003613
0.00356508
0.00345196
0.00332837
0.00193505
0.00192535
0.00186998
0.00179662
0.00645449
0.006232
0.00590638
0.00563261
0.00434871
0.00420868
0.00399554
0.003811
0.00235242
0.00228771
0.0021801
0.00208143
0.00132348
0.00129668
0.00124282
0.00118852
0.00282691
0.00262852
0.00237047
0.00217458
0.00196287
0.00182938
0.00165499
0.00152218
0.00113906
0.00106788
0.00097489
0.000904324
0.000717054
0.000678656
0.00062918
0.000592443
0.000511091
0.000430312
0.000335534
0.000271062
0.000378268
0.000319872
0.000252433
0.000207446
0.0002684
0.000231977
0.000191648
0.000166187
0.000230003
0.000205137
0.000179296
0.000164435
5.12218e-06
1.04198e-05
2.10561e-05
3.19958e-05
1.11446e-05
1.39858e-05
2.09903e-05
2.87726e-05
2.96264e-05
2.89901e-05
3.11776e-05
3.49926e-05
5.09582e-05
4.72996e-05
4.55687e-05
4.63537e-05
0.000144012
0.00014352
0.000143109
0.000142973
0.000107171
0.000106769
0.000106477
0.000106434
7.07401e-05
7.01605e-05
6.97321e-05
6.96523e-05
5.03981e-05
4.94662e-05
4.87622e-05
4.86002e-05
4.91623e-05
4.08711e-05
3.12716e-05
2.48497e-05
3.91169e-05
3.29166e-05
2.5802e-05
2.10982e-05
2.94854e-05
2.54207e-05
2.08576e-05
1.79295e-05
2.44814e-05
2.1657e-05
1.85813e-05
1.66927e-05
0.0127054
0.0125511
0.0122382
0.0119164
0.00849457
0.00836219
0.00809154
0.00781297
0.00451698
0.00442359
0.00422638
0.00402117
0.00246882
0.00241551
0.00227836
0.00212363
0.000892694
0.000838573
0.000789683
0.000768471
0.00185321
0.00175197
0.00166215
0.00162377
0.00367273
0.00349808
0.0033312
0.00324786
0.00542029
0.00518488
0.00494901
0.00482127
0.000552845
0.000228942
0.000295723
0.000573139
0.000546817
0.000385536
0.000872666
0.00156049
0.000755942
0.000852024
0.00212201
0.00355138
0.00125131
0.00151041
0.00348951
0.00558726
0.00839306
0.00818132
0.00784806
0.00755233
0.00560258
0.00547387
0.00525755
0.00505714
0.00297361
0.00291898
0.00281095
0.00270171
0.0016273
0.00160925
0.0015551
0.00149175
0.000514108
0.000491293
0.000473997
0.000470164
0.00110784
0.00105765
0.00101573
0.00100102
0.00228115
0.00218724
0.00209986
0.00205892
0.00345393
0.00332153
0.00319093
0.00312224
0.000651763
0.000618761
0.000591184
0.000581617
0.00140335
0.001338
0.00128324
0.00126373
0.0028559
0.00274249
0.0026402
0.00259563
0.00428475
0.00413179
0.00398668
0.00391615
0.00456388
0.00433991
0.00403275
0.00378804
0.00311438
0.00296867
0.00276506
0.00260032
0.0017327
0.00166024
0.00155539
0.00146836
0.00101851
0.000983684
0.000930312
0.000884491
0.000373287
0.000360311
0.000352914
0.000354564
0.000681993
0.00064886
0.000619798
0.000608084
0.00132307
0.00125361
0.00118253
0.00114251
0.00198343
0.00187939
0.0017668
0.0016977
0.000428238
0.00041138
0.000400072
0.000399567
0.000875851
0.000835069
0.000800176
0.000787026
0.00177944
0.00169819
0.00161877
0.00157756
0.0026949
0.0025766
0.00245403
0.0023837
0.00142946
0.00128393
0.00110331
0.000972454
0.00101631
0.000914978
0.000789964
0.000700065
0.000630496
0.000572473
0.000502547
0.000453669
0.000442969
0.000408134
0.000368154
0.000341928
0.000300802
0.000289359
0.00028192
0.000281859
0.000390729
0.000369389
0.000350002
0.000341455
0.000596303
0.000554211
0.000509399
0.000482566
0.000818767
0.000755159
0.000683798
0.000637754
0.000336285
0.000325164
0.000319214
0.000321202
0.000521582
0.000495138
0.00047156
0.000461666
0.000921883
0.000865775
0.000806621
0.000771705
0.00134315
0.00125759
0.0011624
0.00110164
7.98167e-05
5.44048e-05
2.89102e-05
1.51412e-05
6.94721e-05
4.98268e-05
3.07325e-05
2.0965e-05
7.82713e-05
6.36537e-05
5.01695e-05
4.3915e-05
0.000101167
8.84179e-05
7.70253e-05
7.20614e-05
0.000180388
0.000167007
0.000154143
0.000147508
0.000181169
0.000166101
0.000151088
0.000142867
0.000189768
0.000170453
0.000150319
0.000138526
0.000202244
0.000178142
0.000152359
0.000136717
0.000250644
0.000237754
0.000227108
0.000223461
0.000280192
0.000262265
0.000245344
0.000237116
0.000355126
0.000325671
0.000294549
0.000276085
0.000439839
0.000397903
0.00035147
0.000322023
8.4289e-05
9.40052e-05
0.00010772
0.000119011
6.49954e-05
7.16363e-05
8.12859e-05
8.9392e-05
5.06884e-05
5.34572e-05
5.81361e-05
6.24564e-05
4.6719e-05
4.65345e-05
4.75873e-05
4.92699e-05
3.72673e-05
3.08307e-05
2.39952e-05
1.97855e-05
3.13345e-05
2.53233e-05
1.8973e-05
1.5089e-05
2.44219e-05
1.94159e-05
1.43362e-05
1.14052e-05
2.01766e-05
1.62885e-05
1.26948e-05
1.09326e-05
0.000101585
9.04014e-05
7.87583e-05
7.18122e-05
9.44022e-05
8.31983e-05
7.14965e-05
6.44969e-05
8.38234e-05
7.2472e-05
6.07272e-05
5.38328e-05
7.50474e-05
6.35035e-05
5.17847e-05
4.51435e-05
0.000118395
0.000109117
9.77178e-05
8.95265e-05
8.89691e-05
8.2249e-05
7.40594e-05
6.82443e-05
5.92156e-05
5.51314e-05
5.02895e-05
4.69808e-05
4.21437e-05
3.96218e-05
3.68136e-05
3.50605e-05
4.83586e-06
5.6349e-06
7.03381e-06
8.41685e-06
2.91767e-06
3.78894e-06
5.24128e-06
6.63511e-06
4.30821e-06
5.00028e-06
6.17358e-06
7.31992e-06
8.68223e-06
8.98895e-06
9.64094e-06
1.03726e-05
5.74478e-06
4.2637e-06
3.03311e-06
2.59954e-06
2.56778e-06
1.3702e-06
4.35908e-07
1.75871e-07
2.47222e-06
1.76576e-06
1.3685e-06
1.44417e-06
5.9856e-06
5.72417e-06
5.83911e-06
6.25659e-06
5.82189e-06
3.74745e-06
1.75552e-06
7.56657e-07
6.18701e-06
4.23892e-06
2.30947e-06
1.26985e-06
6.92641e-06
5.05269e-06
3.15125e-06
2.07089e-06
7.68253e-06
5.7734e-06
3.82511e-06
2.70537e-06
7.94742e-06
6.27934e-06
4.558e-06
3.53389e-06
7.08479e-06
5.57901e-06
4.03409e-06
3.12042e-06
6.17927e-06
4.81373e-06
3.42375e-06
2.61053e-06
5.6474e-06
4.33734e-06
3.01332e-06
2.24818e-06
1.22841e-05
1.20313e-05
1.20062e-05
1.22222e-05
1.06226e-05
1.04507e-05
1.05222e-05
1.08054e-05
1.01034e-05
9.77178e-06
9.64961e-06
9.79575e-06
1.10551e-05
1.03756e-05
9.83595e-06
9.68974e-06
0.0136339
0.0134358
0.0130595
0.0126453
0.00971352
0.00942649
0.00893975
0.00848676
0.00541426
0.00522045
0.00489219
0.00459134
0.00289604
0.00283619
0.00271871
0.00259953
0.00200856
0.00193528
0.00184817
0.00177197
0.000683121
0.000684278
0.000661718
0.000625272
0.000149506
0.00016524
0.000173764
0.000168463
0.000416889
0.000469518
0.000515227
0.000528543
0.00105699
0.000749188
0.00116514
0.00177203
0.000727438
0.000374656
0.000397654
0.000596598
0.000637874
0.000201475
1.79168e-05
3.75259e-05
0.000580197
0.000189186
0.000133799
0.00026212
0.00940346
0.0091901
0.00884391
0.00853032
0.00624866
0.00612211
0.00589964
0.00568781
0.00328857
0.00323799
0.00312847
0.00301297
0.00178045
0.00176657
0.00171198
0.00164389
0.00118744
0.00118425
0.00115081
0.00110408
0.0004268
0.000432412
0.00042499
0.00040848
0.000115926
0.000115753
0.000115467
0.000115156
0.000333459
0.000318597
0.0003069
0.000303814
0.00127807
0.00127885
0.00124545
0.00119483
0.000443922
0.000451268
0.000443629
0.000424973
0.000119092
0.000117386
0.000114939
0.000112726
0.000377242
0.000358269
0.000341997
0.000335907
0.00549999
0.0052741
0.00495462
0.0046933
0.00372734
0.00358282
0.00337255
0.0031967
0.00204188
0.00197255
0.00186554
0.00177227
0.0011713
0.00114017
0.00108634
0.00103628
0.000825574
0.000808296
0.000775551
0.000743727
0.000366612
0.000364971
0.000358718
0.00035135
0.00015779
0.000159671
0.000164922
0.000171293
0.000265558
0.000259211
0.000257985
0.000262601
0.000915618
0.000902027
0.000869394
0.000834151
0.000380177
0.00038072
0.000374558
0.00036516
0.000140998
0.000143044
0.000147572
0.000152642
0.000271095
0.000263503
0.000260553
0.000263753
0.0020746
0.00189991
0.00167799
0.00151335
0.00145614
0.00133659
0.00118487
0.00107257
0.000869887
0.000803862
0.000721143
0.0006609
0.000574502
0.000536944
0.000491486
0.000459818
0.000457309
0.000431084
0.000400647
0.000380585
0.000289566
0.000278338
0.000268084
0.000263807
0.000218285
0.000214364
0.000215038
0.000220061
0.000268452
0.000261661
0.00026
0.000264255
0.000549114
0.000523557
0.000491547
0.000468619
0.000314733
0.000305594
0.000296559
0.000292191
0.000208971
0.000207134
0.00021004
0.000216472
0.000268647
0.000262808
0.000262498
0.000267934
0.000239962
0.000189255
0.000132556
9.62833e-05
0.00018552
0.000147947
0.000106862
8.1353e-05
0.000152422
0.000127452
0.000101513
8.65603e-05
0.000154639
0.00013591
0.000117602
0.00010806
0.000157855
0.000141691
0.000126413
0.000118932
0.000157179
0.000145005
0.000134408
0.0001301
0.000176386
0.00016579
0.000157052
0.000154003
0.000205856
0.000193793
0.000183336
0.000179102
0.000216753
0.000196633
0.000176649
0.000165999
0.000191873
0.000178718
0.000167292
0.000162772
0.000198681
0.000189011
0.000182029
0.000180807
0.000232575
0.000221512
0.000213044
0.000210915
3.81832e-05
4.84907e-05
6.40894e-05
7.76546e-05
3.30373e-05
3.98182e-05
5.06206e-05
6.03202e-05
3.64584e-05
3.87394e-05
4.36185e-05
4.86857e-05
4.56757e-05
4.44539e-05
4.492e-05
4.66841e-05
5.00622e-05
4.73317e-05
4.5808e-05
4.60163e-05
5.47391e-05
4.99693e-05
4.57345e-05
4.38107e-05
6.13663e-05
5.4252e-05
4.70187e-05
4.28246e-05
6.64974e-05
5.78227e-05
4.86797e-05
4.31064e-05
6.08751e-05
5.59056e-05
5.23775e-05
5.1702e-05
7.28669e-05
6.62233e-05
6.03523e-05
5.77436e-05
8.84795e-05
7.95903e-05
7.07771e-05
6.58864e-05
0.000100141
8.94737e-05
7.84614e-05
7.19671e-05
0.000141136
0.00013525
0.00012795
0.000122647
0.000105168
0.000100916
9.56958e-05
9.19602e-05
6.88571e-05
6.61924e-05
6.30564e-05
6.09347e-05
4.8006e-05
4.61935e-05
4.42659e-05
4.31404e-05
3.88906e-05
3.74813e-05
3.60822e-05
3.53656e-05
2.4758e-05
2.39085e-05
2.32432e-05
2.30935e-05
1.14581e-05
1.11522e-05
1.12204e-05
1.16505e-05
4.8771e-06
4.87199e-06
5.35763e-06
6.12481e-06
4.1515e-05
4.04623e-05
3.96274e-05
3.93844e-05
2.77216e-05
2.64904e-05
2.54599e-05
2.50933e-05
1.47423e-05
1.33137e-05
1.20985e-05
1.16411e-05
8.25163e-06
6.7212e-06
5.43701e-06
4.97068e-06
2.16138e-05
1.64205e-05
1.07709e-05
7.29599e-06
1.87061e-05
1.4604e-05
1.01537e-05
7.4166e-06
1.63099e-05
1.32748e-05
1.00101e-05
8.01607e-06
1.54602e-05
1.29834e-05
1.03431e-05
8.74758e-06
1.5134e-05
1.28931e-05
1.04919e-05
9.02526e-06
1.37465e-05
1.1926e-05
1.00032e-05
8.84814e-06
1.26517e-05
1.12043e-05
9.70653e-06
8.82869e-06
1.23549e-05
1.10641e-05
9.74315e-06
8.97938e-06
2.2368e-05
2.00896e-05
1.76523e-05
1.61962e-05
1.82396e-05
1.67672e-05
1.52913e-05
1.4503e-05
1.4617e-05
1.38924e-05
1.33077e-05
1.31377e-05
1.31297e-05
1.2762e-05
1.26002e-05
1.27217e-05
0.0117212
0.01147
0.011047
0.0106551
0.00770251
0.00755757
0.00728917
0.00702626
0.00397845
0.00392451
0.00379449
0.0036514
0.00211128
0.00210085
0.002036
0.00194918
0.00138187
0.0013834
0.00134393
0.0012834
0.000470072
0.000476793
0.000465126
0.000441022
0.000130531
0.000126714
0.000121333
0.000116689
0.000436108
0.000412607
0.000391348
0.000381949
0.00165117
0.00160917
0.00150309
0.00138484
0.000585255
0.000567531
0.000520608
0.000467697
0.000170332
0.000157972
0.0001428
0.000131511
0.000523234
0.000490664
0.000460886
0.00044621
0.000751603
0.00071109
0.000675813
0.000661956
0.00159242
0.00151571
0.00145062
0.00142633
0.0031943
0.00306626
0.00295095
0.00290078
0.00474919
0.00458193
0.00442455
0.00434944
0.00566315
0.00547275
0.00529262
0.00520562
0.00755488
0.00731612
0.00708879
0.00697744
0.0103558
0.0100542
0.00976356
0.00961781
0.0127306
0.0123801
0.0120408
0.0118692
0.0063888
0.0061355
0.00588241
0.00574523
0.00828273
0.00802569
0.00778076
0.00765961
0.0109924
0.0107624
0.0105672
0.0104951
0.0132062
0.0130269
0.0129059
0.0128971
0.000695329
0.000754005
0.000842139
0.000907781
0.00161892
0.00168692
0.00181013
0.00192729
0.00355235
0.00359229
0.00370818
0.00382908
0.00561425
0.00556959
0.00560027
0.0056397
0.00686684
0.0067428
0.00663443
0.00659479
0.0092963
0.00894664
0.00858156
0.00836749
0.0124424
0.0118748
0.0112696
0.0109034
0.0147858
0.014052
0.0133686
0.0129948
0.00160964
0.00210479
0.00450252
0.00707177
0.00255604
0.0032838
0.00692298
0.0109152
0.00737531
0.00645157
0.0108749
0.0157789
0.0160965
0.0106483
0.0145353
0.0190161
0.00741769
0.00720116
0.00687248
0.00658832
0.00497308
0.00483904
0.00462475
0.00443263
0.00266262
0.00260309
0.00249547
0.00239167
0.00147517
0.00145284
0.00139896
0.00134025
0.00100547
0.000995474
0.000962718
0.000923755
0.000394357
0.000396758
0.000390263
0.000378486
0.000127647
0.000129379
0.000132645
0.000136048
0.000282974
0.000273653
0.000268454
0.000269905
0.0010961
0.00108949
0.00105635
0.00101346
0.000410002
0.000414011
0.00040697
0.000392712
0.000118998
0.000119986
0.000121611
0.000123173
0.000302948
0.000291296
0.00028327
0.000282669
0.000466411
0.000446914
0.000432936
0.000430933
0.000986262
0.000941172
0.000903114
0.000889336
0.00202402
0.00193687
0.00185382
0.00181286
0.00306813
0.0029432
0.00281692
0.00274748
0.00369644
0.0035489
0.0033972
0.00331129
0.00500932
0.0048153
0.0046117
0.00449238
0.00699376
0.00673475
0.00645666
0.00628797
0.00870703
0.00839478
0.00805531
0.00784571
0.00415662
0.00400133
0.00384562
0.00376123
0.00562007
0.00541771
0.00521098
0.00509511
0.0078204
0.00755278
0.00727309
0.00711046
0.00971116
0.00939026
0.00905064
0.00884936
0.000574449
0.000547232
0.000525528
0.00051926
0.00124472
0.00118799
0.00114074
0.00112429
0.00255571
0.00245336
0.00235993
0.00231805
0.00385694
0.00371547
0.00357892
0.00351012
0.0046328
0.00446819
0.00430698
0.00422339
0.00624431
0.00603196
0.00582058
0.0057075
0.00865642
0.00837833
0.00809537
0.00793814
0.0107211
0.0103894
0.0100477
0.00985392
0.00513124
0.00495523
0.00478639
0.00470239
0.00688561
0.00666197
0.00644487
0.0063342
0.00950051
0.00921212
0.00892677
0.00877608
0.0117308
0.01139
0.011049
0.0108653
0.00366491
0.0034499
0.00316309
0.00294019
0.00252115
0.00237891
0.00218708
0.00203664
0.00142945
0.00135618
0.00125584
0.00117633
0.000866269
0.000828871
0.00077683
0.000735404
0.000642069
0.000618436
0.000585702
0.000559941
0.000335361
0.000328688
0.00032088
0.000316036
0.000194157
0.000194072
0.000198559
0.000205709
0.000266528
0.000261101
0.000261311
0.000267179
0.00073446
0.000713711
0.000680835
0.000652146
0.000352205
0.000348108
0.000341285
0.000335453
0.000176259
0.000177435
0.000182706
0.000189819
0.0002647
0.000259094
0.00025897
0.000264528
0.000353469
0.000341704
0.000335395
0.000337502
0.000597724
0.000568089
0.000541861
0.00053105
0.00111423
0.00105125
0.000985677
0.000947708
0.00165163
0.00155624
0.00145134
0.00138545
0.00197914
0.0018639
0.00173492
0.0016519
0.00267311
0.00251638
0.00233669
0.0022172
0.00375647
0.00353893
0.00328418
0.0031103
0.00471763
0.00444864
0.00413018
0.00390998
0.00238503
0.00225995
0.0021222
0.00203548
0.00323329
0.00306446
0.00287414
0.00275033
0.00454405
0.00431192
0.00404453
0.00386568
0.00569735
0.00541217
0.00507989
0.00485455
0.000397681
0.000382989
0.000373884
0.00037462
0.000774643
0.000737794
0.000705839
0.000693337
0.00154556
0.00147007
0.00139445
0.00135341
0.00233269
0.00222113
0.00210282
0.00203237
0.00280993
0.00267656
0.00253262
0.00244461
0.00381439
0.0036359
0.00343886
0.00331429
0.00535331
0.00511032
0.00483608
0.00465746
0.00669768
0.00640111
0.00606241
0.00583847
0.00324795
0.00310738
0.00295916
0.00287171
0.00440775
0.00422126
0.00402032
0.00389767
0.00617176
0.00592039
0.00564337
0.00546876
0.00770312
0.00739827
0.00705818
0.0068403
0.000906309
0.000793012
0.000655872
0.000559169
0.000655002
0.00057469
0.000478514
0.000411564
0.000428321
0.000380493
0.000325074
0.000288035
0.000326887
0.000296439
0.000263156
0.000242618
0.000288031
0.000264666
0.000240359
0.000226459
0.000226816
0.000213463
0.000201838
0.000197317
0.000213651
0.000205548
0.000200932
0.000201852
0.00025185
0.000242192
0.000236118
0.000236324
0.000369244
0.000343763
0.0003159
0.000298838
0.00025994
0.000247249
0.000236056
0.000231666
0.000220192
0.000214093
0.000212147
0.000215246
0.000263485
0.000255345
0.000251666
0.000254102
0.000278267
0.000266123
0.000257146
0.00025537
0.0003336
0.000314134
0.00029616
0.000287889
0.000465354
0.000429861
0.000392155
0.000369636
0.000610559
0.000558082
0.000499433
0.000461785
0.000696325
0.000633145
0.00056127
0.000514041
0.000877706
0.000791832
0.000691413
0.00062311
0.00118555
0.00106432
0.0009195
0.000818484
0.00147558
0.00132307
0.001139
0.0010091
0.000952852
0.00087575
0.000787691
0.000729522
0.00123784
0.00113216
0.00100822
0.000923566
0.00170576
0.00155636
0.00137744
0.00125218
0.00213684
0.00194924
0.00172226
0.00156151
0.00031949
0.000308448
0.000302091
0.000303339
0.000452938
0.000429278
0.000408018
0.000398915
0.000748658
0.000699605
0.000647505
0.000616415
0.00106392
0.000989108
0.000905307
0.000851339
0.00125559
0.00116474
0.00106115
0.000992849
0.00166329
0.0015386
0.00139274
0.00129337
0.0023182
0.00214253
0.00193274
0.00178625
0.00291213
0.00269243
0.00242732
0.00224003
0.00159998
0.00149624
0.00137876
0.00130197
0.00214555
0.00200362
0.00183885
0.0017276
0.00300799
0.00280933
0.00257386
0.00241082
0.00378072
0.00353358
0.00323753
0.00303004
1.00212e-05
3.50958e-06
6.51703e-07
2.68911e-06
1.70458e-05
1.10992e-05
8.23457e-06
9.64952e-06
4.01995e-05
3.38875e-05
2.99559e-05
3.00383e-05
6.78223e-05
6.02527e-05
5.45268e-05
5.30691e-05
8.08212e-05
7.26858e-05
6.6052e-05
6.37522e-05
9.63281e-05
8.76688e-05
8.00583e-05
7.67713e-05
0.000118525
0.000108358
9.86787e-05
9.37133e-05
0.000136807
0.000124852
0.000112956
0.000106372
0.000112607
0.000100607
8.9936e-05
8.53145e-05
0.000124777
0.000114187
0.000104927
0.000101047
0.000148787
0.000138021
0.000128354
0.000124012
0.000173108
0.000160696
0.000149013
0.000143217
0.00014073
0.000128064
0.000115299
0.000108094
0.00013571
0.000122381
0.000108752
0.000100905
0.000130329
0.000115218
9.95395e-05
9.03625e-05
0.000127283
0.000110123
9.22019e-05
8.16624e-05
0.000121178
0.000103012
8.40702e-05
7.29906e-05
0.000105286
8.54261e-05
6.4576e-05
5.23161e-05
9.54123e-05
7.20056e-05
4.73358e-05
3.28399e-05
9.68358e-05
6.98732e-05
4.14693e-05
2.48647e-05
0.000205092
0.000178156
0.000149073
0.000131223
0.000207946
0.000175311
0.000139271
0.000116509
0.000230639
0.000188142
0.000140299
0.000109377
0.000263026
0.000211287
0.000152511
0.000114129
0.000217705
0.000204313
0.000192249
0.000186882
0.000229495
0.000212961
0.000196937
0.000188659
0.000263978
0.00023991
0.000214659
0.00019979
0.000304899
0.000272505
0.000237164
0.000215172
0.000325234
0.000287672
0.000246084
0.000219702
0.000365609
0.000317249
0.000262225
0.000226084
0.000450131
0.000384061
0.000307215
0.000255389
0.000539576
0.000457334
0.000360674
0.000294698
0.000487607
0.000437813
0.000381735
0.000345367
0.000587148
0.000520739
0.000443819
0.000392134
0.000766467
0.00067361
0.000563668
0.000487844
0.000941784
0.000825188
0.000685692
0.000588333
0.000123687
0.000129078
0.000136528
0.000142551
9.27317e-05
9.64571e-05
0.00010174
0.000106096
6.39582e-05
6.54785e-05
6.80096e-05
7.03306e-05
4.94113e-05
4.91747e-05
4.96467e-05
5.05462e-05
4.31216e-05
4.2149e-05
4.16956e-05
4.19065e-05
3.29972e-05
3.09885e-05
2.92294e-05
2.84674e-05
2.37364e-05
2.06357e-05
1.75541e-05
1.58458e-05
1.92488e-05
1.55247e-05
1.17271e-05
9.53621e-06
4.51692e-05
4.37223e-05
4.31477e-05
4.35873e-05
4.16825e-05
3.8486e-05
3.56475e-05
3.43538e-05
3.93518e-05
3.42619e-05
2.90528e-05
2.60028e-05
3.88627e-05
3.26242e-05
2.60355e-05
2.20083e-05
1.69548e-05
1.31695e-05
9.29032e-06
7.03446e-06
1.25001e-05
9.10643e-06
5.66154e-06
3.68436e-06
9.42204e-06
6.88541e-06
4.46798e-06
3.21489e-06
9.63424e-06
8.00969e-06
6.73916e-06
6.33654e-06
1.04017e-05
9.49601e-06
9.12329e-06
9.38238e-06
1.35614e-05
1.44598e-05
1.62095e-05
1.79366e-05
2.62559e-05
2.96028e-05
3.44081e-05
3.83883e-05
4.43238e-05
4.96681e-05
5.70644e-05
6.30287e-05
1.71671e-05
1.42517e-05
1.1935e-05
1.11656e-05
1.12339e-05
1.0801e-05
1.15521e-05
1.30306e-05
1.06799e-05
1.36882e-05
1.89295e-05
2.38832e-05
1.73419e-05
2.32612e-05
3.24354e-05
4.05303e-05
6.61335e-05
5.71092e-05
4.75364e-05
4.16521e-05
5.90223e-05
5.03125e-05
4.10954e-05
3.54533e-05
4.88727e-05
4.08957e-05
3.26768e-05
2.78486e-05
4.07624e-05
3.36043e-05
2.65919e-05
2.2809e-05
3.40209e-05
2.77219e-05
2.19173e-05
1.91387e-05
1.88635e-05
1.48917e-05
1.20762e-05
1.15902e-05
5.28263e-06
4.37728e-06
5.79617e-06
8.78438e-06
8.92895e-07
2.52801e-06
7.62987e-06
1.37613e-05
6.65164e-05
5.51992e-05
4.39615e-05
3.78474e-05
4.63298e-05
3.60049e-05
2.61815e-05
2.1289e-05
2.69526e-05
1.74351e-05
9.1835e-06
5.95762e-06
1.83801e-05
9.29522e-06
2.24982e-06
4.91426e-07
8.42936e-05
7.43e-05
6.23006e-05
5.39061e-05
6.45378e-05
5.72263e-05
4.85256e-05
4.25145e-05
4.48373e-05
4.03068e-05
3.50489e-05
3.15418e-05
3.38184e-05
3.09504e-05
2.77714e-05
2.57894e-05
2.90586e-05
2.69324e-05
2.46634e-05
2.33368e-05
2.11091e-05
2.00365e-05
1.90656e-05
1.86772e-05
1.3857e-05
1.37881e-05
1.40561e-05
1.45643e-05
1.05425e-05
1.0983e-05
1.18795e-05
1.28421e-05
3.47041e-05
3.28895e-05
3.0975e-05
2.98874e-05
2.29422e-05
2.21203e-05
2.14608e-05
2.13076e-05
1.19901e-05
1.21294e-05
1.26947e-05
1.3459e-05
6.72258e-06
7.37044e-06
8.58842e-06
9.84428e-06
9.19338e-06
9.77789e-06
1.08474e-05
1.19315e-05
7.41533e-06
8.04561e-06
9.15416e-06
1.0253e-05
7.91661e-06
8.2865e-06
9.04953e-06
9.87944e-06
1.0662e-05
1.05535e-05
1.0711e-05
1.10899e-05
1.25609e-05
1.20205e-05
1.16422e-05
1.16304e-05
1.81203e-05
1.65289e-05
1.4807e-05
1.37877e-05
3.06349e-05
2.70645e-05
2.28669e-05
2.0026e-05
4.49896e-05
3.93272e-05
3.25464e-05
2.78301e-05
1.21358e-05
1.20538e-05
1.21947e-05
1.25304e-05
2.15141e-05
2.0506e-05
1.93809e-05
1.8704e-05
4.11452e-05
3.83326e-05
3.48579e-05
3.23767e-05
6.30291e-05
5.82601e-05
5.22972e-05
4.7948e-05
2.55214e-06
2.66874e-06
3.29772e-06
4.16379e-06
2.22311e-07
4.99981e-07
1.27853e-06
2.21459e-06
1.59986e-06
1.97432e-06
2.79496e-06
3.70085e-06
6.46985e-06
6.79648e-06
7.49996e-06
8.27406e-06
1.06264e-05
1.08255e-05
1.1326e-05
1.19163e-05
2.17689e-05
2.1684e-05
2.16609e-05
2.17375e-05
4.52059e-05
4.43177e-05
4.31408e-05
4.22486e-05
7.15384e-05
6.96151e-05
6.70652e-05
6.50957e-05
9.31147e-06
9.33912e-06
9.77809e-06
1.04049e-05
1.85445e-05
1.93078e-05
2.04855e-05
2.15197e-05
3.99017e-05
4.14596e-05
4.35054e-05
4.50808e-05
6.51719e-05
6.71849e-05
6.97616e-05
7.16949e-05
4.96002e-07
2.16809e-07
5.42294e-08
8.63177e-08
8.85297e-07
4.48352e-07
1.11493e-07
4.73661e-08
1.47957e-06
7.98332e-07
2.47088e-07
8.51002e-08
1.98619e-06
1.06582e-06
3.70118e-07
1.71003e-07
2.0999e-06
1.11626e-06
3.40137e-07
1.32569e-07
2.26911e-06
1.19481e-06
3.32431e-07
7.48639e-08
2.52307e-06
1.33327e-06
3.632e-07
4.36578e-08
2.73473e-06
1.466e-06
4.19424e-07
5.33249e-08
7.96939e-06
6.04509e-06
4.05344e-06
2.88098e-06
7.89262e-06
6.07581e-06
4.1943e-06
3.08048e-06
7.95626e-06
6.22225e-06
4.42766e-06
3.36047e-06
8.13694e-06
6.41883e-06
4.64189e-06
3.58298e-06
2.70256e-06
1.44797e-06
4.17652e-07
5.98247e-08
2.3607e-06
1.2361e-06
3.36578e-07
5.62159e-08
1.95187e-06
1.00317e-06
2.75319e-07
9.33694e-08
1.67399e-06
8.57562e-07
2.60469e-07
1.53952e-07
1.52158e-06
7.92797e-07
2.93666e-07
1.98711e-07
9.20467e-07
4.78558e-07
1.52645e-07
9.16522e-08
3.71154e-07
1.69004e-07
3.40393e-08
4.16597e-08
1.30291e-07
3.60616e-08
1.72969e-08
8.28713e-08
5.0575e-06
3.85379e-06
2.67018e-06
2.01541e-06
3.77176e-06
2.76512e-06
1.79251e-06
1.26777e-06
2.58978e-06
1.70423e-06
8.91978e-07
5.01534e-07
2.06081e-06
1.18707e-06
4.36725e-07
1.39376e-07
1.19006e-05
1.069e-05
9.4623e-06
8.76107e-06
1.05378e-05
9.46744e-06
8.40743e-06
7.82292e-06
9.49644e-06
8.44676e-06
7.41716e-06
6.85897e-06
9.27603e-06
8.11023e-06
6.95312e-06
6.31645e-06
8.71638e-06
7.49598e-06
6.30777e-06
5.67897e-06
7.94262e-06
6.51162e-06
5.09159e-06
4.319e-06
8.35992e-06
6.34639e-06
4.28405e-06
3.11613e-06
9.86302e-06
7.14749e-06
4.32078e-06
2.69102e-06
1.13936e-05
1.04286e-05
9.56151e-06
9.19867e-06
1.30592e-05
1.13631e-05
9.61054e-06
8.62229e-06
1.83364e-05
1.51965e-05
1.17119e-05
9.51278e-06
2.51032e-05
2.04081e-05
1.50768e-05
1.16015e-05
