FiniteElementSpace
FiniteElementCollection: H1_2D_P2
VDim: 2
Ordering: 0

0
0.831361
1.58986
2.23886
2.7931
3.30833
3.84005
4.40432
4.97809
0
1.15376
2.16857
2.98046
3.61596
4.15462
4.67802
5.22837
5.79929
0.422502
1.00465
0.58357
0
1.22292
1.8963
1.68525
1.92844
2.62463
2.59993
2.52489
3.21245
3.31599
3.05155
3.7322
3.89172
3.56994
4.25652
4.41438
4.11902
4.81477
4.94922
4.69189
5.38865
5.51307
0.50895
1.46965
2.28104
2.93224
3.47566
3.99065
4.53171
5.10192
0.213834
0.470004
0.253954
0
1.02982
1.35241
1.24157
0.923289
1.76277
2.111
2.09397
1.74954
2.38457
2.73299
2.78246
2.43729
2.92302
3.26547
3.34551
3.0059
3.43823
3.78026
3.86076
3.52105
3.97853
4.32464
4.39297
4.04775
4.54808
4.8966
4.95812
4.60892
0.628594
0.759968
1.08039
0.872519
0.545479
0.289075
0
1.40979
1.68809
2.03482
1.93329
1.57943
1.4251
2.08701
2.45775
2.80467
2.79629
2.4429
2.39079
2.66074
3.07514
3.41505
3.46973
3.12568
3.15333
3.17969
3.60417
3.94289
4.02411
3.68378
3.75613
3.70383
4.12245
4.46644
4.54541
4.20167
4.28438
4.26111
4.67245
5.02139
5.08789
4.73991
4.81258
4.83529
5.18336
5.24561
5.59403
5.65626
5.30757
5.37026
0.238676
1.14147
1.9348
2.58853
3.13675
3.64983
4.18508
4.75261
0.698912
0.816819
0.268492
1.5553
1.81291
1.33497
2.27834
2.62933
2.24482
2.87172
3.27365
2.96977
3.39322
3.8139
3.55128
3.91282
4.33305
4.07185
4.46607
4.87981
4.60206
5.04032
5.45103
5.16416
0.109635
0.227972
0.120831
0
0.931163
1.08744
1.03322
0.87901
1.67718
1.85072
1.8433
1.67165
2.31242
2.48803
2.51382
2.33971
2.85829
3.03062
3.07167
2.90042
3.37307
3.54415
3.58528
3.41494
3.90901
4.08162
4.11612
3.94376
4.47616
4.6502
4.68069
4.50643
0.525897
0.665292
0.584863
0.447606
0.635145
0.788641
0.682056
0.527162
0.12628
0.261195
0.131247
0
1.31714
1.48448
1.45489
1.28954
1.58011
1.75124
1.6976
1.52522
1.12415
1.28885
1.20888
1.04297
2.00856
2.18445
2.19575
2.02159
2.37066
2.54429
2.53754
2.36275
1.99646
2.17019
2.14132
1.96634
2.59331
2.76735
2.803
2.63025
3.00447
3.17485
3.20058
3.02951
2.70462
2.87675
2.88844
2.71535
3.11561
3.28685
3.3294
3.15907
3.54005
3.70909
3.74906
3.57986
3.27943
3.44864
3.48372
3.3141
3.63658
3.80825
3.84626
3.67511
4.05629
4.22759
4.26713
4.09602
3.79637
3.96621
4.00731
3.83752
4.18989
4.36338
4.39515
4.22162
4.60185
4.77603
4.80963
4.63567
4.32445
4.49735
4.53396
4.36131
4.76367
4.93778
4.96852
4.79416
5.17381
5.34832
5.37933
5.20473
4.88635
5.0611
5.09266
4.91801
0.318357
0.354614
0.490199
0.381682
0.246735
0
1.12706
1.24789
1.41221
1.35676
1.1926
0.964921
1.84647
2.02402
2.19727
2.18881
2.01566
1.8242
2.45534
2.66155
2.83351
2.85828
2.68651
2.53208
2.98739
3.2013
3.37093
3.41087
3.24162
3.10981
3.50381
3.71481
3.88542
3.9255
3.75534
3.62676
4.04853
4.2546
4.42802
4.46207
4.28887
4.152
4.62001
4.8246
4.9992
5.03
4.85527
4.71172
0.730405
0.811788
0.883201
0.73024
0.949646
1.11721
1.01432
0.844688
0.728808
0.564287
0.407378
0.43718
0.277752
0.139861
0
1.50066
1.65352
1.79349
1.62294
1.92534
2.1021
2.05259
1.87347
1.81088
1.63265
1.45853
1.55668
1.38027
1.29079
2.16372
2.35882
2.54237
2.36925
2.71834
2.89293
2.88988
2.71321
2.69972
2.52184
2.34534
2.49703
2.31823
2.28137
2.72728
2.93931
3.14441
2.9742
3.34508
3.51557
3.54369
3.37185
3.39389
3.22107
3.0488
3.23587
3.06185
3.06827
3.24389
3.45707
3.66818
3.49894
3.87847
4.04851
4.08951
3.91883
3.95822
3.78765
3.61791
3.8244
3.65369
3.6867
3.77163
3.97998
4.18919
4.01754
4.39947
4.57197
4.61147
4.43894
4.47971
4.30773
4.1366
4.34928
4.17783
4.21951
4.33261
4.53735
4.74344
4.56912
4.95042
5.12486
5.15792
4.98377
5.01831
4.84442
4.67072
4.88063
4.70711
4.74503
4.90677
5.08073
5.11194
5.28598
5.31724
5.14293
5.49135
5.52262
5.6967
5.72784
5.5537
5.58467
5.41038
5.23582
5.44159
5.26724
5.29916
0.117211
0.983943
1.76219
2.41469
2.96581
3.47936
4.0124
4.57826
0.556826
0.658713
0.128761
1.38793
1.63957
1.16704
2.10399
2.45487
2.06968
2.69937
3.10302
2.7972
3.22298
3.64465
3.38187
3.74139
4.16156
3.90178
4.29231
4.70562
4.42904
4.86604
5.27656
4.98945
0.337822
0.368815
0.123864
1.18932
1.30346
1.07971
1.93716
2.10769
1.92116
2.55984
2.76087
2.61029
3.09499
3.30651
3.17611
3.60938
3.82016
3.69091
4.15137
4.35818
4.22015
4.72219
4.92722
4.78341
0.772719
0.848371
0.610749
0.916782
0.982059
0.705347
0.394384
0.421803
0.134249
1.57904
1.72477
1.51872
1.86018
1.98935
1.75457
1.40828
1.50788
1.25002
2.26299
2.45176
2.28443
2.63109
2.80449
2.61904
2.26787
2.4216
2.21175
2.83432
3.04256
2.90457
3.24515
3.4445
3.29743
2.95413
3.1426
2.97868
3.3508
3.56281
3.43503
3.77334
3.98378
3.8535
3.51459
3.7211
3.58524
3.8757
4.08448
3.95121
4.29417
4.5052
4.37313
4.03094
4.24266
4.11315
4.43478
4.64026
4.49835
4.84684
5.05412
4.91385
4.56624
4.77549
4.63926
5.00935
5.21456
5.07112
5.41994
5.62527
5.48205
5.13288
5.33875
5.19592
0
-0.173241
-0.594003
-1.21891
-1.98206
-2.82198
-3.68354
-4.52822
-5.35243
1
0.756591
0.206516
-0.560962
-1.42376
-2.29663
-3.14284
-3.96407
-4.78174
-0.0604382
0.324228
0.909729
0.5
-0.353972
-0.171642
0.516934
-0.885103
-0.877713
-0.158189
-1.58718
-1.69811
-0.986932
-2.39606
-2.55909
-1.8623
-3.2531
-3.41501
-2.7237
-4.10916
-4.24744
-3.55538
-4.94163
-5.0673
-4.37211
0.462748
0.108837
-0.504685
-1.27893
-2.12699
-2.98953
-3.8341
-4.65747
-0.0327778
0.212672
0.499005
0.25
-0.255684
-0.114916
0.225437
0.0852101
-0.733692
-0.691221
-0.332386
-0.377189
-1.39924
-1.43252
-1.07548
-1.04639
-2.18713
-2.26243
-1.91178
-1.84049
-3.03729
-3.12228
-2.77476
-2.69161
-3.89712
-3.97195
-3.62536
-3.54996
-4.73548
-4.79942
-4.45268
-4.38783
-0.107763
0.403725
0.54722
0.844831
0.693413
0.950518
0.75
-0.467085
-0.0240415
0.0229173
0.369543
0.319069
0.646629
-1.04719
-0.686968
-0.715232
-0.355793
-0.326652
0.0299193
-1.78178
-1.48683
-1.55822
-1.20464
-1.1295
-0.771889
-2.60796
-2.34297
-2.42673
-2.08025
-1.9927
-1.64326
-3.46871
-3.20302
-3.27921
-2.93422
-2.85627
-2.51117
-4.31951
-4.04137
-4.10642
-3.76001
-3.69538
-3.34979
-5.14711
-5.20985
-4.86222
-4.9246
-4.5767
-4.51519
-4.16799
0.245789
-0.00645343
-0.528401
-1.23618
-2.05016
-2.90707
-3.76175
-4.59398
0.158769
0.631343
0.73374
-0.238922
0.178585
0.442549
-0.864318
-0.516937
-0.146103
-1.63429
-1.34266
-0.919916
-2.4765
-2.21007
-1.77518
-3.33671
-3.06862
-2.64224
-4.18059
-3.90138
-3.48808
-5.00457
-4.71968
-4.31089
-0.0202853
0.109866
0.251911
0.125
-0.212515
-0.128693
0.0415325
-0.0413163
-0.662364
-0.629895
-0.451275
-0.484142
-1.30807
-1.31759
-1.1404
-1.13231
-2.08406
-2.11903
-1.94494
-1.91159
-2.92953
-2.97257
-2.79933
-2.75722
-3.79052
-3.82958
-3.65605
-3.61697
-4.63201
-4.66466
-4.49102
-4.45799
-0.0819105
0.0285338
0.188232
0.0792415
0.435858
0.519481
0.66521
0.580197
0.504384
0.618543
0.744394
0.625
-0.408809
-0.351243
-0.175075
-0.232378
0.0443265
0.0787638
0.250846
0.215564
0.277142
0.335719
0.497356
0.437561
-0.964904
-0.955168
-0.776576
-0.787303
-0.59468
-0.600928
-0.420685
-0.41453
-0.250478
-0.23799
-0.0600335
-0.0729895
-1.68372
-1.70824
-1.53279
-1.50991
-1.38239
-1.41415
-1.23571
-1.20351
-0.975807
-0.996892
-0.816871
-0.795559
-2.5017
-2.54267
-2.36929
-2.32967
-2.23492
-2.27629
-2.10144
-2.05952
-1.8047
-1.84307
-1.66658
-1.62766
-3.36098
-3.40299
-3.22962
-3.18803
-3.09645
-3.13586
-2.96266
-2.92288
-2.66701
-2.70842
-2.53465
-2.49275
-4.21455
-4.25006
-4.07646
-4.04063
-3.9379
-3.9715
-3.79852
-3.76486
-3.52039
-3.55683
-3.38385
-3.34719
-5.04441
-5.07579
-4.902
-4.87045
-4.75983
-4.791
-4.6174
-4.5864
-4.35014
-4.38188
-4.2087
-4.17705
-0.0441233
0.231773
0.340383
0.483868
0.374917
0.375
-0.302995
-0.0586853
-0.00124953
0.169257
0.111482
0.206909
-0.808035
-0.608455
-0.596949
-0.417196
-0.429198
-0.273024
-1.49233
-1.3336
-1.35537
-1.17657
-1.15534
-0.961402
-2.29117
-2.15602
-2.19474
-2.01924
-1.98093
-1.76918
-3.14519
-3.01474
-3.05605
-2.88228
-2.84105
-2.62546
-4.00336
-3.86705
-3.90312
-3.72992
-3.69367
-3.48262
-4.83866
-4.69676
-4.72845
-4.5551
-4.52335
-4.31768
-0.13842
0.124309
0.366468
0.283639
0.591964
0.653497
0.803653
0.739708
0.880382
0.803047
0.716269
0.93327
0.84403
0.969669
0.875
-0.528941
-0.306372
-0.0961081
-0.129891
0.102541
0.116097
0.289919
0.275503
0.445396
0.419498
0.383056
0.584205
0.546138
0.704297
-1.13193
-0.954317
-0.781379
-0.774823
-0.615185
-0.636948
-0.457521
-0.435156
-0.255891
-0.241155
-0.235046
-0.0627779
-0.0567692
0.119839
-1.88127
-1.7369
-1.59211
-1.56034
-1.45021
-1.49014
-1.31409
-1.27271
-1.09553
-1.0572
-1.02418
-0.87898
-0.844817
-0.665794
-2.71477
-2.58397
-2.45105
-2.40982
-2.31852
-2.36128
-2.18867
-2.14463
-1.97145
-1.92685
-1.88392
-1.75288
-1.70846
-1.53352
-3.57627
-3.4435
-3.30921
-3.27001
-3.17413
-3.21109
-3.03876
-3.00138
-2.82921
-2.78983
-2.74945
-2.6177
-2.57643
-2.40415
-4.42406
-4.28437
-4.14453
-4.11104
-4.004
-4.03546
-3.86208
-3.83091
-3.6578
-3.62558
-3.59191
-3.45274
-3.41908
-3.24651
-5.24975
-5.28112
-5.10717
-5.13858
-4.9647
-4.9334
-4.99599
-4.82208
-4.85319
-4.67916
-4.64825
-4.47433
-4.44378
-4.41304
-4.27
-4.23962
-4.06602
0.119457
-0.0829383
-0.55551
-1.22401
-2.01485
-2.86484
-3.72346
-4.56146
0.0562921
0.552559
0.625899
-0.290017
0.149135
0.389027
-0.870017
-0.506603
-0.153944
-1.60839
-1.3084
-0.895481
-2.43592
-2.1679
-1.73518
-3.29561
-3.02957
-2.60071
-4.14555
-3.86834
-3.45221
-4.97315
-4.68867
-4.27953
0.0969871
0.360573
0.379853
-0.178606
0.0571774
0.161429
-0.707235
-0.511726
-0.349582
-1.41294
-1.25467
-1.05754
-2.224
-2.08763
-1.87474
-3.08033
-2.94865
-2.7333
-3.93531
-3.79859
-3.58834
-4.76764
-4.62595
-4.42061
-0.00417113
0.247682
0.314578
0.481104
0.699397
0.774348
0.602297
0.826264
0.859487
-0.41604
-0.199748
-0.063683
0.00464651
0.197629
0.349577
0.277822
0.485141
0.602384
-1.04266
-0.867115
-0.684717
-0.697315
-0.53518
-0.337058
-0.324927
-0.147626
0.0312451
-1.80935
-1.66433
-1.45731
-1.52061
-1.38125
-1.16464
-1.09963
-0.950533
-0.740219
-2.6498
-2.51761
-2.30216
-2.38459
-2.25312
-2.03585
-1.95121
-1.8177
-1.59925
-3.51013
-3.3765
-3.16318
-3.24173
-3.10646
-2.89584
-2.81582
-2.68336
-2.46906
-4.3542
-4.2145
-4.00726
-4.07439
-3.93326
-3.72837
-3.66103
-3.52249
-3.31529
-5.17843
-5.03594
-4.83092
-4.89343
-4.75066
-4.54596
-4.48416
-4.34168
-4.13756
