FiniteElementSpace
FiniteElementCollection: H1_2D_P2
VDim: 2
Ordering: 0

0
6.55335e-05
-0.000679319
-0.00453677
-0.0113927
-0.017058
-0.0154994
-0.00468539
0.0108337
0
-0.000564124
-0.00276376
-0.0077157
-0.0144481
-0.0174525
-0.0114468
0.0026446
0.01889
-8.70695e-05
-0.000104458
-0.000108888
0
-1.87481e-05
-0.00139471
-0.00139953
-0.00214605
-0.00590954
-0.00485045
-0.00775246
-0.0132028
-0.011117
-0.0147733
-0.0180596
-0.0168467
-0.0174672
-0.0143301
-0.0156901
-0.0110964
-0.00142463
-0.00509134
0.002936
0.0148168
0.0108782
-7.54426e-05
-0.000446267
-0.00317686
-0.00943034
-0.0163869
-0.0174851
-0.00876428
0.00675484
-0.000101896
-3.83582e-05
-4.65124e-05
0
7.76733e-05
-0.000176807
-0.000214802
2.07747e-05
-0.00130091
-0.00258932
-0.0021697
-0.000965302
-0.00605906
-0.00861828
-0.00759613
-0.00518189
-0.0131664
-0.0157799
-0.0149273
-0.0124154
-0.0175373
-0.0177147
-0.0180853
-0.0178026
-0.0135864
-0.0100509
-0.0118183
-0.0151062
-0.000967659
0.00484857
0.00262306
-0.00310269
-8.02131e-06
-7.65889e-05
-0.000289122
-0.000291783
-0.00013613
-1.68524e-05
0
-0.000260771
-0.00082966
-0.0019775
-0.00200232
-0.000835271
-0.00092828
-0.00322565
-0.00442619
-0.00673568
-0.00619242
-0.00391482
-0.00370797
-0.00955668
-0.0113325
-0.0138493
-0.0128418
-0.0102383
-0.00937906
-0.0161054
-0.0174655
-0.0179267
-0.0174192
-0.016713
-0.0158214
-0.0167957
-0.0162317
-0.0131378
-0.013866
-0.0168163
-0.0168862
-0.00809835
-0.00526195
0.000457863
-0.00134139
-0.00714933
-0.00849371
0.00690549
0.0128296
0.0108543
0.0168446
0.0149335
0.00875042
0.00675324
-3.32707e-05
-2.17678e-05
-0.00166039
-0.00681612
-0.0142088
-0.0180586
-0.01286
0.000809768
-3.84572e-06
-0.000181409
-7.94123e-05
-0.000480565
-0.00131912
-0.000499536
-0.00376453
-0.00521893
-0.00283633
-0.0105158
-0.0120794
-0.00842904
-0.0170132
-0.0175765
-0.0154332
-0.0167329
-0.0152936
-0.0176888
-0.00676305
-0.00349249
-0.0103976
0.00889253
0.012863
0.00457916
-4.7829e-05
-5.05895e-05
-1.51935e-05
0
8.42439e-05
4.07063e-05
1.11911e-05
5.50659e-05
-0.000961388
-0.00146131
-0.00128482
-0.000804009
-0.00527243
-0.00643524
-0.00597473
-0.00484858
-0.0122938
-0.0137358
-0.0133326
-0.0119395
-0.0173635
-0.0178668
-0.0180016
-0.0174998
-0.01462
-0.0132603
-0.0140574
-0.0153507
-0.00285659
-7.55547e-05
-0.00117016
-0.00389884
-4.9309e-05
6.29036e-06
-2.35636e-05
-4.84142e-05
-7.69879e-05
-0.00012703
-0.000155439
-0.00010711
-2.01163e-05
-6.23236e-05
-3.16269e-05
0
-0.000117723
-0.000354215
-0.000307871
-8.3356e-05
-0.000617452
-0.00105486
-0.00105761
-0.000623922
-0.000147001
-0.000344265
-0.000380646
-0.000189164
-0.00265468
-0.00347891
-0.0031461
-0.00234882
-0.00377168
-0.00480419
-0.00453925
-0.00352523
-0.0017547
-0.00248154
-0.00238085
-0.00166503
-0.00864478
-0.010058
-0.00956084
-0.00819411
-0.010379
-0.0117099
-0.0111609
-0.0098309
-0.00673073
-0.0080029
-0.0075636
-0.0063079
-0.0154812
-0.0166254
-0.0164454
-0.0153354
-0.0169803
-0.0175585
-0.0172031
-0.0165792
-0.0140907
-0.0152009
-0.0146719
-0.0135381
-0.0172107
-0.0168216
-0.0173043
-0.0176555
-0.0169398
-0.0158193
-0.0161355
-0.0172056
-0.0181472
-0.017938
-0.0178846
-0.0180381
-0.00965633
-0.0074455
-0.00846046
-0.0105995
-0.00706219
-0.00441724
-0.00536491
-0.0080041
-0.0131463
-0.0111607
-0.0118362
-0.0137899
0.00492214
0.00790931
0.00687674
0.00390118
0.00881472
0.0118499
0.0108194
0.00773752
0.000580704
0.00357812
0.00250469
-0.000515017
-0.000108536
-4.24581e-05
-5.03391e-05
-6.58754e-05
-3.63992e-05
0
4.73007e-05
-8.26657e-05
-0.000297675
-0.000313779
-0.000107072
-3.30845e-05
-0.00169274
-0.00209456
-0.00286558
-0.00264365
-0.0018967
-0.00116222
-0.00688689
-0.00770058
-0.00902832
-0.00849959
-0.00720206
-0.00553525
-0.0139979
-0.0150293
-0.0161248
-0.0156975
-0.0146008
-0.0128322
-0.0175766
-0.0179642
-0.017656
-0.0178652
-0.018128
-0.0179847
-0.0124112
-0.0115209
-0.00944292
-0.0103533
-0.012382
-0.0147673
0.000969956
0.00282105
0.00579532
0.00468573
0.00170429
-0.00228293
3.455e-05
1.37202e-05
-8.35988e-05
-3.30005e-05
-0.000225041
-0.000409436
-0.000418418
-0.000233086
-0.000190403
-0.000138737
-0.000114697
-5.14089e-05
-7.66476e-05
-4.9419e-06
0
-0.000444361
-0.000698257
-0.00108796
-0.000638943
-0.00162528
-0.00234019
-0.00236264
-0.00163119
-0.00168416
-0.00108976
-0.000651005
-0.00115061
-0.000689754
-0.000735558
-0.00385167
-0.00444425
-0.00514039
-0.00408041
-0.00595259
-0.00720134
-0.00693233
-0.0056782
-0.00549655
-0.00435315
-0.00334772
-0.00425397
-0.0032417
-0.00321239
-0.0104761
-0.0114721
-0.0122787
-0.0109374
-0.0129802
-0.0141488
-0.0136661
-0.0124527
-0.0119862
-0.010663
-0.00932396
-0.0102423
-0.00888397
-0.00853202
-0.0166365
-0.0174691
-0.0178284
-0.0172879
-0.0178208
-0.0177312
-0.0175095
-0.0175283
-0.0171968
-0.0167994
-0.0161183
-0.0163851
-0.0156366
-0.0151712
-0.0162278
-0.0159989
-0.0153596
-0.016536
-0.0142921
-0.012362
-0.0127295
-0.0146466
-0.0148574
-0.0163139
-0.0173333
-0.0163698
-0.0173395
-0.0172491
-0.00643722
-0.0049721
-0.0033775
-0.00603976
-0.00154641
0.00150759
0.000629051
-0.00247206
-0.00325371
-0.00618402
-0.00883091
-0.00684386
-0.00951428
-0.0100338
0.00888424
0.0118398
0.0108806
0.0138208
0.0128575
0.0098713
0.0158242
0.0148717
0.0178684
0.016925
0.0138933
0.0129203
0.00979814
0.00666542
0.00882079
0.00563601
0.0046909
-2.07176e-05
5.97167e-05
-0.00110447
-0.005617
-0.0128552
-0.0177518
-0.0143809
-0.00201399
-2.35878e-05
-0.000116353
-2.56768e-05
-0.000197629
-0.000819206
-0.000253446
-0.00288293
-0.00413584
-0.00204637
-0.00911807
-0.0107702
-0.00713485
-0.0160259
-0.0171252
-0.0143976
-0.0173183
-0.0165936
-0.0180639
-0.00907848
-0.00625735
-0.0125459
0.00590891
0.00980535
0.00151539
-5.98925e-05
-4.85895e-05
-1.59173e-05
-4.40251e-06
-0.000185741
-5.80505e-05
-0.00187468
-0.00235106
-0.00150163
-0.00729691
-0.00809992
-0.0063453
-0.0145673
-0.0154006
-0.0137396
-0.0178371
-0.0179711
-0.0181294
-0.0119973
-0.0109763
-0.013648
0.00190166
0.00374426
-0.000310318
3.58728e-05
-2.71503e-05
-4.34271e-05
-0.000149621
-0.000310325
-0.000179286
-9.10102e-05
-0.00010807
-3.61713e-05
-0.000554162
-0.000876104
-0.000447655
-0.00133618
-0.00196369
-0.0013419
-0.000467364
-0.000874336
-0.000536572
-0.0041345
-0.00477944
-0.00344251
-0.00552982
-0.00641664
-0.00498943
-0.0029745
-0.00377079
-0.00276599
-0.0110027
-0.0118935
-0.0099785
-0.0126374
-0.0133193
-0.0115624
-0.00890513
-0.00976593
-0.00802573
-0.0171207
-0.0177
-0.0167581
-0.0178659
-0.0177009
-0.0172247
-0.0159328
-0.0162659
-0.0149261
-0.0161658
-0.0157308
-0.0171771
-0.0148824
-0.013579
-0.01556
-0.0176523
-0.0169076
-0.0176133
-0.00571429
-0.00419801
-0.00779263
-0.00249786
-0.000508269
-0.00436888
-0.00964233
-0.00790365
-0.0110042
0.00989073
0.0118675
0.00784158
0.0138576
0.0158963
0.0118592
0.00565662
0.00771967
0.00356063
0
-0.000861448
0.00059918
0.00350833
0.0059092
0.00469144
-0.00195294
-0.0117487
-0.0206962
0
-0.0008648
-0.00141584
-0.00110753
0.00128397
0.00513508
0.0065169
0.00254464
-0.00514815
-0.000761657
-0.00102167
-0.000402618
0
-0.000380559
-0.000510726
-0.00119606
0.00195815
0.00116105
-0.00144269
0.00495518
0.00372584
-0.000222062
0.00594153
0.00530977
0.00322485
0.00200705
0.00270539
0.00640725
-0.00673637
-0.00443384
0.0052053
-0.0164741
-0.012945
-0.00110016
-0.000700811
-0.000922674
0.000183741
0.0023893
0.0048522
0.00466425
-0.000453982
-0.00874304
-0.000496414
-0.000727283
-0.000385021
0
-0.000689885
-0.000662892
-0.00101639
-0.000943857
0.0012407
0.00102368
-0.000198838
2.02852e-05
0.00426721
0.00357571
0.0017491
0.00225745
0.00606633
0.00536151
0.00434208
0.00473276
0.00352641
0.00344282
0.00514521
0.00503778
-0.00427803
-0.00343196
0.00125671
0.000529087
-0.0141706
-0.0125336
-0.00657738
-0.00795524
-0.000885454
-0.0009204
-0.00103637
-0.000654699
-0.000640974
-0.000127402
0
5.36068e-05
-0.000752401
-0.00098917
-0.0013226
-0.0011189
-0.0010433
0.00272518
0.000637473
8.51732e-05
-0.00133301
-0.00061625
-0.00146233
0.00552066
0.00305955
0.00265016
0.000457906
0.0011886
-0.000742641
0.00549279
0.00519483
0.00538854
0.00422096
0.00420773
0.00222348
0.000163922
0.00384957
0.00467729
0.00663118
0.00566557
0.00588828
-0.00925067
-0.00237155
-0.000998085
0.00402677
0.00237119
0.00604192
-0.0186416
-0.0168107
-0.0108809
-0.00906927
-0.00311495
-0.00497715
0.000813123
-0.000425939
-0.000859943
0.000486755
0.00291853
0.0051399
0.00440988
-0.00134791
-0.0102647
-0.00090125
-0.000889744
-0.000304021
-0.00036597
-0.00108054
-0.00110629
0.00161908
-0.000312505
-0.000837805
0.00419467
0.00188521
0.000585173
0.00534336
0.00487952
0.00344275
0.00214074
0.00534081
0.00566885
-0.00565689
0.000794138
0.0036793
-0.0147227
-0.00703754
-0.00294357
-0.000293491
-0.000454652
-0.000233547
0
-0.000795538
-0.000774344
-0.000917163
-0.00090096
0.000907881
0.000853692
0.000244058
0.000303788
0.00389278
0.00355928
0.00258685
0.00285499
0.00601982
0.00557269
0.00495607
0.00528466
0.00415507
0.00398396
0.00476541
0.00486754
-0.00309309
-0.0027626
-0.000379739
-0.000666361
-0.0129727
-0.0121806
-0.00911207
-0.00980665
-0.000843947
-0.000891111
-0.000830867
-0.000742575
-0.000824842
-0.000916318
-0.000777306
-0.000679231
-0.000202661
-0.00035378
-0.000142239
0
-0.00017958
-0.000159191
-0.0005263
-0.000522676
-0.00084633
-0.000925851
-0.00110562
-0.00103211
-0.00103059
-0.00107411
-0.00107848
-0.00104204
0.00233634
0.00215064
0.00131506
0.0014756
0.000402043
0.000164248
-0.000475196
-0.000217868
-0.000363277
-0.000522894
-0.000921233
-0.000757088
0.00525608
0.00481904
0.0038926
0.00422795
0.00272271
0.00249068
0.00152651
0.0018029
0.00144788
0.00117677
0.000322223
0.000628648
0.00576009
0.00540824
0.00538546
0.0056302
0.00504815
0.00506856
0.00455958
0.00455931
0.00404356
0.00391869
0.00304616
0.0032105
0.00112431
0.00119021
0.00283234
0.00275268
0.0042985
0.00462065
0.00554477
0.00519407
0.00526482
0.00543845
0.00556093
0.00538129
-0.00799091
-0.00740342
-0.0045311
-0.00503215
-0.00139079
-0.000784788
0.00161308
0.000967883
0.00201654
0.00248305
0.00421883
0.00371195
-0.017576
-0.0166688
-0.0136399
-0.014478
-0.0098179
-0.00896513
-0.0060072
-0.00686509
-0.00549918
-0.00476392
-0.00195566
-0.00271643
-0.000649571
-0.000591404
-0.000714915
-0.000552052
-0.000406972
0
-0.000553168
-0.000774805
-0.000797636
-0.000979242
-0.000942179
-0.000985635
0.00159029
0.000747149
0.000594624
-1.61292e-05
0.000136212
-0.000251785
0.00462252
0.00324976
0.00297172
0.00206406
0.00232225
0.00169794
0.00604209
0.00527728
0.00511144
0.00461411
0.0047401
0.00422385
0.00281056
0.00396877
0.00407986
0.00494549
0.00479948
0.0051903
-0.00549475
-0.00236815
-0.00191385
0.000430707
-1.48107e-05
0.00164813
-0.0153397
-0.0114069
-0.0106274
-0.00766061
-0.0084045
-0.00617277
-0.000894565
-0.000939354
-0.000984907
-0.000912426
-0.000972983
-0.000986296
-0.000762238
-0.000814939
-0.000531529
-0.000560755
-0.000478876
-0.000261903
-0.000229524
-2.85945e-05
0
0.000312122
-0.000183495
-0.000640058
-0.000564812
-0.00104144
-0.00120931
-0.0013735
-0.00121484
-0.00126201
-0.00117727
-0.00111852
-0.00112161
-0.00110193
-0.00095602
0.00311617
0.0019342
0.000891054
0.0011179
-0.000125877
-0.000488294
-0.00123695
-0.00080772
-0.0014011
-0.00102213
-0.000736251
-0.00146227
-0.00115004
-0.00144577
0.00574014
0.0044769
0.00339592
0.00361833
0.00226136
0.00201646
0.000853784
0.00121576
9.76885e-05
0.000521077
0.000874381
-0.000503205
-4.8152e-05
-0.000944538
0.00513786
0.00522884
0.00528401
0.00527966
0.0051586
0.00531245
0.00469419
0.00460419
0.00372886
0.00377094
0.00383261
0.00272058
0.00288612
0.00174222
-0.000863046
0.00137108
0.00331722
0.00302454
0.00505142
0.00561036
0.00661922
0.0060113
0.00656041
0.00607243
0.00570532
0.00618242
0.00582318
0.00553774
-0.0105059
-0.00680095
-0.00338859
-0.00398817
-7.88177e-05
0.000747997
0.00332055
0.00239091
0.00465701
0.00377784
0.00306164
0.00566856
0.00486157
0.00632583
-0.0196809
-0.0187473
-0.0157789
-0.0148739
-0.0119249
-0.012796
-0.0110132
-0.00806093
-0.00711693
-0.00413515
-0.00509061
-0.00210125
-0.00306142
-0.00395324
-0.000126083
-0.00109181
0.0017058
-0.000251416
-0.000854974
0.000568315
0.00320917
0.00545425
0.00446948
-0.00168832
-0.0110008
-0.000835007
-0.000810997
-0.00017897
-0.00035468
-0.000986343
-0.00106759
0.00180762
-3.65194e-05
-0.000648132
0.0045361
0.00214075
0.000892637
0.00555692
0.00483434
0.00356931
0.00201115
0.00494906
0.00544479
-0.00620955
0.000117657
0.00313554
-0.0155881
-0.00791799
-0.00372954
-0.000616987
-0.000572462
-0.000219593
-0.000663963
-0.00088142
-0.0009773
0.00115639
0.000357156
-6.66834e-05
0.00390055
0.00264564
0.00200587
0.0056335
0.00494746
0.00449652
0.00341138
0.00448137
0.00503441
-0.00388006
-0.000938617
0.000849392
-0.0133414
-0.00951998
-0.00728636
-0.000914692
-0.000964303
-0.000828896
-0.000991334
-0.000907446
-0.000696927
-0.000524009
-0.000398272
-9.05235e-05
6.0128e-05
-0.000417788
-0.000691488
-0.000849026
-0.00121757
-0.00120041
-0.00106098
-0.00114357
-0.00104878
0.00250072
0.00140177
0.00084885
0.000386227
-0.000662295
-0.000926852
-0.000379304
-0.00109554
-0.00118691
0.00507077
0.00392916
0.00329774
0.00284908
0.00160458
0.000853325
0.00148102
0.000220004
-0.000284224
0.00517969
0.00526999
0.00522435
0.00525319
0.00497877
0.00419863
0.00425125
0.00333057
0.00244558
0.000295803
0.00237444
0.00359341
0.00420744
0.00585448
0.0060832
0.00535583
0.00598419
0.00559701
-0.00860522
-0.00507074
-0.00293322
-0.00173211
0.00159804
0.00311971
0.0017583
0.00436008
0.00527923
-0.017721
-0.0138476
-0.0117207
-0.00999907
-0.00610785
-0.00407277
-0.00581125
-0.00206474
-0.000151316
