FiniteElementSpace
FiniteElementCollection: L2_2D_P3
VDim: 1
Ordering: 0

0.0533067
0.0392942
0.0494972
0.0604593
0.0278329
0.0254704
0.0379214
0.0507825
0.0116815
0.0142076
0.0254105
0.0369136
0.0072819
0.00946016
0.0176949
0.0259997
0.0248636
0.0230711
0.0210759
0.0197996
0.0207019
0.0191672
0.0174763
0.0164085
0.0158277
0.0146066
0.0132842
0.0124679
0.0125757
0.0115789
0.0105143
0.00987027
0.00720604
0.0065365
0.00573558
0.00517536
0.00594214
0.00538723
0.00473053
0.00427652
0.00451914
0.00409847
0.00361051
0.00328073
0.003621
0.00328925
0.00291301
0.00266554
0.00114642
0.000991231
0.000806305
0.000677907
0.000994637
0.000864938
0.000711528
0.000605782
0.000836976
0.000735337
0.000617009
0.000536757
0.000749783
0.000664874
0.000567987
0.000503685
4.93375e-05
3.79848e-05
2.55045e-05
1.76852e-05
6.01687e-05
4.83679e-05
3.51333e-05
2.65729e-05
7.61977e-05
6.36907e-05
4.95376e-05
4.02191e-05
8.93192e-05
7.60136e-05
6.10674e-05
5.12737e-05
3.07075e-07
3.73546e-07
4.89984e-07
6.10471e-07
1.97608e-06
2.05832e-06
2.2014e-06
2.35211e-06
5.87818e-06
5.83436e-06
5.85459e-06
5.94509e-06
9.71918e-06
9.51061e-06
9.37917e-06
9.39791e-06
8.08761e-06
8.85402e-06
9.93206e-06
1.08167e-05
9.00841e-06
9.51888e-06
1.02547e-05
1.08691e-05
1.06698e-05
1.08361e-05
1.11244e-05
1.13952e-05
1.22677e-05
1.21604e-05
1.21014e-05
1.21126e-05
1.03606e-05
9.40695e-06
8.23036e-06
7.38083e-06
8.94163e-06
8.09203e-06
7.04637e-06
6.29399e-06
7.48127e-06
6.73163e-06
5.81666e-06
5.1647e-06
6.6266e-06
5.92733e-06
5.08512e-06
4.4937e-06
0.0370654
0.0352714
0.0335034
0.0325689
0.0318205
0.0300578
0.0282927
0.0273313
0.0253801
0.023733
0.0220603
0.0211245
0.0208609
0.0193524
0.0178055
0.0169249
0.00505368
0.0045977
0.00415524
0.00392826
0.00290127
0.00266385
0.00246014
0.00237774
0.00247731
0.00240049
0.00227938
0.00217353
0.00444224
0.00437193
0.00410429
0.00378714
0.000766712
0.000465026
0.00191899
0.00345387
0.000936674
0.000160241
0.000616706
0.00147283
0.0012861
0.000521786
0.000638029
0.00115862
0.0027455
0.00190748
0.00225693
0.00300297
0.0141611
0.0130093
0.0116647
0.01075
0.0116911
0.0107234
0.00960637
0.00885628
0.00884741
0.00810021
0.00725481
0.00670066
0.00699646
0.006401
0.00574065
0.00531894
0.00181047
0.00167246
0.00154895
0.00149452
0.00134832
0.00125728
0.00118122
0.00115293
0.0014581
0.00136759
0.00127611
0.00122521
0.00216702
0.00202019
0.00184506
0.00172447
0.00294199
0.00269053
0.00246199
0.00235764
0.00194626
0.00180389
0.00168878
0.00164852
0.0020042
0.00191318
0.00182027
0.00176597
0.00331895
0.00317061
0.00296526
0.00280241
0.00318202
0.00283169
0.00240993
0.00211317
0.00265559
0.00236686
0.00202256
0.00178271
0.00207994
0.00186126
0.00160533
0.00143064
0.00173194
0.0015576
0.00135812
0.00122543
0.000727286
0.00067063
0.00061632
0.000588315
0.00058928
0.000542229
0.000498765
0.000477924
0.000534873
0.000484217
0.000435464
0.000410293
0.000593788
0.000527133
0.000458403
0.000418759
0.00115857
0.00107336
0.000995487
0.000959307
0.000920474
0.000854926
0.000797413
0.0007731
0.000937367
0.000863443
0.000790678
0.000751928
0.00122363
0.00111385
0.00099321
0.000917565
0.000304273
0.000251668
0.000190724
0.00014985
0.000290863
0.000244331
0.000190509
0.000154385
0.000282594
0.000242417
0.000196329
0.00016557
0.000283724
0.0002468
0.000205034
0.000177529
0.000218594
0.000196764
0.000173843
0.000159963
0.000180481
0.000163118
0.0001457
0.000135818
0.000137264
0.000124224
0.000112325
0.00010662
0.000109037
9.81764e-05
8.92954e-05
8.60721e-05
0.000423351
0.000386163
0.000348637
0.000327343
0.000343138
0.000312286
0.000282454
0.00026667
0.000274952
0.000246307
0.000219372
0.000205887
0.000250815
0.000219102
0.000188826
0.000173342
3.43348e-06
2.42353e-06
1.39469e-06
8.21222e-07
8.30687e-06
6.61028e-06
4.72144e-06
3.51437e-06
1.66358e-05
1.40186e-05
1.10555e-05
9.10965e-06
2.37412e-05
2.0395e-05
1.66718e-05
1.4269e-05
4.73743e-05
4.38764e-05
4.01149e-05
3.77831e-05
5.13163e-05
4.84883e-05
4.55032e-05
4.36997e-05
5.78241e-05
5.59043e-05
5.3993e-05
5.29366e-05
6.40533e-05
6.28407e-05
6.17911e-05
6.13529e-05
0.000100123
8.98101e-05
7.87295e-05
7.17972e-05
9.05076e-05
8.26289e-05
7.45089e-05
6.96984e-05
7.88732e-05
7.40891e-05
6.98161e-05
6.78333e-05
7.08015e-05
6.83295e-05
6.70197e-05
6.72848e-05
2.07028e-06
2.62408e-06
3.47722e-06
4.23471e-06
4.04233e-06
4.56174e-06
5.34391e-06
6.02849e-06
7.45842e-06
7.83853e-06
8.42527e-06
8.9509e-06
1.05765e-05
1.08008e-05
1.11856e-05
1.15576e-05
2.54651e-05
2.45505e-05
2.34907e-05
2.27875e-05
2.90444e-05
2.77184e-05
2.61454e-05
2.5067e-05
3.42591e-05
3.22944e-05
2.99282e-05
2.82724e-05
3.87082e-05
3.61694e-05
3.30933e-05
3.09233e-05
3.10874e-05
3.00841e-05
2.9012e-05
2.83803e-05
3.72681e-05
3.60092e-05
3.45939e-05
3.36935e-05
4.6698e-05
4.50102e-05
4.30276e-05
4.16879e-05
5.50873e-05
5.29828e-05
5.04593e-05
4.87065e-05
1.29807e-05
1.29206e-05
1.2853e-05
1.28084e-05
1.19791e-05
1.17885e-05
1.1558e-05
1.1393e-05
1.11598e-05
1.07904e-05
1.03437e-05
1.00249e-05
1.0873e-05
1.0355e-05
9.73573e-06
9.29992e-06
1.01521e-05
9.17399e-06
8.00792e-06
7.19212e-06
9.80617e-06
8.78001e-06
7.55767e-06
6.70389e-06
9.2458e-06
8.16789e-06
6.88792e-06
5.99796e-06
8.74217e-06
7.63295e-06
6.32194e-06
5.41611e-06
1.84163e-05
1.72294e-05
1.58149e-05
1.48266e-05
1.93022e-05
1.78839e-05
1.61874e-05
1.49985e-05
2.04169e-05
1.86675e-05
1.65726e-05
1.51041e-05
2.12455e-05
1.92195e-05
1.67957e-05
1.51002e-05
3.38129e-06
2.62539e-06
1.78436e-06
1.251e-06
2.82474e-06
2.14978e-06
1.40688e-06
9.43199e-07
2.26681e-06
1.69306e-06
1.07205e-06
6.94366e-07
1.95324e-06
1.45298e-06
9.20853e-07
6.06387e-07
1.1344e-06
9.05947e-07
6.78498e-07
5.60643e-07
9.67109e-07
7.75178e-07
5.84924e-07
4.8759e-07
7.40662e-07
5.97266e-07
4.55896e-07
3.85099e-07
5.69251e-07
4.61854e-07
3.5652e-07
3.05018e-07
4.12861e-06
3.58167e-06
2.94452e-06
2.51504e-06
3.67147e-06
3.16092e-06
2.56753e-06
2.16883e-06
3.05905e-06
2.6015e-06
2.07169e-06
1.71755e-06
2.58921e-06
2.17542e-06
1.69873e-06
1.38226e-06
0.0463711
0.0425772
0.0389923
0.0370466
0.0399984
0.0369886
0.0338713
0.0320617
0.0315533
0.0294564
0.0272771
0.0260225
0.0249762
0.0237358
0.0224669
0.0217996
0.021377
0.020575
0.0198993
0.0195226
0.0152393
0.0148877
0.0147375
0.0148066
0.00904568
0.00906544
0.0092709
0.00954726
0.00568701
0.00589862
0.00621973
0.00643672
0.00550929
0.00707834
0.0144075
0.0215604
0.00296529
0.00411751
0.00962171
0.0151739
0.00126949
0.00170826
0.00497858
0.00852495
0.000787086
0.000704907
0.00256205
0.00478483
0.01903
0.0175687
0.0158968
0.0147876
0.0157645
0.0145266
0.0131259
0.0122088
0.011971
0.0110026
0.00992769
0.0092407
0.00947016
0.00869056
0.00784029
0.00730982
0.00823836
0.00755146
0.0068112
0.00635669
0.00608455
0.00556365
0.00502123
0.00470348
0.00390116
0.00356297
0.00323157
0.00305524
0.00278946
0.00255766
0.00234209
0.00223861
0.0109763
0.0100881
0.00914885
0.00858854
0.00813323
0.00744362
0.00673852
0.0063375
0.00518669
0.00472724
0.00428209
0.00405008
0.00363292
0.00331737
0.00302299
0.00288075
0.00488952
0.00439731
0.00380538
0.00338909
0.004047
0.00364083
0.00315734
0.00282099
0.00311112
0.00280429
0.0024461
0.00220227
0.0025317
0.00228926
0.00201263
0.00182929
0.00224297
0.00203259
0.00179552
0.0016407
0.0017439
0.00158716
0.00141589
0.00130829
0.00126506
0.00116023
0.0010527
0.000990873
0.00104176
0.000961284
0.000883637
0.000843318
0.00317681
0.0028893
0.00256745
0.00235908
0.00241511
0.00220242
0.00197195
0.00182884
0.00167793
0.0015396
0.00139937
0.00132033
0.00133006
0.00122832
0.00113182
0.00108345
0.000619062
0.000524828
0.000413836
0.000337861
0.000557842
0.000477441
0.000383247
0.000319057
0.000498628
0.000433161
0.000357451
0.000306483
0.000470402
0.000413413
0.000348652
0.000305835
0.00045072
0.000398443
0.000339367
0.000300511
0.000404819
0.000361188
0.000312665
0.000281288
0.000358125
0.000322634
0.00028435
0.000260452
0.00033307
0.000301288
0.000267968
0.000247908
0.000700615
0.000624427
0.000538189
0.00048144
0.000603101
0.000541975
0.000474222
0.000430687
0.000507614
0.000460495
0.000410289
0.000379554
0.000460221
0.000419253
0.000377118
0.000352531
1.48669e-05
1.08969e-05
6.69726e-06
4.20644e-06
2.33395e-05
1.84284e-05
1.29811e-05
9.50485e-06
3.61233e-05
2.9998e-05
2.30761e-05
1.85239e-05
4.64539e-05
3.93373e-05
3.13627e-05
2.61512e-05
5.0403e-05
4.30737e-05
3.48389e-05
2.94335e-05
5.61117e-05
4.88114e-05
4.06127e-05
3.52243e-05
6.26337e-05
5.55442e-05
4.76755e-05
4.25679e-05
6.67326e-05
5.99437e-05
5.25361e-05
4.78234e-05
9.35664e-05
8.02565e-05
6.52766e-05
5.54219e-05
9.75091e-05
8.4823e-05
7.05801e-05
6.12139e-05
0.000101153
8.93111e-05
7.61914e-05
6.7679e-05
0.000102663
9.14856e-05
7.93232e-05
7.15948e-05
6.97823e-07
9.61668e-07
1.39632e-06
1.8058e-06
2.48016e-06
2.81361e-06
3.32168e-06
3.77797e-06
6.07615e-06
6.36238e-06
6.81185e-06
7.22817e-06
9.5188e-06
9.70101e-06
1.00355e-05
1.03787e-05
1.14905e-05
1.16136e-05
1.18722e-05
1.21583e-05
1.53232e-05
1.52607e-05
1.52875e-05
1.54044e-05
2.08976e-05
2.05317e-05
2.01831e-05
2.00279e-05
2.55298e-05
2.48963e-05
2.42168e-05
2.38215e-05
1.18683e-05
1.16005e-05
1.1403e-05
1.13796e-05
1.63022e-05
1.58612e-05
1.54592e-05
1.52957e-05
2.27676e-05
2.20739e-05
2.13759e-05
2.10099e-05
2.81164e-05
2.72242e-05
2.62922e-05
2.57644e-05
1.12329e-05
1.16884e-05
1.2315e-05
1.28181e-05
1.11208e-05
1.13419e-05
1.16653e-05
1.19365e-05
1.14367e-05
1.13519e-05
1.12895e-05
1.12731e-05
1.20083e-05
1.16833e-05
1.13259e-05
1.10966e-05
1.23422e-05
1.18979e-05
1.13905e-05
1.10498e-05
1.28075e-05
1.2175e-05
1.14328e-05
1.09199e-05
1.3466e-05
1.25911e-05
1.15512e-05
1.08238e-05
1.40041e-05
1.29459e-05
1.16836e-05
1.07985e-05
1.3138e-05
1.28896e-05
1.26485e-05
1.25211e-05
1.44969e-05
1.40112e-05
1.34683e-05
1.31152e-05
1.63333e-05
1.55269e-05
1.45823e-05
1.3934e-05
1.77819e-05
1.67223e-05
1.54643e-05
1.45887e-05
6.87329e-06
5.8596e-06
4.65527e-06
3.82334e-06
5.85074e-06
4.96948e-06
3.92559e-06
3.20773e-06
4.78724e-06
4.04793e-06
3.17864e-06
2.58684e-06
4.15384e-06
3.50159e-06
2.74304e-06
2.2337e-06
3.8631e-06
3.2534e-06
2.5473e-06
2.07619e-06
3.37746e-06
2.83789e-06
2.2177e-06
1.80832e-06
2.83421e-06
2.37759e-06
1.85955e-06
1.52408e-06
2.47952e-06
2.08033e-06
1.63309e-06
1.34893e-06
6.23535e-06
5.56014e-06
4.7501e-06
4.18395e-06
5.58585e-06
4.94907e-06
4.19021e-06
3.66412e-06
4.85238e-06
4.25936e-06
3.56034e-06
3.08214e-06
4.36874e-06
3.80512e-06
3.14696e-06
2.70194e-06
0.0314991
0.0293854
0.0271224
0.025753
0.0264123
0.024579
0.0226296
0.0214609
0.0203968
0.0189104
0.0173497
0.0164309
0.0163272
0.0150972
0.0138169
0.0130736
0.0143306
0.0132236
0.0120779
0.0114179
0.0107182
0.00983195
0.00894439
0.00845739
0.00687143
0.0062607
0.00567626
0.00537902
0.00476215
0.00433892
0.00394099
0.00374634
0.0185539
0.0171379
0.0156859
0.0148639
0.0140528
0.012892
0.011742
0.0111235
0.00912281
0.00830071
0.0075178
0.00712376
0.00632647
0.00574659
0.00519179
0.00491313
0.00382127
0.00348552
0.00317262
0.00302261
0.00235441
0.00217245
0.00202431
0.00197069
0.00222267
0.00214486
0.00206082
0.00200592
0.00384532
0.00373692
0.00354175
0.00335774
0.00511378
0.00494076
0.00462842
0.00433715
0.00856926
0.00819953
0.00760441
0.00707368
0.0173531
0.0163219
0.0148226
0.0135829
0.0283991
0.0263868
0.0236144
0.0214283
0.00610446
0.00600013
0.00559058
0.00510338
0.0105158
0.0101601
0.00943474
0.00870478
0.0222825
0.0212217
0.0194892
0.0179426
0.0376697
0.035514
0.0323363
0.0297008
0.00462193
0.00494152
0.00515103
0.00510141
0.00254147
0.00265741
0.00278092
0.00281618
0.00230246
0.0023826
0.00241419
0.00236825
0.00529725
0.0050313
0.00474828
0.00451278
0.00709394
0.00699404
0.00664794
0.00622004
0.0136389
0.0129995
0.011763
0.0105829
0.0291105
0.0276111
0.0249786
0.0225537
0.0469587
0.0451692
0.0418591
0.038594
0.00300142
0.004237
0.00609119
0.00594686
0.00240677
0.00384073
0.0100031
0.0164353
0.0201435
0.0134731
0.0252113
0.0396282
0.09427
0.0365474
0.0454324
0.0667731
0.0102546
0.00936687
0.00831527
0.00758762
0.00845142
0.00771106
0.00684375
0.00625099
0.00639697
0.00583136
0.00518206
0.00474862
0.00507877
0.00463126
0.0041285
0.00380183
0.00442867
0.00403987
0.0036088
0.0033333
0.00331322
0.00302536
0.00271678
0.00252804
0.00222007
0.00203553
0.00185059
0.00174833
0.00169376
0.00156277
0.00144003
0.0013801
0.00608422
0.00556396
0.0049944
0.00463669
0.00450811
0.00411974
0.0037089
0.0034624
0.00293941
0.00269057
0.002444
0.00231025
0.00216448
0.00199211
0.00183161
0.00175437
0.0014463
0.00133936
0.00124309
0.00119998
0.00112003
0.00104334
0.000977746
0.000951819
0.00118658
0.00110304
0.00101973
0.000974457
0.00165793
0.0015277
0.00137921
0.00128191
0.00196686
0.00180502
0.00161211
0.00147914
0.00281187
0.00255959
0.00224609
0.00201954
0.00466782
0.00421785
0.00365017
0.00323327
0.00672799
0.00605652
0.00521021
0.00458911
0.00264187
0.00245581
0.00222263
0.00205368
0.0039493
0.00364428
0.00324976
0.00295347
0.00682608
0.00624707
0.00549598
0.00492985
0.0100548
0.00915625
0.00800012
0.00713541
0.00229017
0.002106
0.00194065
0.00186724
0.00161728
0.00150559
0.00141413
0.00138161
0.00173863
0.00164482
0.00154918
0.00149472
0.00273486
0.00257898
0.00238209
0.00223837
0.00341677
0.00321548
0.00294646
0.00273992
0.00531679
0.00496723
0.00449286
0.00412094
0.00959659
0.00887569
0.00791162
0.00716517
0.0145121
0.0133325
0.0117829
0.010603
0.00425494
0.00405505
0.00376139
0.00351874
0.00687584
0.00650178
0.00596088
0.00551388
0.0130709
0.0121969
0.0109871
0.0100232
0.0204634
0.0189171
0.0168444
0.0152411
0.00196923
0.00172992
0.0014427
0.00124146
0.00166785
0.00146993
0.00123443
0.00107089
0.00134485
0.00119326
0.00101603
0.000895242
0.0011559
0.00103286
0.000892096
0.000798453
0.00105692
0.000948334
0.000825357
0.000744458
0.000875111
0.000790833
0.000697757
0.000638334
0.000700248
0.000638665
0.000573883
0.000535046
0.00061714
0.000565528
0.000513568
0.000484336
0.00155566
0.0014035
0.00123138
0.00111841
0.00124469
0.00112949
0.00100285
0.000922576
0.000947201
0.000867033
0.000783771
0.000734903
0.0008084
0.000744015
0.000680602
0.000646329
0.000561947
0.000515693
0.000470165
0.000445454
0.00045557
0.00041688
0.000380278
0.000361772
0.000387528
0.000348456
0.000311267
0.000292342
0.000390955
0.000343371
0.000295959
0.000269959
0.000388565
0.000335987
0.000282369
0.000251948
0.000400543
0.000334835
0.000264487
0.000221787
0.00051864
0.000422646
0.000315113
0.000245965
0.000687333
0.000558297
0.000410857
0.000313746
0.00062636
0.000549824
0.000468421
0.00041939
0.000730247
0.000627745
0.000512985
0.000439107
0.00104153
0.000883603
0.000699858
0.000576031
0.00141715
0.0012
0.000943699
0.000768124
0.00092354
0.000854352
0.000789717
0.000758145
0.000744165
0.000688244
0.000637882
0.000615144
0.000718593
0.000655985
0.000595073
0.000563165
0.000869291
0.000781375
0.000687844
0.000631552
0.000961482
0.000857403
0.000742601
0.000670129
0.00122229
0.00107502
0.000904148
0.000789367
0.00185561
0.00161781
0.00133303
0.00113472
0.00257532
0.00224053
0.00183573
0.00155083
0.00140618
0.00127281
0.00112022
0.00101965
0.00190781
0.00170961
0.00147182
0.0013061
0.00303787
0.00270232
0.00228989
0.00199472
0.00429477
0.00380959
0.00321043
0.00277937
0.000132594
0.000106279
7.64691e-05
5.70362e-05
0.000139106
0.000114382
8.62157e-05
6.76511e-05
0.000151357
0.00012811
0.000101653
8.4139e-05
0.000163392
0.000140539
0.000114795
9.7893e-05
0.000165822
0.000143648
0.00011867
0.000102244
0.00016363
0.000143416
0.000120783
0.000105963
0.000160107
0.000141998
0.000122063
0.000109235
0.00015688
0.000140016
0.000121819
0.000110379
0.000279503
0.000244718
0.000205482
0.000179685
0.000262694
0.000232375
0.000198543
0.000176524
0.000244164
0.000218219
0.00018992
0.000171952
0.000232769
0.00020901
0.000183693
0.000168066
0.00014957
0.000134042
0.000117511
0.000107295
0.000127573
0.000115512
0.000103233
9.60906e-05
0.000101025
9.29529e-05
8.56991e-05
8.2304e-05
8.23662e-05
7.69581e-05
7.32057e-05
7.25395e-05
6.97138e-05
6.61449e-05
6.47708e-05
6.59361e-05
4.31392e-05
4.36874e-05
4.73118e-05
5.21034e-05
2.06169e-05
2.52984e-05
3.42624e-05
4.31933e-05
1.29982e-05
2.01337e-05
3.25109e-05
4.42761e-05
8.96081e-05
8.0372e-05
7.36579e-05
7.21667e-05
4.92353e-05
4.354e-05
4.11557e-05
4.28689e-05
1.57183e-05
1.22948e-05
1.31037e-05
1.7562e-05
4.59371e-06
1.44257e-06
3.16923e-06
8.8429e-06
0.000309355
0.000280278
0.000250292
0.000232642
0.000251751
0.00022807
0.000204718
0.000191881
0.000193289
0.000173398
0.000154955
0.000145903
0.000161139
0.000141651
0.000124133
0.000116135
0.000138249
0.000119354
0.000102756
9.56227e-05
9.24781e-05
7.45641e-05
5.91356e-05
5.29542e-05
6.57034e-05
4.47153e-05
2.59916e-05
1.79925e-05
6.97999e-05
4.35226e-05
1.90418e-05
7.6124e-06
0.000231895
0.000198641
0.000166608
0.000150037
0.00019922
0.000161629
0.000124081
0.000103572
0.000214922
0.000163937
0.000110338
7.88239e-05
0.000270742
0.000203972
0.00013179
8.77059e-05
6.76891e-07
5.34684e-07
3.91034e-07
3.17728e-07
3.15638e-06
2.75086e-06
2.29621e-06
2.01323e-06
8.39832e-06
7.54642e-06
6.60095e-06
6.00964e-06
1.32951e-05
1.2055e-05
1.07279e-05
9.9293e-06
1.57781e-05
1.44264e-05
1.29775e-05
1.21025e-05
2.08288e-05
1.92939e-05
1.76374e-05
1.6626e-05
2.79169e-05
2.61919e-05
2.4337e-05
2.3208e-05
3.35582e-05
3.17417e-05
2.98037e-05
2.86352e-05
2.68667e-05
2.33281e-05
1.9384e-05
1.68311e-05
3.25066e-05
2.88064e-05
2.46803e-05
2.2006e-05
3.97862e-05
3.60144e-05
3.18555e-05
2.91943e-05
4.5106e-05
4.14e-05
3.73776e-05
3.48537e-05
3.6533e-05
3.47271e-05
3.28017e-05
3.16419e-05
4.26091e-05
4.08948e-05
3.90418e-05
3.79055e-05
5.20606e-05
5.0429e-05
4.86284e-05
4.74943e-05
6.06344e-05
5.90212e-05
5.72147e-05
5.60541e-05
6.58125e-05
6.41779e-05
6.23245e-05
6.11143e-05
7.71792e-05
7.55048e-05
7.34888e-05
7.20797e-05
9.67479e-05
9.46616e-05
9.20533e-05
9.01499e-05
0.000115953
0.000113252
0.000109845
0.00010733
6.7821e-05
6.70367e-05
6.65029e-05
6.64314e-05
7.62476e-05
7.6436e-05
7.6962e-05
7.75638e-05
9.31023e-05
9.41795e-05
9.57332e-05
9.70341e-05
0.000111211
0.000112687
0.000114729
0.000116383
6.72716e-05
6.09735e-05
5.41814e-05
4.99225e-05
6.62012e-05
6.13737e-05
5.63438e-05
5.33286e-05
6.58032e-05
6.29492e-05
6.03321e-05
5.90586e-05
6.64601e-05
6.51525e-05
6.44775e-05
6.46451e-05
6.66752e-05
6.63621e-05
6.69265e-05
6.80086e-05
6.75037e-05
6.94398e-05
7.26339e-05
7.55352e-05
7.56166e-05
8.00326e-05
8.62773e-05
9.1406e-05
8.79535e-05
9.39864e-05
0.000102306
0.000109014
6.52917e-05
6.4357e-05
6.49985e-05
6.67335e-05
5.3855e-05
5.63867e-05
6.11811e-05
6.58736e-05
4.76943e-05
5.40621e-05
6.36869e-05
7.20046e-05
5.03048e-05
5.92287e-05
7.22194e-05
8.31739e-05
4.68205e-06
5.46224e-06
6.6017e-06
7.5685e-06
6.38976e-06
6.9941e-06
7.88349e-06
8.64217e-06
9.18481e-06
9.51523e-06
1.00363e-05
1.05039e-05
1.16992e-05
1.1794e-05
1.20083e-05
1.22412e-05
1.3078e-05
1.30433e-05
1.3087e-05
1.31873e-05
1.53776e-05
1.50984e-05
1.48275e-05
1.46901e-05
1.85405e-05
1.7907e-05
1.71878e-05
1.67175e-05
2.10716e-05
2.01428e-05
1.90544e-05
1.83135e-05
1.2328e-05
1.2459e-05
1.2719e-05
1.2993e-05
1.54701e-05
1.53825e-05
1.53618e-05
1.54244e-05
1.99238e-05
1.94927e-05
1.90382e-05
1.87793e-05
2.35671e-05
2.28357e-05
2.20049e-05
2.14696e-05
2.22981e-05
2.12049e-05
1.99124e-05
1.9023e-05
2.43788e-05
2.29488e-05
2.12413e-05
2.00525e-05
2.72737e-05
2.53374e-05
2.30106e-05
2.13791e-05
2.96445e-05
2.72661e-05
2.44024e-05
2.23899e-05
3.07691e-05
2.81342e-05
2.49627e-05
2.27354e-05
3.29676e-05
2.97833e-05
2.59462e-05
2.32482e-05
3.63712e-05
3.23386e-05
2.74803e-05
2.40659e-05
3.94487e-05
3.46579e-05
2.88933e-05
2.4849e-05
4.10893e-05
3.81941e-05
3.46809e-05
3.21972e-05
4.60474e-05
4.23722e-05
3.78922e-05
3.47063e-05
5.38211e-05
4.89164e-05
4.29223e-05
3.86437e-05
6.09114e-05
5.48812e-05
4.75092e-05
4.22423e-05
2.80657e-05
2.72618e-05
2.63682e-05
2.5815e-05
3.31765e-05
3.19681e-05
3.05601e-05
2.96233e-05
4.08301e-05
3.89773e-05
3.67533e-05
3.521e-05
4.7521e-05
4.50741e-05
4.2102e-05
4.00054e-05
5.13316e-05
4.84959e-05
4.50369e-05
4.25824e-05
5.94777e-05
5.57823e-05
5.12277e-05
4.79542e-05
7.24516e-05
6.73494e-05
6.10276e-05
5.64488e-05
8.44476e-05
7.80158e-05
7.00381e-05
6.4246e-05
6.00465e-05
5.76496e-05
5.47485e-05
5.27091e-05
7.08065e-05
6.77618e-05
6.39871e-05
6.12601e-05
8.8385e-05
8.41595e-05
7.8862e-05
7.49787e-05
0.000104983
9.95597e-05
9.27464e-05
8.77316e-05
1.26606e-05
1.20667e-05
1.13168e-05
1.0761e-05
1.11999e-05
1.0608e-05
9.8646e-06
9.31656e-06
9.76509e-06
9.1511e-06
8.39075e-06
7.83819e-06
8.98867e-06
8.33698e-06
7.54426e-06
6.97888e-06
8.64152e-06
7.97205e-06
7.16081e-06
6.58459e-06
8.05087e-06
7.356e-06
6.51873e-06
5.92778e-06
7.39249e-06
6.66417e-06
5.79425e-06
5.18639e-06
6.96474e-06
6.21109e-06
5.31713e-06
4.6975e-06
1.07719e-05
1.01819e-05
9.47538e-06
8.97722e-06
1.05532e-05
9.85389e-06
9.0156e-06
8.42422e-06
1.03509e-05
9.51424e-06
8.51352e-06
7.81004e-06
1.02518e-05
9.31393e-06
8.19536e-06
7.41209e-06
6.73474e-06
5.97511e-06
5.07554e-06
4.45327e-06
6.24096e-06
5.4877e-06
4.59721e-06
3.98269e-06
5.53727e-06
4.8038e-06
3.93989e-06
3.34663e-06
4.96429e-06
4.25412e-06
3.42202e-06
2.85442e-06
4.63323e-06
3.94524e-06
3.14123e-06
2.59479e-06
3.8975e-06
3.27425e-06
2.54667e-06
2.05343e-06
2.86639e-06
2.33927e-06
1.73347e-06
1.33139e-06
2.07382e-06
1.63055e-06
1.13502e-06
8.18348e-07
8.38991e-06
7.28007e-06
5.97249e-06
5.07303e-06
7.53986e-06
6.45184e-06
5.1744e-06
4.3004e-06
6.29797e-06
5.24574e-06
4.02724e-06
3.20929e-06
5.28853e-06
4.27432e-06
3.12101e-06
2.36617e-06
1.41891e-05
1.30479e-05
1.16851e-05
1.07288e-05
1.42749e-05
1.30046e-05
1.14865e-05
1.04214e-05
1.42648e-05
1.28243e-05
1.11056e-05
9.9037e-06
1.41696e-05
1.25975e-05
1.07278e-05
9.42679e-06
1.3969e-05
1.23422e-05
1.04131e-05
9.07618e-06
1.33723e-05
1.16516e-05
9.61761e-06
8.21505e-06
1.24773e-05
1.06187e-05
8.44129e-06
6.95873e-06
1.17339e-05
9.76423e-06
7.47943e-06
5.94532e-06
2.15037e-05
1.93335e-05
1.67419e-05
1.49341e-05
2.18426e-05
1.93785e-05
1.64404e-05
1.4396e-05
2.23604e-05
1.94509e-05
1.59954e-05
1.36054e-05
2.28456e-05
1.95494e-05
1.5652e-05
1.29734e-05
9.82126e-07
5.80694e-07
2.04811e-07
4.70863e-08
6.94906e-07
4.1528e-07
1.59916e-07
6.50796e-08
4.91036e-07
3.21397e-07
1.70992e-07
1.36006e-07
4.30237e-07
3.1823e-07
2.0908e-07
2.01437e-07
4.48467e-07
3.42455e-07
2.30838e-07
1.88252e-07
4.48541e-07
3.30095e-07
2.07571e-07
1.5168e-07
4.60427e-07
3.28299e-07
1.97077e-07
1.33957e-07
4.78241e-07
3.38512e-07
2.05859e-07
1.44957e-07
1.81666e-06
1.35896e-06
8.78094e-07
6.00766e-07
1.58865e-06
1.20528e-06
8.062e-07
5.80039e-07
1.35341e-06
1.05106e-06
7.41632e-07
5.71843e-07
1.21282e-06
9.61847e-07
7.09375e-07
5.75478e-07
4.71406e-07
3.30732e-07
2.02262e-07
1.47544e-07
4.16089e-07
2.78179e-07
1.65598e-07
1.33729e-07
3.4816e-07
2.20898e-07
1.39242e-07
1.49686e-07
2.99553e-07
1.84976e-07
1.34226e-07
1.86631e-07
2.26148e-07
1.26794e-07
1.03905e-07
2.09771e-07
1.20916e-07
5.27219e-08
4.81592e-08
1.30817e-07
3.10625e-08
4.97915e-09
5.46766e-09
4.73606e-08
3.97152e-08
3.42071e-08
2.11014e-08
2.3742e-08
4.72205e-07
3.78304e-07
2.82135e-07
2.29961e-07
2.99888e-07
2.3021e-07
1.56505e-07
1.14006e-07
1.34995e-07
9.76927e-08
5.74335e-08
3.32498e-08
7.87384e-08
6.66663e-08
5.43497e-08
4.73751e-08
2.30414e-06
1.93254e-06
1.51755e-06
1.2553e-06
1.9789e-06
1.6549e-06
1.29365e-06
1.06607e-06
1.55674e-06
1.293e-06
9.9963e-07
8.15672e-07
1.24452e-06
1.02464e-06
7.80987e-07
6.29224e-07
1.08518e-06
8.86107e-07
6.65292e-07
5.2754e-07
7.83479e-07
6.29244e-07
4.55406e-07
3.44805e-07
4.29461e-07
3.35875e-07
2.28693e-07
1.59114e-07
2.26864e-07
1.7836e-07
1.22019e-07
8.46336e-08
2.34305e-06
1.95495e-06
1.50844e-06
1.21267e-06
1.83683e-06
1.51253e-06
1.1375e-06
8.87885e-07
1.17338e-06
9.39484e-07
6.71171e-07
4.94604e-07
7.12394e-07
5.51093e-07
3.71068e-07
2.56782e-07
