FiniteElementSpace
FiniteElementCollection: H1_2D_P2
VDim: 2
Ordering: 0

0
1.21572
2.03613
2.57913
3.02507
3.46725
3.92639
4.39019
4.84892
0
0.683629
1.24702
1.70624
2.13524
2.58067
3.04232
3.50344
3.95867
0.643785
0.980526
0.353858
0
1.67426
1.66357
0.98193
2.32917
2.15103
1.48512
2.80633
2.58066
1.92038
3.24405
3.02275
2.35505
3.6952
3.48414
2.81059
4.15864
3.94727
3.27366
4.62025
4.40408
3.73159
0.519784
1.35666
1.92188
2.3669
2.79861
3.25208
3.71641
4.17629
0.320476
0.579548
0.260792
0
1.45867
1.51801
1.17847
1.09957
2.18954
2.12726
1.79752
1.85231
2.69454
2.58669
2.25981
2.36591
3.13418
3.02086
2.6889
2.8025
3.5807
3.47352
3.13691
3.24467
4.04251
3.93766
3.60038
3.70532
4.50541
4.39834
4.06199
4.16886
0.943578
0.761036
0.847703
0.522275
0.452627
0.179203
0
1.86557
1.51749
1.46397
1.11838
1.18163
0.837037
2.45813
2.03901
1.93183
1.59715
1.70907
1.36886
2.91609
2.47354
2.35842
2.02737
2.14517
1.81363
3.35503
2.90992
2.80138
2.46719
2.57671
2.2444
3.81053
3.36794
3.26308
2.92638
3.03103
2.69524
4.27458
3.83207
3.72548
3.38878
3.49506
3.15814
4.73476
4.6265
4.29026
4.18148
3.84524
3.95408
3.61769
0.284853
1.32076
1.99567
2.4776
2.91109
3.35857
3.82156
4.2838
0.852567
0.657887
0.234572
1.69414
1.3284
1.0219
2.24985
1.82236
1.59022
2.69463
2.25139
2.039
3.13205
2.68829
2.46677
3.58921
3.14693
2.91573
4.05347
3.6105
3.3792
4.51253
4.06788
3.83998
0.150993
0.300531
0.136616
0
1.34087
1.38975
1.21331
1.15749
2.11476
2.09283
1.92565
1.94447
2.63738
2.58601
2.42218
2.47254
3.07955
3.02245
2.85667
2.9136
3.52382
3.46957
3.30147
3.35585
3.98444
3.93208
3.76344
3.81588
4.44785
4.39464
4.22638
4.27956
0.796913
0.897683
0.719241
0.61081
0.643042
0.711845
0.557012
0.488346
0.128567
0.248868
0.119027
0
1.77277
1.78009
1.60853
1.5963
1.43908
1.42496
1.25653
1.27142
1.08209
1.10266
0.936682
0.91665
2.39479
2.35409
2.18952
2.22839
1.98122
1.93159
1.7663
1.81663
1.73191
1.69531
1.52815
1.5655
2.86135
2.80519
2.64073
2.69639
2.42022
2.36266
2.19822
2.25636
2.20573
2.14989
1.98562
2.04211
3.29937
3.2434
3.07628
3.13228
2.85407
2.79905
2.6323
2.68764
2.63462
2.57786
2.41241
2.46964
3.75278
3.69987
3.53129
3.58434
3.30995
3.25739
3.08893
3.1415
3.07968
3.02625
2.85842
2.912
4.21665
4.16407
3.99561
4.0482
3.7743
3.72131
3.55284
3.60574
3.54227
3.48978
3.32116
3.37359
4.67754
4.62365
4.45547
4.50931
4.23331
4.17909
4.01101
4.06521
4.00469
3.95101
3.78278
3.8364
0.485374
0.434249
0.549598
0.391757
0.272762
0
1.56978
1.42222
1.43844
1.26989
1.25068
1.04095
2.26086
2.06276
2.02525
1.86076
1.89742
1.7589
2.75075
2.53237
2.47694
2.31349
2.36896
2.25885
3.18898
2.96581
2.90966
2.74356
2.79995
2.69157
3.63783
3.41593
3.36276
3.19439
3.24768
3.13364
4.10059
3.87964
3.82706
3.65844
3.71098
3.59473
4.56288
4.34112
4.28733
4.11919
4.17292
4.05809
1.08347
0.979356
0.873527
0.807351
0.75477
0.770835
0.603762
0.595774
0.438745
0.408981
0.345027
0.267039
0.213232
0.0929496
0
1.95323
1.77528
1.59221
1.60688
1.39747
1.35806
1.18357
1.22654
1.05112
1.08558
1.10348
0.91048
0.933962
0.761277
2.51944
2.30856
2.09554
2.14495
1.87748
1.81993
1.65196
1.71097
1.54156
1.59869
1.65046
1.42758
1.48158
1.30868
2.97059
2.74852
2.527
2.58414
2.30477
2.24695
2.08114
2.13963
1.97378
2.0332
2.09214
1.86701
1.92695
1.76006
3.41097
3.18819
2.96616
3.0209
2.74466
2.69092
2.52376
2.57766
2.41092
2.46584
2.52154
2.29951
2.35561
2.18962
3.86841
3.64723
3.42602
3.47856
3.20499
3.15265
2.98435
3.03658
2.86845
2.92072
2.97329
2.75283
2.80538
2.63783
4.33243
4.11122
3.88973
3.9428
3.66805
3.6145
3.44617
3.49966
3.33128
3.38436
3.43717
3.21595
3.26865
3.10026
4.79188
4.73769
4.56953
4.5153
4.34718
4.4014
4.29281
4.1247
4.0701
3.90198
3.9566
3.78844
3.84288
3.89707
3.67468
3.72888
3.56062
0.141592
1.27702
2.02045
2.52977
2.96792
3.41256
3.87398
4.33715
0.757483
0.602288
0.124713
1.69085
1.34996
1.01192
2.29229
1.87479
1.63161
2.7509
2.30948
2.09625
3.18767
2.74314
2.52357
3.64203
3.19939
2.96898
4.10618
3.66358
3.4317
4.56652
4.12218
3.89376
0.458561
0.41274
0.132645
1.4961
1.34715
1.1487
2.16202
1.96251
1.82967
2.64148
2.42313
2.31427
3.07722
2.85463
2.74562
3.52684
3.30511
3.19051
3.99016
3.76905
3.65286
4.45202
4.23017
4.11556
1.03113
0.927191
0.681424
0.816639
0.68476
0.503691
0.370301
0.311736
0.112232
1.8645
1.68476
1.52489
1.49672
1.29339
1.15731
1.18908
1.01115
0.853848
2.41406
2.2025
2.08597
1.9873
1.76577
1.65533
1.7569
1.54083
1.42072
2.85938
2.63778
2.53057
2.41603
2.19315
2.08634
2.20322
1.9801
1.8736
3.29946
3.0771
2.9651
2.85534
2.63412
2.52155
2.63255
2.41052
2.30109
3.75784
3.53662
3.42059
3.31547
3.09461
2.9786
3.08377
2.86296
2.74802
4.22187
4.0005
3.88498
3.77891
3.55714
3.44207
3.5478
3.32655
3.21068
4.68071
4.45836
4.3444
4.23596
4.01338
3.89977
4.00816
3.78592
3.67174
0
0.50486
1.36903
2.31414
3.24065
4.14139
5.0319
5.92343
6.81504
1
1.31585
1.9567
2.7787
3.67672
4.58837
5.48844
6.37985
7.27056
0.19995
0.872321
1.11514
0.5
0.91307
1.64926
1.6048
1.84124
2.54274
2.35283
2.78117
3.45873
3.22297
3.69339
4.36577
4.13328
4.58692
5.26059
5.04007
5.47736
6.15176
5.93459
6.36954
7.04303
6.8251
0.599815
1.23556
2.08957
3.00072
3.91407
4.81421
5.70617
6.5975
0.10699
0.389325
0.517193
0.25
0.700148
1.06631
1.04558
0.678856
1.60435
1.96093
1.86713
1.50301
2.54857
2.88911
2.77149
2.42538
3.46776
3.80359
3.68683
3.34884
4.36433
4.70093
4.59033
4.25382
5.25454
5.59192
5.48341
5.14654
6.14652
6.4835
6.37462
6.03763
0.335099
0.721473
1.08512
1.2025
0.839196
1.05985
0.75
1.13753
1.4379
1.80274
1.77417
1.41702
1.45108
2.07816
2.31515
2.66208
2.56282
2.22222
2.15023
3.01185
3.22993
3.56866
3.44913
3.1131
2.99914
3.91784
4.14038
4.4773
4.36118
4.02424
3.90498
4.80939
5.03757
5.37442
5.26462
4.92715
4.81468
5.70034
5.92894
6.26581
6.15726
5.8203
5.7117
6.59239
6.929
6.82034
7.15697
7.04781
6.71141
6.60245
0.298343
0.863932
1.73046
2.65761
3.57683
4.47766
5.3692
6.26057
0.517963
0.948531
0.764547
1.28066
1.6046
1.24274
2.19291
2.44026
2.00922
3.11958
3.34064
2.88666
4.0292
4.25117
3.79665
4.92383
5.15103
4.70261
5.81473
6.04306
5.59746
6.70632
6.93423
6.4886
0.0636594
0.199715
0.270198
0.125
0.599739
0.779685
0.768841
0.589411
1.48638
1.6658
1.61625
1.43421
2.43158
2.60228
2.54156
2.36876
3.35441
3.52212
3.46299
3.29444
4.25292
4.4211
4.36583
4.19767
5.1432
5.31195
5.25787
5.08931
6.03498
6.20354
6.1491
5.98053
0.262326
0.42407
0.449105
0.292424
0.656591
0.831835
0.890105
0.715471
0.499637
0.636927
0.748315
0.625
1.02414
1.20708
1.17227
0.98749
1.33541
1.52038
1.50933
1.32501
0.95656
1.14236
1.16162
0.976285
1.95978
2.13434
2.0768
1.89968
2.20204
2.37765
2.33069
2.15573
1.75751
1.93784
1.90506
1.72544
2.89676
3.06525
3.00449
2.83451
3.11535
3.2854
3.22677
3.05701
2.65701
2.82915
2.77408
2.60244
3.80575
3.97353
3.91652
3.74842
4.02734
4.19585
4.13779
3.96924
3.57288
3.74184
3.68268
3.5138
4.69816
4.86672
4.81241
4.64404
4.92594
5.09431
5.03916
4.8707
4.47814
4.64651
4.59005
4.42159
5.58883
5.75756
5.70331
5.53469
5.81755
5.986
5.93169
5.76323
5.37201
5.54043
5.48597
5.31751
6.48099
6.64933
6.59493
6.42651
6.70893
6.87731
6.82282
6.65448
6.26319
6.43162
6.3772
6.20879
0.147581
0.338794
0.491501
0.553076
0.404531
0.375
0.804768
0.96333
1.14912
1.13879
0.952624
0.77314
1.72272
1.84542
2.02441
1.97787
1.79775
1.57487
2.66512
2.77347
2.94463
2.88607
2.71415
2.48353
3.58075
3.69036
3.85882
3.80056
3.63178
3.40367
4.47566
4.58936
4.75763
4.70235
4.53406
4.30985
5.36593
5.48055
5.64907
5.59479
5.42635
5.20361
6.25805
6.37204
6.5405
6.48607
6.31761
6.0947
0.416044
0.594898
0.793722
0.616964
1.01392
1.19831
1.25639
1.07181
1.15563
0.971837
0.797454
1.08347
0.905093
1.03544
0.875
1.25262
1.39104
1.54262
1.35775
1.7025
1.88013
1.86397
1.68948
1.68774
1.51053
1.32803
1.5259
1.3458
1.38108
2.19632
2.30914
2.42875
2.25336
2.55076
2.72105
2.67012
2.50222
2.45702
2.28819
2.115
2.25053
2.08031
2.05225
3.12649
3.23436
3.3444
3.17456
3.45462
3.62305
3.56281
3.39533
3.33583
3.16856
2.99969
3.11071
2.94351
2.88844
4.02971
4.14162
4.25318
4.08482
4.36434
4.5329
4.47488
4.3063
4.24731
4.07896
3.91051
4.01916
3.85109
3.79082
4.92063
5.0352
5.14911
4.98076
5.26278
5.43138
5.37661
5.20779
5.15245
4.98359
4.81497
4.92749
4.75866
4.70164
5.81187
5.92617
6.04034
5.87185
6.15443
6.32283
6.26856
6.10014
6.04594
5.87741
5.7089
5.82318
5.65453
5.60013
6.70374
6.872
6.81767
6.98601
6.93171
6.76333
7.10002
7.04562
7.21383
7.15918
6.99107
6.93645
6.76829
6.6
6.71376
6.54554
6.49114
0.162942
0.681902
1.54961
2.48566
3.40846
4.30946
5.20062
6.09204
0.353393
0.769739
0.621235
1.09611
1.42131
1.05699
2.01699
2.26626
1.83084
2.95008
3.17117
2.7156
3.86111
4.08265
3.62789
4.7554
4.98257
4.53415
5.64611
5.87462
5.42899
6.53794
6.7659
6.3202
0.24096
0.442667
0.382642
0.88178
1.04909
0.860416
1.78257
1.91071
1.68573
2.71858
2.82943
2.59882
3.63543
3.74543
3.51785
4.53262
4.64591
4.42204
5.4233
5.5377
5.31499
6.31504
6.42906
6.20615
0.503044
0.691716
0.549941
0.901026
1.13223
1.01828
0.670949
0.93421
0.88359
1.31992
1.46544
1.25217
1.62185
1.78349
1.59841
1.23189
1.42624
1.26973
2.25163
2.36835
2.13867
2.48974
2.61111
2.39453
2.04619
2.18339
1.97915
3.18004
3.28923
3.05968
3.39962
3.50912
3.28179
2.94297
3.05577
2.83189
4.08571
4.19744
3.97194
4.30882
4.4197
4.19272
3.85563
3.96508
3.73707
4.97802
5.09221
4.86924
5.20595
5.31965
5.09577
4.75869
4.87123
4.64589
5.86904
5.98327
5.76045
6.09739
6.21148
5.98878
5.65184
5.766
5.543
6.76068
6.87469
6.65193
6.98869
7.10246
6.87968
6.54305
6.65691
6.43418
