FiniteElementSpace
FiniteElementCollection: H1_2D_P2
VDim: 2
Ordering: 0

0
-0.00448019
-0.00561721
-0.00444098
-0.000520545
0.00644756
0.0138495
0.0173321
0.0158015
0
0.00778946
0.0124529
0.0151112
0.0158724
0.0136978
0.00833924
0.00213341
-0.00184256
-0.00268259
0.00167262
0.00427347
0
-0.00537629
0.00341044
0.0104494
-0.00531261
0.005281
0.0139842
-0.00288526
0.00764735
0.0157848
0.00266163
0.0102012
0.0152144
0.0103794
0.0113455
0.0113374
0.0162827
0.0098948
0.00510484
0.0170162
0.0070139
-0.000182473
0.000709924
0.00255127
0.00430276
0.00639239
0.0089758
0.0110701
0.0109232
0.008504
-0.00134928
-0.000771131
0.000254523
0
-0.00502249
-0.0013007
0.00211824
-0.00124608
-0.00553156
-0.000432485
0.00384924
-0.00102065
-0.00375764
0.00185086
0.00581803
0.000499282
0.000975709
0.00594442
0.00831093
0.00368012
0.00843158
0.0107983
0.0106969
0.00843776
0.0152248
0.0135425
0.0112205
0.0126073
0.0173274
0.0126717
0.00922715
0.0135083
-0.00371163
0.00120375
0.00458753
0.00614015
0.00225194
0.00214563
0
-0.00556857
0.00297985
0.00784349
0.0115193
0.00639434
0.00921642
-0.00495351
0.0047778
0.0100888
0.0145988
0.00905333
0.0132704
-0.00180879
0.00700393
0.0116273
0.015912
0.0109614
0.0155115
0.00450256
0.00961627
0.0119017
0.0145664
0.0119874
0.0156457
0.0122114
0.0112928
0.00996373
0.00989696
0.0112402
0.0126151
0.0169888
0.0104717
0.00620118
0.00355628
0.00819323
0.00672071
0.0164729
0.0113795
0.00775572
0.00263392
-0.00106713
0.004294
0.000880127
-0.000330203
-0.00131907
-0.00076591
0.00111762
0.00476657
0.00966117
0.0131964
0.0131712
-0.00107119
0.00349986
0.000879982
-0.00119941
0.00715497
0.0055451
-1.38753e-05
0.00959089
0.00847301
0.00270512
0.0113251
0.0105469
0.00718216
0.0120095
0.0118537
0.011796
0.0106754
0.0116485
0.0136419
0.00720448
0.0091259
0.0120544
0.00343553
0.00522145
-0.000547286
-0.000755078
-0.000120243
0
-0.00477688
-0.00312236
-0.00129455
-0.00280473
-0.00559084
-0.0031207
-0.000902853
-0.00328865
-0.00412187
-0.0012857
0.00079465
-0.00193982
0.000202283
0.00291706
0.00421042
0.00162414
0.00743955
0.0090776
0.00905684
0.00748121
0.0145743
0.014194
0.0129312
0.0132251
0.0173711
0.0152062
0.0133629
0.0153764
-0.00323001
-0.00232202
-0.000939733
-0.00164893
0.000958661
0.00232604
0.00289871
0.00144691
8.8702e-05
0.000549562
0.000310024
0
-0.00549121
-0.0033496
-0.00125998
-0.00329809
0.00276569
0.00505537
0.00678461
0.00445954
0.00189761
0.00381618
0.00508115
0.00311077
-0.00515125
-0.00245505
-0.000234363
-0.002845
0.00453716
0.00717059
0.00932718
0.00666548
0.00362841
0.00614933
0.00816493
0.00561538
-0.00237334
0.000489692
0.00226271
-0.000479214
0.00669373
0.00914702
0.0111502
0.00865957
0.00554501
0.00816603
0.010323
0.00766978
0.00356563
0.00588572
0.00655823
0.00434875
0.00930091
0.0108058
0.0120135
0.0104701
0.00797765
0.0100676
0.011751
0.00962063
0.0113154
0.0120134
0.0113177
0.0106104
0.0112017
0.0110007
0.0109769
0.0111658
0.0104623
0.0111771
0.011794
0.0110498
0.0166812
0.0152768
0.0136225
0.0148837
0.0107151
0.00886663
0.00770326
0.00958621
0.0113051
0.0101989
0.00955879
0.0106764
0.0167669
0.0142423
0.0123752
0.014809
0.00813148
0.00560948
0.00385574
0.00641783
0.00957012
0.00724795
0.00570636
0.00807504
-0.00206438
-0.000563805
-8.05579e-06
0.000468453
-2.6234e-05
0
-0.00522095
-0.00132069
0.000640291
0.00233576
0.000416988
0.000232734
-0.00543894
-0.00060936
0.00194388
0.00407374
0.0015512
0.00120578
-0.00334622
0.00146939
0.0041325
0.00610047
0.00347748
0.00289898
0.00179673
0.0053458
0.00747699
0.00864466
0.00655435
0.00567776
0.00941541
0.0102439
0.0109491
0.0109006
0.0101958
0.00933716
0.0157964
0.0134004
0.0122322
0.0110924
0.0122122
0.0119845
0.017206
0.0129389
0.0105795
0.00887059
0.0111906
0.0116943
-0.00412706
-0.00117209
0.0014418
8.71701e-05
0.00406118
0.00613541
0.00699422
0.0047586
0.00522959
0.0031857
0.00156607
0.00326335
0.0013936
0.00088554
0
-0.00560998
-0.00111952
0.0031945
0.000902962
0.00750734
0.0101152
0.0120016
0.00930128
0.0110028
0.00838152
0.00598192
0.00985516
0.00733452
0.00852909
-0.00471745
0.000230227
0.00502549
0.00239047
0.00984475
0.012562
0.0148682
0.0120601
0.0143039
0.0114862
0.00876884
0.0136398
0.0108398
0.0128752
-0.00119132
0.00317788
0.00732225
0.00486691
0.0114847
0.0137018
0.0159142
0.013571
0.0158677
0.0133279
0.0107599
0.015665
0.0129875
0.0153261
0.00546604
0.00781073
0.00991774
0.00841685
0.0119728
0.0127786
0.0141595
0.0132555
0.0149178
0.0135601
0.0119333
0.0154564
0.0137038
0.0157834
0.0130598
0.0122274
0.0113411
0.0115563
0.0103368
0.00918987
0.0091298
0.0103098
0.0106352
0.0112967
0.011464
0.0119991
0.0121245
0.0131824
0.0172055
0.0136027
0.0101969
0.0120523
0.00670214
0.00423199
0.00282602
0.00544548
0.0043185
0.0067093
0.00866909
0.0059087
0.00797431
0.00753409
0.0161451
0.0135781
0.0117176
0.00918973
0.00738169
0.0098971
0.00483548
0.00303159
0.000416845
-0.00146209
0.00121565
-0.000645268
0.00210248
0.00474999
0.000324345
0.00310934
0.00148345
-0.000260815
-0.00298255
-0.00321794
-0.00163105
0.00225162
0.00828328
0.0137427
0.0153229
-0.00201062
0.00189873
0.00018807
-0.00333847
0.00476261
0.00347224
-0.00266492
0.00691905
0.00588506
-1.55464e-05
0.00890445
0.0079182
0.00510667
0.0106478
0.00984847
0.0113323
0.0111029
0.0111294
0.0151177
0.00923765
0.0104558
0.0145429
0.00600988
0.00766382
-0.00123532
-2.7381e-05
-8.84925e-06
-0.00322669
0.000523746
0.000320052
-0.0029966
0.00174125
0.00137292
-0.000902321
0.00379515
0.00317902
0.00361726
0.00701151
0.00610886
0.00985619
0.0105882
0.00977687
0.0145754
0.012248
0.0121242
0.0150328
0.0108962
0.0114584
-0.00258568
0.000155062
3.09391e-05
0.0027294
0.00547081
0.00399657
0.000984425
0.00232464
0.000478173
-0.00333267
0.00104924
0.000766688
0.0053392
0.00972032
0.00885586
0.00414462
0.00787542
0.00675559
-0.00221394
0.00263647
0.00215995
0.0074207
0.0123202
0.0117821
0.00640917
0.0111723
0.0104878
0.0010363
0.00526326
0.00448982
0.00938626
0.0136514
0.0134625
0.00841328
0.013169
0.0127847
0.00667955
0.00888196
0.00794689
0.0109408
0.0130391
0.0134287
0.0102757
0.0136511
0.01372
0.0126469
0.0117944
0.0112731
0.0108582
0.00976439
0.0108218
0.0111898
0.0117317
0.0124737
0.0153624
0.0118937
0.0121661
0.00847753
0.00482956
0.00607403
0.00990779
0.00734488
0.00859135
0.0139163
0.00954204
0.0102452
0.00521879
0.000809916
0.00164453
0.00683164
0.00259047
0.00365719
0
-0.00971514
-0.0274867
-0.0487913
-0.0696289
-0.0835864
-0.0839891
-0.0708621
-0.0527158
0
-0.0115728
-0.0293371
-0.0500929
-0.0700511
-0.0838392
-0.0854868
-0.0737543
-0.0555948
-0.00361638
-0.0096867
-0.00532971
0
-0.0179208
-0.0280418
-0.0198269
-0.0379176
-0.0495117
-0.0395672
-0.0595993
-0.0705021
-0.0604539
-0.0779563
-0.0849671
-0.0781258
-0.0857112
-0.0860482
-0.0864411
-0.078725
-0.0729488
-0.0810366
-0.0617593
-0.0542062
-0.0648183
-0.00303563
-0.0182541
-0.0385856
-0.0603691
-0.0790304
-0.0874557
-0.0809233
-0.0635252
-0.00175072
-0.00296962
-0.000798131
0
-0.0136099
-0.0179496
-0.0137809
-0.00947172
-0.0326202
-0.0382293
-0.0332427
-0.0276903
-0.0542425
-0.0600709
-0.0549843
-0.0491803
-0.0740685
-0.0787175
-0.0750284
-0.070219
-0.0851222
-0.086914
-0.0866831
-0.084565
-0.0817542
-0.0801104
-0.0839117
-0.0853526
-0.0663745
-0.0627178
-0.0683192
-0.0720959
-0.0063394
-0.00606788
-0.0103933
-0.00815001
-0.00385928
-0.00318221
0
-0.0225683
-0.0230285
-0.0285817
-0.024463
-0.0188764
-0.0155007
-0.0433271
-0.0440254
-0.049804
-0.0448195
-0.039019
-0.0343895
-0.0647651
-0.0655766
-0.0704532
-0.065392
-0.0604915
-0.0553274
-0.0811669
-0.0823826
-0.0847546
-0.0813291
-0.0788541
-0.0743309
-0.0853281
-0.0872442
-0.0861064
-0.0864184
-0.087325
-0.0855667
-0.0750393
-0.0772137
-0.0734807
-0.0776853
-0.0812268
-0.0836714
-0.0571802
-0.0534648
-0.0587585
-0.0548924
-0.0601682
-0.0641984
-0.0694063
-0.000831408
-0.0135166
-0.0328841
-0.05467
-0.0747373
-0.0862158
-0.0831498
-0.0674791
-0.00591105
-0.00682933
-0.00149652
-0.0226948
-0.0236114
-0.0144427
-0.043679
-0.0443926
-0.0337333
-0.06529
-0.065611
-0.055194
-0.0820326
-0.0821744
-0.0749071
-0.0866242
-0.0871969
-0.0864964
-0.0763698
-0.0776383
-0.0840898
-0.0579999
-0.0594584
-0.068936
-0.000978924
-0.00117018
-0.000240626
0
-0.0116064
-0.0135231
-0.0114397
-0.00954101
-0.0300302
-0.0327428
-0.0302653
-0.0275731
-0.0515228
-0.0544702
-0.0519312
-0.0489934
-0.0719105
-0.0744481
-0.0725375
-0.0699605
-0.0844728
-0.0857478
-0.0855057
-0.0841472
-0.0829814
-0.0825369
-0.0843623
-0.0847591
-0.0686453
-0.0669606
-0.0698181
-0.0715302
-0.00488947
-0.00605638
-0.00435314
-0.00320967
-0.0044698
-0.00637531
-0.00526392
-0.00335568
-0.000196452
-0.00104916
-0.000652114
0
-0.0202079
-0.0226092
-0.0202871
-0.0179048
-0.0206075
-0.0232871
-0.0212106
-0.0185242
-0.0116803
-0.0140613
-0.0123639
-0.00997876
-0.0406115
-0.0435049
-0.0409443
-0.0380697
-0.0412964
-0.0442043
-0.0416979
-0.0387904
-0.0306216
-0.0334693
-0.0311378
-0.0282862
-0.0622126
-0.0650559
-0.0627098
-0.0598559
-0.0630014
-0.0656257
-0.0630794
-0.0604517
-0.0522542
-0.0551009
-0.0525059
-0.049661
-0.0796559
-0.0816628
-0.0804659
-0.0783911
-0.080795
-0.0823523
-0.0805995
-0.0790067
-0.0728228
-0.0750217
-0.0727359
-0.0705206
-0.085645
-0.0860641
-0.0868929
-0.0863972
-0.087473
-0.0873063
-0.0873811
-0.0874778
-0.0859383
-0.0866756
-0.0857349
-0.084942
-0.0769562
-0.0757707
-0.0783177
-0.0794953
-0.0791485
-0.0774755
-0.0795139
-0.0811369
-0.0850921
-0.0840733
-0.0852093
-0.086158
-0.0594541
-0.0575935
-0.0603436
-0.0622547
-0.061128
-0.0591126
-0.0618179
-0.063875
-0.0706673
-0.0686516
-0.0712448
-0.0732513
-0.0025603
-0.00178819
-0.00290812
-0.00180358
-0.000724976
0
-0.01572
-0.0156894
-0.0180641
-0.0159749
-0.0136005
-0.00951842
-0.0352516
-0.0355406
-0.0383999
-0.0358991
-0.0330491
-0.0278448
-0.056938
-0.0573872
-0.0602422
-0.0576931
-0.0548411
-0.0493524
-0.0760908
-0.0768028
-0.0789322
-0.0771026
-0.0749321
-0.0704006
-0.0855412
-0.0866869
-0.0872669
-0.0871899
-0.0865284
-0.0848396
-0.0803337
-0.0817267
-0.0805834
-0.082516
-0.0836055
-0.0857806
-0.0640704
-0.0651046
-0.063141
-0.0659308
-0.0679302
-0.0725661
-0.00795683
-0.00762328
-0.00781042
-0.00591333
-0.00854365
-0.0109265
-0.00979221
-0.00742327
-0.00666135
-0.00452721
-0.00260084
-0.00416766
-0.00221801
-0.00196483
0
-0.024998
-0.0251646
-0.0255085
-0.0228327
-0.0260706
-0.0289313
-0.0268749
-0.0240034
-0.022112
-0.0193113
-0.016617
-0.0176211
-0.0149237
-0.0134821
-0.0460559
-0.0464269
-0.0467664
-0.0438515
-0.0470972
-0.0499458
-0.0474564
-0.0445956
-0.0421868
-0.0392762
-0.0363622
-0.0369657
-0.0340388
-0.0318447
-0.0672425
-0.0677982
-0.0680818
-0.0654642
-0.0680734
-0.0702974
-0.0677616
-0.0655326
-0.0629509
-0.0604908
-0.0578594
-0.0579079
-0.0552676
-0.0527182
-0.0824847
-0.0834034
-0.0837771
-0.0822741
-0.083563
-0.0843926
-0.082677
-0.0818379
-0.0798078
-0.0785638
-0.0769512
-0.0762951
-0.0746788
-0.0722441
-0.084779
-0.0861087
-0.0867666
-0.0870167
-0.08677
-0.0858871
-0.0860674
-0.0869065
-0.086545
-0.0869855
-0.0870277
-0.0861152
-0.0861329
-0.0848064
-0.0730018
-0.0742879
-0.075139
-0.0768477
-0.0756197
-0.073646
-0.0757829
-0.0777077
-0.0794439
-0.0811947
-0.082757
-0.0824525
-0.0839589
-0.0846883
-0.0549298
-0.053085
-0.0557046
-0.0538431
-0.0564461
-0.0583886
-0.0545541
-0.0571441
-0.0552317
-0.0578603
-0.0598045
-0.062487
-0.0645071
-0.0665793
-0.067129
-0.0691833
-0.0716208
-0.000480506
-0.0114767
-0.0301354
-0.0517378
-0.0722647
-0.0850639
-0.0837582
-0.0692743
-0.00454404
-0.00478478
-0.000355516
-0.0202211
-0.0208722
-0.0119664
-0.040777
-0.0414888
-0.0308576
-0.0624858
-0.063067
-0.0523874
-0.0801192
-0.0807665
-0.0728278
-0.0863547
-0.087514
-0.0859204
-0.0777087
-0.079387
-0.0852276
-0.0599087
-0.0614814
-0.0709862
-0.00207768
-0.00169755
-0.00015633
-0.0156693
-0.0157893
-0.0115057
-0.0353896
-0.035709
-0.0304257
-0.05718
-0.0575582
-0.0521029
-0.0764963
-0.0770065
-0.0727248
-0.0861953
-0.087019
-0.0857984
-0.0811113
-0.0821922
-0.0848049
-0.0646127
-0.0655429
-0.0702801
-0.00772943
-0.00764858
-0.00432603
-0.00810984
-0.00910651
-0.00589443
-0.00210077
-0.00330181
-0.00113573
-0.0250624
-0.0253115
-0.020414
-0.0257604
-0.0264417
-0.0216241
-0.0162503
-0.0170748
-0.0128706
-0.0462462
-0.0465995
-0.0411162
-0.0469309
-0.0472703
-0.0419287
-0.0361154
-0.0366442
-0.0314659
-0.0675527
-0.0679754
-0.0628821
-0.068115
-0.0679558
-0.0630398
-0.0577928
-0.0578962
-0.0526142
-0.0830109
-0.0836603
-0.0806928
-0.0837477
-0.0832112
-0.0802839
-0.0770863
-0.0766902
-0.0725427
-0.0855315
-0.0865192
-0.0872655
-0.0868518
-0.0865134
-0.0870638
-0.0871957
-0.0866735
-0.0853694
-0.0737036
-0.0747634
-0.0787945
-0.0754223
-0.0757383
-0.0795332
-0.0827039
-0.0826753
-0.0850332
-0.0553172
-0.0560826
-0.0607501
-0.0567981
-0.057493
-0.0621477
-0.0662735
-0.0668597
-0.0714531
