FiniteElementSpace
FiniteElementCollection: L2_2D_P3
VDim: 1
Ordering: 0

0.000720503
0.000316465
0.000262069
0.000297829
0.000357689
0.000213332
0.000237184
0.000333306
0.000169508
0.000141686
0.000205082
0.000316086
0.000138204
0.000130692
0.000178895
0.000257405
0.00038883
0.000399503
0.000413679
0.000424731
0.00038812
0.000396675
0.000408056
0.000416942
0.000388977
0.000394583
0.000402103
0.000408013
0.000390911
0.000394116
0.000398509
0.000402028
0.000541564
0.000551568
0.000564845
0.000575194
0.000512084
0.000519922
0.000530353
0.000538505
0.000474949
0.00048013
0.00048708
0.000492555
0.000447484
0.000450759
0.000455222
0.000458791
0.000688508
0.000694841
0.000703437
0.00071028
0.000622306
0.000626408
0.000632078
0.000636666
0.000541837
0.000543355
0.000545646
0.000547637
0.000484599
0.000484376
0.000484401
0.000484656
0.000719246
0.000712104
0.000703296
0.000696928
0.000628671
0.000621478
0.000612582
0.00060613
0.000521124
0.00051398
0.000505129
0.000498697
0.000446584
0.000439556
0.00043085
0.000424524
0.000527466
0.000507455
0.000482221
0.000463541
0.000454041
0.000436745
0.000414973
0.000398891
0.00036805
0.000353992
0.000336356
0.000323379
0.000309359
0.000297556
0.000282806
0.000272001
0.00022407
0.000206209
0.000184083
0.00016803
0.000195637
0.000180454
0.00016168
0.000148085
0.000162434
0.00015038
0.000135524
0.000124807
0.000139856
0.000129929
0.000117741
0.000108988
3.37703e-05
2.79762e-05
2.12573e-05
1.67509e-05
3.2408e-05
2.71607e-05
2.10537e-05
1.69347e-05
3.05627e-05
2.59572e-05
2.05806e-05
1.69353e-05
2.90995e-05
2.49241e-05
2.00462e-05
1.67331e-05
0.000248022
0.000269636
0.000299688
0.000324027
0.000287329
0.000302481
0.000323533
0.000340492
0.000332829
0.000341161
0.000352761
0.00036211
0.000361834
0.000366618
0.00037317
0.000378456
0.000411898
0.000413731
0.000416329
0.000418195
0.00041296
0.000412869
0.000412979
0.000413078
0.000411469
0.0004084
0.000404571
0.000401674
0.000408276
0.000402528
0.000395146
0.000389488
7.73147e-05
8.43648e-05
0.000153826
0.000240583
8.658e-05
9.34178e-05
0.000167495
0.000260445
0.000129105
0.000124654
0.000195601
0.000290871
0.000188726
0.000165128
0.00022548
0.000317734
0.000466515
0.000475899
0.00048832
0.000497977
0.000451431
0.000459119
0.000469311
0.000477246
0.000432464
0.000437918
0.000445183
0.000450867
0.00041843
0.00042216
0.000427176
0.000431139
0.000354554
0.000351627
0.000347979
0.000345317
0.000339184
0.000334952
0.000329612
0.000325661
0.000319279
0.000313486
0.000306134
0.00030066
0.000304168
0.000297286
0.00028854
0.000282019
0.000384543
0.000379562
0.000373237
0.000368521
0.000377528
0.000371597
0.000364018
0.000358334
0.00036626
0.000359495
0.000350823
0.000344299
0.000356068
0.000348971
0.00033987
0.000333017
0.000619734
0.000629088
0.000641571
0.000651352
0.000572456
0.00057938
0.000588673
0.000595994
0.000514027
0.000518061
0.000523572
0.000527986
0.000471701
0.000473731
0.00047663
0.000479041
0.000304723
0.000300281
0.000294781
0.000290787
0.000270241
0.000264776
0.000257962
0.000252979
0.000227933
0.000221361
0.000213145
0.000207119
0.000197632
0.000190393
0.00018135
0.000174723
0.000332405
0.000328868
0.000324479
0.00032129
0.000307077
0.000302277
0.000296261
0.000291841
0.000275271
0.000268985
0.00026107
0.000255223
0.000251878
0.00024458
0.000235384
0.000228586
0.000728339
0.00072891
0.000730056
0.00073124
0.000646116
0.000645272
0.00064456
0.000644308
0.000547483
0.000545066
0.000542295
0.000540457
0.000478338
0.000474913
0.000470829
0.000467986
0.000231564
0.000225922
0.000218948
0.000213886
0.000186785
0.00018109
0.000174051
0.000168939
0.000134959
0.000129418
0.000122581
0.000117627
0.00010051
9.52641e-05
8.88171e-05
8.41652e-05
0.000270637
0.000265435
0.000259
0.000254328
0.000229247
0.000223443
0.00021624
0.000210992
0.000179838
0.000173512
0.000165659
0.000159935
0.000145625
0.000139109
0.00013104
0.000125173
0.000650287
0.000635474
0.000616817
0.000603022
0.000562561
0.000549249
0.000532508
0.00052015
0.000459217
0.000447762
0.000433395
0.000422823
0.000388217
0.000378102
0.000365458
0.000356187
0.000150321
0.000145201
0.000138918
0.000134405
0.000111153
0.00010698
0.00010189
9.82567e-05
6.83675e-05
6.53389e-05
6.16772e-05
5.90914e-05
4.22474e-05
4.00182e-05
3.73501e-05
3.54881e-05
0.000190245
0.000184629
0.000177703
0.00017269
0.000146288
0.000141181
0.000134897
0.000130359
9.69827e-05
9.26295e-05
8.72958e-05
8.34614e-05
6.56421e-05
6.19378e-05
5.74245e-05
5.41986e-05
0.000374403
0.000353353
0.000326958
0.000307545
0.000322927
0.00030502
0.00028261
0.000266163
0.000262854
0.000248643
0.000230922
0.00021797
0.000222017
0.000210342
0.000195842
0.000185294
8.5554e-05
8.18917e-05
7.7504e-05
7.44508e-05
6.27904e-05
6.03154e-05
5.74089e-05
5.5439e-05
3.8181e-05
3.69394e-05
3.55647e-05
3.47096e-05
2.33821e-05
2.28315e-05
2.23089e-05
2.20695e-05
0.000115
0.000110634
0.000105332
0.000101576
8.34394e-05
8.02519e-05
7.6425e-05
7.37544e-05
4.9463e-05
4.75602e-05
4.53317e-05
4.3827e-05
2.91904e-05
2.80671e-05
2.67999e-05
2.59893e-05
0.000105685
9.36988e-05
7.91735e-05
6.88957e-05
9.5021e-05
8.46621e-05
7.2119e-05
6.32495e-05
8.24074e-05
7.39449e-05
6.37187e-05
5.65018e-05
7.37121e-05
6.65317e-05
5.78771e-05
5.17854e-05
3.92552e-05
3.63639e-05
3.29515e-05
3.06039e-05
3.18414e-05
2.96981e-05
2.71992e-05
2.55044e-05
2.32834e-05
2.19658e-05
2.04771e-05
1.95059e-05
1.75963e-05
1.67921e-05
1.5934e-05
1.54165e-05
6.09556e-05
5.77548e-05
5.39614e-05
5.13508e-05
4.6624e-05
4.4447e-05
4.19218e-05
4.02316e-05
3.07311e-05
2.96242e-05
2.84234e-05
2.76936e-05
2.07749e-05
2.02757e-05
1.98265e-05
1.96413e-05
4.49811e-06
3.066e-06
1.62011e-06
8.3344e-07
5.17834e-06
3.6775e-06
2.11335e-06
1.21202e-06
5.794e-06
4.23609e-06
2.58002e-06
1.5929e-06
6.02718e-06
4.44157e-06
2.75522e-06
1.74875e-06
4.97062e-06
3.62064e-06
2.20073e-06
1.36339e-06
4.50502e-06
3.28307e-06
1.99647e-06
1.23713e-06
4.00528e-06
2.92557e-06
1.78589e-06
1.11161e-06
3.69922e-06
2.70993e-06
1.66403e-06
1.04414e-06
1.98266e-05
1.74145e-05
1.45991e-05
1.26807e-05
1.71091e-05
1.51152e-05
1.27944e-05
1.12166e-05
1.38704e-05
1.23747e-05
1.06445e-05
9.47445e-06
1.16178e-05
1.04665e-05
9.14646e-06
8.26188e-06
0.000211449
0.000215347
0.000223326
0.000230588
0.000250491
0.000257372
0.000266932
0.000274777
0.000280543
0.00029281
0.000311781
0.000327578
0.000277636
0.000300775
0.000334481
0.000361652
0.000275754
0.000297992
0.00033874
0.00037336
0.000260728
0.000292562
0.00034398
0.000387335
0.000255034
0.000292332
0.000351341
0.00040126
0.000261721
0.00029781
0.000357498
0.00040839
0.000120918
0.000105171
0.000161235
0.000244913
8.74882e-05
8.55572e-05
0.000151799
0.000240505
6.91627e-05
7.56158e-05
0.00014688
0.000236818
7.35703e-05
7.96606e-05
0.000148703
0.000235533
0.000430048
0.000439393
0.000451761
0.000461376
0.000421278
0.000429014
0.000439266
0.000447247
0.000410986
0.000416468
0.000423772
0.000429486
0.000403911
0.000407554
0.000412462
0.000416342
0.000400219
0.000402843
0.000406426
0.000409293
0.000392422
0.000393275
0.000394535
0.000395612
0.000381233
0.000380009
0.000378555
0.000377554
0.000371898
0.000369258
0.000365965
0.000363561
0.000392171
0.000394044
0.000396712
0.000398915
0.00039265
0.000392338
0.000392121
0.000392092
0.000390701
0.000387943
0.00038452
0.000382027
0.000387253
0.000382933
0.000377481
0.000373441
0.000580819
0.00059074
0.000603936
0.000614243
0.000542772
0.000550351
0.00056047
0.000568404
0.000495301
0.000500055
0.000506477
0.000511567
0.000460554
0.000463321
0.000467149
0.000470251
0.000442376
0.000444163
0.00044671
0.000448829
0.000408713
0.000408792
0.000409112
0.000409523
0.000366579
0.000364642
0.000362344
0.00036076
0.000335666
0.000332347
0.000328267
0.000325331
0.000432966
0.000435287
0.000438503
0.000441112
0.000405822
0.000406456
0.000407469
0.00040839
0.000371471
0.000370074
0.000368448
0.000367356
0.000345965
0.000343143
0.000339678
0.000337189
0.000713384
0.00071716
0.000722451
0.000726785
0.000638508
0.000640382
0.000643178
0.000645588
0.000548132
0.000547837
0.000547798
0.000548027
0.00048434
0.000482612
0.000480708
0.000479508
0.000452085
0.000449698
0.000446931
0.000445069
0.00039429
0.000390841
0.000386692
0.000383772
0.000324812
0.000320247
0.000314651
0.000310625
0.000276118
0.000270902
0.000264467
0.000259806
0.000455445
0.000454403
0.000453358
0.000452792
0.000402812
0.000400417
0.000397609
0.000395694
0.000338943
0.000335064
0.000330333
0.00032695
0.000293688
0.000288886
0.000282968
0.000278685
0.000692325
0.000681188
0.000667239
0.000656987
0.000601664
0.000591259
0.000578237
0.000568672
0.000494467
0.000485029
0.000473236
0.00046459
0.000420517
0.000411819
0.000400978
0.00039305
0.000383914
0.000375616
0.000365285
0.000357739
0.000319798
0.000312252
0.000302881
0.000296054
0.000244998
0.000238433
0.000230309
0.000224416
0.000194442
0.000188624
0.00018145
0.000176265
0.000409538
0.000402611
0.00039403
0.000387794
0.000344361
0.000337689
0.000329428
0.000323427
0.000267853
0.000261603
0.000253876
0.000248271
0.000215746
0.000209889
0.000202658
0.000197421
0.000452726
0.000431629
0.000405081
0.000385476
0.000389695
0.000371641
0.000348966
0.000332257
0.000316032
0.000301579
0.000283489
0.000270213
0.000265875
0.000253908
0.000238989
0.00022809
0.000241197
0.000230444
0.000217065
0.000207316
0.000198134
0.000189446
0.000178688
0.000170891
0.000148539
0.00014223
0.000134486
0.000128933
0.000115544
0.000110816
0.000105072
0.000101007
0.000280496
0.000269802
0.000256465
0.000246717
0.000230213
0.000221424
0.00021051
0.000202574
0.000172241
0.00016567
0.000157576
0.000151745
0.000133624
0.000128549
0.000122353
0.000117937
0.000159547
0.000144429
0.000125875
0.000112555
0.000140958
0.000128034
0.000112196
0.000100843
0.000119171
0.000108805
9.6139e-05
8.70888e-05
0.000104301
9.56688e-05
8.5157e-05
7.76745e-05
9.67496e-05
8.89656e-05
7.95012e-05
7.27755e-05
8.2936e-05
7.66071e-05
6.89411e-05
6.3517e-05
6.67066e-05
6.20399e-05
5.64315e-05
5.2499e-05
5.56367e-05
5.20649e-05
4.78142e-05
4.48678e-05
0.000128566
0.000119674
0.000108776
0.000100967
0.000108351
0.000101217
9.25137e-05
8.63091e-05
8.48387e-05
7.97067e-05
7.35031e-05
6.91285e-05
6.89972e-05
6.51774e-05
6.06136e-05
5.74408e-05
1.46894e-05
1.14026e-05
7.75675e-06
5.45272e-06
1.50258e-05
1.19026e-05
8.40016e-06
6.14869e-06
1.51732e-05
1.22515e-05
8.94452e-06
6.78765e-06
1.5055e-05
1.22683e-05
9.10625e-06
7.03513e-06
1.4823e-05
1.21184e-05
9.03913e-06
7.01255e-06
1.40916e-05
1.15741e-05
8.70327e-06
6.8081e-06
1.30353e-05
1.07553e-05
8.15447e-06
6.43477e-06
1.21553e-05
1.00524e-05
7.65529e-06
6.07033e-06
2.81574e-05
2.42102e-05
1.95925e-05
1.6449e-05
2.60084e-05
2.24985e-05
1.83897e-05
1.5588e-05
2.32346e-05
2.0248e-05
1.67531e-05
1.43683e-05
2.11416e-05
1.85202e-05
1.54564e-05
1.33666e-05
0.00033272
0.000347219
0.000366737
0.000382121
0.000346306
0.000357063
0.000371564
0.000382998
0.000364645
0.000370863
0.00037934
0.000386083
0.000379014
0.00038203
0.000386294
0.000389786
0.000386601
0.00038796
0.000390068
0.000391907
0.000397592
0.000396195
0.000394654
0.000393664
0.000407626
0.000403036
0.000397294
0.000393071
0.000411956
0.000405252
0.000396752
0.000390423
0.000372017
0.0003766
0.000382602
0.000387136
0.00038576
0.000390088
0.000395872
0.000400313
0.000400989
0.000404425
0.000409135
0.00041275
0.000410403
0.000412773
0.000416076
0.000418478
0.000411372
0.000404187
0.000394964
0.000388014
0.00040612
0.00039853
0.000388768
0.000381396
0.000395356
0.000387709
0.000377866
0.000370425
0.000384177
0.00037685
0.000367417
0.000360283
0.000377521
0.000370418
0.00036128
0.000354376
0.00036525
0.000358777
0.000350439
0.000344121
0.000349026
0.000344017
0.00033756
0.000332654
0.000336435
0.000333013
0.00032861
0.000325264
0.000402943
0.000396745
0.000388622
0.000382407
0.000382539
0.000378524
0.000373391
0.000369449
0.00034611
0.000347701
0.00035001
0.0003518
0.000311438
0.000319167
0.000329562
0.000337682
0.000265724
0.000301246
0.000360346
0.000410895
0.000276838
0.000312078
0.000368991
0.000417618
0.000310997
0.000336595
0.00038193
0.000421347
0.00035339
0.000363486
0.000393082
0.000420478
0.000362796
0.000374007
0.000394682
0.000412993
0.000388175
0.000384513
0.00038413
0.000385653
0.000380938
0.000367613
0.000351321
0.000339536
0.000354904
0.00033492
0.000313519
0.000298724
0.000219405
0.000215438
0.000266283
0.000348113
0.000269648
0.000234417
0.000317011
0.00046066
0.000593112
0.000365882
0.000399392
0.000536869
0.00125661
0.000566023
0.000474505
0.000532252
0.000503297
0.000513049
0.000525971
0.000536028
0.000481483
0.000489303
0.000499684
0.00050778
0.000453827
0.000459214
0.000466407
0.000472051
0.000433221
0.000436814
0.000441666
0.000445515
0.000422222
0.000424897
0.00042855
0.000431478
0.000401415
0.00040245
0.000403961
0.000405245
0.000374739
0.000373774
0.000372683
0.00037198
0.000354659
0.000352268
0.000349333
0.000347229
0.000410908
0.000413726
0.000417552
0.000420601
0.000396363
0.000397554
0.000399252
0.000400666
0.000377265
0.000376479
0.000375602
0.000375046
0.000362543
0.000360352
0.000357653
0.000355712
0.000343881
0.000340756
0.000336873
0.00033405
0.00032353
0.000319093
0.000313517
0.000309408
0.000297672
0.000291661
0.000284062
0.000278429
0.000278415
0.000271301
0.000262299
0.000255617
0.000268186
0.000260507
0.000250789
0.000243575
0.000249362
0.000240673
0.000229674
0.000221507
0.000226264
0.000216377
0.000203881
0.000194614
0.000209724
0.000199015
0.000185506
0.000175508
0.000296064
0.000288615
0.000279148
0.000272087
0.000281196
0.000272688
0.00026187
0.000253799
0.000263069
0.000253232
0.000240735
0.000231417
0.000250175
0.000239361
0.00022564
0.000215424
0.000366633
0.000363277
0.000359056
0.000355945
0.000355901
0.00035134
0.00034555
0.000341238
0.000341238
0.000335329
0.000327791
0.00032215
0.00032954
0.000322765
0.000314113
0.000307628
0.000323179
0.000315953
0.000306724
0.000299808
0.00031181
0.000303668
0.000293268
0.000285473
0.000298424
0.000289048
0.000277079
0.00026811
0.000289275
0.000278925
0.000265722
0.000255838
0.000350287
0.000343071
0.00033381
0.000326834
0.000340353
0.00033281
0.000323125
0.000315827
0.000329101
0.000321096
0.000310817
0.000303068
0.000321762
0.000313376
0.000302609
0.000294492
0.000656412
0.000664597
0.000675581
0.000684234
0.000599595
0.000605378
0.000613212
0.000619436
0.000529988
0.000532952
0.000537098
0.000540488
0.000480046
0.000481083
0.000482718
0.000484183
0.0004544
0.000454515
0.000454946
0.000455486
0.000407729
0.000406288
0.000404692
0.000403682
0.000350528
0.000347333
0.000343461
0.000340716
0.000309533
0.000305202
0.000299868
0.000296016
0.000449771
0.000450828
0.000452455
0.00045389
0.000409522
0.000408909
0.00040836
0.000408128
0.000359679
0.000357136
0.000354084
0.000351944
0.000323537
0.000319708
0.000314996
0.000311598
0.000288422
0.000283572
0.000277569
0.00027321
0.000250118
0.000244433
0.000237364
0.000232203
0.000203736
0.000197217
0.000189096
0.000183159
0.000171041
0.000164083
0.00015543
0.000149114
0.000154424
0.000147306
0.000138467
0.000132028
0.000124989
0.000117711
0.000108708
0.000102177
9.08965e-05
8.36893e-05
7.48532e-05
6.85076e-05
6.82801e-05
6.13574e-05
5.29633e-05
4.70112e-05
0.000182021
0.000174487
0.000165087
0.000158205
0.000153994
0.000146031
0.000136117
0.000128879
0.000120783
0.000112508
0.000102269
9.48408e-05
9.80448e-05
8.97343e-05
7.95215e-05
7.21721e-05
0.0003194
0.000315405
0.000310453
0.000306857
0.000289303
0.000284141
0.000277689
0.000272959
0.000251928
0.000245439
0.000237298
0.000231307
0.000224781
0.00021743
0.000208208
0.00020142
0.000210633
0.00020287
0.000193137
0.000185977
0.000184956
0.000176522
0.000165958
0.000158198
0.000154006
0.000144908
0.000133555
0.000125249
0.00013234
0.0001229
0.000111176
0.000102641
0.000239565
0.000231761
0.00022193
0.000214665
0.000217027
0.000208353
0.000197429
0.000189359
0.000189533
0.000179894
0.000167783
0.000158858
0.000169993
0.000159748
0.000146914
0.000137486
0.00073092
0.000727777
0.000724125
0.000721666
0.000643286
0.000639357
0.000634666
0.000631397
0.000538731
0.000533984
0.000528213
0.000524107
0.000465878
0.000460649
0.00045425
0.00044966
0.000429491
0.000424074
0.000417426
0.000412642
0.000365132
0.00035948
0.000352519
0.000347491
0.000289046
0.000283256
0.000276111
0.000270934
0.000236774
0.000231009
0.00022389
0.000218729
0.000443604
0.000439733
0.000435064
0.00043177
0.000381792
0.000377237
0.000371678
0.0003677
0.000308132
0.000302917
0.000296498
0.000291861
0.000257039
0.000251493
0.000244647
0.000239684
0.000210967
0.000205275
0.000198245
0.000193147
0.000166064
0.000160607
0.000153875
0.000148999
0.000114914
0.000109931
0.000103801
9.93743e-05
8.16633e-05
7.71746e-05
7.16803e-05
6.77319e-05
6.60416e-05
6.18763e-05
5.67982e-05
5.31644e-05
4.07077e-05
3.72535e-05
3.3091e-05
3.01499e-05
1.63107e-05
1.39867e-05
1.12895e-05
9.46474e-06
4.82445e-06
3.53859e-06
2.19572e-06
1.40944e-06
8.39489e-05
7.89353e-05
7.27964e-05
6.83835e-05
5.63367e-05
5.18952e-05
4.65091e-05
4.26789e-05
2.79664e-05
2.45333e-05
2.04806e-05
1.76869e-05
1.25754e-05
1.01359e-05
7.40297e-06
5.63905e-06
0.000251584
0.00024611
0.000239342
0.000234428
0.000207996
0.000202186
0.00019499
0.000189755
0.000156748
0.000150753
0.000143333
0.000137941
0.000121953
0.000116019
0.000108698
0.000103396
0.000104869
9.90497e-05
9.18919e-05
8.67245e-05
7.56975e-05
7.0244e-05
6.35874e-05
5.88227e-05
4.41677e-05
3.94851e-05
3.38768e-05
2.9949e-05
2.53943e-05
2.15476e-05
1.70741e-05
1.40507e-05
0.000128512
0.000121976
0.0001139
0.000108044
9.86974e-05
9.22753e-05
8.4384e-05
7.86978e-05
6.5186e-05
5.92096e-05
5.19616e-05
4.68165e-05
4.39231e-05
3.85347e-05
3.21144e-05
2.76508e-05
0.000594488
0.000576631
0.000554101
0.000537412
0.000512629
0.000496955
0.000477214
0.00046262
0.000416503
0.000403467
0.0003871
0.000375045
0.000350696
0.000339522
0.000325543
0.00031529
0.0003183
0.000308053
0.000295259
0.000285894
0.000261846
0.000253213
0.000242478
0.000234656
0.000196584
0.000189867
0.000181571
0.000175573
0.00015297
0.000147573
0.000140955
0.00013621
0.000353187
0.000343756
0.000331985
0.00032337
0.000292025
0.000283812
0.000273599
0.000266151
0.000221038
0.000214317
0.000206004
0.000199979
0.000173363
0.000167707
0.000160748
0.000155735
0.000131947
0.000127192
0.000121381
0.000117234
9.63281e-05
9.26639e-05
8.82241e-05
8.50864e-05
5.77777e-05
5.53569e-05
5.24669e-05
5.04615e-05
3.45834e-05
3.29676e-05
3.10731e-05
2.9789e-05
2.45256e-05
2.32747e-05
2.18254e-05
2.08588e-05
1.00141e-05
9.34611e-06
8.59332e-06
8.11045e-06
5.81156e-07
4.68614e-07
3.64551e-07
3.19323e-07
1.30572e-06
1.44561e-06
1.6195e-06
1.74692e-06
3.07719e-05
2.89369e-05
2.67547e-05
2.52433e-05
1.38213e-05
1.26766e-05
1.1337e-05
1.04258e-05
1.59455e-06
1.25095e-06
8.85347e-07
6.65399e-07
5.07632e-07
6.941e-07
9.70693e-07
1.20446e-06
0.000169877
0.00016446
0.000157791
0.000152979
0.000127873
0.000123206
0.000117483
0.00011337
8.14255e-05
7.77382e-05
7.32442e-05
7.00356e-05
5.25276e-05
4.95903e-05
4.60352e-05
4.35159e-05
3.95777e-05
3.70426e-05
3.39895e-05
3.18371e-05
1.98595e-05
1.80865e-05
1.59806e-05
1.4518e-05
3.98895e-06
3.22218e-06
2.37199e-06
1.82761e-06
7.63227e-08
9.19399e-08
2.23349e-07
4.01011e-07
5.12675e-05
4.79433e-05
4.39109e-05
4.10419e-05
2.86632e-05
2.61127e-05
2.30589e-05
2.09164e-05
8.5938e-06
7.16946e-06
5.54928e-06
4.47828e-06
1.08607e-06
6.24577e-07
2.38748e-07
9.71492e-08
0.000296825
0.000276906
0.000252058
0.000233887
0.000257176
0.00024027
0.000219219
0.000203858
0.000210925
0.000197546
0.000180947
0.000168883
0.000179504
0.000168533
0.000154976
0.000145169
0.000163931
0.000154129
0.000142042
0.000133319
0.000136415
0.000128594
0.000118994
0.000112106
0.000104605
9.90386e-05
9.22722e-05
8.74732e-05
8.33341e-05
7.92454e-05
7.43362e-05
7.09071e-05
0.000201878
0.000191436
0.000178494
0.000169103
0.00016658
0.000158227
0.000147924
0.00014049
0.000125898
0.000119933
0.000112644
0.000107446
9.88021e-05
9.4409e-05
8.91043e-05
8.53758e-05
7.27752e-05
6.93753e-05
6.53275e-05
6.25305e-05
5.43559e-05
5.20792e-05
4.94285e-05
4.76499e-05
3.42384e-05
3.31241e-05
3.19151e-05
3.11846e-05
2.19351e-05
2.14683e-05
2.10593e-05
2.09078e-05
1.62287e-05
1.60086e-05
1.59008e-05
1.59644e-05
7.50251e-06
7.58198e-06
7.81969e-06
8.11269e-06
1.14229e-06
1.26049e-06
1.50951e-06
1.78035e-06
4.07212e-07
2.61253e-07
1.53183e-07
1.40155e-07
1.67613e-05
1.64712e-05
1.62644e-05
1.62483e-05
7.01438e-06
7.03801e-06
7.18793e-06
7.40413e-06
6.56421e-07
7.23267e-07
8.79116e-07
1.05982e-06
1.05705e-06
8.49721e-07
6.24776e-07
4.94812e-07
9.95611e-05
9.55711e-05
9.07569e-05
8.73778e-05
7.2355e-05
6.9573e-05
6.62694e-05
6.39979e-05
4.30826e-05
4.15782e-05
3.98624e-05
3.87477e-05
2.5625e-05
2.48579e-05
2.40507e-05
2.35916e-05
1.7999e-05
1.75201e-05
1.7061e-05
1.68471e-05
7.04268e-06
6.93568e-06
6.90235e-06
6.96807e-06
3.83513e-07
4.15935e-07
5.01741e-07
6.09003e-07
1.6418e-06
1.48956e-06
1.29904e-06
1.16607e-06
2.04242e-05
1.96266e-05
1.87539e-05
1.82223e-05
7.91143e-06
7.58175e-06
7.25555e-06
7.09255e-06
3.08013e-07
2.98284e-07
3.17086e-07
3.61376e-07
1.77034e-06
1.76039e-06
1.73295e-06
1.70534e-06
6.3744e-05
5.49648e-05
4.45123e-05
3.72694e-05
5.88142e-05
5.10895e-05
4.18869e-05
3.5502e-05
5.2834e-05
4.63396e-05
3.86045e-05
3.3235e-05
4.85951e-05
4.29297e-05
3.61901e-05
3.15154e-05
4.62535e-05
4.10075e-05
3.47666e-05
3.0436e-05
4.15359e-05
3.70449e-05
3.17083e-05
2.80079e-05
3.57466e-05
3.21373e-05
2.78611e-05
2.49035e-05
3.15985e-05
2.85864e-05
2.50314e-05
2.25814e-05
6.91722e-05
6.26264e-05
5.47436e-05
4.91999e-05
6.05717e-05
5.51329e-05
4.86011e-05
4.40203e-05
5.03009e-05
4.61369e-05
4.11644e-05
3.76987e-05
4.31603e-05
3.9845e-05
3.59134e-05
3.3194e-05
2.9192e-05
2.64948e-05
2.332e-05
2.11382e-05
2.44312e-05
2.23195e-05
1.98512e-05
1.8167e-05
1.8826e-05
1.73857e-05
1.5729e-05
1.46185e-05
1.49971e-05
1.39978e-05
1.28769e-05
1.21475e-05
1.28403e-05
1.207e-05
1.12297e-05
1.07027e-05
8.96901e-06
8.60607e-06
8.25133e-06
8.06272e-06
5.07638e-06
5.11459e-06
5.24133e-06
5.39271e-06
2.9878e-06
3.23508e-06
3.61689e-06
3.95292e-06
1.45482e-05
1.39888e-05
1.34331e-05
1.31351e-05
9.24464e-06
9.08635e-06
9.01273e-06
9.05393e-06
4.11488e-06
4.29122e-06
4.61981e-06
4.94516e-06
1.59847e-06
1.88178e-06
2.34009e-06
2.75923e-06
4.98382e-05
4.67945e-05
4.31967e-05
4.07231e-05
3.92089e-05
3.70617e-05
3.4568e-05
3.28906e-05
2.71945e-05
2.60056e-05
2.46929e-05
2.38682e-05
1.94483e-05
1.88255e-05
1.82118e-05
1.78929e-05
1.55013e-05
1.51254e-05
1.48171e-05
1.47198e-05
8.9008e-06
8.88975e-06
9.01836e-06
9.22667e-06
2.95087e-06
3.16336e-06
3.55309e-06
3.93933e-06
5.34352e-07
7.12695e-07
1.0525e-06
1.39733e-06
1.5946e-05
1.56912e-05
1.55428e-05
1.55747e-05
8.22363e-06
8.29166e-06
8.52388e-06
8.81638e-06
1.90794e-06
2.08622e-06
2.43024e-06
2.78397e-06
1.35692e-07
1.41547e-07
2.54489e-07
4.2649e-07
5.84275e-07
2.66091e-07
3.06802e-08
1.40705e-08
8.85549e-07
4.10802e-07
6.50708e-08
2.93611e-08
1.19706e-06
5.66099e-07
1.10651e-07
5.52182e-08
1.30843e-06
6.22522e-07
1.27366e-07
6.7198e-08
1.27079e-06
5.99339e-07
1.3345e-07
8.16443e-08
1.21242e-06
5.75316e-07
1.25995e-07
6.36542e-08
1.11715e-06
5.32701e-07
1.16505e-07
5.11537e-08
1.02965e-06
4.90111e-07
1.07593e-07
4.83681e-08
6.00686e-06
4.41913e-06
2.72517e-06
1.71139e-06
5.83865e-06
4.28727e-06
2.63619e-06
1.65046e-06
5.51714e-06
4.0365e-06
2.46904e-06
1.53839e-06
5.19645e-06
3.78762e-06
2.30387e-06
1.42791e-06
9.80705e-07
4.67209e-07
1.0305e-07
4.64398e-08
8.83589e-07
4.2161e-07
9.64337e-08
4.95804e-08
7.79771e-07
3.75036e-07
9.46848e-08
6.192e-08
7.16407e-07
3.49407e-07
9.95182e-08
7.87365e-08
7.4317e-07
3.76898e-07
9.9602e-08
5.98261e-08
7.91854e-07
4.05797e-07
1.09839e-07
5.66288e-08
1.08934e-06
5.9063e-07
1.71603e-07
4.91616e-08
1.5537e-06
8.74781e-07
2.72334e-07
5.42737e-08
3.53314e-06
2.61367e-06
1.64793e-06
1.07881e-06
3.23729e-06
2.4604e-06
1.62372e-06
1.11002e-06
3.19014e-06
2.55226e-06
1.84155e-06
1.3841e-06
3.42727e-06
2.87121e-06
2.23382e-06
1.80947e-06
1.15472e-05
9.56251e-06
7.30267e-06
5.80983e-06
1.02513e-05
8.52441e-06
6.55903e-06
5.25999e-06
8.7249e-06
7.31321e-06
5.70723e-06
4.64467e-06
7.67365e-06
6.48649e-06
5.1379e-06
4.24633e-06
7.02859e-06
5.98103e-06
4.79819e-06
4.02156e-06
5.85102e-06
5.08083e-06
4.20263e-06
3.61664e-06
4.80322e-06
4.33699e-06
3.79893e-06
3.43364e-06
4.37091e-06
4.10349e-06
3.79228e-06
3.57922e-06
1.02869e-05
9.32936e-06
8.24346e-06
7.52506e-06
7.85324e-06
7.26288e-06
6.60417e-06
6.175e-06
5.42009e-06
5.22315e-06
5.02755e-06
4.91831e-06
4.11665e-06
4.16226e-06
4.25692e-06
4.3533e-06
