FiniteElementSpace
FiniteElementCollection: H1_2D_P2
VDim: 2
Ordering: 0

0
1.02344
2.05526
3.09218
4.1315
5.16598
6.18717
7.19172
8.18373
0
1.02668
2.04969
3.06373
4.06739
5.06207
6.05202
7.04179
8.03178
0.510424
1.02496
0.513496
0
1.53867
2.05267
1.53913
2.57315
3.07836
2.55797
3.6119
4.10015
3.56685
4.64992
5.11497
4.56564
5.67862
6.12051
5.55731
6.69144
7.11748
6.54675
7.68879
8.10837
7.53701
0.51018
1.53903
2.56585
3.58991
4.60863
5.61893
6.61991
7.61356
0.255182
0.510234
0.253576
0
1.28087
1.53915
1.28206
1.02447
2.31405
2.56985
2.30933
2.0543
3.352
3.60123
3.33427
3.08563
4.39093
4.62945
4.35463
4.11609
5.42278
5.64875
5.36725
5.14054
6.43983
6.65554
6.37046
6.15374
7.4406
7.65123
7.36568
7.15452
0.766519
0.767638
1.0256
0.770031
0.511237
0.257035
0
1.7968
1.7959
2.05094
1.79467
1.53886
1.2831
2.83255
2.8222
3.07088
2.81118
2.56169
2.30413
3.87177
3.84522
4.08386
3.81743
3.57832
3.31562
4.90831
4.86208
5.08893
4.81405
4.58739
4.31678
5.93343
5.87001
6.08683
5.80469
5.58864
5.3098
6.94204
6.8689
7.08007
6.79423
6.58387
6.29936
7.93643
8.14627
7.86111
8.07017
7.78451
7.57555
7.2894
0.253691
1.28175
2.31203
3.34348
4.373
5.39503
6.40502
7.40312
0.767291
0.768552
0.254121
1.79666
1.79505
1.28237
2.82773
2.81649
2.3065
3.8588
3.83134
3.32483
4.88532
4.8384
4.33587
5.90165
5.8379
5.339
6.90536
6.83206
6.33547
7.89893
7.82298
7.3279
0.127307
0.254208
0.12628
0
1.1521
1.28142
1.1531
1.02408
2.18461
2.31316
2.18315
2.05489
3.22207
3.34785
3.21456
3.08903
4.26126
4.38203
4.2446
4.12387
5.29449
5.40888
5.26788
5.15326
6.31364
6.42235
6.27948
6.17039
7.31626
7.42183
7.27889
7.17307
0.638336
0.767034
0.638742
0.51039
0.638899
0.768
0.639923
0.510569
0.126251
0.253776
0.126448
0
1.66769
1.79684
1.66789
1.53902
1.66748
1.79546
1.66699
1.53892
1.15353
1.28218
1.15402
1.02523
2.70282
2.83026
2.69879
2.57163
2.69404
2.81933
2.68914
2.56375
2.18102
2.30789
2.17877
2.05179
3.74185
3.86538
3.73004
3.60667
3.71761
3.8383
3.70489
3.58413
3.20635
3.32955
3.19791
3.07461
4.7792
4.89684
4.75746
4.63972
4.73542
4.85031
4.71296
4.59806
4.22745
4.3453
4.20993
4.09203
5.80616
5.91749
5.7753
5.66364
5.74454
5.85405
5.71332
5.60388
5.24119
5.35321
5.21402
5.10203
6.81686
6.92363
6.78053
6.67342
6.74446
6.85056
6.70799
6.60198
6.24555
6.35306
6.21118
6.10377
7.81267
7.91772
7.77512
7.67001
7.73737
7.84209
7.69929
7.59461
7.24163
7.34686
7.20401
7.09885
0.382759
0.381824
0.510128
0.381649
0.253591
0
1.40972
1.41043
1.53913
1.41056
1.28194
1.02472
2.44356
2.44093
2.5679
2.43761
2.31073
2.05353
3.48194
3.47237
3.59563
3.46213
3.33894
3.08205
4.52049
4.50129
4.61908
4.48169
4.36387
4.10817
5.55083
5.52199
5.63386
5.49317
5.38117
5.12779
6.56576
6.53038
6.63774
6.49525
6.38775
6.13714
7.56477
7.52723
7.63242
7.48966
7.38442
7.13601
0.894903
0.895867
0.896329
0.767433
0.897111
1.02608
0.898371
0.769235
0.641713
0.512235
0.382563
0.385344
0.255146
0.128137
0
1.92599
1.92547
1.9243
1.79633
1.92304
2.05022
1.92225
1.79477
1.66696
1.5389
1.41065
1.41117
1.28266
1.15494
2.96234
2.95668
2.9503
2.82502
2.94374
3.06723
2.93754
2.81375
2.68466
2.55974
2.43414
2.43113
2.30522
2.17698
4.00167
3.98748
3.97273
3.85207
3.95766
4.07564
3.94248
3.82437
3.69222
3.57255
3.45164
3.44132
3.32017
3.18976
5.03725
5.01302
4.9886
4.87374
4.96373
5.07563
4.9381
4.82632
4.6899
4.57658
4.46169
4.44127
4.32637
4.19215
6.06044
6.02779
5.99533
5.88585
5.96241
6.06961
5.92836
5.82148
5.68102
5.57314
5.46387
5.43358
5.32455
5.18597
7.06699
7.03001
6.99324
6.88714
6.95608
7.06107
6.918
6.8133
6.67048
6.56548
6.45969
6.42305
6.3176
6.17569
8.06011
8.16506
8.02265
8.12736
7.98478
7.88006
8.08931
7.9466
8.05099
7.90819
7.80379
7.66078
7.55636
7.45175
7.41321
7.30877
7.16559
0.126443
1.15272
2.184
3.21844
4.253
5.28117
6.29649
7.29753
0.63865
0.63929
0.126294
1.6679
1.66721
1.15374
2.70093
2.69158
2.17987
3.73604
3.71127
3.20213
4.76836
4.72425
4.21873
5.79068
5.72903
5.22769
6.79863
6.72631
6.22846
7.79391
7.71838
7.22289
0.38225
0.381649
0.126229
1.41019
1.41053
1.15334
2.44237
2.43932
2.18213
3.47727
3.46731
3.21051
4.51094
4.49154
4.23607
5.53638
5.50761
5.25457
6.548
6.51282
6.26253
7.54598
7.50847
7.26027
0.895514
0.89609
0.638762
0.896649
0.897686
0.640741
0.381966
0.383715
0.126777
1.92584
1.92493
1.66773
1.92365
1.92255
1.66689
1.41058
1.41083
1.15441
2.95963
2.95355
2.69647
2.94701
2.94056
2.68681
2.43585
2.43254
2.17778
3.99466
3.98016
3.72388
3.96522
3.95007
3.69853
3.45689
3.44643
3.19377
5.02514
5.00085
4.74649
4.97624
4.95103
4.70151
4.47174
4.45154
4.20107
6.04405
6.01158
5.75994
5.97896
5.94556
5.69734
5.47861
5.44888
5.20013
7.04844
7.01164
6.76251
6.97474
6.93719
6.6894
6.47756
6.44155
6.19362
8.04143
8.00375
7.75628
7.96573
7.92742
7.6801
7.47077
7.43258
7.18493
0
0.00578682
0.00156723
0.0132397
0.0569504
0.143572
0.269888
0.418798
0.570405
1
0.980833
0.977929
0.991325
1.03649
1.12372
1.25071
1.40226
1.55881
0.00897916
0.493034
0.98446
0.5
0.00262756
0.488065
0.978299
0.00440951
0.499075
0.981602
0.0301603
0.542519
1.00907
0.094709
0.629703
1.07464
0.202601
0.757867
1.18295
0.342872
0.909895
1.32468
0.495215
1.06475
1.48097
0.497096
0.489514
0.490547
0.515789
0.580424
0.689477
0.832293
0.988021
0.00860744
0.253391
0.49886
0.25
0.00404402
0.245845
0.491118
0.24942
0.00237421
0.246879
0.488687
0.244406
0.0205657
0.272045
0.506282
0.255377
0.0744252
0.336519
0.560037
0.29871
0.171915
0.44519
0.658375
0.38565
0.305841
0.587171
0.794503
0.513231
0.457074
0.741607
0.949037
0.664164
0.00761764
0.495082
0.736786
0.982444
0.7406
0.98781
0.75
0.00173111
0.488423
0.73257
0.97773
0.733663
0.979405
0.0079414
0.493918
0.744364
0.985581
0.735442
0.979137
0.0422331
0.52781
0.788399
1.02149
0.761424
0.999079
0.117786
0.603671
0.875697
1.09784
0.826421
1.05419
0.235362
0.722744
1.00371
1.2159
0.935393
1.15215
0.380633
0.870873
1.15597
1.36318
1.07817
1.28708
0.533037
0.817624
1.02663
1.31181
1.5201
1.23452
1.44161
0.253485
0.247457
0.245026
0.262564
0.316186
0.414218
0.549642
0.702969
0.251546
0.738588
0.744012
0.244759
0.732745
0.735086
0.250238
0.739013
0.733382
0.284036
0.773582
0.751754
0.359701
0.84968
0.805993
0.478299
0.968619
0.904335
0.62546
1.11682
1.04035
0.779867
1.27341
1.19529
0.00614149
0.131088
0.252319
0.125
0.00488437
0.125719
0.248407
0.127604
0.00183266
0.123576
0.244578
0.122886
0.0166293
0.141349
0.258699
0.134114
0.0653311
0.19504
0.307093
0.177571
0.15743
0.292827
0.399619
0.264358
0.287707
0.427604
0.531274
0.391391
0.437942
0.580007
0.683571
0.541439
0.00840445
0.129636
0.252544
0.13134
0.496103
0.616806
0.739546
0.618857
0.499522
0.621536
0.746569
0.625
0.00210137
0.123167
0.245224
0.124181
0.488891
0.610501
0.733126
0.611527
0.492049
0.613059
0.735912
0.614879
0.00596901
0.128918
0.248353
0.125496
0.492027
0.616286
0.737022
0.612839
0.488238
0.610904
0.732837
0.610211
0.0358693
0.162886
0.277715
0.150869
0.521474
0.65044
0.767181
0.638364
0.502407
0.628794
0.74779
0.621516
0.105895
0.238481
0.347758
0.215347
0.591695
0.726417
0.837701
0.703155
0.550923
0.682746
0.796845
0.665194
0.218737
0.356635
0.461496
0.323676
0.705859
0.845505
0.951754
0.812232
0.643722
0.781128
0.889701
0.752455
0.361684
0.502974
0.606243
0.464916
0.851506
0.993786
1.09741
0.955141
0.776019
0.917307
1.02186
0.880643
0.514181
0.656477
0.760793
0.61842
1.00738
1.15002
1.25402
1.11126
0.929468
1.07215
1.17563
1.03289
0.00911234
0.253752
0.375285
0.498022
0.376133
0.375
0.00328229
0.246598
0.367621
0.490265
0.369254
0.371224
0.00322008
0.245781
0.368562
0.489445
0.366728
0.366131
0.0250601
0.267003
0.393684
0.510735
0.384207
0.37703
0.0842079
0.325995
0.458212
0.569872
0.437852
0.420359
0.186976
0.429419
0.567127
0.673639
0.53607
0.507435
0.324244
0.568289
0.709633
0.813276
0.671945
0.635393
0.476179
0.722322
0.864803
0.968563
0.825978
0.786983
0.00670468
0.250481
0.494052
0.37335
0.737677
0.858774
0.981625
0.860464
0.983372
0.862409
0.742055
0.985889
0.866001
0.991806
0.875
0.00154275
0.244476
0.488137
0.366509
0.732549
0.855142
0.977721
0.855156
0.977935
0.855922
0.734325
0.978802
0.857205
0.980094
0.0103498
0.252568
0.496257
0.371904
0.74145
0.867629
0.988217
0.862108
0.983388
0.858361
0.73424
0.980198
0.856126
0.978393
0.049246
0.291029
0.534821
0.405677
0.780651
0.912155
1.02866
0.897255
1.01496
0.884983
0.756291
1.00378
0.875176
0.994936
0.130342
0.372338
0.616348
0.481433
0.862352
0.999443
1.11045
0.973478
1.0859
0.95024
0.815853
1.06407
0.929797
1.045
0.252422
0.495558
0.740095
0.600339
0.985953
1.12707
1.23309
1.09208
1.19917
1.05896
0.919577
1.16727
1.028
1.13762
0.399687
0.64478
0.890348
0.748095
1.13635
1.2791
1.38267
1.23996
1.34384
1.20135
1.05913
1.30575
1.16361
1.26872
0.551789
0.694027
0.79881
0.941197
1.04575
0.903244
1.18829
1.29267
1.43531
1.53953
1.39678
1.50058
1.35776
1.21493
1.46131
1.31846
1.42192
0.128945
0.12663
0.123093
0.137459
0.18595
0.278279
0.409337
0.560728
0.130578
0.617809
0.623121
0.123596
0.610936
0.613944
0.127001
0.614356
0.610418
0.156552
0.644079
0.624885
0.226562
0.714434
0.673617
0.339909
0.828617
0.766475
0.483874
0.974384
0.898806
0.637504
1.13069
1.05252
0.131571
0.375885
0.37589
0.124896
0.368385
0.370209
0.124365
0.367474
0.366292
0.145808
0.388645
0.380347
0.204836
0.447674
0.42875
0.307969
0.551312
0.521436
0.446145
0.69067
0.653504
0.599248
0.845425
0.806484
0.128621
0.372282
0.374368
0.615835
0.859607
0.861375
0.620105
0.863904
0.869666
0.122921
0.366214
0.366988
0.610249
0.855041
0.85546
0.612243
0.856513
0.857966
0.131276
0.374227
0.370027
0.618662
0.864631
0.86003
0.611699
0.857071
0.855495
0.169885
0.412674
0.399355
0.657475
0.904369
0.890801
0.63328
0.879784
0.871135
0.251082
0.494095
0.46947
0.739098
0.986127
0.961513
0.692594
0.939668
0.920629
0.373808
0.617657
0.583483
0.862862
1.10936
1.07527
0.796393
1.0432
1.01341
0.522176
0.767506
0.728789
1.0133
1.25948
1.22057
0.9361
1.18235
1.14517
0.67532
0.922283
0.88408
1.16922
1.41612
1.37732
1.09174
1.33813
1.29877
