FiniteElementSpace
FiniteElementCollection: H1_2D_P2
VDim: 2
Ordering: 0

0
-0.000216393
0.000908761
0.00128744
-0.00230624
-0.0132652
-0.0319322
-0.054099
-0.0753746
0
0.00192757
0.00213732
0.00322396
0.00516003
0.00424027
-0.00335428
-0.0180569
-0.0370769
-0.000385133
0.000907589
0.00130983
0
0.000292269
0.0015215
0.00207151
0.00136272
0.00240847
0.00247294
0.000227243
0.00193673
0.00425647
-0.00673122
-0.00378599
0.00535076
-0.0218124
-0.017104
0.00139807
-0.0429346
-0.0358868
-0.00993536
-0.0649424
-0.0562802
-0.0272859
0.000472737
0.0011944
0.00195926
0.00256341
-2.82511e-05
-0.00952737
-0.0260794
-0.0460346
-0.00025466
0.000175629
0.000185684
0
1.0367e-05
0.000756441
0.00105568
0.000423873
0.00117657
0.00159243
0.00172817
0.00117607
0.000911206
0.00136587
0.00254983
0.00178204
-0.00426245
-0.00328252
0.00115447
-0.000153935
-0.017307
-0.0154814
-0.00641
-0.00837263
-0.0373705
-0.0343146
-0.0214515
-0.0243165
-0.0595755
-0.0553863
-0.0409399
-0.0448324
-0.000359379
0.000721883
0.00137016
0.00169562
0.000789184
0.000720519
0
0.000601939
0.00134515
0.00186199
0.00208897
0.00162312
0.00203568
0.00141805
0.00219657
0.00295091
0.00279789
0.00229788
0.00225637
-0.000826077
0.0023828
0.00377115
0.00475862
0.00359479
0.00372494
-0.00973229
-0.00166345
0.000442826
0.00499031
0.00289796
0.00538329
-0.0267151
-0.0131083
-0.0101596
-0.000738765
-0.00390847
0.00305318
-0.0485353
-0.0309141
-0.0270378
-0.0138278
-0.018024
-0.00643023
-0.0702005
-0.0658063
-0.0511553
-0.0466919
-0.0321417
-0.0367055
-0.022565
7.01556e-05
0.000577639
0.00139504
0.00167896
-0.00148956
-0.011685
-0.0292113
-0.0501225
0.000291886
0.00114068
0.00032408
0.000958407
0.00172754
0.00151695
0.00173569
0.00260534
0.00204871
0.000777086
0.00377675
0.00329802
-0.00557066
0.00189449
0.00350238
-0.0197138
-0.00680867
-0.00148797
-0.0395453
-0.0224191
-0.0139167
-0.0606183
-0.0416649
-0.0318181
-0.000118201
-4.49225e-05
2.10722e-05
0
-0.000111845
0.000309369
0.000497845
0.000131756
0.0010496
0.00126255
0.00128671
0.00102663
0.00113324
0.00126689
0.00175272
0.00150355
-0.00322236
-0.00287093
-0.00076787
-0.00123532
-0.0152239
-0.014453
-0.00996629
-0.010784
-0.0346292
-0.0332302
-0.0267326
-0.0280656
-0.0568515
-0.0548003
-0.0474796
-0.049411
-0.00038935
7.44026e-06
0.00023189
-5.43422e-05
0.000606085
0.000921789
0.000982353
0.000617129
6.49667e-05
0.000247695
0.000113372
0
0.000445097
0.000773542
0.000854974
0.000528172
0.00126739
0.00153831
0.00167341
0.00140826
0.000984559
0.00128352
0.00145127
0.00113334
0.00140949
0.00154557
0.00167329
0.00144901
0.00207892
0.00241834
0.00244528
0.00214119
0.00162131
0.00189688
0.00194793
0.00169665
-0.000250034
-3.91677e-05
0.00110992
0.000774021
0.0025017
0.00311866
0.00370464
0.00311275
0.00249133
0.00295204
0.00312728
0.0027023
-0.00816432
-0.00762581
-0.00436329
-0.0049913
-0.000786958
0.000165163
0.00244953
0.00148404
0.00159165
0.00237546
0.00367441
0.00289742
-0.024218
-0.0231594
-0.0175469
-0.0185971
-0.0112628
-0.00992544
-0.00530021
-0.00667825
-0.00503561
-0.00390415
-0.000461675
-0.00162337
-0.0457358
-0.0439815
-0.0369188
-0.0385638
-0.0284753
-0.0266631
-0.0201896
-0.0220417
-0.0192383
-0.0176666
-0.0119908
-0.0136064
-0.0675868
-0.0653803
-0.0580061
-0.0601238
-0.0485917
-0.0464175
-0.0391767
-0.0413756
-0.038406
-0.0363831
-0.0294111
-0.0314636
-0.000343154
0.000122009
0.000335652
0.000327216
0.000133582
0
0.00014581
0.000664039
0.000977834
0.00112485
0.000822962
0.000675577
0.00128226
0.00149831
0.00177032
0.00184165
0.00155631
0.00134504
0.000610984
0.00155255
0.00197251
0.00257655
0.00211698
0.00209372
-0.00543096
-0.00232639
-0.00162287
0.00061651
-0.000140804
0.000911803
-0.0195045
-0.0135253
-0.0124605
-0.0079087
-0.00900439
-0.00603839
-0.0401426
-0.0317421
-0.0301621
-0.0237351
-0.0252928
-0.0206688
-0.0622747
-0.0527586
-0.0506988
-0.0434832
-0.0455121
-0.0403344
-0.00030062
0.000355673
0.000821484
0.00051873
0.00126829
0.00163041
0.00182983
0.00139333
0.0015215
0.00101525
0.0005646
0.0010525
0.000471874
0.000295298
0
0.000757431
0.00106611
0.00142978
0.0011507
0.00178942
0.00201087
0.00210595
0.00191133
0.00207873
0.00184265
0.00157258
0.00205875
0.00176445
0.00199367
0.00137901
0.00177402
0.0023083
0.00196185
0.00277535
0.00313187
0.00299931
0.00273805
0.00262151
0.0024135
0.00216546
0.00235088
0.00217215
0.00218542
-0.00150985
0.000358158
0.0021973
0.0015939
0.00380222
0.0045328
0.00497767
0.00433121
0.00451618
0.00398392
0.00345659
0.00399071
0.0035633
0.00346755
-0.0114324
-0.00690731
-0.00266273
-0.00357972
0.00122698
0.00240056
0.00466861
0.00350753
0.00521703
0.00419273
0.00324639
0.00540503
0.00451178
0.00530005
-0.0292892
-0.0219736
-0.0150582
-0.0163678
-0.00843044
-0.00674714
-0.00198701
-0.00374917
0.000390753
-0.00121693
-0.00263735
0.00228631
0.000832572
0.00370483
-0.0513264
-0.0421857
-0.033387
-0.0351993
-0.0247044
-0.0225778
-0.0159038
-0.0181499
-0.0118361
-0.0139969
-0.0159304
-0.00813142
-0.0101781
-0.00483609
-0.0727967
-0.0705672
-0.0632195
-0.0610418
-0.0537218
-0.0558828
-0.0514971
-0.0441709
-0.0418747
-0.0345985
-0.0369021
-0.0297027
-0.0320118
-0.0342508
-0.0249037
-0.0272189
-0.0202802
-1.57241e-05
0.000214649
0.00114853
0.0014131
-0.00199524
-0.0125562
-0.0306211
-0.0521134
-3.17944e-05
0.000782407
8.53547e-05
0.000648582
0.00147112
0.00121388
0.00151128
0.00227704
0.00179124
0.000411209
0.00313947
0.00283464
-0.00624321
0.000880873
0.00267839
-0.0208301
-0.00824503
-0.00270193
-0.0412672
-0.0243258
-0.0155931
-0.0627608
-0.0438906
-0.0339114
-6.01257e-05
0.000233966
4.68073e-05
0.000414466
0.00089881
0.000749413
0.00136423
0.00166442
0.00144936
0.00105623
0.00206967
0.00212241
-0.00386838
-0.000825225
0.000435506
-0.0164686
-0.0106734
-0.0074588
-0.0358814
-0.0277017
-0.0229453
-0.0574715
-0.0481053
-0.0429205
6.22893e-05
0.000599725
0.000430921
0.00103759
0.00152755
0.00122317
0.000432592
0.000768133
0.000160581
0.000900494
0.00124543
0.00106179
0.00161298
0.00195489
0.00187533
0.0013471
0.00180743
0.00170734
0.00154508
0.0020381
0.00187105
0.00256178
0.00292783
0.00256572
0.00201402
0.00228208
0.00208215
-0.00058589
0.0012949
0.00181666
0.00304101
0.00445532
0.00417132
0.00304745
0.00377872
0.00334558
-0.00913962
-0.00474576
-0.00254009
-0.000668757
0.00300994
0.00390008
0.0019797
0.0043944
0.00455532
-0.0255745
-0.0184734
-0.0143612
-0.011715
-0.00519163
-0.0024233
-0.00523061
-0.000131331
0.00167615
-0.0466989
-0.0377584
-0.0326643
-0.0290447
-0.0203331
-0.0160352
-0.0198191
-0.0120422
-0.00841105
-0.0679832
-0.0584691
-0.0532912
-0.0489557
-0.0393766
-0.0344469
-0.0388719
-0.0295997
-0.0248753
0
-0.00275495
-0.00538006
-0.00640742
-0.00889367
-0.0186225
-0.040602
-0.0746711
-0.114002
0
-0.00420405
-0.00676008
-0.00815775
-0.0136106
-0.0294208
-0.0578325
-0.0952829
-0.134267
-0.00108447
-0.0035032
-0.00236042
0
-0.00429224
-0.00616452
-0.00575864
-0.00599652
-0.0069931
-0.00737362
-0.00713677
-0.0104205
-0.00993707
-0.0124707
-0.0228558
-0.0199459
-0.0279219
-0.0481879
-0.0421428
-0.0564271
-0.0845568
-0.0758533
-0.0942654
-0.124122
-0.115041
-0.00150851
-0.0051508
-0.00663087
-0.00797159
-0.0151643
-0.0338654
-0.0653776
-0.104544
-0.0004295
-0.00124282
-0.000597428
0
-0.00356733
-0.00476915
-0.00439708
-0.00315583
-0.00573724
-0.00627403
-0.00644622
-0.00579478
-0.00669122
-0.00734352
-0.00735312
-0.00657565
-0.0104051
-0.0135122
-0.0124593
-0.00938146
-0.0228544
-0.0306387
-0.0279364
-0.0204426
-0.0481561
-0.0607914
-0.05647
-0.0442054
-0.0843721
-0.0994359
-0.0945292
-0.0795818
-0.00190297
-0.00251659
-0.00385178
-0.00328928
-0.00189372
-0.00146388
0
-0.00490045
-0.00574025
-0.00649719
-0.00632837
-0.00548149
-0.00504347
-0.00620029
-0.00678502
-0.00755713
-0.00769705
-0.00702161
-0.00708853
-0.00783787
-0.0089582
-0.0118679
-0.0114838
-0.00887896
-0.00886606
-0.0151828
-0.0186107
-0.0258393
-0.024275
-0.017328
-0.0164075
-0.0338421
-0.0406296
-0.0526717
-0.0496487
-0.0376612
-0.0353845
-0.0653084
-0.0747876
-0.0897467
-0.0854577
-0.0703375
-0.0666036
-0.104204
-0.119076
-0.114451
-0.129211
-0.124731
-0.109733
-0.105189
-0.00041014
-0.00402591
-0.0060871
-0.00685319
-0.0111369
-0.025116
-0.0521619
-0.089453
-0.00220328
-0.00288265
-0.000913008
-0.00536059
-0.00606809
-0.00473468
-0.00641213
-0.00724419
-0.00679741
-0.0081511
-0.010111
-0.00806497
-0.0165912
-0.0211777
-0.0142462
-0.0370113
-0.0447915
-0.0313346
-0.0699774
-0.0798932
-0.0612218
-0.109373
-0.11957
-0.0997453
-0.000193011
-0.000382064
-0.000138635
0
-0.00317076
-0.0038136
-0.0036038
-0.00296862
-0.00557409
-0.00591196
-0.00595649
-0.00559579
-0.00653589
-0.00672211
-0.00669425
-0.00645462
-0.00958639
-0.0106872
-0.0101879
-0.00905805
-0.0206345
-0.0239139
-0.0226747
-0.0194543
-0.0442823
-0.0501283
-0.0480935
-0.0423618
-0.0794904
-0.0869238
-0.084494
-0.0771283
-0.00148568
-0.00205744
-0.00171755
-0.00115261
-0.00200947
-0.0026932
-0.00238647
-0.00168774
-0.000254085
-0.000736214
-0.000460298
0
-0.00461324
-0.00514475
-0.00508417
-0.00454785
-0.00546602
-0.00591084
-0.0057951
-0.00532181
-0.00396463
-0.00456886
-0.00430768
-0.00367627
-0.00610332
-0.00628262
-0.00634473
-0.0061242
-0.00670644
-0.00700933
-0.00712747
-0.00682611
-0.00632029
-0.00662549
-0.00666043
-0.00633684
-0.00745016
-0.00792232
-0.00770137
-0.00717801
-0.00841216
-0.00949952
-0.00943565
-0.00839856
-0.00714743
-0.00769026
-0.00777957
-0.00726356
-0.0137399
-0.0158041
-0.0149596
-0.0129066
-0.0167914
-0.0198275
-0.0191537
-0.0161863
-0.0113623
-0.0133008
-0.0129738
-0.0111006
-0.0307735
-0.035374
-0.0337201
-0.0292176
-0.0371457
-0.0426345
-0.0411291
-0.035686
-0.025291
-0.0295596
-0.0284826
-0.0242753
-0.0607989
-0.0676346
-0.0653232
-0.0585899
-0.0700285
-0.0772938
-0.075069
-0.0678005
-0.0522445
-0.0587801
-0.0568693
-0.0503576
-0.0992427
-0.106814
-0.104421
-0.09687
-0.109519
-0.117001
-0.114676
-0.107123
-0.0895273
-0.0971129
-0.0947371
-0.0871165
-0.000727496
-0.00080134
-0.00136004
-0.00103309
-0.000489373
0
-0.00394408
-0.00441484
-0.00496791
-0.00479286
-0.00421767
-0.00333108
-0.00587815
-0.00619034
-0.00644488
-0.00654647
-0.00626583
-0.00598383
-0.00688918
-0.00706552
-0.00761439
-0.00762318
-0.00706917
-0.00675974
-0.0113624
-0.012242
-0.0142691
-0.013724
-0.0117331
-0.0098419
-0.02528
-0.0277709
-0.0321855
-0.0307957
-0.0264561
-0.0215774
-0.052207
-0.0563994
-0.0630477
-0.0608531
-0.05427
-0.0461425
-0.0893068
-0.0944405
-0.101987
-0.0995409
-0.0919813
-0.0820512
-0.00233146
-0.00268552
-0.00301708
-0.00235383
-0.00337405
-0.00402852
-0.00375369
-0.00308231
-0.00282376
-0.00212175
-0.00139936
-0.00190752
-0.00115835
-0.000896024
0
-0.00515757
-0.00559643
-0.00597154
-0.0055576
-0.00630093
-0.0066408
-0.00656199
-0.00620916
-0.00606406
-0.00562845
-0.00512712
-0.00542077
-0.00489384
-0.00463887
-0.00630044
-0.0064854
-0.00687616
-0.00658291
-0.00738281
-0.00786008
-0.00790403
-0.00747788
-0.00752574
-0.00720798
-0.0069146
-0.00723334
-0.00695496
-0.00693586
-0.00831574
-0.00870735
-0.00962364
-0.00850296
-0.0109174
-0.0127082
-0.012467
-0.0107769
-0.0106429
-0.00939677
-0.0084264
-0.00934833
-0.00846199
-0.00847369
-0.0168061
-0.0184172
-0.0206313
-0.0175295
-0.0234053
-0.0275511
-0.0267429
-0.022659
-0.0220071
-0.0185819
-0.0156947
-0.0180781
-0.0152842
-0.0149183
-0.0371172
-0.0405089
-0.0443139
-0.0387593
-0.0486427
-0.055154
-0.0536595
-0.0471209
-0.0458043
-0.0398062
-0.0343955
-0.0386647
-0.0332707
-0.0322991
-0.0699391
-0.0747367
-0.0796368
-0.0723551
-0.0847919
-0.0924649
-0.0903507
-0.0826079
-0.0806184
-0.0730134
-0.0657166
-0.0711749
-0.0638203
-0.0621497
-0.109143
-0.116558
-0.114266
-0.121596
-0.11932
-0.111913
-0.126663
-0.124411
-0.131752
-0.12951
-0.122153
-0.119911
-0.112377
-0.104749
-0.11013
-0.102437
-0.100234
-0.000125173
-0.00340247
-0.00576934
-0.00657127
-0.0098052
-0.02158
-0.0461519
-0.0819985
-0.00159827
-0.00218815
-0.000342966
-0.00486443
-0.00563684
-0.00413714
-0.00620654
-0.00691435
-0.0064953
-0.00750826
-0.00889307
-0.00744841
-0.0142658
-0.0179092
-0.0121203
-0.0321894
-0.0390605
-0.0268126
-0.0630473
-0.0724968
-0.0544877
-0.101854
-0.112086
-0.0921026
-0.000740635
-0.000900035
-0.000185672
-0.00419658
-0.00461114
-0.00378836
-0.00602852
-0.00636433
-0.00614023
-0.0069209
-0.0073057
-0.00689151
-0.0117177
-0.0129157
-0.0107129
-0.0264587
-0.0292148
-0.0239117
-0.0542784
-0.0585848
-0.0501188
-0.0918886
-0.0969844
-0.0869968
-0.00251746
-0.00284928
-0.00185264
-0.00319178
-0.00356218
-0.00260018
-0.00119843
-0.00164033
-0.000623531
-0.00538831
-0.00578986
-0.00528287
-0.00614268
-0.00644276
-0.00593897
-0.00496443
-0.00528023
-0.00447566
-0.00636244
-0.00666066
-0.00651405
-0.00712116
-0.00764837
-0.00733533
-0.00673241
-0.00708499
-0.00681001
-0.00843537
-0.00910995
-0.00800922
-0.0102312
-0.0116668
-0.0100237
-0.00800212
-0.00888019
-0.00812629
-0.0175311
-0.0194524
-0.0158049
-0.0219487
-0.0250013
-0.0205196
-0.0146534
-0.016838
-0.0139096
-0.0387661
-0.0423536
-0.035369
-0.0464039
-0.0510524
-0.0433692
-0.0325188
-0.0364379
-0.0303072
-0.0723346
-0.0771641
-0.0676438
-0.0821734
-0.0875124
-0.0777687
-0.0632233
-0.0683584
-0.0594141
-0.111727
-0.116793
-0.106969
-0.121859
-0.126968
-0.11729
-0.102125
-0.107419
-0.0974456
