FiniteElementSpace
FiniteElementCollection: L2_2D_P3
VDim: 1
Ordering: 0

0.00181546
0.00104653
0.00166446
0.00243211
0.000540849
0.000461582
0.000944126
0.00144964
0.000103731
0.000133097
0.000345225
0.000567776
8.25433e-05
5.30985e-05
0.000120565
0.000191214
0.000481539
0.000441852
0.000390398
0.000351454
0.000249076
0.000224659
0.000193495
0.000170284
7.62283e-05
6.48872e-05
5.1635e-05
4.26652e-05
4.54709e-05
3.86234e-05
3.2177e-05
2.90266e-05
0.000148442
0.000140964
0.00013049
0.000121985
5.4689e-05
5.08741e-05
4.55717e-05
4.13168e-05
5.46636e-06
4.77319e-06
4.08295e-06
3.75452e-06
2.24594e-05
2.27618e-05
2.37793e-05
2.50516e-05
4.99662e-05
4.48069e-05
3.81496e-05
3.31694e-05
1.10431e-05
9.2567e-06
7.16674e-06
5.8068e-06
8.46235e-06
9.29312e-06
1.08871e-05
1.2549e-05
4.12388e-05
4.27412e-05
4.54366e-05
4.81115e-05
6.4127e-07
1.44492e-06
3.6995e-06
6.3909e-06
1.15354e-05
1.43815e-05
1.91598e-05
2.36757e-05
4.64442e-05
5.03548e-05
5.64538e-05
6.19278e-05
8.79688e-05
9.15425e-05
9.7228e-05
0.000102405
9.38079e-05
0.000103561
0.00011716
0.000128247
0.00010916
0.000117088
0.000128196
0.000137282
0.000134135
0.000139323
0.000146798
0.000153047
0.000156866
0.000159669
0.000164055
0.000167945
0.000212372
0.000211513
0.000210478
0.000209748
0.000195994
0.000194115
0.000191788
0.00019009
0.000178686
0.000175463
0.000171468
0.000168551
0.000168303
0.000164018
0.000158742
0.000154919
0.000108558
9.63949e-05
8.15849e-05
7.105e-05
9.5608e-05
8.48968e-05
7.18707e-05
6.26214e-05
8.10277e-05
7.19508e-05
6.09465e-05
5.31645e-05
7.14769e-05
6.34684e-05
5.38034e-05
4.70048e-05
0.00115246
0.00103958
0.00089593
0.000789316
0.00065606
0.000585731
0.000496766
0.000431258
0.000265085
0.00023003
0.000187414
0.000157372
0.000147355
0.000128104
0.000105949
9.16769e-05
0.00106452
0.00102589
0.000985884
0.000962372
0.00153341
0.0014739
0.00140863
0.0013672
0.00226931
0.00217463
0.002065
0.00199083
0.00291413
0.00278656
0.00263513
0.00252992
0.000161938
0.000177593
0.000422718
0.000719614
0.000262833
0.000327977
0.000742579
0.00121495
0.000581509
0.000678119
0.00134407
0.00208518
0.00106577
0.00111825
0.00196743
0.00292814
0.000246682
0.000231709
0.000211422
0.000195422
0.000108792
0.000100152
8.85878e-05
7.95954e-05
1.96218e-05
1.66199e-05
1.30962e-05
1.07424e-05
2.09496e-05
1.99907e-05
1.97126e-05
2.02417e-05
0.000675477
0.000662084
0.000648175
0.000640134
0.000959019
0.000938599
0.000916135
0.000901986
0.00139738
0.00136582
0.00132959
0.00130546
0.00178237
0.00174096
0.00169246
0.0016594
0.000812502
0.000786095
0.000757629
0.000740119
0.00116337
0.00112647
0.00108505
0.00105815
0.00170816
0.0016551
0.00159355
0.00155199
0.00218505
0.00211838
0.00203987
0.00198593
9.33113e-05
8.77642e-05
8.01044e-05
7.39719e-05
2.81776e-05
2.57516e-05
2.24648e-05
1.99041e-05
3.87549e-06
3.96438e-06
4.37666e-06
4.95849e-06
2.97041e-05
3.04853e-05
3.21144e-05
3.38594e-05
0.000541551
0.000532414
0.000522657
0.000516825
0.000741809
0.000727695
0.00071183
0.000701597
0.00104753
0.00102571
0.00100027
0.000983063
0.00131464
0.00128607
0.00125219
0.00122876
0.000601253
0.000591288
0.000580876
0.000574835
0.000838743
0.000823402
0.000806461
0.000795773
0.0012032
0.00117948
0.0011522
0.00113403
0.00152233
0.00149124
0.00145479
0.00142993
1.42991e-05
1.07855e-05
6.90506e-06
4.53136e-06
2.38792e-06
2.13145e-06
2.49888e-06
3.37497e-06
2.1143e-05
2.32492e-05
2.67864e-05
3.01546e-05
6.0027e-05
6.25744e-05
6.6808e-05
7.08018e-05
0.000428292
0.000419682
0.000410134
0.000404131
0.000553275
0.000539286
0.000522937
0.000511878
0.000740914
0.000718522
0.000691533
0.000672554
0.000903277
0.000873424
0.000836974
0.000810947
0.000484564
0.000475707
0.000466062
0.000460143
0.000648381
0.000634344
0.000618232
0.000607568
0.000896973
0.000874868
0.000848623
0.000830478
0.00111353
0.00108431
0.00104907
0.00102426
2.70468e-05
3.35364e-05
4.32792e-05
5.17353e-05
4.8279e-05
5.47385e-05
6.42633e-05
7.24123e-05
8.63315e-05
9.17651e-05
9.98316e-05
0.000106767
0.00012293
0.000126857
0.000132945
0.000138351
0.000315331
0.000306703
0.000296673
0.000289921
0.00036361
0.000350725
0.000335279
0.000324478
0.00043228
0.000412978
0.000389414
0.000372586
0.000489289
0.000464411
0.000433826
0.000411813
0.000372412
0.000363927
0.000354314
0.000348084
0.000457484
0.000443881
0.000427757
0.000416657
0.00058272
0.00056119
0.000535005
0.000516404
0.000689564
0.000661019
0.000625947
0.000600732
0.000171213
0.000178372
0.000188039
0.00019569
0.000170014
0.000174971
0.000181756
0.000187183
0.000172125
0.000174194
0.000177256
0.000179852
0.000176393
0.000176207
0.000176411
0.000176872
0.000192231
0.000183631
0.000173175
0.000165697
0.000192296
0.000182127
0.000169707
0.000160789
0.000191299
0.000179082
0.000164132
0.00015339
0.000189766
0.000175981
0.000159128
0.000147039
0.000255057
0.000246224
0.000235691
0.000228342
0.000274133
0.000262334
0.000248046
0.000237908
0.000299532
0.000283493
0.000263886
0.000249839
0.000319427
0.000299855
0.000275854
0.00025861
0.000186914
0.000177601
0.00016584
0.000157124
0.000166561
0.000157919
0.000147026
0.00013897
0.000143831
0.000135885
0.000125919
0.000118588
0.000129104
0.000121554
0.000112153
0.000105292
7.93247e-05
7.32605e-05
6.58387e-05
6.05242e-05
6.97202e-05
6.40351e-05
5.70925e-05
5.21334e-05
5.74762e-05
5.23327e-05
4.60707e-05
4.16134e-05
4.84441e-05
4.37454e-05
3.80442e-05
3.40018e-05
0.000131559
0.000123953
0.00011461
0.000107862
0.000122805
0.00011482
0.000105018
9.79476e-05
0.000110856
0.000102491
9.22477e-05
8.48824e-05
0.000101405
9.28373e-05
8.23824e-05
7.48967e-05
2.9832e-05
2.28944e-05
1.524e-05
1.04457e-05
2.6175e-05
1.97533e-05
1.2729e-05
8.38471e-06
2.22075e-05
1.65044e-05
1.03422e-05
6.60041e-06
1.97454e-05
1.46227e-05
9.14729e-06
5.87913e-06
1.2195e-05
9.62687e-06
6.97634e-06
5.49014e-06
1.04155e-05
8.27256e-06
6.06839e-06
4.84046e-06
8.09885e-06
6.49396e-06
4.85067e-06
3.94464e-06
6.37898e-06
5.16235e-06
3.92134e-06
3.24445e-06
3.92537e-05
3.47935e-05
2.9505e-05
2.58717e-05
3.31956e-05
2.9371e-05
2.48477e-05
2.17513e-05
2.57033e-05
2.26694e-05
1.90924e-05
1.66555e-05
2.0371e-05
1.79042e-05
1.50033e-05
1.30353e-05
0.00176827
0.00159539
0.00137156
0.0012001
0.00106153
0.000943023
0.000792284
0.00068053
0.000450482
0.000393311
0.000323889
0.00027573
0.000208792
0.000185755
0.000162342
0.000150097
0.000162141
0.000154991
0.000146256
0.000140698
0.000151542
0.000162701
0.000180421
0.000196459
0.00035429
0.000386761
0.000439364
0.000483835
0.000649412
0.000705342
0.000790286
0.000857709
7.05264e-05
1.91884e-05
4.86246e-05
0.000104209
5.96399e-05
5.4708e-06
2.37315e-05
7.7242e-05
8.83196e-05
4.53108e-05
0.000122272
0.00024585
0.000127875
0.000114458
0.000292878
0.00051846
0.000335591
0.000312048
0.000280828
0.000256687
0.000161148
0.000146961
0.000128413
0.000114291
3.89166e-05
3.30335e-05
2.60991e-05
2.13961e-05
2.71648e-05
2.42882e-05
2.20124e-05
2.13651e-05
4.82908e-05
4.59443e-05
4.47323e-05
4.51652e-05
0.000135152
0.000132303
0.000131099
0.000131994
0.000347221
0.000339742
0.000333382
0.000330961
0.000582103
0.000568299
0.000554395
0.00054672
6.24335e-05
5.63872e-05
5.14458e-05
4.97651e-05
0.000148551
0.00014223
0.000137657
0.000136744
0.000380875
0.000368399
0.000356821
0.00035128
0.000645368
0.000624323
0.000602436
0.000589649
0.000118216
0.000112101
0.000103526
9.65625e-05
3.96415e-05
3.67432e-05
3.27175e-05
2.9497e-05
3.79045e-06
3.55333e-06
3.47896e-06
3.63799e-06
2.56563e-05
2.61983e-05
2.74977e-05
2.89687e-05
5.35978e-05
5.407e-05
5.54867e-05
5.72029e-05
0.000135264
0.000134729
0.000135246
0.000136575
0.00029928
0.000295754
0.000292892
0.000292015
0.000467348
0.000460274
0.000453164
0.000449316
4.97484e-05
5.00584e-05
5.13179e-05
5.29477e-05
0.000133703
0.000133086
0.000133604
0.000135005
0.000307862
0.000304164
0.000301247
0.000300445
0.000489091
0.00048162
0.000474215
0.000470295
3.05912e-05
2.59595e-05
2.03007e-05
1.63233e-05
5.22938e-06
4.02208e-06
2.91497e-06
2.48401e-06
1.35167e-05
1.49031e-05
1.736e-05
1.97927e-05
4.95421e-05
5.15402e-05
5.49695e-05
5.82792e-05
7.78153e-05
7.96532e-05
8.29737e-05
8.62729e-05
0.000146548
0.000147151
0.000149058
0.000151415
0.000268829
0.000266187
0.000264154
0.000263707
0.000386427
0.000380105
0.000373513
0.000369755
6.96219e-05
7.09957e-05
7.36552e-05
7.63997e-05
0.000142103
0.000142319
0.000143724
0.000145693
0.000275439
0.000272525
0.000270199
0.000269566
0.000406048
0.000399546
0.000392815
0.000389012
8.16185e-06
1.18381e-05
1.79411e-05
2.36447e-05
2.62107e-05
3.09428e-05
3.82485e-05
4.47379e-05
6.47156e-05
6.95076e-05
7.67816e-05
8.316e-05
0.000104924
0.00010881
0.000114898
0.000120365
0.000128733
0.000131852
0.00013693
0.000141613
0.00017593
0.000177045
0.000179522
0.000182217
0.000247594
0.000244983
0.000242701
0.000241825
0.000309916
0.000303632
0.000296698
0.000292363
0.000113884
0.000116913
0.000121895
0.000126537
0.000167801
0.000169076
0.000171811
0.000174758
0.000253076
0.00025072
0.000248854
0.000248374
0.000329377
0.000323255
0.000316637
0.000312635
0.000134049
0.00014333
0.000156028
0.000166204
0.000141771
0.000148822
0.000158553
0.000166401
0.000155777
0.000159776
0.00016552
0.000170298
0.000169364
0.000170892
0.000173465
0.000175847
0.000176647
0.0001769
0.000177817
0.000178931
0.000188723
0.000186699
0.000184675
0.000183557
0.000205055
0.00019995
0.000194
0.00018994
0.000217958
0.000210409
0.00020138
0.000195041
0.000169126
0.000170642
0.000173341
0.000175931
0.000190543
0.000189634
0.000189183
0.000189367
0.000219951
0.00021557
0.000210673
0.000207511
0.000243539
0.000236266
0.000227707
0.000221823
0.00020828
0.000202833
0.000195899
0.000190712
0.000188234
0.000182643
0.000175547
0.000170255
0.000166187
0.000160317
0.000152922
0.000147448
0.000152191
0.000146026
0.000138332
0.000132692
0.000145446
0.000139149
0.000131303
0.000125562
0.000133467
0.000126984
0.000118934
0.000113062
0.000119202
0.000112502
0.000104224
9.82193e-05
0.000109247
0.000102401
9.39802e-05
8.79011e-05
0.000163343
0.00015855
0.00015264
0.00014835
0.00015422
0.000148609
0.000141686
0.00013666
0.00014336
0.000136754
0.000128618
0.000122722
0.000135769
0.000128456
0.00011947
0.000112977
6.53244e-05
5.4836e-05
4.25005e-05
3.40837e-05
5.76066e-05
4.8306e-05
3.73893e-05
2.99611e-05
4.89385e-05
4.10146e-05
3.17509e-05
2.54808e-05
4.32776e-05
3.62865e-05
2.8152e-05
2.26792e-05
4.05211e-05
3.39957e-05
2.64217e-05
2.13449e-05
3.56268e-05
2.99193e-05
2.33241e-05
1.89305e-05
2.99209e-05
2.52179e-05
1.98234e-05
1.6268e-05
2.6031e-05
2.20471e-05
1.75112e-05
1.45549e-05
6.68472e-05
5.93564e-05
5.03304e-05
4.39951e-05
5.87416e-05
5.21261e-05
4.41812e-05
3.86288e-05
4.91826e-05
4.36192e-05
3.69754e-05
3.23664e-05
4.25946e-05
3.77702e-05
3.20408e-05
2.80953e-05
0.000739371
0.000667317
0.000575894
0.000508162
0.00040403
0.000359896
0.000304783
0.000264575
0.000146427
0.000124995
0.000100169
8.3453e-05
8.54647e-05
7.16549e-05
5.77715e-05
5.00902e-05
9.49776e-05
8.30182e-05
7.1907e-05
6.65671e-05
0.000177599
0.000166047
0.000156479
0.000152968
0.000437444
0.000417652
0.00039869
0.00038894
0.000744658
0.000712536
0.000678605
0.000658231
0.000141082
0.000124719
0.000108767
0.000100372
0.000203996
0.000192533
0.000185186
0.000184844
0.000485844
0.000468326
0.000455361
0.000452041
0.000847326
0.000815052
0.000784141
0.00076767
0.000935465
0.000897026
0.000854834
0.000828198
0.00133219
0.00128097
0.00122286
0.0011846
0.00194633
0.00187611
0.00179415
0.00173839
0.00247919
0.00239388
0.0022929
0.00222314
0.0027813
0.00268718
0.00257544
0.00249798
0.00338045
0.00326936
0.00313652
0.00304367
0.00422559
0.0040931
0.00393368
0.00382149
0.00491455
0.00476678
0.0045886
0.00446291
0.00325096
0.00311565
0.00295206
0.00283622
0.00385553
0.00372209
0.00356033
0.00344538
0.00465485
0.00454022
0.0044026
0.00430558
0.00525619
0.00517261
0.00507407
0.00500608
0.000833144
0.000895951
0.000999553
0.00108569
0.00129279
0.00136595
0.0014874
0.00159337
0.00215815
0.00219865
0.00229307
0.00238058
0.00306133
0.00302049
0.0030375
0.00306322
0.00353246
0.00346829
0.00341442
0.00338813
0.00451233
0.00431529
0.00408754
0.00392953
0.0056721
0.00533754
0.00493107
0.00464016
0.0064744
0.00602307
0.00552409
0.00518068
0.00135845
0.00155526
0.00249894
0.00356748
0.00197193
0.00210963
0.00359049
0.00539569
0.00518181
0.00390037
0.00545567
0.00758165
0.0112708
0.00640182
0.0072266
0.00891711
0.000188715
0.000178556
0.00016452
0.000153254
7.61291e-05
7.05911e-05
6.30129e-05
5.7006e-05
9.97277e-06
8.48011e-06
6.78495e-06
5.71954e-06
2.04486e-05
2.03535e-05
2.09598e-05
2.19928e-05
4.65293e-05
4.65729e-05
4.76207e-05
4.91839e-05
0.000132192
0.000131424
0.000131941
0.000133475
0.000317105
0.000313031
0.0003099
0.000309123
0.000512947
0.000504657
0.000496524
0.000492282
4.50337e-05
4.43968e-05
4.48408e-05
4.61429e-05
0.000131684
0.000130384
0.000130556
0.000132069
0.000328742
0.000323684
0.00031972
0.000318616
0.000541821
0.00053177
0.00052188
0.000516668
0.000634945
0.00062385
0.000612341
0.000605722
0.00089367
0.00087657
0.000857772
0.000845967
0.00129208
0.00126552
0.00123507
0.00121483
0.00164144
0.00160654
0.0015657
0.0015379
0.00184164
0.00180198
0.00175521
0.00172307
0.00224014
0.00219127
0.00213302
0.00209249
0.00280634
0.00274486
0.00267086
0.00261879
0.0032728
0.00320139
0.00311499
0.00305383
0.00200278
0.00195577
0.00190032
0.00186216
0.00244074
0.00238283
0.00231376
0.00226563
0.00306232
0.00298921
0.00290111
0.00283902
0.0035734
0.00348811
0.00338475
0.00331145
0.00073034
0.000712352
0.000693396
0.000682148
0.00104395
0.00101746
0.000988101
0.000969377
0.0015305
0.00149059
0.00144461
0.00141381
0.0019579
0.00190629
0.00184573
0.00180429
0.00220213
0.00214393
0.00207516
0.00202773
0.00268743
0.00261613
0.002531
0.00247159
0.00337693
0.00328701
0.00317853
0.00310197
0.00394406
0.00383887
0.00371124
0.0036206
0.00245626
0.00238215
0.00229436
0.00223366
0.00299564
0.00290659
0.00280019
0.00272587
0.00376314
0.00365286
0.0035199
0.00342612
0.00439501
0.00426734
0.00411258
0.00400279
7.09542e-05
6.5601e-05
5.84177e-05
5.28232e-05
1.88076e-05
1.66778e-05
1.394e-05
1.1927e-05
5.38979e-06
5.80614e-06
6.73924e-06
7.79706e-06
3.47692e-05
3.58629e-05
3.79507e-05
4.00948e-05
6.3142e-05
6.41175e-05
6.62115e-05
6.84794e-05
0.00013901
0.000138879
0.000139842
0.000141469
0.000282878
0.000279708
0.000277115
0.000276318
0.000426085
0.000419409
0.000412548
0.00040871
5.79555e-05
5.86309e-05
6.03076e-05
6.2227e-05
0.000136895
0.000136508
0.000137163
0.000138564
0.000290917
0.000287544
0.000284769
0.000283884
0.000446493
0.000439642
0.000432671
0.000428826
0.000512942
0.000503962
0.000494273
0.0004884
0.000695195
0.00068117
0.00066524
0.000654828
0.000972686
0.000950837
0.000925131
0.000907547
0.00121485
0.00118612
0.00115177
0.00112779
0.00135368
0.00132096
0.00128158
0.00125389
0.00163273
0.00159207
0.00154268
0.00150758
0.00203468
0.00198298
0.00191968
0.00187426
0.0023712
0.00231064
0.00223613
0.00218241
0.00146783
0.00143537
0.0013966
0.00136959
0.00177515
0.00173502
0.00168665
0.00165257
0.00221621
0.00216557
0.002104
0.00206018
0.00258399
0.00252501
0.00245296
0.00240141
0.000570713
0.000561301
0.000551362
0.000545511
0.000789099
0.000774626
0.000758518
0.000748255
0.00112331
0.001101
0.00107519
0.00105789
0.00141562
0.00138644
0.00135206
0.00132849
0.00158325
0.00155012
0.00151082
0.00148364
0.0019187
0.00187788
0.001829
0.0017948
0.00239832
0.00234706
0.00228512
0.00224133
0.00279652
0.00273708
0.00266488
0.00261358
0.00170528
0.00166998
0.00162828
0.00159958
0.0020704
0.00202694
0.00197509
0.00193897
0.00259059
0.00253606
0.0024704
0.00242417
0.00302065
0.00295748
0.00288102
0.00282689
3.43191e-06
1.75022e-06
5.48827e-07
4.40779e-07
3.97789e-06
5.09474e-06
7.46427e-06
1.00287e-05
3.19607e-05
3.49322e-05
3.97222e-05
4.41397e-05
7.28646e-05
7.59616e-05
8.09845e-05
8.56332e-05
0.000100094
0.000102829
0.000107415
0.000111752
0.000159729
0.000160933
0.000163607
0.000166538
0.000258005
0.000255704
0.000253985
0.000253682
0.000348322
0.000342232
0.000335755
0.000331944
8.79727e-05
9.02865e-05
9.4282e-05
9.81412e-05
0.000152481
0.000153439
0.000155804
0.000158512
0.000263091
0.000260676
0.000258876
0.000258564
0.000367232
0.000361061
0.000354575
0.00035083
0.000400365
0.000391847
0.000382306
0.000376222
0.000505303
0.000491463
0.000475165
0.000464038
0.000661531
0.000639394
0.000612572
0.000593599
0.000795922
0.000766421
0.000730258
0.000704325
0.000871957
0.000838107
0.000796425
0.000766377
0.00102429
0.000981562
0.000928559
0.000890025
0.00124572
0.00119019
0.0011209
0.00107017
0.00143313
0.00136688
0.00128394
0.00122301
0.000995705
0.000961453
0.000919421
0.00088923
0.00118147
0.00113827
0.00108483
0.00104609
0.00145117
0.00139515
0.00132539
0.00127443
0.00167906
0.00161236
0.00152902
0.0014679
0.000456344
0.000447614
0.000438019
0.000432061
0.000601056
0.000587009
0.000570733
0.000559835
0.000819663
0.000797319
0.00077057
0.000751903
0.00100959
0.000979894
0.000943837
0.000918247
0.00111812
0.00108411
0.00104258
0.00101291
0.00133654
0.00129378
0.00124115
0.00120317
0.00165301
0.00159784
0.00152943
0.00147966
0.00191976
0.00185435
0.00177292
0.00171343
0.00123756
0.00120417
0.00116368
0.00113497
0.00148712
0.00144538
0.00139431
0.00135772
0.00184776
0.00179428
0.00172833
0.00168065
0.0021508
0.00208774
0.00200965
0.00195293
5.65455e-05
6.52391e-05
7.77025e-05
8.81144e-05
7.6744e-05
8.43908e-05
9.53337e-05
0.000104457
0.00011012
0.000115748
0.000123958
0.000130903
0.000140774
0.000144367
0.000149918
0.000154818
0.000157653
0.000160064
0.000164057
0.000167749
0.00018837
0.000188385
0.000189253
0.000190548
0.000231733
0.00022806
0.000224194
0.00022192
0.000267366
0.000260448
0.000252466
0.000247125
0.000143721
0.000146654
0.000151428
0.000155812
0.000183144
0.000183841
0.000185697
0.000187841
0.000240741
0.000237679
0.000234715
0.000233227
0.000289402
0.000282838
0.000275429
0.000270631
0.000285649
0.000276897
0.000266589
0.000259517
0.000318155
0.000305758
0.000290818
0.000280294
0.000363184
0.000345413
0.000323701
0.00030817
0.000399734
0.000377374
0.000349915
0.000330165
0.000418747
0.000393762
0.000363026
0.00034088
0.000454575
0.000424338
0.000386996
0.000359981
0.000506118
0.000468287
0.000421443
0.000387464
0.000549509
0.000505292
0.000450495
0.000410718
0.000520074
0.000491953
0.000457291
0.000432273
0.000579813
0.000545127
0.000502157
0.000470971
0.000666285
0.000622073
0.000567093
0.000527026
0.000739357
0.000687105
0.000622021
0.000574506
0.00034417
0.000335644
0.000325864
0.000319406
0.000410152
0.000396869
0.000381031
0.000370041
0.000505854
0.000485281
0.000460201
0.000442329
0.000586573
0.000559593
0.000526414
0.000502534
0.000631156
0.000600413
0.000562482
0.000535078
0.000719096
0.000680687
0.000633015
0.000598343
0.000846788
0.000797256
0.000735487
0.000690326
0.000954899
0.000895977
0.000822335
0.00076836
0.000749442
0.000716757
0.000676441
0.000647324
0.000868708
0.00082757
0.000776486
0.000739308
0.0010421
0.000988723
0.00092208
0.00087328
0.00118896
0.00112528
0.00104556
0.000987002
0.000199046
0.000202645
0.000207487
0.000211302
0.000189306
0.000191142
0.00019371
0.000195794
0.000180428
0.000179987
0.00017966
0.000179575
0.000176361
0.000174162
0.000171645
0.000169953
0.000174553
0.000171494
0.000167882
0.000165371
0.000170676
0.000166185
0.000160761
0.000156902
0.000166263
0.000159981
0.000152318
0.000146814
0.000163314
0.000155717
0.000146431
0.00013975
0.000178816
0.000177502
0.000176252
0.000175613
0.000182214
0.00017896
0.000175228
0.000172719
0.000187044
0.00018128
0.000174374
0.000169504
0.000190994
0.000183322
0.000174028
0.000167404
0.000161217
0.00015302
0.000142987
0.000135763
0.000155694
0.000146565
0.000135379
0.000127318
0.000147542
0.000137286
0.000124729
0.000115697
0.000140653
0.000129605
0.00011611
0.000106437
0.000136216
0.000124833
0.000110956
0.000101035
0.000126382
0.000114512
0.000100076
8.97925e-05
0.000112653
0.000100196
8.51491e-05
7.45265e-05
0.000101766
8.89291e-05
7.35446e-05
6.27922e-05
0.000187886
0.000173325
0.000155543
0.000142812
0.000182554
0.000166619
0.000147176
0.00013328
0.000174849
0.000157045
0.000135402
0.000120016
0.000168616
0.000149354
0.000126043
0.000109569
0.000223754
0.000214952
0.000204343
0.000196836
0.00023199
0.000220929
0.000207472
0.000197862
0.000242064
0.000227896
0.000210569
0.000198136
0.000249313
0.000232645
0.00021224
0.000197592
0.000252005
0.000234005
0.000211972
0.000196167
0.000255347
0.000234822
0.000209677
0.000191634
0.000259854
0.000235768
0.000206293
0.000185186
0.000263614
0.000236621
0.000203656
0.000180116
0.00032904
0.0003075
0.000281067
0.000262063
0.000345995
0.000320597
0.000289351
0.000266836
0.000370093
0.000339162
0.000301069
0.000273603
0.000390257
0.000354718
0.000310964
0.000279439
0.000151648
0.000139934
0.000125356
0.000114727
0.000133997
0.00012353
0.000110522
0.000101054
0.000114161
0.000105075
9.38246e-05
8.56718e-05
0.000101203
9.29973e-05
8.28931e-05
7.5616e-05
9.49385e-05
8.71632e-05
7.76043e-05
7.07341e-05
8.40247e-05
7.69809e-05
6.83493e-05
6.21697e-05
7.11145e-05
6.49435e-05
5.74223e-05
5.20724e-05
6.21864e-05
5.66259e-05
4.98833e-05
4.51162e-05
0.000121993
0.000114644
0.00010551
9.88565e-05
0.000109548
0.00010256
9.39046e-05
8.7625e-05
9.47807e-05
8.82273e-05
8.01566e-05
7.43372e-05
8.45265e-05
7.82828e-05
7.0632e-05
6.51457e-05
5.76973e-05
5.24465e-05
4.6088e-05
4.16004e-05
4.95604e-05
4.48759e-05
3.92163e-05
3.52333e-05
3.93847e-05
3.54378e-05
3.06829e-05
2.73491e-05
3.20432e-05
2.86516e-05
2.4577e-05
2.17302e-05
2.8323e-05
2.52224e-05
2.14982e-05
1.88978e-05
2.15414e-05
1.90179e-05
1.59816e-05
1.38574e-05
1.33793e-05
1.16168e-05
9.49935e-06
8.01983e-06
8.06947e-06
6.87519e-06
5.45126e-06
4.4636e-06
4.37604e-05
3.93245e-05
3.39495e-05
3.01445e-05
3.49202e-05
3.10569e-05
2.63827e-05
2.30802e-05
2.37841e-05
2.07256e-05
1.70587e-05
1.44953e-05
1.60189e-05
1.36129e-05
1.07762e-05
8.83202e-06
0.000104057
9.71858e-05
8.87412e-05
8.26517e-05
9.40862e-05
8.72775e-05
7.89251e-05
7.29148e-05
8.10168e-05
7.43831e-05
6.62706e-05
6.0454e-05
7.10819e-05
6.46514e-05
5.68168e-05
5.12234e-05
6.57123e-05
5.94503e-05
5.18372e-05
4.64157e-05
5.51603e-05
4.93405e-05
4.22876e-05
3.72857e-05
4.13254e-05
3.61809e-05
3.00149e-05
2.57005e-05
3.11287e-05
2.65851e-05
2.12254e-05
1.75483e-05
9.5969e-05
8.7379e-05
7.69207e-05
6.9454e-05
8.47626e-05
7.62824e-05
6.59924e-05
5.86795e-05
6.95643e-05
6.13307e-05
5.14358e-05
4.44891e-05
5.78789e-05
4.99368e-05
4.05055e-05
3.39837e-05
8.15511e-06
4.74691e-06
1.62316e-06
3.42542e-07
6.16383e-06
3.61341e-06
1.29816e-06
4.2023e-07
4.63205e-06
2.90819e-06
1.33306e-06
8.47135e-07
4.10538e-06
2.82431e-06
1.55984e-06
1.25356e-06
4.18945e-06
2.96684e-06
1.69549e-06
1.18173e-06
4.1803e-06
2.87648e-06
1.5495e-06
9.60697e-07
4.28865e-06
2.8791e-06
1.50015e-06
8.72663e-07
4.45668e-06
2.97786e-06
1.5845e-06
9.71471e-07
1.85971e-05
1.38325e-05
8.77966e-06
5.80388e-06
1.65586e-05
1.2466e-05
8.14393e-06
5.61713e-06
1.43772e-05
1.10503e-05
7.56139e-06
5.54691e-06
1.30173e-05
1.01988e-05
7.26286e-06
5.58823e-06
4.44008e-06
2.95654e-06
1.60064e-06
1.02776e-06
3.9716e-06
2.52423e-06
1.31851e-06
9.3498e-07
3.41233e-06
2.05966e-06
1.11567e-06
1.06441e-06
3.02631e-06
1.77188e-06
1.07657e-06
1.34581e-06
2.42371e-06
1.30996e-06
8.9766e-07
1.59777e-06
1.44033e-06
6.50748e-07
4.14197e-07
9.52263e-07
5.27465e-07
1.44924e-07
3.1917e-08
3.18274e-07
3.40485e-07
2.01752e-07
9.10205e-08
1.5081e-07
5.36554e-06
4.31274e-06
3.20953e-06
2.5748e-06
3.54704e-06
2.77542e-06
1.95409e-06
1.46804e-06
1.78414e-06
1.346e-06
8.69203e-07
5.74922e-07
1.04218e-06
8.34626e-07
6.04014e-07
4.54474e-07
2.39853e-05
2.03578e-05
1.62374e-05
1.35624e-05
2.01691e-05
1.71507e-05
1.37296e-05
1.15167e-05
1.54469e-05
1.31572e-05
1.05693e-05
8.90378e-06
1.20899e-05
1.03021e-05
8.28626e-06
6.99498e-06
1.03308e-05
8.78074e-06
7.03118e-06
5.90982e-06
7.23555e-06
6.10102e-06
4.80712e-06
3.96614e-06
3.89982e-06
3.26706e-06
2.52329e-06
2.02014e-06
2.12053e-06
1.82021e-06
1.44015e-06
1.15874e-06
1.76687e-05
1.54812e-05
1.29081e-05
1.11632e-05
1.28704e-05
1.1201e-05
9.22556e-06
7.87653e-06
7.37878e-06
6.35587e-06
5.12947e-06
4.27826e-06
4.09665e-06
3.52021e-06
2.81285e-06
2.30707e-06
