FiniteElementSpace
FiniteElementCollection: H1_2D_P2
VDim: 2
Ordering: 0

0
0.945079
1.89129
2.81727
3.71942
4.60889
5.50117
6.40041
7.29613
0
1.1047
2.16719
3.18277
4.14944
5.07151
5.96699
6.85697
7.75017
0.471338
1.02752
0.555773
0
1.41978
2.03274
1.64188
2.35744
3.00371
2.68092
3.2709
3.93736
3.67228
4.16468
4.84151
4.61519
5.05401
5.73418
5.52112
5.95036
6.62886
6.41171
6.8495
7.52382
7.30331
0.513351
1.53407
2.52285
3.47504
4.3921
5.28813
6.18101
7.07696
0.236419
0.494521
0.255005
0
1.18263
1.47851
1.28176
0.988213
2.12512
2.44155
2.27892
1.96344
3.04482
3.37443
3.24056
2.91194
3.94232
4.27959
4.16555
3.82977
4.83124
5.17167
5.06502
4.72613
5.72556
6.06573
5.95746
5.61797
6.6252
6.96314
6.85296
6.51456
0.707744
0.77133
1.0657
0.831514
0.532739
0.277385
0
1.6561
1.78443
2.1003
1.90598
1.58805
1.37482
2.58816
2.76447
3.09367
2.93337
2.60234
2.42551
3.4957
3.70726
4.0435
3.91237
3.57396
3.42909
4.38678
4.61731
4.95623
4.84437
4.50354
4.38364
5.27731
5.51112
5.85031
5.74434
5.40428
5.29696
6.17539
6.40484
6.74307
6.63421
6.29627
6.18936
7.07315
7.40992
7.30066
7.63747
7.52673
7.19051
7.08002
0.247699
1.23392
2.20342
3.14415
4.05524
4.94889
5.84167
6.73898
0.741603
0.800607
0.262861
1.72175
1.84543
1.32815
2.67774
2.84937
2.35263
3.60291
3.81002
3.3352
4.50312
4.73064
4.27459
5.39465
5.6274
5.18066
6.29008
6.51955
6.07321
7.1868
7.41418
6.96676
0.119543
0.242834
0.124137
0
1.06387
1.20884
1.1112
0.967307
2.00838
2.16469
2.08365
1.92779
2.93124
3.09492
3.02829
2.86504
3.83096
3.9992
3.94267
3.77503
4.72002
4.89032
4.83752
4.66781
5.6133
5.78367
5.72977
5.55967
6.51285
6.68205
6.62679
6.45745
0.589384
0.725441
0.618071
0.483729
0.642529
0.785835
0.667036
0.522751
0.126738
0.258779
0.129459
0
1.53806
1.68938
1.60031
1.44964
1.6595
1.81505
1.71705
1.56116
1.15489
1.30501
1.19725
1.0466
2.473
2.63338
2.55989
2.39991
2.64396
2.80709
2.7262
2.56276
2.1561
2.31593
2.22679
2.06667
3.38345
3.54975
3.48889
3.32311
3.59143
3.75876
3.69232
3.52464
3.12243
3.28803
3.21478
3.04885
4.27575
4.4453
4.39144
4.22252
4.50486
4.67401
4.6173
4.44787
4.05168
4.22015
4.15933
3.99053
5.16558
5.33613
5.28313
5.11304
5.39963
5.56923
5.51589
5.34619
4.95333
5.12283
5.06857
4.89888
6.06285
6.23271
6.17788
6.00806
6.2929
6.4622
6.40788
6.23863
5.84579
6.01532
5.96175
5.79222
6.96141
7.12993
7.07505
6.90628
7.18886
7.35751
7.30237
7.1338
6.74091
6.9099
6.8549
6.68599
0.353628
0.371055
0.504167
0.384027
0.25148
0
1.30128
1.35637
1.50658
1.40816
1.25814
1.00815
2.24147
2.32273
2.48249
2.40117
2.24145
1.99838
3.15803
3.25952
3.42502
3.35809
3.19264
2.95812
4.05355
4.16754
4.33606
4.27901
4.11064
3.88382
4.94256
5.06027
5.23
5.17661
5.00708
4.78398
5.83792
5.95366
6.12338
6.0692
5.89959
5.67612
6.73742
6.85111
7.02005
6.96498
6.79597
6.57171
0.826331
0.865004
0.899673
0.756719
0.933483
1.08499
0.968485
0.815763
0.693876
0.543727
0.397839
0.417163
0.268918
0.13607
0
1.77385
1.8428
1.90884
1.75337
1.97318
2.13376
2.03695
1.87569
1.7743
1.61489
1.45842
1.50873
1.35135
1.24014
2.70292
2.79509
2.88439
2.7214
2.97187
3.13827
3.05846
2.89143
2.80752
2.64169
2.47781
2.55358
2.38911
2.29671
3.60768
3.71653
3.82256
3.65536
3.92707
4.09642
4.03128
3.86117
3.79271
3.62313
3.45492
3.55108
3.38217
3.30632
4.49782
4.61467
4.72952
4.5604
4.8436
5.01372
4.95817
4.78737
4.73006
4.55926
4.38931
4.49973
4.32904
4.26689
5.38917
5.50626
5.62263
5.45295
5.73887
5.90854
5.85572
5.68574
5.63282
5.46255
5.29255
5.40918
5.23866
5.18442
6.28791
6.40231
6.51683
6.34746
6.63128
6.80006
6.74555
6.57688
6.52293
6.35395
6.18472
6.30052
6.13121
6.07819
7.18472
7.35299
7.29841
7.46687
7.41232
7.24374
7.58072
7.52592
7.69401
7.63846
7.47061
7.41502
7.24703
7.07863
7.19164
7.02347
6.96845
0.122511
1.08814
2.04644
2.9802
3.88724
4.77905
5.67161
6.56978
0.604528
0.65457
0.128
1.56966
1.68839
1.17609
2.51687
2.68524
2.1916
3.43661
3.642
3.16877
4.33396
4.56112
4.10559
5.22453
5.45773
5.01095
6.12036
6.35039
5.90375
7.01819
7.24569
6.79794
0.3631
0.377744
0.12552
1.32935
1.38256
1.13333
2.28252
2.36223
2.12016
3.20922
3.30909
3.07565
4.11095
4.2235
3.99742
5.00164
5.11855
4.89557
5.89582
6.01145
5.78781
6.79422
6.90805
6.68385
0.846385
0.882609
0.630535
0.916512
0.950739
0.680072
0.390618
0.40675
0.131429
1.80876
1.87611
1.63019
1.94115
2.00507
1.74563
1.43337
1.48347
1.21853
2.74943
2.84003
2.60222
2.9283
3.01522
2.76692
2.43965
2.51575
2.26178
3.66254
3.76981
3.54044
3.87493
3.97914
3.74251
3.40665
3.50302
3.26059
4.55657
4.67227
4.44835
4.78658
4.90075
4.67356
4.33423
4.44443
4.21304
5.44784
5.5645
5.34146
5.68072
5.79717
5.57421
5.23456
5.35071
5.12634
6.34508
6.45957
6.23539
6.57407
6.68844
6.46539
6.12694
6.24256
6.01987
7.24152
7.35537
7.13196
7.4692
7.58236
7.35883
7.02186
7.13524
6.91174
0
-0.0998864
-0.33086
-0.663428
-1.07865
-1.54975
-2.04087
-2.52179
-2.98473
1
0.855767
0.600252
0.239067
-0.201373
-0.684859
-1.17245
-1.64141
-2.09365
-0.031181
0.392561
0.933913
0.5
-0.201401
0.145331
0.742897
-0.485585
-0.204129
0.431345
-0.86209
-0.635116
0.0267551
-1.30935
-1.11597
-0.440329
-1.79508
-1.60786
-0.93014
-2.28372
-2.08321
-1.40966
-2.75508
-2.53997
-1.8688
0.469867
0.282987
-0.0177747
-0.41109
-0.87175
-1.36276
-1.84837
-2.31305
-0.0129693
0.224433
0.493709
0.25
-0.146938
0.0439149
0.341497
0.150186
-0.405202
-0.24933
0.0668241
-0.0900609
-0.760321
-0.635098
-0.305232
-0.43182
-1.1925
-1.0901
-0.752164
-0.855912
-1.67209
-1.57924
-1.23933
-1.33286
-2.16282
-2.06652
-1.7288
-1.82484
-2.63897
-2.53425
-2.19865
-2.30285
-0.0609193
0.435584
0.627515
0.89945
0.705616
0.959449
0.75
-0.262826
0.217482
0.375384
0.675045
0.51588
0.803337
-0.571751
-0.108193
0.0195518
0.337938
0.209111
0.518902
-0.968346
-0.521229
-0.416758
-0.0856303
-0.190353
0.135174
-1.42864
-0.993232
-0.899766
-0.562217
-0.654948
-0.319828
-1.91816
-1.48574
-1.39033
-1.05184
-1.14625
-0.807671
-2.40339
-1.96649
-1.86279
-1.52618
-1.62944
-1.29176
-2.87033
-2.76237
-2.42667
-2.31709
-1.98148
-2.09133
-1.75553
0.245916
0.100701
-0.166662
-0.531041
-0.971626
-1.45589
-1.9463
-2.41908
0.191802
0.671061
0.732252
-0.0197777
0.449017
0.575562
-0.337809
0.117077
0.295315
-0.743553
-0.301771
-0.083075
-1.21072
-0.776851
-0.534698
-1.70237
-1.26879
-1.02308
-2.18537
-1.74681
-1.5106
-2.64858
-2.20442
-1.97756
-0.00681129
0.118033
0.250374
0.125
-0.122484
-0.0222812
0.126388
0.0260922
-0.367273
-0.285298
-0.12759
-0.209785
-0.711247
-0.645254
-0.480804
-0.547136
-1.13516
-1.08192
-0.913387
-0.967065
-1.61081
-1.56408
-1.3943
-1.44135
-2.10197
-2.05471
-1.88571
-1.93301
-2.58053
-2.52909
-2.36111
-2.41241
-0.0448603
0.0665565
0.209329
0.0979192
0.453879
0.554283
0.689485
0.588854
0.499297
0.614198
0.74192
0.625
-0.231288
-0.140584
0.0129102
-0.0779737
0.251088
0.333955
0.483321
0.400192
0.367998
0.459349
0.602546
0.510926
-0.52797
-0.454237
-0.292862
-0.366867
-0.0622752
0.00498904
0.163804
0.0962513
0.106856
0.18169
0.336137
0.261018
-0.914685
-0.855662
-0.688807
-0.748234
-0.465658
-0.411114
-0.245579
-0.300291
-0.25406
-0.193681
-0.0311499
-0.0917782
-1.36873
-1.31967
-1.15018
-1.19966
-0.932294
-0.884862
-0.715733
-0.763115
-0.693284
-0.643144
-0.475399
-0.525599
-1.85665
-1.81041
-1.64086
-1.68728
-1.42434
-1.37729
-1.20762
-1.25448
-1.17761
-1.13114
-0.961409
-1.00774
-2.34373
-2.2945
-2.12611
-2.17525
-1.90761
-1.85676
-1.6883
-1.739
-1.66849
-1.61978
-1.45064
-1.49915
-2.8128
-2.75948
-2.5915
-2.6447
-2.36994
-2.3156
-2.14794
-2.20227
-2.14107
-2.0882
-1.92031
-1.9731
-0.0204679
0.236688
0.348418
0.483214
0.370954
0.375
-0.1733
0.0731942
0.164234
0.313145
0.221959
0.272337
-0.444666
-0.207255
-0.132967
0.0252694
-0.0492904
0.0283089
-0.810622
-0.582493
-0.522704
-0.357596
-0.417693
-0.31748
-1.25059
-1.03056
-0.980772
-0.81168
-0.861681
-0.74524
-1.73355
-1.51756
-1.47104
-1.30107
-1.34761
-1.22437
-2.22343
-2.00658
-1.95755
-1.78876
-1.83765
-1.71644
-2.69715
-2.47678
-2.4237
-2.25596
-2.30894
-2.19312
-0.0793783
0.172029
0.415128
0.314794
0.650385
0.742436
0.87876
0.786079
0.917847
0.820484
0.719862
0.947766
0.8471
0.974535
0.875
-0.296054
-0.0541147
0.18222
0.0995758
0.413027
0.488454
0.638498
0.562701
0.709871
0.630099
0.546652
0.774081
0.690204
0.830602
-0.616924
-0.384144
-0.155493
-0.22246
0.0689787
0.129843
0.28917
0.228065
0.385361
0.32081
0.252963
0.475888
0.407716
0.560383
-1.02302
-0.799279
-0.577741
-0.632058
-0.358856
-0.308658
-0.143115
-0.193255
-0.0289702
-0.08132
-0.136163
0.0815064
0.0265573
0.18773
-1.48901
-1.27164
-1.05448
-1.10188
-0.838221
-0.792116
-0.623484
-0.669278
-0.50114
-0.547326
-0.594575
-0.379862
-0.4269
-0.260298
-1.9796
-1.76371
-1.54693
-1.59412
-1.32971
-1.28143
-1.1123
-1.1603
-0.991114
-1.03812
-1.08472
-0.868982
-0.915243
-0.746281
-2.46276
-2.24427
-2.02502
-2.07603
-1.80497
-1.75224
-1.58395
-1.63663
-1.46809
-1.51967
-1.5702
-1.35089
-1.40126
-1.23228
-2.92765
-2.87351
-2.70552
-2.65121
-2.48333
-2.53765
-2.42861
-2.26079
-2.20544
-2.03762
-2.09306
-1.9252
-1.98019
-2.03455
-1.81226
-1.86668
-1.69859
0.123233
0.00284424
-0.246775
-0.595567
-1.0241
-1.50262
-1.99399
-2.4709
0.0834542
0.57271
0.621461
-0.108442
0.367935
0.486124
-0.409848
0.0513292
0.222136
-0.801422
-0.35521
-0.142114
-1.25942
-0.823807
-0.584029
-1.74888
-1.31598
-1.06941
-2.23504
-1.79806
-1.55963
-2.70218
-2.25901
-2.03079
0.109507
0.361227
0.375616
-0.0492466
0.19399
0.248102
-0.325346
-0.0903858
-0.00971566
-0.696163
-0.469627
-0.366962
-1.14047
-0.920935
-0.803091
-1.62566
-1.40933
-1.28593
-2.11514
-1.89777
-1.7772
-2.58701
-2.36644
-2.25117
0.047356
0.294608
0.332791
0.53368
0.765379
0.80445
0.602767
0.834645
0.860169
-0.174385
0.0647508
0.132752
0.298306
0.526414
0.597285
0.430686
0.661098
0.717348
-0.500017
-0.269301
-0.177005
-0.0427287
0.179618
0.27515
0.139717
0.365018
0.44888
-0.910899
-0.688206
-0.57687
-0.467936
-0.25056
-0.136813
-0.246428
-0.0268363
0.0788088
-1.38034
-1.16299
-1.04111
-0.946199
-0.730625
-0.608152
-0.702867
-0.486881
-0.367464
-1.8718
-1.6554
-1.53265
-1.43835
-1.22102
-1.09933
-1.19285
-0.976745
-0.853679
-2.35362
-2.13474
-2.01697
-1.9151
-1.69459
-1.57832
-1.67957
-1.46065
-1.34152
-2.81659
-2.59445
-2.48076
-2.37212
-2.1493
-2.03669
-2.14535
-1.92353
-1.80959
