FiniteElementSpace
FiniteElementCollection: H1_2D_P2
VDim: 2
Ordering: 0

0
0.00311654
-0.0118728
-0.02321
-0.0240942
-0.0180258
-0.00747652
0.00698083
0.0237193
0
-0.0119268
-0.0217584
-0.0255142
-0.0226975
-0.0151606
-0.00335938
0.0123238
0.0294212
0.00452073
-0.00317385
-0.0061536
0
-0.00358747
-0.0171454
-0.0173531
-0.0188581
-0.025188
-0.0245485
-0.0247953
-0.0240323
-0.0247997
-0.0216977
-0.0170811
-0.0194512
-0.0132696
-0.00583219
-0.00980711
-0.000682133
0.00943663
0.00410355
0.015241
0.0265257
0.0208906
0.000578532
-0.01008
-0.0224269
-0.0255542
-0.0211147
-0.0119961
0.00137777
0.0179736
0.00257171
0.0023076
0.000533186
0
0.000197656
-0.00692114
-0.00643634
-0.000132888
-0.0156458
-0.0207748
-0.0200807
-0.0146215
-0.024326
-0.025302
-0.0256423
-0.0243341
-0.023076
-0.0215218
-0.0227247
-0.024182
-0.0157784
-0.0127488
-0.0146714
-0.0176704
-0.00419937
0.000274698
-0.00235011
-0.00675715
0.011058
0.0166075
0.0136734
0.00817481
0.00467017
-0.000704199
-0.00676856
-0.00905125
-0.00158758
-0.00327712
0
-0.00774903
-0.0137444
-0.0195471
-0.0197278
-0.0134571
-0.0147215
-0.0213929
-0.0241293
-0.0256516
-0.0252566
-0.0237542
-0.0233785
-0.0246917
-0.0249948
-0.0235644
-0.023904
-0.0254369
-0.0253495
-0.0200044
-0.0192294
-0.0162465
-0.0174358
-0.0204346
-0.0212075
-0.0105017
-0.00904999
-0.00470456
-0.00671888
-0.0110166
-0.01262
0.0030546
0.0053208
0.0108062
0.00814208
0.00264341
0.000256928
0.0194794
0.0251263
0.0222789
0.0279629
0.0251665
0.0193917
0.0165929
0.00124391
-0.00320549
-0.0179876
-0.025116
-0.0230167
-0.0153423
-0.00336461
0.0123503
0.00183381
-0.00383537
-0.000280884
-0.0108453
-0.0166782
-0.0100731
-0.0228967
-0.0249897
-0.0219313
-0.0249658
-0.0246789
-0.0257816
-0.0197329
-0.0184687
-0.022139
-0.00988723
-0.00799645
-0.0137648
0.00413385
0.00664413
-0.00115076
0.0208903
0.0236964
0.0150754
0.000927775
0.00178249
0.000419528
0
0.00179554
-0.00155936
-0.00155997
0.00142605
-0.0138267
-0.0168525
-0.0163687
-0.0132859
-0.0238566
-0.024748
-0.024804
-0.0238008
-0.0236338
-0.0230712
-0.0236436
-0.0241626
-0.0169353
-0.0155897
-0.0165396
-0.0178764
-0.00586944
-0.00380507
-0.00509284
-0.00714356
0.00900353
0.0117034
0.010249
0.00757153
0.00482131
0.00317453
0.00227341
0.00331851
0.000106391
-0.00213073
-0.00260904
-0.000366516
0.000190099
0.000196957
-0.000122191
0
-0.00565668
-0.0093396
-0.00888182
-0.00530207
-0.0119274
-0.0151976
-0.0150986
-0.011721
-0.00473134
-0.00817006
-0.00839161
-0.00485228
-0.0202206
-0.0221758
-0.0219217
-0.0198497
-0.0233585
-0.0246154
-0.0244439
-0.0231389
-0.018679
-0.0210407
-0.0208036
-0.0183603
-0.0248116
-0.0248535
-0.0251946
-0.0250742
-0.0253289
-0.0248863
-0.0251056
-0.0255496
-0.0254866
-0.0257694
-0.025779
-0.0254783
-0.0208882
-0.0198957
-0.0206627
-0.0216355
-0.0202056
-0.0188824
-0.0194838
-0.0208109
-0.0234188
-0.0224718
-0.0228882
-0.0238429
-0.0119184
-0.0102233
-0.0113517
-0.0130389
-0.010557
-0.00855049
-0.00954063
-0.0115348
-0.0159092
-0.0142477
-0.0150385
-0.016695
0.00116014
0.00358191
0.00217905
-0.000221853
0.00332492
0.00596331
0.00462058
0.00198864
-0.00412314
-0.00177463
-0.00295925
-0.0052943
0.017358
0.0201916
0.0187493
0.015928
0.020129
0.0229818
0.0215483
0.0186736
0.0115434
0.014362
0.012931
0.0101055
0.00379709
0.00194899
0.00142794
0.000693428
0.000878219
0
-0.00162384
-0.00501187
-0.00849856
-0.00823307
-0.00480965
-0.00163864
-0.0173388
-0.0194609
-0.0216354
-0.0213309
-0.0190626
-0.0159032
-0.0246396
-0.0252793
-0.0254664
-0.0256614
-0.0254187
-0.0248008
-0.0224287
-0.022308
-0.0213498
-0.0219557
-0.0229036
-0.0241418
-0.0145568
-0.014079
-0.0124008
-0.0133673
-0.0150361
-0.0174056
-0.00247017
-0.00157426
0.000807272
-0.000515096
-0.0028797
-0.0063197
0.01314
0.0144722
0.0172869
0.0158192
0.0130047
0.00879465
0.00409542
0.00101618
-0.00181347
0.000572456
-0.00523428
-0.00909306
-0.0104985
-0.00608081
-0.00761022
-0.0034233
-0.00080482
-0.00472072
-0.00125237
-0.00161873
0
-0.00984588
-0.0127707
-0.0154905
-0.012304
-0.0181639
-0.0206901
-0.0207897
-0.0181936
-0.0185778
-0.0153315
-0.011769
-0.0160639
-0.0122416
-0.0133407
-0.0223963
-0.0237003
-0.0247365
-0.0235512
-0.0253892
-0.0256744
-0.0254383
-0.025216
-0.0249581
-0.0242374
-0.0229137
-0.0240193
-0.0227233
-0.0226214
-0.0244506
-0.0246257
-0.0245601
-0.0250168
-0.024163
-0.0231853
-0.0233357
-0.0243559
-0.0243907
-0.0251934
-0.0256643
-0.0251182
-0.0256504
-0.0254804
-0.0190495
-0.0187353
-0.0181879
-0.0195117
-0.0173897
-0.0157351
-0.0163299
-0.0179867
-0.0184744
-0.019982
-0.0213203
-0.0203603
-0.021719
-0.0219848
-0.00902161
-0.00835549
-0.00747468
-0.00949561
-0.00638402
-0.00406077
-0.00507271
-0.00738672
-0.00829739
-0.0104412
-0.0124244
-0.0112475
-0.0132224
-0.0139232
0.00499621
0.00613447
0.00736023
0.00471222
0.00870822
0.0115443
0.010218
0.00736868
0.00610111
0.00334666
0.000718185
0.00215299
-0.000475094
-0.00158247
0.0216059
0.0244308
0.0230198
0.0258228
0.0244127
0.021584
0.0272391
0.0258336
0.0286919
0.0272936
0.0244255
0.0230337
0.0201313
0.0172313
0.0187418
0.0158185
0.0144509
0.000585762
5.78987e-05
-0.0151336
-0.0243576
-0.0236634
-0.0167663
-0.00550606
0.00962282
0.00346145
-0.00110974
9.19804e-05
-0.00731293
-0.0134829
-0.00645859
-0.0211022
-0.023954
-0.0197665
-0.025028
-0.0252691
-0.0256912
-0.0208019
-0.0198794
-0.0231957
-0.0116644
-0.0100767
-0.0155042
0.00165439
0.00395215
-0.00356629
0.0180588
0.0208312
0.0122231
0.00276762
0.00130084
0.000306714
-0.00336825
-0.00661519
-0.00313159
-0.0184331
-0.0204274
-0.0175479
-0.0249853
-0.0255093
-0.025185
-0.0223937
-0.0221641
-0.023565
-0.0143474
-0.013752
-0.0162539
-0.00204282
-0.00106538
-0.00463174
0.0138076
0.0151403
0.0108871
0.00248404
-0.000385923
0.00118861
-0.00339207
-0.00755578
-0.00469652
6.56138e-05
-0.00228432
-0.000395193
-0.0113474
-0.0141449
-0.0104079
-0.0168281
-0.0194925
-0.0167983
-0.00993489
-0.013803
-0.0106612
-0.0230773
-0.0242574
-0.0226765
-0.0251206
-0.0255069
-0.0247917
-0.0221646
-0.0235452
-0.021767
-0.0245626
-0.0246284
-0.0252992
-0.0244085
-0.0238091
-0.0248184
-0.0257188
-0.0254719
-0.0257187
-0.0189201
-0.0184919
-0.0204652
-0.017821
-0.0168929
-0.019016
-0.0216761
-0.0208829
-0.0224868
-0.00871639
-0.00794117
-0.0109821
-0.00695597
-0.00575724
-0.00894815
-0.0129249
-0.0118656
-0.0145116
0.00555608
0.00673426
0.00273491
0.00801667
0.00944049
0.00533522
7.84305e-05
0.00140813
-0.00229929
0.02232
0.0237151
0.0194371
0.0251179
0.0265598
0.0222832
0.0165146
0.0179737
0.0136727
0
0.0226652
0.0400059
0.0423171
0.0379956
0.0324105
0.0261931
0.0195044
0.0133242
0
0.0142247
0.0302155
0.0393871
0.0419799
0.0413328
0.0392389
0.0354955
0.0301407
0.0104876
0.0185528
0.00608389
0
0.0333924
0.0360793
0.0227739
0.0425824
0.0414455
0.0357934
0.0404898
0.0402114
0.0412936
0.035267
0.0369847
0.0418895
0.0293948
0.0328241
0.0404516
0.0228534
0.0275544
0.0376086
0.0163023
0.0216828
0.0329435
0.00700281
0.0288935
0.0400193
0.041266
0.0387215
0.035032
0.0303232
0.0246273
0.00556853
0.00843352
0.00230728
0
0.0284619
0.0310677
0.024055
0.0203771
0.041735
0.0414339
0.0384195
0.0381011
0.0415313
0.0410093
0.0415043
0.0420326
0.0366485
0.0370546
0.0395042
0.0391984
0.0309255
0.0322513
0.036037
0.0347376
0.024534
0.0266495
0.0316107
0.0295577
0.0178768
0.0205073
0.0261018
0.0235902
0.0164414
0.0126975
0.0167779
0.00997561
0.00625718
0.00300731
0
0.0372515
0.0329155
0.0336152
0.0266972
0.02639
0.0185619
0.0427191
0.0409885
0.0405618
0.0378265
0.038205
0.0332577
0.0392892
0.0408137
0.041105
0.0417593
0.0413287
0.0405234
0.0338555
0.0378795
0.0391713
0.0416566
0.040311
0.0420086
0.0278163
0.0339631
0.0360351
0.0398913
0.0377555
0.0409303
0.0211699
0.0289672
0.0314931
0.0366129
0.0339511
0.0384817
0.0147882
0.0175163
0.0231465
0.0258822
0.0315595
0.0287518
0.0342659
0.003521
0.0261028
0.0401808
0.0416626
0.0381528
0.033518
0.0281284
0.022043
0.0142808
0.0114581
0.00179484
0.0350816
0.0303371
0.0218287
0.0420021
0.0396239
0.0362244
0.0401654
0.0413095
0.0411032
0.0359154
0.039777
0.040761
0.0309322
0.0369373
0.0384981
0.0251317
0.0327658
0.0350412
0.0189968
0.0273222
0.0301484
0.00317782
0.00444018
0.00165852
0
0.0256587
0.0272212
0.0233176
0.0214451
0.0409982
0.0409734
0.0392526
0.0390529
0.0419655
0.0416361
0.0418899
0.0422137
0.0373272
0.0374228
0.0386835
0.0386244
0.0316736
0.0322316
0.0341333
0.0335848
0.0253676
0.0263489
0.0288496
0.0278903
0.0186848
0.0199799
0.0228162
0.0215689
0.0133709
0.0152793
0.0112824
0.00938498
0.00979266
0.012053
0.00880941
0.00654283
0.00082383
0.00195835
0.00044129
0
0.0354712
0.0361465
0.0331997
0.0321889
0.0310091
0.0317105
0.0284421
0.0277201
0.0213703
0.0230019
0.0193495
0.017691
0.0427331
0.0423957
0.0417945
0.0420356
0.0405745
0.0403561
0.0389786
0.0391742
0.0373464
0.0373951
0.0349995
0.0349287
0.0399052
0.0397599
0.0406065
0.0407863
0.0410621
0.0410759
0.0413455
0.0413176
0.0415176
0.0413321
0.0408763
0.0410421
0.0345651
0.0348987
0.0364898
0.036178
0.0383074
0.0388341
0.0400535
0.0395226
0.0398688
0.0401403
0.040948
0.0406684
0.0286118
0.0293865
0.0315985
0.0308334
0.0345059
0.0354551
0.0373563
0.0363992
0.0365177
0.0372733
0.0388431
0.0380837
0.022011
0.0231723
0.0258946
0.0247716
0.029653
0.0308659
0.03337
0.0321383
0.0322267
0.0333287
0.0355499
0.0344336
0.0155371
0.0169063
0.0197482
0.018422
0.0238869
0.0252275
0.0280403
0.0266844
0.0268319
0.0281214
0.0308286
0.0295215
0.00784914
0.00581326
0.00764065
0.00447879
0.00283515
0
0.031063
0.0286973
0.0299847
0.0265677
0.0250627
0.0194254
0.0422645
0.0409024
0.0407663
0.0393042
0.0393371
0.0371208
0.041037
0.0413651
0.0411667
0.0414164
0.0416169
0.0417762
0.0359615
0.0376094
0.0379012
0.0391211
0.0388448
0.039725
0.0301663
0.0328909
0.0336505
0.035542
0.0347864
0.0358707
0.0236956
0.0273945
0.0284967
0.0309759
0.0298799
0.0312008
0.017082
0.0212727
0.0225716
0.0253662
0.0240792
0.025581
0.0195724
0.0173441
0.0156423
0.0134262
0.0141296
0.0156677
0.0120729
0.0107983
0.00797228
0.00610332
0.00390705
0.00442624
0.00211373
0.00160617
0
0.0387728
0.0367144
0.034602
0.0340183
0.0320583
0.0320722
0.0285096
0.0287019
0.0247769
0.0247839
0.0241765
0.0206918
0.0203954
0.0163943
0.0425784
0.0420757
0.0412731
0.0415348
0.0401468
0.0400123
0.0386616
0.0387877
0.0368696
0.0370912
0.0372879
0.0345873
0.0348655
0.0317965
0.0386512
0.0396941
0.0405281
0.040514
0.0412272
0.0415377
0.0418959
0.0415331
0.0415597
0.0413174
0.0412504
0.0409492
0.0408324
0.0400034
0.0331376
0.0353315
0.0374386
0.0369084
0.0394826
0.0402522
0.0415047
0.0407152
0.0417851
0.0410966
0.0405476
0.0419645
0.0413797
0.0420145
0.0270102
0.0302519
0.0334026
0.032457
0.0364971
0.0376346
0.0395776
0.0384141
0.0401823
0.0391046
0.0381358
0.0407006
0.0397154
0.0411408
0.0203338
0.0243628
0.0282669
0.0270593
0.0321395
0.0334812
0.0360693
0.0346781
0.0371265
0.0357715
0.0345082
0.0380605
0.0367562
0.0388745
0.0140511
0.0154312
0.0182534
0.0196005
0.0224101
0.0210731
0.0237752
0.0266005
0.0280047
0.0308539
0.0294338
0.0322566
0.0308366
0.0294553
0.0336147
0.0321938
0.0348939
0.00227416
0.0244181
0.0401321
0.0419666
0.0380301
0.0329136
0.0271249
0.0207714
0.0122484
0.00924518
0.000565553
0.0343037
0.0298081
0.0204049
0.0422948
0.0398325
0.0362507
0.0402905
0.0412209
0.0412301
0.0355426
0.0391865
0.0404172
0.0301163
0.0359363
0.0376861
0.0239737
0.0315118
0.0338917
0.0176583
0.0259576
0.0288272
0.00675459
0.00506389
0.00118696
0.0298277
0.0276268
0.0223163
0.0416044
0.0401418
0.0383335
0.041239
0.041422
0.0417391
0.036805
0.0383799
0.0392943
0.0315385
0.0342253
0.0353346
0.025564
0.0291956
0.0305483
0.0191961
0.0233251
0.0248319
0.0183785
0.016442
0.010466
0.0148881
0.0132309
0.00840227
0.0040854
0.00398455
0.000601598
0.0377323
0.0356837
0.0321166
0.0334137
0.0304557
0.0268045
0.025443
0.0226379
0.0180592
0.0423638
0.0417128
0.0412242
0.040754
0.0394539
0.038001
0.0383638
0.0360457
0.033539
0.0392027
0.0401333
0.040861
0.0408897
0.0415583
0.0414547
0.0413575
0.041112
0.0404679
0.0342464
0.0363952
0.0374106
0.0384664
0.0404931
0.0409167
0.0398413
0.0412517
0.0414763
0.0286445
0.0318368
0.0330613
0.0349544
0.0380362
0.0387698
0.0368445
0.0394194
0.0399928
0.0223699
0.0263242
0.027784
0.0302017
0.034092
0.0352383
0.032744
0.0362775
0.0372084
0.0161646
0.0203324
0.0218204
0.024498
0.028721
0.0301395
0.0274064
0.0315225
0.0328478
