FiniteElementSpace
FiniteElementCollection: L2_2D_P3
VDim: 1
Ordering: 0

0.0389279
0.0270552
0.0336742
0.04147
0.0195668
0.0171737
0.0255474
0.0346909
0.00788017
0.00937587
0.0168342
0.0247971
0.00496774
0.00626858
0.0115326
0.0169825
0.0183878
0.0173997
0.0162999
0.0155968
0.0152836
0.0144391
0.0135076
0.012919
0.0115919
0.0109214
0.0101928
0.00974119
0.0090806
0.00853369
0.00794564
0.00758661
0.00862462
0.00820825
0.00772294
0.0073937
0.00708576
0.00673607
0.00633215
0.00606094
0.00526889
0.0050001
0.00469456
0.00449331
0.0040431
0.00383086
0.00359316
0.00343957
0.00425631
0.00405368
0.00381067
0.00364017
0.00346751
0.0032997
0.00310006
0.00296123
0.00255083
0.00242488
0.00227726
0.00217633
0.00194153
0.00184451
0.00173253
0.00165742
0.00189503
0.00177744
0.00163319
0.00152944
0.00154203
0.00144639
0.00132988
0.0012467
0.00114012
0.00107011
0.000985951
0.000926754
0.000878671
0.000825814
0.00076327
0.000720078
0.000565824
0.000512554
0.000447354
0.000400637
0.000472361
0.000428962
0.000376139
0.000338507
0.000367665
0.000335435
0.000296656
0.000269366
0.000301006
0.00027596
0.000246255
0.000225678
8.07606e-05
6.96961e-05
5.65021e-05
4.733e-05
7.44282e-05
6.47178e-05
5.31548e-05
4.51172e-05
6.6996e-05
5.88147e-05
4.91304e-05
4.24275e-05
6.20627e-05
5.48236e-05
4.63392e-05
4.05199e-05
5.81429e-06
5.00339e-06
4.04446e-06
3.38607e-06
6.22098e-06
5.3407e-06
4.29862e-06
3.58256e-06
6.54642e-06
5.60447e-06
4.49331e-06
3.732e-06
6.62612e-06
5.65866e-06
4.52621e-06
3.75528e-06
0.025273
0.0243062
0.0233208
0.0227682
0.0216367
0.0206516
0.0196293
0.0190381
0.0171216
0.0161732
0.0151732
0.0145795
0.013923
0.013039
0.0120987
0.0115323
0.00283887
0.00257715
0.00231925
0.00218091
0.00154451
0.00139499
0.00125699
0.00119037
0.00142691
0.00133377
0.00120893
0.00111172
0.00276661
0.00264006
0.0024023
0.002174
0.000459713
0.000238118
0.00102508
0.00192673
0.000507759
5.68071e-05
0.000305401
0.000802051
0.00068419
0.000274951
0.000464844
0.000880824
0.00150303
0.00107348
0.00158835
0.00233206
0.0125172
0.0118712
0.0111314
0.0106404
0.0103357
0.00979005
0.00917102
0.00876472
0.00774828
0.00732401
0.00685051
0.00654594
0.00599497
0.00565577
0.00528248
0.00504681
0.000921056
0.000848614
0.000779213
0.000743959
0.00049537
0.000452139
0.000412107
0.000392765
0.000546813
0.000511666
0.000469028
0.000438481
0.00111018
0.00105356
0.000971449
0.00090322
0.00157649
0.00143979
0.00130769
0.00123937
0.000866232
0.000785838
0.00071179
0.000675915
0.000885791
0.000831477
0.00076634
0.000719632
0.00175319
0.00167111
0.00154682
0.00144019
0.00604934
0.00576821
0.00543579
0.00520636
0.00494722
0.00471256
0.00443746
0.0042494
0.00365507
0.00347669
0.00327077
0.00313252
0.0027889
0.00264971
0.00249145
0.00238722
0.000375005
0.000351819
0.000330387
0.000320342
0.000186338
0.0001735
0.000162585
0.0001584
0.000205861
0.000193884
0.000179968
0.000170581
0.000441061
0.00041895
0.00038849
0.000364197
0.000569922
0.000529571
0.000491357
0.000472418
0.000293546
0.000269913
0.000248491
0.000238692
0.000330823
0.000309956
0.000284911
0.00026726
0.000694493
0.000659033
0.00060887
0.000567943
0.00292475
0.00277079
0.00258368
0.00245043
0.00237741
0.0022511
0.00209873
0.00199111
0.00174769
0.00165419
0.00154299
0.00146569
0.00133338
0.00126224
0.00117896
0.00112213
0.000201558
0.000192529
0.000184975
0.000182326
0.000107324
0.000103011
0.000100535
0.000100993
9.96068e-05
9.48566e-05
9.05319e-05
8.86812e-05
0.000187208
0.000176671
0.00016394
0.000155084
0.000265267
0.00025135
0.000239033
0.000233875
0.000132628
0.000125534
0.000120312
0.000119268
0.000137131
0.000130021
0.000122416
0.000117884
0.000286085
0.000271485
0.000252321
0.000237732
0.00111202
0.00102756
0.000923677
0.000848785
0.000911501
0.00084309
0.000759475
0.000699599
0.000685392
0.000635405
0.000575074
0.000532462
0.000539999
0.000502104
0.000457067
0.000425811
0.0001295
0.000123647
0.000118536
0.000116478
8.38638e-05
8.04954e-05
7.83081e-05
7.82617e-05
6.17365e-05
5.83624e-05
5.59437e-05
5.55721e-05
7.4479e-05
6.84843e-05
6.26327e-05
5.96417e-05
0.000161119
0.000154436
0.00014897
0.000147207
9.46433e-05
9.13242e-05
8.96425e-05
9.03418e-05
7.76146e-05
7.38577e-05
7.10041e-05
7.03932e-05
0.000120567
0.000112531
0.000103799
9.8504e-05
0.000238816
0.00021119
0.000177765
0.000154134
0.00020676
0.000183722
0.000155966
0.000136419
0.000170752
0.000152863
0.000131512
0.000116615
0.000147865
0.000133219
0.000115954
0.000104058
6.49461e-05
6.00464e-05
5.48896e-05
5.17844e-05
4.82156e-05
4.47223e-05
4.12915e-05
3.94305e-05
3.23489e-05
2.98667e-05
2.76979e-05
2.67675e-05
2.47413e-05
2.23927e-05
2.04254e-05
1.96769e-05
9.79817e-05
9.24029e-05
8.69869e-05
8.41655e-05
6.85497e-05
6.48697e-05
6.17616e-05
6.05872e-05
4.69854e-05
4.39306e-05
4.15632e-05
4.09102e-05
4.36125e-05
3.95681e-05
3.59709e-05
3.44329e-05
2.22367e-05
1.89482e-05
1.50611e-05
1.23875e-05
2.23436e-05
1.91886e-05
1.54515e-05
1.28708e-05
2.21752e-05
1.91905e-05
1.56661e-05
1.32344e-05
2.18245e-05
1.89467e-05
1.55805e-05
1.32768e-05
1.54718e-05
1.36677e-05
1.16261e-05
1.02704e-05
1.30899e-05
1.16688e-05
1.00795e-05
9.03636e-06
1.03631e-05
9.38191e-06
8.31522e-06
7.63648e-06
8.54961e-06
7.8609e-06
7.14745e-06
6.7197e-06
3.54407e-05
3.19876e-05
2.81794e-05
2.57236e-05
2.78471e-05
2.52713e-05
2.25279e-05
2.0831e-05
1.95396e-05
1.78476e-05
1.61896e-05
1.52779e-05
1.43547e-05
1.31421e-05
1.20898e-05
1.16318e-05
1.62635e-06
1.33288e-06
1.00622e-06
7.98997e-07
1.56962e-06
1.22652e-06
8.49976e-07
6.15655e-07
1.49513e-06
1.11259e-06
7.01057e-07
4.52293e-07
1.44095e-06
1.0477e-06
6.30847e-07
3.85197e-07
1.3393e-06
1.00085e-06
6.39211e-07
4.23918e-07
1.32533e-06
9.97446e-07
6.44492e-07
4.31943e-07
1.30341e-06
9.90746e-07
6.50693e-07
4.42732e-07
1.28459e-06
9.84617e-07
6.55575e-07
4.51861e-07
5.58875e-06
4.82691e-06
3.94434e-06
3.34764e-06
5.16735e-06
4.49789e-06
3.71976e-06
3.19182e-06
4.71857e-06
4.15017e-06
3.4865e-06
3.03402e-06
4.45025e-06
3.94454e-06
3.35271e-06
2.94799e-06
0.031498
0.0290384
0.0265994
0.0251616
0.0270119
0.0250993
0.0230226
0.0217276
0.0210389
0.0197565
0.0183723
0.0175209
0.0163795
0.0156796
0.0149522
0.0145463
0.0139176
0.0134717
0.0131204
0.0129139
0.00968591
0.0095357
0.00951577
0.00959513
0.00552052
0.00557444
0.00574315
0.00593566
0.00333357
0.00346265
0.00366106
0.00380029
0.00376557
0.00461076
0.00924621
0.0139189
0.00200014
0.00264463
0.00606236
0.00959917
0.000840624
0.00106688
0.00301649
0.00518223
0.000500863
0.000411665
0.0014648
0.00276963
0.0151754
0.0143688
0.0134562
0.0128598
0.0125666
0.0118826
0.0111159
0.0106207
0.00946829
0.0089323
0.00834114
0.00796697
0.00736538
0.00693344
0.00646314
0.00617066
0.0063241
0.00594357
0.00553318
0.00528125
0.00452384
0.0042343
0.00393122
0.00375256
0.00264734
0.00245931
0.00227129
0.00216792
0.00162859
0.00150152
0.00137742
0.00131204
0.0078375
0.00735086
0.00683185
0.00651854
0.00566286
0.00528514
0.00489368
0.00466653
0.00337364
0.0031217
0.00287119
0.00273471
0.00211787
0.00194447
0.00177488
0.00168527
0.00721128
0.00687173
0.00647307
0.00620021
0.00591065
0.00562631
0.00529539
0.00507114
0.00438002
0.00416264
0.00391359
0.00374794
0.00335041
0.00317976
0.00298717
0.0028615
0.00284618
0.00269885
0.00253439
0.00242855
0.0019949
0.00188743
0.00177104
0.00169903
0.00112038
0.00105539
0.000988891
0.000951031
0.000649951
0.000609113
0.000569408
0.000548751
0.00344061
0.00325665
0.00305286
0.00292298
0.00241929
0.00228394
0.0021385
0.00204945
0.00136773
0.00128451
0.00119981
0.00115194
0.000801836
0.000748458
0.000696418
0.000669162
0.00354595
0.00337008
0.00315771
0.00300753
0.00288476
0.00273978
0.00256606
0.00244426
0.00212014
0.00201209
0.00188447
0.00179646
0.00161441
0.0015317
0.00143554
0.00137047
0.00137002
0.00129974
0.00121891
0.00116492
0.00096141
0.000911887
0.000856603
0.000821041
0.00054478
0.000516902
0.000487839
0.000470896
0.000320689
0.00030478
0.000289767
0.000282485
0.00164625
0.00156348
0.00146899
0.00140646
0.00115186
0.00109305
0.0010279
0.000986391
0.000646927
0.000613253
0.000578309
0.000558054
0.000375391
0.00035573
0.000336995
0.000327695
0.00147366
0.0013728
0.00124879
0.0011594
0.0012023
0.00112051
0.0010206
0.000949095
0.000894888
0.000835166
0.000763163
0.00071236
0.000696076
0.000650985
0.000597467
0.000560381
0.000600199
0.000562141
0.000517417
0.000486786
0.000438496
0.00041196
0.000381615
0.000361511
0.00027373
0.000258876
0.000243055
0.000233553
0.000184179
0.000175564
0.000167447
0.000163538
0.000752796
0.000708213
0.000656001
0.000620382
0.00054164
0.000510658
0.000475385
0.000452144
0.000326796
0.000309692
0.000291591
0.000280827
0.000210638
0.000201003
0.000192031
0.000187825
0.000377283
0.000337812
0.000289747
0.00025551
0.000319855
0.000287411
0.000248101
0.000220241
0.000255562
0.000231028
0.000201616
0.000180999
0.00021474
0.00019524
0.000172179
0.000156243
0.000194077
0.000177036
0.000157018
0.000143284
0.00015657
0.000143688
0.000128827
0.000118835
0.000116935
0.000108261
9.86533e-05
9.24995e-05
9.38819e-05
8.74791e-05
8.07367e-05
7.67004e-05
0.000268023
0.000246445
0.000221054
0.000203619
0.000209908
0.000194088
0.000175865
0.000163654
0.000149475
0.000139451
0.00012847
0.000121562
0.000115264
0.000108329
0.000101235
9.71959e-05
4.3248e-05
3.69884e-05
2.95678e-05
2.44447e-05
4.1547e-05
3.58325e-05
2.90548e-05
2.43647e-05
3.92982e-05
3.42132e-05
2.8207e-05
2.40591e-05
3.76145e-05
3.29142e-05
2.74141e-05
2.36466e-05
3.62489e-05
3.18013e-05
2.66074e-05
2.30539e-05
3.30439e-05
2.91449e-05
2.46173e-05
2.15331e-05
2.9028e-05
2.57517e-05
2.19967e-05
1.947e-05
2.61098e-05
2.32363e-05
1.99921e-05
1.78421e-05
5.89361e-05
5.22248e-05
4.43811e-05
3.90123e-05
5.22062e-05
4.65324e-05
3.99549e-05
3.54848e-05
4.43064e-05
3.97536e-05
3.45672e-05
3.11027e-05
3.89838e-05
3.51066e-05
3.0776e-05
2.79433e-05
3.10488e-06
2.65843e-06
2.13723e-06
1.78553e-06
3.27286e-06
2.75879e-06
2.16037e-06
1.75828e-06
3.39557e-06
2.81977e-06
2.15294e-06
1.7075e-06
3.41144e-06
2.811e-06
2.11888e-06
1.65863e-06
3.38981e-06
2.78986e-06
2.09876e-06
1.63912e-06
3.32867e-06
2.73898e-06
2.0595e-06
1.60715e-06
3.22025e-06
2.65637e-06
2.006e-06
1.57202e-06
3.11469e-06
2.58011e-06
1.96263e-06
1.54954e-06
6.56581e-06
5.60893e-06
4.49069e-06
3.73042e-06
6.39416e-06
5.47282e-06
4.39729e-06
3.66644e-06
6.0888e-06
5.22775e-06
4.22592e-06
3.54665e-06
5.79278e-06
4.98869e-06
4.05647e-06
3.42604e-06
0.0221397
0.0209584
0.0196743
0.0188804
0.0185052
0.0174831
0.0163791
0.0157021
0.0141629
0.0133378
0.0124569
0.0119251
0.0111904
0.01051
0.00978872
0.00935811
0.00972168
0.00911103
0.00846691
0.00808487
0.00711871
0.00663175
0.00613231
0.00584739
0.0043341
0.0039989
0.00366763
0.00348907
0.00278105
0.00254603
0.00231553
0.00219335
0.012263
0.0114323
0.0105526
0.0100282
0.00909417
0.00842942
0.00774726
0.00735766
0.00565156
0.00519148
0.00473747
0.0044932
0.00370479
0.00338027
0.00305976
0.00288835
0.00209728
0.00191092
0.00172926
0.00163394
0.00114983
0.00104179
0.000942582
0.000894711
0.00110265
0.00103905
0.000961266
0.000904087
0.00216067
0.00207189
0.00192514
0.00179208
0.00302612
0.00290253
0.00269419
0.00250416
0.0054302
0.00518806
0.00481
0.00447823
0.010851
0.0102812
0.00945114
0.00875997
0.0171195
0.016118
0.0147156
0.013587
0.00384242
0.00369331
0.00338053
0.00306468
0.00684197
0.00654141
0.00602703
0.00555207
0.0137557
0.0131005
0.0120855
0.0112047
0.0219176
0.0207944
0.0191585
0.0178018
0.00263471
0.00279475
0.00290678
0.00289809
0.00143855
0.00148574
0.00152904
0.00153338
0.00151425
0.00151958
0.00148901
0.0014318
0.00350539
0.00329607
0.00307801
0.0029112
0.00472506
0.00454675
0.00426418
0.00400865
0.00901862
0.00851093
0.00768904
0.00696828
0.0180515
0.0170069
0.0153633
0.0139349
0.0276628
0.0263539
0.0242537
0.0223365
0.00176054
0.00232672
0.00362301
0.00422702
0.00173789
0.00262012
0.00664946
0.0110445
0.0124074
0.00842674
0.0157466
0.0247955
0.0505306
0.0207805
0.0269204
0.0392367
0.0103639
0.00984707
0.00924956
0.00884819
0.0085356
0.00810037
0.0076018
0.00727048
0.00637132
0.00603496
0.00565588
0.00540889
0.00490758
0.00464042
0.00434369
0.00415401
0.00418569
0.00395315
0.00369761
0.00353651
0.00295586
0.00278325
0.00259927
0.00248788
0.00168621
0.00157835
0.00146919
0.00140804
0.00100224
0.000931799
0.000863048
0.000826928
0.00512792
0.00483114
0.00450788
0.00430658
0.00364136
0.00341874
0.00318352
0.0030429
0.00210092
0.00195938
0.00181703
0.00173802
0.00126906
0.00117506
0.00108331
0.00103505
0.000719415
0.000665609
0.000614304
0.000588502
0.000379099
0.000347138
0.00031774
0.000303795
0.000425025
0.000397753
0.000364769
0.000341278
0.000877345
0.000832345
0.000767926
0.000714893
0.00124435
0.001184
0.00109532
0.00102088
0.00222763
0.00212057
0.00196588
0.00183732
0.00421442
0.00400611
0.00371287
0.00347421
0.00632897
0.00600755
0.00556358
0.00520799
0.00156335
0.00148829
0.00137611
0.00128087
0.00278691
0.00265304
0.00245744
0.00229357
0.00529345
0.00502779
0.00465159
0.00434414
0.00799046
0.00757404
0.00699713
0.00653434
0.00119639
0.00109742
0.00100222
0.00095346
0.000653016
0.000594187
0.000539728
0.000513264
0.000700211
0.000655781
0.000602091
0.000563594
0.00140163
0.00133177
0.00122894
0.00114255
0.001961
0.00186937
0.0017295
0.00160909
0.00348923
0.0033235
0.00307796
0.00287017
0.00668399
0.0063436
0.00585839
0.00546011
0.0101755
0.00962837
0.00886849
0.00825839
0.00244416
0.00233614
0.00216594
0.00201645
0.00435781
0.00415689
0.00385338
0.0035929
0.00848713
0.00804855
0.00741871
0.00689916
0.0131091
0.0123739
0.0113514
0.0105309
0.00507954
0.00484282
0.00456094
0.00436478
0.00414558
0.00394872
0.00371624
0.00355595
0.0030552
0.00290647
0.00273347
0.00261626
0.0023272
0.00221187
0.00207977
0.00199196
0.00197323
0.00187445
0.00176254
0.00168915
0.00137931
0.0013085
0.00123066
0.00118155
0.000771595
0.000730301
0.000687646
0.00066306
0.000444784
0.000420057
0.000396292
0.000384254
0.00236627
0.00224657
0.00211196
0.0020245
0.00165515
0.00156858
0.00147413
0.00141512
0.000926106
0.000874681
0.000821805
0.000791507
0.000534009
0.000502434
0.000471881
0.00045616
0.000312447
0.000294613
0.000278442
0.000271214
0.000154646
0.000145156
0.000137549
0.000135179
0.000166282
0.000157141
0.000146861
0.00014024
0.000354411
0.000336632
0.000312627
0.000293839
0.000511957
0.000486672
0.000451655
0.0004236
0.00093129
0.000885226
0.000821375
0.000770034
0.00176299
0.00167535
0.00155525
0.00145953
0.00263296
0.00250154
0.00232332
0.00218252
0.000636472
0.000605546
0.000561933
0.000526438
0.00115591
0.00110016
0.00102189
0.000958263
0.0021861
0.00207995
0.00193317
0.00181531
0.00326478
0.00310498
0.00288679
0.00271344
0.000458408
0.000427939
0.000399371
0.000385527
0.00023117
0.000213741
0.000198333
0.000191722
0.000259328
0.000243507
0.000224751
0.000211749
0.000551969
0.000524062
0.000485054
0.000453539
0.000793213
0.000754797
0.00069984
0.000654592
0.00143486
0.00136625
0.00126892
0.00118914
0.00271124
0.00258017
0.00239771
0.00225039
0.00405182
0.00385339
0.00358116
0.00336405
0.000991952
0.000943817
0.000874063
0.000816076
0.00178513
0.00169965
0.00157731
0.00147634
0.00337259
0.00320823
0.00297812
0.00279155
0.00504887
0.00479805
0.00445267
0.00417654
0.00237737
0.00224237
0.00207742
0.00195927
0.00193241
0.00182217
0.00168843
0.00159339
0.00142316
0.00134206
0.00124503
0.00117712
0.00108996
0.00102856
0.00095624
0.000906559
0.000929529
0.000877669
0.000817232
0.000776235
0.000661148
0.000625051
0.000584185
0.000557444
0.000388099
0.000368204
0.000347263
0.000334905
0.000240913
0.000229817
0.000219498
0.000214675
0.00113362
0.00107337
0.0010036
0.000956607
0.000799752
0.000757608
0.000710214
0.00067945
0.000459803
0.000436399
0.000411886
0.000397511
0.000276836
0.000263704
0.000251422
0.000245598
0.000179469
0.000171858
0.000165618
0.000163588
0.000100165
9.65229e-05
9.46477e-05
9.53709e-05
8.73722e-05
8.32357e-05
7.98185e-05
7.87382e-05
0.000150798
0.00014162
0.000131087
0.00012421
0.000206501
0.000193036
0.000176656
0.000165135
0.000359707
0.000334893
0.000303322
0.000279912
0.000675528
0.000628652
0.000568108
0.000522429
0.00101137
0.000941712
0.000851617
0.000783493
0.000262812
0.000247323
0.00022771
0.000213304
0.000467777
0.000439073
0.000401596
0.000373082
0.000882942
0.00082848
0.000756886
0.000701941
0.00132101
0.00123989
0.00113348
0.00105191
0.000229347
0.000218277
0.000208752
0.000205083
0.000117568
0.000112144
0.000108585
0.000108464
0.000115631
0.000109932
0.000104254
0.000101278
0.000231488
0.000219216
0.000203695
0.000192332
0.00033027
0.000312334
0.000288797
0.00027087
0.000595615
0.000562413
0.000518042
0.000483522
0.00112711
0.00106398
0.000979654
0.000913952
0.00168514
0.00159093
0.00146573
0.00136859
0.000411874
0.000390787
0.000362273
0.000339917
0.000747804
0.000709018
0.00065613
0.000614218
0.0014162
0.00134241
0.00124245
0.00116357
0.00211599
0.00200563
0.00185733
0.0017411
0.000809758
0.000741299
0.000657225
0.000596737
0.000668664
0.000613144
0.000545366
0.000496909
0.000510186
0.000469405
0.000420222
0.000385516
0.000408827
0.000377623
0.000340551
0.000314829
0.000359352
0.000332748
0.000301417
0.000279896
0.000273968
0.000254927
0.00023303
0.000218407
0.000186103
0.000174668
0.000162276
0.000154618
0.000137307
0.000129909
0.000122574
0.000118636
0.00046959
0.000437497
0.000399714
0.00037378
0.000349765
0.000327174
0.000301256
0.000284011
0.000227244
0.000214239
0.000200277
0.000191783
0.000160084
0.000152172
0.000144551
0.000140697
0.000114015
0.000108304
0.000103042
0.0001006
7.69599e-05
7.34153e-05
7.07518e-05
7.01365e-05
5.43705e-05
5.11371e-05
4.87532e-05
4.82714e-05
5.73557e-05
5.23489e-05
4.76955e-05
4.55232e-05
6.29192e-05
5.63886e-05
4.97919e-05
4.61747e-05
8.4827e-05
7.41816e-05
6.22691e-05
5.46394e-05
0.000146723
0.000127598
0.000104935
8.93358e-05
0.000220375
0.000192297
0.000158397
0.000134546
8.82371e-05
8.00263e-05
7.12998e-05
6.61321e-05
0.000131967
0.000117879
0.000101502
9.05085e-05
0.000236974
0.000211172
0.000179814
0.000157603
0.000355578
0.000317573
0.000270759
0.000237088
0.000144895
0.00013876
0.00013363
0.000131833
8.9536e-05
8.62774e-05
8.4459e-05
8.48811e-05
6.93198e-05
6.57926e-05
6.32445e-05
6.28514e-05
9.53781e-05
8.83816e-05
8.1183e-05
7.7164e-05
0.000120205
0.000110284
9.92293e-05
9.2243e-05
0.000192999
0.000175372
0.000154199
0.000139436
0.000354399
0.000321664
0.000280996
0.000251504
0.000531322
0.000482946
0.000422307
0.000377877
0.000159373
0.00014772
0.000134138
0.000125053
0.000268626
0.00024744
0.000221223
0.000202337
0.000500157
0.000460413
0.000410038
0.00037274
0.000749312
0.000690404
0.000615362
0.000559467
0.000142928
0.000124805
0.000103038
8.77782e-05
0.000127207
0.000111769
9.32815e-05
8.03501e-05
0.000109346
9.69191e-05
8.21549e-05
7.18988e-05
9.7881e-05
8.73311e-05
7.49342e-05
6.64147e-05
9.14434e-05
8.18678e-05
7.06609e-05
6.29865e-05
7.85571e-05
7.07654e-05
6.17481e-05
5.56401e-05
6.41321e-05
5.82053e-05
5.15063e-05
4.708e-05
5.49942e-05
5.01346e-05
4.47858e-05
4.13571e-05
0.000135832
0.000122804
0.000107529
9.70604e-05
0.000113062
0.000102858
9.10675e-05
8.3111e-05
8.84237e-05
8.111e-05
7.29216e-05
6.75877e-05
7.3555e-05
6.78373e-05
6.16658e-05
5.78229e-05
4.9306e-05
4.50502e-05
4.04486e-05
3.75616e-05
3.76229e-05
3.45141e-05
3.13155e-05
2.94364e-05
2.55718e-05
2.34732e-05
2.15286e-05
2.05679e-05
1.87359e-05
1.70374e-05
1.56154e-05
1.50614e-05
1.47846e-05
1.33012e-05
1.2161e-05
1.1829e-05
7.87416e-06
6.70765e-06
5.9246e-06
5.83838e-06
3.98725e-06
2.58799e-06
1.53298e-06
1.28172e-06
4.76894e-06
2.74253e-06
9.65692e-07
2.49146e-07
2.06093e-05
1.826e-05
1.63119e-05
1.55997e-05
1.44082e-05
1.18023e-05
9.50052e-06
8.51941e-06
1.4966e-05
1.09851e-05
6.99872e-06
4.83254e-06
2.18651e-05
1.60704e-05
9.90108e-06
6.21875e-06
8.1451e-05
7.61163e-05
7.06987e-05
6.76259e-05
5.8788e-05
5.51062e-05
5.17133e-05
5.00972e-05
3.95826e-05
3.67758e-05
3.4468e-05
3.36488e-05
3.28776e-05
2.97341e-05
2.70384e-05
2.59691e-05
2.98959e-05
2.63781e-05
2.32328e-05
2.18556e-05
2.78275e-05
2.30982e-05
1.83932e-05
1.5855e-05
3.92688e-05
3.13733e-05
2.27337e-05
1.73543e-05
5.88312e-05
4.73091e-05
3.42199e-05
2.56641e-05
4.37023e-05
3.8764e-05
3.40503e-05
3.17028e-05
5.06114e-05
4.31494e-05
3.51929e-05
3.04177e-05
8.18111e-05
6.87748e-05
5.38175e-05
4.39109e-05
0.000122947
0.000103869
8.1404e-05
6.605e-05
1.12639e-05
9.62986e-06
7.69755e-06
6.36875e-06
1.17853e-05
1.01224e-05
8.15097e-06
6.79025e-06
1.21612e-05
1.04849e-05
8.50369e-06
7.13822e-06
1.22063e-05
1.05302e-05
8.56784e-06
7.22648e-06
1.20177e-05
1.03794e-05
8.46473e-06
7.1577e-06
1.1501e-05
9.96934e-06
8.18378e-06
6.96688e-06
1.07037e-05
9.31794e-06
7.71378e-06
6.62711e-06
1.00031e-05
8.73394e-06
7.27656e-06
6.2967e-06
2.12896e-05
1.85172e-05
1.52799e-05
1.30667e-05
1.99187e-05
1.74058e-05
1.44827e-05
1.24897e-05
1.80414e-05
1.58453e-05
1.33161e-05
1.1607e-05
1.65499e-05
1.45787e-05
1.23343e-05
1.08347e-05
9.49851e-06
8.31883e-06
6.9687e-06
6.06379e-06
8.40708e-06
7.43282e-06
6.32038e-06
5.57611e-06
7.18179e-06
6.44463e-06
5.60758e-06
5.05032e-06
6.38884e-06
5.81017e-06
5.15972e-06
4.73101e-06
5.99237e-06
5.50232e-06
4.95461e-06
4.59567e-06
5.28966e-06
4.98262e-06
4.629e-06
4.38962e-06
5.02254e-06
4.85592e-06
4.65552e-06
4.51359e-06
5.30287e-06
5.17852e-06
5.02555e-06
4.91459e-06
7.54348e-06
7.03114e-06
6.52881e-06
6.2502e-06
5.65201e-06
5.50506e-06
5.40965e-06
5.39691e-06
4.27418e-06
4.4595e-06
4.74892e-06
5.00009e-06
4.01716e-06
4.36768e-06
4.85808e-06
5.25518e-06
2.40613e-05
2.14663e-05
1.85629e-05
1.6657e-05
1.95563e-05
1.75758e-05
1.54094e-05
1.40221e-05
1.44515e-05
1.31451e-05
1.17945e-05
1.0988e-05
1.11016e-05
1.02161e-05
9.38548e-06
8.95821e-06
9.15659e-06
8.53017e-06
8.01766e-06
7.82198e-06
5.47184e-06
5.36912e-06
5.45629e-06
5.66637e-06
2.45692e-06
2.80781e-06
3.43745e-06
4.03604e-06
1.4409e-06
1.99741e-06
2.89167e-06
3.69696e-06
1.13073e-05
1.03836e-05
9.69486e-06
9.50965e-06
5.6554e-06
5.27832e-06
5.22345e-06
5.47601e-06
1.29187e-06
1.2425e-06
1.59189e-06
2.15158e-06
1.23069e-07
7.32682e-08
4.54697e-07
1.07454e-06
6.86041e-07
4.10227e-07
1.47598e-07
3.64508e-08
4.68629e-07
2.73747e-07
1.00112e-07
4.37142e-08
3.06799e-07
1.84618e-07
8.71048e-08
7.94089e-08
2.51025e-07
1.71347e-07
1.01586e-07
1.09832e-07
2.46439e-07
1.70997e-07
1.1333e-07
1.10997e-07
2.60866e-07
1.7271e-07
1.03479e-07
9.14349e-08
2.85552e-07
1.80165e-07
9.99827e-08
8.38459e-08
3.09945e-07
1.91155e-07
1.0574e-07
9.26451e-08
1.4203e-06
1.02868e-06
6.1271e-07
3.67245e-07
1.38582e-06
1.00981e-06
6.09791e-07
3.73162e-07
1.35634e-06
9.99093e-07
6.1803e-07
3.91724e-07
1.34483e-06
1.00074e-06
6.32826e-07
4.13521e-07
3.215e-07
1.94317e-07
1.06648e-07
9.7003e-08
3.32857e-07
1.84557e-07
8.91134e-08
8.82099e-08
3.54568e-07
1.78258e-07
7.75392e-08
9.82713e-08
3.76379e-07
1.77575e-07
7.67786e-08
1.22178e-07
3.67818e-07
1.63982e-07
6.15656e-08
1.34765e-07
3.32642e-07
1.34887e-07
3.25137e-08
8.70824e-08
2.54975e-07
9.95863e-08
6.75258e-09
3.26536e-08
2.04221e-07
9.33908e-08
1.15049e-08
1.31756e-08
1.27168e-06
9.74605e-07
6.47994e-07
4.43938e-07
1.25173e-06
9.44507e-07
6.09987e-07
4.03875e-07
1.22492e-06
8.9148e-07
5.41573e-07
3.38211e-07
1.20177e-06
8.40727e-07
4.79244e-07
2.86064e-07
3.04823e-06
2.53295e-06
1.93679e-06
1.53683e-06
2.91718e-06
2.4399e-06
1.88523e-06
1.51127e-06
2.78368e-06
2.34348e-06
1.82968e-06
1.48161e-06
2.70981e-06
2.28873e-06
1.79644e-06
1.46224e-06
2.68684e-06
2.26853e-06
1.7799e-06
1.4486e-06
2.68032e-06
2.25706e-06
1.76285e-06
1.42923e-06
2.79382e-06
2.32334e-06
1.78053e-06
1.41996e-06
2.96859e-06
2.43153e-06
1.82088e-06
1.42257e-06
4.3432e-06
3.86522e-06
3.30421e-06
2.91927e-06
4.19593e-06
3.76999e-06
3.25889e-06
2.90142e-06
4.34465e-06
3.91867e-06
3.40187e-06
3.03683e-06
4.71399e-06
4.23896e-06
3.6647e-06
3.26012e-06
