FiniteElementSpace
FiniteElementCollection: H1_2D_P2
VDim: 2
Ordering: 0

0
1.19557
2.12807
2.81403
3.32017
3.70664
4.03254
4.34243
4.65191
0
0.76013
1.43519
1.98663
2.42257
2.77538
3.08816
3.39382
3.70029
0.619951
0.998653
0.386793
0
1.69715
1.8021
1.11213
2.49741
2.41655
1.72659
3.08581
2.88255
2.21745
3.52457
3.24684
2.60672
3.87378
3.56212
2.9342
4.1878
3.86835
3.2408
4.49732
4.17631
3.54727
0.516366
1.42641
2.13048
2.66541
3.07411
3.40752
3.71499
4.02243
0.308419
0.565979
0.258134
0
1.45569
1.56404
1.21931
1.09812
2.31986
2.3169
1.97189
1.9679
2.95506
2.87814
2.5453
2.61812
3.42564
3.30092
2.98112
3.10345
3.79164
3.64123
3.32828
3.47779
4.11037
3.95144
3.63858
3.79756
4.41985
4.2599
3.94535
4.10539
0.916452
0.764187
0.889706
0.575495
0.462088
0.195258
0
1.92089
1.62048
1.62626
1.27754
1.27829
0.939399
2.6618
2.27849
2.20693
1.86044
1.93492
1.58488
3.20721
2.77758
2.65608
2.32295
2.44584
2.1055
3.61792
3.1624
3.01295
2.69263
2.84307
2.51694
3.95386
3.48526
3.32573
3.01152
3.17199
2.85568
4.26509
3.79156
3.63117
3.31722
3.47814
3.16449
4.57474
4.41412
4.09945
3.93837
3.62391
3.7849
3.47053
0.278071
1.33924
2.1488
2.75288
3.20522
3.56076
3.8746
4.18261
0.84029
0.68037
0.236932
1.77329
1.45731
1.08908
2.47306
2.07531
1.78536
2.99471
2.55422
2.33027
3.39147
2.92975
2.75211
3.71994
3.24923
3.09345
4.02834
3.55453
3.40193
4.33712
3.86175
3.70799
0.147004
0.291343
0.13446
0
1.32805
1.39754
1.22076
1.14672
2.22584
2.23484
2.06001
2.04843
2.8859
2.85452
2.68674
2.71664
3.37379
3.31582
3.15515
3.21225
3.74954
3.67634
3.51964
3.59242
4.07152
3.99248
3.83612
3.91506
4.38112
4.30122
4.14398
4.22389
0.77016
0.87803
0.705158
0.592191
0.641871
0.723876
0.572191
0.49069
0.127723
0.24835
0.120063
0
1.81121
1.84745
1.67056
1.63083
1.52504
1.54053
1.36906
1.35406
1.1107
1.15595
0.990652
0.945904
2.58121
2.568
2.39643
2.4077
2.20577
2.17815
2.00623
2.03405
1.88844
1.88008
1.70702
1.71573
3.14764
3.10145
2.93746
2.9825
2.72244
2.66678
2.50089
2.55659
2.48205
2.43885
2.2696
2.3129
3.57188
3.50496
3.34679
3.41307
3.11879
3.04658
2.8869
2.95919
2.93258
2.8673
2.70478
2.7701
3.91403
3.83695
3.68076
3.7576
3.44654
3.36744
3.21074
3.29001
3.28789
3.2112
3.05349
3.13031
4.22644
4.14669
3.98987
4.0696
3.75325
3.67308
3.51631
3.59663
3.60038
3.52035
3.36385
3.44407
4.53604
4.45594
4.29853
4.37861
4.06096
3.98061
3.82334
3.90368
3.90683
3.82669
3.66956
3.74978
0.466405
0.423235
0.541017
0.38805
0.268012
0
1.57875
1.45364
1.49611
1.32452
1.28007
1.049
2.41037
2.2344
2.22461
2.05255
2.06129
1.88595
3.02168
2.81664
2.77251
2.60639
2.64988
2.51818
3.47587
3.25378
3.18798
3.02826
3.0937
2.99361
3.83301
3.60126
3.52456
3.36813
3.44477
3.36263
4.14911
3.91303
3.83325
3.67678
3.75665
3.67993
4.45858
4.22125
4.14117
3.98389
4.06399
3.98688
1.05844
0.971292
0.883141
0.802558
0.786246
0.828273
0.668319
0.631546
0.481508
0.428096
0.350325
0.291157
0.220304
0.100759
0
2.02651
1.87237
1.71281
1.69782
1.54303
1.53296
1.3573
1.36991
1.19572
1.19796
1.18496
1.02657
1.01729
0.850448
2.73939
2.54693
2.34872
2.37666
2.14218
2.09829
1.92444
1.96953
1.79445
1.83259
1.86131
1.65669
1.68714
1.51099
3.2647
3.05001
2.83091
2.88682
2.60592
2.5403
2.37345
2.43969
2.27095
2.33287
2.38898
2.16229
2.21925
2.04694
3.6628
3.4351
3.20505
3.27733
2.97174
2.89466
2.73435
2.8118
2.65011
2.72562
2.79818
2.56235
2.63537
2.47036
3.99332
3.75885
3.52377
3.60274
3.28755
3.2071
3.04989
3.1306
2.97297
3.0534
3.13293
2.89512
2.97496
2.81579
4.30374
4.06684
3.82993
3.90997
3.59282
3.51251
3.35549
3.43591
3.27898
3.35953
3.44002
3.20263
3.28331
3.12633
4.61338
4.53301
4.37565
4.29523
4.13791
4.21829
4.05736
3.9001
3.81935
3.66215
3.74286
3.58561
3.6661
3.74645
3.5089
3.58927
3.43216
0.138706
1.27438
2.1434
2.78688
3.26488
3.63477
3.95383
4.26254
0.737136
0.608553
0.12451
1.74118
1.44873
1.05243
2.48937
2.1073
1.79923
3.04305
2.61259
2.37694
3.45963
3.00339
2.81942
3.79747
3.32886
3.17107
4.10814
3.63483
3.48223
4.41729
3.94216
3.78822
0.44369
0.405351
0.131092
1.51635
1.38993
1.16645
2.32291
2.14441
1.97517
2.9197
2.71228
2.58521
3.36518
3.14152
3.04444
3.71725
3.48491
3.40405
4.03106
3.79495
3.71833
4.33991
4.10258
4.02542
1.01463
0.927706
0.673624
0.836369
0.730796
0.53053
0.370501
0.324418
0.114622
1.94984
1.79354
1.59872
1.62951
1.45253
1.28502
1.25648
1.10868
0.923772
2.64373
2.4487
2.302
2.24666
2.0349
1.90209
1.95833
1.76093
1.61114
3.15781
2.9411
2.83066
2.71925
2.49072
2.38709
2.49871
2.27694
2.15971
3.54919
3.32043
3.23321
3.08885
2.8536
2.76917
2.91386
2.68105
2.58848
3.87612
3.64143
3.56381
3.40583
3.16891
3.09212
3.25083
3.01437
2.93509
4.18528
3.9484
3.87159
3.7114
3.47418
3.39769
3.55848
3.3214
3.24522
4.49452
4.25678
4.17975
4.01901
3.78114
3.7045
3.86518
3.62769
3.55087
0
0.394876
1.11639
2.00475
2.96316
3.94091
4.91168
5.8704
6.82327
1
1.26318
1.80898
2.53829
3.37669
4.28118
5.22258
6.17713
7.13064
0.158549
0.793501
1.0964
0.5
0.725138
1.44424
1.50673
1.54743
2.26203
2.15632
2.479
3.16542
2.94704
3.45181
4.10937
3.82266
4.42792
5.06691
4.74888
5.39224
6.02407
5.69943
6.34718
6.97727
6.6543
0.578573
1.09032
1.83861
2.70636
3.63435
4.58759
5.54597
6.50109
0.0869485
0.359462
0.513791
0.25
0.550627
0.900984
0.933445
0.586003
1.32791
1.68885
1.63718
1.27499
2.24024
2.59005
2.482
2.13011
3.20721
3.54134
3.39891
3.06215
4.18478
4.50677
4.34823
4.02378
5.15232
5.46883
5.30653
4.98869
6.10891
6.42417
6.2627
5.94719
0.2625
0.673919
1.01884
1.16881
0.822528
1.05032
0.75
0.914697
1.26134
1.62288
1.65145
1.29263
1.37663
1.77346
2.04725
2.3988
2.34352
1.99512
1.97773
2.72022
2.93438
3.27101
3.15956
2.82608
2.73972
3.6965
3.8713
4.19585
4.05057
3.72886
3.59789
4.67023
4.82722
5.14527
4.98517
4.66885
4.51409
5.63156
5.78516
6.1008
5.93828
5.62306
5.46077
6.58529
6.90025
6.73927
7.05414
6.89255
6.57784
6.41583
0.288317
0.734543
1.47783
2.35819
3.30112
4.26533
5.229
6.18582
0.459443
0.909192
0.763417
1.08201
1.4517
1.14758
1.90666
2.19357
1.80449
2.82492
3.04666
2.6099
3.78235
3.96142
3.49857
4.74793
4.90677
4.43177
5.70821
5.86199
5.3841
6.66228
6.81608
6.33942
0.0523353
0.185028
0.26603
0.125
0.470057
0.640726
0.657793
0.488465
1.22102
1.40161
1.37529
1.19429
2.12202
2.29837
2.24362
2.06651
3.08508
3.25356
3.18145
3.012
4.06293
4.22466
4.14455
3.98189
5.0321
5.1905
5.1089
4.94997
5.98969
6.14736
6.06654
5.90877
0.206492
0.358928
0.40585
0.257134
0.622972
0.788726
0.862763
0.697102
0.499858
0.635298
0.749978
0.625
0.818194
0.996798
0.989846
0.811349
1.17421
1.35521
1.37055
1.18988
0.861168
1.03858
1.08103
0.903824
1.6597
1.83904
1.79698
1.61701
1.9421
2.11981
2.09344
1.91612
1.53956
1.71993
1.71248
1.53247
2.59934
2.77186
2.70715
2.53375
2.81995
2.99029
2.93586
2.76592
2.37142
2.54556
2.50367
2.32992
3.57417
3.73892
3.66177
3.49602
3.75266
3.91634
3.84488
3.68155
3.28189
3.44863
3.38442
3.21805
4.54918
4.7088
4.62739
4.46701
4.70738
4.86705
4.78772
4.62826
4.22872
4.39003
4.31364
4.15262
5.51197
5.66983
5.58858
5.43043
5.6656
5.82362
5.74254
5.58456
5.18674
5.34537
5.26465
5.10615
6.46625
6.62378
6.54325
6.38568
6.6202
6.77771
6.69698
6.53949
6.14342
6.30109
6.22014
6.06247
0.118378
0.320133
0.466345
0.541979
0.398245
0.375
0.635733
0.815745
0.993976
1.00996
0.832089
0.687606
1.43675
1.58241
1.76277
1.73691
1.5564
1.35834
2.35926
2.47369
2.64765
2.59368
2.41946
2.19534
3.32947
3.4211
3.58753
3.51642
3.34965
3.11336
4.30645
4.38607
4.54703
4.46786
4.30659
4.06635
5.27237
5.34897
5.50737
5.42628
5.26771
5.02772
6.22807
6.30502
6.46264
6.38192
6.22427
5.98563
0.325324
0.519686
0.730937
0.564293
0.961453
1.13856
1.2136
1.0357
1.12991
0.955331
0.789455
1.06996
0.901524
1.02985
0.875
1.01415
1.17714
1.35143
1.17021
1.5359
1.71513
1.72877
1.55053
1.57746
1.3983
1.21823
1.43983
1.26028
1.31781
1.88851
2.01774
2.15394
1.97612
2.2954
2.46834
2.44004
2.26823
2.24894
2.07528
1.89876
2.06591
1.89051
1.89209
2.84151
2.94328
3.04956
2.87917
3.1584
3.32398
3.26759
3.10318
3.0527
2.88655
2.7174
2.8427
2.67471
2.63824
3.81876
3.90303
3.99022
3.82655
4.07842
4.23879
4.16557
4.00625
3.93626
3.77599
3.6134
3.70986
3.54842
3.48682
4.79106
4.86836
4.94707
4.78746
5.02596
5.18413
5.10376
4.9462
4.86686
4.70912
4.55018
4.63127
4.4732
4.39738
5.75103
5.82775
5.90465
5.74667
5.98142
6.13904
6.05772
5.90024
5.81885
5.66138
5.50357
5.58006
5.4226
5.3416
6.7043
6.86175
6.78128
6.93877
6.85829
6.70079
7.01573
6.93514
7.09246
7.01161
6.85436
6.77345
6.61612
6.45866
6.5351
6.37768
6.2965
0.155638
0.562018
1.29683
2.18194
3.13264
4.10332
5.07032
6.0281
0.304212
0.739727
0.622652
0.902394
1.27094
0.968968
1.72727
2.0171
1.62503
2.65251
2.87764
2.43711
3.61744
3.79873
3.33302
4.58798
4.7476
4.2712
5.55019
5.70411
5.22575
6.50475
6.65862
6.18181
0.217314
0.428204
0.380975
0.723962
0.911066
0.75746
1.50839
1.65863
1.45624
2.41567
2.53309
2.30684
3.37471
3.46842
3.23127
4.34589
4.4268
4.18643
5.31054
5.38758
5.14775
6.26655
6.34348
6.10498
0.420514
0.62305
0.511886
0.843611
1.08465
0.992562
0.662086
0.925023
0.883806
1.09417
1.26292
1.08047
1.44247
1.63141
1.47278
1.11234
1.32742
1.19728
1.95216
2.08506
1.86864
2.22412
2.36746
2.17081
1.81702
1.98181
1.80158
2.89172
2.99597
2.76303
3.10378
3.21309
2.99431
2.6552
2.78
2.5708
3.86041
3.94637
3.70692
4.03432
4.12226
3.89081
3.56483
3.66184
3.43578
4.82947
4.90761
4.66725
4.98657
5.06508
4.82754
4.50906
4.59099
4.35578
5.78935
5.86619
5.62706
5.94307
6.01965
5.78081
5.46497
5.54197
5.30332
6.74277
6.81979
6.58174
6.89674
6.97343
6.73526
6.42032
6.49692
6.25838
