FiniteElementSpace
FiniteElementCollection: H1_2D_P2
VDim: 2
Ordering: 0

0
0.019554
0.0251752
0.0207112
0.0155927
0.0124707
0.0113856
0.01167
0.0124345
0
0.00486903
0.00757998
0.00643054
0.00922679
0.0119085
0.010127
0.00799141
0.00750204
0.0114158
0.0131372
0.00185747
0
0.0241532
0.0170242
0.00717295
0.0235694
0.0134013
0.00681808
0.0178568
0.012367
0.00736468
0.0138554
0.0123698
0.0109852
0.0115567
0.0107688
0.0115911
0.0116802
0.00967348
0.00862455
0.0117508
0.00976529
0.00756957
0.00621642
0.0166334
0.0153742
0.0124026
0.0125313
0.0117213
0.0100507
0.00942832
0.00605919
0.00829045
0.00230502
0
0.0223322
0.0205327
0.0153105
0.0163433
0.0246198
0.0193733
0.0163539
0.021184
0.0192275
0.0148924
0.0127496
0.0167992
0.0146733
0.0132699
0.0124684
0.0139004
0.011935
0.0119063
0.0121061
0.0126244
0.0115275
0.0109384
0.0103533
0.0112552
0.0116193
0.010747
0.00951669
0.0108212
0.0158507
0.0100714
0.00953562
0.00328254
0.00456916
0.000924983
0
0.0250665
0.0171708
0.0125212
0.00760211
0.0122212
0.00623921
0.0222076
0.0143208
0.0100541
0.00648866
0.0112635
0.00725171
0.0166451
0.0123091
0.0108646
0.00824425
0.0099951
0.00672757
0.0131201
0.0125072
0.0120478
0.0115814
0.0117604
0.0101757
0.0113738
0.0112518
0.0102583
0.0109552
0.0114736
0.0119197
0.0117321
0.00984307
0.00861576
0.00821422
0.00919583
0.0092897
0.0120851
0.0111623
0.00949993
0.00847213
0.00741375
0.00823542
0.00780195
0.00322177
0.0189184
0.0204885
0.0157161
0.0135741
0.0122717
0.0110493
0.0107536
0.0127883
0.00730361
0.00170963
0.0212519
0.0126453
0.0111846
0.0180711
0.0105555
0.0119925
0.0143115
0.0103688
0.00986479
0.0129568
0.012003
0.0113601
0.0115535
0.0109033
0.0118708
0.0108805
0.00886872
0.00966035
0.0108945
0.00824229
0.00839028
0.00251715
0.0042706
0.00110891
0
0.0210661
0.0206325
0.0177536
0.0179324
0.0249701
0.0225449
0.0209021
0.023192
0.0199589
0.0173786
0.016228
0.0186669
0.0151191
0.0141307
0.0137318
0.0147241
0.0121863
0.0121921
0.0124505
0.012622
0.0114464
0.0113194
0.0111398
0.0113755
0.0116325
0.0112522
0.0107856
0.0112991
0.0136992
0.0142637
0.0106541
0.00969983
0.00822064
0.00874321
0.00598537
0.00541498
0.000807896
0.0020177
0.000599749
0
0.0247202
0.0231818
0.0209985
0.0223635
0.0169949
0.0149742
0.0125074
0.0145041
0.0143332
0.0133312
0.0104349
0.0114158
0.0229135
0.0200718
0.0187306
0.0214331
0.014843
0.0124637
0.0108945
0.0133524
0.0167421
0.0142167
0.0122962
0.0148273
0.0172307
0.0154243
0.0145763
0.0162943
0.0123306
0.011349
0.0101585
0.0112113
0.0130381
0.0113226
0.00991788
0.0117473
0.013478
0.013093
0.0131155
0.013595
0.0125323
0.0122516
0.0119044
0.0121471
0.0124185
0.0119191
0.0111192
0.0116234
0.0114396
0.0115428
0.0117263
0.0118231
0.0114934
0.0110548
0.0112049
0.0115774
0.0122541
0.0119733
0.0119878
0.0121996
0.0117235
0.0113381
0.0109065
0.0113305
0.0099383
0.00932596
0.00901829
0.00959864
0.0105487
0.00998386
0.00994653
0.0104904
0.0118998
0.0115241
0.0107984
0.0113035
0.00944019
0.00882811
0.00821491
0.00878718
0.00959172
0.00891002
0.00849878
0.00910701
0.00895418
0.00576242
0.00716173
0.00417663
0.00271404
0
0.0233638
0.0198425
0.0186282
0.0160745
0.0171516
0.0147518
0.0241434
0.0199683
0.0173685
0.0158882
0.0184339
0.0191334
0.0185238
0.015272
0.0136143
0.0125403
0.0141971
0.0150684
0.0142536
0.0134221
0.0129073
0.0125086
0.013017
0.0131183
0.0117235
0.0120896
0.0118485
0.0119275
0.012221
0.0125228
0.0116104
0.0109838
0.0105099
0.0101876
0.0107216
0.0110393
0.0116545
0.0107367
0.0101026
0.00945782
0.0101525
0.0102637
0.0178156
0.0146866
0.0117165
0.0113932
0.0084892
0.00737598
0.00407845
0.00553467
0.00251629
0.00345972
0.00310299
0.00132066
0.00140293
0.000503574
0
0.0252146
0.0213073
0.0171743
0.0192525
0.0126447
0.0101023
0.00764085
0.0101841
0.00744924
0.00977555
0.0117803
0.0067662
0.0088261
0.00559588
0.0214638
0.0174197
0.0138345
0.0161748
0.0102706
0.00828754
0.00641508
0.00856771
0.00662716
0.00908683
0.0116397
0.00703503
0.00966982
0.00744352
0.0161011
0.014091
0.0123267
0.0132846
0.0106094
0.010069
0.00872932
0.00933916
0.00777874
0.0087193
0.00989315
0.00700361
0.00833966
0.00652894
0.0127836
0.0127933
0.0124538
0.0127489
0.0120521
0.0119417
0.0117816
0.0117738
0.0113133
0.0113707
0.0115768
0.0106025
0.0107797
0.0097117
0.0113574
0.0113952
0.0110069
0.0114355
0.0105824
0.0101249
0.0105536
0.0108563
0.0113061
0.0114646
0.011698
0.0117977
0.011841
0.011956
0.0117119
0.0108528
0.00975651
0.0103763
0.00873729
0.0082408
0.00808943
0.0084944
0.00838777
0.00886496
0.00940913
0.00892541
0.00941952
0.00969512
0.012271
0.0118258
0.0110255
0.0104751
0.00961072
0.010208
0.00908211
0.00832497
0.00793898
0.00742279
0.00777128
0.00746682
0.00782541
0.00829768
0.00768858
0.00801697
0.00790247
0.00143262
0.0194062
0.0229387
0.0180009
0.0144181
0.012401
0.0113355
0.0112705
0.012083
0.00714034
0.000705317
0.0228821
0.0148229
0.0124678
0.0207688
0.0128981
0.0145681
0.0158354
0.0112559
0.0114955
0.0133405
0.0122174
0.0117752
0.01167
0.0113276
0.0121087
0.0113392
0.00945142
0.0102247
0.0113934
0.00878337
0.00900427
0.00712202
0.00487163
0.000926671
0.0216179
0.0180013
0.0160702
0.0220326
0.017932
0.0188435
0.0168094
0.0138709
0.0145985
0.013858
0.0129666
0.0130653
0.0119984
0.0120425
0.0123815
0.0113212
0.0106032
0.010868
0.0112584
0.0101136
0.0102058
0.0162177
0.0131918
0.00937152
0.0101732
0.00649469
0.00451071
0.00364729
0.0024014
0.00051041
0.0232797
0.0192768
0.019041
0.0149699
0.010198
0.0100462
0.0140085
0.00936732
0.00815752
0.0193625
0.0155999
0.0167732
0.012075
0.00838903
0.00880699
0.0138023
0.00938413
0.00991911
0.0150577
0.0131881
0.0134235
0.0114771
0.00969823
0.00900573
0.0112307
0.00849102
0.00826884
0.0128534
0.0126451
0.0128358
0.0122467
0.0118897
0.0115991
0.0120459
0.011095
0.0104336
0.0114443
0.0112314
0.0116442
0.0107716
0.0104968
0.0111842
0.011795
0.0116862
0.0119264
0.0113244
0.01032
0.0104369
0.00921316
0.00835914
0.00865856
0.00977499
0.00911804
0.00975919
0.0116777
0.0103286
0.0101321
0.00892718
0.00782395
0.00777386
0.0088332
0.00791244
0.00812814
0
0.0292205
0.0555566
0.0764197
0.08601
0.0873122
0.0855348
0.0877396
0.0911218
0
0.0111026
0.0369002
0.0649657
0.0834388
0.0880882
0.0873783
0.0898776
0.0923241
0.0174395
0.0202351
0.00114886
0
0.0423821
0.0470442
0.0232916
0.0672553
0.0717015
0.0512679
0.0825941
0.0856247
0.0761027
0.0873753
0.0880134
0.0871101
0.0863239
0.0860879
0.0876252
0.0861923
0.0887593
0.0884517
0.0890399
0.0918803
0.0907812
0.00833231
0.0334315
0.060188
0.0803722
0.0878963
0.086875
0.0870668
0.0898374
0.0117103
0.012897
0.0033599
0
0.0356956
0.0379484
0.0267336
0.0247766
0.0616688
0.0637146
0.053741
0.0513057
0.0798821
0.081728
0.0764524
0.0741551
0.0869019
0.0878648
0.0870801
0.0861119
0.0868843
0.0865339
0.0875218
0.0877666
0.085661
0.0865178
0.0863543
0.0856412
0.0883884
0.0893418
0.0893113
0.0881889
0.0231407
0.0140497
0.0157227
0.00570173
0.00427821
-0.00158604
0
0.0490687
0.0402352
0.0423652
0.0299446
0.0286401
0.0169977
0.0721986
0.0662295
0.0687277
0.0583185
0.0561697
0.0440591
0.0846078
0.0834187
0.0847289
0.0802684
0.0785282
0.0709617
0.0874961
0.0881762
0.0881319
0.0878651
0.0876364
0.0856801
0.085806
0.0863131
0.0866964
0.0873678
0.0872706
0.0879418
0.0869655
0.087972
0.089383
0.0892338
0.087743
0.0877613
0.0899513
0.0914929
0.090667
0.0921392
0.091474
0.0903432
0.0903285
0.00685907
0.0312601
0.0576935
0.0783413
0.0872627
0.0872245
0.0858511
0.0887683
0.0186513
0.00968963
0.000507745
0.0446793
0.0354314
0.0220598
0.069243
0.0627031
0.0493288
0.0843007
0.0820836
0.0740518
0.0880092
0.0881278
0.0865423
0.0859227
0.0868283
0.0877844
0.0873987
0.0886312
0.087017
0.0902379
0.0910933
0.089884
0.007448
0.00915832
0.00366855
0
0.0324168
0.0334889
0.0279825
0.0270189
0.0586709
0.0596487
0.0545382
0.0534086
0.078247
0.0791544
0.0763433
0.0752957
0.0865114
0.0871719
0.0867614
0.0861582
0.0871244
0.0870642
0.0875252
0.0875763
0.0855407
0.0857038
0.0856836
0.0855292
0.0880829
0.0885552
0.0884984
0.0879546
0.0202563
0.0209267
0.0157327
0.0152284
0.0111192
0.0118178
0.00687561
0.00622474
0.00147093
0.00188229
-0.000218574
0
0.0457375
0.0468645
0.041318
0.0401674
0.0368257
0.0378989
0.0320126
0.0310852
0.0234529
0.0244227
0.0188579
0.0179707
0.0698159
0.0707018
0.0665486
0.0654522
0.0632687
0.0645561
0.0594862
0.0582688
0.0504144
0.0516206
0.0458512
0.0447821
0.0836812
0.0845474
0.083112
0.082235
0.0820028
0.0828086
0.0804226
0.0795174
0.0741737
0.075329
0.0714876
0.0702996
0.0874765
0.087811
0.0879893
0.0876957
0.088097
0.0881769
0.0879502
0.0877991
0.0864385
0.0868517
0.0857331
0.0852253
0.0860465
0.0858178
0.0862033
0.0864084
0.086568
0.0865622
0.0870246
0.0870716
0.0877994
0.0876605
0.0879916
0.088089
0.0865656
0.0871688
0.0869519
0.0863227
0.087516
0.0883
0.0881864
0.0873971
0.0861587
0.0866734
0.0867985
0.0863795
0.0894466
0.0900662
0.0897387
0.0891535
0.0902017
0.0908872
0.0906706
0.0900977
0.0890581
0.089604
0.0896577
0.0890747
0.0146287
0.0099466
0.0105742
0.00573618
0.00499378
0
0.0390245
0.0345891
0.0357078
0.0300632
0.029007
0.0225067
0.0645382
0.0607586
0.0619832
0.0570045
0.0557448
0.0492
0.0813286
0.080135
0.0811072
0.078519
0.0774495
0.0729741
0.087185
0.0876253
0.0879232
0.0875607
0.0872224
0.0859246
0.0866119
0.0868853
0.0866929
0.0872044
0.0873762
0.0879081
0.0858809
0.08614
0.0867685
0.0866677
0.0860743
0.0858357
0.0886968
0.0890336
0.0895783
0.0895549
0.0890261
0.0884585
0.02612
0.021661
0.0170941
0.0163442
0.0126583
0.0134603
0.00834653
0.00766769
0.00330903
0.00254973
0.00212766
-0.000496899
-0.000756988
-0.00159532
0
0.0523491
0.0480145
0.0436456
0.0424797
0.0388863
0.0397469
0.0333912
0.0327899
0.02658
0.026056
0.0253206
0.0201045
0.0196058
0.0140083
0.0744049
0.071783
0.0690454
0.0677746
0.0657908
0.0669562
0.0617122
0.060632
0.0548292
0.053845
0.0527744
0.0476692
0.0468174
0.0404627
0.0853764
0.085294
0.0846209
0.0839181
0.0835167
0.0841343
0.0819813
0.0812385
0.0783182
0.0773929
0.0764025
0.0736562
0.0726007
0.0680654
0.0874399
0.0879315
0.0881436
0.0881243
0.0881829
0.0881358
0.0880356
0.0880267
0.0875652
0.0874082
0.0871719
0.0864906
0.0861526
0.0846728
0.0856259
0.0857291
0.0861466
0.0860949
0.0867114
0.0870289
0.0873217
0.0870991
0.08747
0.0874595
0.087534
0.0877897
0.0878831
0.0880509
0.0873707
0.0878187
0.0883942
0.0876666
0.089037
0.0896588
0.0895866
0.0889482
0.0888475
0.0880954
0.0873413
0.0880735
0.0873782
0.0875144
0.0905151
0.0912916
0.0908356
0.0916962
0.0912399
0.0904441
0.0920286
0.0915992
0.0922326
0.0918957
0.0912832
0.0910853
0.0905659
0.090096
0.0905343
0.090129
0.0901234
0.00517223
0.0302152
0.0565766
0.0773199
0.0867311
0.0873483
0.0855561
0.0882738
0.0180372
0.00892843
0.000582889
0.0435245
0.0344771
0.0211653
0.0681546
0.0614677
0.0482146
0.0834815
0.0812746
0.0729116
0.0878003
0.0880523
0.0861301
0.0860906
0.0867913
0.0879074
0.0867364
0.0878465
0.0864658
0.0895592
0.0904433
0.0893632
0.0122938
0.0077564
0.00247773
0.0368137
0.0323407
0.0257237
0.0626146
0.0589109
0.0525025
0.0807905
0.0793821
0.0753078
0.0874885
0.0876401
0.0866539
0.086743
0.0870405
0.087673
0.0859683
0.0863775
0.0858919
0.0888341
0.0892816
0.0887637
0.0239168
0.0193748
0.0134063
0.0148467
0.0105128
0.00499368
0.00386347
0.000601518
-0.00094807
0.050166
0.045854
0.0390925
0.0413377
0.0362466
0.0293914
0.0277304
0.0227951
0.0164952
0.073087
0.0704562
0.0649434
0.0675057
0.0638666
0.0572817
0.0549777
0.0503472
0.0432761
0.085432
0.0850152
0.0826155
0.0841215
0.0828043
0.079439
0.0775326
0.0751138
0.0698773
0.0877336
0.0880626
0.0880805
0.0881838
0.0881367
0.0877897
0.0874028
0.0868688
0.085248
0.0856239
0.0859112
0.0863679
0.0864182
0.087014
0.0872545
0.0873723
0.0876779
0.0880439
0.0875835
0.0880896
0.0872129
0.0887169
0.0893339
0.0885235
0.0869941
0.0877011
0.0871476
0.0906557
0.0910362
0.0899601
0.0914308
0.0917498
0.0908791
0.0898324
0.0903291
0.089917
