FiniteElementSpace
FiniteElementCollection: L2_2D_P3
VDim: 1
Ordering: 0

0.00548797
0.0035744
0.00535883
0.00735298
0.00234563
0.00208467
0.00391841
0.00594319
0.000746156
0.00100702
0.00237879
0.00390295
0.000512424
0.000626649
0.00145319
0.00236245
0.00431169
0.00402573
0.00369517
0.00347297
0.00327819
0.00305114
0.00279269
0.00262238
0.00217528
0.00202025
0.00185015
0.00174374
0.00151355
0.00140959
0.00130219
0.00124139
0.000391979
0.000245449
0.000108072
4.47043e-05
0.000332255
0.000226997
0.000136703
0.000104287
0.000387317
0.000327794
0.000290272
0.000293118
0.000519663
0.000489038
0.000485349
0.000511253
0.00205753
0.00239535
0.00287143
0.00326154
0.00160569
0.00183773
0.00216713
0.00243813
0.00125067
0.00137248
0.00155183
0.00170298
0.00112702
0.00118161
0.00127157
0.00135293
0.0068178
0.006933
0.00704085
0.00709008
0.00483487
0.00492342
0.00500261
0.00503468
0.00293224
0.00298869
0.00303463
0.00304791
0.00190338
0.00193895
0.00196286
0.00196326
0.00561124
0.00538504
0.00507485
0.00482735
0.00411009
0.00395936
0.00374826
0.00357685
0.00261032
0.00253112
0.00241548
0.00231859
0.00176256
0.00172188
0.00165823
0.00160252
0.00198755
0.00180028
0.00156852
0.00140078
0.00156369
0.0014236
0.00125058
0.00112567
0.00112589
0.00103402
0.000921535
0.00084111
0.000872321
0.000808242
0.000730982
0.0006767
0.000233291
0.000191635
0.000143713
0.000111839
0.000207864
0.00017249
0.000131936
0.000105035
0.000183516
0.000154848
0.000122271
0.000100835
0.000171993
0.000147186
0.000119304
0.000101161
0.00543137
0.0053257
0.0052297
0.00518716
0.00427536
0.00415794
0.00404295
0.00398278
0.00295545
0.00284092
0.00272425
0.00265867
0.00209949
0.00199825
0.00189427
0.00183519
7.69289e-05
8.4209e-05
9.55862e-05
0.000106282
0.000151269
0.000159023
0.000165531
0.000168773
0.000646187
0.000636375
0.000610997
0.000583398
0.00135397
0.00131898
0.00125228
0.00118669
0.000397086
0.00015211
2.55443e-05
7.94259e-06
0.000412078
0.000182105
8.78549e-05
0.000104902
0.00045122
0.000293323
0.000414167
0.000638183
0.000622533
0.000497615
0.000885218
0.00139425
0.00222213
0.00191661
0.00156088
0.00132025
0.00166669
0.00143403
0.00116927
0.000995569
0.00114448
0.000997147
0.000839183
0.000744406
0.000889501
0.000799971
0.000714759
0.000674162
0.000572909
0.000609974
0.000676489
0.000742891
0.000610983
0.00064213
0.000698253
0.000754692
0.000791834
0.000796675
0.000816381
0.000843481
0.00104601
0.00101448
0.000986682
0.000977511
0.000219394
0.00025012
0.000298872
0.000344187
0.00027988
0.000312423
0.000359412
0.00040025
0.000629069
0.000647651
0.000669761
0.000686801
0.00113285
0.00112616
0.0011098
0.00109363
0.000187845
0.000316325
0.000543971
0.000765168
0.000249433
0.000343084
0.000514656
0.000684373
0.000438639
0.000493304
0.000604167
0.000719504
0.000652936
0.000681449
0.000753335
0.000835011
0.00103767
0.000994329
0.000962437
0.000956184
0.000918315
0.000871208
0.000834552
0.000824697
0.000755114
0.000708204
0.000673898
0.000667373
0.000628158
0.000585325
0.000559422
0.000561643
0.000947717
0.000954928
0.000988796
0.00103416
0.000909545
0.000905734
0.000924342
0.000957281
0.000874101
0.000847061
0.000836656
0.000848193
0.000863231
0.000811044
0.000770916
0.000761839
0.00488161
0.00520435
0.00561243
0.00591207
0.00352929
0.00374952
0.00402406
0.00422197
0.00226245
0.00237812
0.00251946
0.00261806
0.00160369
0.00165798
0.00172253
0.00176479
0.000314367
0.000265111
0.000210405
0.000174549
0.000276282
0.000235377
0.000194383
0.000171585
0.000385747
0.00036548
0.000355099
0.00035895
0.000590818
0.000593266
0.000615249
0.000646151
0.000745274
0.000676617
0.000605779
0.000564318
0.000626888
0.000565978
0.000506207
0.000474192
0.000535909
0.000496936
0.00046807
0.000461771
0.000518063
0.000504658
0.000511601
0.000534798
0.00692712
0.00682137
0.00664702
0.00648692
0.00495799
0.00489864
0.00478939
0.00468234
0.00303177
0.00301157
0.00295996
0.00290188
0.0019661
0.00196448
0.0019411
0.00190773
1.73751e-05
2.6564e-05
3.86416e-05
4.81756e-05
5.21586e-05
5.38142e-05
6.06063e-05
6.94692e-05
0.000325316
0.000314315
0.000309695
0.000313612
0.000701316
0.000678522
0.000661769
0.000658821
4.79051e-05
3.52107e-05
2.09292e-05
1.13329e-05
7.89731e-05
6.56032e-05
5.50113e-05
5.19218e-05
0.000339709
0.000329032
0.000327117
0.000334765
0.000702619
0.00069636
0.000703514
0.000720668
0.00373167
0.003487
0.00317165
0.002934
0.00281743
0.00264392
0.00241922
0.00224923
0.00188774
0.00178485
0.00165103
0.00154958
0.00135412
0.00129094
0.00120879
0.00114676
0.000211735
0.000216783
0.000227239
0.000238427
0.000170236
0.000171531
0.000178525
0.00018803
0.000246312
0.000234393
0.000226207
0.000225523
0.000400586
0.00037254
0.000344986
0.000330673
0.00011005
0.000122407
0.000140146
0.000155343
0.000106315
0.000111015
0.000121855
0.000133936
0.000292122
0.000279683
0.000271872
0.000272319
0.000574006
0.000543345
0.000514321
0.000500385
0.00081056
0.000708723
0.000586482
0.000500872
0.000673424
0.00059204
0.000494802
0.000427016
0.000530481
0.000470768
0.000400256
0.000351693
0.000448394
0.000401491
0.000346957
0.000310022
0.000198251
0.000183701
0.000169292
0.000161431
0.000156935
0.000145285
0.000134391
0.000129035
0.000131617
0.000120061
0.000109296
0.000104063
0.00013344
0.000119221
0.000105255
9.77932e-05
0.000250744
0.000243242
0.000238467
0.000238528
0.000196492
0.000189746
0.000186228
0.000187427
0.000196075
0.000183731
0.000173667
0.000170396
0.000247972
0.000226491
0.000205376
0.000194282
2.71676e-05
1.81455e-05
9.19153e-06
4.42991e-06
3.01526e-05
2.09491e-05
1.15879e-05
6.35534e-06
3.50956e-05
2.5485e-05
1.55466e-05
9.79198e-06
3.97084e-05
2.95446e-05
1.90252e-05
1.28919e-05
4.04726e-05
3.18614e-05
2.28789e-05
1.74823e-05
3.43547e-05
2.70108e-05
1.9386e-05
1.48226e-05
2.73093e-05
2.13155e-05
1.51546e-05
1.15078e-05
2.26037e-05
1.74303e-05
1.21837e-05
9.13149e-06
0.000111011
9.91122e-05
8.66375e-05
7.91435e-05
9.0381e-05
8.09208e-05
7.1292e-05
6.57396e-05
7.12543e-05
6.35328e-05
5.59391e-05
5.17917e-05
6.23494e-05
5.48829e-05
4.76087e-05
4.37151e-05
0.00582851
0.00562328
0.00544397
0.00535416
0.00472238
0.00454467
0.00435779
0.00424706
0.00330616
0.00318761
0.0030632
0.00299029
0.00227879
0.0022337
0.00219143
0.00217482
0.00177775
0.00175755
0.00175977
0.00176729
0.000991217
0.000997303
0.00102287
0.00105204
0.000325196
0.00033929
0.000365204
0.000390598
7.77771e-05
9.16401e-05
0.000110719
0.000123961
0.000437856
0.000458426
0.00108329
0.00178009
0.000344863
0.000279513
0.00059756
0.00100525
0.000348906
0.000173818
0.000191845
0.000318942
0.000382302
0.000152658
4.42691e-05
5.11603e-05
0.00332104
0.00300495
0.00263405
0.00238025
0.00250457
0.00225877
0.00197544
0.00178594
0.00166875
0.00150694
0.00132847
0.00121626
0.00119629
0.00109267
0.000987061
0.000928946
0.000989863
0.000913753
0.000841822
0.000808004
0.00067277
0.000639086
0.000618959
0.000622281
0.000429378
0.000438762
0.000470153
0.00050978
0.000376913
0.000408787
0.000466088
0.000523389
0.00121768
0.00113832
0.00106052
0.00102067
0.000757823
0.000717359
0.000686636
0.000680164
0.000367917
0.000368715
0.000386216
0.00041283
0.000238623
0.00026237
0.000305
0.000347747
2.36288e-05
9.72918e-06
5.0959e-05
0.000129126
9.57464e-05
8.87494e-05
0.000130026
0.000201169
0.000298242
0.00029764
0.000338495
0.00040244
0.000524287
0.000526292
0.000565829
0.000625115
0.000630619
0.000633728
0.000671876
0.000727836
0.000755975
0.000756312
0.000786553
0.000832974
0.000917234
0.000910752
0.000928795
0.00096314
0.00103529
0.00102118
0.00102842
0.00105372
0.000586923
0.000569211
0.000579844
0.000614785
0.000670991
0.000668603
0.000695105
0.000738987
0.000807013
0.000815452
0.000852589
0.000901875
0.000927737
0.000937392
0.000974919
0.00102352
0.00346867
0.00383049
0.00431422
0.00469092
0.00257661
0.00282252
0.0031504
0.00340442
0.00177174
0.00189902
0.00207046
0.00220346
0.00138124
0.001438
0.00151839
0.00158235
0.00121302
0.00123941
0.0012805
0.00131476
0.000915122
0.000901443
0.000891387
0.000887608
0.000667387
0.000619262
0.000566917
0.00053304
0.000571564
0.000509405
0.000441196
0.000397099
0.00107437
0.00110018
0.0011513
0.00120193
0.00093438
0.00092038
0.000918289
0.000927261
0.00082382
0.000773871
0.000725288
0.000699069
0.000785877
0.000719578
0.000651148
0.000610912
0.00709927
0.00709513
0.00704679
0.00697732
0.00504486
0.0050553
0.005032
0.00498617
0.00305559
0.00307347
0.00306816
0.00304234
0.00196749
0.00198615
0.0019867
0.00196911
0.0015
0.00151734
0.00151999
0.00150684
0.000816301
0.000829456
0.000833281
0.000826037
0.000257059
0.000264526
0.000268045
0.000265977
5.21482e-05
5.58694e-05
5.82855e-05
5.82787e-05
0.00146188
0.00148696
0.00150119
0.00149724
0.000814198
0.000823898
0.000824725
0.000815735
0.000285113
0.000280797
0.000270563
0.000258736
9.13574e-05
8.10207e-05
6.68003e-05
5.49042e-05
0.00469266
0.004446
0.0041195
0.00386716
0.00348637
0.00331619
0.00308844
0.00291079
0.00226988
0.00217415
0.00204375
0.00194066
0.00157633
0.00152175
0.00144576
0.00138486
0.00127154
0.00123414
0.00118128
0.00113854
0.000794612
0.000780907
0.00076057
0.000743761
0.000383495
0.000387896
0.00039351
0.000398185
0.000215087
0.000224945
0.00023943
0.000252188
0.00139301
0.00136798
0.00132623
0.00128825
0.000828153
0.000823578
0.000811473
0.00079823
0.000349595
0.000359632
0.000370268
0.000377058
0.000160485
0.000174025
0.000191623
0.000205534
0.00131581
0.00117189
0.000996605
0.000871854
0.00106233
0.000951204
0.000816364
0.000720777
0.000798682
0.00072163
0.000629163
0.000564379
0.00064589
0.000588721
0.000521221
0.000474768
0.000573882
0.000525588
0.000469133
0.000430709
0.000442214
0.000408712
0.000370683
0.000345688
0.000319636
0.000299339
0.000277944
0.000265215
0.000261922
0.000247387
0.00023343
0.000226314
0.000756227
0.000704331
0.000642422
0.000599453
0.000554446
0.000521682
0.000483984
0.000458948
0.000370283
0.000354063
0.000337611
0.000328545
0.00028634
0.000276906
0.000269469
0.000267401
9.73205e-05
7.44091e-05
4.93113e-05
3.36816e-05
9.27516e-05
7.24442e-05
5.0144e-05
3.61579e-05
9.04142e-05
7.27157e-05
5.32945e-05
4.10627e-05
9.15635e-05
7.51271e-05
5.7173e-05
4.58943e-05
9.0648e-05
7.50046e-05
5.78717e-05
4.70498e-05
8.50524e-05
7.12404e-05
5.61927e-05
4.6722e-05
7.97507e-05
6.77608e-05
5.48202e-05
4.67401e-05
7.73302e-05
6.62829e-05
5.44505e-05
4.71144e-05
0.000164518
0.000141736
0.000116255
9.97491e-05
0.000145886
0.000127078
0.000106297
9.3007e-05
0.000127766
0.000112816
9.66468e-05
8.65517e-05
0.000118752
0.000105745
9.19297e-05
8.34883e-05
0.00508834
0.00485676
0.00459953
0.00443553
0.00390345
0.00371432
0.00350686
0.00337686
0.00260516
0.00247033
0.00232697
0.00224128
0.00179968
0.00170502
0.00160896
0.00155613
0.00143447
0.0013595
0.00128621
0.00124874
0.000859582
0.000816391
0.00078079
0.000769277
0.000347786
0.000340223
0.000344524
0.00035896
0.00015463
0.000167662
0.000192543
0.000218649
0.00169098
0.00160206
0.00151168
0.00146182
0.00100593
0.000949682
0.000897354
0.000872996
0.000378005
0.000358368
0.000345972
0.000346586
0.000129953
0.000130181
0.000136128
0.000145833
0.000117327
0.000137628
0.000168421
0.000196294
0.000179895
0.000202941
0.000232645
0.000256233
0.000588691
0.000602264
0.000611308
0.000613017
0.00118307
0.00117896
0.00115726
0.00112986
0.00161148
0.00159096
0.00154347
0.00149321
0.00263732
0.00257386
0.00246598
0.00236612
0.00458836
0.00445387
0.00424495
0.00406159
0.00664695
0.0064441
0.00613984
0.00587917
0.00183856
0.00179368
0.00170844
0.00162295
0.00295983
0.00289636
0.00278196
0.00267121
0.0049654
0.00490404
0.00478301
0.00465944
0.00697411
0.00694225
0.00685478
0.00675265
4.07886e-05
5.65963e-05
6.83912e-05
7.01678e-05
0.000118571
0.000134434
0.000148539
0.000153447
0.000651815
0.000667597
0.000681567
0.000684598
0.00149186
0.00146768
0.00145276
0.0014397
0.0020235
0.0020054
0.00196662
0.00192795
0.00336254
0.00327452
0.00313324
0.00300702
0.00539619
0.00528622
0.00510497
0.00493807
0.00708355
0.00704464
0.00697059
0.00687345
0.000694925
0.000700249
0.00131631
0.00203849
0.000829174
0.00099839
0.00239133
0.00408019
0.00319991
0.00231984
0.00441788
0.00706784
0.00924758
0.00450266
0.00643825
0.00925755
0.00118226
0.000934246
0.000657992
0.000482452
0.000895377
0.000711021
0.000512841
0.000393584
0.00068912
0.000577619
0.000469229
0.00041511
0.000648592
0.000585163
0.000536486
0.000526112
0.000639793
0.000598282
0.000575977
0.000584199
0.000620824
0.000609793
0.000623436
0.000656362
0.000667262
0.000683271
0.000728576
0.000783114
0.000754775
0.000781368
0.000838871
0.000901606
0.000783679
0.000720998
0.000668715
0.000651904
0.000621876
0.000599074
0.000595228
0.000612941
0.000532847
0.000548451
0.000590736
0.000641054
0.000557994
0.000591812
0.000655534
0.000720774
0.00077737
0.000804233
0.000861247
0.000922984
0.000783228
0.00080042
0.000843073
0.000892479
0.000855288
0.00084483
0.000851331
0.000872954
0.000968835
0.000924412
0.000888575
0.0008792
0.00100727
0.000938728
0.000873147
0.000842267
0.00110704
0.000983609
0.00084902
0.000767221
0.00143408
0.00121617
0.000966132
0.000801646
0.00186763
0.00155621
0.00119408
0.000951046
0.00119086
0.00113116
0.00106708
0.00103057
0.00154096
0.00141532
0.00126589
0.00116445
0.00230111
0.00205851
0.00176129
0.00155028
0.00316567
0.00280442
0.00235994
0.00204192
0.00037643
0.00041395
0.000476415
0.000536173
0.000431647
0.000467643
0.000524625
0.000577551
0.000707046
0.000722178
0.000747497
0.000773082
0.00109651
0.0010788
0.00105856
0.00104754
0.00135079
0.00130566
0.00124843
0.00120836
0.00196132
0.00185023
0.00170539
0.00159695
0.0031843
0.00295353
0.00265286
0.00242548
0.00451868
0.00416401
0.00370502
0.00335929
0.00148453
0.00145501
0.00140595
0.00136279
0.00232792
0.00224165
0.00211518
0.00201005
0.00396962
0.00378004
0.00351436
0.00329955
0.00573173
0.00543437
0.0050266
0.00470237
0.000898509
0.00115273
0.00153673
0.00187077
0.000781941
0.000960376
0.00123476
0.00147623
0.000778417
0.00087566
0.00103497
0.00118096
0.000869795
0.00091571
0.00100424
0.00109303
0.00091188
0.000935748
0.000993091
0.00105605
0.000912054
0.000902853
0.000914006
0.000939111
0.000932213
0.000890912
0.000858719
0.000849419
0.000957879
0.000899846
0.000846327
0.000821068
0.000751173
0.00076831
0.000822471
0.000888229
0.000846486
0.000843572
0.000867555
0.000906873
0.000965021
0.000940034
0.000932513
0.000945424
0.0010476
0.00100867
0.00098266
0.000981086
0.000930228
0.0008686
0.000810554
0.000781957
0.000798138
0.000739111
0.000684928
0.00065971
0.000645792
0.000599901
0.000564942
0.000556165
0.000548264
0.000519802
0.00051027
0.000523126
0.000472875
0.000458943
0.00046995
0.000499849
0.000326526
0.000348103
0.000407205
0.000475595
0.000249999
0.000325262
0.000458174
0.000586385
0.000290308
0.000412715
0.000611092
0.00079279
0.000520567
0.000483807
0.000467782
0.00047907
0.000294531
0.000274453
0.000282967
0.000315292
9.07077e-05
9.64548e-05
0.000144259
0.0002111
1.62426e-05
4.49033e-05
0.000128528
0.00022743
0.0010431
0.00102487
0.00102646
0.00104711
0.000958793
0.00093164
0.00092135
0.000932606
0.000838247
0.000797916
0.000772384
0.000773273
0.000741687
0.00068996
0.000652906
0.000647347
0.000642806
0.000586262
0.000545219
0.000538286
0.000430265
0.000365335
0.000316967
0.000307182
0.000243419
0.00016485
0.00010628
9.43601e-05
0.000183878
9.20736e-05
2.45135e-05
1.18754e-05
0.000815553
0.000747637
0.000689296
0.000667934
0.000716652
0.000614504
0.000515164
0.000465144
0.000711608
0.000552425
0.000387326
0.00029328
0.000823183
0.000608885
0.000381845
0.000247657
0.00605529
0.00628804
0.00655932
0.00674012
0.00431574
0.00447904
0.00466387
0.00478196
0.00266201
0.00275263
0.0028496
0.00290594
0.00178006
0.00182751
0.00187291
0.00189336
0.00140146
0.00142923
0.00145239
0.00145855
0.000833951
0.000835586
0.000830254
0.000819207
0.000368006
0.000347517
0.000319768
0.000296725
0.000194723
0.000165837
0.000130815
0.000105056
0.00132041
0.00134777
0.00137926
0.00139798
0.000873344
0.00086576
0.000855287
0.000845012
0.00050293
0.000466046
0.000422168
0.000390305
0.000361637
0.000313639
0.000258465
0.000220453
0.000149576
0.000118983
8.44438e-05
6.12529e-05
0.000152945
0.000126638
0.000101539
8.88491e-05
0.000353402
0.000339566
0.000335291
0.000342315
0.0006539
0.000654365
0.000671802
0.000697897
0.000861512
0.000871292
0.000902886
0.000941478
0.00135316
0.00138422
0.00144644
0.00151105
0.0022218
0.00228221
0.00238749
0.00248905
0.00306986
0.00315377
0.00329408
0.003426
0.000735091
0.000752835
0.00079647
0.000845428
0.0010878
0.00114058
0.00123188
0.00131935
0.00175709
0.00185963
0.00201962
0.00216309
0.00243988
0.00258376
0.0028013
0.00299193
0.000524791
0.000461189
0.00039246
0.000349188
0.000441639
0.000387855
0.000333704
0.000303317
0.000446013
0.000416657
0.000397222
0.000395997
0.000537439
0.00053522
0.000553671
0.000583574
0.00060387
0.000620643
0.000665317
0.000716611
0.000783268
0.00084402
0.000947362
0.00104511
0.00119898
0.00132347
0.00151291
0.00167946
0.00166732
0.00184587
0.0021088
0.00233434
0.000505791
0.000511359
0.000544441
0.000588895
0.000506615
0.000556961
0.000649652
0.000741133
0.00065564
0.000772192
0.000954089
0.00111663
0.00089426
0.00106796
0.00132737
0.00155199
0.00639277
0.00621263
0.00595141
0.00573292
0.00462393
0.00451005
0.00433786
0.0041892
0.00287493
0.00282139
0.00273225
0.00265029
0.00189637
0.00187401
0.00182843
0.00178206
0.0014726
0.00146237
0.00143491
0.00140402
0.000837629
0.000841916
0.000837836
0.000827984
0.000307901
0.000321391
0.000334383
0.000341289
0.000105395
0.000120017
0.000137473
0.000150059
0.00150685
0.00151168
0.00149986
0.00147759
0.000829394
0.000840335
0.000842251
0.000834716
0.000271103
0.0002843
0.000295458
0.000299683
6.33074e-05
7.51467e-05
8.80064e-05
9.61856e-05
5.67508e-05
6.9302e-05
8.62631e-05
0.000100044
7.45998e-05
7.88184e-05
8.88204e-05
0.000100092
0.00031153
0.000299529
0.000292874
0.000294663
0.000649201
0.000620946
0.000596044
0.000586038
0.000880089
0.000841091
0.000804138
0.000786319
0.00141677
0.00135417
0.00128998
0.00125385
0.00232526
0.00222654
0.00211999
0.00205484
0.00318286
0.00305197
0.00290738
0.00281594
0.000957237
0.000926584
0.000901786
0.000894303
0.00155034
0.00150255
0.00145935
0.00144069
0.00254832
0.00247402
0.00240164
0.00236463
0.00348796
0.00338964
0.00329046
0.00323627
8.37428e-06
9.34308e-06
1.11518e-05
1.29217e-05
4.93245e-05
4.53672e-05
4.55537e-05
4.97843e-05
0.000333309
0.000323155
0.000320611
0.000326847
0.000720393
0.000705502
0.000700158
0.00070681
0.000983809
0.000965604
0.000958249
0.000965113
0.00159491
0.00156969
0.00155717
0.00156318
0.0026259
0.00258888
0.00256669
0.00256962
0.00359981
0.0035512
0.00351878
0.00351756
0.000950744
0.000947153
0.000960027
0.000983324
0.00152995
0.00153268
0.00155742
0.00159277
0.0025208
0.00253106
0.00257113
0.00262255
0.00346692
0.00348198
0.00353316
0.00359686
0.0028081
0.00258478
0.0023032
0.00209553
0.00216046
0.00199798
0.00179297
0.00164176
0.00149671
0.00139551
0.00126832
0.001175
0.00111372
0.00104744
0.000965041
0.0009054
0.000941553
0.000890373
0.000827337
0.000782221
0.000654772
0.000626185
0.000592314
0.000569218
0.000398115
0.000388398
0.000379385
0.000375429
0.000285088
0.000282551
0.000283477
0.000287528
0.00111728
0.00107102
0.00101103
0.000965978
0.000736139
0.00071419
0.000686406
0.000666247
0.000401496
0.000399054
0.000397871
0.000398835
0.000259314
0.00026361
0.000272338
0.000281701
0.000242571
0.000241527
0.000244795
0.0002509
0.000190945
0.000188533
0.000190791
0.000196638
0.000222436
0.000210503
0.000201688
0.000199998
0.000319717
0.000294844
0.000270402
0.000257651
0.000389928
0.000355963
0.000320473
0.000299843
0.000563586
0.00050884
0.000447489
0.00040792
0.000898622
0.000809542
0.000705281
0.000634183
0.00123857
0.0011176
0.000973377
0.000872872
0.000509967
0.00047086
0.000429926
0.000406101
0.000773349
0.000709326
0.000637633
0.000591438
0.00125352
0.00114971
0.00102855
0.000946178
0.00172648
0.00158651
0.00142024
0.00130476
0.000164848
0.00017452
0.000189946
0.000204237
0.000140084
0.000143773
0.000153621
0.000165168
0.000269613
0.000257351
0.000249252
0.00024907
0.00048765
0.000457342
0.000427815
0.00041275
0.000639887
0.000597449
0.00055343
0.000528199
0.00100019
0.00093073
0.000853776
0.000804913
0.00163361
0.00152199
0.00139317
0.00130678
0.00224477
0.0020954
0.00191992
0.00179962
0.00076842
0.000725668
0.000682521
0.000658941
0.00122341
0.00115393
0.00107888
0.00103293
0.00200462
0.00189404
0.00176932
0.00168812
0.00274802
0.00260091
0.00243176
0.00231884
0.000459987
0.000392737
0.00031334
0.000258804
0.000394265
0.000338746
0.000273507
0.000228899
0.000326775
0.000283877
0.000234032
0.000200336
0.0002895
0.000254102
0.000213544
0.000186528
0.000269537
0.000237786
0.000201696
0.000177859
0.000227565
0.000202656
0.000174845
0.000156843
0.000187076
0.000168648
0.000148752
0.000136386
0.000167002
0.000151707
0.0001357
0.000126146
0.000407833
0.000366833
0.000319595
0.000287913
0.000329122
0.000298616
0.000264272
0.000241845
0.000254425
0.000233576
0.000211213
0.000197475
0.000218211
0.00020181
0.000185069
0.000175484
0.00015386
0.000140073
0.000125926
0.000117718
0.000123132
0.000112208
0.000101463
9.56228e-05
9.89498e-05
8.93318e-05
8.01326e-05
7.53822e-05
9.22172e-05
8.17907e-05
7.1636e-05
6.62487e-05
8.78868e-05
7.67957e-05
6.58284e-05
5.98806e-05
8.15785e-05
6.87117e-05
5.53276e-05
4.75006e-05
9.60916e-05
7.81438e-05
5.83712e-05
4.58963e-05
0.000123837
0.000100096
7.31824e-05
5.56047e-05
0.000135531
0.000119334
0.000102983
9.3859e-05
0.000146334
0.000125218
0.00010255
8.87036e-05
0.000197273
0.00016574
0.000130014
0.000106628
0.000263596
0.000221208
0.000171996
0.000138843
0.000234193
0.000221691
0.000210373
0.000205267
0.000184104
0.000173838
0.000165366
0.000162383
0.000165419
0.000152935
0.000141875
0.000137143
0.000185767
0.00016778
0.000150074
0.000140661
0.000201369
0.00017936
0.000156801
0.000143979
0.000245992
0.000214357
0.000179666
0.000157888
0.000360665
0.000311073
0.0002539
0.000215648
0.00049104
0.000423655
0.000344271
0.000289799
0.00028624
0.00025819
0.000229108
0.00021236
0.000385306
0.000341945
0.00029371
0.000262886
0.000595542
0.000525631
0.000444159
0.000388915
0.00081837
0.000723082
0.000609831
0.000531246
2.91982e-06
1.52251e-06
5.3958e-07
4.21119e-07
4.43615e-06
2.49155e-06
8.41339e-07
3.42112e-07
7.03884e-06
4.17909e-06
1.68217e-06
8.0537e-07
9.56732e-06
5.67292e-06
2.5446e-06
1.52758e-06
1.02549e-05
6.08807e-06
2.46979e-06
1.22766e-06
1.11871e-05
6.50608e-06
2.38862e-06
8.45675e-07
1.25595e-05
7.22878e-06
2.51153e-06
6.22495e-07
1.36939e-05
7.93597e-06
2.81277e-06
6.8067e-07
4.08725e-05
3.06972e-05
2.01039e-05
1.38536e-05
4.0909e-05
3.12093e-05
2.10824e-05
1.50578e-05
4.13221e-05
3.20895e-05
2.24392e-05
1.66574e-05
4.19383e-05
3.29298e-05
2.35163e-05
1.78574e-05
1.34326e-05
7.74967e-06
2.70913e-06
6.32277e-07
1.1277e-05
6.30761e-06
2.03317e-06
4.58776e-07
8.72446e-06
4.72681e-06
1.46897e-06
5.53162e-07
7.00307e-06
3.72876e-06
1.24896e-06
8.51875e-07
5.87262e-06
3.06853e-06
1.25755e-06
1.16116e-06
2.91883e-06
1.50086e-06
5.24699e-07
5.31616e-07
7.77155e-07
2.93856e-07
3.3067e-08
2.02264e-07
4.06212e-07
1.40697e-07
1.38307e-07
3.93475e-07
1.90534e-05
1.45415e-05
1.00746e-05
7.5701e-06
1.10943e-05
8.19622e-06
5.40161e-06
3.88583e-06
4.13157e-06
2.64091e-06
1.39136e-06
8.79731e-07
1.39339e-06
5.73323e-07
1.33239e-07
2.20817e-07
7.34438e-05
6.31236e-05
5.21435e-05
4.53858e-05
6.11777e-05
5.27311e-05
4.38711e-05
3.85071e-05
4.83478e-05
4.16037e-05
3.46796e-05
3.06035e-05
4.08261e-05
3.48426e-05
2.88063e-05
2.53467e-05
3.51171e-05
2.96453e-05
2.42941e-05
2.13848e-05
2.30593e-05
1.87453e-05
1.46362e-05
1.25055e-05
1.43756e-05
1.03566e-05
6.5823e-06
4.72386e-06
1.29291e-05
8.36354e-06
4.0209e-06
1.88401e-06
5.60394e-05
4.86465e-05
4.14797e-05
3.76945e-05
4.36197e-05
3.62901e-05
2.90157e-05
2.50468e-05
4.06744e-05
3.1554e-05
2.20244e-05
1.6449e-05
4.80978e-05
3.63565e-05
2.36712e-05
1.59264e-05
