FiniteElementSpace
FiniteElementCollection: H1_2D_P2
VDim: 2
Ordering: 0

0
1.09907
2.11033
3.00691
3.86716
4.74697
5.65237
6.58537
7.54554
0
0.87892
1.74244
2.65522
3.67855
4.76381
5.82036
6.82014
7.79052
0.552089
0.994985
0.443967
0
1.62107
1.93029
1.30983
2.56897
2.8267
2.18709
3.43646
3.76836
3.1533
4.30369
4.75597
4.21994
5.19653
5.73839
5.29928
6.1152
6.70317
6.32623
7.0625
7.66744
7.3067
0.501339
1.4719
2.37754
3.28911
4.25997
5.24981
6.22204
7.18428
0.273803
0.526166
0.250784
0
1.3639
1.54529
1.23587
1.04667
2.34299
2.46943
2.15454
2.01784
3.22203
3.35872
3.05581
2.91223
4.08458
4.28165
4.01311
3.81544
4.97099
5.22559
5.00345
4.75298
5.88286
6.17069
5.98071
5.69792
6.82309
7.12406
6.94359
6.64564
0.827843
0.749813
0.94063
0.662168
0.475012
0.224066
0
1.86989
1.70315
1.841
1.52536
1.39568
1.09464
2.78974
2.60104
2.74303
2.41763
2.28582
1.9625
3.65126
3.52676
3.72333
3.41308
3.22201
2.90045
4.52451
4.5079
4.75884
4.49235
4.23924
3.94809
5.42363
5.49481
5.77798
5.56179
5.27328
5.03309
6.34938
6.46275
6.76048
6.57439
6.27277
6.07507
7.30346
7.60658
7.42548
7.72855
7.54861
7.24461
7.06407
0.260615
1.29917
2.24559
3.13442
4.04761
4.98928
5.93415
6.88436
0.788652
0.708788
0.24039
1.78472
1.61914
1.16965
2.69106
2.51212
2.06267
3.5857
3.47021
2.97953
4.51697
4.49922
3.98014
5.46179
5.52695
5.0171
6.40779
6.51728
6.02648
7.36482
7.48638
7.00278
0.134098
0.266676
0.128622
0
1.2324
1.33111
1.17367
1.0726
2.22758
2.29306
2.1323
2.06307
3.11463
3.17664
3.02311
2.95794
3.97566
4.0657
3.93125
3.84052
4.85879
4.98089
4.87112
4.75055
5.76739
5.90934
5.81601
5.67605
6.70402
6.8541
6.76489
6.616
0.69038
0.808081
0.65791
0.538964
0.625919
0.729786
0.592046
0.488621
0.125219
0.245837
0.12152
0
1.74656
1.82651
1.66583
1.58258
1.5881
1.66185
1.50768
1.43451
1.11601
1.20343
1.05551
0.968392
2.6799
2.73883
2.58041
2.51777
2.48912
2.55688
2.39848
2.3321
2.04268
2.10916
1.95176
1.88629
3.54376
3.61734
3.47186
3.39617
3.40741
3.49841
3.34543
3.25554
2.94077
3.01773
2.86054
2.78504
4.41389
4.52105
4.39919
4.29266
4.38387
4.50342
4.3692
4.24946
3.89041
3.99648
3.85136
3.74572
5.30988
5.44363
5.3437
5.21193
5.37249
5.51075
5.40044
5.26142
4.87982
5.01014
4.88819
4.75727
6.23206
6.3792
6.28916
6.14368
6.34246
6.48988
6.39522
6.24727
5.85969
6.00346
5.90253
5.75805
7.18279
7.33426
7.2443
7.09353
7.3048
7.45582
7.36548
7.21433
6.82336
6.97306
6.88172
6.73169
0.413284
0.393588
0.513696
0.376215
0.255676
0
1.49352
1.42306
1.50858
1.3545
1.26757
1.02091
2.45672
2.35789
2.42301
2.26609
2.19972
1.97384
3.32925
3.24626
3.32331
3.17192
3.09447
2.86883
4.19392
4.16444
4.27072
4.13634
4.03011
3.79151
5.08357
5.10744
5.23801
5.12679
4.99661
4.75464
5.9988
6.05237
6.19665
6.10148
5.95775
5.7185
6.94259
7.00409
7.15425
7.06388
6.91411
6.67459
0.964186
0.918282
0.872879
0.769284
0.825025
0.911035
0.770687
0.686434
0.553283
0.460192
0.35784
0.334157
0.23323
0.114133
0
1.99115
1.90202
1.81717
1.74384
1.73019
1.79337
1.63363
1.57396
1.41749
1.35442
1.28302
1.20225
1.13365
0.98688
2.89866
2.8016
2.71352
2.64548
2.62693
2.69998
2.53548
2.46596
2.30154
2.23776
2.17396
2.07415
2.01409
1.85201
3.75904
3.70024
3.64712
3.55572
3.59623
3.701
3.54517
3.44188
3.28236
3.18808
3.10002
3.02593
2.94062
2.77685
4.63554
4.63492
4.63197
4.51248
4.62914
4.76094
4.62829
4.49548
4.35617
4.22938
4.10949
4.08383
3.96403
3.81291
5.53779
5.57986
5.61677
5.47864
5.65279
5.7986
5.69157
5.54382
5.43102
5.28577
5.14548
5.16662
5.02464
4.8988
6.46716
6.52661
6.58298
6.43551
6.63902
6.78985
6.69752
6.54533
6.45064
6.29895
6.14987
6.20106
6.0502
5.94818
7.4244
7.57611
7.4856
7.63704
7.54635
7.39519
7.6979
7.60737
7.75937
7.66951
7.51727
7.4277
7.27534
7.12373
7.18551
7.03303
6.9423
0.130617
1.20269
2.17882
3.06725
3.95287
4.86563
5.79258
6.73489
0.673996
0.609437
0.12355
1.7055
1.5486
1.08639
2.62865
2.44416
1.99782
3.50652
3.37637
2.90077
4.4067
4.37639
3.87075
5.32769
5.38634
4.88387
6.26129
6.3687
5.88098
7.21374
7.33503
6.85241
0.403193
0.384807
0.126912
1.45778
1.3888
1.14491
2.40598
2.31158
2.08721
3.28624
3.20846
2.9813
4.17898
4.15022
3.91051
5.09633
5.1174
4.87568
6.02637
6.07723
5.83819
6.97365
7.03409
6.79428
0.941018
0.895654
0.641926
0.849485
0.798965
0.573472
0.367442
0.346693
0.119094
1.94568
1.85943
1.62691
1.77436
1.6836
1.46428
1.31946
1.24424
1.02259
2.84852
2.75695
2.53424
2.67045
2.58218
2.35121
2.22051
2.12546
1.90347
3.72868
3.67322
3.43907
3.62157
3.57085
3.31423
3.13599
3.06351
2.81944
4.63568
4.63355
4.3915
4.63042
4.62837
4.36243
4.12277
4.09651
3.83212
5.55974
5.59866
5.35843
5.63465
5.67162
5.4152
5.13601
5.15557
4.89307
6.49744
6.55501
6.31607
6.61086
6.66779
6.4224
6.12554
6.1749
5.92478
7.45508
7.51601
7.27461
7.57676
7.63825
7.39631
7.09369
7.15426
6.91158
0
0.14778
0.500539
0.903429
1.17765
1.24806
1.13989
0.926495
0.681665
1
1.12394
1.4378
1.85022
2.16958
2.25837
2.13552
1.90451
1.65124
0.0498089
0.613353
1.04349
0.5
0.304779
0.961837
1.25891
0.708685
1.388
1.64283
1.06418
1.69626
2.03351
1.23845
1.77456
2.245
1.21236
1.65024
2.21756
1.04108
1.41969
2.02687
0.804474
1.16705
1.77729
0.519908
0.765887
1.1779
1.56725
1.76518
1.73232
1.54187
1.29245
0.0261085
0.279329
0.497814
0.25
0.219946
0.530666
0.682968
0.375254
0.604758
0.942026
1.06897
0.727788
0.989068
1.32031
1.48287
1.14735
1.21468
1.50884
1.73842
1.44354
1.23539
1.47698
1.75922
1.51748
1.09308
1.29307
1.59849
1.39804
0.865978
1.04858
1.35627
1.17376
0.0905753
0.558736
0.862377
1.07655
0.774107
1.02472
0.75
0.399402
0.859776
1.19951
1.34381
1.00891
1.1851
0.809175
1.28532
1.62316
1.74788
1.41271
1.53841
1.12734
1.63891
1.9381
2.10857
1.80528
1.94649
1.24936
1.77694
2.02123
2.25911
2.0102
2.21522
1.1801
1.69543
1.89615
2.18078
1.97909
2.244
0.985175
1.48187
1.66341
1.96676
1.78663
2.08363
0.742835
0.924346
1.22907
1.40928
1.71388
1.53541
1.84108
0.255639
0.446408
0.834415
1.23914
1.48354
1.50275
1.34802
1.11147
0.319154
0.810437
0.752882
0.625459
1.09992
0.929043
1.04737
1.51992
1.30482
1.38889
1.87883
1.71925
1.51987
2.023
1.98201
1.44156
1.94184
2.0061
1.23459
1.72608
1.84383
0.985938
1.47173
1.59958
0.0159462
0.139489
0.250756
0.125
0.182033
0.331845
0.409054
0.260168
0.552475
0.718746
0.78078
0.613104
0.947479
1.1149
1.19442
1.0257
1.19781
1.35114
1.46536
1.31249
1.24307
1.37056
1.51157
1.38449
1.11722
1.22105
1.37374
1.26968
0.896402
0.988743
1.14275
1.05022
0.067992
0.203514
0.297165
0.16334
0.537337
0.682977
0.79033
0.645189
0.495568
0.623598
0.749033
0.625
0.351017
0.511227
0.576931
0.416434
0.811638
0.979247
1.05318
0.886488
0.64639
0.804812
0.893972
0.736439
0.759569
0.928124
0.995182
0.82482
1.232
1.40324
1.4666
1.29566
1.01497
1.18695
1.25164
1.0804
1.09732
1.25975
1.35625
1.1935
1.60477
1.76012
1.84375
1.68742
1.43658
1.60208
1.67228
1.50642
1.24546
1.38653
1.51607
1.37567
1.77288
1.90126
2.01849
1.88901
1.71925
1.86154
1.96201
1.81849
1.1973
1.3118
1.46038
1.3459
1.71501
1.81957
1.96163
1.85675
1.76842
1.88381
2.01525
1.89913
1.01353
1.11007
1.2642
1.1674
1.51222
1.6044
1.75669
1.6648
1.62508
1.72184
1.87071
1.774
0.7736
0.864331
1.01718
0.926491
1.26065
1.35047
1.50346
1.41406
1.38808
1.47814
1.63159
1.54186
0.0357084
0.265506
0.398066
0.506722
0.375197
0.375
0.260876
0.48705
0.647211
0.722912
0.563474
0.492972
0.656976
0.888311
1.05988
1.12341
0.951307
0.844162
1.02805
1.28118
1.44488
1.52651
1.36185
1.26822
1.22818
1.49799
1.63855
1.7537
1.61251
1.57135
1.22509
1.49115
1.60575
1.74711
1.63225
1.64741
1.06764
1.32107
1.41793
1.5707
1.47386
1.52491
0.835284
1.08005
1.1706
1.32436
1.23402
1.29695
0.117095
0.345225
0.584107
0.437515
0.834522
0.991394
1.0985
0.941452
1.05828
0.906797
0.761729
1.03234
0.886717
1.01568
0.875
0.449345
0.675888
0.909981
0.741739
1.14881
1.31875
1.38979
1.22149
1.30008
1.13304
0.967461
1.22051
1.05572
1.15287
0.857268
1.09821
1.33744
1.16657
1.57223
1.73789
1.79962
1.63495
1.69548
1.52859
1.35864
1.59032
1.42211
1.48743
1.15413
1.41799
1.66943
1.51521
1.91034
2.05515
2.14103
1.99502
2.07277
1.92071
1.76368
1.99141
1.83415
1.89937
1.25017
1.52027
1.77744
1.6499
2.02387
2.14096
2.26059
2.14227
2.25405
2.12885
1.99806
2.23219
2.0999
2.19447
1.1609
1.42071
1.67376
1.56943
1.91994
2.01667
2.1591
2.06226
2.20037
2.09936
1.99398
2.23223
2.12616
2.25285
0.956109
1.20441
1.45099
1.35857
1.69495
1.7843
1.93582
1.84687
1.99714
1.90733
1.81574
2.05575
1.96444
2.11029
0.712144
0.802944
0.954971
1.04574
1.19784
1.10754
1.28824
1.44033
1.53026
1.68244
1.59285
1.74548
1.65647
1.56748
1.80917
1.72056
1.87288
0.13175
0.294217
0.665673
1.0715
1.33356
1.37893
1.24609
1.01963
0.18129
0.662117
0.621122
0.462734
0.931652
0.768866
0.877023
1.34979
1.1332
1.22824
1.72546
1.55536
1.38274
1.89699
1.84195
1.32994
1.83931
1.89302
1.13912
1.63494
1.74863
0.895345
1.38216
1.5101
0.149416
0.384509
0.372112
0.372663
0.60384
0.52645
0.771947
1.00562
0.897357
1.15564
1.40482
1.3162
1.36512
1.62738
1.5938
1.35948
1.62032
1.64132
1.19476
1.44642
1.5001
0.95766
1.20232
1.2656
0.229827
0.463286
0.415762
0.70779
0.964593
0.922244
0.632335
0.895077
0.879989
0.561486
0.792167
0.69331
1.02896
1.26917
1.17601
0.84413
1.09287
1.02185
0.977809
1.21821
1.11366
1.45557
1.68705
1.58198
1.24123
1.47515
1.36984
1.28784
1.5451
1.48172
1.79116
2.02698
1.95956
1.64619
1.87883
1.78706
1.38704
1.6503
1.64599
1.90191
2.14341
2.13749
1.87721
2.11638
2.07952
1.29165
1.54809
1.58872
1.79772
2.04041
2.08199
1.87164
2.11417
2.13518
1.0804
1.32799
1.38861
1.57334
1.81578
1.87743
1.69383
1.93639
1.99127
0.833509
1.07643
1.13897
1.31915
1.56141
1.62455
1.4461
1.6885
1.75252
