FiniteElementSpace
FiniteElementCollection: H1_2D_P2
VDim: 2
Ordering: 0

0
-0.00184932
0.00818901
0.0134791
0.0117944
0.00720637
0.000908844
-0.00766594
-0.0174278
0
0.00720574
0.0126093
0.0133914
0.0100473
0.00448839
-0.00331713
-0.013259
-0.0233011
-0.00308203
0.00186708
0.00375143
0
0.00291748
0.0108282
0.0103343
0.0119078
0.0140461
0.013644
0.0132303
0.0112532
0.0120849
0.00970082
0.00608148
0.00750245
0.00431541
-0.000988504
0.000909167
-0.00310209
-0.0103778
-0.00812197
-0.0125601
-0.0203843
-0.0184028
-0.000606224
0.00651522
0.0134194
0.013127
0.00885632
0.00284634
-0.00545013
-0.0154624
-0.00180018
-0.00165374
-0.000447038
0
0.000283866
0.00476893
0.00409406
8.26919e-05
0.0103093
0.0127663
0.0123761
0.00958715
0.0135438
0.013268
0.013742
0.0138673
0.0108069
0.00934507
0.0101043
0.0115965
0.00581688
0.00364971
0.0045311
0.00671336
-0.00102022
-0.00425288
-0.00314657
1.3073e-05
-0.0100914
-0.0140224
-0.0129228
-0.00902653
-0.0030668
0.000191078
0.00400672
0.00548934
0.000700004
0.00203118
0
0.00565615
0.00883142
0.0119028
0.0116097
0.00835384
0.00884312
0.0129551
0.0139614
0.0139318
0.0136686
0.0137823
0.0132929
0.0126221
0.0122762
0.0107379
0.0111395
0.0127508
0.0128493
0.0084987
0.00751767
0.00533102
0.00605842
0.00823492
0.00883148
0.00268446
0.00100969
-0.00209478
-0.00112285
0.00192811
0.00277683
-0.00532504
-0.00787268
-0.0117735
-0.0106693
-0.00672709
-0.00565908
-0.015025
-0.0188998
-0.0179561
-0.0218552
-0.020894
-0.0169182
-0.015849
-0.000882299
0.00224264
0.0114355
0.0137412
0.0105236
0.00524451
-0.00204435
-0.0115188
-0.00132208
0.00208067
4.181e-05
0.00730705
0.0103049
0.00618698
0.0135649
0.0140546
0.0130704
0.0125294
0.0118214
0.0134751
0.00807565
0.00683651
0.00953624
0.00191015
-2.16731e-06
0.00370111
-0.00659105
-0.00921687
-0.00434288
-0.0164921
-0.0194292
-0.0143545
-0.000660916
-0.00124286
-0.000297191
0
-0.000869748
0.00129745
0.00109291
-0.00083945
0.00931646
0.0108961
0.0105728
0.0089117
0.0135652
0.0136634
0.0138528
0.0136959
0.0113165
0.0106804
0.011075
0.011711
0.00652415
0.00554988
0.0059934
0.00697809
-3.60472e-05
-0.00152281
-0.000996069
0.000475038
-0.00887059
-0.0108118
-0.0102682
-0.00835093
-0.00323679
-0.00213907
-0.00163489
-0.00229563
-0.000332616
0.00104149
0.00130805
-4.53129e-05
-0.000157842
-0.00024968
3.30667e-05
0
0.00430268
0.00650618
0.00605608
0.003871
0.00770022
0.00957532
0.00936378
0.00741535
0.00293389
0.00509076
0.00508106
0.00285855
0.0125038
0.0132837
0.0132308
0.0123611
0.0137503
0.0140538
0.0139704
0.0136459
0.0116619
0.0127623
0.0125413
0.0113923
0.0129575
0.0125927
0.0129271
0.013268
0.0127269
0.0120757
0.0123085
0.0129714
0.0139377
0.0136468
0.013741
0.014032
0.00911019
0.00830398
0.00872161
0.00953855
0.0081987
0.00719119
0.00754841
0.0085613
0.0106927
0.00983857
0.0101506
0.0110177
0.00351715
0.00231468
0.00279886
0.0040016
0.00194772
0.000517392
0.000983205
0.00240065
0.00532188
0.00412935
0.0045329
0.00571963
-0.00419681
-0.00595884
-0.00540763
-0.00367326
-0.00664872
-0.00853425
-0.00796114
-0.00607643
-0.00204834
-0.00373153
-0.00320038
-0.00152802
-0.0137968
-0.0157618
-0.0152639
-0.0132976
-0.0167168
-0.0186914
-0.018182
-0.0161872
-0.0116481
-0.013633
-0.0130637
-0.0110674
-0.00262422
-0.0013906
-0.0011149
-0.000621802
-0.000654737
0
0.0015698
0.00348432
0.00564239
0.0052995
0.00316181
0.000966684
0.0111828
0.0121681
0.0131216
0.0129607
0.0119302
0.0102254
0.0134291
0.0135427
0.0132233
0.0134685
0.0137701
0.013987
0.0102658
0.00994631
0.00911764
0.00949204
0.0103322
0.0114451
0.00508102
0.00446401
0.00326343
0.0037067
0.00490366
0.00641347
-0.0020422
-0.00313094
-0.00484354
-0.00428172
-0.00258484
-0.000474874
-0.0113235
-0.0127719
-0.014742
-0.0141957
-0.0122198
-0.00969948
-0.00259881
-0.000737086
0.000937523
-0.00056713
0.00299217
0.005433
0.00635565
0.00351178
0.00462739
0.00188533
0.000279616
0.00289856
0.000663904
0.00101901
0
0.00697117
0.00849277
0.0098781
0.0080784
0.0111519
0.0123241
0.0121449
0.0109971
0.0110008
0.00933514
0.00728364
0.00960963
0.00743448
0.00803785
0.0132817
0.0137744
0.0140565
0.0137937
0.0140387
0.0137243
0.0135651
0.0139352
0.0136952
0.0137937
0.0134819
0.013509
0.0132618
0.0129905
0.0122306
0.0120835
0.0117832
0.0124257
0.0112965
0.0104135
0.0106093
0.0115093
0.0116319
0.0124568
0.0131425
0.0124918
0.0132127
0.0131504
0.00786335
0.00740682
0.0068128
0.00781295
0.00609825
0.00491933
0.0052898
0.00645737
0.00679475
0.00788034
0.00889776
0.00818021
0.00919909
0.00945308
0.00181561
0.000981551
3.07985e-05
0.00147437
-0.00102834
-0.00269033
-0.00219945
-0.000548684
-8.54349e-05
0.0014306
0.00283358
0.00186366
0.0032494
0.00365138
-0.00648243
-0.007799
-0.00911753
-0.00722667
-0.0104895
-0.0125025
-0.0119615
-0.00992674
-0.00938723
-0.00740723
-0.00551973
-0.00687681
-0.00498406
-0.00447019
-0.0162385
-0.0181591
-0.0177034
-0.0196437
-0.019179
-0.0172232
-0.0211214
-0.0206547
-0.0225812
-0.0221105
-0.0201651
-0.0196586
-0.0176569
-0.0156408
-0.0171331
-0.0150923
-0.0145568
-0.000407505
0.000149917
0.00996716
0.0137306
0.0112112
0.00627764
-0.000504276
-0.00957533
-0.00237254
0.000392049
-0.00010122
0.0052042
0.00852663
0.00394254
0.0128905
0.0139063
0.0121353
0.0129602
0.0125474
0.0138801
0.00893225
0.00788836
0.0104417
0.00317636
0.00147898
0.00494065
-0.00480067
-0.00729352
-0.00261092
-0.0145352
-0.0174474
-0.0123488
-0.00192562
-0.00098782
-0.000226751
0.00255687
0.00438819
0.00200512
0.0116984
0.012591
0.0111384
0.0135058
0.0135328
0.0139247
0.0101216
0.00973671
0.010903
0.0047918
0.00410105
0.00567361
-0.0025798
-0.00369701
-0.00151042
-0.0120544
-0.0134833
-0.0109564
-0.00161827
9.42238e-05
-0.000978448
0.00187611
0.00444821
0.00265164
-0.000251451
0.00123463
0.000202884
0.00775476
0.00919872
0.00688256
0.0105327
0.0117045
0.0102002
0.00625724
0.00840417
0.00643355
0.0135508
0.013946
0.0135204
0.0140924
0.0138705
0.0139107
0.013264
0.013577
0.0128417
0.0121734
0.0119549
0.0128514
0.0115643
0.0109778
0.0120041
0.0133409
0.0128619
0.0135026
0.00765276
0.00712598
0.00847674
0.0064692
0.00570373
0.00718233
0.0092118
0.00855242
0.00981989
0.00141439
0.000519893
0.00238829
-0.000485131
-0.00159932
0.000461625
0.00328345
0.00235969
0.00410207
-0.00714367
-0.00845438
-0.00602161
-0.00979407
-0.0112104
-0.00865733
-0.00488799
-0.00618121
-0.00381912
-0.0169698
-0.0184412
-0.0159897
-0.0199169
-0.021387
-0.01892
-0.0149139
-0.0163802
-0.0137984
0
-0.0154562
-0.0248897
-0.0245854
-0.0218688
-0.0188697
-0.0144662
-0.00837839
-0.00224414
0
-0.00934469
-0.0188769
-0.0239743
-0.0253642
-0.0247111
-0.0225006
-0.0179504
-0.0118982
-0.00746357
-0.0127198
-0.00391464
0
-0.0217739
-0.0225389
-0.0145923
-0.0254307
-0.0245645
-0.0219857
-0.0232581
-0.0237516
-0.0250235
-0.0204577
-0.0219514
-0.0252153
-0.0169121
-0.0186853
-0.0238476
-0.0115591
-0.0132627
-0.0205358
-0.00520157
-0.00706675
-0.0149465
-0.00503751
-0.0188851
-0.0241698
-0.0243187
-0.022972
-0.0205716
-0.016217
-0.0101002
-0.00404424
-0.00608791
-0.00175238
0
-0.0189912
-0.0202953
-0.0161085
-0.013961
-0.025407
-0.0248975
-0.0235566
-0.0237637
-0.0239448
-0.0238886
-0.0244958
-0.0246862
-0.0211731
-0.0217675
-0.0233875
-0.022886
-0.0179473
-0.0187936
-0.021316
-0.0204542
-0.013062
-0.0139574
-0.0175227
-0.0166418
-0.00677237
-0.00766439
-0.0116853
-0.0108716
-0.0114493
-0.00890266
-0.0114221
-0.00656461
-0.00433494
-0.00180287
0
-0.0237219
-0.0210122
-0.0210053
-0.0168769
-0.017189
-0.0120589
-0.0251136
-0.0244777
-0.0242898
-0.0231106
-0.0232059
-0.0205789
-0.0225619
-0.0240646
-0.0245456
-0.0252676
-0.0246523
-0.0246023
-0.0196985
-0.0224976
-0.0233669
-0.0250044
-0.0241063
-0.0253397
-0.0157525
-0.0196995
-0.0206318
-0.0232444
-0.022255
-0.0243301
-0.00998625
-0.0147868
-0.015605
-0.0193129
-0.0183962
-0.0216001
-0.00369045
-0.00463422
-0.00855087
-0.00949889
-0.0133975
-0.0125163
-0.0164806
-0.00264741
-0.0174665
-0.0245597
-0.0243285
-0.0223435
-0.0196775
-0.0153624
-0.00926316
-0.0100214
-0.00791814
-0.00122458
-0.0223786
-0.0193294
-0.0145487
-0.0249036
-0.0238592
-0.0222755
-0.023402
-0.0246466
-0.0245424
-0.0211439
-0.0237764
-0.024363
-0.0177852
-0.0215161
-0.0228656
-0.0124494
-0.0170583
-0.0195918
-0.00611065
-0.0109787
-0.0140753
-0.00232473
-0.00328229
-0.00127462
0
-0.0173139
-0.0181919
-0.0157894
-0.0146641
-0.0252248
-0.0249963
-0.0242274
-0.0243283
-0.0242747
-0.0241689
-0.0245206
-0.0246672
-0.0215218
-0.0217774
-0.0226183
-0.0224009
-0.0184215
-0.0188244
-0.020078
-0.0196733
-0.0137782
-0.0142336
-0.0160186
-0.0155736
-0.00757288
-0.00802784
-0.0100687
-0.00964088
-0.00941202
-0.0106901
-0.00802175
-0.00673711
-0.00694698
-0.00840887
-0.00610858
-0.00464443
-0.000664063
-0.00144286
-0.000295966
0
-0.0228595
-0.0230388
-0.0214297
-0.0210097
-0.0200263
-0.0202332
-0.0183174
-0.0181007
-0.0144819
-0.0153835
-0.0130383
-0.0121038
-0.025308
-0.0250366
-0.0249346
-0.0251859
-0.0243557
-0.0241916
-0.0235631
-0.0237211
-0.0231038
-0.0229604
-0.0216856
-0.021827
-0.0229097
-0.0230097
-0.0236497
-0.0236042
-0.0241999
-0.0243595
-0.0246625
-0.024491
-0.0245461
-0.0245282
-0.0244359
-0.0244421
-0.0200849
-0.0204336
-0.0214627
-0.0211277
-0.0227429
-0.0231449
-0.0239508
-0.0235453
-0.0235759
-0.0238799
-0.024464
-0.0241523
-0.0163483
-0.0167857
-0.0183056
-0.0178669
-0.0201525
-0.0206191
-0.0219027
-0.0214246
-0.021646
-0.0221015
-0.0231288
-0.0226687
-0.0107796
-0.0112376
-0.0132144
-0.0127798
-0.0155157
-0.0159276
-0.0177436
-0.0173139
-0.0181223
-0.0185664
-0.0201315
-0.0196691
-0.0044369
-0.0048945
-0.0068802
-0.00643552
-0.00931879
-0.00976662
-0.0117418
-0.0113095
-0.012478
-0.012882
-0.0148469
-0.0144369
-0.00564834
-0.00427242
-0.00552279
-0.00328466
-0.00215659
0
-0.020495
-0.0189742
-0.0195983
-0.0175763
-0.0167834
-0.0133223
-0.0254739
-0.0247777
-0.0245605
-0.0239065
-0.0240843
-0.0231744
-0.0236044
-0.024116
-0.0241229
-0.0244185
-0.024434
-0.0246496
-0.020819
-0.0220604
-0.0223812
-0.0231866
-0.0228781
-0.0233332
-0.0174448
-0.01925
-0.0196951
-0.0209586
-0.0205083
-0.0212138
-0.0123216
-0.0146743
-0.0151002
-0.0168868
-0.0164564
-0.0176774
-0.00598042
-0.00846033
-0.00888545
-0.010891
-0.0104804
-0.0120761
-0.0134902
-0.0120241
-0.0108458
-0.00943068
-0.00970154
-0.0105473
-0.00794991
-0.00733517
-0.00521166
-0.00408695
-0.00269581
-0.00277984
-0.00130784
-0.000913796
0
-0.0244029
-0.0231528
-0.021844
-0.0217126
-0.02022
-0.0200396
-0.0179112
-0.0182377
-0.015765
-0.0160561
-0.0159283
-0.0133489
-0.0134845
-0.0107139
-0.02487
-0.0248169
-0.0245439
-0.0247168
-0.0240991
-0.0241299
-0.0235732
-0.0234977
-0.0225817
-0.0226307
-0.0227783
-0.0213176
-0.0214913
-0.0197636
-0.0222147
-0.0231472
-0.0239148
-0.02375
-0.0246071
-0.0249452
-0.0253323
-0.0249442
-0.0251655
-0.0248242
-0.0246133
-0.0248367
-0.0245618
-0.0243158
-0.0192942
-0.0208086
-0.0222345
-0.0218317
-0.0235823
-0.0240469
-0.0248682
-0.0243947
-0.02512
-0.0246607
-0.0242438
-0.0252887
-0.0248463
-0.0253653
-0.0151251
-0.0172306
-0.0192107
-0.0187557
-0.021093
-0.0215752
-0.0228919
-0.0223909
-0.023563
-0.0230624
-0.0225752
-0.0241031
-0.0236081
-0.0245325
-0.00918454
-0.0116669
-0.0140341
-0.0136295
-0.0163438
-0.0167743
-0.0186474
-0.0181852
-0.0199437
-0.0194691
-0.0190129
-0.021089
-0.0206023
-0.0220713
-0.00295952
-0.00342994
-0.00536089
-0.00584909
-0.00779968
-0.00733162
-0.00828377
-0.0102313
-0.0107042
-0.0126353
-0.0121864
-0.0141698
-0.0137265
-0.0132963
-0.015718
-0.0152727
-0.0172261
-0.00169942
-0.0165095
-0.0247329
-0.0244296
-0.0220914
-0.0192612
-0.014919
-0.008834
-0.00867505
-0.00650592
-0.000443665
-0.0221254
-0.0192358
-0.0138058
-0.0251461
-0.0239874
-0.0224444
-0.0233091
-0.0244357
-0.0245028
-0.0207875
-0.0233539
-0.024024
-0.0173423
-0.021039
-0.0223975
-0.0120179
-0.0166359
-0.0191368
-0.00565704
-0.0105319
-0.0136647
-0.00491932
-0.00373455
-0.00093907
-0.0197024
-0.0182773
-0.0151245
-0.0251428
-0.0243686
-0.0236903
-0.0238919
-0.0242878
-0.0245564
-0.0214568
-0.0226355
-0.0231106
-0.0183603
-0.0201163
-0.0208732
-0.0135196
-0.0157941
-0.0170844
-0.00722695
-0.00968036
-0.011281
-0.0127114
-0.0114101
-0.0074481
-0.0102907
-0.00896089
-0.00569209
-0.0029356
-0.00260824
-0.000317799
-0.0237721
-0.0225186
-0.0207408
-0.0210911
-0.0191824
-0.0171925
-0.0168131
-0.0148144
-0.012053
-0.0248732
-0.0247056
-0.0246717
-0.0243403
-0.0238407
-0.0230954
-0.0233811
-0.0220967
-0.0208055
-0.0227067
-0.0235466
-0.0239428
-0.0242646
-0.0249583
-0.0249004
-0.024523
-0.0247124
-0.0243689
-0.0200631
-0.0215324
-0.0221139
-0.0229171
-0.0242315
-0.0245376
-0.0237206
-0.0247637
-0.0249073
-0.016196
-0.0182343
-0.019242
-0.0201628
-0.0220023
-0.0227438
-0.0217779
-0.0233499
-0.0238398
-0.0104438
-0.0128608
-0.0143773
-0.015193
-0.0174936
-0.0188449
-0.0179581
-0.0200556
-0.0211091
-0.0041515
-0.00658013
-0.00810135
-0.00901704
-0.0114358
-0.0129522
-0.012095
-0.0145019
-0.016032
