FiniteElementSpace
FiniteElementCollection: L2_2D_P3
VDim: 1
Ordering: 0

0.0381737
0.027741
0.0369139
0.0466455
0.0190067
0.017563
0.0280963
0.0390406
0.00735345
0.00943388
0.0185198
0.0279683
0.00449503
0.00610082
0.0125804
0.0192239
0.0230764
0.0217295
0.02029
0.0194219
0.0190051
0.0178581
0.0166443
0.0159221
0.0142261
0.0133234
0.0123835
0.0118377
0.0110209
0.0102957
0.00954893
0.00912309
0.00884492
0.00816477
0.00736506
0.00681631
0.00715513
0.00659341
0.00594051
0.00549835
0.0052381
0.00481741
0.00433866
0.00402259
0.00401171
0.00368744
0.00332652
0.00309503
0.00201486
0.00177317
0.00148431
0.00128281
0.00163379
0.00143877
0.00120843
0.00104987
0.00123856
0.00109651
0.000932693
0.000823058
0.00101725
0.000908851
0.000787515
0.000709275
5.81134e-05
3.27336e-05
1.10038e-05
3.07354e-06
7.08717e-05
4.76084e-05
2.71405e-05
1.89383e-05
0.000109254
8.77008e-05
6.81127e-05
5.94344e-05
0.000153601
0.000132226
0.000112359
0.000102987
0.000240046
0.000265209
0.000299451
0.000326655
0.000164141
0.000180994
0.000204255
0.000222912
9.99745e-05
0.000107553
0.000118787
0.000128252
7.30948e-05
7.45669e-05
7.81108e-05
8.18638e-05
0.000399032
0.00038323
0.000362279
0.000346037
0.000276819
0.000266609
0.000252983
0.000242388
0.000158304
0.000153477
0.000147055
0.000142129
9.45346e-05
9.26191e-05
9.02389e-05
8.8599e-05
8.63769e-05
7.06718e-05
5.26457e-05
4.07081e-05
6.67885e-05
5.53543e-05
4.24044e-05
3.39687e-05
5.02128e-05
4.29193e-05
3.49361e-05
2.99635e-05
4.38477e-05
3.87376e-05
3.33972e-05
3.02871e-05
0.0306627
0.0295718
0.0286044
0.0281994
0.0259922
0.0248879
0.0238659
0.0233904
0.0202686
0.0192139
0.0182006
0.0176889
0.0162536
0.0152825
0.0143269
0.0138208
0.00272241
0.00252832
0.00233911
0.0022413
0.00126017
0.00119185
0.00113201
0.00110678
0.00143696
0.00145214
0.00139692
0.00130313
0.00352912
0.00354374
0.00335514
0.00306898
0.00109441
0.000396951
0.000872001
0.00163173
0.00133306
0.000335516
0.000144056
0.00041935
0.00169264
0.000771739
0.000601219
0.000854575
0.00284062
0.00190459
0.0022627
0.00304749
0.0149996
0.013994
0.0128529
0.0121037
0.0122307
0.0113884
0.0104433
0.00983144
0.00902627
0.00838117
0.0076717
0.00722407
0.00692035
0.00641408
0.00586713
0.00553075
0.00124577
0.00116433
0.00109573
0.0010706
0.000884935
0.000846726
0.000819794
0.00081527
0.00127091
0.00123738
0.00119362
0.00116038
0.002335
0.00225426
0.00212927
0.00202165
0.00181331
0.00168324
0.00156699
0.00151684
0.00104003
0.000991875
0.000958534
0.000952515
0.0013929
0.00139322
0.0013744
0.00134509
0.00294712
0.00291904
0.00281385
0.00268665
0.00463348
0.00420606
0.00369436
0.00333608
0.00373298
0.00338478
0.00297266
0.00268773
0.00274182
0.00248599
0.0021898
0.0019902
0.00213368
0.00193894
0.00171923
0.00157585
0.0006627
0.000625211
0.000595142
0.000585731
0.000584878
0.000554652
0.000530834
0.000523923
0.000721457
0.000677396
0.000632806
0.000608243
0.00102408
0.000949454
0.000864235
0.00080834
0.000895728
0.000842408
0.000799294
0.000785473
0.000735289
0.000701415
0.000676146
0.000670459
0.00100961
0.000963953
0.000914129
0.000883456
0.00163601
0.00154767
0.00143599
0.00135436
0.000607362
0.000496741
0.000369618
0.000285346
0.00051468
0.000424829
0.000322908
0.000256398
0.000441064
0.000373879
0.000299681
0.000252873
0.000420793
0.000367083
0.000309634
0.000274922
0.000353338
0.00033069
0.000310612
0.000301948
0.000314404
0.000293396
0.000275106
0.00026757
0.000286697
0.000262728
0.000240902
0.000230936
0.000284018
0.00025377
0.000224651
0.000209805
0.000491715
0.000463394
0.000439904
0.000431579
0.000441856
0.000416014
0.000394624
0.000387123
0.00047091
0.0004358
0.000402058
0.000385001
0.000569281
0.000516842
0.000461318
0.000428294
3.88136e-05
5.71689e-05
8.72091e-05
0.000114805
3.33014e-05
4.38072e-05
6.27427e-05
8.11086e-05
4.75912e-05
4.91211e-05
5.568e-05
6.39746e-05
7.20171e-05
6.73473e-05
6.56955e-05
6.7547e-05
0.00013043
0.000116658
0.00010257
9.43886e-05
0.000120988
0.000109716
9.87767e-05
9.29423e-05
0.000110458
0.000103604
9.85039e-05
9.72349e-05
0.000104601
0.000102027
0.000102752
0.00010616
0.000233529
0.000215204
0.000197643
0.000188593
0.000206659
0.000190541
0.000175703
0.000168634
0.000171065
0.000157095
0.000145303
0.000140781
0.00014399
0.000131129
0.000121341
0.000118799
0.000404984
0.000411938
0.00042002
0.00042543
0.00027705
0.000282273
0.00028833
0.000292364
0.00015529
0.000158225
0.000161725
0.000164122
9.13921e-05
9.25837e-05
9.42434e-05
9.5555e-05
1.08439e-05
8.40921e-06
6.34374e-06
5.56664e-06
2.9396e-05
2.71488e-05
2.5351e-05
2.48043e-05
7.44755e-05
7.27244e-05
7.16208e-05
7.16504e-05
0.000125715
0.000124508
0.00012417
0.000124833
5.23089e-05
4.40762e-05
3.54411e-05
3.02205e-05
6.07248e-05
5.42295e-05
4.78061e-05
4.42608e-05
8.46168e-05
8.16e-05
7.97249e-05
7.97022e-05
0.000113677
0.000114234
0.0001171
0.000120793
0.000249578
0.000225199
0.000195088
0.000173371
0.000178512
0.000161846
0.000141409
0.000126817
0.000110691
0.000101696
9.09712e-05
8.36048e-05
7.5525e-05
7.08501e-05
6.56664e-05
6.24773e-05
2.72121e-05
2.85317e-05
3.11571e-05
3.39348e-05
3.51197e-05
3.51985e-05
3.62952e-05
3.79645e-05
5.84061e-05
5.56708e-05
5.32817e-05
5.24129e-05
8.64722e-05
8.06327e-05
7.43922e-05
7.0715e-05
8.29694e-06
9.71609e-06
1.23885e-05
1.51421e-05
2.52412e-05
2.55665e-05
2.6888e-05
2.86585e-05
6.77037e-05
6.58021e-05
6.43427e-05
6.40671e-05
0.000116345
0.000112095
0.00010769
0.000105238
8.59261e-06
5.51307e-06
2.56989e-06
1.09627e-06
9.17988e-06
6.19076e-06
3.26704e-06
1.71477e-06
1.14163e-05
8.30576e-06
5.20509e-06
3.47902e-06
1.42828e-05
1.08406e-05
7.39003e-06
5.44045e-06
2.04172e-05
1.65155e-05
1.25013e-05
1.01179e-05
1.89764e-05
1.52079e-05
1.13425e-05
9.06058e-06
1.76537e-05
1.38593e-05
9.98273e-06
7.71847e-06
1.70751e-05
1.31151e-05
9.08402e-06
6.75493e-06
3.68543e-05
3.48791e-05
3.32929e-05
3.2798e-05
3.71462e-05
3.47028e-05
3.25596e-05
3.16797e-05
4.22548e-05
3.84076e-05
3.45893e-05
3.25475e-05
4.98467e-05
4.42987e-05
3.84523e-05
3.50052e-05
0.0362837
0.0338109
0.0315709
0.0304376
0.031
0.0290538
0.0270898
0.0259995
0.0239684
0.0226606
0.0213434
0.020624
0.0185123
0.017826
0.0171648
0.0168625
0.0155526
0.0151685
0.014933
0.0148409
0.0106032
0.0105048
0.0105975
0.010797
0.00569059
0.00579754
0.00606465
0.00635387
0.00311445
0.00331041
0.00359603
0.00379409
0.00339982
0.00448311
0.0100764
0.0156705
0.00190792
0.00254266
0.00647468
0.01061
0.00110383
0.00106393
0.0030502
0.00542468
0.0010156
0.000521426
0.00134271
0.00261176
0.0188397
0.0176547
0.0163443
0.0155135
0.0154339
0.0144341
0.0133405
0.0126569
0.0114627
0.0106877
0.00985566
0.00934877
0.00882518
0.00821059
0.00756059
0.00717353
0.00754115
0.00700459
0.00644359
0.00611517
0.00532412
0.00492434
0.00452304
0.00430221
0.00308243
0.00283935
0.00261135
0.00250029
0.00194781
0.0018027
0.0016729
0.00161642
0.00945775
0.00881832
0.00816571
0.00779881
0.00672268
0.00623465
0.00575609
0.00550379
0.00389736
0.00359185
0.00330932
0.0031759
0.00241386
0.00223028
0.00206441
0.00199053
0.00651588
0.00597122
0.00532363
0.00487353
0.00525642
0.00480975
0.00428472
0.00392445
0.00384648
0.00351537
0.00313446
0.00287963
0.00296067
0.0027073
0.00242274
0.00223809
0.00253499
0.0023196
0.00208142
0.00192994
0.00182527
0.0016733
0.00151225
0.00141558
0.00116514
0.00107667
0.000991465
0.000947814
0.000883061
0.000826292
0.000777441
0.000758219
0.00342052
0.00314348
0.00283967
0.0026486
0.0024296
0.00223254
0.00202527
0.0019022
0.00148684
0.00137233
0.00126221
0.00120591
0.00106338
0.000992486
0.000930963
0.000906205
0.00118254
0.00101253
0.000811823
0.000673998
0.000971745
0.00083462
0.000674715
0.000566468
0.000767741
0.000667301
0.000553123
0.00047817
0.00066714
0.000589394
0.000503769
0.000449799
0.000616973
0.000550261
0.000478083
0.000433665
0.000524659
0.000475606
0.000424877
0.000395652
0.000453541
0.000420076
0.000388423
0.000372811
0.000438128
0.000410532
0.000386237
0.000376002
0.000910047
0.000817952
0.000716665
0.000652837
0.000726061
0.000660207
0.00059103
0.000550175
0.000571613
0.000529711
0.000489879
0.00047005
0.000522233
0.000490151
0.000462406
0.000451289
2.14276e-06
3.62616e-06
1.42876e-05
2.90995e-05
1.69899e-05
1.44245e-05
1.85909e-05
2.74206e-05
5.53431e-05
4.78057e-05
4.44498e-05
4.66236e-05
9.69505e-05
8.55375e-05
7.6796e-05
7.45171e-05
0.000115303
0.000102499
9.15924e-05
8.73621e-05
0.000136274
0.00012199
0.000108633
0.000102092
0.000162105
0.000146316
0.000130721
0.000122216
0.000180037
0.000163395
0.000146762
0.000137495
0.000172407
0.000151505
0.000131774
0.000122109
0.000191976
0.000172345
0.000153547
0.000143997
0.000217396
0.000198532
0.000180299
0.000170799
0.000236222
0.000217228
0.000198877
0.000189286
0.000339166
0.000357206
0.00038057
0.000398259
0.000231375
0.000243846
0.000260059
0.000272347
0.000132127
0.000138264
0.000146538
0.000152974
8.28099e-05
8.47108e-05
8.7858e-05
9.06517e-05
6.30564e-05
6.31756e-05
6.41158e-05
6.53055e-05
3.57427e-05
3.34795e-05
3.14877e-05
3.0565e-05
2.01575e-05
1.57712e-05
1.12799e-05
8.64809e-06
2.20649e-05
1.68031e-05
1.13697e-05
8.16765e-06
6.28927e-05
6.18244e-05
6.20875e-05
6.33465e-05
4.80627e-05
4.36809e-05
3.96726e-05
3.7694e-05
4.29396e-05
3.56837e-05
2.80973e-05
2.35046e-05
4.86163e-05
4.02382e-05
3.13626e-05
2.59119e-05
0.000335087
0.000312557
0.000283851
0.000262457
0.000235337
0.000220296
0.00020117
0.000186986
0.000138901
0.000131256
0.000121709
0.000114825
8.74793e-05
8.39723e-05
7.98942e-05
7.72572e-05
6.64081e-05
6.46408e-05
6.28389e-05
6.19515e-05
3.60812e-05
3.64956e-05
3.75806e-05
3.89341e-05
1.58216e-05
1.77565e-05
2.09426e-05
2.39914e-05
1.40051e-05
1.6195e-05
1.98298e-05
2.33091e-05
6.83468e-05
6.76456e-05
6.69343e-05
6.66372e-05
3.17127e-05
3.24562e-05
3.37769e-05
3.51465e-05
7.06213e-06
8.71617e-06
1.14469e-05
1.40624e-05
4.51347e-06
6.21606e-06
9.17413e-06
1.20874e-05
3.5006e-05
2.62006e-05
1.67148e-05
1.09437e-05
2.98497e-05
2.29479e-05
1.55806e-05
1.11332e-05
2.71419e-05
2.19474e-05
1.65103e-05
1.32939e-05
2.80252e-05
2.355e-05
1.89415e-05
1.62674e-05
2.86258e-05
2.44246e-05
2.00798e-05
1.75322e-05
2.77969e-05
2.41897e-05
2.05248e-05
1.84221e-05
2.87791e-05
2.54757e-05
2.21633e-05
2.0294e-05
3.10897e-05
2.76648e-05
2.42159e-05
2.22567e-05
4.15595e-05
3.7353e-05
3.30643e-05
3.06607e-05
3.619e-05
3.33329e-05
3.06609e-05
2.93851e-05
3.41242e-05
3.21737e-05
3.05995e-05
3.00987e-05
3.61703e-05
3.43005e-05
3.28355e-05
3.24201e-05
0.0275061
0.0260334
0.0245314
0.0236916
0.022798
0.0215297
0.0202436
0.0195308
0.0172268
0.0162122
0.0151952
0.0146422
0.0134483
0.012624
0.0118025
0.0113605
0.0116047
0.0108717
0.0101443
0.00975565
0.00833438
0.00775831
0.00720882
0.00693443
0.00487303
0.00450083
0.00416293
0.00401
0.00298923
0.00276382
0.00255781
0.00246436
0.0142053
0.013301
0.0124068
0.0119332
0.0103164
0.00959659
0.00891389
0.00857673
0.00610275
0.00563075
0.00520356
0.00501147
0.00374816
0.0034573
0.00318535
0.00305758
0.00220532
0.0020498
0.00190525
0.00183737
0.00112548
0.00107166
0.00103224
0.00102209
0.00136887
0.00139418
0.00138849
0.00135469
0.0031419
0.00316529
0.00307869
0.00293104
0.00461583
0.00459443
0.00441031
0.00416477
0.0084398
0.00825573
0.00784455
0.00740975
0.0175264
0.0168665
0.0157748
0.0147846
0.0286783
0.0273211
0.025285
0.0235643
0.00530224
0.00529912
0.0050033
0.00457562
0.00988236
0.00967844
0.00913015
0.00851476
0.0207982
0.0202097
0.0190637
0.017928
0.0343036
0.0331951
0.0313096
0.0295751
0.00228804
0.00253018
0.00271552
0.00272667
0.000972179
0.00107202
0.00116825
0.00119484
0.00141108
0.00147988
0.00148084
0.00141072
0.00433295
0.00415463
0.00391267
0.00368498
0.00618178
0.00613807
0.00586721
0.00549534
0.012447
0.0119598
0.0109724
0.00999978
0.0252245
0.0243202
0.0226017
0.0209271
0.0386039
0.0379672
0.0364302
0.0346426
0.00309075
0.00333603
0.00482271
0.00567126
0.00285714
0.00372179
0.00912942
0.0152646
0.0166303
0.0111846
0.0212738
0.0340498
0.0662728
0.0270222
0.0358395
0.0531136
0.0116638
0.0108293
0.00986313
0.0092124
0.00947026
0.00877618
0.00798179
0.00745393
0.00695454
0.00642901
0.00583984
0.00545827
0.00532139
0.00491284
0.00446396
0.00418113
0.0045312
0.00418001
0.00379955
0.00356435
0.00319606
0.00294328
0.00268053
0.0025273
0.00189902
0.00175106
0.00160952
0.00153783
0.00129074
0.00120128
0.00112288
0.00109049
0.00589785
0.0054595
0.00499206
0.00470983
0.00415267
0.00383231
0.00350448
0.00331802
0.00242309
0.00223271
0.00205213
0.00196214
0.0015796
0.00146585
0.00136514
0.00132242
0.0010511
0.000985795
0.000932067
0.0009138
0.000810348
0.000774634
0.00074876
0.000743762
0.00114923
0.00110751
0.00105891
0.00102634
0.00198194
0.00189374
0.00177295
0.00167812
0.00256012
0.00243567
0.00226136
0.00212176
0.00404386
0.00381557
0.00350018
0.00324862
0.00707712
0.00662195
0.00600661
0.00552432
0.0103764
0.00966058
0.00870892
0.00797415
0.00309367
0.00297317
0.00278571
0.00262373
0.00506332
0.00482178
0.00446747
0.00417109
0.00918307
0.00866134
0.00793137
0.00734265
0.0137569
0.0128982
0.0117296
0.0108095
0.00149466
0.00139148
0.00130214
0.00126664
0.00096063
0.000918383
0.000889193
0.000884564
0.00135882
0.0013388
0.00130472
0.00127268
0.00267013
0.00260744
0.00248618
0.00236751
0.00363449
0.00353021
0.00333786
0.00315434
0.00616316
0.00592261
0.00553958
0.00519987
0.011627
0.0110454
0.0101978
0.00949199
0.0178587
0.0168421
0.0154229
0.014283
0.00414503
0.00407418
0.00388809
0.00368368
0.00729316
0.00707459
0.00667931
0.00630054
0.0144074
0.0137778
0.0128121
0.0119776
0.0228118
0.0216161
0.0198997
0.0184926
0.00314941
0.00282243
0.00243015
0.00215504
0.00254018
0.00227532
0.0019612
0.00174369
0.00188502
0.00169167
0.00146754
0.0013164
0.00149651
0.00134959
0.00118393
0.001076
0.00130987
0.00118546
0.00104755
0.000959635
0.000996875
0.000909103
0.000816073
0.000760334
0.000721991
0.000668721
0.000617765
0.000592069
0.000620511
0.000582442
0.000549811
0.000537083
0.00184193
0.00167692
0.00149375
0.00137668
0.00135597
0.00123994
0.00111664
0.00104238
0.000915441
0.000846994
0.000781196
0.00074766
0.000738429
0.000692344
0.000652879
0.000637549
0.000571722
0.000539418
0.000513204
0.000504611
0.000511836
0.000483715
0.000460996
0.000453709
0.000588938
0.000548798
0.00050925
0.000488388
0.000775167
0.000711208
0.000640914
0.000596943
0.000888108
0.000808325
0.000717458
0.000657922
0.00116746
0.00104837
0.000906748
0.000808949
0.00175747
0.00156307
0.00132627
0.00115823
0.00239357
0.00212183
0.00178864
0.0015504
0.00121667
0.00112113
0.00100809
0.000930711
0.00169554
0.00154663
0.00136382
0.00123318
0.00266808
0.00241483
0.00209876
0.00186871
0.0037017
0.00333931
0.00288592
0.00255494
0.000768824
0.000724516
0.000689011
0.000677975
0.000659795
0.000627671
0.000603018
0.000596653
0.000863947
0.000817782
0.000769538
0.00074162
0.00131317
0.00122993
0.00113054
0.001062
0.00160876
0.00149927
0.00136402
0.00126717
0.00235044
0.00217182
0.00194509
0.00177755
0.00383973
0.00352204
0.00311579
0.00281297
0.00542227
0.00495542
0.0043599
0.0039169
0.00205978
0.00193992
0.00178372
0.00166602
0.00313472
0.00292867
0.00265696
0.00244885
0.00530143
0.0049155
0.00440893
0.00402206
0.00762342
0.00703845
0.00627723
0.00570045
0.000246367
0.00018375
0.000116178
7.52309e-05
0.000225883
0.000173727
0.000118083
8.48611e-05
0.000230113
0.000188925
0.000145982
0.000121133
0.000256028
0.000220808
0.000184981
0.000164974
0.000265671
0.000233602
0.000201274
0.000183447
0.000269421
0.000242655
0.000216298
0.000202274
0.000282079
0.000259553
0.00023811
0.00022732
0.000297381
0.000275973
0.000255994
0.000246287
0.000408504
0.000361457
0.000311941
0.000282697
0.000376805
0.000340484
0.000303742
0.000283313
0.000359216
0.000332
0.00030627
0.000293559
0.000364121
0.000339956
0.000318118
0.000308274
0.000291499
0.00027107
0.000252237
0.000243303
0.00025792
0.000239363
0.000222758
0.000215383
0.0002209
0.000202215
0.000185765
0.000178777
0.000198314
0.000177554
0.000159139
0.000151229
0.000176542
0.000154906
0.000135749
0.000127604
0.000128598
0.000105143
8.41456e-05
7.50803e-05
9.69923e-05
6.7874e-05
4.09604e-05
2.85863e-05
9.83632e-05
6.25656e-05
2.86627e-05
1.23172e-05
0.000273718
0.000239833
0.000206439
0.000188712
0.000252963
0.000210705
0.000167112
0.000142222
0.000277061
0.000217665
0.000153705
0.000114839
0.000336823
0.000259651
0.000174849
0.000121875
0.000419632
0.000394434
0.000372891
0.000364486
0.000375843
0.000352392
0.000332497
0.00032492
0.000369882
0.000340319
0.000312623
0.000299256
0.000406339
0.000365365
0.000323744
0.000300484
0.000420477
0.000372417
0.000322031
0.000292473
0.000458159
0.000393314
0.000321871
0.000276948
0.00059349
0.000496373
0.000385328
0.00031211
0.000766285
0.000636435
0.000485737
0.000384549
0.000623596
0.000559984
0.000490254
0.000446716
0.000758634
0.000667931
0.000563665
0.000494449
0.00107655
0.000934354
0.000765821
0.000649787
0.0014344
0.00123994
0.001007
0.000844645
0.00012989
0.00015576
0.000193094
0.000224327
9.09621e-05
0.000107613
0.000132433
0.000153663
6.76615e-05
7.39837e-05
8.50516e-05
9.54764e-05
6.71593e-05
6.66056e-05
6.87928e-05
7.24389e-05
6.8119e-05
6.47445e-05
6.31684e-05
6.38561e-05
6.77163e-05
6.07267e-05
5.43139e-05
5.11917e-05
7.47393e-05
6.46017e-05
5.41169e-05
4.78898e-05
8.48548e-05
7.34667e-05
6.14909e-05
5.42204e-05
8.34173e-05
7.62771e-05
7.11865e-05
7.02201e-05
9.62461e-05
8.60428e-05
7.66397e-05
7.21037e-05
0.000114652
0.000101697
8.85852e-05
8.10927e-05
0.000129197
0.000115051
0.000100492
9.19556e-05
8.74679e-05
7.63459e-05
6.47357e-05
5.77661e-05
8.74204e-05
7.85579e-05
6.98062e-05
6.4983e-05
9.44957e-05
8.99474e-05
8.68506e-05
8.64155e-05
0.000106269
0.000106065
0.000108776
0.000112926
0.000112384
0.000115243
0.000122031
0.000129388
0.000127379
0.00013738
0.00015336
0.000167725
0.000169565
0.000189635
0.000218903
0.000243645
0.000221893
0.000250393
0.000290953
0.000324632
9.81818e-05
9.87069e-05
0.000103612
0.000110351
8.48413e-05
9.26345e-05
0.000106996
0.000121032
8.66993e-05
0.000104525
0.000132315
0.000156989
0.000105368
0.000131469
0.000170548
0.000204318
0.000179568
0.000163416
0.000147377
0.00013853
0.000160894
0.000147202
0.000134241
0.000127669
0.00013509
0.000125092
0.000117103
0.000114487
0.00011495
0.000108178
0.00010478
0.000106
9.79115e-05
9.36268e-05
9.36882e-05
9.77483e-05
6.04616e-05
6.20959e-05
7.00056e-05
8.02502e-05
2.96391e-05
3.88988e-05
5.73805e-05
7.62971e-05
2.20912e-05
3.7306e-05
6.43501e-05
9.05038e-05
0.000120909
0.000109216
0.00010126
0.000100382
6.97208e-05
6.09521e-05
5.71312e-05
5.97433e-05
2.39781e-05
1.77017e-05
1.81389e-05
2.48787e-05
7.05895e-06
1.87477e-06
4.93981e-06
1.46811e-05
0.000425319
0.000420065
0.000412214
0.000405468
0.000292581
0.00028962
0.000284954
0.000280801
0.000164442
0.000163405
0.000161619
0.000159961
9.57892e-05
9.55691e-05
9.52265e-05
9.4961e-05
6.7652e-05
6.77586e-05
6.79829e-05
6.82583e-05
2.88922e-05
2.92796e-05
3.0091e-05
3.09835e-05
3.15817e-06
3.5243e-06
4.60324e-06
5.9231e-06
8.80925e-07
1.00504e-06
1.96523e-06
3.34335e-06
6.53779e-05
6.58214e-05
6.66599e-05
6.74591e-05
2.97182e-05
2.9074e-05
2.87278e-05
2.87982e-05
6.99587e-06
5.2505e-06
3.78168e-06
3.23057e-06
6.19638e-06
3.88484e-06
1.88658e-06
1.08872e-06
5.29802e-06
5.19413e-06
5.95209e-06
7.24511e-06
2.44384e-05
2.37752e-05
2.38578e-05
2.46743e-05
7.11351e-05
6.94235e-05
6.82225e-05
6.81169e-05
0.000124169
0.000121381
0.000118856
0.000117793
0.00015887
0.000155351
0.000151922
0.000150199
0.000238077
0.000233033
0.00022754
0.000224177
0.00037237
0.000364625
0.000355701
0.00034977
0.000501531
0.000491129
0.000478903
0.000470552
0.00015915
0.000158326
0.000158521
0.000159619
0.000235539
0.00023572
0.000237087
0.00023899
0.000366495
0.000367781
0.000370624
0.000373696
0.000493547
0.00049553
0.000499411
0.000503382
2.64636e-05
2.12115e-05
1.58686e-05
1.28e-05
4.13422e-05
3.70946e-05
3.30471e-05
3.09756e-05
7.85447e-05
7.64088e-05
7.51359e-05
7.52258e-05
0.000121475
0.000121544
0.000123201
0.00012559
0.000149193
0.000150791
0.000154472
0.000158445
0.000212775
0.000217981
0.000226193
0.000233536
0.000325385
0.000335568
0.000350289
0.000362668
0.000437199
0.000451462
0.000471636
0.000488317
0.000131833
0.000134877
0.000141033
0.000147298
0.000173942
0.000182788
0.000196338
0.000208186
0.000255371
0.000272409
0.000296696
0.000316868
0.000340844
0.000364738
0.000398151
0.000425497
0.000161216
0.000139601
0.000113753
9.57708e-05
0.000118657
0.000103492
8.55586e-05
7.32618e-05
7.93265e-05
7.05544e-05
6.05287e-05
5.39624e-05
6.03153e-05
5.50946e-05
4.95059e-05
4.61881e-05
5.27826e-05
4.90567e-05
4.53025e-05
4.33023e-05
4.00999e-05
3.84139e-05
3.71884e-05
3.70243e-05
3.27462e-05
3.25164e-05
3.31267e-05
3.43185e-05
3.37527e-05
3.37874e-05
3.4764e-05
3.62515e-05
6.12403e-05
5.83868e-05
5.55121e-05
5.40416e-05
3.96039e-05
3.91238e-05
3.92817e-05
4.00855e-05
2.56672e-05
2.68902e-05
2.92814e-05
3.18021e-05
2.52076e-05
2.67635e-05
2.96531e-05
3.26028e-05
3.49858e-05
3.48517e-05
3.56353e-05
3.69948e-05
3.84261e-05
3.73819e-05
3.70584e-05
3.76283e-05
5.14618e-05
4.81595e-05
4.50783e-05
4.36759e-05
6.81629e-05
6.22813e-05
5.60479e-05
5.239e-05
7.80812e-05
7.04288e-05
6.20389e-05
5.68433e-05
0.00010121
8.95544e-05
7.61999e-05
6.73927e-05
0.000144584
0.00012625
0.000104643
8.98564e-05
0.000188757
0.000164074
0.000134649
0.000114219
0.000104179
9.6196e-05
8.72943e-05
8.16731e-05
0.000145015
0.000132219
0.000117242
0.00010711
0.00021728
0.000196649
0.00017184
0.000154447
0.000288535
0.000260572
0.000226594
0.000202458
1.69168e-05
1.88241e-05
2.21553e-05
2.54465e-05
2.97243e-05
3.03064e-05
3.19967e-05
3.40902e-05
6.36286e-05
6.13746e-05
5.95258e-05
5.90181e-05
0.000103184
9.78778e-05
9.22088e-05
8.88862e-05
0.00012875
0.000121341
0.000113036
0.000107763
0.000187363
0.000175271
0.00016097
0.000151176
0.000288206
0.000268555
0.00024468
0.000227737
0.000385974
0.000359297
0.000326563
0.000303041
0.000148091
0.000142232
0.000135802
0.000131847
0.000220639
0.000211244
0.000200218
0.00019274
0.000343845
0.000328688
0.000310325
0.000297338
0.000462368
0.000441824
0.00041666
0.000398609
6.77753e-07
3.73474e-07
2.16679e-07
2.64787e-07
1.18129e-06
6.84609e-07
2.83894e-07
2.10686e-07
2.54566e-06
1.55999e-06
7.55055e-07
5.69455e-07
4.18973e-06
2.51707e-06
1.31107e-06
1.10017e-06
4.83932e-06
2.92009e-06
1.30663e-06
8.52135e-07
5.65526e-06
3.3481e-06
1.3327e-06
6.07179e-07
6.87622e-06
4.06681e-06
1.54578e-06
4.92765e-07
7.90686e-06
4.74921e-06
1.86525e-06
5.74359e-07
1.55061e-05
1.19469e-05
8.35215e-06
6.28604e-06
1.6499e-05
1.29953e-05
9.43584e-06
7.3631e-06
1.83839e-05
1.47613e-05
1.1055e-05
8.86926e-06
2.02645e-05
1.63999e-05
1.24245e-05
1.00634e-05
7.94916e-06
4.77645e-06
1.87269e-06
5.68132e-07
7.0212e-06
4.15986e-06
1.57535e-06
4.78613e-07
5.918e-06
3.51893e-06
1.39122e-06
5.87748e-07
5.17966e-06
3.14443e-06
1.38779e-06
8.32586e-07
4.55818e-06
2.75303e-06
1.3944e-06
1.08545e-06
2.96093e-06
1.81187e-06
8.40981e-07
5.65854e-07
1.59591e-06
9.20446e-07
3.57966e-07
2.1548e-07
1.04701e-06
5.71046e-07
2.72029e-07
2.73371e-07
1.60976e-05
1.21772e-05
8.21232e-06
5.95724e-06
1.36284e-05
9.91566e-06
6.16943e-06
4.05997e-06
1.18042e-05
8.05721e-06
4.33159e-06
2.31155e-06
1.14464e-05
7.49953e-06
3.64841e-06
1.65413e-06
3.14374e-05
2.79501e-05
2.44306e-05
2.24265e-05
3.02207e-05
2.66485e-05
2.30264e-05
2.09538e-05
3.06681e-05
2.65191e-05
2.22294e-05
1.97166e-05
3.25612e-05
2.76154e-05
2.24119e-05
1.93005e-05
3.2676e-05
2.73062e-05
2.16703e-05
1.83258e-05
3.30584e-05
2.67032e-05
1.99295e-05
1.58336e-05
3.73121e-05
2.89124e-05
1.98169e-05
1.42284e-05
4.35342e-05
3.29939e-05
2.14974e-05
1.4393e-05
5.35887e-05
4.6917e-05
3.9759e-05
3.54277e-05
6.2536e-05
5.32981e-05
4.30398e-05
3.6525e-05
8.20767e-05
6.8318e-05
5.26218e-05
4.23018e-05
0.00010346
8.52725e-05
6.42765e-05
5.02721e-05
