FiniteElementSpace
FiniteElementCollection: H1_2D_P2
VDim: 2
Ordering: 0

0
-0.00981256
-0.0197175
-0.0266557
-0.0309393
-0.0349357
-0.0387721
-0.0401651
-0.0385091
0
-0.000244162
-0.00508791
-0.0128376
-0.01931
-0.022089
-0.0210557
-0.0180518
-0.015375
-0.00468065
-0.0046999
0.000171068
0
-0.0150097
-0.0123772
-0.00205926
-0.0236263
-0.0199693
-0.00887564
-0.0289787
-0.0253408
-0.0164431
-0.0328752
-0.0287234
-0.0212179
-0.0370051
-0.030165
-0.0219744
-0.0398944
-0.0292804
-0.0196305
-0.0396095
-0.0270469
-0.0166128
-0.00168082
-0.00833711
-0.016384
-0.0229495
-0.0272463
-0.0297281
-0.0299905
-0.0282226
-0.00233224
-0.0029319
-0.000562275
0
-0.0124451
-0.0114421
-0.00644719
-0.00702522
-0.0217829
-0.0199264
-0.0144128
-0.0158798
-0.0278862
-0.0260416
-0.0215377
-0.0233203
-0.031895
-0.0302053
-0.0263485
-0.028264
-0.0359859
-0.0334756
-0.0292907
-0.0319683
-0.0394315
-0.0349537
-0.0301525
-0.0345306
-0.0399791
-0.0338903
-0.0287802
-0.0346981
-0.0071889
-0.00310632
-0.00253788
0.000139298
-0.000725134
-3.46354e-05
0
-0.0174488
-0.010332
-0.00888899
-0.00344474
-0.00532191
-0.000981966
-0.0252457
-0.0182462
-0.0165155
-0.0108709
-0.0127836
-0.00692289
-0.0299807
-0.0242126
-0.0223072
-0.0179863
-0.0197416
-0.0147128
-0.033891
-0.0280389
-0.0253708
-0.0217829
-0.0241828
-0.0203918
-0.0379493
-0.0300226
-0.0256794
-0.0215993
-0.025864
-0.0221466
-0.0401406
-0.0296927
-0.0237767
-0.018839
-0.0249179
-0.0203845
-0.0390984
-0.0327903
-0.0276373
-0.0212388
-0.0159815
-0.0224913
-0.0173029
-0.00106818
-0.00920507
-0.0179737
-0.0247572
-0.0292593
-0.0327649
-0.0348281
-0.0343491
-0.00493502
-0.00150942
-0.000205445
-0.0136856
-0.00703219
-0.00381234
-0.0217119
-0.0146959
-0.010828
-0.0272005
-0.0211105
-0.0182055
-0.0311098
-0.0248631
-0.023331
-0.0340729
-0.0258526
-0.0257045
-0.0349068
-0.0243799
-0.0253603
-0.0333582
-0.0218564
-0.0231384
-0.0010682
-0.00156059
-0.000387176
0
-0.011133
-0.0107416
-0.00810535
-0.00834177
-0.0207773
-0.0198304
-0.016942
-0.0177367
-0.0272917
-0.0263316
-0.0240592
-0.0249847
-0.0314158
-0.0306212
-0.0287687
-0.0296406
-0.0354623
-0.0344156
-0.0323757
-0.0334968
-0.0391248
-0.0371365
-0.0347003
-0.0366675
-0.0400969
-0.0371476
-0.0345394
-0.037417
-0.00591181
-0.00599647
-0.00392389
-0.00373999
-0.00236851
-0.0022968
-0.00108706
-0.00118674
-0.000200134
-0.000374517
-7.33419e-05
0
-0.0162479
-0.0154934
-0.0125664
-0.0131441
-0.00932457
-0.00869643
-0.00615504
-0.0068395
-0.00555438
-0.0051344
-0.00314449
-0.00361651
-0.0244641
-0.0234611
-0.020841
-0.0217436
-0.0173308
-0.0164919
-0.0137485
-0.014605
-0.0133997
-0.0126406
-0.0098524
-0.0106509
-0.0294885
-0.0286219
-0.0266348
-0.0275317
-0.0235987
-0.0226705
-0.0204473
-0.0213582
-0.020773
-0.0198878
-0.0173784
-0.0182615
-0.0333788
-0.0325474
-0.0306627
-0.031587
-0.0276557
-0.0264529
-0.0245444
-0.0257163
-0.0258588
-0.0248428
-0.0228405
-0.0238295
-0.0374898
-0.0360365
-0.0337901
-0.035274
-0.0298938
-0.0279497
-0.0258792
-0.0278048
-0.0290224
-0.0275033
-0.0255595
-0.0270504
-0.0400453
-0.0375141
-0.0349514
-0.0374219
-0.0298574
-0.0270557
-0.024659
-0.0274733
-0.030178
-0.0277741
-0.0255368
-0.0279374
-0.039368
-0.0362197
-0.0336312
-0.0367354
-0.0279318
-0.0247581
-0.0221715
-0.0253706
-0.0290395
-0.0259756
-0.0234603
-0.0265469
-0.00349533
-0.00196422
-0.00225771
-0.00106851
-0.000788873
0
-0.0137397
-0.0103193
-0.00985763
-0.0073761
-0.00779082
-0.00582445
-0.0227332
-0.0189695
-0.0181488
-0.0154094
-0.0161795
-0.0141077
-0.0284475
-0.0254168
-0.0245121
-0.0222627
-0.0231596
-0.0216516
-0.0323811
-0.0297376
-0.0287506
-0.0268106
-0.0278279
-0.0268249
-0.0365023
-0.0331326
-0.0316224
-0.0295264
-0.0310504
-0.0303699
-0.0396892
-0.0349127
-0.0324803
-0.0300895
-0.0325018
-0.0323626
-0.0398147
-0.0341312
-0.0310583
-0.0285067
-0.0315664
-0.0319922
-0.00849374
-0.00596792
-0.00388413
-0.00397809
-0.00199279
-0.00142676
-7.21102e-06
-0.000709036
0.000198933
-0.000278764
-0.000428516
8.10431e-05
-8.199e-05
-7.29039e-05
0
-0.0186068
-0.0147921
-0.011352
-0.0119817
-0.00794622
-0.00704897
-0.00423843
-0.00529618
-0.00271642
-0.00374269
-0.00453933
-0.00147962
-0.00244171
-0.000569065
-0.025976
-0.0225381
-0.0191263
-0.0199796
-0.0156198
-0.014714
-0.0118626
-0.0128314
-0.00987322
-0.0108853
-0.0118076
-0.00789
-0.00893536
-0.00598659
-0.0304631
-0.0277423
-0.0247926
-0.0257265
-0.0217304
-0.0207956
-0.0186773
-0.0195464
-0.0172406
-0.0181034
-0.0189937
-0.0155993
-0.0164838
-0.0137907
-0.034411
-0.0315456
-0.0283951
-0.0295991
-0.0251386
-0.0237104
-0.0219678
-0.0232989
-0.0215331
-0.0226757
-0.0237782
-0.0208373
-0.0218405
-0.0198822
-0.0383789
-0.0343207
-0.0301131
-0.0320656
-0.0257854
-0.0233867
-0.0213462
-0.0237349
-0.0218103
-0.0239175
-0.0258059
-0.0220878
-0.0239139
-0.0221479
-0.0401801
-0.0348216
-0.0294993
-0.032305
-0.0240846
-0.02095
-0.0184425
-0.0216461
-0.0192368
-0.022308
-0.0251529
-0.0200151
-0.0229002
-0.0207334
-0.0388075
-0.0356467
-0.0330762
-0.0299227
-0.0273425
-0.0305004
-0.0241535
-0.0215467
-0.0183114
-0.0156781
-0.0189305
-0.0162906
-0.0195741
-0.0228146
-0.0169497
-0.0202514
-0.0176708
-0.000551236
-0.0095379
-0.0188045
-0.0256788
-0.0301339
-0.0339617
-0.036924
-0.0373023
-0.00485583
-0.00171286
-0.000128662
-0.0143288
-0.00775205
-0.00435081
-0.0226272
-0.0155608
-0.0116451
-0.0280882
-0.0220337
-0.0190935
-0.0320679
-0.0261017
-0.0243538
-0.0356696
-0.027897
-0.0272953
-0.0374923
-0.0272776
-0.0278739
-0.0364877
-0.025064
-0.0262673
-0.00264374
-0.00146957
-0.000272208
-0.011946
-0.00881392
-0.00679326
-0.0208109
-0.0171794
-0.0151535
-0.026948
-0.0238542
-0.0224257
-0.031105
-0.0282986
-0.0273371
-0.0348545
-0.0313512
-0.0307224
-0.0373031
-0.0325109
-0.0324523
-0.0369571
-0.0313206
-0.0317916
-0.00715979
-0.00488602
-0.0031001
-0.00293179
-0.00103052
-0.000458988
-0.00073252
-0.000157455
-3.10365e-05
-0.0166312
-0.0130479
-0.0109157
-0.00966524
-0.00615168
-0.00449083
-0.00596518
-0.00305792
-0.00189705
-0.0242465
-0.020836
-0.019083
-0.0173932
-0.0137841
-0.0118629
-0.0136294
-0.00990688
-0.00797997
-0.0291379
-0.0262887
-0.0251351
-0.0232686
-0.020196
-0.0188483
-0.0206426
-0.0173143
-0.0156156
-0.0330244
-0.0299948
-0.0291841
-0.0267692
-0.023531
-0.0230139
-0.0252966
-0.0222845
-0.021344
-0.0363706
-0.0322333
-0.0318613
-0.027963
-0.0235799
-0.0238483
-0.0276734
-0.02394
-0.0238378
-0.0374885
-0.0321644
-0.0324111
-0.0268109
-0.0213002
-0.0219835
-0.0276397
-0.0226151
-0.0231588
-0.035937
-0.0302128
-0.0307838
-0.0244554
-0.0186195
-0.0192479
-0.0256756
-0.019909
-0.0205993
0
-0.00675578
-0.0183594
-0.0322284
-0.0437771
-0.0544181
-0.0692937
-0.090194
-0.113488
0
-0.00361756
-0.0170338
-0.0309871
-0.0419651
-0.0523092
-0.0668404
-0.0875265
-0.11109
-0.00364605
-0.00418089
0.00031791
0
-0.0118594
-0.017451
-0.00980629
-0.025404
-0.0318548
-0.0243125
-0.0383624
-0.0430015
-0.0368175
-0.0488931
-0.0530243
-0.0469103
-0.0610682
-0.0675102
-0.0588055
-0.0791269
-0.0885659
-0.0765111
-0.101868
-0.112277
-0.0992824
-0.000401535
-0.0101976
-0.0249267
-0.0378534
-0.0478037
-0.0594264
-0.0773481
-0.100468
-0.00266691
-0.00171838
0.000386383
0
-0.00908268
-0.0109344
-0.00696725
-0.00524187
-0.021866
-0.0252455
-0.0212169
-0.0179229
-0.0353947
-0.0381827
-0.0349763
-0.032137
-0.046332
-0.0483238
-0.0454013
-0.0434203
-0.0575656
-0.0601216
-0.0560377
-0.0536404
-0.0740245
-0.0781027
-0.0722236
-0.0682554
-0.0959981
-0.101132
-0.0944815
-0.0892873
-0.00495013
-0.00196201
-0.00360936
-0.0012759
0.000272595
0.000884706
0
-0.0149875
-0.0137367
-0.0171105
-0.0133578
-0.00977905
-0.00651207
-0.0288822
-0.0284934
-0.0314661
-0.0277503
-0.0245875
-0.020717
-0.0411428
-0.0405109
-0.0425291
-0.0394527
-0.0374092
-0.0340065
-0.0515564
-0.0503106
-0.052571
-0.0495101
-0.0473349
-0.044424
-0.0649716
-0.0632426
-0.0670308
-0.0626154
-0.0589742
-0.0553858
-0.084542
-0.0828228
-0.0879912
-0.0818829
-0.0768206
-0.0714806
-0.10772
-0.112878
-0.106429
-0.111692
-0.105212
-0.0998653
-0.0933573
-0.00064247
-0.00786306
-0.0215968
-0.0352744
-0.0458706
-0.0566961
-0.0729791
-0.0951753
-0.00318122
-0.00130298
0.000833614
-0.0143294
-0.0133672
-0.00648065
-0.0287809
-0.0281331
-0.0208857
-0.0408819
-0.0400482
-0.034558
-0.0508801
-0.0498499
-0.0449276
-0.0639672
-0.0627803
-0.055588
-0.0835655
-0.0822701
-0.0717216
-0.107063
-0.105822
-0.0938898
-0.00178694
-0.00154892
-0.00025532
0
-0.00785638
-0.00843514
-0.00648931
-0.00593879
-0.0201031
-0.0217573
-0.0197562
-0.0181576
-0.0338385
-0.035363
-0.0337341
-0.0322145
-0.0450606
-0.0461036
-0.044651
-0.0436086
-0.0559491
-0.057103
-0.0551261
-0.0540083
-0.0716075
-0.0734614
-0.0705646
-0.0687342
-0.0930831
-0.0955693
-0.0922167
-0.0897147
-0.00424155
-0.00399073
-0.00237792
-0.00261709
-0.0010957
-0.00155723
-0.000412834
1.17797e-05
0.000363054
0.000665962
0.000611255
0
-0.0133856
-0.0146611
-0.0125992
-0.0113811
-0.0119371
-0.0135151
-0.0115457
-0.00994054
-0.00551084
-0.00666618
-0.004983
-0.00382846
-0.0271575
-0.0288646
-0.0270317
-0.025356
-0.0267318
-0.0283179
-0.0263837
-0.0247533
-0.0193342
-0.0210373
-0.0190012
-0.0172555
-0.0397764
-0.0410294
-0.0395559
-0.0382959
-0.0392063
-0.040292
-0.0387519
-0.037646
-0.0334458
-0.0347814
-0.0330423
-0.0316712
-0.0502051
-0.0512048
-0.0495826
-0.0486028
-0.0490377
-0.0500661
-0.0485729
-0.0475631
-0.0442069
-0.0451658
-0.043733
-0.0427731
-0.0629652
-0.0644314
-0.0619899
-0.0605612
-0.0612795
-0.0629777
-0.0608232
-0.0591686
-0.0544887
-0.0557854
-0.054038
-0.0527762
-0.0817988
-0.0840208
-0.0807965
-0.0785769
-0.0800467
-0.0825245
-0.0795062
-0.0770571
-0.0698133
-0.0719413
-0.069323
-0.0672369
-0.104803
-0.107391
-0.104107
-0.101492
-0.103457
-0.106123
-0.102851
-0.100161
-0.0915084
-0.094175
-0.0909244
-0.0882624
-0.00312632
-0.00115076
-0.000975539
9.53592e-05
-3.53874e-05
0
-0.0104197
-0.00935046
-0.0105339
-0.00853563
-0.00736987
-0.0046547
-0.0236384
-0.0234298
-0.0250963
-0.0230842
-0.0214096
-0.0176799
-0.036906
-0.0367564
-0.0380334
-0.0364438
-0.0351428
-0.0320133
-0.0476061
-0.0470906
-0.0480573
-0.0465958
-0.0456363
-0.0432173
-0.0592664
-0.0583589
-0.059744
-0.0576818
-0.0563414
-0.0533125
-0.0765308
-0.0754944
-0.0776951
-0.0747382
-0.0725683
-0.0678489
-0.0989314
-0.0981512
-0.100791
-0.0974719
-0.0948137
-0.088906
-0.00578371
-0.0041374
-0.00299421
-0.00250583
-0.00237663
-0.00353499
-0.00236446
-0.00120578
-0.00036621
0.000380987
0.000696106
0.000760191
0.000913547
0.000678659
0
-0.0166498
-0.0161085
-0.0155798
-0.0140142
-0.0152277
-0.0170322
-0.0151892
-0.0133094
-0.0115588
-0.00972885
-0.00808517
-0.0081175
-0.00642433
-0.00500378
-0.0305777
-0.0304842
-0.0302019
-0.0286522
-0.0298282
-0.0312405
-0.0293974
-0.0279446
-0.0260565
-0.0244393
-0.0227514
-0.0225327
-0.020776
-0.0188827
-0.0424764
-0.042167
-0.0417723
-0.040708
-0.0413037
-0.0422633
-0.0407212
-0.0397727
-0.0381554
-0.0371374
-0.036012
-0.035438
-0.0343034
-0.0325257
-0.0529551
-0.0522287
-0.0516358
-0.0505821
-0.0511792
-0.0524128
-0.0508798
-0.0496634
-0.048191
-0.0471179
-0.0461241
-0.0456591
-0.0446826
-0.0431972
-0.0670777
-0.0660559
-0.0653203
-0.063572
-0.0648502
-0.0668955
-0.0646745
-0.0626558
-0.0606589
-0.0588492
-0.0572318
-0.057049
-0.0554513
-0.0538083
-0.0873433
-0.0863998
-0.0856667
-0.0831682
-0.0851023
-0.0877474
-0.084675
-0.0820565
-0.0791572
-0.0766376
-0.0742234
-0.0739484
-0.0715659
-0.0691084
-0.110621
-0.113184
-0.109989
-0.112574
-0.109372
-0.106742
-0.111984
-0.108771
-0.111396
-0.108161
-0.105522
-0.102253
-0.099576
-0.0968739
-0.0963142
-0.0936199
-0.090424
-0.000822321
-0.00712419
-0.019951
-0.0338161
-0.0448616
-0.0555135
-0.0710459
-0.092628
-0.00323791
-0.000677278
0.00052261
-0.0129862
-0.011699
-0.00518461
-0.0271265
-0.0265584
-0.0191481
-0.0396859
-0.0389929
-0.0332568
-0.0498844
-0.0487951
-0.0439747
-0.0624421
-0.0610184
-0.0542388
-0.0812623
-0.0797518
-0.0695355
-0.10445
-0.10315
-0.091203
-0.00206508
-0.000430017
0.000114743
-0.00985876
-0.00890433
-0.00594889
-0.0235627
-0.0232637
-0.0195433
-0.0368567
-0.0366166
-0.0336075
-0.0473466
-0.0468401
-0.0444324
-0.0587822
-0.0579925
-0.0547847
-0.0759736
-0.0750845
-0.0701553
-0.0985282
-0.0977998
-0.0918449
-0.00489283
-0.00350432
-0.00166266
-0.00261449
-0.00228972
-0.000305164
0.000463931
0.000800176
0.000645836
-0.0163891
-0.0158314
-0.0122428
-0.0153726
-0.0151616
-0.0114936
-0.00825749
-0.00803338
-0.00491837
-0.0305631
-0.0303594
-0.0268945
-0.030023
-0.029621
-0.0262159
-0.022909
-0.0226237
-0.0189089
-0.0423348
-0.0419787
-0.0393947
-0.0415484
-0.0410318
-0.038477
-0.0362427
-0.0357477
-0.0328015
-0.0525749
-0.0519156
-0.0493003
-0.0513896
-0.0510074
-0.0483712
-0.0463576
-0.0458926
-0.0434766
-0.0665279
-0.0656546
-0.0616032
-0.0650513
-0.0647212
-0.0606996
-0.057427
-0.0571021
-0.0538915
-0.086842
-0.0860099
-0.0803934
-0.0853654
-0.0848731
-0.0793078
-0.0744514
-0.0740543
-0.0691781
-0.110305
-0.109677
-0.103775
-0.10907
-0.10847
-0.102555
-0.0971647
-0.0965935
-0.0906668
