FiniteElementSpace
FiniteElementCollection: L2_2D_P3
VDim: 1
Ordering: 0

0.0070089
0.00314195
0.00381149
0.00516214
0.00224437
0.00153227
0.00252163
0.00381669
0.000481309
0.000629597
0.00134592
0.0021809
0.000359549
0.000494364
0.000825666
0.00112751
0.00120845
0.00106913
0.000899703
0.000779512
0.000934243
0.00083069
0.000705659
0.000617702
0.000671445
0.000604802
0.000526028
0.000471997
0.000537916
0.000492456
0.000440602
0.000406598
2.76452e-05
1.32155e-05
3.13092e-06
2.00778e-06
4.11292e-05
2.74029e-05
1.71157e-05
1.49498e-05
7.69182e-05
6.3606e-05
5.28145e-05
4.94194e-05
0.000116415
0.000102954
9.14896e-05
8.7178e-05
0.000278179
0.000311633
0.00035918
0.000398661
0.000202548
0.000226405
0.000261031
0.000290261
0.000135125
0.000147959
0.000167826
0.000185402
0.000105278
0.000110763
0.000120902
0.000130864
0.000751638
0.000762233
0.000778621
0.000793181
0.000553105
0.000561109
0.000573776
0.000585216
0.000343975
0.000348836
0.000357028
0.000364738
0.000220182
0.000222829
0.000227927
0.000233089
0.00070516
0.000680613
0.000650957
0.000629995
0.000524409
0.000506234
0.000484562
0.000469487
0.000331874
0.000320656
0.000307686
0.000299017
0.000216441
0.000209563
0.000202015
0.000197335
0.000302992
0.000277462
0.000246193
0.000223758
0.000228927
0.000209796
0.000186599
0.000170146
0.000152132
0.000139903
0.000125425
0.000115443
0.000108166
0.000100144
9.09902e-05
8.49686e-05
3.98885e-05
3.25819e-05
2.41757e-05
1.8586e-05
3.25813e-05
2.68203e-05
2.0269e-05
1.59664e-05
2.63822e-05
2.21619e-05
1.74816e-05
1.44936e-05
2.42228e-05
2.07992e-05
1.71072e-05
1.48294e-05
0.00251543
0.00233935
0.00211413
0.00194556
0.00192265
0.00178274
0.00160383
0.00147011
0.00131206
0.00121499
0.0010916
0.00100017
0.000968506
0.000899073
0.000812029
0.000748521
0.000320325
0.000303695
0.000292613
0.000291805
0.000349886
0.000325235
0.000304706
0.000297411
0.000517524
0.000469964
0.000421731
0.000394856
0.000737158
0.000663732
0.000583893
0.000534445
1.32738e-05
6.5203e-06
7.5148e-05
0.000160059
2.66301e-05
3.27104e-05
0.000134205
0.000249453
0.000102448
0.000129924
0.000323765
0.000527395
0.00024634
0.000275233
0.000564982
0.00086841
0.000368056
0.000298567
0.000219465
0.000167631
0.000309306
0.000254936
0.000193809
0.000154389
0.000270033
0.000231461
0.000189354
0.000163253
0.000266331
0.000236875
0.000205946
0.000187827
0.000237852
0.000227866
0.000220903
0.000220018
0.000210681
0.000200858
0.000194122
0.00019344
0.000190068
0.000177146
0.000166875
0.000163897
0.000185906
0.000168156
0.000152335
0.000145696
0.000271105
0.000261949
0.000257199
0.000258913
0.000257434
0.000245327
0.000237027
0.000236237
0.000294811
0.000272222
0.000251175
0.000241314
0.000364375
0.000329037
0.000292429
0.000271458
5.0869e-05
7.11445e-05
0.000103476
0.00013274
4.29684e-05
5.59319e-05
7.80762e-05
9.8997e-05
5.29201e-05
5.746e-05
6.80148e-05
7.95402e-05
7.40243e-05
7.28874e-05
7.57867e-05
8.12104e-05
0.00013593
0.0001263
0.000117169
0.000112576
0.000129244
0.000121768
0.000115327
0.000112714
0.000122649
0.000119389
0.000118569
0.000120369
0.000119982
0.00012107
0.000126243
0.000132896
0.000191121
0.000180757
0.00017205
0.000168842
0.000169765
0.000161155
0.000154662
0.000153116
0.000140742
0.000133931
0.000130084
0.000130825
0.000118192
0.0001124
0.000110422
0.00011303
0.000553591
0.000581582
0.000621013
0.000653535
0.000404453
0.000425037
0.000454473
0.000479052
0.000252726
0.000264725
0.000282623
0.00029806
0.000167276
0.000173507
0.000183728
0.000193127
3.60004e-05
3.11288e-05
2.57837e-05
2.23365e-05
5.60695e-05
5.23479e-05
4.82123e-05
4.54652e-05
0.000116139
0.00011575
0.000115596
0.00011561
0.000190153
0.000193786
0.000198638
0.000202296
8.09724e-05
7.32625e-05
6.52997e-05
6.06106e-05
8.97117e-05
8.38258e-05
7.80433e-05
7.48719e-05
0.00011789
0.000116544
0.000116566
0.000117748
0.000153606
0.000157468
0.000164328
0.00017078
0.000802705
0.00079302
0.000782841
0.000776905
0.000594054
0.000587019
0.000579951
0.000576143
0.000371813
0.00036756
0.000363727
0.000362108
0.000238369
0.000235768
0.000233846
0.00023351
2.0172e-06
2.49712e-06
3.2863e-06
4.05082e-06
2.70281e-05
2.72564e-05
2.74005e-05
2.74298e-05
0.000108136
0.000107535
0.000106117
0.000104588
0.000210021
0.000208325
0.000205091
0.000201877
8.91637e-06
7.09347e-06
5.06546e-06
3.74058e-06
3.43358e-05
3.29168e-05
3.10744e-05
2.96284e-05
0.00011335
0.000113222
0.000112555
0.000111613
0.000211611
0.000213058
0.000214038
0.000214043
0.000513143
0.000483535
0.000447151
0.000420936
0.000383841
0.000361792
0.000334968
0.000315863
0.00024724
0.000233434
0.000217031
0.00020568
0.000166488
0.000157801
0.000147869
0.000141333
2.30809e-05
2.38943e-05
2.55773e-05
2.73968e-05
3.62314e-05
3.61718e-05
3.65978e-05
3.73682e-05
8.33347e-05
8.04022e-05
7.69768e-05
7.47261e-05
0.000143616
0.000137049
0.000128856
0.000122941
1.01363e-05
1.14851e-05
1.35752e-05
1.54974e-05
3.03771e-05
3.10186e-05
3.19582e-05
3.28288e-05
9.87351e-05
9.70242e-05
9.45865e-05
9.26437e-05
0.000185297
0.000180573
0.000173982
0.000168697
0.000136492
0.000120019
0.000100205
8.62898e-05
0.00010537
9.2861e-05
7.79847e-05
6.7669e-05
7.44414e-05
6.61179e-05
5.64757e-05
4.99923e-05
5.80886e-05
5.22181e-05
4.56617e-05
4.14524e-05
2.99616e-05
2.84037e-05
2.71871e-05
2.68488e-05
3.10688e-05
2.91322e-05
2.74219e-05
2.67077e-05
4.01539e-05
3.68028e-05
3.33241e-05
3.13171e-05
5.31329e-05
4.79645e-05
4.22371e-05
3.86035e-05
3.12012e-05
3.07648e-05
3.10149e-05
3.18458e-05
3.72971e-05
3.61339e-05
3.54007e-05
3.54543e-05
6.25505e-05
5.89697e-05
5.51186e-05
5.28162e-05
9.57194e-05
8.90949e-05
8.13712e-05
7.6181e-05
4.36841e-06
3.02582e-06
1.67532e-06
9.38894e-07
4.30122e-06
2.96866e-06
1.61679e-06
8.64189e-07
4.97114e-06
3.5804e-06
2.16551e-06
1.36388e-06
6.09895e-06
4.58447e-06
3.04999e-06
2.17577e-06
8.77719e-06
7.24681e-06
5.68595e-06
4.76975e-06
7.90326e-06
6.46693e-06
5.01109e-06
4.16399e-06
7.01494e-06
5.60665e-06
4.19173e-06
3.38227e-06
6.54404e-06
5.08578e-06
3.63127e-06
2.81338e-06
2.0674e-05
1.86663e-05
1.66925e-05
1.56196e-05
1.97197e-05
1.76748e-05
1.56476e-05
1.45323e-05
2.07135e-05
1.82218e-05
1.56558e-05
1.41648e-05
2.31999e-05
2.00561e-05
1.67147e-05
1.46906e-05
0.00356597
0.00324779
0.00285414
0.00256102
0.00270868
0.00247658
0.00218311
0.00196656
0.00175637
0.00162842
0.00147507
0.00136733
0.0011697
0.00111232
0.00105958
0.00103419
0.000972783
0.000924457
0.000897629
0.000887201
0.000561396
0.000563563
0.000574842
0.000585943
0.000304241
0.000323332
0.000346868
0.000363314
0.000261685
0.000283857
0.000305077
0.000315556
0.000270841
0.000274558
0.000526908
0.000809662
9.86411e-05
0.000117142
0.000283241
0.000465892
2.51423e-05
2.59107e-05
0.000113077
0.000213988
1.39579e-05
8.83852e-06
7.93326e-05
0.000158319
0.00071907
0.000615912
0.00049371
0.000409568
0.000573413
0.000495021
0.000403075
0.000340518
0.000443537
0.000390923
0.000330798
0.000291194
0.000386968
0.00034926
0.000307815
0.000281896
0.000360721
0.000329687
0.000296492
0.000276529
0.000306184
0.000285722
0.000265585
0.00025505
0.000268001
0.000255903
0.000246369
0.000243702
0.000262675
0.000252993
0.000246836
0.000246911
0.000477917
0.000441824
0.000401748
0.000376404
0.000372174
0.000350134
0.000327822
0.000315611
0.00029393
0.000282545
0.000274108
0.000272458
0.000277452
0.000268616
0.000263997
0.000265613
3.55435e-06
9.18988e-06
2.37774e-05
4.04401e-05
1.49792e-05
1.65388e-05
2.49519e-05
3.61912e-05
4.73341e-05
4.40686e-05
4.53892e-05
5.05335e-05
8.35488e-05
7.68785e-05
7.34049e-05
7.4566e-05
9.99059e-05
9.19467e-05
8.65123e-05
8.59446e-05
0.000119694
0.00011041
0.000102769
0.000100132
0.000144908
0.000134592
0.000125286
0.000121117
0.000163101
0.000152512
0.00014284
0.000138374
0.000133659
0.000120368
0.000108789
0.00010412
0.000152229
0.000139914
0.00012903
0.000124444
0.000175581
0.000164218
0.000154203
0.000149992
0.000192206
0.00018131
0.000171906
0.000168158
0.000418754
0.000451469
0.000497449
0.000535286
0.000304923
0.000328679
0.000362621
0.000390927
0.000193774
0.000207205
0.000227338
0.000244749
0.000135139
0.000141671
0.000152667
0.000162926
0.000110531
0.000114067
0.000120998
0.000128008
7.42025e-05
7.33598e-05
7.43117e-05
7.65154e-05
5.14746e-05
4.67048e-05
4.22602e-05
4.00885e-05
5.25018e-05
4.61337e-05
3.94574e-05
3.54377e-05
9.33847e-05
9.57116e-05
0.000101563
0.000108095
7.55318e-05
7.33389e-05
7.3006e-05
7.45585e-05
6.92183e-05
6.30202e-05
5.7211e-05
5.43437e-05
7.67803e-05
6.89962e-05
6.10247e-05
5.64045e-05
0.000797228
0.000797465
0.000800273
0.000804349
0.00058843
0.00058878
0.000591388
0.000595048
0.000366868
0.000367133
0.000369243
0.000372222
0.00023444
0.000234491
0.000236091
0.000238496
0.000176562
0.00017652
0.000177835
0.000179896
9.00904e-05
8.98535e-05
9.06413e-05
9.20909e-05
2.08698e-05
2.04319e-05
2.05754e-05
2.12366e-05
1.44446e-06
9.09726e-07
6.17526e-07
7.05128e-07
0.000166305
0.000167978
0.000171642
0.000175577
8.60896e-05
8.62577e-05
8.76899e-05
8.97028e-05
2.29993e-05
2.17843e-05
2.10426e-05
2.10953e-05
6.58905e-06
4.78768e-06
2.98873e-06
1.99632e-06
0.000616239
0.000587866
0.000553163
0.000528286
0.000459491
0.000438417
0.000412919
0.000394874
0.000293038
0.000279939
0.000264493
0.000253903
0.000193777
0.000185653
0.000176472
0.000170529
0.000150136
0.00014422
0.000137776
0.000133832
8.40913e-05
8.14242e-05
7.89923e-05
7.79595e-05
3.11459e-05
3.12829e-05
3.22347e-05
3.3601e-05
1.62764e-05
1.74425e-05
1.95477e-05
2.16667e-05
0.000165716
0.000160765
0.000155579
0.000152601
8.92445e-05
8.71199e-05
8.53764e-05
8.48591e-05
2.74962e-05
2.78383e-05
2.89943e-05
3.04707e-05
9.60463e-06
1.08843e-05
1.30254e-05
1.50876e-05
0.000211721
0.000190417
0.000164504
0.000146064
0.000161337
0.00014529
0.000125977
0.000112397
0.000109944
9.95169e-05
8.72783e-05
7.89228e-05
8.13751e-05
7.4321e-05
6.63419e-05
6.11441e-05
6.87727e-05
6.32167e-05
5.71008e-05
5.32622e-05
4.8726e-05
4.54035e-05
4.20621e-05
4.02443e-05
3.40466e-05
3.2508e-05
3.13846e-05
3.11855e-05
3.16582e-05
3.06134e-05
3.01069e-05
3.03619e-05
8.8807e-05
8.26507e-05
7.58264e-05
7.15132e-05
5.87074e-05
5.53151e-05
5.19347e-05
5.0141e-05
3.58425e-05
3.47139e-05
3.41435e-05
3.44002e-05
3.09871e-05
3.0553e-05
3.0833e-05
3.17044e-05
1.60532e-05
1.22427e-05
8.05744e-06
5.44062e-06
1.40124e-05
1.08318e-05
7.36589e-06
5.2116e-06
1.29773e-05
1.03698e-05
7.57437e-06
5.86254e-06
1.34698e-05
1.10824e-05
8.56305e-06
7.04551e-06
1.36052e-05
1.13328e-05
8.9372e-06
7.49119e-06
1.32149e-05
1.121e-05
9.12819e-06
7.89228e-06
1.36053e-05
1.17527e-05
9.85985e-06
8.75655e-06
1.46128e-05
1.27164e-05
1.07867e-05
9.66706e-06
2.32023e-05
2.01433e-05
1.6879e-05
1.48894e-05
2.07773e-05
1.83325e-05
1.58061e-05
1.43298e-05
1.97807e-05
1.77526e-05
1.5738e-05
1.46258e-05
2.07138e-05
1.87053e-05
1.67294e-05
1.5654e-05
0.00184031
0.00166492
0.00144683
0.00128842
0.00139634
0.00126709
0.0011071
0.000991506
0.000957334
0.000876033
0.00077698
0.000706735
0.000721613
0.000667983
0.000604597
0.000561264
0.000617028
0.000575569
0.000527735
0.000496018
0.000445758
0.00042186
0.00039676
0.000382232
0.000318225
0.000307024
0.000299041
0.000297941
0.000290672
0.000281618
0.000277427
0.000279921
0.000821254
0.000759648
0.000687094
0.000637757
0.000554307
0.000519314
0.000481348
0.000458175
0.000359218
0.000342081
0.000328456
0.000324491
0.000321305
0.000305567
0.000295452
0.000295322
0.000286845
0.000276659
0.000271548
0.000273714
0.000289944
0.000274851
0.000263827
0.000261796
0.000379899
0.000349809
0.000320428
0.000305226
0.000510683
0.000463355
0.000412751
0.000382247
0.000594405
0.00053571
0.000471173
0.00043066
0.000780436
0.000697424
0.000602322
0.000539235
0.00111787
0.000996932
0.000854174
0.000755931
0.00144767
0.00129332
0.0011086
0.000979425
0.000860446
0.000778345
0.00068519
0.000624002
0.00113392
0.00102926
0.000907037
0.000823907
0.00159404
0.00145915
0.00129817
0.00118581
0.00201794
0.00186135
0.00167211
0.00153821
0.000258227
0.000276842
0.000299061
0.000313834
0.000326258
0.000334576
0.000347327
0.000358743
0.000582516
0.000566758
0.000556267
0.000553647
0.000929686
0.000875409
0.000828733
0.000799939
0.00111876
0.00104378
0.000966887
0.000923861
0.00159254
0.00145218
0.00129328
0.00118883
0.00231294
0.00208515
0.00181826
0.00163512
0.00293525
0.00263066
0.00228711
0.0020526
0.000337353
0.000429217
0.000782104
0.00114053
0.000524707
0.00064839
0.00126984
0.00196671
0.00176764
0.00139113
0.00220211
0.00315996
0.00438718
0.00249865
0.00315276
0.00407641
0.000142993
0.000103345
6.18692e-05
3.78386e-05
0.000135179
0.000102623
6.89748e-05
4.98272e-05
0.000149158
0.000123907
9.84689e-05
8.45638e-05
0.00017648
0.000155282
0.000134524
0.000123706
0.000187789
0.000168608
0.000150088
0.000140674
0.000194628
0.000179259
0.000165036
0.000158394
0.000207311
0.000195231
0.000184882
0.000180887
0.000219317
0.000208471
0.000199759
0.000197035
0.000263534
0.00023828
0.000212397
0.000197801
0.000246399
0.000228215
0.000210813
0.000202141
0.000238675
0.000226316
0.000216103
0.000212617
0.000243178
0.000232745
0.000225135
0.000223704
0.000215996
0.000205697
0.000197725
0.00019559
0.000190001
0.000180839
0.000174306
0.000173262
0.000160114
0.000150626
0.000144058
0.000143314
0.000140788
0.000129699
0.000121678
0.000120333
0.000124344
0.000112098
0.000102981
0.000101129
8.82011e-05
7.35297e-05
6.17806e-05
5.83619e-05
6.40051e-05
4.41851e-05
2.68892e-05
2.01725e-05
6.44813e-05
3.93711e-05
1.64085e-05
6.34077e-06
0.000180031
0.000158963
0.000139292
0.000130081
0.000168061
0.000139789
0.00011133
9.58861e-05
0.000186519
0.000145588
0.000101875
7.57524e-05
0.000227827
0.000174903
0.000116828
8.07237e-05
0.000256107
0.000246606
0.000240825
0.000241288
0.000232616
0.000221907
0.000214675
0.00021413
0.000233756
0.000216537
0.000201497
0.000195499
0.000258733
0.000232922
0.000207567
0.000194356
0.000272619
0.000241007
0.000208654
0.000190522
0.000304995
0.000260798
0.00021275
0.000183162
0.000397435
0.000332324
0.000258366
0.000210003
0.000507298
0.000422958
0.000325262
0.000259766
0.000408059
0.000364205
0.000317179
0.000288747
0.000506339
0.000444129
0.00037406
0.000328656
0.000705528
0.000613764
0.000506698
0.000434135
0.0009124
0.000793987
0.000653601
0.000556621
0.000149153
0.000178623
0.00022183
0.00025861
0.000110444
0.000130809
0.000161637
0.000188508
8.51827e-05
9.50978e-05
0.000111834
0.000127496
8.3054e-05
8.59957e-05
9.34555e-05
0.000101824
8.32554e-05
8.32475e-05
8.66688e-05
9.17798e-05
8.24866e-05
7.83951e-05
7.6161e-05
7.66666e-05
9.09956e-05
8.33481e-05
7.62253e-05
7.27663e-05
0.000104105
9.51085e-05
8.61737e-05
8.12665e-05
8.41731e-05
8.07049e-05
8.03342e-05
8.30623e-05
9.67484e-05
9.02587e-05
8.55539e-05
8.46433e-05
0.000116428
0.00010738
9.90666e-05
9.5161e-05
0.000133301
0.000123355
0.000113843
0.000108987
0.000107811
9.9e-05
9.02502e-05
8.54354e-05
0.000109123
0.000102366
9.61402e-05
9.31446e-05
0.000119426
0.000117276
0.00011707
0.000118698
0.000134868
0.000137788
0.000144383
0.000151374
0.000141579
0.000148083
0.000159485
0.000170267
0.000156995
0.000171866
0.000194304
0.00021366
0.000202545
0.000230321
0.0002701
0.000303168
0.000260123
0.000299523
0.000355123
0.000400842
0.000114154
0.00011827
0.000127609
0.000137631
0.000101014
0.0001122
0.000131018
0.000148534
0.000102715
0.00012444
0.000157747
0.00018698
0.000121035
0.000152036
0.000198319
0.000238201
0.000164087
0.000153941
0.000144832
0.000140788
0.00014954
0.000141466
0.000134968
0.000132868
0.000129081
0.000124305
0.000122326
0.000123876
0.000112912
0.00011114
0.000113516
0.000118759
9.79636e-05
9.82368e-05
0.00010357
0.000111316
6.43343e-05
6.94125e-05
8.13841e-05
9.45409e-05
3.61867e-05
4.79144e-05
6.94901e-05
9.07735e-05
2.87776e-05
4.60682e-05
7.59436e-05
0.00010443
9.9188e-05
9.40385e-05
9.32521e-05
9.70613e-05
5.67808e-05
5.32452e-05
5.50234e-05
6.11932e-05
1.83728e-05
1.61982e-05
2.08204e-05
3.00471e-05
3.65358e-06
2.11852e-06
8.73526e-06
2.04266e-05
0.000668188
0.000688432
0.000717529
0.000741946
0.000490006
0.000505058
0.000527049
0.000545745
0.000304689
0.000313655
0.000327353
0.000339394
0.000196908
0.000201737
0.000209858
0.000217461
0.000150305
0.000153314
0.000158907
0.000164442
8.11817e-05
8.14525e-05
8.32075e-05
8.5588e-05
2.85251e-05
2.63007e-05
2.44582e-05
2.37998e-05
1.68472e-05
1.35768e-05
1.01148e-05
8.0015e-06
0.000130714
0.000134421
0.000141196
0.000147824
7.6682e-05
7.66443e-05
7.82725e-05
8.07391e-05
3.79275e-05
3.45013e-05
3.14021e-05
2.99839e-05
3.22772e-05
2.7447e-05
2.23127e-05
1.91555e-05
1.9908e-05
1.65934e-05
1.28895e-05
1.04436e-05
4.34231e-05
4.08823e-05
3.78636e-05
3.56909e-05
0.000114975
0.000114804
0.000114419
0.000113905
0.000203476
0.000206198
0.000209244
0.000211087
0.000262641
0.000267461
0.000273048
0.000276688
0.000399676
0.000409371
0.000420917
0.00042882
0.000640991
0.000658511
0.000679803
0.000694825
0.000879946
0.000904662
0.000935068
0.000956861
0.000238707
0.000245253
0.000253775
0.00026014
0.000350916
0.000364264
0.000381351
0.000394053
0.000551583
0.000575863
0.000606936
0.000630151
0.000752435
0.000786819
0.000830983
0.000864162
5.66562e-05
5.02848e-05
4.34815e-05
3.92613e-05
7.17514e-05
6.68901e-05
6.18101e-05
5.87182e-05
0.000117003
0.000116228
0.000116232
0.000116836
0.000172898
0.000176953
0.000183152
0.000188418
0.000208329
0.000215867
0.000226558
0.000235226
0.000289989
0.000305666
0.000326797
0.000343342
0.000440998
0.000469663
0.000507707
0.000537204
0.000595512
0.000636143
0.000689944
0.000731633
0.000174605
0.000182192
0.000193951
0.000204191
0.000222861
0.000239151
0.000262233
0.000281147
0.000320226
0.000350219
0.000391418
0.000424423
0.000425116
0.000467627
0.00052556
0.000571715
0.00077011
0.000751924
0.000730613
0.000716094
0.000571327
0.000557933
0.000542534
0.000532303
0.00035936
0.000351158
0.000342145
0.000336528
0.00023198
0.000226989
0.000221919
0.000219149
0.000176059
0.000172495
0.000169126
0.000167545
9.20146e-05
9.05273e-05
8.96072e-05
8.97118e-05
2.39734e-05
2.43096e-05
2.54137e-05
2.68106e-05
4.02647e-06
5.07214e-06
6.82333e-06
8.51286e-06
0.000179886
0.00017802
0.000176892
0.000177044
9.22443e-05
9.1418e-05
9.13781e-05
9.21622e-05
2.14665e-05
2.15478e-05
2.23148e-05
2.34352e-05
8.98742e-07
1.33364e-06
2.25788e-06
3.27041e-06
4.77744e-06
5.88843e-06
7.55333e-06
9.0516e-06
2.78327e-05
2.84329e-05
2.91535e-05
2.97185e-05
0.000104099
0.000102999
0.000101097
9.93497e-05
0.000200298
0.000197002
0.000191918
0.000187499
0.000265597
0.000260691
0.000253336
0.000247052
0.000417275
0.000408535
0.000395873
0.000385289
0.000680523
0.000665064
0.000643267
0.000625399
0.000937862
0.000915707
0.000884943
0.000860032
0.000279331
0.000276814
0.000272294
0.000267934
0.000440351
0.000435838
0.000428321
0.000421364
0.000720026
0.000711882
0.00069912
0.000687756
0.000993848
0.000981954
0.000963951
0.000948307
3.09733e-06
2.57534e-06
2.09545e-06
1.88339e-06
2.8964e-05
2.84996e-05
2.77558e-05
2.70819e-05
0.000111132
0.000110863
0.000109856
0.000108585
0.000213863
0.000213794
0.000212629
0.000210913
0.00028366
0.000283715
0.000282473
0.000280519
0.000445743
0.000446017
0.000444617
0.000442202
0.000727838
0.000728204
0.000726343
0.000723133
0.00100464
0.00100482
0.00100232
0.000998306
0.000278012
0.000280591
0.000282816
0.000283598
0.000432054
0.000437228
0.00044239
0.00044508
0.000701235
0.000710469
0.000720362
0.000726246
0.000966254
0.000979107
0.000993337
0.00100225
0.000405777
0.000377276
0.000342247
0.000317011
0.000304802
0.00028352
0.000257619
0.000239169
0.000198941
0.000185495
0.00016951
0.000158436
0.000137165
0.00012855
0.000118679
0.000112159
0.000109987
0.000103512
9.63168e-05
9.17636e-05
6.82899e-05
6.49777e-05
6.17235e-05
6.00567e-05
3.58239e-05
3.51556e-05
3.51676e-05
3.58744e-05
2.78903e-05
2.80964e-05
2.91559e-05
3.0603e-05
0.000130974
0.000124556
0.000117456
0.000112999
7.69363e-05
7.38664e-05
7.09259e-05
6.95088e-05
3.41284e-05
3.39058e-05
3.4452e-05
3.55468e-05
2.2735e-05
2.35106e-05
2.522e-05
2.71117e-05
2.81762e-05
2.83979e-05
2.94295e-05
3.08229e-05
3.765e-05
3.70364e-05
3.69071e-05
3.73604e-05
7.34374e-05
7.00761e-05
6.63405e-05
6.40211e-05
0.000119682
0.000112859
0.000104655
9.89556e-05
0.000149835
0.000140617
0.000129335
0.000121315
0.0002195
0.000204725
0.000186282
0.000172842
0.000342059
0.0003178
0.000287218
0.000264659
0.000462132
0.00042872
0.000386489
0.000355229
0.000183524
0.000174403
0.000162883
0.000154425
0.000275906
0.000260829
0.000241551
0.000227158
0.00043723
0.000411959
0.000379508
0.000355119
0.000594853
0.000559698
0.000514555
0.000480599
1.66905e-05
1.79148e-05
1.99879e-05
2.20068e-05
3.35311e-05
3.3925e-05
3.47426e-05
3.56723e-05
9.18291e-05
8.94755e-05
8.65063e-05
8.43896e-05
0.00016598
0.000160131
0.000152482
0.000146697
0.000215634
0.000207293
0.000196342
0.000187993
0.000330761
0.000316573
0.000297911
0.000283587
0.000531006
0.000506771
0.000474974
0.000450568
0.000726498
0.00069246
0.000647947
0.000613857
0.000243744
0.000236841
0.000227297
0.000219669
0.000379414
0.000367369
0.000350921
0.000337852
0.000614965
0.000594023
0.000565766
0.000543496
0.000844998
0.000815302
0.000775547
0.00074441
7.93136e-05
6.76725e-05
5.39094e-05
4.44416e-05
6.25149e-05
5.35573e-05
4.30923e-05
3.59879e-05
4.65942e-05
4.04129e-05
3.3383e-05
2.87578e-05
3.8992e-05
3.43737e-05
2.92982e-05
2.60993e-05
3.55858e-05
3.16704e-05
2.74493e-05
2.48549e-05
2.94016e-05
2.6579e-05
2.36922e-05
2.20478e-05
2.56288e-05
2.36113e-05
2.17193e-05
2.07918e-05
2.60735e-05
2.41947e-05
2.24877e-05
2.17034e-05
5.0844e-05
4.60677e-05
4.08615e-05
3.76269e-05
3.88242e-05
3.57002e-05
3.25336e-05
3.07721e-05
3.05396e-05
2.86929e-05
2.7112e-05
2.65033e-05
2.99118e-05
2.83668e-05
2.71711e-05
2.68512e-05
2.60622e-05
2.41759e-05
2.24589e-05
2.1667e-05
2.5781e-05
2.3702e-05
2.17356e-05
2.07561e-05
2.98341e-05
2.68637e-05
2.38016e-05
2.20373e-05
3.63886e-05
3.22297e-05
2.77219e-05
2.49331e-05
3.99013e-05
3.49985e-05
2.95877e-05
2.61616e-05
4.7883e-05
4.1299e-05
3.3798e-05
2.88558e-05
6.47791e-05
5.51786e-05
4.39716e-05
3.6375e-05
8.28019e-05
7.02516e-05
5.5449e-05
4.52987e-05
6.07974e-05
5.44478e-05
4.72584e-05
4.25676e-05
7.835e-05
6.93076e-05
5.87392e-05
5.1567e-05
0.000111907
9.81822e-05
8.17868e-05
7.03732e-05
0.000146109
0.000127862
0.000105874
9.04158e-05
3.17889e-05
3.07323e-05
3.01978e-05
3.04234e-05
3.50427e-05
3.34199e-05
3.21352e-05
3.17799e-05
5.12476e-05
4.76767e-05
4.39188e-05
4.17244e-05
7.31551e-05
6.71196e-05
6.02679e-05
5.57995e-05
8.67362e-05
7.90585e-05
7.01459e-05
6.41633e-05
0.000117956
0.000106509
9.28251e-05
8.33011e-05
0.000174968
0.000157053
0.000135239
0.000119726
0.000231804
0.000207668
0.000178077
0.000156869
0.000116904
0.000108211
9.786e-05
9.07137e-05
0.000165739
0.00015227
0.00013582
0.000124103
0.000252802
0.000231179
0.000204387
0.000184974
0.000338605
0.000309136
0.000272445
0.000245708
6.39667e-07
4.32774e-07
2.44282e-07
1.71245e-07
5.78511e-07
3.9351e-07
2.16796e-07
1.7824e-07
9.9202e-07
7.06595e-07
4.66468e-07
4.74252e-07
1.70238e-06
1.1742e-06
7.98944e-07
8.44209e-07
2.10088e-06
1.46309e-06
8.59053e-07
6.84966e-07
2.54221e-06
1.70482e-06
8.76934e-07
5.23451e-07
3.21786e-06
2.12257e-06
1.02447e-06
4.72766e-07
3.79925e-06
2.52975e-06
1.24855e-06
5.68319e-07
6.54249e-06
5.0258e-06
3.50386e-06
2.64235e-06
6.99758e-06
5.54269e-06
4.07396e-06
3.22986e-06
7.885e-06
6.42208e-06
4.93406e-06
4.06501e-06
8.77183e-06
7.23237e-06
5.65775e-06
4.72989e-06
3.83895e-06
2.56361e-06
1.27705e-06
5.90437e-07
3.3165e-06
2.19506e-06
1.08194e-06
5.23212e-07
2.70377e-06
1.82215e-06
9.7256e-07
6.14548e-07
2.29766e-06
1.60766e-06
9.83267e-07
8.09806e-07
1.88517e-06
1.3127e-06
9.3679e-07
1.00974e-06
1.06062e-06
7.59794e-07
5.33908e-07
5.6491e-07
5.37584e-07
3.70532e-07
2.22124e-07
2.03912e-07
5.47543e-07
3.77295e-07
2.25272e-07
1.72355e-07
6.06007e-06
4.61002e-06
3.15226e-06
2.32885e-06
4.79042e-06
3.46936e-06
2.13698e-06
1.3896e-06
4.04244e-06
2.76915e-06
1.48961e-06
7.85936e-07
4.1224e-06
2.823e-06
1.52747e-06
8.29857e-07
1.45812e-05
1.26931e-05
1.07755e-05
9.66603e-06
1.35165e-05
1.16868e-05
9.82784e-06
8.75291e-06
1.30566e-05
1.10862e-05
9.05864e-06
7.87005e-06
1.34112e-05
1.11717e-05
8.83454e-06
7.44349e-06
1.32201e-05
1.08681e-05
8.41183e-06
6.95448e-06
1.26093e-05
1.00298e-05
7.28886e-06
5.6309e-06
1.36347e-05
1.04586e-05
7.02322e-06
4.90887e-06
1.57825e-05
1.19472e-05
7.76291e-06
5.16898e-06
2.41929e-05
2.06736e-05
1.68935e-05
1.45755e-05
2.63575e-05
2.19997e-05
1.7186e-05
1.41299e-05
3.27918e-05
2.68064e-05
2.00306e-05
1.56061e-05
4.04904e-05
3.28626e-05
2.4131e-05
1.83601e-05
