FiniteElementSpace
FiniteElementCollection: H1_2D_P2
VDim: 2
Ordering: 0

0
0.922903
1.87513
2.86439
3.88888
4.93008
5.96359
6.97715
7.97484
0
1.06163
2.06646
3.03137
3.98208
4.93493
5.89806
6.87528
7.86532
0.458639
0.994251
0.536681
0
1.39477
1.97108
1.57079
2.36487
2.94672
2.55214
3.37302
3.93444
3.50723
4.40902
4.93243
4.4576
5.44899
5.93122
5.41489
6.47293
6.92644
6.38482
7.47723
7.9201
7.36912
0.499594
1.48405
2.4579
3.43884
4.43274
5.4322
6.42923
7.42327
0.229241
0.482324
0.25016
0
1.15783
1.44172
1.23965
0.961277
2.11879
2.41267
2.21436
1.9249
3.11765
3.40634
3.19233
2.90636
4.14862
4.42069
4.18333
3.91174
5.18997
5.44004
5.18237
4.93085
6.21893
6.45043
6.18034
5.94677
7.22762
7.44984
7.17488
6.95122
0.689903
0.747616
1.02633
0.801127
0.516118
0.268336
0
1.63383
1.72775
2.0171
1.82011
1.52579
1.31809
2.61342
2.70195
2.9876
2.79235
2.50339
2.31032
3.63021
3.68624
3.95764
3.74466
3.47193
3.26956
4.66964
4.6825
4.93406
4.69598
4.44508
4.21967
5.70692
5.68183
5.9155
5.65604
5.42425
5.17454
6.72564
6.67791
6.90155
6.6296
6.40787
6.14097
7.72621
7.94723
7.67166
7.89295
7.61704
7.39665
7.12182
0.243299
1.20127
2.16811
3.15559
4.16591
5.18568
6.19898
7.20075
0.721597
0.772723
0.256764
1.68285
1.77228
1.27726
2.65872
2.74559
2.26068
3.65846
3.71458
3.22965
4.67577
4.6894
4.20115
5.69377
5.66975
5.17902
6.70115
6.65453
6.16153
7.69861
7.6447
7.14893
0.116018
0.237658
0.122558
0
1.04012
1.18045
1.08123
0.943055
1.99666
2.14402
2.04635
1.90068
2.99074
3.13688
3.03078
2.88571
4.01864
4.15727
4.03873
3.90036
5.06011
5.18764
5.05831
4.93032
6.09143
6.2087
6.07297
5.95493
7.10251
7.21399
7.07605
6.96396
0.574085
0.706765
0.601886
0.471555
0.623787
0.759985
0.644819
0.50762
0.125054
0.253346
0.127399
0
1.51403
1.65909
1.56218
1.41907
1.60597
1.74983
1.64927
1.50475
1.11709
1.25829
1.15212
1.01013
2.48884
2.63648
2.5355
2.38926
2.57984
2.72356
2.62453
2.48043
2.09271
2.23731
2.13902
1.99389
3.50141
3.64445
3.53224
3.38987
3.56243
3.70027
3.5932
3.45522
3.06941
3.2108
3.1086
2.96695
4.53933
4.6726
4.54821
4.4148
4.55759
4.68596
4.56719
4.43888
4.05881
4.19217
4.07934
3.94594
5.5781
5.70011
5.56699
5.44431
5.55704
5.67589
5.54697
5.42832
5.0574
5.18076
5.05651
4.93328
6.59944
6.71315
6.57587
6.46143
6.55359
6.66632
6.53116
6.41866
6.05581
6.17105
6.03848
5.92347
7.60178
7.7123
7.57426
7.46338
7.54746
7.65823
7.52064
7.41002
7.05067
7.16198
7.0252
6.91409
0.343595
0.362898
0.491383
0.375026
0.246953
0
1.27604
1.32142
1.4632
1.36196
1.22081
0.97814
2.24152
2.29021
2.43543
2.33608
2.19142
1.94822
3.24509
3.28078
3.42261
3.31547
3.174
2.92661
4.27877
4.29325
4.42668
4.30799
4.17459
3.92307
5.3196
5.31293
5.43606
5.3073
5.18396
4.93158
6.3461
6.3248
6.43976
6.30481
6.18959
5.93892
7.35252
7.32534
7.43651
7.29908
7.18776
6.93877
0.806166
0.841404
0.871099
0.735005
0.899879
1.04333
0.931895
0.786273
0.669354
0.525701
0.386661
0.403121
0.26163
0.132418
0
1.75419
1.80375
1.84944
1.70558
1.89487
2.04115
1.94362
1.79555
1.69585
1.54765
1.40181
1.44489
1.29703
1.19035
2.73861
2.78234
2.82423
2.68044
2.8666
3.00897
2.91199
2.76841
2.67242
2.52716
2.38212
2.43145
2.28488
2.18867
3.75938
3.78497
3.81025
3.67235
3.83605
3.96965
3.86336
3.72932
3.62596
3.4892
3.35075
3.38844
3.24915
3.15055
4.79991
4.80333
4.80745
4.67909
4.81169
4.93464
4.81538
4.69276
4.57673
4.45132
4.32306
4.33859
4.2103
4.10084
5.83542
5.82036
5.80656
5.68773
5.79259
5.90709
5.77694
5.66319
5.53536
5.41983
5.30161
5.29462
5.17699
5.05465
6.85153
6.82626
6.80219
6.68946
6.778
6.88867
6.75233
6.64235
6.50709
6.39665
6.28466
6.26278
6.15157
6.0194
7.85055
7.96093
7.82291
7.93363
7.79587
7.68509
7.90657
7.76883
7.87924
7.74115
7.63099
7.49302
7.38305
7.27275
7.24538
7.13558
6.99845
0.120691
1.06161
2.02212
3.01106
4.02871
5.05905
6.08195
7.08907
0.589023
0.634097
0.126162
1.5389
1.62744
1.13444
2.51262
2.60198
2.11566
3.51698
3.57766
3.08881
4.54369
4.56238
4.06899
5.57233
5.5521
5.05701
6.58741
6.54248
6.04726
7.58789
7.53411
7.03802
0.354388
0.369352
0.123966
1.2996
1.34203
1.09952
2.2664
2.31331
2.06974
3.26316
3.29816
3.05016
4.28598
4.30058
4.04875
5.31607
5.31006
5.0578
6.33519
6.31474
6.06432
7.33876
7.31216
7.0633
0.824774
0.856639
0.613249
0.885319
0.91524
0.656422
0.380619
0.394143
0.128998
1.77967
1.82685
1.58437
1.87197
1.91861
1.67191
1.38172
1.4227
1.17059
2.76085
2.80338
2.5578
2.84521
2.88875
2.64789
2.35889
2.40617
2.16322
3.77226
3.7976
3.54734
3.82303
3.84945
3.60924
3.33293
3.36918
3.12909
4.8015
4.80534
4.55286
4.80959
4.81365
4.57199
4.31547
4.33076
4.08993
5.82765
5.81339
5.56195
5.79968
5.78507
5.54144
5.30453
5.29835
5.05576
6.83866
6.81416
6.56466
6.79019
6.76543
6.51942
6.29485
6.27403
6.02925
7.83663
7.80935
7.56081
7.7824
7.7551
7.50697
7.28598
7.25925
7.01205
0
-0.108447
-0.297061
-0.498516
-0.643448
-0.693745
-0.653693
-0.558406
-0.447097
1
0.884338
0.687499
0.489834
0.353644
0.307031
0.344523
0.436419
0.546929
-0.0447297
0.399058
0.953716
0.5
-0.196102
0.196544
0.791238
-0.401029
-0.0102465
0.584086
-0.581376
-0.154514
0.411482
-0.681143
-0.202668
0.318747
-0.683243
-0.160689
0.316741
-0.610285
-0.0632883
0.386002
-0.502873
0.0495742
0.491246
0.471309
0.303529
0.0888588
-0.0932027
-0.191135
-0.191189
-0.116266
-0.00667323
-0.0250153
0.217485
0.494091
0.25
-0.149948
0.0548061
0.35345
0.147879
-0.349287
-0.157095
0.142172
-0.0503549
-0.542213
-0.339396
-0.0541401
-0.256053
-0.665456
-0.438504
-0.175998
-0.401313
-0.691167
-0.439147
-0.199592
-0.450428
-0.633379
-0.364346
-0.13988
-0.408721
-0.530833
-0.255013
-0.0351628
-0.311463
-0.0729641
0.438835
0.644632
0.922865
0.716357
0.975123
0.75
-0.245575
0.250764
0.442717
0.739963
0.549213
0.839888
-0.45113
0.0377167
0.238428
0.535345
0.336075
0.63515
-0.615301
-0.126815
0.0969839
0.379795
0.157019
0.448332
-0.690514
-0.199961
0.049668
0.310058
0.0611003
0.333263
-0.67054
-0.178014
0.0903796
0.32863
0.0606895
0.309386
-0.585083
-0.0905215
0.186074
0.410388
0.133891
0.363846
-0.474929
-0.198814
0.0217367
0.298256
0.519101
0.242147
0.46354
0.240328
0.103548
-0.104143
-0.300093
-0.423098
-0.447472
-0.387933
-0.28341
0.186351
0.684305
0.73951
0.00305625
0.496625
0.599059
-0.208077
0.285628
0.3888
-0.373303
0.124098
0.19532
-0.447551
0.0524032
0.0759467
-0.426018
0.0734882
0.0525746
-0.33864
0.159213
0.110731
-0.226712
0.27039
0.213893
-0.0150799
0.109166
0.247008
0.125
-0.128538
-0.0228022
0.126356
0.0203258
-0.323165
-0.226926
-0.0772766
-0.1738
-0.520897
-0.421667
-0.278617
-0.377745
-0.655258
-0.544878
-0.412997
-0.522977
-0.693172
-0.569846
-0.449653
-0.572645
-0.64393
-0.510985
-0.39872
-0.531593
-0.544693
-0.407217
-0.297512
-0.435084
-0.057897
0.0575322
0.20292
0.087347
0.456081
0.562446
0.701384
0.594884
0.49945
0.617835
0.746312
0.625
-0.22051
-0.121212
0.0292244
-0.0704375
0.277415
0.373973
0.52317
0.426795
0.376889
0.476827
0.622479
0.522568
-0.426365
-0.329998
-0.182897
-0.279373
0.0629546
0.161434
0.310505
0.212345
0.169303
0.26549
0.415682
0.319768
-0.599051
-0.494882
-0.357058
-0.460939
-0.110718
-0.00192416
0.13986
0.0314004
-0.0327484
0.0701571
0.216318
0.113748
-0.686632
-0.569615
-0.443814
-0.56042
-0.196324
-0.074399
0.0559959
-0.0656498
-0.16604
-0.0506534
0.0856996
-0.0293707
-0.67746
-0.548718
-0.433144
-0.561681
-0.185159
-0.0527063
0.0665409
-0.0657513
-0.201824
-0.0740608
0.050444
-0.0770926
-0.597905
-0.462071
-0.351717
-0.487585
-0.10362
0.0341518
0.146321
0.00855849
-0.150677
-0.0148913
0.100164
-0.0355357
-0.488871
-0.350844
-0.240829
-0.378991
0.00756436
0.146046
0.256292
0.117685
-0.0493042
0.0892732
0.199897
0.0612534
-0.033688
0.229979
0.345517
0.484064
0.36832
0.375
-0.172532
0.0796419
0.1795
0.328936
0.228998
0.274145
-0.3753
-0.130794
-0.0343176
0.115315
0.0189273
0.0731337
-0.562427
-0.32038
-0.216807
-0.0743128
-0.177569
-0.133532
-0.674116
-0.431601
-0.315412
-0.184357
-0.300139
-0.278491
-0.687853
-0.443947
-0.315651
-0.196021
-0.324057
-0.327106
-0.622138
-0.376447
-0.240571
-0.128381
-0.264229
-0.285085
-0.516866
-0.269226
-0.130908
-0.0209358
-0.159393
-0.18753
-0.0898772
0.16794
0.419774
0.313462
0.665311
0.765232
0.904461
0.804443
0.939366
0.835896
0.729127
0.965766
0.85852
0.985242
0.875
-0.271152
-0.0235205
0.223755
0.127089
0.469751
0.565312
0.713784
0.618642
0.765827
0.670714
0.574571
0.815981
0.720095
0.862741
-0.475239
-0.2325
0.0132833
-0.0854784
0.261569
0.363781
0.512125
0.410265
0.559355
0.459997
0.362219
0.609379
0.512035
0.661223
-0.630146
-0.388069
-0.141422
-0.250609
0.109799
0.224618
0.366006
0.251305
0.394962
0.283686
0.175533
0.429284
0.32136
0.46853
-0.692899
-0.449743
-0.202058
-0.324337
0.0503114
0.177677
0.307851
0.180519
0.31368
0.189193
0.0677534
0.325269
0.203879
0.34272
-0.662599
-0.417848
-0.169828
-0.30245
0.0814623
0.217062
0.336111
0.200589
0.32215
0.188169
0.0560145
0.312465
0.180365
0.307557
-0.571888
-0.325198
-0.0770539
-0.214789
0.172488
0.311143
0.423238
0.284636
0.397957
0.259712
0.122
0.37461
0.236979
0.353794
-0.460996
-0.322941
-0.212702
-0.0746588
0.0357519
-0.102518
0.173885
0.28439
0.422633
0.53303
0.394752
0.505188
0.366685
0.227994
0.477357
0.338666
0.449882
0.117916
-0.00058808
-0.200373
-0.400242
-0.534723
-0.571952
-0.521682
-0.421225
0.073432
0.579697
0.623589
-0.0955149
0.400644
0.500331
-0.304983
0.186548
0.292563
-0.478619
0.0140325
0.0913955
-0.565809
-0.070792
-0.0407888
-0.555764
-0.059782
-0.0762634
-0.475051
0.0211269
-0.0256057
-0.364885
0.131894
0.0751813
0.099291
0.358229
0.373985
-0.0461419
0.204704
0.252209
-0.253308
-0.00788412
0.0459876
-0.441935
-0.197828
-0.156101
-0.553454
-0.308571
-0.290104
-0.566404
-0.320488
-0.32628
-0.499591
-0.252708
-0.27505
-0.393118
-0.145166
-0.173538
0.0397552
0.294629
0.330493
0.543341
0.785687
0.821244
0.607704
0.84838
0.867256
-0.147359
0.100225
0.153574
0.346961
0.592046
0.644918
0.452252
0.695833
0.743295
-0.354296
-0.109949
-0.0602212
0.137134
0.386562
0.434779
0.238707
0.485789
0.538586
-0.509692
-0.26531
-0.234418
-0.0163987
0.237233
0.266807
0.0501383
0.301893
0.342017
-0.571888
-0.32647
-0.320656
-0.0764809
0.178388
0.184115
-0.0589336
0.195781
0.213498
-0.540636
-0.294245
-0.30961
-0.0445955
0.208357
0.193837
-0.070531
0.183658
0.178356
-0.448722
-0.201307
-0.227905
0.0475508
0.297729
0.27194
-0.00347562
0.248033
0.226629
-0.336859
-0.0885025
-0.11668
0.160054
0.408727
0.380737
0.103458
0.352644
0.324812
