FiniteElementSpace
FiniteElementCollection: H1_2D_P2
VDim: 2
Ordering: 0

0
0.900452
1.80235
2.68885
3.5395
4.33418
5.06613
5.75589
6.44268
0
1.096
2.12695
3.10303
4.03915
4.92465
5.7351
6.46823
7.16307
0.449828
1.00243
0.553557
0
1.35216
1.96893
1.6199
2.24873
2.90038
2.62041
3.12004
3.79515
3.57613
3.94478
4.63672
4.4898
4.70744
5.40705
5.34036
5.41389
6.11481
6.10974
6.09762
6.8031
6.81691
0.50416
1.49047
2.43878
3.35309
4.22399
5.03119
5.76661
6.45825
0.225676
0.480342
0.251913
0
1.12634
1.42379
1.24772
0.954371
2.02616
2.34522
2.20489
1.88757
2.90574
3.23771
3.12793
2.7958
3.74404
4.08611
4.01141
3.66867
4.52278
4.87174
4.83632
4.4876
5.24108
5.59229
5.58861
5.239
5.92649
6.27856
6.28671
5.93675
0.674863
0.754549
1.04856
0.826973
0.527109
0.276044
0
1.57759
1.73083
2.04815
1.87533
1.55499
1.36024
2.46973
2.67062
3.00271
2.86295
2.53021
2.37518
3.3314
3.5756
3.91872
3.809
3.46594
3.34076
4.14152
4.43253
4.78226
4.70943
4.35854
4.26622
4.88842
5.22137
5.57197
5.54037
5.18709
5.13507
5.58526
5.94174
6.29147
6.29065
5.93857
5.92475
6.26967
6.62296
6.63018
6.98305
6.98987
6.63736
6.64335
0.242545
1.18976
2.11721
3.01797
3.87924
4.68186
5.41711
6.10761
0.717756
0.789806
0.261074
1.65641
1.80309
1.30357
2.57148
2.7676
2.29044
3.45472
3.69376
3.23552
4.28897
4.57261
4.14044
5.05736
5.38199
4.98715
5.76524
6.11635
5.75733
6.4502
6.80987
6.46484
0.114655
0.235525
0.122281
0
1.01338
1.15894
1.07223
0.928401
1.91439
2.07218
2.00259
1.84555
2.79759
2.96213
2.90717
2.74263
3.64223
3.81202
3.7744
3.60441
4.42898
4.60298
4.58528
4.41149
5.15392
5.32978
5.32846
5.15329
5.84115
6.01735
6.02221
5.84675
0.562276
0.697373
0.599095
0.466192
0.629652
0.772099
0.658968
0.51542
0.12565
0.256386
0.128846
0
1.46494
1.61769
1.54028
1.38877
1.61094
1.76709
1.67944
1.52283
1.1254
1.2757
1.17653
1.02551
2.35944
2.52095
2.45858
2.29739
2.55496
2.71935
2.64919
2.4847
2.08717
2.24785
2.16963
2.0087
3.2261
3.39335
3.34657
3.17914
3.46469
3.63503
3.58019
3.40984
3.01444
3.18202
3.11941
2.95181
4.04365
4.21577
4.18805
4.01589
4.32878
4.50299
4.46611
4.29167
3.90371
4.07632
4.03001
3.85731
4.79837
4.97362
4.96507
4.7903
5.12686
5.30203
5.28517
5.10952
4.7371
4.91214
4.88532
4.7099
5.49971
5.67578
5.67899
5.50371
5.85448
6.02918
6.02784
5.85278
5.49832
5.67322
5.6652
5.48981
6.1835
6.36
6.36426
6.18826
6.54413
6.72002
6.72357
6.54782
6.20086
6.37582
6.37832
6.20323
0.337532
0.361565
0.492713
0.378161
0.247484
0
1.23927
1.30695
1.45756
1.3694
1.21919
0.978859
2.13761
2.23142
2.39232
2.32209
2.16139
1.92862
3.01322
3.12816
3.2957
3.24082
3.07324
2.84838
3.8449
3.98316
4.15547
4.11818
3.94571
3.73227
4.61559
4.77734
4.95198
4.93434
4.7596
4.56265
5.32771
5.50503
5.67984
5.67801
5.50331
5.32351
6.01194
6.19303
6.36853
6.37248
6.19735
6.02604
0.787588
0.836205
0.878817
0.736604
0.919662
1.07194
0.96209
0.807973
0.690737
0.539763
0.394325
0.415489
0.267517
0.135333
0
1.69007
1.77218
1.85016
1.69402
1.92598
2.08749
2.00159
1.83908
1.74812
1.58724
1.42971
1.49063
1.33163
1.22871
2.57954
2.6839
2.78577
2.62135
2.88544
3.0531
2.98329
2.81544
2.742
2.5754
2.41063
2.49815
2.33283
2.25146
3.43588
3.5621
3.68577
3.51548
3.80662
3.97933
3.92444
3.75176
3.69289
3.52137
3.35104
3.45874
3.28843
3.22219
4.23836
4.38882
4.53518
4.36121
4.67801
4.85383
4.81763
4.64142
4.60015
4.42459
4.24997
4.37848
4.20375
4.1531
4.97766
5.14865
5.31475
5.13987
5.47758
5.65368
5.6384
5.4614
5.44105
5.26401
5.08775
5.23839
5.06144
5.0305
5.67062
5.85113
6.02848
5.85382
6.20419
6.37974
6.3798
6.20344
6.20066
6.02416
5.84843
6.0178
5.84112
5.83055
6.35606
6.53283
6.53643
6.71308
6.71649
6.54026
6.89307
6.89634
7.07303
7.07637
6.89977
6.90339
6.727
6.55115
6.73025
6.55395
6.55603
0.119938
1.04375
1.95903
2.85267
3.70867
4.50776
5.2419
5.93205
0.581772
0.64417
0.127188
1.50335
1.64531
1.151
2.40939
2.6023
2.12857
3.28661
3.52278
3.0672
4.11634
4.39786
3.96725
4.88244
5.20637
4.81162
5.58993
5.94133
5.58204
6.274
6.63386
6.28965
0.350703
0.37029
0.124149
1.27396
1.33862
1.09927
2.18497
2.27709
2.04524
3.07096
3.18479
2.9611
3.91444
4.05107
3.83943
4.69715
4.85636
4.66169
5.41702
5.59194
5.41386
6.10273
6.28291
6.11176
0.812926
0.857966
0.614826
0.899212
0.940498
0.674377
0.386009
0.404199
0.130952
1.73176
1.81155
1.57603
1.88821
1.96369
1.71361
1.39964
1.45993
1.20231
2.63204
2.73513
2.50708
2.83585
2.93456
2.69573
2.36655
2.45445
2.21053
3.49929
3.62427
3.40595
3.74656
3.86592
3.6369
3.29624
3.40521
3.17106
4.31415
4.46247
4.25886
4.60701
4.74821
4.53353
4.18448
4.31464
4.09196
5.06388
5.2322
5.04648
5.39649
5.55817
5.36335
5.01144
5.16337
4.95826
5.76136
5.9401
5.7671
6.11645
6.29191
6.11422
5.76344
5.93316
5.74799
6.44627
6.62651
6.45429
6.80641
6.9863
6.81336
6.46184
6.64056
6.46705
0
-0.128805
-0.394543
-0.756526
-1.19415
-1.71372
-2.32309
-3.00854
-3.72922
1
0.844058
0.545129
0.148306
-0.332776
-0.911005
-1.58295
-2.3082
-3.03552
-0.0485614
0.375817
0.937299
0.5
-0.24692
0.0868144
0.709744
-0.565633
-0.294706
0.357005
-0.96587
-0.753564
-0.0810145
-1.4429
-1.30269
-0.609122
-2.00736
-1.94627
-1.23701
-2.6583
-2.65593
-1.94243
-3.3678
-3.38229
-2.67382
0.467789
0.24567
-0.0943526
-0.513914
-1.01594
-1.61365
-2.29577
-3.02006
-0.0260565
0.215907
0.495038
0.25
-0.183709
0.0028494
0.314864
0.128208
-0.47744
-0.327527
-0.00124863
-0.1511
-0.858896
-0.73726
-0.401886
-0.52315
-1.31586
-1.2266
-0.881778
-0.971054
-1.85769
-1.80853
-1.45524
-1.50565
-2.4885
-2.47663
-2.11928
-2.13348
-3.18746
-3.19425
-2.8379
-2.83239
-0.0833464
0.427233
0.614246
0.89657
0.707485
0.964966
0.75
-0.317474
0.169352
0.318862
0.630702
0.481257
0.781278
-0.65874
-0.192209
-0.0710217
0.255173
0.133752
0.453741
-1.07756
-0.631042
-0.540993
-0.203946
-0.295347
0.0363114
-1.57547
-1.15623
-1.10448
-0.756895
-0.81025
-0.467772
-2.16258
-1.7775
-1.7624
-1.40785
-1.42297
-1.07119
-2.83189
-2.47494
-2.48074
-2.12497
-2.11723
-1.76145
-3.54867
-3.55584
-3.20171
-3.20887
-2.8552
-2.84634
-2.49135
0.242172
0.0695943
-0.236774
-0.627853
-1.09598
-1.65417
-2.3031
-3.01298
0.177476
0.666581
0.73638
-0.0709996
0.403226
0.551999
-0.423038
0.033758
0.228877
-0.851574
-0.415357
-0.180659
-1.36313
-0.954231
-0.672547
-1.96844
-1.59037
-1.26084
-2.65333
-2.29833
-1.9383
-3.37543
-3.02821
-2.66365
-0.0156418
0.110085
0.248657
0.125
-0.155185
-0.0560815
0.0999887
0.000871095
-0.435322
-0.356502
-0.193274
-0.272173
-0.807154
-0.742729
-0.574923
-0.639224
-1.25436
-1.20516
-1.03282
-1.08186
-1.78499
-1.75533
-1.57917
-1.60901
-2.40521
-2.39567
-2.21776
-2.22804
-3.09777
-3.10039
-2.92254
-2.92061
-0.0645999
0.048474
0.198135
0.0852254
0.44896
0.548145
0.688548
0.589045
0.500659
0.617128
0.744919
0.625
-0.28136
-0.193516
-0.0332433
-0.121207
0.208344
0.287102
0.44309
0.364368
0.346452
0.434438
0.584271
0.496149
-0.611609
-0.540295
-0.3747
-0.445991
-0.142693
-0.0786307
0.0843573
0.020327
0.0434432
0.114488
0.27454
0.203574
-1.02113
-0.963849
-0.793789
-0.850882
-0.571822
-0.522629
-0.354666
-0.404066
-0.3477
-0.290707
-0.125221
-0.182289
-1.50849
-1.46857
-1.29412
-1.33399
-1.08532
-1.05464
-0.881452
-0.912504
-0.816943
-0.776576
-0.606013
-0.6467
-2.08429
-2.06514
-1.88782
-1.90745
-1.69493
-1.68341
-1.50605
-1.51776
-1.37822
-1.35747
-1.18192
-1.203
-2.74467
-2.74269
-2.56463
-2.56745
-2.38508
-2.38632
-2.20756
-2.20612
-2.03229
-2.02835
-1.84992
-1.85385
-3.45824
-3.46217
-3.28489
-3.28119
-3.11098
-3.1149
-2.93741
-2.93309
-2.74684
-2.7506
-2.57218
-2.56809
-0.0356512
0.230602
0.343446
0.48324
0.370128
0.375
-0.214368
0.0371708
0.12516
0.281227
0.193254
0.253186
-0.520923
-0.281539
-0.210306
-0.0471885
-0.118342
-0.0314186
-0.911815
-0.681958
-0.62496
-0.457278
-0.514254
-0.408317
-1.37871
-1.16057
-1.12062
-0.948106
-0.98822
-0.861656
-1.93182
-1.73064
-1.71058
-1.53374
-1.55414
-1.40356
-2.57288
-2.38942
-2.386
-2.20714
-2.21091
-2.03952
-3.27752
-3.10358
-3.10715
-2.929
-2.92541
-2.74409
-0.104854
0.154092
0.402807
0.303706
0.64175
0.730193
0.871719
0.782689
0.918518
0.82344
0.723472
0.952896
0.85213
0.978683
0.875
-0.355264
-0.110313
0.128817
0.0499763
0.361789
0.432699
0.588676
0.517746
0.671091
0.596369
0.517612
0.746523
0.667595
0.813859
-0.707074
-0.472522
-0.242874
-0.307008
-0.0180297
0.0391538
0.202368
0.145005
0.306713
0.24596
0.181938
0.406015
0.341945
0.500121
-1.13524
-0.910653
-0.691609
-0.740667
-0.477451
-0.436371
-0.267597
-0.309152
-0.141755
-0.187687
-0.237354
-0.0216671
-0.071677
0.0929589
-1.64388
-1.43364
-1.22869
-1.25904
-1.02858
-1.00715
-0.833149
-0.854985
-0.682188
-0.709131
-0.740618
-0.537629
-0.569627
-0.399477
-2.24219
-2.05036
-1.86131
-1.87254
-1.67585
-1.67205
-1.49491
-1.49848
-1.32183
-1.32936
-1.34121
-1.15341
-1.1654
-0.99034
-2.91988
-2.74261
-2.56526
-2.564
-2.38942
-2.39406
-2.21655
-2.21115
-2.03356
-2.02927
-2.02744
-1.85168
-1.84927
-1.67182
-3.63906
-3.64259
-3.46577
-3.46908
-3.29216
-3.28859
-3.29554
-3.1187
-3.1222
-2.94549
-2.94165
-2.76467
-2.75991
-2.75506
-2.58271
-2.5772
-2.39983
0.118863
-0.0265237
-0.313669
-0.690406
-1.14283
-1.68144
-2.3113
-3.01032
0.0682719
0.570075
0.623768
-0.156525
0.326575
0.466422
-0.492561
-0.0285584
0.159695
-0.906755
-0.462677
-0.235891
-1.40056
-0.982791
-0.710896
-1.98562
-1.59995
-1.27949
-2.65469
-2.29597
-1.94064
-3.37171
-3.02411
-2.6593
0.0991777
0.35859
0.375691
-0.087695
0.160159
0.224317
-0.400631
-0.163713
-0.0742204
-0.79622
-0.568997
-0.460699
-1.26887
-1.05368
-0.924226
-1.83068
-1.63165
-1.47811
-2.48109
-2.29804
-2.12471
-3.19072
-3.01628
-2.83464
0.0259108
0.279711
0.325021
0.523455
0.757808
0.804625
0.604844
0.8393
0.863696
-0.232102
0.010012
0.0883986
0.246076
0.475976
0.557916
0.400373
0.63298
0.700063
-0.589192
-0.357086
-0.258073
-0.129869
0.0926943
0.196095
0.0680243
0.294585
0.388001
-1.02221
-0.800484
-0.682171
-0.583957
-0.372019
-0.247716
-0.346752
-0.129017
-0.0156275
-1.53806
-1.33054
-1.18907
-1.12805
-0.930279
-0.781257
-0.843773
-0.638583
-0.502224
-2.14597
-1.95544
-1.7909
-1.76808
-1.58475
-1.41331
-1.43691
-1.24669
-1.08552
-2.83136
-2.65384
-2.47469
-2.47706
-2.30253
-2.12003
-2.11688
-1.93898
-1.76026
-3.55249
-3.37898
-3.19795
-3.20538
-3.03207
-2.85093
-2.84189
-2.66865
-2.48565
