FiniteElementSpace
FiniteElementCollection: H1_2D_P2
VDim: 2
Ordering: 0

0
0.00515422
-0.00692656
-0.017439
-0.019978
-0.0174345
-0.00927941
0.00686126
0.0276407
0
-0.00928988
-0.0163807
-0.0198268
-0.0192569
-0.0153038
-0.0054646
0.0121569
0.0331263
0.00528272
-0.000986605
-0.00509994
0
6.26054e-05
-0.011878
-0.0131246
-0.0131926
-0.019312
-0.0186704
-0.0195404
-0.0201637
-0.0199557
-0.0192377
-0.0170147
-0.0177842
-0.0142716
-0.00816289
-0.0113498
-0.0021743
0.00906424
0.00249478
0.0171295
0.0303463
0.0226791
0.00116032
-0.00612369
-0.016518
-0.0203667
-0.019064
-0.0135671
-0.000523609
0.0197349
0.00295831
0.00290337
0.000678445
0
0.00304893
-0.00310261
-0.0033353
0.0019528
-0.0102633
-0.014934
-0.0144066
-0.00947008
-0.0187343
-0.0200436
-0.0200291
-0.0184618
-0.0197371
-0.0192752
-0.0197182
-0.0201706
-0.0160524
-0.0141117
-0.0155026
-0.0173856
-0.00599246
-0.00150803
-0.00461972
-0.00891724
0.0119005
0.018415
0.0143345
0.00787338
0.00597764
0.000603294
-0.00439762
-0.00724607
-0.000888801
-0.00277853
0
-0.00338663
-0.00905429
-0.0142147
-0.0148515
-0.00936254
-0.0112553
-0.015598
-0.0181542
-0.019845
-0.0193887
-0.0178475
-0.0176641
-0.019931
-0.0203921
-0.0198781
-0.0197005
-0.0203854
-0.0200065
-0.0184796
-0.0181791
-0.0163202
-0.0166957
-0.0185694
-0.0186247
-0.0120304
-0.0111379
-0.00702629
-0.00866821
-0.0126519
-0.0135435
0.00213511
0.00406937
0.0104752
0.00715708
0.000790835
-0.0017339
0.0224157
0.0289979
0.0251194
0.0317353
0.0279488
0.0211516
0.0173746
0.00140788
-0.000234548
-0.0124079
-0.0194699
-0.0198377
-0.0159563
-0.00548884
0.0130665
0.00309397
-0.0023591
-0.000107452
-0.00628657
-0.0118866
-0.00680276
-0.0169594
-0.01905
-0.0162264
-0.020255
-0.0202396
-0.0202721
-0.0184714
-0.0175867
-0.0193228
-0.011783
-0.0101095
-0.0147
0.00297538
0.00544365
-0.00338592
0.0237734
0.0265113
0.0157591
0.00111092
0.00201764
0.000478864
0
0.00423741
0.00135288
0.00096793
0.00348282
-0.00864214
-0.0113556
-0.0109821
-0.00822277
-0.0181549
-0.0191167
-0.0190246
-0.0179652
-0.0198905
-0.0198104
-0.0200336
-0.0200935
-0.0167903
-0.0160501
-0.0167184
-0.0174501
-0.00770582
-0.00578874
-0.00727335
-0.0091502
0.00934939
0.0124746
0.0104416
0.00734687
0.00582495
0.00444672
0.00317685
0.00397466
0.00102354
-0.000755843
-0.00154492
0.000254148
0.000240192
0.000347257
-5.83095e-05
0
-0.0016345
-0.00486787
-0.00467641
-0.0015611
-0.00758656
-0.0104542
-0.0106379
-0.00769628
-0.00208523
-0.00498977
-0.00556673
-0.00258453
-0.0144705
-0.0162942
-0.0160122
-0.0140805
-0.0173958
-0.0186507
-0.0184998
-0.0172245
-0.0131868
-0.0153453
-0.0152639
-0.0130558
-0.0197835
-0.0201096
-0.0201903
-0.0198072
-0.0204146
-0.0203579
-0.0203418
-0.0204219
-0.0197218
-0.0201998
-0.0201008
-0.0196291
-0.018892
-0.0185093
-0.0189058
-0.0192844
-0.0186532
-0.0179209
-0.0181097
-0.0188533
-0.0199672
-0.0195573
-0.0196244
-0.0200596
-0.0132141
-0.0119591
-0.0130116
-0.0142418
-0.0124176
-0.0106726
-0.0114456
-0.0131563
-0.0163067
-0.0151451
-0.0155587
-0.016708
-7.86936e-05
0.0025236
0.00067582
-0.00188234
0.00171635
0.0047187
0.0030633
8.98276e-05
-0.00646167
-0.00405049
-0.0052749
-0.00764389
0.0197763
0.0231023
0.0211016
0.0177736
0.0224374
0.0258079
0.023843
0.0204291
0.0116738
0.0150248
0.0130943
0.00973949
0.00436178
0.00229434
0.0020014
0.00101602
0.00102604
0
0.00163576
-0.00160702
-0.00461012
-0.00469277
-0.00177763
0.000488516
-0.0117947
-0.0137299
-0.0157496
-0.0155181
-0.0134256
-0.0106856
-0.0191957
-0.0198068
-0.0202349
-0.020241
-0.0197793
-0.0189161
-0.0195185
-0.0195855
-0.0192032
-0.0194182
-0.0198093
-0.0201973
-0.0152174
-0.0150905
-0.0138858
-0.0145922
-0.015773
-0.0172403
-0.00415025
-0.00356498
-0.00105534
-0.00263762
-0.00509871
-0.00858723
0.0145008
0.0157304
0.0190657
0.0170275
0.0136837
0.00844394
0.0057509
0.00267515
-7.71267e-05
0.001842
-0.00331819
-0.00659701
-0.00828306
-0.00446238
-0.00619624
-0.00259193
-0.000407576
-0.00397757
-0.00100636
-0.00135031
0
-0.00517229
-0.00789565
-0.0104912
-0.00767441
-0.0130817
-0.0153352
-0.0156431
-0.0133583
-0.0140093
-0.0111681
-0.00807407
-0.0122057
-0.00887373
-0.0102855
-0.0165933
-0.0177753
-0.0187906
-0.017584
-0.0194955
-0.0199224
-0.0196397
-0.0193101
-0.0190635
-0.0183451
-0.0170869
-0.0182011
-0.0170145
-0.0170539
-0.0199933
-0.0202465
-0.0203071
-0.0203533
-0.020084
-0.0196112
-0.0194995
-0.0200232
-0.0198502
-0.0202352
-0.0203641
-0.0200061
-0.020216
-0.0199453
-0.017996
-0.0179675
-0.0176359
-0.0183619
-0.0169929
-0.0158519
-0.0160401
-0.0171775
-0.0172721
-0.018212
-0.0189723
-0.0182302
-0.0190114
-0.0189628
-0.0107232
-0.0104194
-0.00972024
-0.0115082
-0.00863685
-0.00630349
-0.00713378
-0.00944422
-0.0100732
-0.0120515
-0.0137335
-0.0125044
-0.0141668
-0.0144729
0.00445122
0.00537965
0.00652414
0.0034896
0.00791956
0.011279
0.00962083
0.00625313
0.00477558
0.00158851
-0.00136133
0.000319782
-0.00261778
-0.00366562
0.0250466
0.028328
0.0264104
0.0296684
0.0277595
0.0244432
0.0310357
0.0291434
0.0324353
0.0305513
0.0272281
0.0253262
0.0219038
0.0184506
0.0200247
0.0165422
0.0147463
0.000667321
0.00254087
-0.00983302
-0.0186039
-0.0199832
-0.0167972
-0.00753939
0.00988085
0.00439905
-0.000138118
0.000139242
-0.00319029
-0.00908101
-0.00373133
-0.0152568
-0.0179936
-0.0142452
-0.0200027
-0.0204221
-0.0199615
-0.0189298
-0.0184187
-0.0198335
-0.0131641
-0.0119796
-0.0159749
0.000262303
0.00234885
-0.00591698
0.0204434
0.0231295
0.0123579
0.00319239
0.00162142
0.000356233
-3.22162e-05
-0.00314406
-0.000551233
-0.0127797
-0.0146449
-0.0120993
-0.0195158
-0.0200537
-0.0194027
-0.0195776
-0.0195343
-0.0200311
-0.0152018
-0.0148864
-0.0165545
-0.00390208
-0.00314345
-0.0069135
0.0151118
0.016366
0.0110369
0.00413329
0.0012999
0.00208321
-0.0015802
-0.00550435
-0.0034904
0.00040708
-0.00177734
-0.000328987
-0.00656043
-0.00920093
-0.00613155
-0.0117836
-0.0143775
-0.0122819
-0.00632015
-0.0100252
-0.00772468
-0.0171988
-0.0183111
-0.0167294
-0.0191931
-0.0196574
-0.0188716
-0.0163385
-0.0177235
-0.0162141
-0.0201378
-0.0203067
-0.0203322
-0.0202359
-0.0198404
-0.0201552
-0.0203503
-0.0202564
-0.0201055
-0.0180187
-0.0178401
-0.0188145
-0.0173537
-0.0165547
-0.0177267
-0.0192319
-0.0186379
-0.0193344
-0.0106233
-0.0101175
-0.0127618
-0.00922781
-0.00794199
-0.0108124
-0.0142082
-0.0131669
-0.0150584
0.00488949
0.00592301
0.00115981
0.0071877
0.008728
0.00386867
-0.00204541
-0.000576827
-0.00452817
0.0257361
0.0270825
0.0217634
0.0284459
0.0298479
0.0245778
0.017721
0.0192194
0.0138893
0
0.0234092
0.0418061
0.0464896
0.0450685
0.0417122
0.0357351
0.0281431
0.0218081
0
0.0147403
0.0313742
0.0414088
0.0455754
0.0473444
0.0482919
0.0469371
0.0423216
0.0113405
0.0191978
0.00616777
0
0.0344183
0.0375926
0.0236373
0.0454679
0.0445435
0.0373091
0.0460942
0.0455762
0.0440049
0.0436485
0.0447247
0.0465813
0.0390764
0.0421988
0.047962
0.0319455
0.0376366
0.0480405
0.0247295
0.0320544
0.0449271
0.00749682
0.0298687
0.0422363
0.04543
0.0453193
0.0437168
0.0401428
0.0348689
0.00632375
0.00915829
0.00264838
0
0.0292767
0.0321303
0.0248354
0.0211489
0.0440483
0.0440062
0.0402641
0.0397969
0.0464063
0.0458919
0.0451138
0.045677
0.0444104
0.0445172
0.0454892
0.0454026
0.0404882
0.0414158
0.0442792
0.0432278
0.0338713
0.0361446
0.0412355
0.0390241
0.0263708
0.0298872
0.0362717
0.0330085
0.017232
0.0132606
0.0172757
0.010278
0.00649114
0.00293693
0
0.0386146
0.0341377
0.0349322
0.0277078
0.0272638
0.0192641
0.0462263
0.0436223
0.0431096
0.0395733
0.0400573
0.0345804
0.0456337
0.0455668
0.0456153
0.0448876
0.0447691
0.0428662
0.0427583
0.0450672
0.0461209
0.0469812
0.0460146
0.0461243
0.0374839
0.0430257
0.0452807
0.0481794
0.0459178
0.0476752
0.0300171
0.0389359
0.0422173
0.0476058
0.0440666
0.0482587
0.0232222
0.0269547
0.0334535
0.0371657
0.0436634
0.0398344
0.0460359
0.00402957
0.0269723
0.0422889
0.0459088
0.0450048
0.0423936
0.0376333
0.0314314
0.0150309
0.0118058
0.00196864
0.0364247
0.0314244
0.0225044
0.0450872
0.0418002
0.0377933
0.0457064
0.0452656
0.0440727
0.0439301
0.046102
0.0458566
0.0402905
0.0456632
0.0460642
0.034591
0.0432192
0.0447526
0.0283942
0.0385156
0.0410794
0.00370144
0.00506347
0.0019545
0
0.0264205
0.0280883
0.024126
0.0222291
0.0430469
0.0431939
0.0411477
0.0408145
0.0464847
0.0461978
0.0458302
0.0461251
0.0447511
0.0447204
0.0452149
0.0452565
0.0411238
0.0414382
0.0428281
0.0424669
0.0348153
0.0357771
0.0383427
0.0373954
0.0272419
0.0289405
0.0322174
0.0306173
0.0142034
0.0160733
0.0120271
0.0101937
0.0103226
0.012504
0.00909639
0.00690535
0.00102096
0.00221536
0.000560133
0
0.0366516
0.0375173
0.0343925
0.033255
0.0321019
0.0328618
0.0294207
0.0286397
0.0220753
0.023724
0.0199338
0.0182564
0.0459236
0.0456967
0.0446172
0.0447715
0.0429941
0.0427602
0.0409873
0.0412076
0.0390203
0.0391003
0.036439
0.0363416
0.0458792
0.0456991
0.0458165
0.0460288
0.0455171
0.0454332
0.0450386
0.0451208
0.0448657
0.0446215
0.0436288
0.0438642
0.0432212
0.043344
0.0442371
0.0440881
0.045204
0.0456007
0.0460668
0.0456821
0.0455437
0.0456873
0.0457477
0.0456106
0.0383023
0.0388946
0.0408714
0.0402471
0.0433878
0.0443579
0.0458051
0.044833
0.0445157
0.0451885
0.0461027
0.0454397
0.0309784
0.0323431
0.0353736
0.0340782
0.0395523
0.0410757
0.0436628
0.0421067
0.0417337
0.0430002
0.0450356
0.0437499
0.0239596
0.0258292
0.0291335
0.0273404
0.0341614
0.0359775
0.0391823
0.0373447
0.0369606
0.038669
0.0416637
0.0399221
0.0086901
0.00646526
0.00825667
0.00491317
0.00325584
0
0.0319661
0.0296514
0.0310129
0.0274384
0.0258987
0.020146
0.0448573
0.0432363
0.0431642
0.0413296
0.041318
0.0387313
0.0462737
0.0459258
0.04569
0.0452983
0.0455455
0.0451489
0.0440436
0.0447727
0.0449298
0.0454144
0.0452619
0.0455085
0.0398063
0.0419231
0.0425758
0.0440133
0.0433448
0.0439846
0.0329132
0.0368992
0.0381607
0.0407044
0.0394498
0.0406248
0.0255326
0.0306539
0.0323893
0.0355734
0.0338663
0.0353395
0.020329
0.0180975
0.0162407
0.014095
0.0145491
0.0161439
0.0124881
0.0110904
0.00816795
0.00623892
0.00410019
0.0044187
0.00216028
0.00154291
0
0.0403438
0.0382258
0.0359646
0.0353085
0.0332579
0.0333036
0.0295929
0.0297411
0.0257148
0.0256368
0.0249493
0.021478
0.0210609
0.0170088
0.0464128
0.0454348
0.044133
0.0443966
0.0425027
0.0422918
0.04054
0.0407433
0.0384954
0.0387695
0.0389938
0.0360018
0.0363059
0.0330339
0.0453627
0.0455673
0.0455852
0.0456605
0.0454561
0.0456007
0.0452511
0.0450801
0.0444732
0.0443935
0.0444495
0.0434703
0.0434854
0.0421797
0.0422565
0.0435945
0.044908
0.044508
0.0461203
0.046758
0.0471663
0.0465635
0.0467861
0.0463144
0.045945
0.0463609
0.0460008
0.045863
0.0366276
0.039674
0.0426292
0.0416694
0.045489
0.046794
0.0482516
0.0469379
0.0480816
0.0469627
0.0460032
0.0478253
0.0468955
0.047514
0.0290703
0.033801
0.0382961
0.0367811
0.0427366
0.0445489
0.0473014
0.04539
0.0478521
0.0460401
0.0444296
0.0481754
0.0465028
0.0482965
0.0225077
0.0243947
0.0276694
0.02951
0.0327494
0.0309311
0.034603
0.0378401
0.0397368
0.0429966
0.0410759
0.0443097
0.042357
0.0404683
0.0455049
0.0435286
0.0465147
0.0026481
0.0252288
0.0421157
0.0461985
0.0449999
0.0419726
0.0365991
0.0297706
0.013058
0.00965061
0.000722086
0.0355099
0.0308396
0.0210433
0.0453073
0.0420455
0.0378055
0.0458804
0.0452967
0.0442799
0.0437314
0.045651
0.0456602
0.0395906
0.0446111
0.0453262
0.0332123
0.0416075
0.0433929
0.0265735
0.0366648
0.0393063
0.00750966
0.00560751
0.00142795
0.0307796
0.0285492
0.0230846
0.0440762
0.0423254
0.0401232
0.0461379
0.0456437
0.0453844
0.0444171
0.0451067
0.0453962
0.0408634
0.042977
0.0436801
0.0349351
0.038818
0.0400526
0.0281295
0.0331268
0.034605
0.0191585
0.0171301
0.0111134
0.0153915
0.013615
0.00861285
0.00440031
0.00406567
0.000670426
0.039289
0.0371273
0.0332677
0.034692
0.0315893
0.0277503
0.0262593
0.0233978
0.018631
0.0459645
0.0448242
0.0438481
0.043361
0.0415654
0.0398124
0.0402282
0.0376005
0.0348717
0.0454901
0.0455977
0.0456933
0.0455363
0.0453578
0.0447605
0.0448984
0.0439705
0.0429279
0.0429235
0.04426
0.0447309
0.0455307
0.0466673
0.0464459
0.0456944
0.0461665
0.0458132
0.0381621
0.0411639
0.0421398
0.044071
0.0468826
0.0469633
0.0450247
0.0469389
0.0468343
0.0314763
0.036066
0.0374803
0.0405128
0.0449931
0.0457391
0.0425711
0.0462942
0.0466685
0.0251048
0.0302153
0.0316567
0.0352876
0.0404096
0.0417272
0.038014
0.0429595
0.0440599
