FiniteElementSpace
FiniteElementCollection: L2_2D_P3
VDim: 1
Ordering: 0

0.0272279
0.0185351
0.0241028
0.0305772
0.013141
0.0115309
0.0182091
0.0255547
0.00493998
0.00609792
0.0118468
0.0180653
0.00308075
0.00399082
0.00794294
0.0121069
0.0167305
0.0160996
0.015444
0.0150665
0.0137847
0.0132459
0.0126911
0.0123761
0.0102857
0.00986013
0.00942843
0.00918922
0.00790284
0.00755986
0.00721498
0.00702674
0.00995997
0.00955436
0.00910077
0.00880923
0.00811917
0.00778049
0.00740587
0.0071685
0.00596058
0.00570316
0.00542391
0.00525165
0.00451188
0.00431204
0.00409889
0.0039707
0.00530905
0.00505227
0.00474809
0.00453769
0.00430492
0.00409427
0.00384712
0.00367806
0.0031435
0.00298749
0.00280764
0.00268718
0.00237588
0.00225721
0.00212284
0.00203489
0.00236512
0.0022266
0.00205723
0.00193579
0.00192375
0.00181112
0.00167441
0.00157717
0.00141742
0.00133486
0.00123605
0.00116684
0.00108596
0.00102336
0.00094965
0.000898972
0.000853437
0.000793186
0.000718696
0.000664686
0.000704005
0.000654749
0.000594188
0.000550523
0.000532622
0.000496041
0.00045156
0.000419857
0.000420444
0.000392175
0.000358267
0.000334447
0.000235442
0.000214147
0.00018795
0.000169073
0.000199495
0.000181719
0.00015994
0.000144311
0.000158022
0.000144324
0.000127685
0.000115846
0.000130677
0.000119666
0.000106435
9.71231e-05
3.5434e-05
2.99905e-05
2.3567e-05
1.91613e-05
3.16529e-05
2.68937e-05
2.12889e-05
1.74505e-05
2.7297e-05
2.33423e-05
1.87076e-05
1.55472e-05
2.44391e-05
2.10206e-05
1.70399e-05
1.43422e-05
0.0201383
0.019682
0.019288
0.0191346
0.017069
0.0165578
0.0160792
0.0158511
0.0132586
0.0127301
0.012206
0.0119255
0.0105543
0.0100466
0.00952826
0.00923616
0.00146464
0.00135755
0.00125495
0.0012019
0.00059971
0.000548024
0.000499448
0.000475037
0.000741627
0.000708263
0.000639518
0.000569378
0.00197505
0.00191637
0.0017626
0.00159119
0.000595595
0.000195206
0.000437317
0.000880322
0.000674815
0.00014284
4.88982e-05
0.000216702
0.000819777
0.000355102
0.000361959
0.000593029
0.00136369
0.000924138
0.00134321
0.00199253
0.0130278
0.0125212
0.0119739
0.0116389
0.0106689
0.0102421
0.00978596
0.00951101
0.00788316
0.00755391
0.00720856
0.00700617
0.00599907
0.00573988
0.0054719
0.00531852
0.0006666
0.000628354
0.000595226
0.000582359
0.000268276
0.000253367
0.000241494
0.000237841
0.000406749
0.000401362
0.000385215
0.000366275
0.00109096
0.00107261
0.00102333
0.000967852
0.0009513
0.000888005
0.000829717
0.000802959
0.000375649
0.000348509
0.000324524
0.000313938
0.000507944
0.000502193
0.000480814
0.000453954
0.00140572
0.00138955
0.00132877
0.0012541
0.00741214
0.00708573
0.00670894
0.00645645
0.00602127
0.00575125
0.00544283
0.00523878
0.00440214
0.00419978
0.00397296
0.00382647
0.0033242
0.00316892
0.00299795
0.00289025
0.000388886
0.000369872
0.000354633
0.000350128
0.0001855
0.000177804
0.000173161
0.000173649
0.000266495
0.000258927
0.000248008
0.000239112
0.000622065
0.000601489
0.000568017
0.00053806
0.000500079
0.000474123
0.000452728
0.000445686
0.00021595
0.000206204
0.000199615
0.000199104
0.000329826
0.000323721
0.000311169
0.000298418
0.000834795
0.000815293
0.000775344
0.000734809
0.00363289
0.00343932
0.00320561
0.00304037
0.00294666
0.00278881
0.00259985
0.0024675
0.00215689
0.00204089
0.00190422
0.00181021
0.00163794
0.00155009
0.00144835
0.00137981
0.000240564
0.000228862
0.000219061
0.000215588
0.00013594
0.000129502
0.000125112
0.000124721
0.000153075
0.000144778
0.000136181
0.000131332
0.000291967
0.000274869
0.000253552
0.000238159
0.000306739
0.000292074
0.000280254
0.000276651
0.000161067
0.000154139
0.000149854
0.000150131
0.000207903
0.000199378
0.000189454
0.00018291
0.000441089
0.000421181
0.000393587
0.000371631
0.00146106
0.00136723
0.00125161
0.00116806
0.00119505
0.00111869
0.00102521
0.000958097
0.000890235
0.000834063
0.00076615
0.000718042
0.000690956
0.000648076
0.000597001
0.000561412
0.000136494
0.000129109
0.000122206
0.000118882
8.3604e-05
7.88746e-05
7.5031e-05
7.37609e-05
6.85592e-05
6.34064e-05
5.86604e-05
5.64665e-05
9.98176e-05
9.12013e-05
8.18151e-05
7.60071e-05
0.000184368
0.000174976
0.000166671
0.000163184
0.000109381
0.000103658
9.93609e-05
9.83841e-05
0.000105504
9.85248e-05
9.17729e-05
8.83623e-05
0.000178181
0.000165251
0.000150287
0.000140312
0.000467544
0.000430785
0.000385353
0.000352435
0.000390171
0.000359866
0.000322589
0.000295709
0.000301203
0.000278347
0.000250508
0.000230632
0.000242783
0.000224814
0.000203194
0.000187955
6.58132e-05
6.16942e-05
5.74675e-05
5.50334e-05
4.26429e-05
3.99644e-05
3.74866e-05
3.62991e-05
2.67506e-05
2.4653e-05
2.28463e-05
2.21157e-05
2.56644e-05
2.29993e-05
2.04518e-05
1.91611e-05
9.69894e-05
9.13771e-05
8.58641e-05
8.29232e-05
6.0977e-05
5.73298e-05
5.41609e-05
5.28599e-05
4.29321e-05
3.95198e-05
3.65005e-05
3.52119e-05
5.17461e-05
4.66689e-05
4.14606e-05
3.8498e-05
0.000103806
9.22808e-05
7.82717e-05
6.83167e-05
8.97997e-05
8.00074e-05
6.8145e-05
5.97424e-05
7.36009e-05
6.58286e-05
5.64804e-05
4.9905e-05
6.28947e-05
5.64615e-05
4.8793e-05
4.34473e-05
2.47628e-05
2.26738e-05
2.03776e-05
1.89152e-05
1.76163e-05
1.61968e-05
1.47101e-05
1.38211e-05
1.07602e-05
9.90391e-06
9.09725e-06
8.69011e-06
7.38647e-06
6.7249e-06
6.15304e-06
5.91331e-06
4.21885e-05
3.92373e-05
3.6091e-05
3.41701e-05
2.84719e-05
2.65371e-05
2.46298e-05
2.35949e-05
1.6989e-05
1.57111e-05
1.45975e-05
1.41268e-05
1.31075e-05
1.18176e-05
1.06793e-05
1.01871e-05
6.35934e-06
4.73088e-06
2.98219e-06
1.92961e-06
5.96908e-06
4.3834e-06
2.68514e-06
1.66671e-06
5.59392e-06
4.09318e-06
2.49553e-06
1.54361e-06
5.42236e-06
4.0032e-06
2.50265e-06
1.61423e-06
4.01828e-06
3.25551e-06
2.45931e-06
1.98981e-06
3.24655e-06
2.64781e-06
2.027e-06
1.66264e-06
2.33332e-06
1.91708e-06
1.49228e-06
1.24637e-06
1.71512e-06
1.41417e-06
1.11423e-06
9.44921e-07
1.22087e-05
1.0784e-05
9.20008e-06
8.17701e-06
9.22601e-06
8.19043e-06
7.06424e-06
6.35501e-06
6.07045e-06
5.41984e-06
4.74649e-06
4.34809e-06
4.21027e-06
3.76229e-06
3.32784e-06
3.09426e-06
0.0235349
0.0220774
0.0206824
0.0198951
0.0200656
0.0189417
0.017738
0.0170035
0.0153881
0.0146681
0.0139071
0.0134525
0.011725
0.0114001
0.0110859
0.0109335
0.00979525
0.00962783
0.00956643
0.00955372
0.0065455
0.00655235
0.00668083
0.00684074
0.00338951
0.00348831
0.00368595
0.00388132
0.00177512
0.00188676
0.00205743
0.00218385
0.00234112
0.00289178
0.00627674
0.00977325
0.00128591
0.00162775
0.00398262
0.00651595
0.000693137
0.000664199
0.00182144
0.00322685
0.000582301
0.000295317
0.00075501
0.00148204
0.0148004
0.0142317
0.0136281
0.0132687
0.0121531
0.0116717
0.0111661
0.0108695
0.00901775
0.00864301
0.00825636
0.00803576
0.00688999
0.00659229
0.00628888
0.00611934
0.0058477
0.00558761
0.00532541
0.00518162
0.00406164
0.00386658
0.00367798
0.00358178
0.00220211
0.00208293
0.00197442
0.00192552
0.00119192
0.00112174
0.00105883
0.00103174
0.00673376
0.00643093
0.00612889
0.00596639
0.00471308
0.0044809
0.00425795
0.00414572
0.00258986
0.00244324
0.00230927
0.00224828
0.00142402
0.00133481
0.00125317
0.00121615
0.00862788
0.00826361
0.0078495
0.00757741
0.00701987
0.00671712
0.00637666
0.00615599
0.00514123
0.00491277
0.00466076
0.00450153
0.00388554
0.00370925
0.00351817
0.00340046
0.00327706
0.00312626
0.00296502
0.00286766
0.00225376
0.00214592
0.00203541
0.00197283
0.00120962
0.0011486
0.00109094
0.00106283
0.000655974
0.000622596
0.000593562
0.000582093
0.00380793
0.00363631
0.00345573
0.00334935
0.00261995
0.00249611
0.00237136
0.00230277
0.0014027
0.00133167
0.00126554
0.00123428
0.00075403
0.000714837
0.000680736
0.00066725
0.00441827
0.00419395
0.00392546
0.00373749
0.0035821
0.00339869
0.00318116
0.00303041
0.00261756
0.00248234
0.00232462
0.00221744
0.00198207
0.0018795
0.00176196
0.00168382
0.00167602
0.00158923
0.00149097
0.00142666
0.00116516
0.00110453
0.00103825
0.000996802
0.000649898
0.000616328
0.000582415
0.000563639
0.000379627
0.000360778
0.00034373
0.000336231
0.00200598
0.00190538
0.00179292
0.00172053
0.00138803
0.00131753
0.00124157
0.00119506
0.000763648
0.00072463
0.000685871
0.000665042
0.000435928
0.000414361
0.000395154
0.000387043
0.00187146
0.00175667
0.0016157
0.00151416
0.00152592
0.00143259
0.00131875
0.00123735
0.00112986
0.00106137
0.000978946
0.000920844
0.000870835
0.000818771
0.000757074
0.000714339
0.000745486
0.000701342
0.000649542
0.000614062
0.000534951
0.000503886
0.000468386
0.000444824
0.000321645
0.00030371
0.000284483
0.000272759
0.000207656
0.000196563
0.000185709
0.000180007
0.000925948
0.00087297
0.000811234
0.000769307
0.000658001
0.000620903
0.000578888
0.000551324
0.000387371
0.000366284
0.000343977
0.000330652
0.000243923
0.000231219
0.00021904
0.000212902
0.000637305
0.000589948
0.000531379
0.000488907
0.000528554
0.000489694
0.000441881
0.000407388
0.000403689
0.000374626
0.00033924
0.000313984
0.000321844
0.000299205
0.000271994
0.000252837
0.000281485
0.000261988
0.000238726
0.000222477
0.00021215
0.000197915
0.000181255
0.000169861
0.000140019
0.000131109
0.000121141
0.000114681
9.93194e-05
9.32549e-05
8.68752e-05
8.30694e-05
0.000365468
0.000341243
0.000312417
0.000292343
0.000271706
0.00025422
0.000233844
0.000219985
0.000175003
0.000164297
0.000152429
0.000144832
0.000121328
0.000114199
0.000106823
0.000102536
0.000159751
0.000143914
0.000124523
0.000110628
0.000136647
0.000123321
0.000107066
9.54594e-05
0.000109952
9.95436e-05
8.69474e-05
7.80236e-05
9.23223e-05
8.38418e-05
7.36802e-05
6.65532e-05
8.32795e-05
7.57725e-05
6.68222e-05
6.05766e-05
6.70031e-05
6.11855e-05
5.43327e-05
4.96107e-05
4.92676e-05
4.52359e-05
4.06109e-05
3.75149e-05
3.84498e-05
3.54564e-05
3.21345e-05
2.99961e-05
0.000116834
0.000107166
9.56141e-05
8.75312e-05
9.2299e-05
8.49366e-05
7.62606e-05
7.02787e-05
6.5918e-05
6.09588e-05
5.52938e-05
5.15213e-05
5.01599e-05
4.65633e-05
4.26167e-05
4.01134e-05
1.70894e-05
1.37719e-05
9.97996e-06
7.48288e-06
1.56489e-05
1.2657e-05
9.24038e-06
6.99045e-06
1.40194e-05
1.14227e-05
8.46705e-06
6.52506e-06
1.29804e-05
1.06544e-05
8.01944e-06
6.29545e-06
1.23287e-05
1.01579e-05
7.70347e-06
6.09995e-06
1.09464e-05
9.08653e-06
6.99447e-06
5.63441e-06
9.34708e-06
7.85368e-06
6.1905e-06
5.11982e-06
8.28293e-06
7.03601e-06
5.66255e-06
4.78845e-06
2.28346e-05
1.97006e-05
1.60596e-05
1.3597e-05
1.96608e-05
1.70549e-05
1.40469e-05
1.20252e-05
1.60319e-05
1.40204e-05
1.17286e-05
1.02087e-05
1.36617e-05
1.20295e-05
1.01971e-05
9.00089e-06
0.0187903
0.0180974
0.0173961
0.01701
0.0155592
0.0149591
0.0143544
0.0140235
0.0116999
0.0112172
0.0107354
0.0104761
0.00905416
0.00866057
0.00826936
0.00806038
0.00775554
0.00740479
0.00705745
0.00687306
0.00548889
0.00521192
0.00494687
0.0048142
0.003073
0.0028917
0.00272511
0.00264807
0.0017271
0.00161329
0.00150699
0.00145654
0.00915138
0.00867582
0.00819007
0.00791759
0.00653902
0.00616912
0.0058056
0.00561351
0.00372094
0.00348259
0.00325975
0.00315213
0.00213784
0.00198825
0.00184582
0.00177563
0.00116794
0.00108681
0.00100998
0.000972319
0.000464679
0.000428448
0.000395291
0.000379415
0.000575039
0.000567717
0.000540232
0.000505641
0.00159353
0.00157892
0.00150749
0.00141556
0.00246147
0.00242624
0.00231219
0.00217716
0.00478825
0.00467567
0.00444896
0.00421838
0.00978034
0.00947922
0.00897723
0.00851663
0.0154201
0.0148789
0.0140419
0.0133126
0.00299125
0.00291637
0.00270979
0.00247515
0.00568772
0.00552241
0.00519106
0.00485668
0.0114159
0.0110977
0.0105292
0.00998662
0.0178657
0.0173754
0.0165598
0.0158128
0.00124924
0.00136071
0.0014597
0.00148799
0.000522127
0.000554898
0.000584422
0.000589622
0.000860181
0.000860766
0.000823854
0.000766672
0.00253409
0.00240619
0.0022471
0.00211095
0.00365174
0.00354636
0.00334599
0.00314435
0.00718651
0.0068576
0.00629798
0.00578814
0.0138549
0.0132862
0.012338
0.0114729
0.0204236
0.019886
0.0189267
0.0179569
0.00155241
0.00161458
0.00261402
0.00350714
0.00167071
0.00215402
0.00527673
0.00887297
0.0087934
0.00614559
0.0117404
0.0187052
0.0311598
0.0137823
0.019051
0.0279263
0.0114205
0.0109681
0.0104708
0.0101587
0.0093301
0.00895066
0.00853807
0.00828294
0.0068698
0.0065793
0.00626947
0.00608311
0.005212
0.00498501
0.00474673
0.00460695
0.00440405
0.00420823
0.0040054
0.00388888
0.00303493
0.0028922
0.00275074
0.00267517
0.00162574
0.00154253
0.001466
0.00143078
0.000870674
0.000824092
0.000783378
0.000767058
0.00507818
0.00485336
0.00462382
0.00449512
0.0035099
0.00334403
0.00318191
0.00309752
0.0018875
0.00178882
0.00169879
0.00165809
0.00101285
0.000956421
0.000906625
0.000886095
0.000573789
0.000542684
0.000516457
0.00050711
0.000237855
0.000226103
0.000217455
0.000215719
0.000365761
0.000360186
0.000346137
0.000330596
0.000956171
0.000937352
0.000893227
0.000845853
0.00143783
0.00140487
0.00133599
0.00126528
0.00270882
0.00263045
0.00249591
0.00237011
0.00527825
0.0051025
0.00482959
0.00459011
0.00805033
0.00776285
0.00733644
0.00697467
0.00165169
0.00161862
0.00154205
0.00146006
0.00313627
0.00305317
0.00290356
0.00275977
0.00616353
0.00597105
0.00566429
0.00539031
0.00945325
0.00913316
0.00864983
0.00823444
0.000788077
0.000739428
0.000695993
0.000677587
0.000312124
0.000292256
0.000275431
0.000268913
0.00045409
0.00044855
0.000429885
0.000407156
0.00124121
0.00122334
0.0011682
0.00110357
0.00188941
0.00185621
0.00177088
0.00167605
0.00361423
0.00352521
0.00335773
0.00319292
0.00717226
0.00695705
0.00660687
0.00628988
0.0110738
0.0107077
0.010148
0.00966286
0.00215267
0.00211995
0.002025
0.00191554
0.00415219
0.00405588
0.00386707
0.00367729
0.00835035
0.00810169
0.00769165
0.00731746
0.0130159
0.0125776
0.0119044
0.0113197
0.00630666
0.00601589
0.00567557
0.00544358
0.00511732
0.00487784
0.00460038
0.00441348
0.00373744
0.0035591
0.00335623
0.00322262
0.00282226
0.00268606
0.00253391
0.00243608
0.00238067
0.00226493
0.00213733
0.00205674
0.00164182
0.00156028
0.00147382
0.00142212
0.000893305
0.00084801
0.000803776
0.000780746
0.000499542
0.000474749
0.000452932
0.000444019
0.00280311
0.00267074
0.00252697
0.00243809
0.00192927
0.00183538
0.00173747
0.00168045
0.00104105
0.000988492
0.000938024
0.000912594
0.000572148
0.00054348
0.000518449
0.000508453
0.000345198
0.000328594
0.000315311
0.000311402
0.000173121
0.000165895
0.00016155
0.000162034
0.000236829
0.000228659
0.000218238
0.000210644
0.000527787
0.000507269
0.000476711
0.000450982
0.000761029
0.000729693
0.000683066
0.000643709
0.0013731
0.0013115
0.00122299
0.00114982
0.00258385
0.00246087
0.00228917
0.00215026
0.00386025
0.00367071
0.00341061
0.00320319
0.000907984
0.000875559
0.000823906
0.000778171
0.00165856
0.00159213
0.00149291
0.00140841
0.0031484
0.00301212
0.00281718
0.00265633
0.00472669
0.00451362
0.0042159
0.00397486
0.000439665
0.00041761
0.000399745
0.000394242
0.000199251
0.000190774
0.000185442
0.000185633
0.000297208
0.00029038
0.000278812
0.000268241
0.000724081
0.000703907
0.000667397
0.000632581
0.00106884
0.00103593
0.000979123
0.000926238
0.0019749
0.0019043
0.00179419
0.00169742
0.00378228
0.00363319
0.00341425
0.00322982
0.00570764
0.00547106
0.00513401
0.00485676
0.00124469
0.0012117
0.00114928
0.00108819
0.00232376
0.00224935
0.0021277
0.00201736
0.00448952
0.00432763
0.00408318
0.00387291
0.00681081
0.00655
0.00617081
0.00585392
0.00295008
0.00278522
0.00258475
0.00244191
0.00239539
0.0022612
0.00209933
0.00198497
0.00175819
0.00165977
0.00154282
0.00146156
0.00134039
0.00126587
0.00117878
0.00111945
0.00113902
0.00107601
0.00100318
0.00095423
0.000802492
0.0007585
0.000709186
0.000677272
0.000463185
0.00043849
0.00041274
0.000397706
0.000284369
0.000269871
0.000256253
0.000249689
0.00138801
0.00131373
0.00122871
0.00117225
0.000970764
0.000918949
0.000861547
0.000824986
0.000550253
0.000521424
0.000491825
0.000474975
0.000329402
0.000312878
0.000297661
0.000290657
0.000211391
0.000200895
0.000191871
0.000188381
0.000122732
0.000116612
0.000112223
0.000111508
0.000128125
0.000120381
0.000112657
0.000108551
0.000230526
0.000215418
0.000197319
0.000184782
0.000314041
0.000293048
0.000266908
0.000247989
0.000536339
0.000499823
0.000452928
0.000417785
0.000980651
0.000913755
0.000826993
0.000761252
0.00144577
0.00134724
0.00121948
0.00112267
0.000404003
0.000379772
0.000348556
0.000325204
0.000700116
0.00065689
0.000600099
0.000556619
0.00128755
0.00120695
0.0011008
0.00101921
0.00190205
0.00178223
0.00162501
0.0015045
0.000272163
0.000259098
0.000248398
0.000244911
0.000148744
0.000142052
0.000137719
0.000137678
0.000179846
0.000171277
0.000161945
0.000156295
0.000362307
0.000343565
0.000319056
0.000300528
0.000508663
0.000481511
0.000445114
0.000416879
0.000893851
0.000844019
0.000776833
0.000724181
0.00165516
0.00156034
0.00143329
0.0013341
0.00245248
0.00231
0.00212052
0.00197352
0.000627812
0.000598248
0.000556692
0.000523134
0.00111817
0.00106213
0.000984309
0.000921744
0.00208659
0.00197751
0.00182849
0.00171014
0.00310356
0.00293765
0.00271371
0.00253767
0.00112488
0.0010492
0.000955744
0.000888061
0.000923648
0.000861947
0.000786209
0.000731691
0.000693013
0.000647441
0.000592157
0.000552852
0.000542185
0.000507206
0.000465374
0.00043609
0.000468647
0.000438801
0.000403414
0.000378874
0.000343998
0.000322669
0.000297949
0.000281247
0.000216378
0.000203591
0.000189559
0.000180703
0.000146576
0.000138257
0.000129799
0.000125029
0.000594201
0.000557744
0.000514717
0.000485044
0.000431032
0.0004052
0.000375454
0.000355518
0.000264965
0.000249781
0.000233303
0.000223071
0.000175282
0.000165645
0.000156028
0.000150783
0.000115684
0.000109216
0.000103013
9.98578e-05
7.17914e-05
6.76061e-05
6.40857e-05
6.27742e-05
5.44024e-05
5.0159e-05
4.63322e-05
4.46343e-05
7.24774e-05
6.57626e-05
5.86596e-05
5.44352e-05
9.02378e-05
8.15274e-05
7.18022e-05
6.55696e-05
0.000142229
0.000128265
0.000111628
0.000100085
0.000257076
0.000232619
0.000202449
0.000180698
0.000381469
0.000346161
0.000302144
0.000270046
0.000127971
0.0001166
0.000103569
9.49499e-05
0.000207076
0.000188497
0.000165962
0.000150021
0.00037479
0.000342004
0.000301089
0.000271236
0.000553738
0.000506299
0.000446625
0.000402713
0.000159401
0.000151041
0.000143438
0.000140003
9.62261e-05
9.09747e-05
8.68638e-05
8.57019e-05
8.55882e-05
7.94997e-05
7.3761e-05
7.09921e-05
0.000134782
0.000124061
0.000112032
0.000104307
0.000176928
0.000162542
0.000145623
0.000134094
0.000292305
0.000268342
0.000238749
0.00021742
0.000530213
0.000487502
0.00043356
0.000393725
0.000781556
0.000719495
0.000640697
0.000582169
0.000238576
0.00022093
0.000199604
0.000184636
0.000401125
0.000371119
0.00033336
0.000305623
0.000730053
0.000675901
0.000606633
0.00055484
0.00107545
0.000996296
0.000894781
0.000818642
0.000335989
0.000307818
0.000273058
0.000247924
0.000282382
0.000259025
0.000230332
0.000209676
0.000220639
0.000202847
0.000181192
0.000165746
0.000180013
0.000165879
0.000148873
0.000136887
0.000159659
0.000147338
0.000132606
0.000122289
0.000124027
0.000114788
0.000103914
9.64259e-05
8.61756e-05
8.01123e-05
7.32263e-05
6.86741e-05
6.40146e-05
5.97115e-05
5.50496e-05
5.21446e-05
0.000213765
0.000198201
0.000179602
0.000166586
0.000163481
0.000151973
0.000138459
0.000129179
0.000110652
0.00010328
9.49668e-05
8.95209e-05
8.0305e-05
7.51813e-05
6.97083e-05
6.63666e-05
5.31336e-05
4.964e-05
4.59833e-05
4.38107e-05
3.50812e-05
3.28054e-05
3.06325e-05
2.9521e-05
2.12621e-05
1.96329e-05
1.82315e-05
1.76627e-05
1.81673e-05
1.63035e-05
1.45925e-05
1.37893e-05
1.80486e-05
1.58873e-05
1.37881e-05
1.26915e-05
2.16044e-05
1.85172e-05
1.51779e-05
1.31185e-05
3.77957e-05
3.24481e-05
2.62077e-05
2.1976e-05
5.88567e-05
5.10094e-05
4.16084e-05
3.50412e-05
2.75435e-05
2.43247e-05
2.10573e-05
1.92225e-05
3.69397e-05
3.21403e-05
2.67806e-05
2.33349e-05
6.59799e-05
5.76553e-05
4.7773e-05
4.09383e-05
0.000100889
8.87816e-05
7.41073e-05
6.37223e-05
8.03904e-05
7.55637e-05
7.07142e-05
6.80192e-05
5.12568e-05
4.81177e-05
4.53031e-05
4.40483e-05
3.38407e-05
3.11485e-05
2.88045e-05
2.78368e-05
3.65121e-05
3.27835e-05
2.90846e-05
2.70878e-05
4.17134e-05
3.70754e-05
3.21925e-05
2.92982e-05
6.03186e-05
5.31956e-05
4.50397e-05
3.96332e-05
0.000108588
9.62148e-05
8.13173e-05
7.08508e-05
0.000163814
0.000145913
0.000123997
0.000108317
6.20595e-05
5.55978e-05
4.85805e-05
4.42402e-05
9.44045e-05
8.42503e-05
7.23775e-05
6.43117e-05
0.000170423
0.00015273
0.00013116
0.000115799
0.000254602
0.000229064
0.000197508
0.000174709
6.34678e-05
5.53423e-05
4.55769e-05
3.8729e-05
5.56742e-05
4.86871e-05
4.03135e-05
3.44569e-05
4.66636e-05
4.10075e-05
3.42711e-05
2.95874e-05
4.07157e-05
3.59441e-05
3.03055e-05
2.64154e-05
3.7529e-05
3.32164e-05
2.81376e-05
2.46452e-05
3.1501e-05
2.80119e-05
2.39368e-05
2.11579e-05
2.47273e-05
2.21401e-05
1.91698e-05
1.71806e-05
2.04065e-05
1.83739e-05
1.60871e-05
1.45892e-05
5.73064e-05
5.15576e-05
4.4734e-05
3.99978e-05
4.70394e-05
4.24948e-05
3.71554e-05
3.3488e-05
3.56874e-05
3.24365e-05
2.86992e-05
2.61915e-05
2.86104e-05
2.61319e-05
2.33571e-05
2.15506e-05
1.79383e-05
1.61961e-05
1.42623e-05
1.30153e-05
1.31458e-05
1.19248e-05
1.06151e-05
9.80499e-06
8.29925e-06
7.55891e-06
6.82439e-06
6.41746e-06
5.65381e-06
5.1301e-06
4.65533e-06
4.4316e-06
4.2916e-06
3.86124e-06
3.49707e-06
3.35087e-06
2.09682e-06
1.79196e-06
1.55199e-06
1.47521e-06
1.33889e-06
9.55866e-07
5.94537e-07
4.15094e-07
2.31237e-06
1.7018e-06
1.04977e-06
6.55784e-07
5.79317e-06
5.19208e-06
4.68976e-06
4.49791e-06
3.55349e-06
2.97441e-06
2.46213e-06
2.23884e-06
3.98047e-06
3.07072e-06
2.11811e-06
1.55712e-06
6.78411e-06
5.36836e-06
3.7764e-06
2.74583e-06
3.2793e-05
3.03064e-05
2.7611e-05
2.59265e-05
2.26915e-05
2.1039e-05
1.93581e-05
1.83967e-05
1.35846e-05
1.25574e-05
1.16338e-05
1.12117e-05
9.71802e-06
8.81492e-06
8.03884e-06
7.72169e-06
8.12981e-06
7.21979e-06
6.42797e-06
6.09592e-06
6.52547e-06
5.44904e-06
4.40306e-06
3.85529e-06
9.60952e-06
7.79334e-06
5.78758e-06
4.51683e-06
1.5813e-05
1.3058e-05
9.86802e-06
7.72653e-06
1.19336e-05
1.05225e-05
9.22272e-06
8.60713e-06
1.2071e-05
1.01903e-05
8.24289e-06
7.11389e-06
2.00633e-05
1.68227e-05
1.31252e-05
1.06845e-05
3.2008e-05
2.71872e-05
2.1495e-05
1.75841e-05
1.45811e-06
8.71868e-07
3.29262e-07
9.9898e-08
1.19597e-06
7.28161e-07
2.92713e-07
1.22495e-07
1.08937e-06
7.25135e-07
3.83987e-07
2.79522e-07
1.17334e-06
8.34848e-07
5.19549e-07
4.52398e-07
1.27872e-06
9.27754e-07
5.53687e-07
3.90215e-07
1.36348e-06
9.53093e-07
5.19641e-07
3.06256e-07
1.5041e-06
1.02159e-06
5.26732e-07
2.71576e-07
1.63115e-06
1.10552e-06
5.78823e-07
3.07906e-07
5.27167e-06
3.93281e-06
2.52917e-06
1.70626e-06
4.90915e-06
3.74033e-06
2.51388e-06
1.79208e-06
4.52523e-06
3.55226e-06
2.53103e-06
1.92735e-06
4.2882e-06
3.44524e-06
2.56108e-06
2.03704e-06
1.60689e-06
1.08501e-06
5.71494e-07
3.13915e-07
1.3514e-06
8.83424e-07
4.51861e-07
2.70909e-07
1.05743e-06
6.71186e-07
3.61736e-07
3.01077e-07
8.65202e-07
5.4224e-07
3.36183e-07
3.85013e-07
6.58358e-07
3.8955e-07
2.9128e-07
4.70998e-07
2.97627e-07
1.54722e-07
1.26143e-07
2.66958e-07
5.87664e-08
9.72834e-09
1.14022e-08
8.72544e-08
7.30185e-08
5.34866e-08
4.20028e-08
5.97472e-08
1.34201e-06
1.09745e-06
8.48148e-07
7.01775e-07
6.12506e-07
4.88121e-07
3.63028e-07
2.90701e-07
1.07525e-07
8.08068e-08
5.86535e-08
4.89777e-08
4.77111e-08
6.01253e-08
8.11972e-08
9.92216e-08
7.54121e-06
6.4361e-06
5.22728e-06
4.46348e-06
5.87974e-06
5.04802e-06
4.14922e-06
3.58843e-06
4.04554e-06
3.4959e-06
2.91732e-06
2.56672e-06
2.89466e-06
2.50693e-06
2.11268e-06
1.88362e-06
2.23104e-06
1.93118e-06
1.6377e-06
1.47628e-06
9.93727e-07
8.53259e-07
7.30326e-07
6.73922e-07
1.33958e-07
1.0364e-07
9.46153e-08
1.05798e-07
3.32735e-08
2.36732e-08
3.02722e-08
4.6729e-08
3.18895e-06
2.84194e-06
2.52715e-06
2.37708e-06
1.40536e-06
1.22474e-06
1.08749e-06
1.04677e-06
3.58991e-07
2.3723e-07
1.50242e-07
1.31815e-07
5.02734e-07
3.18704e-07
1.46023e-07
6.13275e-08
