FiniteElementSpace
FiniteElementCollection: H1_2D_P2
VDim: 2
Ordering: 0

0
1.18314
2.15708
2.87548
3.38594
3.75944
4.05755
4.32121
4.57378
0
0.793209
1.4936
2.0549
2.48522
2.82116
3.10205
3.35752
3.60558
0.605013
1.00545
0.404475
0
1.70289
1.84667
1.15924
2.5463
2.48364
1.79218
3.15233
2.94845
2.28445
3.58551
3.29781
2.66238
3.91488
3.58345
2.96635
4.19188
3.84066
3.23158
4.44798
4.09002
3.48179
0.513943
1.45163
2.1897
2.73417
3.13399
3.44599
3.71403
3.96545
0.299957
0.558195
0.256379
0
1.45102
1.57979
1.23472
1.0957
2.35958
2.37128
2.02459
2.00498
3.01989
2.94608
2.6139
2.68271
3.48942
3.36167
3.04435
3.16959
3.83908
3.68149
3.37352
3.53009
4.12553
3.95338
3.6494
3.8212
4.38479
4.20679
3.90318
4.08115
0.900307
0.764695
0.907269
0.601004
0.466178
0.204798
0
1.93826
1.6557
1.67802
1.33074
1.31364
0.979731
2.71796
2.34251
2.27548
1.92791
1.99812
1.64744
3.27395
2.84536
2.72088
2.38812
2.51443
2.17358
3.6752
3.21821
3.06175
2.74376
2.90126
2.57642
3.9875
3.51579
3.34383
3.03516
3.20777
2.89518
4.257
3.77769
3.59949
3.29487
3.4735
3.16741
4.51098
4.3319
4.02766
3.84789
3.54374
3.72382
3.41977
0.274092
1.34492
2.19532
2.81991
3.26905
3.60755
3.88802
4.14412
0.833038
0.690265
0.237658
1.79986
1.50132
1.11539
2.53348
2.14193
1.84359
3.06228
2.62132
2.39941
3.4484
2.98363
2.81393
3.75252
3.2768
3.13626
4.01766
3.53681
3.40928
4.26934
3.78582
3.66176
0.143863
0.28558
0.133108
0
1.31909
1.39823
1.22206
1.13953
2.26039
2.27805
2.10198
2.08158
2.94928
2.92051
2.75276
2.77972
3.43868
3.37969
3.22024
3.27826
3.79978
3.72358
3.56931
3.64508
4.09176
4.00688
3.85482
3.93952
4.35306
4.26447
4.11268
4.20121
0.753974
0.866601
0.697059
0.581173
0.640443
0.728674
0.578913
0.491125
0.1271
0.247629
0.120391
0
1.82271
1.86954
1.6917
1.64172
1.55529
1.5801
1.40882
1.3842
1.12158
1.17655
1.0125
0.957734
2.634
2.62635
2.45406
2.45941
2.26761
2.24363
2.07133
2.0954
1.93725
1.93563
1.76219
1.76393
3.21443
3.16866
3.00536
3.04978
2.79084
2.73435
2.56884
2.62542
2.55008
2.50788
2.3386
2.38088
3.63109
3.56215
3.40572
3.47399
3.17673
3.10153
2.94302
3.01833
2.99724
2.92994
2.76817
2.83557
3.95154
3.87019
3.71733
3.7984
3.48119
3.39661
3.24256
3.32725
3.33611
3.25533
3.09941
3.1803
4.22457
4.13738
3.98564
4.07271
3.74597
3.65738
3.50525
3.59393
3.61661
3.52954
3.37673
3.46389
4.47949
4.39016
4.23807
4.32739
3.99656
3.90676
3.75482
3.84468
3.87196
3.78254
3.63066
3.72017
0.453949
0.416878
0.535986
0.385603
0.265188
0
1.57906
1.46419
1.5166
1.34475
1.29059
1.05117
2.45492
2.28507
2.2815
2.10872
2.11097
1.92683
3.08755
2.88431
2.84096
2.67523
2.7178
2.58412
3.53833
3.31616
3.24839
3.0899
3.15733
3.05972
3.87741
3.64492
3.56404
3.41012
3.4909
3.41438
4.15888
3.92086
3.83384
3.68186
3.76887
3.70253
4.41642
4.17548
4.08615
3.93433
4.02369
3.96097
1.04356
0.965975
0.886431
0.79919
0.799786
0.852807
0.697659
0.648153
0.503157
0.437667
0.3524
0.304847
0.223949
0.105433
0
2.04978
1.90429
1.75282
1.72874
1.59105
1.58816
1.41322
1.41848
1.24598
1.23895
1.21578
1.07037
1.05012
0.887207
2.79846
2.60966
2.41448
2.43898
2.20994
2.16696
1.99244
2.03685
1.86111
1.89725
1.92221
1.7209
1.74775
1.5716
3.33109
3.11698
2.89786
2.95459
2.67196
2.60416
2.43743
2.50599
2.33713
2.40087
2.45798
2.22993
2.2881
2.11522
3.71794
3.48982
3.25855
3.33379
3.02318
2.94205
2.78291
2.86441
2.70359
2.78266
2.85826
2.62
2.69614
2.5315
4.02281
3.78712
3.54986
3.63441
3.31054
3.22322
3.06881
3.15632
3.00101
3.08748
3.17235
2.93108
3.01622
2.85855
4.2892
4.04948
3.80924
3.89777
3.56822
3.47861
3.32625
3.41598
3.26331
3.35272
3.44152
3.19962
3.28857
3.13489
4.54241
4.45282
4.30061
4.21098
4.0588
4.14851
3.96899
3.81684
3.72675
3.57467
3.66482
3.51276
3.60285
3.6928
3.45079
3.54084
3.38868
0.136801
1.27075
2.18176
2.85164
3.32993
3.68483
3.97342
4.2329
0.725296
0.610791
0.124197
1.75763
1.48364
1.06848
2.54465
2.17092
1.85128
3.11046
2.6809
2.44561
3.51878
3.06053
2.88355
3.83464
3.36222
3.21825
4.10517
3.62575
3.4969
4.35878
3.87572
3.75139
0.434667
0.401034
0.130107
1.52194
1.4053
1.17251
2.3706
2.19791
2.02062
2.98652
2.78063
2.65234
3.42767
3.20362
3.1094
3.76141
3.52785
3.4531
4.03996
3.80151
3.7359
4.29596
4.05495
3.99238
1.00478
0.926677
0.668892
0.844399
0.751286
0.543484
0.369966
0.33092
0.115805
1.97754
1.82954
1.62442
1.67352
1.50455
1.32989
1.28181
1.14563
0.952434
2.70469
2.51304
2.36183
2.31358
2.10305
1.96825
2.01698
1.82373
1.6692
3.22455
3.00816
2.8989
2.78587
2.55589
2.45434
2.56778
2.34548
2.2286
3.60422
3.37464
3.29174
3.14143
2.9037
2.82408
2.97483
2.74004
2.65088
3.90513
3.66872
3.59954
3.43048
3.18999
3.12217
3.29165
3.05218
2.97954
4.16938
3.92945
3.86592
3.68884
3.44736
3.38444
3.56187
3.32077
3.25607
4.4215
4.17972
4.11733
3.93785
3.69579
3.63383
3.81363
3.57186
3.50976
0
0.324555
0.992261
1.87104
2.83846
3.82955
4.8189
5.79975
6.77159
1
1.21786
1.71422
2.41554
3.24479
4.14807
5.09116
6.05331
7.02189
0.125211
0.735389
1.07696
0.5
0.621888
1.3318
1.43477
1.41438
2.13204
2.04461
2.34892
3.03643
2.81807
3.33329
3.98669
3.6897
4.32511
4.95438
4.61619
5.31049
5.92661
5.57078
6.28667
6.89709
6.53741
0.556192
1.0002
1.7137
2.57574
3.50812
4.46939
5.44041
6.41234
0.0688079
0.33249
0.50614
0.25
0.462594
0.804426
0.858316
0.522372
1.19802
1.55943
1.51739
1.15646
2.10801
2.45931
2.35131
1.99778
3.0855
3.41884
3.2712
2.93505
4.0775
4.39619
4.22766
3.9067
5.06499
5.37493
5.19732
4.88588
6.04349
6.34935
6.16957
5.86286
0.211072
0.633899
0.966095
1.13694
0.802628
1.04075
0.75
0.799374
1.15875
1.5179
1.56743
1.20997
1.31773
1.63932
1.91908
2.27204
2.22561
1.87596
1.87373
2.5927
2.80439
3.1405
3.02881
2.69616
2.61336
3.58141
3.74674
4.06779
3.91746
3.59915
3.46529
4.57226
4.71169
5.02322
4.85297
4.54325
4.38111
5.55541
5.68353
5.99034
5.81177
5.50601
5.33051
6.52934
6.83427
6.65487
6.95976
6.77966
6.47519
6.29524
0.276784
0.653319
1.35263
2.22628
3.17623
4.15135
5.13052
6.1063
0.414493
0.873053
0.757454
0.972968
1.35684
1.0791
1.77502
2.06992
1.69146
2.69584
2.91621
2.48114
3.66244
3.83244
3.36834
4.64108
4.78279
4.30482
5.61906
5.74805
5.26435
6.59199
6.71758
6.23275
0.0418564
0.170532
0.260538
0.125
0.390607
0.556242
0.585138
0.421679
1.09363
1.274
1.25309
1.07294
1.98894
2.16618
2.11139
1.93336
2.96185
3.13021
3.05543
2.88603
3.95356
4.11402
4.02899
3.86767
4.94202
5.09753
5.00823
4.85213
5.92169
6.0748
5.98462
5.83118
0.164372
0.310952
0.370102
0.227181
0.591941
0.750736
0.834893
0.676241
0.497017
0.628785
0.748343
0.625
0.708465
0.884647
0.886671
0.711534
1.07754
1.25623
1.28154
1.10327
0.794345
0.966605
1.02027
0.848332
1.52587
1.70604
1.66623
1.48568
1.81535
1.99375
1.97185
1.79391
1.42316
1.60331
1.60323
1.42352
2.4705
2.64347
2.57719
2.40324
2.68959
2.86003
2.80561
2.63559
2.24096
2.41575
2.37579
2.20144
3.45733
3.62141
3.54054
3.37548
3.62724
3.78954
3.71551
3.55354
3.15351
3.31963
3.25401
3.08827
4.44875
4.60636
4.51864
4.3603
4.59048
4.74726
4.66289
4.50633
4.10707
4.26624
4.18611
4.02721
5.43303
5.58708
5.49703
5.34253
5.56197
5.71584
5.62699
5.47325
5.07583
5.23088
5.14371
4.98883
6.40807
6.56062
6.47072
6.31795
6.53364
6.68628
6.5964
6.44382
6.04811
6.20121
6.11153
5.95852
0.0931308
0.301327
0.441901
0.527477
0.388905
0.375
0.539693
0.72652
0.900613
0.92705
0.753945
0.626838
1.30497
1.45482
1.63548
1.61432
1.43378
1.24275
2.22803
2.34229
2.51688
2.46294
2.28806
2.06407
3.20933
3.29739
3.46313
3.38942
3.2233
2.98526
4.20136
4.27376
4.43262
4.34844
4.18929
3.94645
5.18781
5.25276
5.4076
5.31886
5.16383
4.92001
6.16515
6.22787
6.38083
6.29098
6.13791
5.8947
0.2644
0.465353
0.681819
0.521985
0.916973
1.08908
1.17507
1.00151
1.10442
0.935917
0.776901
1.05584
0.894664
1.02473
0.875
0.893997
1.06298
1.2436
1.06432
1.43571
1.6148
1.63922
1.46053
1.49932
1.3204
1.14245
1.3743
1.19601
1.26567
1.75441
1.8856
2.0247
1.84609
2.17005
2.3435
2.31955
2.14729
2.13396
1.95958
1.78245
1.95788
1.78163
1.79253
2.71537
2.81516
2.92003
2.74956
3.02787
3.19277
3.1362
2.97258
2.92275
2.7571
2.58797
2.71493
2.54711
2.51355
3.70549
3.78451
3.86657
3.7043
3.94988
4.10815
4.03244
3.87517
3.8032
3.64463
3.4834
3.57705
3.41699
3.35452
4.69565
4.76349
4.83299
4.67624
4.9029
5.05738
4.97191
4.81808
4.73439
4.57993
4.42388
4.49842
4.34319
4.26432
5.67765
5.741
5.80508
5.65124
5.86917
6.02196
5.93249
5.78006
5.6912
5.53856
5.38512
5.45054
5.29761
5.21071
6.65051
6.80289
6.71316
6.86567
6.77602
6.62342
6.92848
6.83872
6.99093
6.90079
6.74872
6.65853
6.50641
6.35398
6.4163
6.26412
6.17424
0.148158
0.486136
1.17199
2.04916
3.00795
3.99085
4.97488
5.95305
0.265485
0.710461
0.620627
0.796005
1.17785
0.905052
1.59488
1.89277
1.51197
2.52301
2.74729
2.30784
3.49838
3.67131
3.20359
4.48336
4.6267
4.14658
5.46486
5.59453
5.1098
6.43934
6.56507
6.07987
0.195512
0.411806
0.376987
0.63145
0.825001
0.687788
1.37863
1.53341
1.33682
2.28425
2.40193
2.17539
3.25274
3.34302
3.10403
4.23718
4.31091
4.0678
5.22008
5.28572
5.04192
6.19644
6.25941
6.01634
0.363089
0.571464
0.478703
0.79682
1.04281
0.965909
0.648897
0.912277
0.881683
0.977027
1.15184
0.98049
1.33821
1.53603
1.38864
1.03279
1.25618
1.14031
1.81892
1.95425
1.73977
2.0967
2.24441
2.05231
1.69737
1.86933
1.69676
2.76451
2.86708
2.6328
2.97372
3.08214
2.86421
2.52504
2.65137
2.44445
3.74451
3.82527
3.58357
3.90819
3.99138
3.75957
3.4363
3.53042
3.30442
4.72929
4.79811
4.5544
4.86798
4.93761
4.69885
4.38617
4.46137
4.22544
5.70919
5.77299
5.52944
5.83717
5.90097
5.65925
5.35203
5.41801
5.17739
6.68179
6.74458
6.50217
6.80742
6.86986
6.62757
6.32253
6.38526
6.14302
