FiniteElementSpace
FiniteElementCollection: H1_2D_P2
VDim: 2
Ordering: 0

0
-0.00302587
-0.0118899
-0.0240987
-0.0377396
-0.0504733
-0.059797
-0.0651513
-0.0695167
0
-0.00414906
-0.00455833
-0.00914508
-0.0201004
-0.0354382
-0.0501427
-0.0597072
-0.0652578
-0.000554518
-0.00353419
-0.00316052
0
-0.00693197
-0.00773619
-0.00421756
-0.0176866
-0.0160979
-0.00606434
-0.0308748
-0.0286196
-0.013873
-0.0443852
-0.0430545
-0.0274783
-0.0556799
-0.0553758
-0.0432397
-0.0628506
-0.0627123
-0.0556531
-0.0672136
-0.0674854
-0.0626827
-0.00169587
-0.00527216
-0.011325
-0.0219365
-0.0358164
-0.0497533
-0.0596482
-0.0650941
-7.62636e-05
-0.00149993
-0.000658793
0
-0.00483159
-0.00607215
-0.0043559
-0.00348604
-0.0146966
-0.0142658
-0.00938054
-0.00963969
-0.0274578
-0.0261564
-0.0188957
-0.0198388
-0.0411105
-0.0399575
-0.0321798
-0.0329677
-0.053204
-0.0527708
-0.0465084
-0.0467164
-0.0614438
-0.0614052
-0.0576823
-0.0577162
-0.066177
-0.0662261
-0.0639456
-0.0640632
-0.00157055
-0.0026823
-0.00363626
-0.0038322
-0.00206374
-0.0019094
0
-0.0092933
-0.00637824
-0.00605942
-0.00428583
-0.00460883
-0.00422404
-0.0208309
-0.013568
-0.0126103
-0.00739731
-0.00864699
-0.00513017
-0.0343145
-0.0251901
-0.0244139
-0.0168161
-0.0179275
-0.0113079
-0.0475205
-0.0394652
-0.0393439
-0.0314291
-0.0317274
-0.0236759
-0.0578796
-0.0527249
-0.0528461
-0.046843
-0.0465978
-0.0394079
-0.0640658
-0.0613056
-0.0612222
-0.0578477
-0.0577045
-0.0530871
-0.0683217
-0.0685213
-0.0662485
-0.0663875
-0.0639661
-0.0638768
-0.0612926
-0.000590884
-0.00467212
-0.0118243
-0.0229191
-0.0364636
-0.0498608
-0.0597126
-0.0651662
-0.0024532
-0.00299765
-0.000840794
-0.00772258
-0.00522159
-0.00412353
-0.0169453
-0.0104536
-0.00718823
-0.029518
-0.0210418
-0.0151078
-0.043395
-0.0355374
-0.0279957
-0.0553994
-0.0498804
-0.0430596
-0.0628348
-0.0596096
-0.0554571
-0.0673257
-0.0651003
-0.0626152
-2.46419e-05
-0.000448914
-0.00020656
0
-0.00388914
-0.00478503
-0.00405616
-0.00333695
-0.0132688
-0.013194
-0.0106993
-0.0107118
-0.0257694
-0.0251054
-0.0213575
-0.021886
-0.0394347
-0.0387244
-0.0347127
-0.0352821
-0.0518686
-0.0515295
-0.0483141
-0.0485748
-0.0606532
-0.060624
-0.0587536
-0.0587956
-0.0656672
-0.0657021
-0.0646254
-0.0646473
-0.00100056
-0.00214296
-0.00197024
-0.00118375
-0.00220836
-0.00279602
-0.00257566
-0.00182619
-0.000238608
-0.000722555
-0.000304608
0
-0.0080818
-0.00847489
-0.00686513
-0.00649717
-0.00579731
-0.0057749
-0.00489238
-0.00491469
-0.00394092
-0.0042118
-0.00388918
-0.00355181
-0.0192417
-0.0188078
-0.0155774
-0.0159011
-0.0124099
-0.0119915
-0.00950632
-0.0099644
-0.00852162
-0.00826114
-0.00658445
-0.00687346
-0.0325946
-0.0318386
-0.0278239
-0.0284341
-0.0235389
-0.0231103
-0.0194498
-0.0199223
-0.0174649
-0.0169885
-0.0138174
-0.0143376
-0.0459731
-0.0454213
-0.0416868
-0.0421205
-0.0376435
-0.0375126
-0.0336275
-0.0337791
-0.0303865
-0.0300906
-0.0261819
-0.0265152
-0.0568152
-0.0566676
-0.0541222
-0.054239
-0.0512763
-0.0513243
-0.0482754
-0.048196
-0.0448028
-0.0448022
-0.0412186
-0.0412143
-0.0634791
-0.0634963
-0.0621493
-0.062176
-0.0605121
-0.0604716
-0.0586972
-0.0586938
-0.0565721
-0.0565898
-0.0541971
-0.0541325
-0.0677552
-0.0678291
-0.0667666
-0.0667379
-0.0656654
-0.065679
-0.0644874
-0.0644905
-0.0633453
-0.0632875
-0.0619408
-0.0619775
-0.000242269
-0.0010378
-0.00161888
-0.00116331
-0.000634734
0
-0.00584743
-0.00534316
-0.00566195
-0.00479589
-0.00451808
-0.00352687
-0.0161708
-0.0130142
-0.0127513
-0.0103153
-0.0105627
-0.00865514
-0.0291617
-0.0245202
-0.0240037
-0.0203875
-0.0208621
-0.0179219
-0.0427627
-0.038214
-0.0378673
-0.0339923
-0.0342945
-0.03076
-0.0544754
-0.0513479
-0.0512768
-0.0481609
-0.0481912
-0.0448832
-0.0621751
-0.0605946
-0.0605563
-0.0587061
-0.0587267
-0.0565725
-0.0666893
-0.0656966
-0.0656755
-0.0645249
-0.0645758
-0.0634121
-0.00224942
-0.00295559
-0.00312062
-0.00259088
-0.00334505
-0.00382212
-0.00402931
-0.00332782
-0.00354188
-0.00249303
-0.0014703
-0.00264976
-0.00119896
-0.000847264
0
-0.0105639
-0.00864782
-0.0070234
-0.00702751
-0.00560754
-0.00528841
-0.00438773
-0.00472235
-0.00423124
-0.00436963
-0.00435758
-0.00421865
-0.00411707
-0.00420528
-0.0224517
-0.0183671
-0.0147983
-0.0152105
-0.0114885
-0.0108887
-0.00821796
-0.00893011
-0.00667831
-0.00735308
-0.00787481
-0.00554764
-0.0061483
-0.0048004
-0.0360317
-0.0312344
-0.0268855
-0.0273153
-0.0226983
-0.0222859
-0.0184179
-0.0189544
-0.0152986
-0.0159216
-0.0164788
-0.0125406
-0.0132244
-0.0101742
-0.0490223
-0.0450738
-0.0412718
-0.0414189
-0.0374465
-0.0374253
-0.0334333
-0.0335176
-0.029441
-0.0296362
-0.029847
-0.0255533
-0.0258673
-0.0218551
-0.0588736
-0.0565974
-0.0540921
-0.0540837
-0.0514059
-0.0515174
-0.0485369
-0.0483893
-0.0450772
-0.0449498
-0.0448561
-0.0413488
-0.0412669
-0.0374356
-0.0646209
-0.0634697
-0.0620357
-0.062098
-0.0604482
-0.0604616
-0.0588165
-0.0587323
-0.0567964
-0.0566895
-0.0566255
-0.0544194
-0.0542895
-0.0516636
-0.0689106
-0.0690191
-0.0679121
-0.068012
-0.0668537
-0.0667991
-0.0669413
-0.0657293
-0.0658191
-0.0645968
-0.064522
-0.06333
-0.0632683
-0.0632566
-0.0620056
-0.0619454
-0.0605293
-0.000168228
-0.00402898
-0.0119236
-0.0234803
-0.0370062
-0.0500798
-0.0597462
-0.0651819
-0.00163525
-0.00234212
-0.000255024
-0.00745342
-0.00531958
-0.00388503
-0.0173314
-0.0109376
-0.00752924
-0.0301293
-0.0214866
-0.0156262
-0.043786
-0.0356447
-0.0282849
-0.0554897
-0.049797
-0.0430274
-0.0628616
-0.0596205
-0.0554055
-0.0672726
-0.0650812
-0.0626517
-0.000786028
-0.00111563
-0.000227904
-0.00560828
-0.00506647
-0.00400951
-0.0145211
-0.0116226
-0.00957386
-0.0267584
-0.0224097
-0.0193651
-0.0404312
-0.0360796
-0.032519
-0.0529171
-0.0497652
-0.0465607
-0.0614321
-0.05968
-0.0576909
-0.0662177
-0.0651284
-0.0640076
-0.00270969
-0.00305915
-0.00211211
-0.00319486
-0.00360934
-0.00295904
-0.00126739
-0.00191794
-0.000415571
-0.00956195
-0.00780742
-0.0063144
-0.00629084
-0.00497226
-0.00452491
-0.00455023
-0.00423847
-0.00398406
-0.0203276
-0.0165362
-0.0139483
-0.0131255
-0.00986129
-0.00809366
-0.00907262
-0.00670485
-0.0056772
-0.0335581
-0.0290236
-0.0256405
-0.0247883
-0.0205853
-0.0173977
-0.0184217
-0.0145288
-0.0120097
-0.0470195
-0.043166
-0.0396496
-0.0393723
-0.0354741
-0.0315681
-0.0319246
-0.0277326
-0.0240488
-0.0577693
-0.055369
-0.0527176
-0.0527706
-0.0499964
-0.0467054
-0.0465279
-0.0431343
-0.0393607
-0.0640886
-0.0627789
-0.0613596
-0.0612541
-0.0596325
-0.0577538
-0.0576847
-0.0555362
-0.0529503
-0.0684134
-0.0673933
-0.0662295
-0.0662962
-0.0651557
-0.0638974
-0.0638967
-0.062621
-0.0612291
0
0.00520174
0.00733682
0.000963274
-0.0115684
-0.0256398
-0.0368528
-0.0433504
-0.0472259
0
0.0097651
0.00869477
-0.00292117
-0.0198568
-0.0353754
-0.04464
-0.0486178
-0.0522073
0.00175674
0.00827643
0.0064935
0
0.00730973
0.00916804
0.010696
0.00515254
-0.000230812
0.0039505
-0.00479904
-0.015589
-0.0111412
-0.0187199
-0.0308831
-0.0281951
-0.0318034
-0.0411884
-0.0408861
-0.0406576
-0.0461367
-0.046997
-0.0453326
-0.0496117
-0.0502052
0.00421241
0.0101251
0.00555248
-0.00752732
-0.0236229
-0.0368143
-0.0441478
-0.0477638
0.000264224
0.00302291
0.00191138
0
0.00649049
0.00910432
0.00953844
0.00705951
0.00651468
0.00560746
0.00766708
0.00859166
-0.00175442
-0.00610384
-0.00373495
0.000526254
-0.0151359
-0.0213075
-0.0196587
-0.0136226
-0.0288433
-0.0345068
-0.0340379
-0.0284556
-0.0389089
-0.0424724
-0.0428228
-0.0391686
-0.0443954
-0.0465197
-0.0469556
-0.0447435
0.00355265
0.00643992
0.00915095
0.00836099
0.00538663
0.00423763
0
0.00760093
0.00999943
0.00918942
0.0100649
0.0106222
0.0105802
0.00328565
0.0028936
-0.00135615
0.000734174
0.00500832
0.00663278
-0.00809635
-0.0115118
-0.0176208
-0.015492
-0.00917063
-0.0069147
-0.0222446
-0.0273908
-0.0331368
-0.0319705
-0.0258652
-0.024126
-0.0344814
-0.0391955
-0.0429966
-0.0429697
-0.038901
-0.0383559
-0.042124
-0.0452276
-0.0474526
-0.047853
-0.0456667
-0.0459562
-0.0462491
-0.0484006
-0.0486309
-0.050877
-0.0511424
-0.049007
-0.0493785
0.00101369
0.0083904
0.00739016
-0.00263435
-0.01749
-0.031644
-0.040976
-0.0456543
0.00519847
0.00748874
0.00284802
0.00917097
0.0102731
0.010232
0.00329791
0.00205565
0.00741281
-0.00979653
-0.0133691
-0.00513167
-0.0249887
-0.0296635
-0.0218201
-0.037017
-0.041151
-0.0362272
-0.0437073
-0.0466295
-0.044481
-0.0474193
-0.0498748
-0.0482197
-0.000106397
0.000569525
0.000343646
0
0.00590022
0.00756515
0.00779573
0.00624509
0.00699469
0.00703446
0.0080656
0.00806108
-0.000350633
-0.00217084
-0.00101065
0.00078276
-0.0133454
-0.0163481
-0.0155569
-0.0126164
-0.0272689
-0.03031
-0.0300875
-0.0271122
-0.0379206
-0.039974
-0.0401132
-0.0380555
-0.0438913
-0.0450149
-0.0452098
-0.0440428
0.002658
0.00445475
0.0041285
0.00240128
0.00535908
0.0069859
0.00648395
0.00479985
0.000896137
0.00235781
0.00149096
0
0.00752366
0.00849648
0.0092175
0.0083281
0.0101503
0.0101986
0.0105408
0.0104298
0.00898563
0.00993187
0.00977293
0.00874825
0.00427914
0.00334423
0.00451418
0.00544712
0.00428575
0.00253124
0.00359506
0.00534206
0.00849718
0.00760462
0.008384
0.00924382
-0.00642127
-0.00895246
-0.00792805
-0.00544256
-0.00950186
-0.0124148
-0.0112565
-0.00831481
-0.00194136
-0.0043909
-0.00320461
-0.000743445
-0.0204942
-0.0236747
-0.02317
-0.0200617
-0.0255364
-0.0285322
-0.0278005
-0.0247424
-0.017631
-0.0207302
-0.0197335
-0.0165877
-0.0331797
-0.0358051
-0.0358063
-0.0332185
-0.0380539
-0.040195
-0.0400783
-0.037877
-0.0325053
-0.0351482
-0.0347327
-0.0320208
-0.0414242
-0.0429212
-0.0431187
-0.0415829
-0.0447136
-0.0459468
-0.0461707
-0.0449285
-0.0420472
-0.0436748
-0.0437803
-0.0421155
-0.0457867
-0.0468289
-0.0469613
-0.0459154
-0.0481867
-0.0492501
-0.049428
-0.0483881
-0.0465525
-0.0475963
-0.0478381
-0.0468087
0.000938264
0.00196329
0.00362245
0.00305063
0.00147088
0
0.00696347
0.00882516
0.00969192
0.00991809
0.00903385
0.00772122
0.00589908
0.00656767
0.00564199
0.00668165
0.00759842
0.00895551
-0.00324077
-0.00433602
-0.00679418
-0.00560127
-0.00315228
0.000190683
-0.0169308
-0.0194104
-0.0224853
-0.0216597
-0.0185852
-0.0146064
-0.0303565
-0.0331177
-0.0356973
-0.0354745
-0.0328771
-0.0297024
-0.039821
-0.04176
-0.0433286
-0.0435199
-0.0419245
-0.0402093
-0.0448719
-0.0460878
-0.047139
-0.0473566
-0.0463054
-0.0454456
0.00441429
0.00618348
0.00741914
0.00584783
0.00838393
0.00948914
0.00913431
0.00794803
0.00748423
0.00596442
0.00416753
0.00541706
0.00348666
0.00261912
0
0.0075389
0.00895986
0.00966905
0.0096638
0.00982106
0.0090075
0.0094753
0.0102287
0.0104808
0.0107103
0.0105181
0.0107372
0.0104471
0.0102621
0.00217754
0.00196501
0.00138391
0.00314869
0.000401283
-0.00207796
-0.00104258
0.00146014
0.00240609
0.00454727
0.00628425
0.0053675
0.00709086
0.00775054
-0.0098158
-0.0116987
-0.0135451
-0.0106439
-0.0154949
-0.0187047
-0.0176792
-0.0143893
-0.013307
-0.0101077
-0.00712462
-0.00900419
-0.00596831
-0.00488037
-0.0239624
-0.0267529
-0.0291753
-0.0262173
-0.031445
-0.0342493
-0.0337252
-0.0308035
-0.0301262
-0.0270099
-0.023868
-0.0261925
-0.0229459
-0.0220102
-0.0357067
-0.0381366
-0.0402385
-0.0381411
-0.0421221
-0.0438368
-0.0438559
-0.0420731
-0.041985
-0.0399
-0.0376173
-0.0396805
-0.0372915
-0.0369234
-0.0427641
-0.0442458
-0.0456984
-0.0444792
-0.0470531
-0.0480581
-0.0482415
-0.047267
-0.0474432
-0.0463575
-0.0451065
-0.0465072
-0.0452416
-0.04534
-0.0467271
-0.0478139
-0.0478998
-0.0489987
-0.0491038
-0.0480201
-0.0502395
-0.0503546
-0.0515363
-0.0516551
-0.0505068
-0.0506562
-0.0496144
-0.0486066
-0.049779
-0.0488159
-0.0489934
7.22376e-05
0.00696873
0.00761958
-0.000649809
-0.0144793
-0.028744
-0.039055
-0.044543
0.00343938
0.00593316
0.00117527
0.00848667
0.010405
0.00941993
0.00445644
0.00399963
0.00850563
-0.00717317
-0.0103493
-0.00252674
-0.0218854
-0.0266702
-0.0186691
-0.0345529
-0.0390867
-0.0336323
-0.0422829
-0.0454621
-0.0429368
-0.0463657
-0.0488072
-0.0472067
0.00141862
0.00251052
0.000622172
0.00801783
0.00944568
0.00845295
0.00630793
0.0066907
0.00835433
-0.00377211
-0.00494174
-0.0014383
-0.0182124
-0.0205507
-0.0165997
-0.0318024
-0.0343328
-0.0313313
-0.040815
-0.0426618
-0.0411083
-0.0454691
-0.0467209
-0.045884
0.00539741
0.00684302
0.00475992
0.00792946
0.00878528
0.00700587
0.00359374
0.00478996
0.00190416
0.00835316
0.00939192
0.00976231
0.00980897
0.00971008
0.0105654
0.0102697
0.0106727
0.0100523
0.00211653
0.00172247
0.00445753
0.000945977
-0.000257942
0.00306682
0.00654624
0.00589346
0.00813351
-0.0107707
-0.0126171
-0.00869911
-0.0144986
-0.0165495
-0.0122372
-0.00632466
-0.00801305
-0.00398493
-0.0254193
-0.0279947
-0.0243772
-0.0303181
-0.0325746
-0.0289463
-0.0227585
-0.0250065
-0.0208412
-0.0369721
-0.0392206
-0.0369661
-0.0412028
-0.0430042
-0.0410408
-0.0365634
-0.0386516
-0.0358242
-0.0435052
-0.0449806
-0.0439313
-0.0463921
-0.0476718
-0.0468327
-0.0443354
-0.045831
-0.0445806
-0.0473128
-0.0484954
-0.0475701
-0.0497249
-0.051
-0.0500459
-0.0479873
-0.0492058
-0.0484359
