FiniteElementSpace
FiniteElementCollection: L2_2D_P3
VDim: 1
Ordering: 0

0.0105651
0.00485433
0.00644859
0.00905386
0.00353897
0.00245468
0.00442237
0.00698375
0.000836238
0.00103495
0.00242083
0.00410332
0.00066926
0.000757342
0.0013872
0.00208849
0.00485704
0.00468208
0.00444193
0.00424986
0.00358934
0.00347037
0.00330398
0.00316876
0.00228258
0.00221701
0.00212202
0.00204259
0.0015229
0.00148567
0.00142901
0.00137995
0.00258001
0.0024965
0.00238439
0.0022963
0.00198501
0.00192376
0.00184089
0.00177529
0.00133364
0.00129491
0.00124197
0.00119963
0.000929412
0.000903293
0.000867359
0.000838445
0.00177919
0.00177134
0.00175765
0.00174454
0.00137874
0.00137145
0.00135889
0.00134697
0.000931378
0.000925399
0.000915128
0.000905391
0.00064695
0.000642191
0.000633974
0.000626152
0.00180237
0.00181209
0.00182013
0.00182272
0.00136218
0.00136754
0.00137044
0.00136952
0.000890216
0.000892066
0.000891128
0.000887839
0.000602315
0.000602811
0.000600623
0.000596767
0.00167729
0.00164197
0.00159195
0.00155075
0.00124367
0.00121783
0.00118065
0.00114966
0.000793709
0.000778051
0.000754876
0.000735152
0.000528965
0.000519603
0.000505174
0.000492558
0.000849194
0.000784548
0.000703088
0.000643017
0.000642213
0.000595017
0.000535671
0.000492044
0.000430961
0.000401879
0.000365643
0.00033932
0.000310055
0.000291685
0.000269226
0.000253307
0.000112993
9.08673e-05
6.5828e-05
4.95258e-05
9.72012e-05
7.94118e-05
5.94046e-05
4.64533e-05
8.38602e-05
7.03951e-05
5.54669e-05
4.59471e-05
7.91081e-05
6.79366e-05
5.5745e-05
4.81096e-05
0.00605448
0.00596236
0.00581781
0.00568892
0.00454792
0.00445212
0.00430449
0.0041747
0.00294086
0.00285846
0.00273213
0.00262189
0.00197508
0.00191146
0.00181255
0.00172515
0.000118579
0.000110989
0.000105813
0.00010519
0.000213726
0.000194769
0.00017854
0.00017208
0.0006042
0.000558317
0.000511807
0.000485719
0.00108308
0.00101007
0.000931662
0.000883835
0.000236345
7.26033e-05
7.66013e-06
2.51473e-05
0.0002143
8.36381e-05
8.88973e-05
0.000170299
0.00022162
0.000165669
0.000374132
0.000642338
0.000304131
0.000308317
0.000738635
0.00121497
0.00352922
0.00339416
0.00321295
0.00307079
0.00266686
0.00257143
0.00244202
0.00233951
0.00175084
0.00169424
0.0016162
0.00155344
0.00120078
0.00116524
0.00111543
0.00107482
9.2254e-05
8.76331e-05
8.32478e-05
8.0988e-05
9.99068e-05
9.16563e-05
8.39282e-05
8.01022e-05
0.000249378
0.000231086
0.000211997
0.000200739
0.000463542
0.000433774
0.000401023
0.000380274
0.000103486
0.000101517
0.000100758
0.000101491
0.000144713
0.000135805
0.000128625
0.000126303
0.000388627
0.000363841
0.000339028
0.000325441
0.000710489
0.000668849
0.000624186
0.000596992
0.00202333
0.00198409
0.00192972
0.00188573
0.00157073
0.00154072
0.00149875
0.00146451
0.00106522
0.00104507
0.00101655
0.000993008
0.000744423
0.000730112
0.000709716
0.000692775
3.19217e-05
2.89775e-05
2.55274e-05
2.3106e-05
2.05946e-05
1.74036e-05
1.40725e-05
1.20685e-05
8.60432e-05
8.08332e-05
7.54089e-05
7.2207e-05
0.00019366
0.000185693
0.000177094
0.000171781
6.20236e-05
5.71444e-05
5.18489e-05
4.84608e-05
5.42729e-05
4.80933e-05
4.1812e-05
3.81821e-05
0.00014673
0.00013543
0.000123377
0.000115997
0.000290926
0.000273245
0.000253586
0.00024092
0.00174417
0.00175339
0.00176154
0.00176479
0.00133739
0.0013424
0.00134549
0.00134522
0.000890901
0.000892523
0.000891794
0.000889063
0.000611866
0.000612165
0.000610154
0.000606776
9.00403e-06
8.84405e-06
8.30455e-06
7.658e-06
3.5352e-06
3.72045e-06
4.13187e-06
4.59803e-06
6.45131e-05
6.53851e-05
6.72798e-05
6.93357e-05
0.000160741
0.000162368
0.000165661
0.00016911
1.49522e-05
1.40226e-05
1.27084e-05
1.16172e-05
5.26985e-06
4.48598e-06
3.7755e-06
3.46025e-06
6.26698e-05
6.1628e-05
6.10673e-05
6.12382e-05
0.000157082
0.000155555
0.000154719
0.000154953
0.00182063
0.00181335
0.00179877
0.00178373
0.00135858
0.00135213
0.00133927
0.00132606
0.000872809
0.000867992
0.00085814
0.0008479
0.000582686
0.000579388
0.000572125
0.00056433
4.21771e-06
4.75257e-06
5.29242e-06
5.62141e-06
1.04275e-05
1.08985e-05
1.19888e-05
1.3215e-05
8.91655e-05
8.92067e-05
9.04838e-05
9.24182e-05
0.000201891
0.000201412
0.000202516
0.000204705
5.86327e-06
5.75862e-06
5.27754e-06
4.66471e-06
6.41004e-06
6.65074e-06
7.22229e-06
7.87678e-06
7.71326e-05
7.80988e-05
8.03235e-05
8.27891e-05
0.000182745
0.000184534
0.000188317
0.000192352
0.00132795
0.00126855
0.00119027
0.00112991
0.000987963
0.000945135
0.000888433
0.000844552
0.000637974
0.000612402
0.000578352
0.00055193
0.000434365
0.00041906
0.000398618
0.000382785
3.35363e-05
3.63779e-05
4.09837e-05
4.53192e-05
3.67448e-05
3.83842e-05
4.17849e-05
4.54452e-05
9.32479e-05
9.10264e-05
8.98956e-05
9.04371e-05
0.00017605
0.000169187
0.000162402
0.000158897
1.16314e-05
1.36181e-05
1.64789e-05
1.89602e-05
1.93565e-05
2.05741e-05
2.2979e-05
2.55056e-05
9.48061e-05
9.36411e-05
9.36076e-05
9.47548e-05
0.000201547
0.000197585
0.000194372
0.000193431
0.000399583
0.000351402
0.000293254
0.000252324
0.000313677
0.000277399
0.000233906
0.00020353
0.000228224
0.000204284
0.00017608
0.000156791
0.000181763
0.000165041
0.000145848
0.000133145
7.54123e-05
7.31712e-05
7.20437e-05
7.253e-05
6.66831e-05
6.44105e-05
6.32567e-05
6.3731e-05
7.14211e-05
6.71985e-05
6.36675e-05
6.24451e-05
8.73782e-05
8.02004e-05
7.30559e-05
6.9248e-05
6.15887e-05
6.30038e-05
6.63595e-05
7.01709e-05
5.73375e-05
5.78644e-05
6.02242e-05
6.33777e-05
8.57184e-05
8.25588e-05
8.04331e-05
8.03735e-05
0.000133298
0.000125414
0.000117451
0.000113152
9.64382e-06
6.0455e-06
2.66241e-06
1.03747e-06
1.18324e-05
7.97303e-06
4.17244e-06
2.14762e-06
1.54784e-05
1.11215e-05
6.70771e-06
4.20989e-06
1.8892e-05
1.39522e-05
8.9412e-06
6.08419e-06
2.21163e-05
1.70393e-05
1.18201e-05
8.73554e-06
1.95026e-05
1.49623e-05
1.03104e-05
7.57219e-06
1.65683e-05
1.2565e-05
8.49031e-06
6.11621e-06
1.46537e-05
1.09493e-05
7.21232e-06
5.06673e-06
5.9367e-05
5.37321e-05
4.80329e-05
4.47929e-05
5.21624e-05
4.71604e-05
4.22078e-05
3.94853e-05
4.73626e-05
4.23175e-05
3.73208e-05
3.45838e-05
4.71374e-05
4.13905e-05
3.55843e-05
3.23182e-05
0.00668905
0.00649306
0.00622978
0.00600465
0.0052074
0.00502341
0.00475992
0.0045422
0.00337515
0.00326846
0.00311845
0.00299584
0.00212807
0.00211026
0.00208814
0.00207189
0.00164645
0.00161995
0.00162553
0.00163674
0.000812667
0.00083836
0.000875976
0.000901963
0.000239785
0.000265917
0.000295078
0.000312315
9.64408e-05
0.000114179
0.000127005
0.000128833
0.000565888
0.000490457
0.000925873
0.00146625
0.000337989
0.000254666
0.000461224
0.00074864
0.000262133
0.000117809
0.000115892
0.000193993
0.00024719
8.0467e-05
2.04273e-05
3.49254e-05
0.0041544
0.00399575
0.00378119
0.00361174
0.0031044
0.00299463
0.0028441
0.00272374
0.00200658
0.00194392
0.00185591
0.00178408
0.00135853
0.00132105
0.00126687
0.00122166
0.00107249
0.00104522
0.00100509
0.000971128
0.000632508
0.00061942
0.000599483
0.000582123
0.000264396
0.000260864
0.000255525
0.000250851
0.000129256
0.000126968
0.0001248
0.000123691
0.00119049
0.00116472
0.00112402
0.00108785
0.00068672
0.000675833
0.000657041
0.00063936
0.000272898
0.000271838
0.000268863
0.000265426
0.000128753
0.000128561
0.000128788
0.000129318
0.00225659
0.00219666
0.00211541
0.00205095
0.00174627
0.0017015
0.0016403
0.00159139
0.00118084
0.00115172
0.00111151
0.00107904
0.000825262
0.000805096
0.000777092
0.000754352
0.000662394
0.000646116
0.000623475
0.000605042
0.00040613
0.000395905
0.000381729
0.000370177
0.000175117
0.000169602
0.000162286
0.000156504
7.45849e-05
7.03945e-05
6.53583e-05
6.17232e-05
0.000745566
0.000724805
0.000696194
0.00067311
0.000456699
0.000444134
0.000426883
0.000412955
0.000200121
0.000193718
0.000185376
0.000178888
9.18818e-05
8.70105e-05
8.13504e-05
7.74139e-05
0.00174237
0.00174496
0.0017447
0.00174174
0.00134421
0.00134447
0.00134159
0.00133694
0.000902632
0.000901347
0.000897033
0.000891727
0.0006238
0.000622189
0.000617896
0.000612935
0.00049628
0.000494705
0.000490704
0.00048616
0.000297233
0.00029587
0.000292639
0.000289064
0.000115679
0.000114756
0.000112678
0.000110431
3.45102e-05
3.39585e-05
3.27718e-05
3.15149e-05
0.00051626
0.000512194
0.000505125
0.00049837
0.000311578
0.000308713
0.000303693
0.000298873
0.000124085
0.000122407
0.000119504
0.000116733
3.96411e-05
3.8527e-05
3.67624e-05
3.51655e-05
0.00182505
0.00182829
0.00182753
0.00182313
0.00136983
0.00137067
0.00136739
0.00136153
0.000886905
0.000886176
0.000881682
0.000875535
0.000595626
0.000594634
0.000590366
0.000584825
0.000465983
0.000464984
0.00046106
0.000456059
0.000267888
0.000267052
0.00026402
0.000260228
9.41688e-05
9.37318e-05
9.20262e-05
8.98704e-05
2.23569e-05
2.2308e-05
2.16397e-05
2.06837e-05
0.000473352
0.000473401
0.000470948
0.000467141
0.000275128
0.000274712
0.000272281
0.000268981
9.94422e-05
9.89469e-05
9.71569e-05
9.49236e-05
2.51782e-05
2.49288e-05
2.39585e-05
2.27348e-05
0.00152644
0.00147749
0.00141107
0.00135842
0.00113214
0.00109678
0.00104833
0.00100962
0.000724782
0.000703678
0.000674306
0.000650567
0.000486481
0.00047396
0.000456183
0.000441635
0.000381761
0.000372961
0.00036028
0.000349812
0.000222439
0.000218907
0.000213556
0.000209035
8.62241e-05
8.70802e-05
8.8063e-05
8.88404e-05
3.31569e-05
3.56423e-05
3.91815e-05
4.22388e-05
0.0004125
0.000405879
0.000395349
0.000385964
0.000236006
0.000233305
0.00022849
0.000223928
8.464e-05
8.52487e-05
8.5498e-05
8.53704e-05
2.51677e-05
2.70489e-05
2.94576e-05
3.13598e-05
0.000610428
0.00055177
0.000479374
0.000427144
0.000468646
0.000425265
0.000371972
0.000333745
0.000325176
0.00029766
0.000264332
0.000240837
0.000244458
0.000226298
0.000204834
0.000190164
0.000208542
0.0001945
0.000178219
0.000167372
0.000148756
0.000140838
0.000132293
0.000127171
9.78081e-05
9.51248e-05
9.32735e-05
9.31664e-05
7.84592e-05
7.78183e-05
7.86574e-05
8.0625e-05
0.000256601
0.000242916
0.000226462
0.000215056
0.00017109
0.000164211
0.00015652
0.000151726
9.80607e-05
9.69385e-05
9.67779e-05
9.77553e-05
6.99569e-05
7.10339e-05
7.38634e-05
7.72163e-05
4.22404e-05
3.11546e-05
1.93587e-05
1.23121e-05
4.05334e-05
3.08961e-05
2.06032e-05
1.43802e-05
4.10139e-05
3.26486e-05
2.37157e-05
1.82709e-05
4.3512e-05
3.55786e-05
2.71408e-05
2.20052e-05
4.41646e-05
3.64578e-05
2.82057e-05
2.31218e-05
4.25954e-05
3.56328e-05
2.82106e-05
2.36463e-05
4.19708e-05
3.55799e-05
2.88066e-05
2.46568e-05
4.26436e-05
3.63831e-05
2.97621e-05
2.57096e-05
7.65764e-05
6.64575e-05
5.54596e-05
4.85953e-05
6.87345e-05
6.05587e-05
5.18398e-05
4.65198e-05
6.27989e-05
5.62627e-05
4.9482e-05
4.5488e-05
6.15375e-05
5.55962e-05
4.95267e-05
4.60241e-05
0.00558028
0.00540624
0.00516037
0.0049589
0.00410033
0.0039786
0.00380302
0.00365672
0.00258045
0.00251165
0.00240815
0.00231915
0.0017009
0.00166224
0.00160004
0.0015441
0.00131722
0.00129098
0.00124652
0.00120523
0.000744147
0.000733538
0.000712997
0.000692521
0.000278662
0.000278776
0.000276365
0.000272727
0.000124009
0.000124934
0.000126407
0.000127768
0.00153992
0.00148629
0.0014049
0.00133478
0.000853868
0.000828591
0.000788545
0.00075304
0.000303387
0.0002979
0.000289063
0.000281123
0.000132474
0.000128386
0.000125535
0.00012504
0.000103564
0.000101807
0.000101682
0.000103241
0.00016754
0.000157391
0.000149666
0.000147723
0.00047257
0.000443538
0.000414997
0.000399887
0.000860804
0.000812534
0.000761449
0.000731017
0.00111529
0.00105474
0.000989427
0.000949385
0.0016819
0.00159478
0.00149818
0.00143662
0.00260096
0.00247357
0.00232857
0.00223299
0.00343539
0.00327278
0.00308514
0.00295936
0.00137572
0.00129263
0.00120159
0.00114426
0.00200447
0.00190448
0.00179423
0.00172436
0.00299546
0.00287817
0.00274879
0.00266692
0.00387239
0.00374728
0.00360968
0.00352308
8.09099e-05
9.30492e-05
0.000106363
0.000113414
0.000202245
0.000206948
0.000215262
0.000223514
0.000648393
0.000639122
0.000637605
0.000642351
0.0012239
0.00118867
0.00116376
0.00114894
0.00159312
0.00153525
0.00147506
0.00144248
0.00239762
0.00227245
0.0021342
0.00204671
0.00356081
0.00336382
0.0031434
0.00300036
0.00450934
0.00426212
0.00400925
0.00385277
0.000366811
0.000444656
0.00102492
0.00165696
0.00054598
0.000744698
0.00175587
0.00287406
0.00183873
0.00161745
0.00302225
0.0045655
0.00447108
0.00285228
0.0042395
0.00579998
0.00300285
0.00289373
0.0027477
0.00263335
0.00229173
0.00221313
0.00210702
0.00202324
0.00152444
0.00147621
0.00141029
0.00135763
0.00105577
0.00102427
0.000980791
0.000945761
0.000844565
0.000820042
0.000786083
0.000758609
0.000513985
0.000499908
0.000480426
0.000464613
0.000225675
0.000219182
0.000210723
0.000204143
0.000108788
0.000103922
9.84652e-05
9.48273e-05
0.000955454
0.000928562
0.000890574
0.000859377
0.000574083
0.000559759
0.000539335
0.000522374
0.000248231
0.0002427
0.000235273
0.000229343
0.000122199
0.000118208
0.000113953
0.000111304
7.84325e-05
7.3313e-05
6.8029e-05
6.4883e-05
7.63855e-05
6.89819e-05
6.1706e-05
5.77431e-05
0.000192892
0.000178126
0.000162503
0.00015307
0.000367354
0.00034381
0.000317711
0.000300984
0.00048616
0.000457
0.000424142
0.000402657
0.000754888
0.000713364
0.000665391
0.000633082
0.00119954
0.00113793
0.00106508
0.00101472
0.00160611
0.00152616
0.00143047
0.00136345
0.000607729
0.000570627
0.000529088
0.000502181
0.000932743
0.000879535
0.000818425
0.000777585
0.00146938
0.00139043
0.00129757
0.00123379
0.0019604
0.00185816
0.00173639
0.00165156
0.000100936
9.75132e-05
9.48168e-05
9.39793e-05
0.00012305
0.000114365
0.000106747
0.000103522
0.000315104
0.000293446
0.000271259
0.000258591
0.000578662
0.000542745
0.000503659
0.000479315
0.000754372
0.000709325
0.000659381
0.000627487
0.00114887
0.00108388
0.00100989
0.00096102
0.00179731
0.00170097
0.00158856
0.00151208
0.00238992
0.00226552
0.00211843
0.00201685
0.00092335
0.000870897
0.000813504
0.000777558
0.00139918
0.00132326
0.00123787
0.00118238
0.00217674
0.00206449
0.00193491
0.00184794
0.0028856
0.00274111
0.00257199
0.00245659
0.00186845
0.00184661
0.00181481
0.00178797
0.0014511
0.00143366
0.001408
0.00138615
0.000983645
0.000971315
0.00095289
0.000937011
0.000685877
0.000676817
0.000663149
0.000651272
0.000548767
0.000541261
0.000529873
0.000519929
0.000333485
0.000328497
0.000320881
0.00031419
0.000136338
0.000133517
0.000129314
0.000125667
4.76789e-05
4.56615e-05
4.29268e-05
4.07181e-05
0.000596859
0.000585166
0.000568451
0.000554521
0.000364777
0.000357225
0.000346429
0.000337403
0.000153381
0.000149184
0.000143393
0.000138659
5.93884e-05
5.62589e-05
5.23277e-05
4.93614e-05
2.16149e-05
1.97931e-05
1.75282e-05
1.58406e-05
1.07097e-05
8.88019e-06
7.01125e-06
5.93129e-06
7.03213e-05
6.74761e-05
6.47664e-05
6.34093e-05
0.000168998
0.000164674
0.000160401
0.000158126
0.000238858
0.000233578
0.000228251
0.000225316
0.000398678
0.000391407
0.000383827
0.000379431
0.000661153
0.000650716
0.000639472
0.000632632
0.000898927
0.000885761
0.000871346
0.000862377
0.000269396
0.000259658
0.00024897
0.000242226
0.000442168
0.0004286
0.000413296
0.000403306
0.000726402
0.000706512
0.000683492
0.000668003
0.000984085
0.000958469
0.000928428
0.00090791
4.57874e-05
4.17251e-05
3.71459e-05
3.40713e-05
3.52701e-05
3.05601e-05
2.56719e-05
2.27518e-05
0.000111217
0.000103151
9.45591e-05
8.93047e-05
0.000233571
0.000221131
0.00020737
0.000198559
0.000318875
0.000303629
0.0002865
0.00027533
0.000512937
0.000491549
0.000466899
0.000450343
0.000833123
0.000801542
0.000764281
0.000738596
0.0011242
0.00108327
0.00103439
0.00100026
0.00039031
0.000368542
0.000343958
0.00032782
0.000615783
0.000585022
0.000549406
0.000525345
0.000988692
0.000943116
0.000889126
0.00085172
0.00132882
0.00126966
0.00119872
0.00114894
0.00176962
0.00178132
0.00179236
0.00179755
0.0013473
0.00135406
0.00135914
0.00136014
0.000889178
0.000891847
0.000892233
0.000890157
0.000606292
0.000607266
0.000605912
0.000602857
0.00047867
0.000479072
0.000477257
0.000474075
0.000281348
0.000281093
0.000278992
0.000276035
0.000104544
0.000104065
0.000102346
0.000100208
2.81418e-05
2.78614e-05
2.68638e-05
2.56301e-05
0.000485071
0.000484972
0.000482701
0.000479328
0.000288001
0.000287481
0.000285185
0.0002822
0.000109646
0.000109083
0.00010735
0.000105273
3.10565e-05
3.07389e-05
2.97521e-05
2.85732e-05
7.42711e-06
7.29753e-06
6.76682e-06
6.10367e-06
4.81766e-06
5.07303e-06
5.5997e-06
6.17305e-06
7.03048e-05
7.14036e-05
7.36827e-05
7.61024e-05
0.000170819
0.000172876
0.000176858
0.000180934
0.000241313
0.000243998
0.00024906
0.000254169
0.000404087
0.000408339
0.00041599
0.000423499
0.000674249
0.000681499
0.00069373
0.000705266
0.000923369
0.00093378
0.000950654
0.000966154
0.000228586
0.000230707
0.000234877
0.000239181
0.000385006
0.000388397
0.000394712
0.000401031
0.000643627
0.000649514
0.000659682
0.000669417
0.000880722
0.000889294
0.000903433
0.000916573
1.11485e-05
1.07659e-05
1.00199e-05
9.27175e-06
3.29948e-06
3.17636e-06
3.21827e-06
3.41718e-06
6.13601e-05
6.15447e-05
6.25148e-05
6.38297e-05
0.000155242
0.000155688
0.000157377
0.000159534
0.000221714
0.00022233
0.000224447
0.000227094
0.000374634
0.000375794
0.000379042
0.000382878
0.000626532
0.000628936
0.000634334
0.000640224
0.000856162
0.00086006
0.000867825
0.000875849
0.000224048
0.000222205
0.000221148
0.00022136
0.00037769
0.0003753
0.000373894
0.00037412
0.000630136
0.00062709
0.000625304
0.000625605
0.00085927
0.000855899
0.000854073
0.000854639
0.00177456
0.00175385
0.00172205
0.0016941
0.00131863
0.0013029
0.00127821
0.00125619
0.000842805
0.000832814
0.000816456
0.000801464
0.000560942
0.000554762
0.000543974
0.000533708
0.000436636
0.000432145
0.000423927
0.000415911
0.000248238
0.000246235
0.000241948
0.000237458
8.57957e-05
8.59825e-05
8.53746e-05
8.43226e-05
2.11382e-05
2.22481e-05
2.33823e-05
2.4072e-05
0.000454234
0.000451667
0.000445729
0.000439241
0.000258945
0.00025756
0.00025387
0.000249642
8.92881e-05
8.90832e-05
8.77707e-05
8.60028e-05
2.05832e-05
2.09977e-05
2.104e-05
2.07257e-05
6.22779e-06
7.44459e-06
9.05613e-06
1.03668e-05
1.39301e-05
1.47388e-05
1.64239e-05
1.82377e-05
9.29291e-05
9.23658e-05
9.29839e-05
9.45184e-05
0.000204839
0.000202662
0.00020167
0.000202344
0.000282136
0.000278847
0.000276701
0.000276715
0.000461179
0.0004555
0.000450784
0.000449224
0.000762421
0.000753302
0.000744834
0.000740945
0.00104547
0.00103356
0.00102204
0.00101626
0.000279926
0.000279076
0.000280001
0.000282285
0.000460496
0.00045894
0.000459527
0.000461985
0.000763068
0.000760797
0.000761206
0.000764104
0.00104608
0.00104353
0.00104417
0.00104772
4.50393e-06
4.58997e-06
4.42362e-06
4.1065e-06
8.15387e-06
8.43737e-06
9.15968e-06
1.00027e-05
8.37211e-05
8.43013e-05
8.61516e-05
8.84256e-05
0.000193893
0.000194795
0.000197569
0.000200939
0.000270417
0.000271518
0.000274851
0.000278882
0.000447382
0.00044907
0.000453764
0.000459287
0.000742985
0.000746057
0.00075331
0.000761375
0.00101828
0.00102302
0.00103303
0.00104367
0.000256429
0.000258754
0.000263522
0.000268535
0.000426727
0.000430406
0.000437524
0.000444781
0.000710338
0.000716663
0.000727953
0.000738967
0.000973246
0.000982402
0.000997949
0.00101267
0.00109567
0.00103073
0.000947144
0.000884168
0.000820287
0.00077328
0.000712723
0.000667096
0.000537826
0.000509439
0.000472962
0.00044562
0.000374578
0.000357222
0.000335137
0.000318822
0.000302674
0.00029012
0.000274304
0.00026279
0.000190507
0.000184818
0.000178027
0.000173462
9.4715e-05
9.47765e-05
9.57056e-05
9.72019e-05
5.76791e-05
5.98929e-05
6.38597e-05
6.78503e-05
0.000344855
0.000334007
0.000319505
0.000308314
0.000207423
0.000202887
0.000196893
0.000192407
9.00614e-05
9.07807e-05
9.20673e-05
9.34614e-05
4.45547e-05
4.72166e-05
5.13752e-05
5.52187e-05
4.79283e-05
5.03979e-05
5.48461e-05
5.93055e-05
4.74067e-05
4.87318e-05
5.19464e-05
5.5633e-05
9.01942e-05
8.75069e-05
8.58997e-05
8.61762e-05
0.000155947
0.000148312
0.000140614
0.000136481
0.000201178
0.000190081
0.000178096
0.000170837
0.000307577
0.000288656
0.00026681
0.000252225
0.000495754
0.0004643
0.000426663
0.00040036
0.000679034
0.000636154
0.000584114
0.000547128
0.000233113
0.000223029
0.000212289
0.000205926
0.000366476
0.000349162
0.000329378
0.000316342
0.000597436
0.000568716
0.000534647
0.000511074
0.000819335
0.000780353
0.000733414
0.000700345
2.09038e-05
2.35169e-05
2.74941e-05
3.10826e-05
2.70534e-05
2.86057e-05
3.16622e-05
3.48709e-05
9.48477e-05
9.31265e-05
9.25066e-05
9.33227e-05
0.000191731
0.000186137
0.000180901
0.000178497
0.000258533
0.000250265
0.00024181
0.00023713
0.000413976
0.000399759
0.000383981
0.000373988
0.000679493
0.000656033
0.000628841
0.000610554
0.000932128
0.000900478
0.000863145
0.00083748
0.000275185
0.000269298
0.00026386
0.000261422
0.000446049
0.000435927
0.000425459
0.000419516
0.000735263
0.000718709
0.000700544
0.000689205
0.0010085
0.00098638
0.00096153
0.000945492
0.000231478
0.000196261
0.00015489
0.000126668
0.00018804
0.000160839
0.000129129
0.000107684
0.000146493
0.000127526
0.000105815
9.14438e-05
0.000125694
0.000111431
9.54817e-05
8.52256e-05
0.000116071
0.000103919
9.05051e-05
8.2018e-05
9.64236e-05
8.77124e-05
7.84631e-05
7.2915e-05
8.02535e-05
7.45067e-05
6.8874e-05
6.59005e-05
7.49186e-05
7.03332e-05
6.61415e-05
6.42115e-05
0.000160849
0.000147329
0.000132086
0.000122234
0.0001236
0.000115009
0.000105874
0.000100447
9.21339e-05
8.77913e-05
8.39672e-05
8.24285e-05
8.06121e-05
7.7949e-05
7.62738e-05
7.63442e-05
7.1331e-05
6.71337e-05
6.34255e-05
6.18493e-05
6.26616e-05
5.88369e-05
5.55781e-05
5.43211e-05
6.07153e-05
5.59823e-05
5.16308e-05
4.96126e-05
6.63544e-05
5.98516e-05
5.33742e-05
4.98726e-05
6.91294e-05
6.13618e-05
5.33835e-05
4.88504e-05
7.7032e-05
6.63127e-05
5.4678e-05
4.75003e-05
0.000101356
8.5039e-05
6.65321e-05
5.44365e-05
0.000130956
0.000108992
8.35934e-05
6.65987e-05
9.75256e-05
8.8223e-05
7.84843e-05
7.28229e-05
0.000122877
0.000108664
9.27789e-05
8.26032e-05
0.000177916
0.000155132
0.000128558
0.00011057
0.000237445
0.000206377
0.000169506
0.000144021
7.16234e-05
7.13837e-05
7.278e-05
7.51944e-05
6.44404e-05
6.37142e-05
6.45559e-05
6.6596e-05
7.96046e-05
7.59315e-05
7.31711e-05
7.2623e-05
0.000109962
0.000102276
9.45688e-05
9.04403e-05
0.000130352
0.000119803
0.000108557
0.000101861
0.000179594
0.000162479
0.000142962
0.000130138
0.000274892
0.000246783
0.000213445
0.00019041
0.000372553
0.000334089
0.000287754
0.000255137
0.000165829
0.000154608
0.000142504
0.000135181
0.000243114
0.000224295
0.000202598
0.000188142
0.000384417
0.000353201
0.00031587
0.000289807
0.000524811
0.000482129
0.000430343
0.000393563
6.76364e-07
2.97838e-07
1.09441e-07
2.10249e-07
1.49535e-06
7.85094e-07
2.26462e-07
1.32336e-07
2.99817e-06
1.67933e-06
5.95194e-07
2.77058e-07
4.48099e-06
2.48758e-06
9.86594e-07
5.58889e-07
4.72534e-06
2.59171e-06
8.96697e-07
4.45332e-07
5.24715e-06
2.84356e-06
8.83832e-07
2.80188e-07
6.01195e-06
3.25721e-06
9.6722e-07
1.76034e-07
6.64448e-06
3.64547e-06
1.1182e-06
1.85077e-07
1.98964e-05
1.47802e-05
9.54052e-06
6.49955e-06
2.04818e-05
1.54316e-05
1.02418e-05
7.20177e-06
2.15137e-05
1.64405e-05
1.12203e-05
8.14198e-06
2.2541e-05
1.73554e-05
1.20192e-05
8.86378e-06
6.54765e-06
3.5791e-06
1.07931e-06
1.63225e-07
5.59098e-06
2.97218e-06
8.21376e-07
1.14591e-07
4.44722e-06
2.3015e-06
6.12115e-07
1.7425e-07
3.6706e-06
1.87653e-06
5.40101e-07
3.1086e-07
3.27535e-06
1.68188e-06
5.9719e-07
4.18153e-07
1.79861e-06
9.28852e-07
2.80565e-07
1.89836e-07
5.64169e-07
2.44987e-07
4.11109e-08
1.0394e-07
1.78071e-07
4.3532e-08
5.47921e-08
2.20252e-07
1.2983e-05
9.62875e-06
6.30865e-06
4.46148e-06
8.81473e-06
6.32451e-06
3.89012e-06
2.56083e-06
4.81605e-06
3.08137e-06
1.50517e-06
7.64664e-07
2.87091e-06
1.51435e-06
4.43545e-07
1.20227e-07
4.15462e-05
3.54886e-05
2.91039e-05
2.52115e-05
3.66347e-05
3.12632e-05
2.56555e-05
2.22764e-05
3.20122e-05
2.70989e-05
2.20158e-05
1.8995e-05
2.97626e-05
2.48734e-05
1.98362e-05
1.68722e-05
2.7268e-05
2.25136e-05
1.77083e-05
1.49729e-05
2.18274e-05
1.7346e-05
1.28325e-05
1.02874e-05
1.83627e-05
1.34741e-05
8.55169e-06
5.82285e-06
1.84423e-05
1.27385e-05
6.98995e-06
3.84481e-06
4.5797e-05
3.95951e-05
3.33052e-05
2.97607e-05
4.36521e-05
3.63582e-05
2.8731e-05
2.42432e-05
4.86625e-05
3.86933e-05
2.78851e-05
2.12288e-05
5.85009e-05
4.5554e-05
3.12502e-05
2.22441e-05
