FiniteElementSpace
FiniteElementCollection: H1_2D_P2
VDim: 2
Ordering: 0

0
0.885873
1.75985
2.6129
3.42761
4.18583
4.88387
5.54445
6.20422
0
1.08416
2.10792
3.06638
3.97301
4.82009
5.58909
6.28575
6.95034
0.444931
0.989642
0.54549
0
1.32461
1.9393
1.60521
2.18994
2.84515
2.59417
3.02631
3.70696
3.52606
3.81456
4.51059
4.4053
4.54158
5.24263
5.21491
5.2165
5.91744
5.94453
5.87266
6.57729
6.61887
0.498536
1.47022
2.39743
3.28215
4.11724
4.88554
5.58488
6.24644
0.223693
0.474434
0.24981
0
1.10557
1.40012
1.23136
0.940425
1.97566
2.29567
2.16968
1.85197
2.82096
3.15583
3.06506
2.73071
3.62299
3.96797
3.91408
3.56904
4.36556
4.71608
4.70039
4.35059
5.05109
5.40257
5.41532
5.0656
5.70826
6.06006
6.08201
5.73217
0.665674
0.745258
1.03667
0.816773
0.521118
0.271217
0
1.54276
1.70618
2.02396
1.85878
1.53776
1.34702
2.40245
2.62258
2.95682
2.8319
2.49649
2.35294
3.22863
3.49621
3.84156
3.75122
3.40548
3.29776
4.00218
4.31616
4.66685
4.61506
4.2629
4.19116
4.71421
5.06619
5.41666
5.40453
5.05145
5.02009
5.38073
5.75199
6.10151
6.11656
5.76503
5.76892
6.03799
6.3908
6.41136
6.76369
6.78445
6.43239
6.45291
0.24029
1.17122
2.07486
2.94462
3.77044
4.53546
5.23536
5.896
0.707965
0.780628
0.258715
1.62705
1.78267
1.28909
2.51433
2.72812
2.26183
3.36407
3.6252
3.18263
4.16141
4.4672
4.05424
4.89267
5.23638
4.86163
5.56793
5.93438
5.59269
6.22489
6.59767
6.26725
0.113764
0.233249
0.121482
0
0.995789
1.13928
1.05605
0.914023
1.86792
2.0259
1.96367
1.80664
2.71724
2.88321
2.83799
2.67226
3.52576
3.69722
3.6702
3.49878
4.27617
4.45123
4.44356
4.26889
4.96775
5.14387
5.15083
4.97543
5.6263
5.80239
5.81409
5.63868
0.555395
0.687646
0.59127
0.460487
0.62217
0.762974
0.651305
0.509751
0.124895
0.254227
0.128
0
1.4338
1.58571
1.51383
1.36322
1.58856
1.7446
1.66068
1.50414
1.11085
1.26035
1.16335
1.01324
2.29643
2.4589
2.40528
2.24338
2.51033
2.67563
2.61268
2.44721
2.05483
2.21599
2.14331
1.98184
3.12786
3.29678
3.26034
3.09148
3.38958
3.56109
3.51574
3.34417
2.95545
3.12418
3.07009
2.90129
3.90887
4.08242
4.06521
3.89183
4.21725
4.3921
4.36562
4.1905
3.81099
3.98457
3.94838
3.77466
4.6283
4.80417
4.80486
4.62957
4.97641
5.15161
5.14452
4.96886
4.60607
4.7814
4.76485
4.58913
5.29872
5.47481
5.48543
5.3101
5.66869
5.8433
5.85003
5.67513
5.32941
5.50424
5.50517
5.32993
5.95518
6.13149
6.14236
5.96651
6.32881
6.5045
6.51498
6.33942
5.99979
6.17466
6.1845
6.00954
0.334273
0.357531
0.48694
0.374379
0.245305
0
1.21518
1.28591
1.43565
1.35115
1.20176
0.965484
2.083
2.18553
2.34696
2.28388
2.12271
1.89609
2.92398
3.05058
3.21939
3.17397
3.00523
2.78832
3.71926
3.8697
4.04309
4.01617
3.84271
3.63843
4.45402
4.62628
4.80133
4.79354
4.61845
4.43111
5.13398
5.31924
5.49408
5.50045
5.32576
5.15458
5.79035
5.97797
6.15335
6.1642
5.98916
5.82503
0.77582
0.824381
0.867764
0.727046
0.909088
1.06021
0.951024
0.798463
0.681539
0.533003
0.39014
0.408788
0.264362
0.133193
0
1.65145
1.73976
1.82309
1.66708
1.90376
2.06591
1.98389
1.82064
1.73257
1.57135
1.4139
1.47671
1.31788
1.21618
2.50794
2.62282
2.7342
2.56886
2.84283
3.01182
2.94953
2.78016
2.71345
2.54542
2.37955
2.47401
2.30742
2.23093
3.32855
3.46699
3.60202
3.43055
3.73382
3.90767
3.86256
3.68857
3.63905
3.46609
3.29443
3.4123
3.24047
3.18245
4.0945
4.25654
4.41394
4.23929
4.56762
4.74381
4.7182
4.54151
4.51077
4.33449
4.1591
4.29877
4.12309
4.08257
4.79938
4.97956
5.15491
4.97993
5.32708
5.50299
5.49743
5.32064
5.31038
5.13343
4.95716
5.11817
4.94116
4.92075
5.46261
5.65014
5.83488
5.66026
6.01817
6.19352
6.20146
6.0254
6.03095
5.85477
5.67928
5.85722
5.68086
5.67957
6.12099
6.29752
6.30771
6.48408
6.49417
6.31818
6.67047
6.68056
6.85694
6.8673
6.69095
6.70165
6.52549
6.34985
6.53598
6.35994
6.36952
0.119111
1.02681
1.91648
2.77805
3.59846
4.36056
5.05997
5.72052
0.574133
0.636725
0.126432
1.47465
1.62479
1.13721
2.35139
2.56177
2.09929
3.19452
3.45303
3.01309
3.98763
4.29186
3.88009
4.71731
5.06081
4.68587
5.3926
5.75951
5.41755
6.04887
6.42188
6.09219
0.34679
0.366387
0.123378
1.25142
1.31901
1.08391
2.13487
2.23513
2.00969
2.9877
3.11266
2.8971
3.79501
3.94341
3.74104
4.54088
4.71044
4.52534
5.22722
5.41024
5.24057
5.88436
6.07121
5.90713
0.800953
0.846513
0.607159
0.88849
0.929832
0.666161
0.382155
0.399093
0.129861
1.69637
1.78189
1.55167
1.86362
1.94376
1.69651
1.38267
1.44515
1.18957
2.56586
2.6789
2.45821
2.78881
2.89637
2.66319
2.33196
2.42684
2.18712
3.39821
3.53492
3.32536
3.66831
3.79856
3.57774
3.23455
3.35366
3.12652
4.17617
4.33576
4.14173
4.4912
4.64327
4.43857
4.08805
4.22932
4.01587
4.89019
5.06772
4.89115
5.2413
5.41241
5.22766
4.87573
5.03794
4.84312
5.55681
5.74277
5.57739
5.92662
6.10972
5.94045
5.59007
5.76827
5.59246
6.21438
6.40098
6.23566
6.58734
6.77385
6.60819
6.25704
6.44277
6.27688
0
-0.120789
-0.386233
-0.766013
-1.23262
-1.78488
-2.4246
-3.13502
-3.87871
1
0.866121
0.55937
0.133348
-0.387326
-1.00583
-1.71067
-2.46074
-3.21283
-0.0470616
0.393205
0.95371
0.5
-0.236266
0.100712
0.731162
-0.564321
-0.305254
0.358617
-0.988942
-0.799385
-0.115097
-1.49767
-1.38583
-0.684307
-2.0943
-2.06131
-1.34951
-2.77293
-2.7955
-2.08319
-3.50553
-3.5454
-2.83818
0.477702
0.2645
-0.0907065
-0.541324
-1.08068
-1.71375
-2.42377
-3.17092
-0.0274911
0.221906
0.499929
0.25
-0.173764
0.0184729
0.3338
0.141757
-0.472094
-0.324514
0.00810238
-0.13928
-0.874891
-0.762263
-0.420604
-0.53279
-1.36241
-1.28641
-0.937062
-1.0131
-1.93686
-1.90229
-1.54709
-1.58299
-2.59675
-2.59806
-2.24102
-2.24198
-3.31958
-3.33848
-2.98307
-2.96541
-0.0783055
0.441512
0.634424
0.916546
0.720903
0.976219
0.75
-0.307373
0.186461
0.333553
0.649302
0.501965
0.803857
-0.662414
-0.195251
-0.0833155
0.248901
0.136946
0.462254
-1.10816
-0.667528
-0.590935
-0.248167
-0.325748
0.0120324
-1.63848
-1.2303
-1.19338
-0.842094
-0.880053
-0.532692
-2.25698
-1.88534
-1.8838
-1.52827
-1.52924
-1.17514
-2.95257
-2.60883
-2.62682
-2.2717
-2.25165
-1.89592
-3.69213
-3.7121
-3.35852
-3.37896
-3.02585
-3.00391
-2.64972
0.244087
0.0849452
-0.228803
-0.644903
-1.14687
-1.7399
-2.41827
-3.15158
0.18777
0.684087
0.744005
-0.0565862
0.421698
0.57328
-0.425945
0.0296161
0.238412
-0.884949
-0.455419
-0.201757
-1.43178
-1.03374
-0.732448
-2.0698
-1.70449
-1.35868
-2.78067
-2.43868
-2.06644
-3.5255
-3.19184
-2.81542
-0.0172932
0.110245
0.249259
0.125
-0.146056
-0.043144
0.114623
0.0119438
-0.428353
-0.349681
-0.183231
-0.261914
-0.819818
-0.759181
-0.588192
-0.648699
-1.29685
-1.25389
-1.07928
-1.1221
-1.86018
-1.83787
-1.66075
-1.68333
-2.51013
-2.50745
-2.32965
-2.33312
-3.22709
-3.23574
-3.05836
-3.05036
-0.0612966
0.0563727
0.206362
0.0890506
0.461183
0.564129
0.704179
0.600755
0.503084
0.623362
0.749062
0.625
-0.270824
-0.181029
-0.0180477
-0.107804
0.226506
0.30505
0.462882
0.384286
0.364814
0.454682
0.605208
0.515047
-0.61268
-0.543477
-0.374537
-0.443695
-0.14228
-0.0820986
0.0839963
0.0238848
0.0552218
0.12408
0.286813
0.218024
-1.04791
-0.995802
-0.822934
-0.874867
-0.60373
-0.560837
-0.389862
-0.432891
-0.36226
-0.31052
-0.141845
-0.1936
-1.56738
-1.53445
-1.35837
-1.39131
-1.15475
-1.13141
-0.956141
-0.979748
-0.867488
-0.834129
-0.660933
-0.694529
-2.175
-2.1631
-1.98544
-1.99789
-1.79896
-1.7944
-1.61632
-1.62094
-1.46577
-1.45231
-1.27534
-1.28901
-2.86236
-2.86672
-2.68906
-2.68552
-2.51606
-2.52345
-2.34498
-2.33734
-2.15075
-2.15331
-1.97475
-1.97209
-3.5988
-3.60891
-3.43201
-3.42215
-3.26478
-3.2751
-3.09796
-3.08729
-2.88921
-2.89906
-2.7211
-2.71092
-0.0357818
0.234438
0.351464
0.490683
0.37361
0.375
-0.203911
0.0528433
0.142573
0.300312
0.210577
0.268808
-0.517467
-0.275918
-0.206841
-0.0405572
-0.109528
-0.0183913
-0.931286
-0.702925
-0.651099
-0.480286
-0.532055
-0.418312
-1.42936
-1.21592
-1.18289
-1.00813
-1.04129
-0.905556
-2.01491
-1.82044
-1.80755
-1.62977
-1.64297
-1.48382
-2.68437
-2.50777
-2.51074
-2.33206
-2.3294
-2.15133
-3.41244
-3.24497
-3.25469
-3.07699
-3.06729
-2.88039
-0.0982085
0.166174
0.418819
0.316096
0.660778
0.751426
0.892942
0.801529
0.936912
0.838459
0.734215
0.966968
0.861463
0.985764
0.875
-0.345907
-0.0970332
0.144495
0.0659193
0.378554
0.447324
0.605288
0.536437
0.691315
0.617576
0.538818
0.768749
0.689654
0.836404
-0.713561
-0.478703
-0.249578
-0.309865
-0.0261561
0.0256486
0.191845
0.139932
0.304497
0.248509
0.188439
0.411216
0.351124
0.511664
-1.16974
-0.948333
-0.73274
-0.775547
-0.522434
-0.488547
-0.316967
-0.351212
-0.180874
-0.219836
-0.26305
-0.0507958
-0.0942588
0.073412
-1.71098
-1.50667
-1.30734
-1.33041
-1.11283
-1.09897
-0.923219
-0.937296
-0.762421
-0.781574
-0.805486
-0.607704
-0.631978
-0.459215
-2.34019
-2.15535
-1.97282
-1.97718
-1.79368
-1.79661
-1.61905
-1.61574
-1.43837
-1.43872
-1.44334
-1.26172
-1.26627
-1.0898
-3.04349
-2.87282
-2.70201
-2.69464
-2.53266
-2.54338
-2.36619
-2.35471
-2.17733
-2.16687
-2.15877
-1.98935
-1.98058
-1.80299
-3.78547
-3.79546
-3.61889
-3.62875
-3.45207
-3.44201
-3.46212
-3.2855
-3.29586
-3.11942
-3.10876
-2.93213
-2.92085
-2.9097
-2.74404
-2.73227
-2.55527
0.118385
-0.0143504
-0.304986
-0.703293
-1.1873
-1.7599
-2.41978
-3.14288
0.0741945
0.584072
0.627024
-0.143413
0.345705
0.486198
-0.492894
-0.0284011
0.171874
-0.934677
-0.496156
-0.251381
-1.46217
-1.05483
-0.763582
-2.07987
-1.70711
-1.36997
-2.77577
-2.43018
-2.0623
-3.51552
-3.18127
-2.80494
0.101013
0.3643
0.37725
-0.0743524
0.177722
0.240984
-0.395946
-0.157443
-0.063149
-0.816377
-0.590909
-0.474522
-1.32189
-1.11136
-0.9727
-1.91721
-1.7246
-1.5627
-2.59605
-2.4197
-2.23991
-3.32886
-3.16096
-2.97374
0.0355395
0.293888
0.335327
0.541078
0.778037
0.821735
0.613938
0.85174
0.868937
-0.220572
0.0246669
0.105262
0.262454
0.49282
0.578072
0.420662
0.65483
0.721922
-0.595427
-0.36342
-0.257659
-0.137166
0.0834967
0.194947
0.0747336
0.300586
0.400064
-1.05828
-0.839847
-0.712639
-0.626954
-0.419121
-0.284786
-0.371016
-0.156329
-0.0335997
-1.60818
-1.40639
-1.25591
-1.20948
-1.0174
-0.858671
-0.906183
-0.705999
-0.559489
-2.24754
-2.06372
-1.89177
-1.88276
-1.70573
-1.5267
-1.53599
-1.35188
-1.18193
-2.95828
-2.78732
-2.60241
-2.61706
-2.44898
-2.26064
-2.24502
-2.07348
-1.88825
-3.70225
-3.53548
-3.34839
-3.36872
-3.2024
-3.01491
-2.9932
-2.82663
-2.63783
