FiniteElementSpace
FiniteElementCollection: H1_2D_P2
VDim: 2
Ordering: 0

0
-0.00362178
0.00561459
0.0245411
0.0381674
0.0360939
0.0182837
-0.00827738
-0.0366597
0
0.00678929
0.0188508
0.0328115
0.0395929
0.0321438
0.0111919
-0.0166671
-0.0457
-0.00261022
0.000585402
0.00284517
0
-0.000931328
0.0115436
0.0121719
0.0147648
0.0292557
0.0261085
0.0328954
0.0404005
0.0376837
0.0393346
0.0356526
0.0378046
0.0288006
0.0156273
0.0230036
0.00558877
-0.0122218
-0.00232295
-0.0225153
-0.0411824
-0.031237
-0.000425534
0.00457627
0.0203499
0.03644
0.0402132
0.0271548
0.00216602
-0.0268033
-0.00121392
-0.00153631
-0.000212417
0
-0.00278837
0.00175599
0.00217628
-0.00158382
0.00997921
0.0176112
0.015818
0.00855195
0.0290127
0.0349428
0.0331681
0.0270618
0.0392998
0.04016
0.0408561
0.0396412
0.0329103
0.0282601
0.0318471
0.0362297
0.0121421
0.00398153
0.0090706
0.0171456
-0.0153898
-0.0246478
-0.0195206
-0.0102084
-0.00349965
-0.000236577
0.00317366
0.00464933
0.00090467
0.00133551
0
0.00191227
0.00773833
0.0148486
0.0153815
0.00785367
0.00929617
0.0197075
0.0249076
0.0311803
0.0296092
0.0231328
0.0224714
0.0359972
0.0388966
0.0404279
0.0390664
0.0373902
0.0355538
0.0382568
0.0384662
0.0343248
0.0354459
0.0394683
0.039186
0.0238816
0.0217021
0.0136626
0.0173717
0.02543
0.0279651
-0.00125383
-0.00496568
-0.0143699
-0.00943674
7.63089e-05
0.00458797
-0.0296001
-0.0389275
-0.0340335
-0.0434358
-0.0385012
-0.0289999
-0.0239485
-0.000665884
-0.000376565
0.0129072
0.0313114
0.0404572
0.0327021
0.0107514
-0.0174337
-0.00192116
0.00178234
0.000323201
0.00477305
0.011109
0.00519144
0.022414
0.0272889
0.0189184
0.0377686
0.0393712
0.034608
0.0387397
0.0374057
0.040475
0.0230287
0.0198402
0.0302989
-0.00304065
-0.00708968
0.00703194
-0.0318078
-0.0362656
-0.0216903
-0.000416505
-0.000922634
-0.000212118
0
-0.00333883
-0.00158595
-0.00109528
-0.00260735
0.00772702
0.0114572
0.0106712
0.00709009
0.0268424
0.030222
0.0292514
0.0258484
0.0388736
0.0399761
0.0401859
0.0389967
0.0346266
0.0328863
0.034587
0.0362514
0.0152721
0.0114778
0.0140037
0.0177577
-0.0118284
-0.0164111
-0.0138182
-0.00923793
-0.00313822
-0.00271547
-0.00180712
-0.0020747
-0.000397848
0.000710104
0.00129338
0.000190607
-6.26636e-05
2.63815e-05
0.000132972
0
0.00036776
0.00334442
0.0031597
0.000410802
0.00606892
0.00935026
0.00941405
0.00613215
0.00128133
0.00359946
0.00410358
0.00180225
0.0172359
0.0210951
0.0200168
0.0162112
0.0226399
0.0261082
0.0252299
0.0217272
0.013635
0.017331
0.0168532
0.0131385
0.0345604
0.0369668
0.036467
0.0339918
0.0377788
0.0392205
0.0384879
0.0369874
0.0312789
0.0339423
0.0329624
0.0302512
0.0389379
0.0385943
0.0395888
0.0398462
0.0394754
0.0380393
0.0385669
0.0399457
0.0407625
0.0407684
0.0405803
0.040511
0.026435
0.023511
0.0257345
0.0285989
0.0245148
0.0208421
0.022717
0.0263741
0.0338672
0.0311642
0.0324239
0.0350873
0.00219561
-0.00213557
0.000495126
0.00480562
-0.00137794
-0.00600072
-0.00348668
0.00115809
0.0124007
0.00809918
0.0103958
0.0147044
-0.0260652
-0.0307015
-0.0282351
-0.0235822
-0.030426
-0.0351491
-0.0326402
-0.0278965
-0.0158696
-0.0205944
-0.0180287
-0.0132775
-0.00196993
-0.00114264
-0.000990429
-0.000346408
-0.000444006
0
-0.00199477
0.000574084
0.00313346
0.00327742
0.000866744
-0.000528985
0.0123363
0.0152313
0.0189848
0.0180659
0.0143532
0.0100273
0.0310465
0.0332174
0.0357575
0.0348949
0.0322913
0.0281945
0.0394611
0.0404493
0.0402825
0.0406724
0.0407503
0.0401086
0.0309657
0.0305878
0.0277809
0.0296038
0.0323573
0.0360311
0.00890828
0.00740551
0.0031047
0.00565415
0.00995203
0.0164383
-0.0189556
-0.021045
-0.0257208
-0.0231663
-0.0184684
-0.0112006
-0.00367887
-0.00185441
8.57162e-05
-0.0011014
0.00240641
0.00479869
0.00568107
0.00306057
0.00371403
0.00176419
0.000592262
0.00205795
0.000734494
0.000617027
0
0.00366347
0.00657764
0.00957096
0.0062273
0.0129276
0.0167346
0.0170912
0.0130939
0.0137419
0.0098351
0.00644562
0.0106939
0.00705429
0.00800176
0.0221584
0.0247735
0.0271217
0.0236805
0.029279
0.0320385
0.0312549
0.0284569
0.0278834
0.0245889
0.0210192
0.0242956
0.0206212
0.0206499
0.0372124
0.0388318
0.0397736
0.038411
0.0400201
0.0401307
0.0394416
0.0393288
0.0384743
0.0376308
0.0360886
0.0367019
0.0351523
0.0342472
0.0373109
0.0376169
0.0371881
0.0386975
0.0359882
0.0333494
0.0339106
0.0365479
0.0367473
0.0387622
0.0401036
0.0386189
0.0399558
0.0395096
0.0211592
0.0201597
0.0187336
0.0224283
0.0168164
0.0124937
0.0143425
0.0186862
0.0202644
0.0243103
0.0279624
0.0255764
0.0292373
0.0301599
-0.00475004
-0.00661197
-0.00858335
-0.00398119
-0.0107205
-0.0155001
-0.0130437
-0.00823515
-0.00586175
-0.00108368
0.00358737
0.00116302
0.00586259
0.00793488
-0.0331265
-0.0377928
-0.0353693
-0.0400567
-0.03762
-0.0329191
-0.0423067
-0.0398672
-0.0445658
-0.0421164
-0.0373828
-0.0348768
-0.0301131
-0.0253488
-0.0275962
-0.0228085
-0.0203067
-0.000291633
-0.00222018
0.00920954
0.0280995
0.0396241
0.0346915
0.014675
-0.0128205
-0.00247592
0.000392561
1.36182e-05
0.00176444
0.00766247
0.00261052
0.0186546
0.0239329
0.0151962
0.0355912
0.0382132
0.0321647
0.0393605
0.0391256
0.0407717
0.0261469
0.0236923
0.0332407
0.00136144
-0.00240045
0.0114519
-0.0271493
-0.0315305
-0.0169345
-0.0015527
-0.00074854
-0.000142462
-0.000712049
0.00189264
6.138e-05
0.0138021
0.0166457
0.0121379
0.0321975
0.034115
0.0303088
0.0400529
0.0406559
0.0405651
0.0308509
0.030174
0.0343136
0.00818265
0.00656573
0.0132487
-0.0200004
-0.022099
-0.0148324
-0.00277059
-0.000910812
-0.00111951
0.00117525
0.00387147
0.00236948
7.97576e-05
0.00123349
0.000271113
0.00512517
0.00804957
0.00458352
0.0111831
0.0148749
0.0114114
0.00477684
0.00838329
0.00586309
0.0235059
0.0259752
0.0213401
0.0282221
0.0302931
0.0265454
0.0195167
0.0226049
0.0186566
0.0381095
0.039386
0.0371952
0.039989
0.0398465
0.0385838
0.0355555
0.0364788
0.0336628
0.0375564
0.037495
0.0396276
0.0366894
0.0350681
0.0377811
0.0404923
0.039487
0.0401681
0.0207089
0.0195041
0.0251929
0.0178402
0.0156529
0.0215776
0.0288697
0.0268689
0.0314021
-0.0056727
-0.00757955
-0.000415068
-0.0096294
-0.0118587
-0.00464023
0.00466312
0.00242145
0.00922494
-0.0342449
-0.0364948
-0.0293275
-0.0387432
-0.0409908
-0.0337551
-0.0242495
-0.0264641
-0.0191529
0
-0.00958162
-0.0276819
-0.0393948
-0.038876
-0.02968
-0.0175356
-0.00620404
0.00337519
0
-0.00455269
-0.0150562
-0.0267485
-0.0364346
-0.0417384
-0.0407283
-0.0341228
-0.0250146
-0.00321781
-0.00640415
-0.00149217
0
-0.0185348
-0.021766
-0.00935125
-0.0350118
-0.0338382
-0.0210053
-0.0405676
-0.0382867
-0.0319829
-0.0349896
-0.0361453
-0.0397921
-0.02367
-0.0293726
-0.0420564
-0.0116538
-0.0202335
-0.0379599
-0.0012254
-0.010877
-0.0296588
-0.00121235
-0.013855
-0.0286894
-0.0369997
-0.0379228
-0.0332025
-0.0249549
-0.01546
-0.00157312
-0.00207056
6.99095e-05
0
-0.0138827
-0.016076
-0.00996039
-0.00785959
-0.0316669
-0.0317778
-0.0254162
-0.0246262
-0.0403716
-0.0387875
-0.0356649
-0.0365754
-0.0371593
-0.0365884
-0.0382963
-0.038646
-0.0267222
-0.0286516
-0.034803
-0.0331009
-0.0145477
-0.0184726
-0.0272187
-0.023661
-0.00365689
-0.00838959
-0.0178378
-0.0133298
-0.00593908
-0.0034221
-0.00524244
-0.00274982
-0.000864743
-0.000861644
0
-0.0232278
-0.0178578
-0.0187434
-0.0121368
-0.0116898
-0.00678957
-0.0376059
-0.0315097
-0.0307378
-0.0239236
-0.0252954
-0.0180331
-0.0400426
-0.0378644
-0.0376096
-0.034325
-0.034855
-0.0294459
-0.032465
-0.0371958
-0.0389721
-0.040959
-0.0389887
-0.0382709
-0.0205898
-0.0313798
-0.0349672
-0.0415902
-0.0375866
-0.0421075
-0.00887012
-0.0226159
-0.0270982
-0.0361478
-0.0313645
-0.0395037
0.00110549
-0.00376263
-0.0131333
-0.0179347
-0.0273268
-0.0225032
-0.0319414
-0.000552826
-0.0117944
-0.0284558
-0.0379976
-0.0378264
-0.0309687
-0.0210738
-0.0108263
-0.00454184
-0.00269928
0.00014373
-0.020434
-0.0152214
-0.00830378
-0.0344996
-0.0281755
-0.0221316
-0.0389861
-0.036403
-0.0329662
-0.0349933
-0.0391552
-0.0384726
-0.0262003
-0.0364178
-0.038445
-0.0158842
-0.0292932
-0.0332696
-0.00603735
-0.0201893
-0.0248209
-0.000925939
-0.00102602
-0.000186121
0
-0.0116604
-0.0128011
-0.0097662
-0.00868628
-0.0297466
-0.0300169
-0.0265973
-0.02611
-0.0399866
-0.0391556
-0.0373678
-0.0379491
-0.0380824
-0.0375121
-0.0382923
-0.0387661
-0.0282185
-0.0289117
-0.0320611
-0.0314482
-0.0160315
-0.017877
-0.0223711
-0.0206693
-0.00491565
-0.00726737
-0.0120708
-0.00980529
-0.00443661
-0.00520884
-0.00318831
-0.00261602
-0.00221376
-0.00299784
-0.00168917
-0.00095679
0.000215864
0.00019163
0.0002404
0
-0.0208924
-0.0217883
-0.0182619
-0.017265
-0.0158573
-0.0165654
-0.0134486
-0.0127762
-0.00812724
-0.00911219
-0.0067238
-0.00578037
-0.0364103
-0.0360121
-0.0332182
-0.0333514
-0.0301591
-0.0299164
-0.0267726
-0.0270611
-0.0236319
-0.0238328
-0.0204602
-0.0202992
-0.0403932
-0.0395062
-0.0389578
-0.0396579
-0.0374887
-0.0371939
-0.035671
-0.0359946
-0.0348136
-0.0343879
-0.0318934
-0.0323628
-0.0337671
-0.0337758
-0.0358316
-0.0358225
-0.0376013
-0.0382018
-0.0391154
-0.0384904
-0.0383408
-0.0384278
-0.0380837
-0.0380002
-0.0221302
-0.0234679
-0.0274397
-0.026232
-0.0323164
-0.0338999
-0.0370393
-0.0354004
-0.0355083
-0.0366357
-0.0387507
-0.0375773
-0.0102475
-0.0124266
-0.0171754
-0.015122
-0.0237928
-0.0259473
-0.030347
-0.028153
-0.0283116
-0.030239
-0.0341469
-0.0321673
-4.94368e-05
-0.00246682
-0.00720214
-0.0048197
-0.0142884
-0.01666
-0.0213427
-0.0189777
-0.0190355
-0.0213236
-0.0259672
-0.0236589
-0.00224539
-0.00118827
-0.00159534
-0.000451291
-0.000187181
0
-0.0161796
-0.0139093
-0.0149457
-0.0118818
-0.0108505
-0.00709825
-0.0334301
-0.0301878
-0.0302401
-0.0271055
-0.0269369
-0.0231907
-0.0405669
-0.0384697
-0.037916
-0.0363922
-0.0368503
-0.0352222
-0.0361266
-0.0372557
-0.0372896
-0.0381552
-0.0380928
-0.0384949
-0.0252041
-0.0298299
-0.0309639
-0.0340326
-0.0329234
-0.0346603
-0.0130877
-0.0197732
-0.0217389
-0.0260984
-0.0241754
-0.0265494
-0.00242715
-0.0095987
-0.0119347
-0.0166447
-0.0143447
-0.0167982
-0.00764898
-0.0061071
-0.00482997
-0.00394207
-0.00389857
-0.00481143
-0.00359947
-0.00258231
-0.00206038
-0.00100551
-0.000265671
-0.00110963
-0.000193347
-0.00056772
0
-0.0255003
-0.0225648
-0.0198354
-0.0191334
-0.0169922
-0.0170165
-0.0135838
-0.0137591
-0.0107226
-0.0105524
-0.00996973
-0.00803926
-0.00752154
-0.00562977
-0.0386057
-0.03562
-0.0327363
-0.033016
-0.0294968
-0.0288897
-0.0253475
-0.0262033
-0.0224711
-0.0233028
-0.0237451
-0.0195204
-0.020223
-0.0165395
-0.0395362
-0.0388798
-0.0381286
-0.0384508
-0.0370485
-0.0370962
-0.035411
-0.0354593
-0.0331797
-0.0335343
-0.0339524
-0.0307351
-0.0313391
-0.0281132
-0.0311005
-0.0340804
-0.0367087
-0.0361305
-0.0391069
-0.040354
-0.0413993
-0.0400719
-0.0404225
-0.0394235
-0.0387738
-0.0390737
-0.0384249
-0.0373895
-0.0190569
-0.024939
-0.0303968
-0.0288253
-0.0357257
-0.0378102
-0.041207
-0.0389711
-0.0418745
-0.0397962
-0.0380559
-0.0421349
-0.0402615
-0.0419756
-0.00752212
-0.0146018
-0.0214283
-0.0192709
-0.0282086
-0.0305772
-0.0351578
-0.0326837
-0.0370836
-0.034623
-0.0323404
-0.0387684
-0.0363471
-0.0401588
0.00224482
-0.000188622
-0.00489373
-0.00732786
-0.0119978
-0.00959401
-0.014408
-0.0190509
-0.0214576
-0.0261599
-0.023736
-0.028495
-0.0260554
-0.0236644
-0.0308088
-0.0283519
-0.0330475
-0.000505942
-0.0106786
-0.0281277
-0.0386441
-0.038199
-0.0302019
-0.0192702
-0.00852551
-0.00378418
-0.00187859
0.000287702
-0.0195361
-0.0146681
-0.00739392
-0.0347718
-0.0285377
-0.0220984
-0.039661
-0.0366437
-0.0334275
-0.0348392
-0.0383887
-0.03826
-0.0248572
-0.0346812
-0.0371445
-0.0137658
-0.0270629
-0.0312253
-0.00363178
-0.017813
-0.0224949
-0.00169021
-0.000768917
5.49682e-05
-0.0150064
-0.0128724
-0.00891672
-0.0317648
-0.0286505
-0.0251125
-0.0394933
-0.0374516
-0.0361079
-0.0367172
-0.0377381
-0.0383465
-0.0275859
-0.0319686
-0.0338222
-0.0164932
-0.022963
-0.0253723
-0.00603202
-0.0131327
-0.0155677
-0.00684675
-0.00543222
-0.00265845
-0.00431084
-0.00363252
-0.00171206
-0.000269013
-0.000513817
1.04275e-05
-0.0239894
-0.0211913
-0.0170437
-0.0184495
-0.015388
-0.0121428
-0.0109179
-0.00900836
-0.00612058
-0.0370739
-0.0341915
-0.0316976
-0.0311913
-0.0275734
-0.0247765
-0.0254897
-0.0217811
-0.0186303
-0.0392059
-0.0385311
-0.0382471
-0.0376447
-0.0363144
-0.0345308
-0.0352423
-0.0324684
-0.0301439
-0.0326427
-0.0354312
-0.0367514
-0.0379301
-0.0402595
-0.0397926
-0.0385034
-0.0389666
-0.0378
-0.0220701
-0.0277019
-0.0299142
-0.0330604
-0.0384308
-0.0394275
-0.0360529
-0.040075
-0.0403548
-0.011106
-0.0180337
-0.0205072
-0.0248113
-0.0316482
-0.0336773
-0.0292134
-0.0355149
-0.037114
-0.00132165
-0.00845438
-0.0107544
-0.0155249
-0.0225861
-0.0248952
-0.0201496
-0.0272094
-0.0294763
