FiniteElementSpace
FiniteElementCollection: L2_2D_P3
VDim: 1
Ordering: 0

0.0200163
0.0141265
0.0203135
0.0268918
0.00931782
0.00866571
0.0153238
0.0223818
0.00325433
0.00445367
0.00987417
0.015662
0.00204375
0.00281355
0.00647643
0.0103493
0.0175475
0.0169211
0.0163206
0.016023
0.014214
0.0136858
0.0131855
0.0129432
0.0103164
0.00990844
0.00952995
0.00935454
0.00770847
0.00738963
0.00709727
0.00696557
0.00998451
0.0094473
0.00884123
0.00844654
0.00798621
0.00754499
0.00705345
0.00673845
0.00569554
0.00536894
0.00501324
0.00479217
0.00420382
0.00395711
0.00369398
0.00353548
0.00393994
0.00365083
0.00330445
0.00306157
0.00312264
0.00289027
0.00261493
0.00242423
0.00221218
0.0020452
0.00185152
0.00172063
0.00164282
0.00151877
0.00137832
0.00128622
0.00102092
0.000922393
0.000802815
0.000717875
0.000814892
0.000736371
0.000642027
0.000575715
0.000593041
0.000536671
0.000470344
0.000424772
0.000461771
0.00041899
0.00036996
0.000337277
0.000159847
0.000139727
0.000115646
9.88331e-05
0.00013433
0.000117887
9.83891e-05
8.49019e-05
0.000108347
9.58093e-05
8.12434e-05
7.1381e-05
9.46445e-05
8.42893e-05
7.2565e-05
6.48478e-05
1.17394e-05
9.57442e-06
7.11468e-06
5.50577e-06
1.21841e-05
1.01812e-05
7.90329e-06
6.40616e-06
1.31735e-05
1.131e-05
9.20247e-06
7.81926e-06
1.42504e-05
1.24142e-05
1.03617e-05
9.02792e-06
2.3058e-07
2.1787e-07
2.22584e-07
2.42307e-07
3.877e-07
3.10372e-07
2.32566e-07
1.90225e-07
7.40036e-07
5.79499e-07
4.01584e-07
2.88617e-07
1.04665e-06
8.22026e-07
5.72839e-07
4.14296e-07
0.0196689
0.0193833
0.0192568
0.0193439
0.0163262
0.015979
0.0157487
0.015738
0.0122694
0.0118922
0.0115876
0.0114927
0.00945195
0.00908596
0.00876401
0.00863189
0.000712428
0.000691167
0.000670675
0.000659626
0.000176336
0.000184598
0.00018194
0.000170591
0.0008884
0.000897385
0.000841183
0.00075003
0.00269056
0.00267983
0.0025316
0.0023209
0.00123564
0.000482114
0.000248805
0.000344337
0.00138354
0.000543638
9.63627e-05
2.32799e-05
0.00155592
0.000853047
0.000746262
0.000967996
0.00212287
0.00148599
0.00202568
0.00292361
0.0138323
0.0132106
0.0125504
0.0121566
0.011133
0.0106165
0.0100752
0.00975848
0.00800424
0.00761496
0.00721619
0.00699118
0.00593577
0.00563754
0.00533748
0.00517349
0.000544688
0.000525236
0.000511925
0.000511149
0.000316483
0.000323627
0.000332695
0.000339436
0.000863873
0.000879084
0.00087384
0.000851817
0.00204807
0.00204154
0.00198285
0.00190285
0.000619254
0.000597607
0.000579683
0.000574065
0.000226632
0.000239464
0.000250588
0.000254606
0.000803818
0.00084323
0.000850856
0.000824306
0.0022561
0.00229377
0.00225718
0.0021673
0.00658415
0.00616799
0.00568032
0.00534706
0.00523702
0.0048991
0.00450779
0.00424407
0.00371344
0.00346743
0.00318874
0.00300592
0.00273957
0.0025558
0.00235231
0.00222283
0.000422661
0.000404175
0.000391454
0.000390204
0.000381769
0.000371708
0.000365186
0.000365128
0.000713897
0.000691811
0.00066297
0.00064126
0.00129783
0.00124567
0.00117247
0.00111357
0.000485881
0.000467488
0.000455869
0.000456425
0.000376601
0.000375034
0.000377076
0.000381772
0.000832912
0.000825902
0.000806833
0.000785512
0.00170949
0.00167196
0.00160036
0.00153044
0.00212286
0.00194361
0.00172655
0.00157262
0.00168304
0.00153997
0.00136852
0.00124829
0.00120103
0.00109883
0.000978887
0.000896712
0.000907115
0.00083088
0.000743651
0.000685656
0.000256834
0.000240559
0.000226359
0.000220494
0.000250922
0.000235338
0.000221067
0.000214469
0.000360046
0.000335287
0.000308359
0.000291652
0.000537958
0.000497801
0.000450748
0.000418709
0.0003448
0.000326656
0.000312399
0.000308333
0.000332404
0.000317334
0.000304742
0.000300262
0.000540235
0.000512804
0.000481563
0.000461125
0.000885413
0.000834361
0.000770895
0.000724993
0.000433523
0.000385858
0.00032825
0.000287551
0.000351985
0.000313751
0.000267991
0.000235987
0.000266015
0.000238016
0.000205204
0.000182765
0.000217162
0.000195195
0.000170133
0.000153503
0.000103563
9.47019e-05
8.60461e-05
8.14146e-05
9.62268e-05
8.75293e-05
7.89606e-05
7.43168e-05
0.000108578
9.75389e-05
8.59679e-05
7.90866e-05
0.000134875
0.000120048
0.000103752
9.34346e-05
0.000172214
0.000159343
0.000147308
0.000141416
0.000165536
0.000152762
0.000140499
0.000134196
0.000211002
0.000192929
0.000173682
0.000162023
0.000288444
0.000261952
0.00023199
0.000212368
4.94275e-05
4.21312e-05
3.35489e-05
2.76817e-05
4.44409e-05
3.82386e-05
3.09964e-05
2.60786e-05
3.99702e-05
3.48908e-05
2.90605e-05
2.51671e-05
3.8298e-05
3.37847e-05
2.87143e-05
2.54039e-05
2.80562e-05
2.5241e-05
2.23513e-05
2.06646e-05
2.39841e-05
2.1474e-05
1.89527e-05
1.75309e-05
2.06156e-05
1.81612e-05
1.57202e-05
1.43725e-05
1.94665e-05
1.67995e-05
1.41253e-05
1.26378e-05
5.62182e-05
5.09051e-05
4.55669e-05
4.25604e-05
5.00035e-05
4.49802e-05
3.99667e-05
3.71777e-05
4.93421e-05
4.36627e-05
3.78293e-05
3.44521e-05
5.44306e-05
4.74605e-05
4.00576e-05
3.55753e-05
1.70098e-06
1.26773e-06
8.22165e-07
5.70968e-07
2.51642e-06
2.01012e-06
1.46255e-06
1.12623e-06
3.69347e-06
3.0867e-06
2.41063e-06
1.97479e-06
4.62092e-06
3.92572e-06
3.14801e-06
2.64185e-06
5.78906e-06
5.12296e-06
4.39249e-06
3.9259e-06
5.27271e-06
4.72674e-06
4.14032e-06
3.77551e-06
4.63276e-06
4.23978e-06
3.84138e-06
3.6132e-06
4.174e-06
3.89542e-06
3.64233e-06
3.52343e-06
1.31874e-05
1.18137e-05
1.03662e-05
9.48742e-06
1.12204e-05
1.00762e-05
8.90873e-06
8.23252e-06
8.96414e-06
8.04097e-06
7.15411e-06
6.69039e-06
7.462e-06
6.65079e-06
5.91906e-06
5.5836e-06
3.14277e-07
3.0915e-07
3.00665e-07
2.92981e-07
1.06764e-07
9.31193e-08
7.54198e-08
6.26788e-08
3.61221e-08
2.05916e-08
1.0095e-08
1.17126e-08
6.14974e-08
4.96292e-08
5.83254e-08
8.7491e-08
3.9232e-07
3.13752e-07
2.7984e-07
3.11219e-07
4.62437e-07
3.47369e-07
2.67461e-07
2.65312e-07
6.28332e-07
4.49801e-07
2.92316e-07
2.35136e-07
8.26058e-07
5.83974e-07
3.51545e-07
2.42881e-07
2.06154e-06
1.73132e-06
1.3651e-06
1.13198e-06
2.18184e-06
1.87155e-06
1.52452e-06
1.3009e-06
2.40373e-06
2.12153e-06
1.80333e-06
1.59589e-06
2.63191e-06
2.37248e-06
2.07969e-06
1.88859e-06
0.0213502
0.0204008
0.0196386
0.0193353
0.0179818
0.0172313
0.0165169
0.0161627
0.0134753
0.0130013
0.0125582
0.0123493
0.0100072
0.00983689
0.00971282
0.00970393
0.00815606
0.00811843
0.00819969
0.00829613
0.00516181
0.00522586
0.00541572
0.0056215
0.00230618
0.00240913
0.002604
0.00279499
0.000926341
0.00102602
0.00117174
0.00127785
0.00163418
0.00207081
0.00507051
0.00820791
0.00113619
0.00123256
0.00309901
0.00522166
0.00103011
0.000670526
0.00129674
0.00227572
0.00114901
0.000516544
0.000474717
0.000808251
0.0157567
0.0151184
0.0144694
0.0141091
0.0127214
0.0121879
0.0116525
0.0113617
0.00918728
0.00878114
0.00838258
0.00817461
0.00683621
0.00652248
0.00621941
0.00606621
0.00570635
0.00543697
0.00518031
0.00505415
0.00379465
0.00359951
0.00342455
0.0033492
0.00187738
0.00177128
0.00168522
0.00165773
0.00091752
0.000871515
0.000836265
0.00082784
0.00645229
0.00617616
0.00592575
0.00581595
0.00431108
0.00410638
0.0039319
0.00386676
0.00213486
0.00202039
0.00193133
0.0019075
0.00102027
0.000970396
0.00093186
0.000922316
0.00820328
0.00772407
0.00717179
0.00680206
0.00654215
0.00615081
0.00570532
0.00541148
0.00465027
0.00436307
0.00404334
0.00383841
0.00342916
0.00321352
0.00297867
0.00283271
0.00284984
0.00266857
0.00247431
0.00235632
0.00189454
0.00177044
0.00164408
0.00157304
0.00099003
0.000926076
0.000868043
0.000841997
0.000587648
0.000556845
0.000533129
0.000527157
0.00349367
0.00328542
0.00306681
0.00293828
0.00231551
0.00217153
0.00202828
0.00195096
0.00118208
0.00110774
0.00104175
0.00101374
0.00065998
0.000626026
0.000600222
0.000594226
0.00293174
0.00270074
0.00242217
0.00222544
0.0023225
0.00213759
0.00191696
0.00176297
0.00164926
0.00151692
0.00136232
0.00125695
0.00123333
0.00113496
0.00102285
0.000948695
0.00103757
0.000955359
0.00086314
0.000803346
0.000719191
0.000663113
0.000602941
0.000566155
0.000438699
0.000407085
0.000376487
0.000360651
0.000334623
0.000313646
0.000295407
0.00028799
0.00137471
0.00127112
0.00115571
0.00108156
0.00093825
0.000867982
0.000793188
0.000748024
0.000546454
0.000508295
0.000471862
0.00045353
0.00039338
0.000370129
0.000350603
0.000343472
0.000676268
0.0006066
0.000522165
0.000462305
0.000543532
0.000487898
0.000421136
0.00037429
0.000401997
0.000361747
0.000314448
0.000282001
0.000319764
0.00028877
0.000253309
0.00022971
0.000280137
0.000253582
0.000223644
0.00020406
0.000213574
0.000194189
0.000173147
0.00016002
0.00015874
0.00014535
0.000131801
0.000124152
0.00014247
0.000130961
0.000119817
0.000113967
0.000399266
0.000362962
0.000321983
0.000295154
0.000295896
0.000270002
0.000241918
0.00022444
0.000209533
0.000192582
0.000175598
0.000166186
0.000182503
0.000168629
0.000155476
0.000148861
9.11878e-05
7.88187e-05
6.41238e-05
5.39552e-05
7.8807e-05
6.85334e-05
5.6433e-05
4.81303e-05
6.66549e-05
5.85762e-05
4.92436e-05
4.29653e-05
6.07738e-05
5.38743e-05
4.60942e-05
4.09949e-05
5.72241e-05
5.0953e-05
4.3953e-05
3.94154e-05
4.98944e-05
4.4742e-05
3.91301e-05
3.55947e-05
4.38406e-05
3.95625e-05
3.50752e-05
3.238e-05
4.20426e-05
3.79672e-05
3.37876e-05
3.13545e-05
8.72758e-05
7.80284e-05
6.76813e-05
6.09598e-05
7.33957e-05
6.60391e-05
5.80406e-05
5.30195e-05
6.20931e-05
5.62226e-05
5.012e-05
4.65072e-05
5.89111e-05
5.3396e-05
4.78063e-05
4.46154e-05
4.86482e-06
3.82044e-06
2.6736e-06
1.95774e-06
5.78227e-06
4.73273e-06
3.56373e-06
2.81598e-06
7.15899e-06
6.07645e-06
4.86177e-06
4.07197e-06
8.31363e-06
7.17168e-06
5.89573e-06
5.0665e-06
8.65811e-06
7.51905e-06
6.2452e-06
5.41507e-06
8.8737e-06
7.78723e-06
6.57648e-06
5.78895e-06
9.06339e-06
8.02957e-06
6.89149e-06
6.16067e-06
9.13775e-06
8.13063e-06
7.03712e-06
6.34644e-06
1.44383e-05
1.26564e-05
1.06693e-05
9.37977e-06
1.4169e-05
1.2539e-05
1.07379e-05
9.57902e-06
1.38965e-05
1.2399e-05
1.07744e-05
9.75037e-06
1.37627e-05
1.2313e-05
1.07666e-05
9.81225e-06
2.69805e-07
2.77302e-07
2.89219e-07
3.00248e-07
1.79952e-07
1.54834e-07
1.26981e-07
1.10018e-07
2.35982e-07
1.68628e-07
9.55734e-08
5.21321e-08
3.35178e-07
2.35506e-07
1.33757e-07
7.91929e-08
4.03561e-07
2.90096e-07
1.74346e-07
1.128e-07
5.50595e-07
4.12099e-07
2.70959e-07
1.95671e-07
7.53561e-07
5.80025e-07
4.03975e-07
3.10403e-07
9.02188e-07
7.0145e-07
4.97751e-07
3.89136e-07
1.19322e-06
9.45663e-07
6.69831e-07
4.93206e-07
1.4434e-06
1.16612e-06
8.56036e-07
6.56457e-07
1.75498e-06
1.44491e-06
1.09893e-06
8.76881e-07
1.96661e-06
1.63706e-06
1.2703e-06
1.03576e-06
0.0191088
0.0185163
0.0179927
0.0177791
0.0155407
0.0150344
0.0145898
0.014411
0.011345
0.0109474
0.0106032
0.0104701
0.00851791
0.0082041
0.00793396
0.00783146
0.0071552
0.00688085
0.00664592
0.00655821
0.00481205
0.00460248
0.00443376
0.0043821
0.00239339
0.00227308
0.00218405
0.0021659
0.0011293
0.00107704
0.00103635
0.00102638
0.00802537
0.00768639
0.00738258
0.00725387
0.00542849
0.00517298
0.00495812
0.00488089
0.00270831
0.0025645
0.0024545
0.00242703
0.00127214
0.00120853
0.001156
0.00114027
0.000659517
0.000639832
0.00062208
0.000614719
0.000184352
0.000198741
0.000207922
0.000207677
0.000770571
0.000815329
0.000818415
0.000779903
0.00233631
0.00238973
0.00235134
0.00224294
0.0036163
0.00365705
0.00357406
0.00341223
0.00686158
0.00682738
0.00663554
0.0063811
0.0138025
0.0136089
0.0131597
0.0126737
0.0217948
0.0213917
0.020627
0.0198725
0.00410884
0.00409001
0.00389342
0.00361407
0.00764886
0.00756164
0.00726676
0.00690966
0.0149108
0.0148041
0.0144266
0.0139622
0.0230302
0.0229602
0.0225923
0.0221036
0.000510558
0.000607911
0.000688259
0.000705431
0.000118553
0.000153073
0.000172834
0.00016351
0.00103781
0.00105476
0.00102004
0.000950333
0.00328799
0.00318257
0.00303293
0.00288953
0.00477689
0.00472683
0.00454933
0.00432914
0.00906442
0.00880396
0.00828644
0.00777207
0.0164292
0.0161463
0.0155285
0.0148725
0.0231613
0.0232907
0.0231972
0.0228464
0.00228255
0.00208152
0.00333503
0.00476655
0.00239783
0.00276166
0.00654586
0.0111327
0.00987448
0.00687777
0.013378
0.0217068
0.0319783
0.0143764
0.020608
0.030506
0.0118816
0.0112954
0.0106516
0.0102475
0.00953307
0.00904887
0.00852387
0.00820014
0.00682506
0.00646345
0.00608024
0.00585166
0.00504738
0.0047724
0.00448665
0.00432152
0.00419817
0.00396491
0.00372627
0.00359184
0.00278021
0.00261692
0.00245899
0.00237825
0.00139578
0.00131062
0.00123696
0.00120783
0.000738013
0.000700465
0.000672038
0.000665634
0.00494443
0.00469002
0.00443786
0.00430372
0.00327818
0.00309735
0.00292834
0.00284796
0.00162883
0.00153288
0.00145232
0.00142327
0.000823349
0.000781743
0.000750127
0.000742897
0.000514599
0.000495927
0.000483939
0.00048432
0.000352327
0.000355341
0.000361357
0.000367582
0.000860318
0.000863826
0.000851455
0.000830085
0.00189183
0.00186795
0.00180154
0.00172652
0.00265199
0.0026014
0.00249089
0.002376
0.00455941
0.00442825
0.0042051
0.00399805
0.00836656
0.00805903
0.00759158
0.00718836
0.012499
0.0119818
0.0112327
0.0106103
0.00294071
0.00290922
0.00280511
0.00268171
0.00519127
0.00507813
0.00485809
0.00463835
0.00976516
0.00946775
0.00898637
0.00855275
0.0148093
0.0142849
0.0134938
0.012816
0.000579295
0.000558502
0.000542872
0.000539925
0.000273034
0.000283454
0.00029429
0.000300366
0.000843802
0.000871326
0.000873219
0.000849828
0.00217118
0.00218536
0.00213694
0.00205231
0.0031958
0.00318841
0.00309478
0.002964
0.0057885
0.00570149
0.00549297
0.0052651
0.0111599
0.010887
0.0104071
0.00995214
0.0171811
0.0166697
0.0158581
0.0151376
0.00340902
0.00342955
0.0033489
0.00321055
0.0063316
0.00627687
0.00608613
0.00585336
0.0125101
0.0122743
0.0118094
0.011341
0.0195537
0.0190742
0.0182628
0.0175121
0.00515788
0.00480617
0.00438873
0.00409914
0.00409377
0.00380971
0.00347643
0.0032482
0.00289916
0.00269384
0.00245809
0.00230074
0.00214358
0.00199077
0.0018194
0.00170842
0.00178717
0.00165945
0.0015185
0.00142915
0.00120523
0.00111867
0.00102756
0.000973474
0.000673105
0.000627388
0.000584387
0.000563434
0.000455083
0.00042952
0.000408773
0.000402082
0.002279
0.00212505
0.00195731
0.0018529
0.00152365
0.00141897
0.00131038
0.0012474
0.000820508
0.000766171
0.000715913
0.00069232
0.000519675
0.000491638
0.000469558
0.000463309
0.000385589
0.000367132
0.000353545
0.000350865
0.000362849
0.000349724
0.000339668
0.00033719
0.000630907
0.00060495
0.000573934
0.000552542
0.00108705
0.00103376
0.000964222
0.000911589
0.00139614
0.00132284
0.00122577
0.00115123
0.00214805
0.00202305
0.00185715
0.00172899
0.00356444
0.00333819
0.00303989
0.00281061
0.00501845
0.00468456
0.00424769
0.00391419
0.0017013
0.00162607
0.00152025
0.00143482
0.00269204
0.00255563
0.00236752
0.00221731
0.0045796
0.00432036
0.00396997
0.00369464
0.00654066
0.00614769
0.00562377
0.00521705
0.000455827
0.000437428
0.000425468
0.000425397
0.000386687
0.000380601
0.000378275
0.000380741
0.000782975
0.00076727
0.000742523
0.00072095
0.00150854
0.00146153
0.0013876
0.00132296
0.00202029
0.00194782
0.00183655
0.00174071
0.00328757
0.00314539
0.00293925
0.00276786
0.00573549
0.00544945
0.00505083
0.00472937
0.0083135
0.00786657
0.00725723
0.00677497
0.00234126
0.00227694
0.00216404
0.00205838
0.00391709
0.00377634
0.0035581
0.00336744
0.00700919
0.00670605
0.00626713
0.00590211
0.010314
0.0098238
0.00913712
0.00858132
0.00149413
0.00135916
0.00119539
0.00107904
0.00118739
0.00107984
0.000950657
0.000859867
0.000854105
0.000777205
0.000686751
0.00062462
0.000653752
0.000595999
0.0005298
0.00048568
0.000559012
0.000510361
0.000455454
0.000419537
0.000403844
0.000369809
0.000332963
0.000310116
0.000272046
0.000250925
0.000229987
0.00021862
0.000228353
0.00021207
0.000197014
0.000189846
0.000768626
0.000704729
0.00063276
0.000585823
0.000542984
0.000498949
0.000451441
0.000422148
0.000347859
0.000321885
0.00029643
0.00028292
0.000279344
0.000260681
0.000243919
0.000236476
0.000213191
0.00019847
0.000185123
0.000179032
0.000207171
0.000192702
0.000179088
0.000172388
0.000280127
0.00025847
0.000235197
0.000220954
0.000400389
0.000367089
0.000328819
0.000303303
0.00047633
0.000435439
0.000387356
0.000354443
0.000653229
0.000594275
0.000522807
0.00047221
0.000983864
0.000891613
0.000777757
0.000695614
0.00131506
0.00118963
0.00103397
0.000921037
0.000652276
0.000601847
0.00054137
0.000499106
0.000921647
0.000846315
0.000753434
0.000686527
0.00142232
0.00130069
0.00114857
0.00103734
0.00192468
0.00175639
0.00154522
0.00139028
0.000301335
0.000283905
0.000269404
0.000264228
0.000293847
0.000277992
0.000264005
0.000258132
0.00044813
0.000421265
0.000391521
0.000372685
0.000700591
0.00065423
0.000598527
0.000559592
0.000865622
0.000805913
0.000732534
0.00067997
0.00125882
0.00116612
0.00104953
0.000963886
0.00198986
0.00183499
0.0016384
0.00149254
0.00272708
0.00250863
0.00223119
0.00202519
0.00111505
0.00104733
0.000961413
0.000897953
0.00166806
0.00155825
0.00141681
0.00131049
0.0027011
0.00251061
0.00226458
0.00207901
0.00375097
0.00347649
0.00312305
0.00285716
0.000268337
0.000236816
0.000198877
0.000172208
0.000221021
0.000195549
0.000165182
0.000144044
0.000171838
0.000152861
0.000130707
0.000115624
0.000144704
0.000129465
0.000112141
0.00010069
0.000130925
0.000117529
0.0001025
9.27111e-05
0.000106364
9.60297e-05
8.48036e-05
7.7774e-05
8.64298e-05
7.85396e-05
7.04089e-05
6.56661e-05
8.088e-05
7.36217e-05
6.63599e-05
6.23067e-05
0.000193153
0.000174109
0.000152684
0.000138696
0.000151855
0.000137581
0.000122082
0.000112394
0.000118182
0.000107799
9.71943e-05
9.11044e-05
0.000108605
9.93287e-05
9.01862e-05
8.52206e-05
7.72195e-05
7.0242e-05
6.33196e-05
5.95077e-05
7.0245e-05
6.35044e-05
5.68119e-05
5.31281e-05
7.4254e-05
6.6163e-05
5.77585e-05
5.28179e-05
8.72805e-05
7.68756e-05
6.56157e-05
5.86261e-05
9.46095e-05
8.28203e-05
6.98336e-05
6.15944e-05
0.000110629
9.58124e-05
7.89263e-05
6.77747e-05
0.000147218
0.000126578
0.000102397
8.59285e-05
0.000186581
0.000160167
0.00012885
0.000107243
0.000150378
0.00013323
0.000114011
0.000101553
0.000185041
0.000162687
0.000136774
0.000119308
0.000256148
0.000224064
0.000185913
0.000159474
0.000329663
0.000288002
0.000237944
0.000202867
0.000135357
0.000124489
0.000114075
0.00010871
0.00012814
0.000117369
0.000106873
0.00010131
0.000153839
0.000139408
0.000124161
0.000115007
0.000200811
0.000180579
0.000158021
0.000143493
0.000229304
0.000205441
0.000178274
0.000160335
0.00029402
0.00026184
0.00022397
0.000198003
0.00042007
0.000372548
0.00031531
0.00027507
0.000547844
0.000485227
0.000409132
0.000355132
0.000336445
0.000304578
0.000267732
0.000242971
0.000446915
0.000402495
0.000349457
0.000312507
0.000656292
0.000588802
0.000506523
0.000447919
0.000866596
0.000776304
0.000665422
0.000585841
2.51338e-05
2.10335e-05
1.62772e-05
1.30815e-05
2.39316e-05
2.03267e-05
1.61645e-05
1.33767e-05
2.33137e-05
2.01974e-05
1.66458e-05
1.42936e-05
2.36472e-05
2.07448e-05
1.74942e-05
1.53782e-05
2.33414e-05
2.05923e-05
1.75302e-05
1.55471e-05
2.19814e-05
1.95608e-05
1.69039e-05
1.52097e-05
2.07661e-05
1.86134e-05
1.6308e-05
1.488e-05
2.0304e-05
1.82271e-05
1.60446e-05
1.47257e-05
3.6889e-05
3.27057e-05
2.80439e-05
2.50256e-05
3.33994e-05
2.98445e-05
2.59609e-05
2.35018e-05
3.04336e-05
2.73747e-05
2.41349e-05
2.216e-05
2.94602e-05
2.65221e-05
2.34737e-05
2.16661e-05
1.93593e-05
1.73806e-05
1.53258e-05
1.41046e-05
1.63953e-05
1.46916e-05
1.29718e-05
1.1993e-05
1.33749e-05
1.18547e-05
1.03724e-05
9.57914e-06
1.16791e-05
1.01699e-05
8.72524e-06
7.98198e-06
1.04225e-05
8.94345e-06
7.54836e-06
6.85404e-06
7.46315e-06
6.10107e-06
4.83031e-06
4.22036e-06
5.32602e-06
3.88057e-06
2.52173e-06
1.87088e-06
4.90415e-06
3.25354e-06
1.67535e-06
8.9989e-07
1.84448e-05
1.56792e-05
1.28969e-05
1.13469e-05
1.59284e-05
1.30118e-05
1.00104e-05
8.29074e-06
1.56853e-05
1.21587e-05
8.41593e-06
6.18536e-06
1.76237e-05
1.33718e-05
8.77325e-06
5.96603e-06
4.0071e-05
3.615e-05
3.21673e-05
2.9882e-05
3.48732e-05
3.12643e-05
2.76502e-05
2.5625e-05
3.20603e-05
2.8245e-05
2.43821e-05
2.21913e-05
3.28564e-05
2.84204e-05
2.38221e-05
2.11318e-05
3.29041e-05
2.81275e-05
2.312e-05
2.01494e-05
3.26759e-05
2.72247e-05
2.13286e-05
1.76916e-05
3.77306e-05
3.06967e-05
2.28434e-05
1.78113e-05
4.53608e-05
3.66568e-05
2.6781e-05
2.03327e-05
5.69817e-05
4.92635e-05
4.09396e-05
3.58027e-05
6.22713e-05
5.2973e-05
4.26028e-05
3.59375e-05
7.84426e-05
6.59197e-05
5.15307e-05
4.19606e-05
9.74194e-05
8.16396e-05
6.3256e-05
5.08395e-05
5.05628e-07
3.73867e-07
2.60643e-07
2.18047e-07
1.00033e-06
7.84405e-07
5.60028e-07
4.30309e-07
1.76499e-06
1.44091e-06
1.08136e-06
8.51056e-07
2.37014e-06
1.96091e-06
1.50262e-06
1.20458e-06
2.61525e-06
2.17971e-06
1.68917e-06
1.36757e-06
2.95819e-06
2.49935e-06
1.98038e-06
1.638e-06
3.34229e-06
2.8633e-06
2.3231e-06
1.96768e-06
3.57397e-06
3.08789e-06
2.5428e-06
2.1865e-06
4.95142e-06
4.2362e-06
3.43289e-06
2.90675e-06
5.31613e-06
4.60129e-06
3.79735e-06
3.26892e-06
5.68485e-06
4.97601e-06
4.18412e-06
3.66694e-06
5.8757e-06
5.1754e-06
4.40066e-06
3.90037e-06
3.61294e-06
3.14226e-06
2.61743e-06
2.2768e-06
3.51311e-06
3.10946e-06
2.6623e-06
2.3743e-06
3.42564e-06
3.11256e-06
2.77308e-06
2.5603e-06
3.39918e-06
3.15747e-06
2.90581e-06
2.75675e-06
3.35996e-06
3.16671e-06
2.97532e-06
2.87048e-06
3.21306e-06
3.14261e-06
3.08779e-06
3.07133e-06
3.37074e-06
3.4326e-06
3.53498e-06
3.62859e-06
3.78217e-06
3.92964e-06
4.1392e-06
4.31216e-06
3.84266e-06
3.64161e-06
3.48744e-06
3.44333e-06
3.03639e-06
3.02565e-06
3.09291e-06
3.20101e-06
2.42706e-06
2.62245e-06
2.94393e-06
3.23827e-06
2.31391e-06
2.64459e-06
3.1413e-06
3.57041e-06
8.84765e-06
7.89522e-06
6.87263e-06
6.23606e-06
7.70667e-06
6.93009e-06
6.12118e-06
5.63806e-06
6.30912e-06
5.73505e-06
5.17952e-06
4.88456e-06
5.30839e-06
4.86988e-06
4.49173e-06
4.33468e-06
4.60658e-06
4.26213e-06
4.00657e-06
3.94453e-06
2.96212e-06
2.85097e-06
2.87063e-06
3.00206e-06
1.44653e-06
1.56662e-06
1.87808e-06
2.23009e-06
7.63422e-07
1.02064e-06
1.51787e-06
2.02011e-06
6.3991e-06
5.67267e-06
5.05536e-06
4.81241e-06
3.92299e-06
3.4199e-06
3.06394e-06
3.00565e-06
1.6975e-06
1.3539e-06
1.2069e-06
1.31652e-06
7.20909e-07
4.24088e-07
3.603e-07
5.54889e-07
2.5516e-07
2.01071e-07
1.07329e-07
7.07277e-08
4.56686e-08
3.55975e-08
5.9127e-08
1.44323e-07
5.03868e-08
4.45028e-08
1.45278e-07
3.5016e-07
1.3235e-07
1.40395e-07
2.62895e-07
5.33265e-07
2.25607e-07
2.27972e-07
3.23356e-07
4.82291e-07
2.4867e-07
2.42834e-07
2.94717e-07
3.83885e-07
2.82024e-07
2.78356e-07
2.97504e-07
3.28008e-07
3.10637e-07
3.18578e-07
3.31037e-07
3.42002e-07
9.48145e-08
8.34347e-08
1.05088e-07
1.58042e-07
1.7296e-07
1.47431e-07
1.60686e-07
2.14094e-07
2.77163e-07
2.29737e-07
2.28354e-07
2.79987e-07
3.43949e-07
2.81114e-07
2.69105e-07
3.19192e-07
2.93911e-07
3.04107e-07
3.11971e-07
3.19935e-07
2.37267e-07
2.5723e-07
2.71199e-07
2.87821e-07
1.88088e-07
2.2426e-07
2.58382e-07
3.08589e-07
1.68205e-07
2.19436e-07
2.76729e-07
3.69761e-07
1.51923e-07
1.88557e-07
2.19044e-07
3.62154e-07
2.39218e-07
1.84736e-07
1.62711e-07
2.56006e-07
6.09603e-07
3.84876e-07
1.72834e-07
1.24587e-07
1.19592e-06
7.57948e-07
3.00481e-07
9.14781e-08
9.6409e-07
6.89541e-07
4.16002e-07
2.72805e-07
1.26832e-06
9.46206e-07
5.99449e-07
3.89576e-07
1.89873e-06
1.52064e-06
1.0934e-06
8.15934e-07
2.58464e-06
2.1746e-06
1.70151e-06
1.38617e-06
9.96119e-07
7.82154e-07
5.64771e-07
4.48115e-07
1.16428e-06
9.31107e-07
6.84966e-07
5.42661e-07
1.46049e-06
1.2002e-06
9.14897e-07
7.38997e-07
1.75594e-06
1.47314e-06
1.15726e-06
9.56931e-07
1.94171e-06
1.64814e-06
1.31719e-06
1.10367e-06
2.3246e-06
2.02299e-06
1.66645e-06
1.42171e-06
3.07632e-06
2.74876e-06
2.34988e-06
2.06613e-06
3.87029e-06
3.51354e-06
3.07504e-06
2.75967e-06
2.76654e-06
2.52355e-06
2.24967e-06
2.07108e-06
3.0182e-06
2.8261e-06
2.59902e-06
2.44221e-06
3.64144e-06
3.49327e-06
3.31064e-06
3.17857e-06
4.37029e-06
4.24167e-06
4.08062e-06
3.96216e-06
