FiniteElementSpace
FiniteElementCollection: H1_2D_P2
VDim: 2
Ordering: 0

0
1.18036
2.13923
2.80528
3.26412
3.61896
3.93672
4.24861
4.56506
0
0.778449
1.43914
1.9506
2.34507
2.67754
2.98945
3.30079
3.61675
0.600461
0.9985
0.400975
0
1.69787
1.81396
1.12706
2.50512
2.39662
1.71266
3.05355
2.81464
2.15898
3.44937
3.15212
2.51594
3.77986
3.46387
2.83437
4.09242
3.77449
3.14462
4.40609
4.09075
3.45821
0.510306
1.43648
2.13146
2.6205
2.98919
3.30911
3.6186
3.93196
0.296328
0.555161
0.254744
0
1.44818
1.57007
1.22471
1.09142
2.33115
2.3216
1.97986
1.97992
2.93499
2.83937
2.51298
2.60388
3.35924
3.22036
2.90381
3.04107
3.70016
3.54474
3.23108
3.38614
4.01458
3.85544
3.54115
3.70033
4.32717
4.16898
3.85302
4.01146
0.89655
0.759507
0.896883
0.592736
0.46136
0.204043
0
1.9283
1.63296
1.63615
1.28793
1.29162
0.956953
2.6626
2.26993
2.18013
1.83575
1.93034
1.58063
3.16271
2.72061
2.58313
2.25435
2.39451
2.05804
3.53563
3.0717
2.91608
2.59758
2.75467
2.432
3.85858
3.3866
3.22696
2.91199
3.07241
2.75633
4.17039
3.69636
3.53759
3.22255
3.38168
3.06695
4.48537
4.32795
4.01126
3.85368
3.53732
3.695
3.37936
0.272618
1.33895
2.15887
2.72664
3.1329
3.46603
3.77784
4.09002
0.829337
0.683056
0.235448
1.7838
1.47034
1.10021
2.46942
2.06026
1.78927
2.94368
2.49147
2.29114
3.30449
2.83628
2.67055
3.62273
3.14976
2.99464
3.93328
3.45946
3.30422
4.24833
3.77419
3.61611
0.142208
0.283503
0.132537
0
1.31652
1.39394
1.21715
1.13617
2.23758
2.24559
2.0715
2.06013
2.87166
2.8313
2.66662
2.70512
3.31237
3.24631
3.0876
3.1529
3.65978
3.58315
3.42627
3.50264
3.97566
3.89618
3.73909
3.81851
4.28784
4.20857
4.05069
4.13
0.749743
0.863118
0.693605
0.57773
0.635987
0.722477
0.572927
0.486859
0.12647
0.245702
0.119572
0
1.81562
1.85656
1.67915
1.63442
1.53665
1.55352
1.38257
1.36587
1.11331
1.16414
0.999943
0.949156
2.58586
2.56658
2.39728
2.41394
2.20226
2.16663
1.99663
2.03257
1.89875
1.88635
1.71425
1.72691
3.1092
3.05357
2.89248
2.94689
2.6714
2.60691
2.44372
2.50854
2.456
2.40326
2.23666
2.28974
3.49291
3.42019
3.26279
3.33505
3.03076
2.95437
2.79575
2.87241
2.85977
2.78778
2.62732
2.69962
3.81931
3.74065
3.5838
3.66232
3.3479
3.26829
3.11112
3.19092
3.19175
3.11308
2.95549
3.03439
4.13137
4.0518
3.89433
3.97389
3.65744
3.57791
3.42053
3.50016
3.5025
3.42272
3.26557
3.34548
4.44568
4.36685
4.20861
4.28752
3.97157
3.89272
3.73456
3.81346
3.8137
3.73455
3.57681
3.65603
0.449483
0.414509
0.53281
0.382924
0.26372
0
1.57548
1.45665
1.50429
1.33246
1.28272
1.04568
2.42035
2.24219
2.2276
2.05738
2.07047
1.89805
2.99556
2.78416
2.73067
2.56776
2.62064
2.50118
3.40484
3.17711
3.10513
2.94692
3.01879
2.92839
3.74015
3.50551
3.42703
3.27019
3.34871
3.26934
4.05349
3.81662
3.73702
3.57985
3.65951
3.58214
4.36658
4.12945
4.05046
3.89244
3.97151
3.89296
1.04037
0.962051
0.880454
0.794886
0.791137
0.84042
0.686334
0.640239
0.497499
0.432993
0.34881
0.303009
0.221906
0.105204
0
2.03626
1.88405
1.72538
1.70946
1.55484
1.54057
1.36469
1.3822
1.20861
1.21244
1.19744
1.04304
1.03158
0.868604
2.7357
2.53822
2.33466
2.37068
2.12138
2.06724
1.89412
1.95017
1.77524
1.82395
1.86125
1.64775
1.68766
1.51103
3.21428
2.99315
2.76831
2.83277
2.53789
2.465
2.30022
2.37401
2.20729
2.27808
2.3437
2.10924
2.17618
2.00516
3.5776
3.34558
3.11213
3.18837
2.87637
2.79714
2.63772
2.71737
2.55699
2.63587
2.71297
2.47429
2.55199
2.38895
3.89769
3.66156
3.42525
3.50473
3.18836
3.10828
2.95072
3.03099
2.87321
2.95356
3.0336
2.79541
2.87573
2.71704
4.20946
3.97233
3.73538
3.81481
3.49848
3.41918
3.26163
3.341
3.18354
3.26317
3.34292
3.10575
3.18562
3.02818
4.52516
4.44654
4.28812
4.20934
4.05099
4.1298
3.97219
3.8139
3.73521
3.57698
3.65572
3.49773
3.57657
3.65551
3.41874
3.49771
3.34003
0.136047
1.26715
2.1551
2.76965
3.20026
3.54309
3.85735
4.16923
0.721742
0.605544
0.123468
1.74785
1.46146
1.05821
2.49214
2.10105
1.80833
3.00124
2.55852
2.34762
3.37801
2.91368
2.7442
3.70156
3.22964
3.07387
4.01281
3.53899
3.38409
4.32714
3.85305
3.69524
0.431657
0.398654
0.129554
1.51646
1.39551
1.16604
2.33184
2.15087
1.98623
2.89032
2.67674
2.56219
3.29119
3.06241
2.97417
3.62287
3.38797
3.30919
3.93502
3.69824
3.62082
4.24799
4.01094
3.93218
1.00143
0.921855
0.66509
0.837128
0.741311
0.537295
0.366807
0.327611
0.114975
1.96068
1.80581
1.60895
1.64198
1.46278
1.2987
1.26671
1.12332
0.937185
2.63751
2.43741
2.30081
2.22947
2.00977
1.88825
1.96105
1.7571
1.61548
3.10406
2.88131
2.78262
2.6539
2.42006
2.32672
2.45685
2.22794
2.12265
3.4617
3.22909
3.14708
2.99458
2.75743
2.67687
2.83048
2.59427
2.50894
3.77961
3.54345
3.46594
3.30689
3.06964
2.99231
3.15208
2.91472
2.83655
4.09086
3.85384
3.77588
3.61692
3.38004
3.30204
3.46141
3.22436
3.14693
4.40665
4.16956
4.09009
3.93243
3.69541
3.61611
3.77396
3.5371
3.4584
0
0.30245
0.998252
1.90762
2.87664
3.84653
4.80647
5.75869
6.70676
1
1.20101
1.69947
2.41835
3.26518
4.17839
5.12117
6.07324
7.02428
0.106175
0.712117
1.06927
0.5
0.609869
1.32625
1.41587
1.43849
2.15292
2.03785
2.39007
3.06704
2.83031
3.36273
4.01116
3.71626
4.32768
4.96359
4.64766
5.28333
5.91615
5.59685
6.23301
6.8657
6.54929
0.540322
0.981833
1.72271
2.60386
3.53719
4.48702
5.44013
6.39137
0.056207
0.314817
0.497688
0.25
0.44408
0.788585
0.836119
0.499247
1.21349
1.57537
1.51924
1.15597
2.14788
2.49368
2.37642
2.02606
3.1199
3.44817
3.30148
2.96936
4.08743
4.40658
4.24894
3.92762
5.04511
5.36153
5.2019
4.88459
5.99595
6.31232
6.15388
5.83741
0.188785
0.612772
0.944172
1.12386
0.789494
1.03877
0.75
0.795869
1.1462
1.50791
1.54997
1.19039
1.29896
1.67058
1.93453
2.28502
2.22355
1.87797
1.86265
2.63321
2.83431
3.16675
3.04534
2.71737
2.62098
3.60496
3.77384
4.09538
3.94621
3.62742
3.48905
4.56735
4.72527
5.04272
4.88403
4.56781
4.41233
5.52117
5.67823
5.99481
5.83503
5.51871
5.35884
6.46993
6.78643
6.62863
6.94487
6.78697
6.47034
6.31136
0.266564
0.632411
1.36061
2.25842
3.20858
4.1672
5.1232
6.07497
0.392457
0.854099
0.751669
0.964245
1.34146
1.05712
1.79784
2.07769
1.68743
2.73089
2.94034
2.49862
3.68791
3.86069
3.39596
4.64572
4.80505
4.33118
5.5996
5.7568
5.28065
6.54948
6.70773
6.23269
0.034235
0.15924
0.254982
0.125
0.369836
0.536396
0.562723
0.398967
1.10442
1.2855
1.25686
1.07547
2.02743
2.20203
2.1418
1.9656
2.99832
3.16355
3.0889
2.92221
3.96706
4.12698
4.04743
3.88667
4.92585
5.08405
5.00393
4.84538
5.87735
6.03548
5.95622
5.79804
0.143244
0.288721
0.349854
0.208761
0.573099
0.730467
0.818556
0.661563
0.492668
0.621479
0.745783
0.625
0.700485
0.878329
0.874191
0.697431
1.06189
1.24216
1.26389
1.0841
0.771241
0.944274
0.998
0.825473
1.55377
1.73286
1.68577
1.50547
1.8277
2.00549
1.9768
1.79951
1.4213
1.60226
1.59619
1.41572
2.51157
2.68115
2.61209
2.44086
2.71876
2.88721
2.82838
2.66042
2.26411
2.43722
2.39111
2.21853
3.48393
3.64594
3.56804
3.40486
3.65542
3.81729
3.74386
3.58231
3.18407
3.3487
3.28104
3.11683
4.44759
4.60633
4.52618
4.36687
4.60613
4.7652
4.68637
4.52745
4.13
4.29009
4.21316
4.0533
5.40229
5.56035
5.4806
5.32236
5.5592
5.71754
5.63776
5.47945
5.08275
5.24131
5.16166
5.00319
6.35148
6.50977
6.43092
6.27271
6.51003
6.66817
6.58907
6.43086
6.03504
6.19329
6.11377
5.9555
0.0768732
0.28703
0.42506
0.51513
0.37953
0.375
0.524069
0.707833
0.883353
0.906476
0.732245
0.603513
1.32491
1.46688
1.64786
1.61981
1.43859
1.2396
2.2688
2.37575
2.54813
2.48972
2.31667
2.08861
3.24139
3.32834
3.49238
3.4192
3.25465
3.01775
4.20764
4.28692
4.44668
4.36795
4.20791
3.96919
5.16427
5.2424
5.40081
5.32103
5.16251
4.92403
6.1145
6.19367
6.35186
6.27265
6.11444
5.87678
0.241706
0.442345
0.659221
0.500302
0.896182
1.06896
1.1599
0.984733
1.09389
0.924976
0.767388
1.05108
0.890768
1.02457
0.875
0.895165
1.0583
1.23446
1.05354
1.42293
1.60251
1.62297
1.44401
1.48098
1.30083
1.12142
1.35528
1.17508
1.24765
1.78859
1.91134
2.043
1.86517
2.1805
2.3518
2.31992
2.15054
2.12951
1.95755
1.78146
1.94888
1.77431
1.77951
2.75492
2.85001
2.95043
2.78206
3.05316
3.21635
3.15472
2.99321
2.93718
2.77417
2.60741
2.72489
2.56005
2.51878
3.72583
3.80778
3.89243
3.73063
3.97788
4.13716
4.06206
3.90377
3.83093
3.67219
3.51144
3.60228
3.44287
3.37666
4.68698
4.76519
4.84443
4.6854
4.92384
5.08208
5.00252
4.84471
4.76573
4.60794
4.4494
4.52985
4.37199
4.29517
5.63997
5.71853
5.79721
5.6389
5.87582
6.03407
5.95414
5.79598
5.71593
5.55787
5.39967
5.47782
5.31986
5.23996
6.58835
6.74667
6.66799
6.8261
6.74718
6.58908
6.90528
6.82632
6.98452
6.90569
6.74733
6.66817
6.50982
6.35154
6.43035
6.27204
6.19231
0.141905
0.464437
1.17905
2.08344
3.04287
4.00688
4.96476
5.91679
0.24474
0.692667
0.617055
0.785591
1.16105
0.882107
1.61837
1.90153
1.50752
2.56087
2.77341
2.32724
3.52544
3.69965
3.23252
4.48665
4.64629
4.17161
5.44139
5.5985
5.12224
6.39126
6.54955
6.07442
0.180236
0.398439
0.372008
0.614147
0.805221
0.664893
1.3944
1.54209
1.33766
2.32121
2.43204
2.20215
3.28423
3.37343
3.13608
4.24698
4.3273
4.08854
5.20325
5.28168
5.04329
6.15412
6.23318
5.99564
0.340164
0.548548
0.459074
0.774874
1.02406
0.951807
0.637789
0.90487
0.880374
0.975057
1.14478
0.966275
1.32718
1.52151
1.37042
1.01177
1.2357
1.11951
1.84867
1.97622
1.75564
2.11122
2.25023
2.05293
1.69968
1.86463
1.6869
2.80162
2.89972
2.66484
3.0017
3.10432
2.88313
2.54831
2.66644
2.45513
3.76635
3.84988
3.61145
3.93518
4.02026
3.78772
3.46531
3.55722
3.32923
4.7259
4.80473
4.56605
4.88417
4.96333
4.72623
4.40871
4.48985
4.25442
5.67923
5.75787
5.51988
5.83654
5.91503
5.67692
5.36038
5.43884
5.20093
6.62825
6.70761
6.4705
6.78674
6.86596
6.62861
6.31211
6.39096
6.15308
