FiniteElementSpace
FiniteElementCollection: H1_2D_P2
VDim: 2
Ordering: 0

0
-0.00329416
0.00227725
0.015903
0.0296372
0.0337962
0.0240039
0.00354763
-0.0202853
0
0.00631823
0.0150584
0.0252892
0.0330241
0.0331745
0.0226288
0.00264186
-0.0213848
-0.00231523
0.000845087
0.00292759
0
-0.00179038
0.00808974
0.0103621
0.00846257
0.0206311
0.0201796
0.0234075
0.0321563
0.029795
0.033377
0.0347275
0.0343245
0.0305946
0.0243565
0.0292777
0.0146813
0.00354444
0.0135447
-0.00838577
-0.0207922
-0.00927229
-0.000133688
0.00358357
0.0139984
0.027044
0.0349593
0.0311493
0.0148784
-0.00866067
-0.00111703
-0.00119379
-0.000106378
0
-0.00287226
0.000876561
0.00198372
-0.00123944
0.0051501
0.0112604
0.0109041
0.00518053
0.0197304
0.0253471
0.0239315
0.01834
0.0318817
0.0343859
0.0339005
0.031068
0.0326452
0.0311411
0.0333586
0.0345153
0.0196306
0.0149908
0.0199069
0.0244366
-0.00238154
-0.00846252
-0.00251145
0.00368422
-0.00308092
0.000154341
0.00322683
0.00454766
0.00110574
0.00143299
0
-5.97034e-05
0.00563087
0.0112641
0.0126374
0.0066113
0.00825376
0.0120942
0.017278
0.0229025
0.02277
0.0168827
0.0175888
0.0267639
0.0298302
0.0328545
0.0316117
0.0285315
0.0276588
0.0340336
0.0352528
0.0343422
0.0340806
0.035005
0.0339523
0.02769
0.02813
0.0237661
0.0262851
0.0305678
0.0315772
0.00927788
0.0093834
0.00317576
0.0082726
0.0143864
0.0183589
-0.0143578
-0.0205339
-0.0147922
-0.0210914
-0.015351
-0.0089523
-0.00324147
-0.00053335
-0.000464881
0.00803902
0.0219277
0.0330864
0.0332662
0.0200065
-0.00234885
-0.00146561
0.00202662
0.000385733
0.00277169
0.00879175
0.00475225
0.0147366
0.0198874
0.013982
0.0284434
0.0309138
0.0258219
0.0348806
0.0350528
0.0342484
0.0281768
0.0275253
0.0328477
0.00950771
0.00895458
0.0193576
-0.0145416
-0.01508
-0.00283166
-0.000400974
-0.000795967
-0.000175863
0
-0.0031677
-0.00165979
-0.000922951
-0.00225763
0.0036508
0.00661054
0.00655828
0.00374205
0.0178268
0.0208589
0.0201453
0.0171477
0.0308519
0.0325308
0.0321611
0.0303948
0.0333404
0.0330195
0.0340018
0.0342161
0.0218989
0.0198807
0.0223016
0.024286
0.000599635
-0.00234029
0.000685842
0.00365266
-0.00276
-0.00226294
-0.00138777
-0.00173966
-3.61739e-05
0.00103997
0.00153722
0.000441605
-3.19978e-05
0.000114483
0.000148267
0
-0.00100637
0.00136689
0.00175657
-0.000447523
0.00455327
0.0071543
0.00766331
0.00503729
0.00135715
0.00330776
0.00394839
0.00197903
0.010247
0.013438
0.0129742
0.00988068
0.0156215
0.0185635
0.0183775
0.0154086
0.00945685
0.0124004
0.0125962
0.00962578
0.0251404
0.0276415
0.0269456
0.0244111
0.0284857
0.030413
0.0297694
0.0278138
0.0222958
0.0248872
0.0243804
0.0217619
0.0338206
0.0345132
0.0347385
0.0339329
0.0352047
0.0352336
0.0351194
0.0350573
0.0331071
0.0341407
0.0336241
0.0325601
0.0292493
0.0280004
0.0297605
0.030934
0.0297373
0.0279009
0.0291386
0.0309378
0.0341481
0.033186
0.0336922
0.0346183
0.0120292
0.00944016
0.0122998
0.014892
0.0121817
0.00920396
0.0117211
0.0146778
0.0222102
0.019688
0.0216377
0.0241265
-0.0113818
-0.0144418
-0.0115115
-0.00841045
-0.0117345
-0.0149348
-0.0120216
-0.00879846
0.000535953
-0.00265554
0.000193371
0.00338511
-0.00177199
-0.000900062
-0.000666095
-0.000147719
-0.000321386
0
-0.0024164
0.000134858
0.00221037
0.00272656
0.00073989
-0.000214347
0.00675768
0.00961052
0.0126256
0.0124217
0.00946175
0.00662053
0.0216015
0.0236684
0.0262233
0.0255194
0.0229488
0.0194964
0.0327355
0.0338326
0.034731
0.0345202
0.0335453
0.0316565
0.0317351
0.0323117
0.0312144
0.0323569
0.0333816
0.0346887
0.0172221
0.0175646
0.0149844
0.0174581
0.020014
0.0244598
-0.00538236
-0.00540295
-0.00854685
-0.00558136
-0.00240735
0.00364622
-0.00326659
-0.00141879
0.000446046
-0.000667583
0.00258826
0.00465329
0.00541581
0.00317533
0.00372208
0.00191754
0.000722528
0.00216973
0.000798847
0.000654552
0
0.00103494
0.00391513
0.00681207
0.00418332
0.00999435
0.0130589
0.0138334
0.0106018
0.011482
0.0083675
0.00564098
0.00928871
0.00638151
0.00726717
0.013987
0.0165311
0.0189527
0.0160105
0.0213996
0.0240745
0.0240422
0.021282
0.0214788
0.0184621
0.0154142
0.0188808
0.0156977
0.0163139
0.0282756
0.029824
0.0310579
0.029173
0.0319446
0.0330197
0.0323698
0.0313211
0.0307453
0.0291961
0.0272092
0.0287587
0.0267461
0.026496
0.0340348
0.0348081
0.0350937
0.0351303
0.0347929
0.0338725
0.0337094
0.0346811
0.0342791
0.0347737
0.0347096
0.034208
0.0341979
0.0335494
0.0259425
0.0263988
0.0263326
0.0282206
0.0257309
0.0232699
0.0245366
0.0269919
0.0278655
0.030022
0.0318039
0.0305133
0.0323212
0.0324609
0.00644565
0.00663032
0.00649907
0.0094867
0.00610128
0.00292496
0.00549507
0.00864196
0.0109598
0.0140078
0.0169361
0.0160148
0.0189155
0.0205665
-0.0173212
-0.0204107
-0.0175473
-0.0206581
-0.0178146
-0.0146594
-0.0209371
-0.0181097
-0.021246
-0.0183858
-0.0152217
-0.0123148
-0.0091136
-0.00588464
-0.0062467
-0.00303043
-0.000275988
-0.000258793
-0.00203617
0.00511917
0.0190138
0.0315501
0.0337324
0.0221639
0.000673661
-0.00206162
0.000703264
3.92626e-05
0.00038537
0.00604932
0.00259373
0.0116314
0.0169737
0.0109793
0.0260782
0.0291613
0.0233408
0.0343324
0.0352404
0.0334264
0.0295709
0.0295145
0.0340037
0.0122162
0.0119916
0.0219845
-0.0114361
-0.0118735
0.00038508
-0.00131732
-0.000523032
-0.000106835
-0.00113153
0.00141092
0.000198534
0.00820168
0.0110092
0.00799523
0.0226663
0.0246172
0.0212355
0.0333322
0.0342314
0.0326822
0.0320877
0.0324036
0.0341432
0.0174523
0.017565
0.0223162
-0.00537331
-0.0054735
0.000638209
-0.0023327
-0.000501314
-0.000719912
0.00146305
0.00388547
0.0025237
0.000247677
0.00135008
0.000285871
0.00248716
0.00534717
0.00313593
0.00834878
0.0118055
0.00945575
0.00412315
0.00734348
0.00548626
0.0152833
0.0177488
0.0142974
0.0201639
0.0226867
0.0198698
0.0138803
0.0170684
0.0143593
0.0290891
0.0304811
0.0277475
0.0315493
0.0322275
0.0303037
0.0263825
0.0280037
0.0254305
0.0344787
0.0350164
0.0350326
0.0350259
0.0343664
0.0348121
0.0346859
0.0345632
0.0336769
0.0262366
0.026431
0.0298172
0.0261012
0.0252136
0.0285955
0.0321618
0.0312632
0.0331888
0.00658013
0.00660125
0.0122863
0.0063301
0.00582036
0.0113757
0.0172477
0.0165252
0.0211669
-0.0174292
-0.0176755
-0.011612
-0.0179607
-0.0182544
-0.0121715
-0.00572104
-0.00606312
-3.01606e-05
0
-0.00875524
-0.0246025
-0.0378797
-0.041963
-0.0374694
-0.0302916
-0.0253331
-0.023396
0
-0.00572596
-0.0162947
-0.027431
-0.0359316
-0.0415523
-0.0453715
-0.0473642
-0.0469949
-0.00318297
-0.00654279
-0.00228584
0
-0.01638
-0.0205523
-0.0106337
-0.0321187
-0.0332811
-0.0220623
-0.0412165
-0.0395348
-0.0320887
-0.040471
-0.0396871
-0.0390313
-0.0338219
-0.0377442
-0.0436473
-0.0273899
-0.0362947
-0.046656
-0.0240865
-0.0352635
-0.0474228
-0.00163576
-0.0132224
-0.027513
-0.0373327
-0.0401459
-0.0387369
-0.0369287
-0.0357467
-0.00159266
-0.00222852
-0.000215915
0
-0.0124041
-0.0147023
-0.00973212
-0.00750094
-0.0285216
-0.0298083
-0.0241359
-0.0225294
-0.0398742
-0.0393011
-0.0355396
-0.0355973
-0.0414575
-0.0403327
-0.0400106
-0.0407755
-0.035674
-0.0363202
-0.0392406
-0.0386054
-0.028742
-0.0322512
-0.0373099
-0.0340831
-0.0246184
-0.029993
-0.0360147
-0.0309166
-0.00562041
-0.00379899
-0.00591758
-0.00377899
-0.00157949
-0.00132413
0
-0.0205029
-0.0168734
-0.0185316
-0.0134129
-0.0118824
-0.0080416
-0.035271
-0.0305872
-0.0306758
-0.024821
-0.025024
-0.0192008
-0.0419028
-0.038657
-0.0380175
-0.0341109
-0.035048
-0.02986
-0.039105
-0.0400129
-0.0406776
-0.0403531
-0.0397682
-0.037565
-0.0320032
-0.0382264
-0.041441
-0.0445574
-0.0411445
-0.0426467
-0.0262531
-0.0365946
-0.0416975
-0.0470901
-0.0416488
-0.0460769
-0.0236979
-0.0293716
-0.0354953
-0.0410998
-0.0472424
-0.0414929
-0.0474724
-0.000674934
-0.0109434
-0.0263029
-0.0377302
-0.0407593
-0.0374898
-0.0331051
-0.0304115
-0.00454157
-0.00348305
-0.000292361
-0.0186154
-0.0151768
-0.00875765
-0.0329358
-0.0279892
-0.0218447
-0.0403072
-0.0367029
-0.0330374
-0.0395836
-0.0403016
-0.0390242
-0.0351667
-0.0413044
-0.0409451
-0.0315246
-0.0417003
-0.041558
-0.0296535
-0.0413017
-0.041629
-0.000925096
-0.00108486
-0.000247842
0
-0.0105229
-0.0116408
-0.00917207
-0.00809171
-0.0265943
-0.0273959
-0.0244422
-0.023546
-0.0389601
-0.0387934
-0.036733
-0.0367286
-0.041779
-0.0411043
-0.0408239
-0.0413635
-0.0365859
-0.0365915
-0.0380593
-0.0380423
-0.0294941
-0.0309561
-0.0335793
-0.0322142
-0.0249516
-0.0275501
-0.0306522
-0.0281646
-0.00429642
-0.00504202
-0.00329469
-0.00266802
-0.00263811
-0.00357937
-0.00245997
-0.0015281
5.81446e-05
-0.000174691
4.13282e-06
0
-0.0184324
-0.0195349
-0.0166494
-0.0155125
-0.0150368
-0.0160253
-0.0135159
-0.0125375
-0.00809172
-0.00921426
-0.00729593
-0.00618378
-0.0337594
-0.0340921
-0.0314257
-0.03095
-0.0290931
-0.0293357
-0.0265372
-0.026307
-0.0223634
-0.0230176
-0.0201993
-0.0195564
-0.041644
-0.041098
-0.0398741
-0.0402509
-0.0380521
-0.0377354
-0.0359185
-0.0362483
-0.0344668
-0.034346
-0.0318985
-0.0320324
-0.0398305
-0.0393455
-0.0399928
-0.0404001
-0.0401079
-0.0401813
-0.0400573
-0.0399909
-0.039819
-0.0395602
-0.0385559
-0.0388264
-0.0329037
-0.0336058
-0.0357376
-0.0350859
-0.0384798
-0.0397557
-0.0412279
-0.0399375
-0.0394744
-0.0400978
-0.0408219
-0.0401965
-0.0267945
-0.0289289
-0.0318723
-0.0298579
-0.0367564
-0.0391289
-0.0416803
-0.0392699
-0.0375203
-0.0394163
-0.0415021
-0.039578
-0.0238785
-0.0266888
-0.0298133
-0.0270651
-0.035618
-0.0383931
-0.0414026
-0.03861
-0.0361528
-0.0388081
-0.0416717
-0.0389793
-0.00226776
-0.00134998
-0.0018784
-0.000824673
-0.000388736
0
-0.0143598
-0.0127936
-0.013941
-0.0114492
-0.0103076
-0.0069832
-0.0303699
-0.0280966
-0.02867
-0.0258566
-0.0252224
-0.0215364
-0.0406314
-0.0385871
-0.0383378
-0.0364946
-0.036655
-0.0344571
-0.0410207
-0.0405922
-0.0402538
-0.0401161
-0.0404019
-0.0401742
-0.0347497
-0.0369069
-0.0375353
-0.0389922
-0.038373
-0.0391559
-0.02804
-0.0326621
-0.0345993
-0.0371127
-0.0352155
-0.0359206
-0.0243319
-0.0301922
-0.0328812
-0.0358791
-0.0332244
-0.0336168
-0.00710618
-0.00595013
-0.00510725
-0.00412356
-0.00464378
-0.00575643
-0.00470545
-0.00353639
-0.00297837
-0.00181825
-0.000861446
-0.00174
-0.000669978
-0.000824779
0
-0.0225652
-0.0205815
-0.0187175
-0.0177317
-0.0168534
-0.017451
-0.0148464
-0.0143094
-0.0120066
-0.0112477
-0.0102927
-0.00931101
-0.00836277
-0.00684697
-0.0366512
-0.0343297
-0.0319854
-0.0317759
-0.0293699
-0.0291582
-0.0261446
-0.0264988
-0.0234557
-0.0236214
-0.0234561
-0.0206398
-0.0205821
-0.0177487
-0.0420113
-0.0406061
-0.0391489
-0.0395026
-0.0374001
-0.0370668
-0.0350434
-0.0355108
-0.0331229
-0.0336785
-0.0340864
-0.0309974
-0.0315591
-0.028667
-0.0383153
-0.0391173
-0.0398691
-0.0398102
-0.0405057
-0.0411321
-0.040966
-0.0403645
-0.0397077
-0.0394571
-0.0394252
-0.0383161
-0.0383709
-0.0367686
-0.0311304
-0.0346135
-0.03798
-0.0367031
-0.041375
-0.043365
-0.044977
-0.0428996
-0.0441137
-0.042378
-0.041051
-0.0431581
-0.0417943
-0.0421113
-0.0257668
-0.0312066
-0.0364412
-0.0340701
-0.0417064
-0.0444826
-0.047248
-0.0443442
-0.0468924
-0.0441014
-0.0416073
-0.0463835
-0.0437696
-0.0457388
-0.0235398
-0.0263906
-0.0295105
-0.0323297
-0.0353788
-0.0325867
-0.0381793
-0.0411971
-0.0440225
-0.0471198
-0.0442417
-0.0473468
-0.0444209
-0.0415689
-0.0474665
-0.0445074
-0.0474392
-0.000526273
-0.00981343
-0.0255002
-0.0378369
-0.0412961
-0.0373296
-0.0315664
-0.0278398
-0.00375776
-0.00247838
8.55264e-05
-0.0175148
-0.0142691
-0.00765528
-0.03258
-0.0278584
-0.0213024
-0.0407512
-0.0370423
-0.0332387
-0.039911
-0.0401116
-0.0392342
-0.0343383
-0.0398472
-0.0401576
-0.0293722
-0.0391995
-0.0394949
-0.0268648
-0.0385027
-0.0388969
-0.00177113
-0.00103028
-5.46547e-05
-0.0135463
-0.0120957
-0.0085976
-0.0292183
-0.0269829
-0.0234022
-0.0396006
-0.0375614
-0.035619
-0.0408031
-0.0403698
-0.0403395
-0.0358403
-0.0379568
-0.0387755
-0.030386
-0.034896
-0.0355572
-0.0272928
-0.0330469
-0.0334138
-0.00649129
-0.00548618
-0.00291612
-0.00482132
-0.00459385
-0.00261228
-0.000756816
-0.00117573
-0.000245368
-0.0215515
-0.0196411
-0.0158262
-0.017793
-0.0158763
-0.0127634
-0.0108482
-0.00977807
-0.00701999
-0.0354796
-0.0331738
-0.0302713
-0.0307287
-0.0278575
-0.0250833
-0.0246895
-0.0221173
-0.019023
-0.0413019
-0.0398973
-0.0389838
-0.0383277
-0.0363207
-0.0346287
-0.0353486
-0.0326533
-0.0303914
-0.0387191
-0.0395039
-0.0400635
-0.0402065
-0.0407629
-0.03993
-0.0398091
-0.0389379
-0.0377472
-0.0328956
-0.0363034
-0.0371152
-0.0396651
-0.0431393
-0.0426458
-0.0400223
-0.0420944
-0.0414741
-0.0285269
-0.0338348
-0.0343242
-0.039056
-0.0444272
-0.0442349
-0.0393416
-0.0439455
-0.0435754
-0.0265339
-0.0324572
-0.0327274
-0.0382846
-0.0441311
-0.044341
-0.0387121
-0.0444774
-0.0445094
