FiniteElementSpace
FiniteElementCollection: L2_2D_P3
VDim: 1
Ordering: 0

0.0154878
0.0101395
0.013726
0.0179344
0.00709616
0.00614537
0.0102843
0.0149207
0.002468
0.0031364
0.00656396
0.0103481
0.00156026
0.00202474
0.00428229
0.00671254
0.0114317
0.0111877
0.0109607
0.0108557
0.00930633
0.00909828
0.00890702
0.00882085
0.00678964
0.0066256
0.00647743
0.00641335
0.00508283
0.00495117
0.00483302
0.0047827
0.00932447
0.00917987
0.00905974
0.00901964
0.00753586
0.00741191
0.00731009
0.00727743
0.0054311
0.00533362
0.00525535
0.00523237
0.00401339
0.00393631
0.00387529
0.00385845
0.00790204
0.00774625
0.00759945
0.00752955
0.00633375
0.00620235
0.00608023
0.00602382
0.00451235
0.00441149
0.00432017
0.00428049
0.00330198
0.00322387
0.00315459
0.00312609
0.00577789
0.00557713
0.00535286
0.00520899
0.00459138
0.00442725
0.00424625
0.00413214
0.00323491
0.0031147
0.00298525
0.00290637
0.00234957
0.00226008
0.00216597
0.00211072
0.0030593
0.00288034
0.00266558
0.0025148
0.00241758
0.00227461
0.00210481
0.00198699
0.00170044
0.00159927
0.00148152
0.00140176
0.00124572
0.00117248
0.00108924
0.00103458
0.000943478
0.000849154
0.000734919
0.000654007
0.000755015
0.000680388
0.000590871
0.000528138
0.000553451
0.000500813
0.000438921
0.000396533
0.000433583
0.000394836
0.000350425
0.00032094
8.56038e-05
6.73684e-05
4.70181e-05
3.40329e-05
7.86519e-05
6.31601e-05
4.59307e-05
3.4945e-05
7.41041e-05
6.1287e-05
4.71642e-05
3.82189e-05
7.42637e-05
6.26952e-05
5.00952e-05
4.22064e-05
0.0124873
0.0123598
0.0122901
0.0123085
0.0104374
0.0102548
0.0101065
0.0100595
0.00790904
0.00769153
0.00748567
0.00738546
0.0061277
0.00590678
0.00568561
0.00556547
0.000506244
0.000473731
0.000444121
0.000429385
0.000138747
0.000123955
0.000107396
9.60999e-05
0.000458539
0.000439682
0.000396914
0.000350928
0.00137978
0.00134125
0.00124967
0.0011493
0.000530138
0.000176911
0.000134999
0.00026484
0.000577388
0.000180642
1.11366e-05
2.78784e-05
0.000644892
0.000321914
0.000326952
0.000490858
0.000912204
0.00063701
0.00099371
0.00151843
0.0101966
0.0100131
0.00985061
0.00978427
0.00826969
0.00811362
0.00797731
0.00792371
0.00599215
0.0058702
0.0057662
0.00572806
0.00445121
0.00435475
0.00427359
0.00424508
0.000257151
0.00024526
0.000235447
0.000232144
3.04981e-05
2.86043e-05
2.51871e-05
2.16939e-05
0.000283235
0.00028984
0.000285124
0.000271353
0.000951647
0.000960225
0.000945723
0.00091532
0.000348228
0.00032788
0.000309298
0.000300873
6.45405e-05
5.87249e-05
5.13886e-05
4.56326e-05
0.000320039
0.000325189
0.00031751
0.000300602
0.00106336
0.00106877
0.00104661
0.00100784
0.00863548
0.00849724
0.00837967
0.00833715
0.00695132
0.0068331
0.0067337
0.00669904
0.00498178
0.00488924
0.00481324
0.00478881
0.00366347
0.00359068
0.00353186
0.00351413
0.000178255
0.000171985
0.000167646
0.000167182
1.29947e-05
1.44675e-05
1.46771e-05
1.34594e-05
0.000256686
0.00026562
0.000265164
0.000255603
0.000839431
0.000851435
0.000844731
0.000822719
0.000208647
0.000200703
0.000194807
0.000193606
1.61252e-05
1.63882e-05
1.52008e-05
1.30243e-05
0.000262954
0.000271235
0.000269294
0.000258091
0.000881635
0.000893396
0.000884866
0.000860296
0.0069639
0.00678186
0.00659229
0.00648295
0.00555737
0.00540633
0.00525126
0.00516384
0.00393588
0.00382274
0.00370953
0.00364851
0.00286716
0.00278128
0.0026973
0.00265401
0.000143484
0.000139745
0.000138477
0.000140316
3.60605e-05
3.96198e-05
4.35029e-05
4.59627e-05
0.000263195
0.000269797
0.000269796
0.000263468
0.000752335
0.000755153
0.000742752
0.000721502
0.000156335
0.00015122
0.000148119
0.00014845
1.87438e-05
2.12997e-05
2.31493e-05
2.34134e-05
0.000258103
0.000266535
0.000266659
0.000258573
0.000802287
0.000811183
0.000802763
0.000781362
0.0044233
0.00422263
0.00398815
0.00382862
0.00350229
0.00334029
0.00315314
0.00302757
0.00245986
0.00234347
0.0022119
0.00212603
0.00178787
0.00170266
0.00160857
0.00154916
0.000152045
0.000149975
0.000151531
0.000156105
0.000100867
0.000103231
0.000108127
0.000113432
0.000260982
0.000259554
0.000255818
0.000251877
0.000574503
0.000561695
0.000540047
0.000520283
0.000142732
0.000140264
0.000140935
0.000144541
6.56947e-05
6.94159e-05
7.46968e-05
7.92131e-05
0.000266933
0.000270109
0.000268848
0.000264107
0.000677961
0.000672845
0.000655483
0.000634661
0.00185756
0.00171708
0.0015465
0.00142518
0.00147068
0.00135932
0.0012254
0.00113118
0.00104572
0.000967582
0.000875441
0.000812079
0.000782604
0.000726119
0.000661135
0.000617794
0.00016385
0.000159139
0.000157337
0.000159258
0.000140001
0.000136597
0.000135743
0.000137851
0.000197557
0.000188864
0.000180442
0.000176308
0.000313884
0.000295305
0.000273758
0.000259471
0.000162757
0.000159837
0.000160499
0.0001645
0.00012927
0.000128949
0.000131514
0.000135881
0.000237999
0.000232133
0.000225593
0.00022168
0.000447603
0.000429818
0.00040643
0.000388772
0.000364578
0.000313958
0.000253957
0.000212565
0.000301571
0.000261023
0.000213413
0.000180907
0.00023793
0.000208258
0.000174097
0.000151288
0.000203736
0.000180565
0.000154515
0.00013761
0.000111733
0.000103728
9.62097e-05
9.2504e-05
9.77055e-05
9.05492e-05
8.3997e-05
8.09349e-05
9.4596e-05
8.63326e-05
7.83797e-05
7.42923e-05
0.000104075
9.32017e-05
8.20671e-05
7.57263e-05
0.000147382
0.000140685
0.000135747
0.000134758
0.000128638
0.000122745
0.000118538
0.000117884
0.000146642
0.000137308
0.000128523
0.000124322
0.000194379
0.000178757
0.000161972
0.00015183
5.6025e-06
3.31662e-06
1.28975e-06
4.42552e-07
8.20809e-06
5.44083e-06
2.75399e-06
1.36036e-06
1.19337e-05
8.44469e-06
4.91303e-06
2.92182e-06
1.49037e-05
1.07153e-05
6.4889e-06
4.11026e-06
1.73831e-05
1.27582e-05
8.07313e-06
5.37881e-06
1.53202e-05
1.12218e-05
7.0773e-06
4.69994e-06
1.29529e-05
9.43767e-06
5.89591e-06
3.8775e-06
1.1337e-05
8.19824e-06
5.06013e-06
3.29422e-06
6.30943e-05
5.53987e-05
4.73234e-05
4.24463e-05
5.52247e-05
4.84385e-05
4.14339e-05
3.72958e-05
4.82661e-05
4.19674e-05
3.55543e-05
3.18468e-05
4.53881e-05
3.89171e-05
3.23429e-05
2.85727e-05
0.0139201
0.0132501
0.0126218
0.0122723
0.0117525
0.0112377
0.0106826
0.0103411
0.00881648
0.0085049
0.0081769
0.00798155
0.0065299
0.0064301
0.00634628
0.00631841
0.00534927
0.00532019
0.00536597
0.00541446
0.00340027
0.00344985
0.00357411
0.00369827
0.00156621
0.00163725
0.00176323
0.0018813
0.000679999
0.000736473
0.000823587
0.000890348
0.00121287
0.00145393
0.00332288
0.00531322
0.000726012
0.000824382
0.00203437
0.00339708
0.000512414
0.00037487
0.000851526
0.00151469
0.00050883
0.000219288
0.000297973
0.000570588
0.0107668
0.010553
0.0103574
0.0102705
0.00874665
0.00856534
0.00840178
0.00833147
0.00635644
0.00621487
0.00609
0.00603932
0.00473726
0.00462493
0.00452697
0.00448845
0.00395093
0.00385263
0.00376794
0.00373579
0.00262526
0.00255086
0.00248997
0.00247035
0.00127012
0.00122506
0.00119025
0.00118137
0.000557441
0.000532852
0.000512903
0.000506617
0.00425354
0.00413731
0.00403376
0.00399048
0.00284775
0.00275842
0.00268208
0.00265352
0.00140126
0.00134594
0.0013007
0.00128592
0.000634489
0.000603234
0.000576355
0.000566022
0.00897205
0.00883437
0.00872032
0.00868262
0.007237
0.00711891
0.00702212
0.00699133
0.00520134
0.00510848
0.00503408
0.00501241
0.00383428
0.00376094
0.00370303
0.00368724
0.00317578
0.00311207
0.00306271
0.00305042
0.00207746
0.00202982
0.00199549
0.00199016
0.000968638
0.000941008
0.000922954
0.000922627
0.0003956
0.000382343
0.000373558
0.000373218
0.00332867
0.00326163
0.00320953
0.00319635
0.0021841
0.00213385
0.00209746
0.00209156
0.0010253
0.000995886
0.000976447
0.000975751
0.000423848
0.000409362
0.000399503
0.00039873
0.00746431
0.00729542
0.00712756
0.0070384
0.0059698
0.00582853
0.0056901
0.0056185
0.00424035
0.00413322
0.00403098
0.00398079
0.00309561
0.00301346
0.00293678
0.00290095
0.0025505
0.00248049
0.00241644
0.00238785
0.00165002
0.00160018
0.00155763
0.00154187
0.000754703
0.000728364
0.000708611
0.000704406
0.000303473
0.000292584
0.000285529
0.00028554
0.00272395
0.00265695
0.0025987
0.00257604
0.00176658
0.00171807
0.0016788
0.00166675
0.000810341
0.000783883
0.000764906
0.000762005
0.000324622
0.000313138
0.000305595
0.00030543
0.00511283
0.00490938
0.00467632
0.00452168
0.00405506
0.00388982
0.0037028
0.00358062
0.00285149
0.00273168
0.00259912
0.00251511
0.00207049
0.00198208
0.00188655
0.00182808
0.00170271
0.00162931
0.00155141
0.00150504
0.00110197
0.00105316
0.0010043
0.000977895
0.000519769
0.000497132
0.00047781
0.000470645
0.000239723
0.000232053
0.00022817
0.00022992
0.00193154
0.0018568
0.00177964
0.0017357
0.00124683
0.00119635
0.00114733
0.00112231
0.000578174
0.000554089
0.000534013
0.000527112
0.000251916
0.000243462
0.000238797
0.000240115
0.00242871
0.0022674
0.00207235
0.00193422
0.00191974
0.00179143
0.00163782
0.00153025
0.00135541
0.0012651
0.0011591
0.00108658
0.00100138
0.000936163
0.000861435
0.000811851
0.000835874
0.000782463
0.000722299
0.000683261
0.000566569
0.000532078
0.000495186
0.000472935
0.000315479
0.000299553
0.000285135
0.000278849
0.000203721
0.000196968
0.000193275
0.000194346
0.00103296
0.000972906
0.000905819
0.000862769
0.000687144
0.000648353
0.00060725
0.000582812
0.000361188
0.000343677
0.000328016
0.000321404
0.000212765
0.000206166
0.000202958
0.000204646
0.00061249
0.000540931
0.00045494
0.000394613
0.000496146
0.000439338
0.000371727
0.000324799
0.000374369
0.000333797
0.000286472
0.000254375
0.000304503
0.000273962
0.000239229
0.000216384
0.000271044
0.000245233
0.000216315
0.00019765
0.000212875
0.000194606
0.000174964
0.000162969
0.00016172
0.000150302
0.000139107
0.000133204
0.000142039
0.000133505
0.000125887
0.000122581
0.000377
0.00034477
0.000308425
0.000284788
0.000282006
0.000260114
0.000236542
0.000222149
0.000196894
0.000184578
0.000172819
0.000166968
0.000162394
0.00015429
0.000147707
0.000145593
2.86659e-05
2.05314e-05
1.20738e-05
7.21211e-06
3.02969e-05
2.27258e-05
1.47348e-05
9.99072e-06
3.38677e-05
2.66293e-05
1.89102e-05
1.42115e-05
3.77471e-05
3.03432e-05
2.24592e-05
1.76507e-05
3.88462e-05
3.14664e-05
2.35363e-05
1.86267e-05
3.85215e-05
3.15091e-05
2.39791e-05
1.9304e-05
3.87511e-05
3.19651e-05
2.47058e-05
2.02048e-05
3.95204e-05
3.27065e-05
2.54384e-05
2.09417e-05
7.34607e-05
6.25847e-05
5.07427e-05
4.33124e-05
6.89e-05
5.94049e-05
4.91655e-05
4.27967e-05
6.56714e-05
5.72934e-05
4.83823e-05
4.29169e-05
6.54278e-05
5.73724e-05
4.88706e-05
4.36996e-05
0.0121739
0.0119006
0.0116463
0.0115283
0.00994663
0.00970989
0.00949015
0.00938877
0.00729975
0.00710982
0.00693511
0.006856
0.00549714
0.00534344
0.00520231
0.00513865
0.00462158
0.00448482
0.00435948
0.0043032
0.00312692
0.00301918
0.0029237
0.00288392
0.00157097
0.00150268
0.00144439
0.00142226
0.00073657
0.000697059
0.000661641
0.000646428
0.00520981
0.00500323
0.00479561
0.00468253
0.00355128
0.00339709
0.00324894
0.00317412
0.00180983
0.00171858
0.00163684
0.00160099
0.000872785
0.000821921
0.000775572
0.000754767
0.000416979
0.000391495
0.000367608
0.000355979
9.19364e-05
8.36693e-05
7.37281e-05
6.63614e-05
0.000350821
0.000353777
0.000341613
0.000320128
0.00114594
0.00114796
0.00111696
0.00106823
0.00179199
0.00178659
0.00173797
0.00167012
0.00346204
0.00342675
0.00333131
0.00322168
0.00675678
0.00665526
0.00645658
0.00625591
0.0102681
0.0100869
0.0097706
0.00947057
0.00209731
0.00204955
0.00193244
0.00180237
0.00390722
0.00382932
0.00366567
0.00349551
0.00740285
0.0072951
0.00707347
0.00684454
0.0110757
0.0109492
0.0106915
0.0104259
0.000403511
0.000450757
0.000496067
0.000514365
0.000127295
0.00013787
0.000143285
0.00013879
0.000559517
0.000555109
0.000528799
0.000492851
0.00169988
0.00163475
0.00155385
0.00148269
0.00248332
0.00242541
0.00231679
0.00220875
0.00469023
0.00451836
0.00423088
0.00396909
0.00846583
0.00821157
0.00778586
0.0073923
0.0119135
0.0117277
0.0113877
0.0110218
0.00101583
0.000960975
0.00168324
0.00249394
0.00115761
0.00140685
0.00340315
0.00576579
0.00494229
0.00360223
0.00700881
0.0112159
0.0155028
0.00743585
0.0108165
0.0158122
0.00972301
0.00956313
0.00942666
0.00937673
0.00787223
0.00773565
0.00762055
0.00758008
0.00568876
0.00558167
0.00549354
0.00546498
0.00421429
0.00412963
0.00406094
0.00403984
0.00350044
0.00342677
0.00336803
0.00335123
0.00230442
0.00224918
0.00220799
0.00219963
0.00109024
0.00105768
0.00103533
0.00103327
0.000457577
0.000441067
0.000429286
0.000427561
0.00370371
0.00361965
0.00355
0.00352679
0.00244794
0.00238479
0.00233554
0.00232265
0.00116933
0.00113175
0.00110446
0.00109978
0.000500407
0.000480684
0.000465708
0.000462253
0.00022947
0.000219983
0.000212589
0.000210615
2.1481e-05
2.08474e-05
1.87214e-05
1.59839e-05
0.000270948
0.000278478
0.000275286
0.000262921
0.000911793
0.000922238
0.000911188
0.000884125
0.0014206
0.00143046
0.00141302
0.00137682
0.00271613
0.00271785
0.00268356
0.00262975
0.00520383
0.00518943
0.0051222
0.00503429
0.00780452
0.0077713
0.00767005
0.00754906
0.00148325
0.00149034
0.00146792
0.001427
0.00283981
0.00283579
0.00279232
0.00273032
0.00544996
0.00542302
0.00533714
0.00523339
0.00818108
0.00812728
0.00799646
0.00785102
0.00029544
0.000279918
0.00026637
0.000260924
4.44466e-05
4.08148e-05
3.56563e-05
3.11605e-05
0.000299771
0.000305523
0.000299296
0.000284045
0.00100237
0.00100904
0.000990681
0.000956375
0.0015626
0.00156657
0.00153827
0.00149159
0.00299739
0.00298602
0.00293069
0.00285802
0.00577115
0.00572644
0.0056143
0.00548833
0.00868233
0.00859794
0.00842352
0.00824231
0.00165983
0.00166095
0.00162616
0.00157261
0.00319581
0.00317589
0.00310617
0.00302017
0.00619338
0.00612494
0.0059774
0.00582131
0.00936143
0.00923347
0.00899693
0.00876476
0.00828667
0.00814179
0.00801261
0.00795888
0.00665644
0.00653329
0.00642488
0.00638128
0.00475645
0.00466087
0.0045788
0.00454809
0.00348916
0.00341448
0.00335154
0.00332935
0.00288218
0.00281776
0.00276453
0.002747
0.0018744
0.00182706
0.00179069
0.00178192
0.000863753
0.000837238
0.000819031
0.000817366
0.000346969
0.000334986
0.000327102
0.000326896
0.00303024
0.00296717
0.00291719
0.00290331
0.00197641
0.00192955
0.00189504
0.00188864
0.000915849
0.000889057
0.000871283
0.000870555
0.00037044
0.000357932
0.00034971
0.000349496
0.000166361
0.00016066
0.000156889
0.00015675
1.46449e-05
1.66479e-05
1.76054e-05
1.70248e-05
0.000256723
0.000265552
0.000265467
0.000256613
0.0008215
0.000832358
0.000825158
0.000803586
0.00126541
0.00127529
0.00126199
0.00123212
0.00238887
0.00239058
0.00236128
0.00231512
0.00454666
0.00453246
0.00447217
0.00439464
0.00680915
0.00677653
0.00668413
0.006576
0.00129905
0.00131083
0.00129881
0.00126892
0.00246415
0.00246947
0.00244345
0.00239864
0.0047015
0.00469451
0.00464175
0.00456844
0.00704559
0.00702424
0.00694426
0.00684376
0.0001921
0.000185147
0.000180176
0.000179414
1.34706e-05
1.43948e-05
1.39339e-05
1.22223e-05
0.000258511
0.000267264
0.000266219
0.000255917
0.000858526
0.000870831
0.000863731
0.000840793
0.00133304
0.00134544
0.00133326
0.00130248
0.00253765
0.00254422
0.00251866
0.00247328
0.0048499
0.00484548
0.00479452
0.00472138
0.00726995
0.00725267
0.00717611
0.00707678
0.00137196
0.00138369
0.00136972
0.00133691
0.00261847
0.00262382
0.00259554
0.00254725
0.00501068
0.00500381
0.00494815
0.00487031
0.00751222
0.00749107
0.00740766
0.00730176
0.0063995
0.00620627
0.0059971
0.00586886
0.00509594
0.00493684
0.00476695
0.00466483
0.00359917
0.00348138
0.00335867
0.00328772
0.00261722
0.00252869
0.00243862
0.00238861
0.00215228
0.00207786
0.00200357
0.00196371
0.00138855
0.00133742
0.00128955
0.00126692
0.000637649
0.000612437
0.000592029
0.000585723
0.00026667
0.000257354
0.000251813
0.000252627
0.0023597
0.00228701
0.00221731
0.00218276
0.00152373
0.00147289
0.0014273
0.00140787
0.000696886
0.000670927
0.000650645
0.00064526
0.000283976
0.000273821
0.000267448
0.000267797
0.000141548
0.000138507
0.000138266
0.00014102
4.95684e-05
5.3371e-05
5.81182e-05
6.17013e-05
0.000265698
0.000270785
0.000270322
0.000264857
0.000718688
0.000717663
0.000702812
0.000681719
0.00106558
0.00105783
0.001031
0.000998411
0.00193539
0.00190706
0.00184962
0.00179075
0.00359524
0.00352589
0.00340842
0.00329883
0.00532762
0.00521295
0.00503151
0.00486957
0.00113019
0.00112785
0.00110498
0.00107298
0.00208022
0.00206053
0.00201075
0.0019549
0.00389831
0.00384388
0.00374103
0.00363886
0.0058006
0.00570731
0.00554783
0.00539809
0.000148537
0.000144082
0.000141824
0.000142825
2.57682e-05
2.8872e-05
3.17338e-05
3.30403e-05
0.000260422
0.000268128
0.000268299
0.000261068
0.000779776
0.000785957
0.000775753
0.000754422
0.00118386
0.00118647
0.00116742
0.00113621
0.00220234
0.00219101
0.00214906
0.00209673
0.00415543
0.00411621
0.0040291
0.0039357
0.00620227
0.00613148
0.00599633
0.00586121
0.00122811
0.00123488
0.00121913
0.00118872
0.00230375
0.00229976
0.00226491
0.00221604
0.00436891
0.00434358
0.00427129
0.0041866
0.00653463
0.00648487
0.00637316
0.00625272
0.00373124
0.00353888
0.00331064
0.00315247
0.00295055
0.00279611
0.00261484
0.0024908
0.00207217
0.00196212
0.00183561
0.00175124
0.00151023
0.00143018
0.00134031
0.00128224
0.00124685
0.00118102
0.00110838
0.00106257
0.00081847
0.000775693
0.000730996
0.000704995
0.000410595
0.000391368
0.000374391
0.000367462
0.000221047
0.00021435
0.000211267
0.000213265
0.00147222
0.00140184
0.0013255
0.0012785
0.00095789
0.000911694
0.000864329
0.000837617
0.000463616
0.000442641
0.000424397
0.000417251
0.000229692
0.000222628
0.000219305
0.000221309
0.00015793
0.000155587
0.000156926
0.000161422
0.000116711
0.000117851
0.000121788
0.00012683
0.00025185
0.000248081
0.000242901
0.000239042
0.000513161
0.000497393
0.000474458
0.000455591
0.00070356
0.000678046
0.000641381
0.000611319
0.00117524
0.00112442
0.00105348
0.000996241
0.00206525
0.00196624
0.00183099
0.00172358
0.00298126
0.00283178
0.00263024
0.00247187
0.00080628
0.000783795
0.000748017
0.000716394
0.0013822
0.00133395
0.0012627
0.00120251
0.00247061
0.00237267
0.00223402
0.00212047
0.00359449
0.00344381
0.00323496
0.00306682
0.000146548
0.000144428
0.000145739
0.000149991
8.33031e-05
8.65473e-05
9.1898e-05
9.70181e-05
0.000265734
0.000266687
0.000264306
0.000260081
0.000629796
0.000620643
0.000600932
0.000580536
0.0009025
0.000884241
0.00085059
0.000818073
0.00158222
0.00153891
0.00147006
0.0014087
0.00287057
0.00277831
0.00264178
0.00252588
0.00420589
0.00406099
0.00385328
0.00368125
0.000989493
0.000976292
0.000945739
0.000912933
0.00176837
0.00173191
0.00166787
0.00160702
0.00324974
0.00316733
0.00303815
0.00292371
0.00479081
0.0046583
0.00446009
0.0042903
0.0013596
0.00124187
0.00109884
0.000997095
0.00108045
0.000987315
0.000875238
0.000796359
0.000777353
0.000711993
0.000634872
0.000581818
0.000592841
0.000545325
0.000490653
0.000454185
0.000506313
0.000467164
0.000422866
0.000393945
0.000363637
0.000337769
0.000309898
0.000292892
0.000233876
0.000220545
0.000208092
0.000202212
0.000179264
0.000171672
0.000166184
0.000165272
0.000659541
0.000613223
0.00056083
0.000526644
0.000458473
0.000428356
0.000395971
0.000376277
0.000273206
0.00025868
0.000245345
0.000239318
0.000192847
0.000185737
0.000181253
0.000181435
0.000158082
0.000152348
0.00014899
0.000149503
0.000137068
0.000132296
0.000129692
0.000130428
0.000172805
0.000163529
0.000154738
0.000150543
0.000251162
0.000233692
0.000214269
0.000202019
0.000303758
0.000280401
0.000253378
0.000235395
0.000433571
0.000395804
0.000350173
0.000318116
0.000688947
0.00062462
0.00054515
0.000487847
0.000954682
0.000863603
0.000750367
0.000668108
0.000394115
0.00036825
0.000337136
0.000315513
0.000591804
0.000547915
0.000493288
0.000453693
0.000971491
0.000894298
0.000796816
0.000724921
0.00136285
0.00125191
0.00111145
0.00100748
0.000165125
0.000161387
0.000160968
0.000164086
0.000137298
0.000135417
0.000136335
0.000139689
0.000219654
0.00021211
0.000204452
0.000200425
0.000380263
0.000361538
0.000338622
0.000322502
0.000493393
0.000466195
0.000431938
0.000406968
0.000772347
0.000723916
0.000661654
0.000615038
0.00130178
0.00121383
0.00110016
0.00101439
0.00184556
0.00171719
0.00155155
0.00142665
0.000597911
0.0005708
0.000534641
0.000506815
0.000969277
0.000918423
0.00085056
0.000797931
0.0016706
0.00157509
0.00144844
0.00135052
0.0023909
0.00224921
0.00206256
0.00191903
0.000192722
0.000160156
0.000122412
9.70984e-05
0.000165382
0.000138793
0.000108231
8.7906e-05
0.000139818
0.000119487
9.65132e-05
8.1516e-05
0.000128247
0.000111429
9.27939e-05
8.0902e-05
0.000121859
0.000106776
9.01923e-05
7.96973e-05
0.000107519
9.5394e-05
8.23517e-05
7.4313e-05
9.58265e-05
8.62485e-05
7.62943e-05
7.04258e-05
9.24541e-05
8.38052e-05
7.50113e-05
6.99818e-05
0.000186796
0.000166731
0.000144449
0.000130208
0.000155131
0.000140108
0.000123968
0.000114087
0.000128022
0.000117477
0.00010683
0.000100876
0.000118461
0.000109701
0.000101279
9.6943e-05
8.83057e-05
8.01896e-05
7.20326e-05
6.74459e-05
7.72036e-05
6.99989e-05
6.29155e-05
5.90718e-05
7.04138e-05
6.30563e-05
5.57884e-05
5.18268e-05
7.11095e-05
6.25774e-05
5.39301e-05
4.9041e-05
6.98331e-05
6.06168e-05
5.118e-05
4.57768e-05
6.78406e-05
5.69792e-05
4.54726e-05
3.85724e-05
7.75306e-05
6.2683e-05
4.63629e-05
3.61146e-05
9.42727e-05
7.50136e-05
5.34562e-05
3.96254e-05
0.00010847
9.58971e-05
8.2691e-05
7.48879e-05
0.000120521
0.000103863
8.55196e-05
7.39577e-05
0.000158433
0.000133563
0.000105103
8.62911e-05
0.000204705
0.000171322
0.000132498
0.000106345
0.000131767
0.000124274
0.000117892
0.000115445
0.000115234
0.000108531
0.000102974
0.000101018
0.000120248
0.000111291
0.000102812
9.86511e-05
0.000145114
0.00013179
0.000117866
0.000109742
0.000159937
0.000143642
0.000126009
0.000115186
0.000197477
0.000174014
0.000147294
0.000129743
0.000283506
0.000246456
0.000202778
0.000172866
0.00037873
0.000327915
0.000267224
0.000225031
0.000225147
0.000205119
0.000182738
0.000168443
0.000301584
0.000270862
0.000234801
0.000210266
0.000459312
0.000408758
0.00034768
0.000304681
0.000626765
0.000556261
0.000470244
0.000409005
3.67778e-07
1.31533e-07
2.12726e-08
1.60658e-07
9.34619e-07
4.11101e-07
5.42664e-08
1.07984e-07
1.984e-06
9.44443e-07
1.89457e-07
1.02043e-07
2.82964e-06
1.33182e-06
2.99001e-07
1.34062e-07
2.82202e-06
1.27886e-06
2.43496e-07
1.65924e-07
3.10199e-06
1.41602e-06
2.37992e-07
7.99766e-08
3.49674e-06
1.62285e-06
2.70198e-07
1.75842e-08
3.80985e-06
1.79783e-06
3.21253e-07
1.94137e-09
1.57096e-05
1.12925e-05
6.78399e-06
4.2011e-06
1.63064e-05
1.1814e-05
7.22352e-06
4.57918e-06
1.70984e-05
1.24801e-05
7.7759e-06
5.06335e-06
1.77534e-05
1.30082e-05
8.19266e-06
5.42019e-06
3.79399e-06
1.79713e-06
3.31622e-07
9.07314e-09
3.26832e-06
1.49221e-06
2.36882e-07
2.79796e-08
2.64832e-06
1.15148e-06
1.59985e-07
9.11171e-08
2.22827e-06
9.31645e-07
1.36235e-07
1.72503e-07
2.23131e-06
1.01254e-06
2.20375e-07
1.45149e-07
1.24305e-06
5.30491e-07
6.33655e-08
8.17176e-08
6.04951e-07
2.42423e-07
8.24465e-09
8.63386e-08
7.58078e-07
3.88844e-07
1.28625e-07
1.68163e-07
1.0063e-05
7.30744e-06
4.6282e-06
3.18167e-06
6.33165e-06
4.51797e-06
2.76698e-06
1.82379e-06
2.70584e-06
1.78789e-06
1.01472e-06
7.01368e-07
9.15051e-07
5.17855e-07
3.85454e-07
5.52778e-07
3.84022e-05
3.18137e-05
2.48104e-05
2.04938e-05
3.37238e-05
2.79245e-05
2.18172e-05
1.80922e-05
2.8771e-05
2.3706e-05
1.84421e-05
1.52874e-05
2.57704e-05
2.10429e-05
1.61929e-05
1.3346e-05
2.29555e-05
1.85985e-05
1.42405e-05
1.17846e-05
1.61983e-05
1.27025e-05
9.27604e-06
7.4098e-06
1.02008e-05
7.21869e-06
4.43505e-06
3.07827e-06
7.66134e-06
4.7134e-06
2.0925e-06
9.83418e-07
4.2128e-05
3.5671e-05
2.91684e-05
2.55047e-05
3.489e-05
2.84525e-05
2.19171e-05
1.82117e-05
3.16425e-05
2.41353e-05
1.63742e-05
1.19024e-05
3.37265e-05
2.46509e-05
1.51474e-05
9.6085e-06
