FiniteElementSpace
FiniteElementCollection: H1_2D_P2
VDim: 2
Ordering: 0

0
1.15134
2.18168
3.0144
3.60704
3.96099
4.13549
4.21675
4.27805
0
0.842313
1.61238
2.24867
2.71107
2.99786
3.14736
3.2215
3.28009
0.581222
1.00788
0.427517
0
1.68784
1.91493
1.24037
2.62596
2.6536
1.95052
3.34208
3.18118
2.50273
3.81131
3.49662
2.87484
4.06539
3.65103
3.08618
4.18252
3.72198
3.18973
4.24663
3.77918
3.24988
0.509479
1.47901
2.30859
2.94515
3.36327
3.58929
3.69204
3.74908
0.287965
0.544615
0.254059
0
1.42446
1.58584
1.24739
1.08095
2.41042
2.47114
2.11746
2.05156
3.18604
3.14801
2.80627
2.83824
3.71647
3.5913
3.27872
3.39843
4.01819
3.8302
3.54745
3.73232
4.16122
3.93859
3.6735
3.89536
4.23179
3.99797
3.73545
3.96997
0.869623
0.761485
0.929602
0.636445
0.472279
0.2163
0
1.94053
1.70182
1.76953
1.43016
1.36492
1.04404
2.82752
2.48753
2.45817
2.1049
2.13607
1.78611
3.48238
3.0701
2.95311
2.61261
2.73117
2.38137
3.89245
3.43559
3.25241
2.94111
3.12531
2.79835
4.10402
3.62338
3.40188
3.11965
3.34166
3.04591
4.20065
3.70784
3.47246
3.20645
3.44247
3.17037
4.26191
4.02861
3.76351
3.52962
3.26454
3.49964
3.23572
0.268038
1.33784
2.26753
3.0005
3.50179
3.78603
3.91905
3.98394
0.816207
0.702971
0.23949
1.82404
1.57154
1.15061
2.66161
2.30302
1.95799
3.28062
2.84852
2.601
3.66781
3.1941
3.04521
3.86619
3.37481
3.30124
3.95518
3.45827
3.42404
4.01272
3.51404
3.48599
0.139484
0.276988
0.1311
0
1.28908
1.3815
1.21045
1.11636
2.2977
2.33976
2.16104
2.11731
3.10221
3.09424
2.9212
2.92726
3.66368
3.61007
3.45188
3.5037
3.99095
3.90284
3.76045
3.84746
4.14899
4.04052
3.90781
4.01591
4.22433
4.10791
3.977
4.09347
0.726074
0.842982
0.681217
0.562709
0.636088
0.732934
0.587984
0.491521
0.126326
0.24715
0.121143
0
1.81562
1.88288
1.70623
1.63732
1.59157
1.63785
1.46924
1.42304
1.12856
1.19997
1.04087
0.969584
2.72859
2.74546
2.56807
2.5494
2.39962
2.39675
2.22096
2.22374
2.01757
2.03906
1.86499
1.84349
3.41426
3.38247
3.21618
3.24602
3.00936
2.96086
2.79143
2.83973
2.73163
2.70519
2.53113
2.55741
3.85357
3.78099
3.63113
3.70221
3.4009
3.31612
3.16106
3.24567
3.23161
3.16343
3.00068
3.06866
4.0857
3.98568
3.84913
3.94845
3.60722
3.49987
3.35907
3.46638
3.52323
3.42538
3.27794
3.37568
4.1919
4.07812
3.94718
4.06085
3.70021
3.58334
3.45063
3.56765
3.66283
3.54928
3.4135
3.52709
4.25416
4.13727
4.00522
4.12228
3.75616
3.6388
3.50671
3.62442
3.72875
3.61084
3.47926
3.59742
0.435377
0.406656
0.526988
0.381942
0.261015
0
1.55746
1.46301
1.53316
1.36424
1.29322
1.04486
2.51995
2.37094
2.39095
2.2145
2.19352
1.98418
3.26609
3.07612
3.0478
2.87744
2.9046
2.74711
3.76571
3.54823
3.47839
3.32257
3.39141
3.291
4.04297
3.80922
3.71052
3.56942
3.66761
3.61543
4.17233
3.92926
3.81567
3.68318
3.79673
3.77376
4.23917
3.99091
3.87358
3.7422
3.85981
3.84615
1.01151
0.949491
0.885472
0.789085
0.816908
0.887359
0.739782
0.671022
0.532295
0.451082
0.356119
0.322068
0.229428
0.110784
0
2.06264
1.93919
1.80964
1.76377
1.67166
1.69264
1.52223
1.50246
1.33611
1.30418
1.25866
1.14291
1.09879
0.943737
2.92289
2.7517
2.57221
2.57571
2.38209
2.35542
2.17809
2.2059
2.02895
2.04515
2.04836
1.86947
1.87382
1.70031
3.5467
3.34136
3.12735
3.17658
2.90238
2.83407
2.66321
2.7326
2.55906
2.61901
2.66767
2.44343
2.49324
2.31637
3.92825
3.7015
3.46744
3.55274
3.2245
3.12656
2.97061
3.0692
2.90919
3.00183
3.08671
2.83788
2.92366
2.75605
4.12057
3.88154
3.63793
3.74546
3.38903
3.27532
3.13415
3.2481
3.10369
3.21497
3.32243
3.06694
3.17482
3.0229
4.20888
3.96274
3.71505
3.83177
3.46551
3.34714
3.21412
3.33263
3.19835
3.31649
3.43365
3.18043
3.29775
3.15938
4.26984
4.15331
4.02051
3.90391
3.77117
3.88814
3.65442
3.52167
3.40483
3.27217
3.38925
3.25709
3.37476
3.49276
3.24275
3.36093
3.22865
0.134003
1.25004
2.2301
3.01265
3.55873
3.87646
4.02883
4.10074
0.703599
0.612693
0.124009
1.76145
1.53153
1.08563
2.6492
2.31174
1.94258
3.31619
2.90196
2.63293
3.74322
3.28231
3.11764
3.96803
3.48398
3.40169
4.06979
3.57576
3.53874
4.12967
3.63149
3.60416
0.420561
0.394148
0.128704
1.51065
1.4143
1.17003
2.44625
2.29377
2.09028
3.17207
2.978
2.82762
3.65789
3.43654
3.34293
3.92679
3.69014
3.64276
4.05114
3.80663
3.78583
4.11505
3.86664
3.85302
0.980638
0.917836
0.658757
0.851964
0.779712
0.561391
0.369625
0.340273
0.117738
2.00156
1.8753
1.64969
1.74186
1.5986
1.40425
1.31247
1.20229
0.993749
2.83821
2.66312
2.48496
2.47865
2.28207
2.12686
2.13281
1.96074
1.78439
3.445
3.23556
3.11399
3.01641
2.78482
2.67731
2.77412
2.55762
2.42579
3.8157
3.58547
3.51709
3.34719
3.09907
3.03681
3.20606
2.96412
2.88031
4.00158
3.76035
3.7289
3.51418
3.26238
3.23234
3.44689
3.19584
3.15176
4.08596
3.83912
3.82401
3.59052
3.34002
3.32482
3.55887
3.30751
3.28706
4.14515
3.89586
3.88074
3.64644
3.39689
3.38189
3.61757
3.36779
3.35407
0
0.232015
0.76251
1.54851
2.50997
3.55441
4.60656
5.63316
6.63591
1
1.16441
1.56609
2.1713
2.93086
3.79652
4.72931
5.70416
6.70052
0.087015
0.666394
1.05675
0.5
0.46067
1.13977
1.33669
1.1282
1.84255
1.84632
2.013
2.71072
2.53489
3.02739
3.67178
3.35321
4.08262
4.66719
4.25637
5.12357
5.66876
5.21269
6.13645
6.66845
6.20118
0.535368
0.870659
1.46622
2.26045
3.18397
4.16764
5.16795
6.16905
0.0482356
0.304303
0.50097
0.25
0.336563
0.659725
0.759913
0.442663
0.937935
1.29259
1.29629
0.945872
1.77594
2.13325
2.04686
1.69151
2.76685
3.1031
2.94503
2.60735
3.81877
4.12321
3.91903
3.61087
4.86601
5.14442
4.91751
4.63523
5.88548
6.15232
5.91899
5.65001
0.148435
0.591222
0.905849
1.10194
0.785099
1.03042
0.75
0.603047
0.997596
1.34579
1.44465
1.09545
1.24299
1.33214
1.64864
2.00217
2.00359
1.65024
1.70023
2.25819
2.48214
2.81897
2.72921
2.39436
2.34866
3.29029
3.42651
3.73464
3.57254
3.26808
3.1391
4.34535
4.41715
4.69958
4.49138
4.2131
4.02461
5.37926
5.41839
5.68747
5.45756
5.19161
4.96985
6.38643
6.65223
6.41888
6.68457
6.45082
6.18567
5.95215
0.265916
0.541979
1.11217
1.90766
2.85317
3.86683
4.89026
5.90153
0.363045
0.836204
0.753755
0.794717
1.21345
0.992615
1.48608
1.8207
1.49166
2.36694
2.60312
2.19371
3.35601
3.49957
3.04094
4.37946
4.45552
3.97266
5.39767
5.43915
4.94502
6.40251
6.43513
5.93638
0.0296919
0.155241
0.255618
0.125
0.28168
0.437821
0.48993
0.335835
0.848236
1.02388
1.02718
0.852953
1.66088
1.84086
1.79832
1.61902
2.63785
2.80922
2.72967
2.55785
3.68661
3.84213
3.73876
3.58194
4.73652
4.87759
4.76285
4.62031
5.75951
5.89323
5.77587
5.64123
0.114809
0.254197
0.331004
0.194253
0.560822
0.711394
0.808276
0.65767
0.495855
0.624961
0.748057
0.625
0.529585
0.697571
0.725126
0.558815
0.932171
1.10377
1.15263
0.981174
0.710939
0.87425
0.947182
0.783962
1.22849
1.40807
1.38776
1.2093
1.55594
1.73341
1.73405
1.55684
1.2163
1.39246
1.4171
1.24115
2.13464
2.31171
2.24916
2.07224
2.37036
2.54194
2.4978
2.32657
1.94348
2.11931
2.09675
1.92124
3.15861
3.32242
3.22925
3.06449
3.30485
3.46286
3.38334
3.22574
2.82723
2.99257
2.92925
2.7643
4.21415
4.36179
4.25138
4.10226
4.29231
4.43643
4.33409
4.19042
3.7952
3.94584
3.85332
3.70313
5.25165
5.38803
5.27116
5.13351
5.29318
5.42891
5.31527
5.17992
4.79233
4.93141
4.82215
4.68351
6.26154
6.39442
6.27748
6.14422
6.29399
6.42706
6.31039
6.17743
5.79389
5.92778
5.81186
5.67824
0.0646925
0.282601
0.417796
0.515345
0.381347
0.375
0.396184
0.598616
0.763595
0.813206
0.649254
0.552742
1.03123
1.20067
1.37819
1.37964
1.20292
1.04142
1.89332
2.01935
2.196
2.15258
1.97632
1.76599
2.89673
2.97769
3.143
3.06399
2.89849
2.65835
3.9508
3.99501
4.14511
4.0432
3.89257
3.64092
4.99503
5.01746
5.15601
5.04273
4.90368
4.65097
6.01111
6.02701
6.16063
6.04404
5.91018
5.65927
0.187425
0.400301
0.626447
0.475253
0.868835
1.0325
1.1312
0.966188
1.07725
0.917976
0.766992
1.04118
0.888932
1.01875
0.875
0.680651
0.86833
1.06684
0.894655
1.2779
1.45399
1.50381
1.32696
1.38902
1.21383
1.0421
1.2881
1.11539
1.20186
1.4388
1.58737
1.74423
1.56623
1.91013
2.08546
2.08624
1.91068
1.92366
1.74664
1.56943
1.77189
1.59414
1.63169
2.38333
2.48639
2.59564
2.42377
2.71023
2.87453
2.82919
2.66556
2.63112
2.46379
2.29297
2.44075
2.27012
2.25886
3.42225
3.48325
3.54886
3.39079
3.6167
3.76589
3.68399
3.53624
3.46227
3.31066
3.15392
3.24547
3.08984
3.03422
4.47616
4.50743
4.54212
4.39803
4.57737
4.71498
4.61001
4.47397
4.37349
4.23521
4.09261
4.14006
3.99905
3.91009
5.50642
5.52395
5.54359
5.40788
5.56322
5.69619
5.58067
5.4488
5.3349
5.20264
5.06818
5.091
4.95796
4.84927
6.5112
6.64408
6.52742
6.66033
6.5437
6.41067
6.67655
6.55986
6.69258
6.5757
6.44308
6.32595
6.19363
6.06099
6.07656
5.94456
5.828
0.140258
0.384338
0.936516
1.72865
2.68296
3.712
4.74912
5.76737
0.221426
0.682108
0.620331
0.626018
1.04058
0.826974
1.30706
1.64367
1.31513
2.19104
2.43332
2.01906
3.19319
3.34386
2.87777
4.23213
4.31327
3.82422
5.26094
5.30436
4.80737
6.26941
6.30225
5.80299
0.172214
0.396823
0.374278
0.495993
0.704269
0.598698
1.11482
1.28889
1.12038
1.95543
2.08507
1.86991
2.93644
3.02027
2.7778
3.97224
4.01876
3.7666
5.00573
5.0299
4.77736
6.01884
6.03546
5.78478
0.292354
0.511545
0.44396
0.745401
0.997244
0.939801
0.638542
0.901113
0.880029
0.773225
0.966135
0.827101
1.17068
1.38882
1.26864
0.925706
1.16275
1.07198
1.51208
1.66472
1.47068
1.82599
1.9968
1.82729
1.47308
1.66892
1.52251
2.43403
2.54029
2.30895
2.65232
2.76921
2.56373
2.22187
2.3659
2.17663
3.45204
3.51562
3.26655
3.58265
3.6506
3.4229
3.10861
3.19962
2.98146
4.49119
4.52451
4.27155
4.55985
4.59421
4.35429
4.06793
4.11679
3.88207
5.51479
5.53363
5.282
5.55354
5.57236
5.32555
5.0556
5.0801
4.83624
6.5193
6.53554
6.2857
6.55182
6.56784
6.31833
6.0526
6.06903
5.82027
