FiniteElementSpace
FiniteElementCollection: H1_2D_P2
VDim: 2
Ordering: 0

0
0.00207352
-0.0119487
-0.0259627
-0.0286569
-0.0197817
-0.00582967
0.00718125
0.0185604
0
-0.0102501
-0.022331
-0.0294068
-0.0264666
-0.0149947
-0.000729078
0.0118077
0.0229419
0.00315032
-0.00290371
-0.00469976
0
-0.00378536
-0.0172579
-0.016417
-0.0199409
-0.0286772
-0.0269485
-0.028972
-0.0285608
-0.0292459
-0.0253367
-0.0178317
-0.0214814
-0.0129697
-0.00321192
-0.00783083
0.000976092
0.00962879
0.00584666
0.0129176
0.020747
0.0173849
0.000378081
-0.00953077
-0.0241076
-0.030205
-0.0241652
-0.0105455
0.00356843
0.0152076
0.00169355
0.0016988
0.000378217
0
-0.000395863
-0.00668286
-0.00593791
-0.000409802
-0.0160963
-0.022206
-0.0208948
-0.0147086
-0.0278797
-0.0298182
-0.0298437
-0.0275455
-0.0273322
-0.0248928
-0.0266629
-0.0288076
-0.0164707
-0.0117632
-0.0142463
-0.0188784
-0.00235838
0.00232251
0.000268532
-0.0044823
0.010087
0.0140754
0.0124521
0.00843971
0.00330854
-0.000720035
-0.00592095
-0.00735675
-0.00132153
-0.00236887
0
-0.00774692
-0.0133925
-0.0197692
-0.0194711
-0.0126626
-0.0133029
-0.0232809
-0.0267402
-0.0293391
-0.0284871
-0.0257046
-0.0248635
-0.0292231
-0.0297645
-0.0278306
-0.0281663
-0.0300663
-0.0296643
-0.0227793
-0.0211802
-0.0165628
-0.0183747
-0.0230675
-0.0242108
-0.00939098
-0.00683777
-0.00196467
-0.00423494
-0.00924799
-0.0114467
0.00415392
0.00668164
0.0107555
0.00889521
0.00474553
0.00263909
0.015729
0.0196544
0.0179545
0.0218409
0.0201414
0.0163105
0.0146224
0.000912181
-0.00316644
-0.018642
-0.0290941
-0.0271704
-0.0153955
-0.000996412
0.0112923
0.00128045
-0.00324223
-0.000262949
-0.0106323
-0.0162739
-0.00913862
-0.0252192
-0.0278604
-0.0229652
-0.0297119
-0.0293019
-0.0300823
-0.0220872
-0.0199753
-0.0257219
-0.00809425
-0.00555952
-0.0129492
0.00546268
0.00782973
0.0014801
0.0168498
0.0190477
0.0135649
0.000572681
0.00125268
0.00029664
0
0.000977143
-0.0018044
-0.0016732
0.000808504
-0.0140514
-0.0174157
-0.0167087
-0.0133681
-0.0270271
-0.0285454
-0.0284211
-0.0268127
-0.0280871
-0.0272907
-0.0280753
-0.0287787
-0.0181568
-0.0159372
-0.0171633
-0.019343
-0.00407748
-0.00166069
-0.00272064
-0.00514122
0.00864739
0.0106954
0.00987834
0.00782045
0.0034104
0.00226893
0.00165367
0.00239296
-2.59732e-05
-0.00187125
-0.00217841
-0.000369194
0.000128183
0.000111197
-0.000115603
0
-0.00571939
-0.00922194
-0.00862376
-0.00526057
-0.0114444
-0.0148055
-0.0144689
-0.011042
-0.00433232
-0.00745718
-0.00747627
-0.00431022
-0.0216908
-0.0243067
-0.0237912
-0.021126
-0.0255035
-0.0273532
-0.0268606
-0.0249444
-0.0191169
-0.0219497
-0.0214135
-0.0185111
-0.0292064
-0.0295197
-0.0298677
-0.0294514
-0.0300825
-0.029605
-0.0297749
-0.0302084
-0.0293588
-0.030033
-0.0298037
-0.0290717
-0.0241216
-0.0224554
-0.0235483
-0.0251459
-0.0227259
-0.0206205
-0.0215689
-0.0236688
-0.0276928
-0.0262535
-0.0268502
-0.0282635
-0.0111821
-0.00873218
-0.0099271
-0.0123625
-0.00868686
-0.00620362
-0.00739693
-0.00990968
-0.016061
-0.01362
-0.0147741
-0.0172296
0.00258617
0.00482208
0.0039143
0.00166556
0.00514721
0.0072645
0.00630913
0.00416514
-0.00145119
0.000880014
-0.000221384
-0.00258699
0.014322
0.0162909
0.0154605
0.0134988
0.0165787
0.0185021
0.0176767
0.0157625
0.0110525
0.0130145
0.0121715
0.0102001
0.00258776
0.0014383
0.00104367
0.00048777
0.000645434
0
-0.00199843
-0.0048507
-0.00809343
-0.0076825
-0.0045284
-0.00162859
-0.0180762
-0.0204829
-0.0231966
-0.0225637
-0.0197964
-0.0159977
-0.028536
-0.0295606
-0.0300713
-0.0301247
-0.0295279
-0.0281668
-0.0264136
-0.0261049
-0.0245692
-0.0254821
-0.0269644
-0.0287379
-0.0147354
-0.0135907
-0.0111607
-0.0124035
-0.0148352
-0.018378
-0.000670549
0.000685037
0.00295524
0.00194157
-0.000355486
-0.00384181
0.0115084
0.0126888
0.0146453
0.0138346
0.011878
0.00904221
0.00286733
0.000585001
-0.00168925
0.000303821
-0.00449935
-0.00786932
-0.00878194
-0.005018
-0.00600249
-0.00268641
-0.000687872
-0.00349615
-0.00094445
-0.00116937
0
-0.00984185
-0.0126728
-0.015339
-0.0120125
-0.0180464
-0.0210432
-0.0209329
-0.0178256
-0.0179594
-0.0144447
-0.010875
-0.0148598
-0.0110689
-0.0117639
-0.0247177
-0.026475
-0.0278002
-0.0260287
-0.0286875
-0.0294596
-0.0290265
-0.028246
-0.02779
-0.0263786
-0.0243991
-0.0259674
-0.0239402
-0.0236449
-0.0290427
-0.0293561
-0.0292538
-0.0297961
-0.0286502
-0.0272398
-0.0273902
-0.0288312
-0.0287862
-0.0297549
-0.0301683
-0.0295385
-0.0299687
-0.0296189
-0.0213276
-0.0205251
-0.0195435
-0.0216655
-0.0183017
-0.0158207
-0.016712
-0.0192309
-0.0199688
-0.0223439
-0.0244562
-0.0228995
-0.0250479
-0.0254033
-0.00760132
-0.00627644
-0.00501053
-0.00746572
-0.0037466
-0.00134441
-0.00246581
-0.00490296
-0.0060244
-0.00855556
-0.0111032
-0.00964062
-0.0122264
-0.0132348
0.00568613
0.00696946
0.00817344
0.00608162
0.00930998
0.0112926
0.0103672
0.00837477
0.00739112
0.00530757
0.00313567
0.00426493
0.00206782
0.000975787
0.0171418
0.0191091
0.018248
0.0202003
0.0193419
0.0174042
0.0212944
0.0204327
0.0223901
0.0215303
0.0195934
0.0187598
0.0168515
0.0149421
0.0160069
0.0141016
0.0132248
0.000400139
-0.000371282
-0.0154222
-0.027782
-0.0281238
-0.0176686
-0.00338345
0.00927056
0.00250293
-0.000994157
5.07643e-05
-0.00720027
-0.0129155
-0.00581154
-0.0227948
-0.0262281
-0.0202741
-0.0295907
-0.0300014
-0.0296485
-0.0238615
-0.0221951
-0.0273362
-0.0105475
-0.00805072
-0.0154448
0.00326511
0.00573681
-0.000832619
0.014893
0.0171298
0.0116191
0.00197657
0.00096131
0.000218086
-0.00344894
-0.00624746
-0.00297598
-0.0193283
-0.0215572
-0.017934
-0.029105
-0.0299022
-0.0289473
-0.0262943
-0.0258376
-0.0279349
-0.0141632
-0.0130073
-0.0166307
2.35891e-05
0.00132256
-0.00207888
0.0121025
0.0132665
0.0104723
0.001701
-0.000525204
0.00083051
-0.00298605
-0.00638928
-0.00378118
-9.85925e-06
-0.00175307
-0.000297169
-0.0112924
-0.014013
-0.0100271
-0.0166779
-0.0194634
-0.0161437
-0.00921043
-0.0127442
-0.00943547
-0.0256533
-0.02719
-0.0246918
-0.0283025
-0.0289371
-0.0273882
-0.0235108
-0.0252229
-0.0225394
-0.0292483
-0.0293609
-0.0300341
-0.0290221
-0.0281147
-0.029379
-0.0302183
-0.029951
-0.0298029
-0.0209439
-0.0200617
-0.0231732
-0.0189602
-0.0175558
-0.0208316
-0.0250261
-0.0237536
-0.0262134
-0.00692641
-0.00564055
-0.00930989
-0.00438025
-0.00310793
-0.00672168
-0.0117708
-0.0103942
-0.0140396
0.00633951
0.00758023
0.00454049
0.00875022
0.00985023
0.00686196
0.00254571
0.00371007
0.000382453
0.0176971
0.0187958
0.0160225
0.0198877
0.0209798
0.0182198
0.0143931
0.0154805
0.0127076
0
0.0158316
0.0320706
0.0361293
0.0308519
0.0229839
0.0168874
0.0127723
0.00868379
0
0.00843519
0.0212158
0.0315335
0.0360495
0.0348506
0.0300239
0.0245212
0.0199907
0.0065209
0.0120213
0.0032561
0
0.0252148
0.0273566
0.0147695
0.0356395
0.0345265
0.0269846
0.0342336
0.0338245
0.034575
0.0268692
0.0290097
0.0360666
0.019614
0.0234155
0.0327107
0.0146935
0.0185976
0.0271869
0.0108285
0.0143018
0.0221615
0.00384403
0.02045
0.0320803
0.0349516
0.0316829
0.0261715
0.0208819
0.0164676
0.0032539
0.00495691
0.000957785
0
0.0207322
0.0226843
0.0163514
0.0137012
0.0342684
0.0338927
0.0300072
0.0296614
0.0354255
0.03473
0.0349657
0.0354245
0.0288861
0.029433
0.032848
0.0324952
0.0212201
0.0229914
0.0275932
0.0261341
0.0157378
0.0177864
0.0221164
0.020199
0.0118195
0.0136246
0.0175238
0.0156557
0.010907
0.00772243
0.0104607
0.00562294
0.00325471
0.00158797
0
0.029037
0.024152
0.0247276
0.0180335
0.0180381
0.0115298
0.0362336
0.0335786
0.0332902
0.0294354
0.0299029
0.0242248
0.0326705
0.0345484
0.0349632
0.0355045
0.0349011
0.0332511
0.0248811
0.0303869
0.0318338
0.0355953
0.0338196
0.0362284
0.0181725
0.024772
0.0266484
0.0314104
0.0293429
0.0338739
0.0137179
0.0197117
0.0215632
0.0258188
0.0240032
0.0286009
0.00978116
0.0114904
0.0154012
0.0171414
0.0210724
0.0193313
0.0233041
0.00185424
0.0183495
0.0321303
0.0353154
0.0310264
0.0245268
0.0189488
0.0146409
0.00907643
0.00668275
0.000599717
0.0264945
0.0215424
0.0143038
0.0349737
0.0318254
0.0275289
0.0337592
0.0351057
0.0343075
0.0277837
0.0329101
0.034519
0.0215462
0.0280037
0.0306318
0.0166959
0.0227533
0.0253069
0.0125802
0.0182472
0.0204278
0.00182921
0.00249681
0.000825603
0
0.018314
0.019471
0.0160482
0.014694
0.0332789
0.0331778
0.0309849
0.0308302
0.0358488
0.0353973
0.035435
0.0357937
0.0298822
0.0300063
0.0317811
0.0317204
0.0220832
0.0229161
0.0253231
0.0246066
0.0162969
0.0173521
0.0195622
0.0185612
0.0122988
0.0132209
0.0151468
0.0142048
0.00859351
0.00992432
0.00692027
0.00568279
0.00570572
0.00717413
0.00490452
0.00348097
0.000219744
0.000705477
-3.48402e-05
0
0.0272227
0.0277162
0.024665
0.0238881
0.0223575
0.0229134
0.0198237
0.0192994
0.0142021
0.0153641
0.0123854
0.0112489
0.0360334
0.0356088
0.0345158
0.0347584
0.0328995
0.0327631
0.0309204
0.0310588
0.0287525
0.0288387
0.0261782
0.0261128
0.0334932
0.0332568
0.034287
0.034517
0.0347939
0.0348527
0.0350491
0.0349614
0.0348058
0.034681
0.0338528
0.0339617
0.0258676
0.0263829
0.0286115
0.0282024
0.0310479
0.0316449
0.0333882
0.032753
0.0333634
0.0336921
0.0347757
0.0344105
0.0188725
0.0198866
0.0222569
0.0213384
0.0254677
0.0263772
0.0286775
0.0277463
0.0283041
0.0291026
0.0312461
0.0304143
0.0141991
0.0152012
0.0172335
0.0162405
0.0202892
0.0212292
0.023371
0.0224371
0.0227583
0.023704
0.0259743
0.0250224
0.0103123
0.011181
0.0131074
0.0122209
0.0159374
0.0168232
0.0187897
0.0178992
0.0180569
0.0189755
0.0209894
0.0200789
0.00470449
0.0032462
0.00434411
0.00224515
0.00135
0
0.023047
0.0205729
0.0215544
0.0184415
0.017324
0.0128211
0.0350593
0.0330992
0.0330113
0.0311155
0.0310872
0.028519
0.034886
0.0350767
0.034875
0.0350109
0.0351744
0.0350079
0.0278793
0.0302407
0.0305852
0.0322851
0.0319671
0.0331918
0.0203962
0.0237488
0.0245945
0.0268812
0.0260769
0.0275926
0.0152042
0.0183575
0.0193328
0.0214911
0.0205342
0.0218124
0.0113304
0.0141345
0.0150415
0.0169952
0.0160774
0.017122
0.0133373
0.0113607
0.00984857
0.00834753
0.00854952
0.00954744
0.00698493
0.00617636
0.00437962
0.00316369
0.00182107
0.00233896
0.000877691
0.000858931
0
0.0306612
0.0281636
0.0258201
0.0253229
0.0231781
0.0231217
0.0196387
0.0199453
0.016403
0.0165593
0.0161915
0.0131372
0.013056
0.00995482
0.0362666
0.035274
0.0341184
0.0343056
0.0326138
0.0324908
0.0305297
0.0307304
0.0282505
0.0285634
0.0287701
0.0256384
0.0260137
0.0227451
0.0317877
0.0331581
0.0342219
0.0341873
0.0350747
0.0355048
0.0358239
0.0353213
0.0350883
0.0347742
0.0346547
0.0339621
0.0338367
0.0324403
0.0239181
0.0269559
0.0297057
0.0291094
0.0323902
0.0333024
0.0352545
0.034217
0.0358674
0.0349152
0.0341982
0.0361882
0.0353573
0.0361832
0.017511
0.0208603
0.0240875
0.0231681
0.0273262
0.0283095
0.0307243
0.0296739
0.0320742
0.0309888
0.0299959
0.0333123
0.0322124
0.0343883
0.0132434
0.0161711
0.0191485
0.0182003
0.0221509
0.0230446
0.0251599
0.0242824
0.0264949
0.025584
0.0246492
0.0278898
0.026935
0.0293135
0.00923736
0.010091
0.0120407
0.0128925
0.0148559
0.0139864
0.0157198
0.0176989
0.0185698
0.0205363
0.0196675
0.0216125
0.0207549
0.0198761
0.0227246
0.0218726
0.0239025
0.00125543
0.0171097
0.0321027
0.0356633
0.03088
0.0237484
0.0179431
0.0137132
0.0076968
0.00525613
3.80717e-05
0.0258878
0.0211522
0.0133172
0.0352728
0.0319743
0.0275365
0.0339284
0.0349518
0.0343783
0.0272905
0.032217
0.034082
0.0205964
0.0270616
0.0297662
0.0157136
0.0218257
0.0243577
0.011707
0.017363
0.0195224
0.00392704
0.00268828
0.000484273
0.0217438
0.0194877
0.015092
0.034064
0.0321291
0.0298831
0.035012
0.0350779
0.0351536
0.0291107
0.0312914
0.0326032
0.0221118
0.02533
0.0268324
0.0167855
0.0199244
0.0211636
0.0127246
0.01556
0.016597
0.0122794
0.0105587
0.00625836
0.00918965
0.0078329
0.00461032
0.00195056
0.00191547
0.000106462
0.0293692
0.0269968
0.0235048
0.0245682
0.0215631
0.0182713
0.0173635
0.0148139
0.0112927
0.0357808
0.0347272
0.0337349
0.0334235
0.0316614
0.0296956
0.0300121
0.027333
0.0246057
0.0325172
0.0337227
0.0345743
0.0346693
0.0354563
0.0350946
0.0348725
0.034355
0.0332147
0.0254862
0.0283532
0.0298554
0.0310422
0.0337843
0.0345956
0.0332467
0.0351706
0.03547
0.0192084
0.0224809
0.0238733
0.0256967
0.0289953
0.0303401
0.028428
0.0316147
0.0327768
0.0146995
0.0176556
0.0187588
0.0206474
0.023655
0.0249258
0.0230635
0.0262546
0.0276212
0.0106417
0.0134442
0.014518
0.0162759
0.0191231
0.0202095
0.0184355
0.0213082
0.0224508
