FiniteElementSpace
FiniteElementCollection: L2_2D_P3
VDim: 1
Ordering: 0

0.0481729
0.0343011
0.0421168
0.0511164
0.0248614
0.0220741
0.0320822
0.0428019
0.010407
0.0122798
0.0213367
0.0308473
0.00659326
0.00827487
0.0148018
0.021458
0.0200207
0.0186805
0.0171583
0.0161581
0.0166953
0.01555
0.0142619
0.0134254
0.0127675
0.0118568
0.0108488
0.0102071
0.0101233
0.00937679
0.00856128
0.00805115
0.00730448
0.0068553
0.00631833
0.0059428
0.00603102
0.00565414
0.00520747
0.00489792
0.00453087
0.00424035
0.00390137
0.00367047
0.00352561
0.00329374
0.00302757
0.00284965
0.00296357
0.00280554
0.00261268
0.00247468
0.00243018
0.00229863
0.00213919
0.00202592
0.00180754
0.00170783
0.00158854
0.00150496
0.00139259
0.00131466
0.00122277
0.00115942
0.00123646
0.00115926
0.00106392
0.000994859
0.00101193
0.00094883
0.000871361
0.000815595
0.000755415
0.000708823
0.000652283
0.000612089
0.000587812
0.000552284
0.000509766
0.000480009
0.000367671
0.000333107
0.000290734
0.00026032
0.000309095
0.000280809
0.000246297
0.000221648
0.000243128
0.00022196
0.000196392
0.000178324
0.000200771
0.0001842
0.000164437
0.000150661
5.19959e-05
4.47931e-05
3.62102e-05
3.02497e-05
4.84704e-05
4.20926e-05
3.44964e-05
2.92163e-05
4.42278e-05
3.87948e-05
3.23523e-05
2.78863e-05
4.13156e-05
3.64762e-05
3.07855e-05
2.68697e-05
3.49856e-06
2.99642e-06
2.40431e-06
1.99925e-06
3.83065e-06
3.27413e-06
2.61692e-06
2.16689e-06
4.1315e-06
3.52344e-06
2.8075e-06
2.31844e-06
4.24888e-06
3.61655e-06
2.87752e-06
2.37573e-06
0.0301389
0.0286774
0.0271463
0.0262483
0.0258983
0.024456
0.0229333
0.0220284
0.0206673
0.0193153
0.0178786
0.0170148
0.0169905
0.0157466
0.0144205
0.0136182
0.0041823
0.00376863
0.00336312
0.00314869
0.00252111
0.00227778
0.0020574
0.00195524
0.00225169
0.00210764
0.00193526
0.00181499
0.00381573
0.00363519
0.00332398
0.00304093
0.00046401
0.000368546
0.00164973
0.00295913
0.000501096
7.09667e-05
0.000621261
0.00142087
0.000708964
0.000308482
0.00065855
0.0012609
0.00181807
0.00136442
0.00195563
0.00280534
0.0120692
0.0112727
0.0103382
0.00969869
0.0100018
0.00932993
0.00854916
0.00802056
0.00756454
0.00704149
0.0064438
0.00604691
0.00593079
0.00550947
0.00503575
0.00472734
0.00120428
0.00109589
0.000989983
0.000933591
0.000789292
0.000714914
0.000644293
0.00060823
0.000832597
0.000763025
0.000687362
0.000639746
0.00136603
0.0012643
0.00113842
0.00104738
0.00221822
0.00200855
0.00180658
0.00170187
0.00142669
0.00129283
0.00117026
0.00111135
0.00143673
0.00133263
0.00122161
0.00115268
0.00238921
0.00223842
0.00204476
0.00189957
0.00457051
0.00431294
0.00400132
0.00378045
0.00376104
0.00354564
0.00328702
0.00310517
0.00280992
0.0026451
0.00245
0.00231488
0.00217312
0.00204274
0.00189079
0.00178738
0.000376133
0.000346925
0.000318009
0.000302262
0.000224182
0.000204083
0.000184978
0.000175264
0.000220981
0.00020082
0.000179269
0.000166071
0.000376398
0.000346333
0.000310286
0.000284991
0.000662938
0.000605987
0.000549653
0.000518975
0.00042142
0.000381262
0.000342624
0.000322465
0.000438583
0.000398732
0.000355542
0.000328541
0.0007263
0.000668228
0.00059784
0.000547908
0.00194492
0.00183805
0.00170668
0.00161197
0.00159069
0.00150247
0.00139472
0.00131755
0.00118139
0.00111541
0.00103579
0.000979504
0.000911024
0.000860172
0.000799667
0.000757562
0.000156474
0.000148277
0.00014059
0.000136873
8.67414e-05
8.20414e-05
7.8308e-05
7.71844e-05
6.80602e-05
6.34399e-05
5.91757e-05
5.7208e-05
0.000111256
0.000103109
9.38839e-05
8.78852e-05
0.00023016
0.000215203
0.000200638
0.000192977
0.000128968
0.000119411
0.000110796
0.00010691
0.000115238
0.00010572
9.59375e-05
9.03207e-05
0.000199379
0.000184231
0.000166325
0.000153987
0.000722371
0.00066769
0.000600191
0.000551347
0.000595655
0.000551186
0.000496593
0.000457315
0.000452259
0.000419532
0.000379794
0.000351543
0.000359543
0.000334536
0.000304582
0.000283608
9.03869e-05
8.62503e-05
8.24196e-05
8.06307e-05
5.75983e-05
5.52779e-05
5.36284e-05
5.33749e-05
3.72859e-05
3.53603e-05
3.40999e-05
3.40603e-05
3.93785e-05
3.61884e-05
3.32784e-05
3.19859e-05
0.000116612
0.000111381
0.000106652
0.000104567
6.82097e-05
6.54237e-05
6.35436e-05
6.33975e-05
4.74908e-05
4.48656e-05
4.28903e-05
4.24624e-05
6.52047e-05
6.02872e-05
5.52001e-05
5.23177e-05
0.000154992
0.000136998
0.000115219
9.98164e-05
0.000135369
0.000120269
0.000102055
8.92128e-05
0.000113115
0.00010128
8.71192e-05
7.72103e-05
9.87629e-05
8.90043e-05
7.74511e-05
6.94533e-05
4.46725e-05
4.13795e-05
3.78496e-05
3.56699e-05
3.32362e-05
3.09516e-05
2.86604e-05
2.7374e-05
2.18049e-05
2.03457e-05
1.90829e-05
1.85521e-05
1.56974e-05
1.44911e-05
1.35643e-05
1.32999e-05
6.74535e-05
6.36771e-05
5.98985e-05
5.78213e-05
4.67131e-05
4.43264e-05
4.22499e-05
4.13967e-05
2.96626e-05
2.79743e-05
2.67533e-05
2.65194e-05
2.43673e-05
2.23378e-05
2.07009e-05
2.01766e-05
1.39886e-05
1.18711e-05
9.37389e-06
7.66156e-06
1.42866e-05
1.22287e-05
9.79377e-06
8.11545e-06
1.44328e-05
1.24585e-05
1.01261e-05
8.51731e-06
1.43577e-05
1.24398e-05
1.01923e-05
8.65244e-06
1.08164e-05
9.56793e-06
8.13988e-06
7.18108e-06
9.40111e-06
8.39971e-06
7.26225e-06
6.50331e-06
7.77936e-06
7.06679e-06
6.271e-06
5.74888e-06
6.70069e-06
6.18445e-06
5.62446e-06
5.26869e-06
2.4545e-05
2.22045e-05
1.9588e-05
1.78739e-05
1.9597e-05
1.78605e-05
1.5976e-05
1.47825e-05
1.40588e-05
1.29596e-05
1.18555e-05
1.12242e-05
1.049e-05
9.76509e-06
9.12981e-06
8.84584e-06
9.43344e-07
7.68937e-07
5.74491e-07
4.50733e-07
9.32644e-07
7.2683e-07
5.01032e-07
3.60487e-07
9.17021e-07
6.83555e-07
4.3231e-07
2.80283e-07
9.05118e-07
6.6088e-07
4.01261e-07
2.47393e-07
9.18467e-07
6.84261e-07
4.32003e-07
2.79722e-07
9.3056e-07
6.97948e-07
4.4592e-07
2.92395e-07
9.45721e-07
7.15645e-07
4.6444e-07
3.09643e-07
9.57043e-07
7.29251e-07
4.79068e-07
3.23562e-07
3.89242e-06
3.35682e-06
2.73419e-06
2.31232e-06
3.70503e-06
3.21924e-06
2.65216e-06
2.26622e-06
3.52673e-06
3.09385e-06
2.58553e-06
2.2374e-06
3.44076e-06
3.03899e-06
2.56548e-06
2.23981e-06
0.0387196
0.0353894
0.0320895
0.0301551
0.0333117
0.0306956
0.0278759
0.0261353
0.0261752
0.0243727
0.0224333
0.0212496
0.0206354
0.0195746
0.0184579
0.0178262
0.017682
0.0169708
0.0163436
0.0159613
0.0125792
0.0122659
0.0120924
0.0120934
0.00751111
0.00750798
0.00763512
0.00781886
0.0048157
0.00495675
0.00517548
0.00532215
0.00501176
0.00616538
0.0119884
0.0177443
0.00267835
0.00359855
0.00800465
0.0124614
0.00106341
0.00149373
0.00416283
0.00702162
0.000541201
0.000594624
0.00217728
0.00400748
0.0155881
0.0145403
0.0133279
0.012512
0.0129504
0.0120625
0.0110451
0.0103683
0.00983934
0.0091426
0.00835765
0.00784584
0.00775144
0.00718645
0.00655953
0.0061586
0.00671307
0.00621339
0.00566443
0.00531772
0.00490723
0.00452435
0.00411506
0.00386538
0.00304841
0.00279204
0.00253019
0.00238035
0.00206734
0.00188292
0.00170055
0.00160155
0.0088122
0.00814562
0.00742396
0.00697778
0.00649894
0.0059788
0.00543092
0.00510406
0.00408847
0.00373338
0.00337512
0.00317423
0.00279814
0.00254177
0.00229012
0.00215536
0.00574969
0.00541135
0.00500423
0.0047174
0.00473942
0.00445604
0.00411778
0.00388147
0.00355039
0.00333274
0.00307679
0.00290086
0.00275371
0.00258073
0.00238053
0.00224539
0.00235934
0.002209
0.00203669
0.00192169
0.00169134
0.0015798
0.00145513
0.00137431
0.00101037
0.000938711
0.000862387
0.000815899
0.000649533
0.000599043
0.000547629
0.000518318
0.00302663
0.00282447
0.00259472
0.00244293
0.00217807
0.00202714
0.00185993
0.00175277
0.0013136
0.00121552
0.00111194
0.00104959
0.000858249
0.000788335
0.0007175
0.000677425
0.00240295
0.00227453
0.00211722
0.00200421
0.00196742
0.00186092
0.00173132
0.00163884
0.00146145
0.00138123
0.00128482
0.00121695
0.00112559
0.00106333
0.000989563
0.00093845
0.000961793
0.000908484
0.000845898
0.000802982
0.000686774
0.000648512
0.00060465
0.000575395
0.000405024
0.000382236
0.000357484
0.000342076
0.000251819
0.000237387
0.000222786
0.000214621
0.00118944
0.00112244
0.00104416
0.000990771
0.000847949
0.000799423
0.000744077
0.000707357
0.000498474
0.000468944
0.000436965
0.000417104
0.00030954
0.00029022
0.000270556
0.000259416
0.000958345
0.000892811
0.000811836
0.000753161
0.000786388
0.000733011
0.000667433
0.0006202
0.000590936
0.000551662
0.000503955
0.000470012
0.000463927
0.000434015
0.000398178
0.000373073
0.000402327
0.000376945
0.000346795
0.00032588
0.000297827
0.000279902
0.000259094
0.000245045
0.000189933
0.000179606
0.000168307
0.000161242
0.000129709
0.000123495
0.000117331
0.000114035
0.000506612
0.000476469
0.000440713
0.000415939
0.000369684
0.000348435
0.000323814
0.000307222
0.00022878
0.000216621
0.000203348
0.000195072
0.000150791
0.000143553
0.000136389
0.000132571
0.000245128
0.000219462
0.000188177
0.000165871
0.000209443
0.000188234
0.000162493
0.000144216
0.00016921
0.000153036
0.000133586
0.000119906
0.000143383
0.000130435
0.000115046
0.000104356
0.000130228
0.000118861
0.00010543
9.61547e-05
0.000106125
9.74568e-05
8.73713e-05
8.05229e-05
8.01301e-05
7.42422e-05
6.76272e-05
6.33138e-05
6.44828e-05
6.01492e-05
5.54942e-05
5.2628e-05
0.000179693
0.00016535
0.000148361
0.000136606
0.000142244
0.000131627
0.000119278
0.000110908
0.000102564
9.57537e-05
8.81679e-05
8.3289e-05
7.93384e-05
7.46205e-05
6.96719e-05
6.67419e-05
2.7595e-05
2.35344e-05
1.87275e-05
1.54154e-05
2.68692e-05
2.31226e-05
1.86807e-05
1.56097e-05
2.58053e-05
2.24306e-05
1.84398e-05
1.56817e-05
2.4927e-05
2.17867e-05
1.81021e-05
1.55724e-05
2.4152e-05
2.11688e-05
1.76733e-05
1.52744e-05
2.22752e-05
1.96382e-05
1.65608e-05
1.44546e-05
1.98516e-05
1.76189e-05
1.50402e-05
1.32913e-05
1.80298e-05
1.60689e-05
1.3832e-05
1.23331e-05
3.94264e-05
3.49225e-05
2.96375e-05
2.60056e-05
3.52898e-05
3.14537e-05
2.69807e-05
2.39228e-05
3.0311e-05
2.72154e-05
2.36576e-05
2.12583e-05
2.68457e-05
2.42149e-05
2.12418e-05
1.92713e-05
1.82799e-06
1.56036e-06
1.24836e-06
1.03817e-06
1.97379e-06
1.65858e-06
1.29241e-06
1.04709e-06
2.10441e-06
1.7432e-06
1.32584e-06
1.04795e-06
2.15458e-06
1.77221e-06
1.33245e-06
1.04085e-06
2.16384e-06
1.7786e-06
1.33548e-06
1.04141e-06
2.16675e-06
1.78139e-06
1.33777e-06
1.04298e-06
2.15099e-06
1.77303e-06
1.33726e-06
1.04686e-06
2.12329e-06
1.75698e-06
1.3339e-06
1.05108e-06
4.24826e-06
3.61858e-06
2.88337e-06
2.38454e-06
4.21147e-06
3.59575e-06
2.87701e-06
2.38922e-06
4.10742e-06
3.51973e-06
2.83508e-06
2.37085e-06
3.98379e-06
3.4254e-06
2.77643e-06
2.337e-06
0.0253581
0.0237032
0.0218738
0.0207145
0.0212723
0.0198404
0.0182692
0.0172827
0.0164209
0.0152625
0.0140079
0.0132339
0.0131285
0.0121683
0.0111384
0.0105118
0.0115031
0.0106382
0.00971612
0.00915931
0.00858863
0.00789595
0.00717769
0.00675981
0.00549123
0.00500544
0.00452135
0.00425577
0.0037944
0.00344119
0.00309581
0.00291269
0.0150973
0.0139271
0.0126856
0.0119429
0.0114219
0.0104708
0.00949237
0.00893084
0.00743234
0.00675437
0.00608331
0.00571983
0.00519602
0.00469921
0.00421092
0.00395097
0.00302348
0.00273399
0.00245439
0.0023094
0.00189084
0.00171332
0.00155334
0.00147878
0.00179581
0.00167928
0.0015548
0.00147671
0.00301548
0.00285604
0.00263585
0.00246032
0.00393886
0.00373165
0.00343072
0.00318309
0.00655216
0.00618868
0.00566372
0.00522913
0.0127343
0.0119001
0.0107401
0.00981153
0.020078
0.0186024
0.0166129
0.0150659
0.00501722
0.00480722
0.0043968
0.00399953
0.00841975
0.00800795
0.00733134
0.00672348
0.0168489
0.0158834
0.0144439
0.0132327
0.0272409
0.0254877
0.0230291
0.021058
0.00398312
0.00419727
0.00431952
0.00426184
0.00236811
0.00243275
0.00249357
0.00249725
0.00226552
0.00228474
0.00227451
0.00222623
0.004692
0.00440392
0.00414217
0.00395832
0.00607916
0.00584888
0.00549783
0.00518951
0.0111784
0.0105313
0.00947742
0.00855546
0.0228338
0.0213811
0.0190985
0.0171304
0.035923
0.0339473
0.0308044
0.0279916
0.00210084
0.00328254
0.00496966
0.00516921
0.00182806
0.00313243
0.00820869
0.0135164
0.0162111
0.0108488
0.0201037
0.0314597
0.0733298
0.0287369
0.0356395
0.051836
0.00936086
0.00876198
0.0080519
0.00755997
0.00774217
0.00723857
0.0066469
0.00624103
0.00583447
0.00544462
0.00499401
0.0046905
0.00455613
0.00424367
0.0038884
0.00365373
0.00392034
0.00364698
0.00333933
0.00313856
0.0028335
0.00262811
0.00240295
0.00226061
0.00172552
0.00159088
0.00145011
0.00136659
0.00114413
0.0010476
0.000950501
0.000896203
0.00511753
0.00474727
0.00433522
0.0040703
0.00371727
0.0034369
0.00313315
0.00294426
0.00228552
0.0021001
0.00190843
0.00179665
0.00153426
0.00140108
0.00126823
0.00119501
0.00089197
0.000813284
0.000735848
0.000694064
0.00057894
0.000523851
0.000471042
0.000443644
0.000609865
0.000556298
0.000498054
0.000461465
0.00100213
0.000924091
0.000828664
0.000760406
0.00130183
0.00120596
0.00108415
0.000993761
0.00210577
0.0019575
0.00176336
0.00161505
0.00374552
0.00348266
0.00313642
0.00287063
0.00548229
0.00509285
0.00458244
0.00419252
0.00176523
0.0016406
0.00147972
0.00135872
0.0028506
0.0026548
0.00239521
0.0021948
0.00510429
0.00474675
0.0042722
0.00390573
0.0075282
0.0069868
0.0062741
0.00572805
0.00163095
0.00148082
0.00133531
0.00125897
0.00106596
0.000966188
0.000872941
0.00082655
0.00111008
0.00102297
0.000928802
0.000869769
0.00182964
0.00170191
0.00154159
0.00142404
0.00235806
0.00220207
0.0019964
0.0018389
0.00382326
0.00357233
0.00323378
0.00296853
0.00694811
0.00646804
0.00582417
0.00532281
0.0103827
0.00963113
0.0086361
0.0078708
0.00308403
0.00289866
0.00264673
0.002449
0.00505061
0.00474222
0.00431583
0.00397471
0.00942604
0.0087894
0.00792398
0.00724293
0.0143946
0.0133433
0.0119427
0.0108615
0.00366723
0.00346775
0.0032253
0.00305259
0.00301243
0.00284593
0.00264502
0.00250297
0.00224514
0.00211828
0.00196726
0.00186202
0.0017323
0.00163251
0.00151549
0.00143529
0.00148023
0.0013941
0.00129403
0.00122619
0.0010557
0.00099276
0.000921394
0.000874346
0.000621774
0.000582666
0.000540493
0.00051441
0.000388672
0.000362299
0.000335376
0.000320009
0.00185894
0.001746
0.00161562
0.00152786
0.00132845
0.00124525
0.00115154
0.00109024
0.00078698
0.000734322
0.000677848
0.000643144
0.000498088
0.00046167
0.00042449
0.000403228
0.000290664
0.000269836
0.000249334
0.000238302
0.000167381
0.000153489
0.000140539
0.000134226
0.000157955
0.000144054
0.000129407
0.000120639
0.00027248
0.00025119
0.000225799
0.000208098
0.000369138
0.000341972
0.000308322
0.000283911
0.000626861
0.0005841
0.000529079
0.000487653
0.0011418
0.00106778
0.000971223
0.00089758
0.0016755
0.00156925
0.00143056
0.00132472
0.000504046
0.000466301
0.00041937
0.000385188
0.000842734
0.000784322
0.000708998
0.000652172
0.00151829
0.00141775
0.00128645
0.00118623
0.00221845
0.00207394
0.00188525
0.00174126
0.000496166
0.000455251
0.000414689
0.000392522
0.000306191
0.000277507
0.000249974
0.00023569
0.00031174
0.000283021
0.00025206
0.000232853
0.000522949
0.0004808
0.000430026
0.000394219
0.00069199
0.000639662
0.000574327
0.000526561
0.00114016
0.00105988
0.000956085
0.000877623
0.00203666
0.00189827
0.00171731
0.00157912
0.00296909
0.00276911
0.00250793
0.00230872
0.000951072
0.000879462
0.000789452
0.000723271
0.00154911
0.00143926
0.00129657
0.0011883
0.00275425
0.00256307
0.00231245
0.00212074
0.00401675
0.00373773
0.00337297
0.00309471
0.00156193
0.00147143
0.00135987
0.0012792
0.00127711
0.00120278
0.00111171
0.00104629
0.000949869
0.000894664
0.000827827
0.000780421
0.000734867
0.000692587
0.00064211
0.000606863
0.000630604
0.000594664
0.000552138
0.000522745
0.000455353
0.000429938
0.00040057
0.000380829
0.000275387
0.00026076
0.000244816
0.000234882
0.000176431
0.000167648
0.000158909
0.000154196
0.000779599
0.000736231
0.000685095
0.000649875
0.000558973
0.000528105
0.000492563
0.000468755
0.000332711
0.000314684
0.000295064
0.000282841
0.000209003
0.00019793
0.000186818
0.000180713
0.000133874
0.000127485
0.000121622
0.000118936
7.57248e-05
7.22338e-05
6.96975e-05
6.9233e-05
5.57308e-05
5.23449e-05
4.94985e-05
4.84887e-05
8.47529e-05
7.85106e-05
7.17136e-05
6.75376e-05
0.000113195
0.000104487
9.43633e-05
8.75713e-05
0.000194438
0.000179248
0.000160464
0.000146914
0.00036753
0.00033969
0.000304354
0.000278124
0.000552995
0.000512246
0.000460211
0.000421326
0.000151471
0.000140327
0.000127009
0.000117757
0.000263216
0.000244212
0.000220307
0.000202735
0.000494852
0.000460516
0.000416425
0.000383308
0.000739693
0.000689757
0.000625385
0.000576825
0.000187252
0.000176329
0.000165866
0.000160556
0.000103474
9.68506e-05
9.11836e-05
8.89657e-05
8.67968e-05
8.02383e-05
7.37728e-05
7.03351e-05
0.00014789
0.000136928
0.000124177
0.000115578
0.00020266
0.000188025
0.000170203
0.000157537
0.000351993
0.000327723
0.000296829
0.000273831
0.000655908
0.000612758
0.000556889
0.000514579
0.00097402
0.000911652
0.000830711
0.000769253
0.000272464
0.000252725
0.000228421
0.000210913
0.000469091
0.000437266
0.000396467
0.000365866
0.000864536
0.000808807
0.000736288
0.000681103
0.00127576
0.00119559
0.00109113
0.00101152
0.000526031
0.000481697
0.000427114
0.000387742
0.000437155
0.000401054
0.000356837
0.000325115
0.000336908
0.000310199
0.000277833
0.000254875
0.000272362
0.000251772
0.000227149
0.000209937
0.000240684
0.000223046
0.000202113
0.000187605
0.000185609
0.000172851
0.000158017
0.000147976
0.000127965
0.000120175
0.000111564
0.000106094
9.49216e-05
8.98352e-05
8.46266e-05
8.16698e-05
0.0003144
0.000293115
0.00026783
0.000250288
0.000237067
0.000221911
0.000204298
0.00019239
0.000156793
0.000147872
0.000138069
0.000131903
0.000111479
0.000105935
0.000100371
9.73273e-05
7.88661e-05
7.49408e-05
7.11707e-05
6.92601e-05
5.24694e-05
5.01326e-05
4.82928e-05
4.77585e-05
3.34228e-05
3.1638e-05
3.04386e-05
3.03428e-05
3.08614e-05
2.82976e-05
2.61064e-05
2.52768e-05
3.18381e-05
2.85119e-05
2.53526e-05
2.38068e-05
4.03175e-05
3.4844e-05
2.89033e-05
2.52537e-05
7.11143e-05
6.10239e-05
4.92282e-05
4.12373e-05
0.000110119
9.5079e-05
7.70694e-05
6.45157e-05
4.46237e-05
4.02707e-05
3.58584e-05
3.34325e-05
6.48107e-05
5.73028e-05
4.87773e-05
4.32157e-05
0.000119337
0.000105377
8.85989e-05
7.68583e-05
0.000183278
0.000162549
0.000137197
0.000119098
0.00010262
9.80908e-05
9.39882e-05
9.2173e-05
6.25676e-05
6.01325e-05
5.85085e-05
5.84103e-05
4.17197e-05
3.95428e-05
3.8056e-05
3.79276e-05
5.05302e-05
4.65827e-05
4.27385e-05
4.07831e-05
6.17121e-05
5.61841e-05
5.02668e-05
4.67231e-05
9.77631e-05
8.80239e-05
7.65735e-05
6.87773e-05
0.000183557
0.00016543
0.000143163
0.000127199
0.000279869
0.000253057
0.000219704
0.000195449
8.40722e-05
7.71455e-05
6.93851e-05
6.44262e-05
0.000140352
0.00012812
0.000113332
0.00010293
0.000265399
0.000242749
0.000214424
0.00019372
0.000401946
0.000368603
0.000326531
0.000295472
9.25057e-05
8.06958e-05
6.65123e-05
5.6572e-05
8.31541e-05
7.30174e-05
6.08702e-05
5.23684e-05
7.23795e-05
6.41372e-05
5.43229e-05
4.74903e-05
6.53207e-05
5.82747e-05
4.99636e-05
4.4229e-05
6.13129e-05
5.48917e-05
4.73421e-05
4.2147e-05
5.31911e-05
4.79269e-05
4.17944e-05
3.76107e-05
4.38863e-05
3.9861e-05
3.52643e-05
3.21916e-05
3.77917e-05
3.45047e-05
3.08375e-05
2.84482e-05
9.11593e-05
8.24413e-05
7.21668e-05
6.50853e-05
7.66205e-05
6.97369e-05
6.1724e-05
5.62708e-05
6.05407e-05
5.55759e-05
4.995e-05
4.62323e-05
5.04987e-05
4.66348e-05
4.23964e-05
3.97014e-05
3.40051e-05
3.1137e-05
2.79877e-05
2.59733e-05
2.61849e-05
2.41245e-05
2.19624e-05
2.06565e-05
1.78299e-05
1.65372e-05
1.53255e-05
1.47126e-05
1.2811e-05
1.18873e-05
1.11482e-05
1.08943e-05
9.92582e-06
9.20363e-06
8.72328e-06
8.66785e-06
4.80013e-06
4.41126e-06
4.32011e-06
4.53745e-06
1.26517e-06
9.23429e-07
8.99407e-07
1.1846e-06
8.69955e-07
2.97041e-07
2.01691e-08
1.57907e-07
1.23592e-05
1.12474e-05
1.04512e-05
1.02961e-05
6.98819e-06
5.91062e-06
5.13438e-06
4.98615e-06
5.22713e-06
3.57298e-06
2.0945e-06
1.46017e-06
7.79709e-06
5.25037e-06
2.70584e-06
1.34037e-06
5.59826e-05
5.23942e-05
4.86656e-05
4.64746e-05
4.02278e-05
3.78402e-05
3.55876e-05
3.44622e-05
2.57926e-05
2.42038e-05
2.29458e-05
2.25512e-05
1.94387e-05
1.78625e-05
1.66418e-05
1.62966e-05
1.63652e-05
1.468e-05
1.33361e-05
1.29151e-05
1.26401e-05
1.04593e-05
8.4676e-06
7.56038e-06
1.62815e-05
1.25126e-05
8.54889e-06
6.22167e-06
2.55394e-05
1.9846e-05
1.3526e-05
9.52253e-06
2.26354e-05
2.0204e-05
1.80696e-05
1.71892e-05
2.32977e-05
1.96267e-05
1.58917e-05
1.38088e-05
3.74013e-05
3.07688e-05
2.33136e-05
1.85051e-05
5.8433e-05
4.84981e-05
3.69411e-05
2.91591e-05
6.94409e-06
5.90667e-06
4.68353e-06
3.8457e-06
7.41106e-06
6.33799e-06
5.06824e-06
4.19435e-06
7.81044e-06
6.71027e-06
5.41074e-06
4.51652e-06
7.94265e-06
6.83212e-06
5.53149e-06
4.64294e-06
7.87913e-06
6.78766e-06
5.51078e-06
4.63901e-06
7.65989e-06
6.62639e-06
5.4188e-06
4.59466e-06
7.2801e-06
6.32988e-06
5.22504e-06
4.47394e-06
6.91802e-06
6.03752e-06
5.01986e-06
4.33168e-06
1.40943e-05
1.22383e-05
1.00657e-05
8.5777e-06
1.33664e-05
1.16671e-05
9.68265e-06
8.32507e-06
1.23212e-05
1.08195e-05
9.07865e-06
7.89514e-06
1.14533e-05
1.0097e-05
8.53901e-06
7.48874e-06
6.6473e-06
5.82105e-06
4.86779e-06
4.22408e-06
6.0581e-06
5.35666e-06
4.54682e-06
3.99917e-06
5.41284e-06
4.85634e-06
4.21346e-06
3.77799e-06
5.01069e-06
4.5516e-06
4.02238e-06
3.66434e-06
4.81965e-06
4.4143e-06
3.94671e-06
3.62996e-06
4.50751e-06
4.21135e-06
3.85814e-06
3.61057e-06
4.54431e-06
4.3254e-06
4.05444e-06
3.85745e-06
4.91312e-06
4.70869e-06
4.4525e-06
4.26386e-06
6.10829e-06
5.70943e-06
5.2893e-06
5.03172e-06
5.01693e-06
4.85907e-06
4.70745e-06
4.62507e-06
4.31816e-06
4.3827e-06
4.4883e-06
4.58165e-06
4.32529e-06
4.50236e-06
4.74419e-06
4.93568e-06
1.67481e-05
1.49735e-05
1.29635e-05
1.16264e-05
1.39185e-05
1.25553e-05
1.10377e-05
1.0046e-05
1.06706e-05
9.77206e-06
8.81498e-06
8.22046e-06
8.50422e-06
7.90776e-06
7.32168e-06
6.9958e-06
7.25343e-06
6.84071e-06
6.47933e-06
6.31608e-06
4.90185e-06
4.85895e-06
4.92286e-06
5.04807e-06
2.98998e-06
3.28801e-06
3.75987e-06
4.17611e-06
2.3709e-06
2.84273e-06
3.5348e-06
4.11897e-06
8.40557e-06
7.90332e-06
7.54654e-06
7.46947e-06
4.53805e-06
4.46148e-06
4.60259e-06
4.87113e-06
1.38034e-06
1.62585e-06
2.16263e-06
2.72518e-06
3.32919e-07
6.74167e-07
1.34862e-06
2.0332e-06
3.85275e-07
2.26427e-07
7.84859e-08
1.77746e-08
2.75898e-07
1.58149e-07
5.47227e-08
2.0553e-08
1.9393e-07
1.1216e-07
4.62121e-08
3.51285e-08
1.6594e-07
1.04136e-07
5.13566e-08
4.73437e-08
1.63144e-07
1.02606e-07
5.60702e-08
4.87964e-08
1.73259e-07
1.0458e-07
5.1362e-08
4.0147e-08
1.88683e-07
1.09013e-07
4.89174e-08
3.63314e-08
2.02665e-07
1.14352e-07
5.03278e-08
3.94086e-08
9.03808e-07
6.57552e-07
3.94854e-07
2.38625e-07
9.01307e-07
6.58914e-07
3.99714e-07
2.44994e-07
9.04837e-07
6.66873e-07
4.11482e-07
2.58183e-07
9.12621e-07
6.77585e-07
4.24531e-07
2.71896e-07
2.1024e-07
1.16452e-07
5.02057e-08
4.08002e-08
2.22759e-07
1.15834e-07
4.31847e-08
3.6841e-08
2.42437e-07
1.17565e-07
3.82803e-08
4.02552e-08
2.60045e-07
1.20548e-07
3.76167e-08
4.93889e-08
2.611e-07
1.17861e-07
3.16775e-08
5.3394e-08
2.46709e-07
1.06469e-07
2.07204e-08
3.50442e-08
2.01173e-07
8.53637e-08
8.90201e-09
1.31069e-08
1.60814e-07
7.26196e-08
8.09435e-09
4.68705e-09
9.60359e-07
7.31738e-07
4.80958e-07
3.24852e-07
9.70939e-07
7.30145e-07
4.68675e-07
3.08234e-07
9.80784e-07
7.139e-07
4.32761e-07
2.68327e-07
9.84088e-07
6.90332e-07
3.91624e-07
2.27324e-07
2.1041e-06
1.74608e-06
1.33183e-06
1.0542e-06
2.06923e-06
1.72711e-06
1.32977e-06
1.06236e-06
2.04963e-06
1.72026e-06
1.33635e-06
1.077e-06
2.05463e-06
1.72886e-06
1.34865e-06
1.09143e-06
2.06833e-06
1.73914e-06
1.35532e-06
1.09603e-06
2.12468e-06
1.78078e-06
1.38024e-06
1.11069e-06
2.28381e-06
1.89152e-06
1.43893e-06
1.13816e-06
2.47055e-06
2.01838e-06
1.50247e-06
1.1642e-06
3.4216e-06
3.03184e-06
2.57096e-06
2.25283e-06
3.43388e-06
3.06425e-06
2.61965e-06
2.30807e-06
3.68754e-06
3.29743e-06
2.82463e-06
2.49085e-06
4.06623e-06
3.62538e-06
3.09261e-06
2.71722e-06
