FiniteElementSpace
FiniteElementCollection: H1_2D_P2
VDim: 2
Ordering: 0

0
1.20332
2.09148
2.73897
3.24022
3.65002
4.0134
4.36445
4.71529
0
0.725653
1.3674
1.90296
2.34818
2.73015
3.08227
3.42975
3.77818
0.631535
0.988997
0.36985
0
1.68571
1.74925
1.05991
2.43801
2.33442
1.64781
3.004
2.80291
2.1354
3.45364
3.19455
2.54501
3.83495
3.54915
2.90795
4.18915
3.89725
3.25579
4.53997
4.2469
3.60413
0.517597
1.39606
2.05929
2.58067
3.00586
3.37413
3.72297
4.07215
0.314865
0.571911
0.259424
0
1.45521
1.54295
1.20001
1.097
2.27119
2.25113
1.90909
1.92284
2.87549
2.79433
2.46084
2.53898
3.34942
3.23095
2.90649
3.02318
3.74359
3.60494
3.28517
3.42306
4.10143
3.95607
3.63607
3.78142
4.45219
4.30608
3.98466
4.13084
0.928477
0.761692
0.869867
0.54993
0.457359
0.186441
0
1.89703
1.57867
1.56585
1.2171
1.23791
0.895943
2.5935
2.2008
2.12312
1.7784
1.85927
1.5109
3.12533
2.6945
2.57828
2.24403
2.36153
2.02184
3.55361
3.10166
2.96379
2.63877
2.7775
2.44834
3.92471
3.46196
3.31618
2.99535
3.14193
2.81971
4.27678
3.81001
3.66356
3.3427
3.48957
3.16902
4.62772
4.48111
4.1596
4.0126
3.69126
3.83818
3.51693
0.281278
1.3292
2.09265
2.67031
3.12937
3.51496
3.86881
4.21843
0.844794
0.669169
0.235967
1.74019
1.40654
1.05925
2.39955
1.99462
1.71654
2.91173
2.47236
2.24527
3.32862
2.87196
2.6798
3.69359
3.22932
3.05359
4.04339
3.57646
3.40285
4.39368
3.92548
3.75083
0.149283
0.295901
0.135526
0
1.33211
1.39215
1.21552
1.1499
2.18306
2.1823
2.00925
2.00748
2.80829
2.77332
2.60561
2.63941
3.29549
3.23968
3.07689
3.13204
3.69712
3.62937
3.46929
3.53669
4.05746
3.98511
3.82515
3.89741
4.40831
4.3353
4.17462
4.24763
0.782581
0.886132
0.710931
0.600752
0.641714
0.71741
0.564535
0.489311
0.12817
0.248704
0.119647
0
1.79364
1.81884
1.64352
1.61444
1.48896
1.49431
1.32344
1.31886
1.09646
1.13164
0.965938
0.931497
2.51709
2.49696
2.32653
2.34498
2.13108
2.0988
1.92783
1.9605
1.83044
1.81418
1.64223
1.65908
3.06552
3.0189
2.85381
2.89956
2.6383
2.58413
2.41759
2.47188
2.3985
2.35393
2.18496
2.22975
3.50411
3.44131
3.28023
3.34254
3.05417
2.9872
2.82509
2.89214
2.85527
2.79368
2.62956
2.69121
3.87999
3.80918
3.6494
3.72
3.41815
3.34579
3.18572
3.25823
3.24011
3.16964
3.00891
3.07949
4.23296
4.16007
3.99972
4.07259
3.76647
3.69326
3.53299
3.60631
3.59263
3.51953
3.35952
3.43277
4.58386
4.51071
4.34989
4.42303
4.11589
4.04254
3.88184
3.95517
3.94094
3.86776
3.70718
3.78042
0.476052
0.428267
0.544583
0.389686
0.270245
0
1.57303
1.43827
1.47042
1.29981
1.26545
1.04368
2.35611
2.17322
2.15602
1.98534
2.00173
1.83694
2.9407
2.73319
2.68809
2.52155
2.56622
2.4374
3.40211
3.18069
3.11876
2.95666
3.01834
2.91352
3.7895
3.56015
3.48967
3.32982
3.40025
3.30905
4.14531
3.91245
3.83954
3.67951
3.75248
3.66535
4.49608
4.26225
4.18912
4.02841
4.10155
4.01406
1.0689
0.973463
0.877441
0.803609
0.770951
0.801849
0.638311
0.614156
0.460278
0.418439
0.34783
0.278323
0.216781
0.0964131
0
1.99624
1.83323
1.66538
1.66035
1.48732
1.46882
1.29306
1.3144
1.13931
1.15194
1.14988
0.978689
0.981133
0.811469
2.66742
2.47033
2.26856
2.30093
2.0597
2.01427
1.84139
1.88791
1.71385
1.75516
1.78886
1.58013
1.6156
1.43994
3.18354
2.96816
2.74935
2.80365
2.52591
2.46398
2.29663
2.35905
2.19029
2.24942
2.30411
2.07925
2.13464
1.96307
3.60221
3.3762
3.14843
3.21544
2.91816
2.84736
2.68471
2.75584
2.59222
2.66182
2.72909
2.49707
2.56473
2.39872
3.96915
3.73758
3.50562
3.57788
3.27279
3.19935
3.03884
3.11251
2.95173
3.02518
3.09791
2.86396
2.93696
2.77512
4.3206
4.0871
3.85361
3.92671
3.61998
3.54667
3.3862
3.4596
3.29922
3.37272
3.44619
3.21239
3.28601
3.12565
4.67154
4.59819
4.43742
4.36402
4.20327
4.27664
4.12977
3.96907
3.89541
3.73476
3.80839
3.64771
3.72117
3.7945
3.56053
3.63389
3.47333
0.140188
1.27366
2.09651
2.70738
3.1865
3.58332
3.9413
4.29146
0.746054
0.60503
0.124683
1.71875
1.40799
1.03325
2.42223
2.03061
1.73779
2.96005
2.52868
2.29265
3.39239
2.94006
2.74298
3.76474
3.30211
3.1248
4.11632
3.64976
3.47616
4.46688
3.99887
3.82407
0.45081
0.408652
0.13186
1.50568
1.36993
1.15677
2.26507
2.08011
1.92073
2.83736
2.62799
2.50273
3.29167
3.06906
2.96652
3.6749
3.44515
3.35491
4.02886
3.79601
3.70894
4.37917
4.14534
4.05779
1.0208
0.926
0.676455
0.82624
0.709015
0.517195
0.370397
0.317999
0.113495
1.91501
1.75022
1.56716
1.57797
1.39258
1.23418
1.2268
1.06758
0.892536
2.56931
2.37018
2.22959
2.16516
1.95186
1.82235
1.88839
1.68625
1.54313
3.0762
2.85925
2.74662
2.63828
2.41207
2.30485
2.41365
2.1927
2.07518
3.48938
3.26258
3.16752
3.03365
2.80187
2.70918
2.84337
2.61369
2.51484
3.85338
3.62168
3.5339
3.38933
3.15597
3.06893
3.2141
2.98121
2.89237
4.20383
3.97036
3.88311
3.73682
3.50311
3.41614
3.56291
3.32935
3.24268
4.55448
4.32035
4.2329
4.08618
3.85193
3.76479
3.91146
3.67753
3.59026
0
0.452866
1.22527
2.12295
3.06635
4.02354
4.97585
5.9186
6.85656
1
1.29817
1.88743
2.64574
3.49442
4.39575
5.32637
6.26678
7.20566
0.184059
0.839869
1.11101
0.5
0.81362
1.54045
1.56429
1.66551
2.37682
2.25171
2.5913
3.27675
3.06173
3.54469
4.20824
3.94009
4.50093
5.15096
4.85871
5.44821
6.09297
5.79634
6.38785
7.03138
6.73661
0.594945
1.16521
1.94778
2.82124
3.74001
4.67916
5.62243
6.56253
0.100143
0.379577
0.51866
0.25
0.62483
0.982334
0.994762
0.637486
1.4427
1.80273
1.74088
1.37755
2.35605
2.70404
2.5974
2.24698
3.3053
3.64093
3.50759
3.16978
4.26251
4.58926
4.44349
4.11479
5.21232
5.53513
5.38678
5.06294
6.15332
6.47524
6.32786
6.00577
0.303622
0.704843
1.0604
1.19302
0.837059
1.05762
0.75
1.01483
1.34793
1.71157
1.71984
1.36032
1.42292
1.89255
2.16004
2.51053
2.44557
2.09842
2.06523
2.82822
3.04783
3.38558
3.27625
2.94114
2.85137
3.7842
3.97366
4.30242
4.16684
3.84031
3.71583
4.73873
4.91503
5.23907
5.09211
4.7694
4.62649
5.6836
5.85783
6.18004
6.03159
5.70967
5.5612
6.62226
6.94398
6.79702
7.11865
6.97121
6.64968
6.50181
0.296317
0.801776
1.58723
2.4742
3.40486
4.35206
5.29923
6.24062
0.494661
0.936881
0.767096
1.17522
1.53066
1.20268
2.02293
2.3018
1.9013
2.93605
3.16187
2.72385
3.87767
4.07061
3.61185
4.82626
5.00402
4.53545
5.77063
5.94493
5.47434
6.70966
6.88424
6.41495
0.0598107
0.195376
0.269695
0.125
0.536345
0.711247
0.717304
0.542978
1.33322
1.5137
1.48158
1.29996
2.2392
2.41438
2.36022
2.18412
3.18574
3.35458
3.28718
3.11752
4.14309
4.30697
4.23342
4.0688
5.09417
5.25566
5.18113
5.01923
6.03599
6.19698
6.12323
5.96218
0.239481
0.396872
0.433255
0.279746
0.646414
0.81794
0.883701
0.712305
0.50138
0.639309
0.750617
0.625
0.912875
1.09336
1.07743
0.89611
1.25521
1.43821
1.44405
1.26137
0.915136
1.09693
1.12944
0.947827
1.77856
1.95678
1.9123
1.73302
2.0533
2.23049
2.19939
2.02256
1.63977
1.82041
1.80543
1.62516
2.70958
2.88154
2.8198
2.64701
2.93422
3.10468
3.05111
2.88097
2.48667
2.66035
2.61666
2.44332
3.66445
3.83053
3.75924
3.59236
3.8567
4.02211
3.95525
3.79011
3.39195
3.55964
3.49842
3.33104
4.61991
4.78228
4.70779
4.54483
4.79708
4.95957
4.88665
4.72431
4.3258
4.48949
4.4188
4.25534
5.56596
5.72708
5.65292
5.49159
5.74016
5.90141
5.82731
5.66609
5.26889
5.43061
5.35669
5.19506
6.50507
6.66596
6.59247
6.43155
6.6798
6.84066
6.76698
6.60613
6.21044
6.37143
6.29752
6.13653
0.137175
0.333696
0.484381
0.552092
0.40447
0.375
0.717393
0.890294
1.07208
1.07827
0.896298
0.736408
1.55351
1.69433
1.87439
1.84359
1.66304
1.45779
2.47344
2.58882
2.76218
2.70895
2.53527
2.31127
3.42496
3.52279
3.69021
3.62363
3.45593
3.22292
4.3818
4.47068
4.63409
4.56128
4.39762
4.16133
5.33034
5.41723
5.57875
5.50463
5.34297
5.10688
6.27061
6.35796
6.5189
6.44522
6.28425
6.04938
0.374857
0.563015
0.769573
0.597186
0.996061
1.17722
1.24309
1.06178
1.14914
0.969633
0.798217
1.0806
0.906227
1.03382
0.875
1.11904
1.27535
1.4431
1.26014
1.61992
1.79917
1.8023
1.62471
1.6405
1.46145
1.27976
1.49177
1.31147
1.35841
2.00737
2.13452
2.26791
2.09076
2.40555
2.57812
2.54494
2.37362
2.34781
2.17494
1.99901
2.1575
1.98306
1.97519
2.94715
3.05272
3.16202
2.99154
3.27338
3.44012
3.38491
3.21914
3.16851
3.00149
2.83204
2.95601
2.78763
2.74794
3.90391
3.9962
4.09085
3.92544
4.18635
4.3493
4.28105
4.11892
4.05317
3.89037
3.72583
3.82763
3.66399
3.60475
4.85737
4.94464
5.033
4.87055
5.12151
5.28288
5.20915
5.04825
4.97529
4.81426
4.65233
4.74244
4.58118
4.51091
5.80114
5.88824
5.97543
5.81422
6.06251
6.22347
6.1492
5.98834
5.91397
5.75311
5.59201
5.67875
5.5179
5.44373
6.73942
6.90026
6.82683
6.98768
6.91422
6.75336
7.07504
7.00147
7.16221
7.08845
6.92776
6.85394
6.69318
6.53234
6.61924
6.45842
6.38432
0.160876
0.624704
1.40604
2.29893
3.23594
4.18791
5.13751
6.07961
0.334198
0.761746
0.62354
0.993396
1.34839
1.02025
1.8444
2.12586
1.72184
2.76406
2.99247
2.55135
3.71141
3.90594
3.44508
4.66361
4.8419
4.37231
5.60939
5.78377
5.31283
6.54877
6.72341
6.25401
0.233303
0.439825
0.383424
0.801887
0.982457
0.814105
1.62274
1.76802
1.55956
2.53043
2.64839
2.42287
3.4734
3.57293
3.33924
4.42595
4.51584
4.27944
5.37369
5.4609
5.22496
6.31429
6.4016
6.16685
0.46672
0.663882
0.537113
0.880212
1.11697
1.01259
0.671222
0.934177
0.884981
1.19564
1.3579
1.16476
1.53054
1.71067
1.54158
1.17743
1.38468
1.24224
2.07005
2.20054
1.98201
2.33634
2.4752
2.27351
1.92069
2.07809
1.89004
2.99937
3.107
2.87658
3.21756
3.32925
3.10988
2.77024
2.89405
2.68229
3.94967
4.04332
3.80773
4.13859
4.2339
4.0044
3.67466
3.77689
3.55172
4.90082
4.98874
4.75233
5.07729
5.1655
4.93116
4.60683
4.69759
4.46507
5.84467
5.93183
5.69653
6.019
6.10592
5.87073
5.54836
5.6355
5.40036
6.78312
6.87053
6.63615
6.95787
7.045
6.81049
6.4888
6.57582
6.34097
