FiniteElementSpace
FiniteElementCollection: L2_2D_P3
VDim: 1
Ordering: 0

8.66104e-05
0.00015893
0.000450762
0.000751855
0.000131324
0.00018454
0.000452296
0.000750454
0.000200161
0.000233063
0.000445245
0.000686349
0.000252652
0.000275597
0.00043405
0.000601188
0.00318949
0.00339944
0.00370389
0.00396165
0.0024784
0.00263987
0.00287778
0.00308187
0.00171556
0.00182038
0.00198043
0.00212154
0.00125704
0.00132383
0.00143138
0.00152978
0.00633196
0.00641287
0.00656964
0.00672978
0.00496456
0.00502811
0.00515543
0.00528772
0.00342185
0.00346405
0.00355511
0.00365301
0.00243009
0.00245774
0.00252307
0.0025959
0.00712084
0.00703872
0.00698492
0.00698434
0.00562623
0.00555951
0.00551863
0.00552251
0.00391531
0.00386649
0.00383997
0.00384799
0.00279719
0.00276111
0.00274375
0.00275313
0.00589537
0.00573773
0.00557123
0.00547297
0.00466155
0.00453379
0.00440133
0.00432545
0.00325399
0.00316198
0.00306993
0.00302035
0.00233814
0.00227119
0.00220665
0.00217436
0.00360783
0.00342408
0.0032063
0.00305558
0.00285154
0.00270571
0.00253501
0.00241863
0.00200614
0.00190447
0.00178841
0.00171178
0.00146924
0.00139722
0.00131753
0.00126717
0.00124154
0.00112084
0.000974672
0.000871167
0.00100709
0.000911765
0.000797463
0.000717412
0.00075558
0.000688518
0.000609756
0.00055591
0.000604933
0.000555738
0.000499476
0.000462259
0.00011601
9.13076e-05
6.38033e-05
4.63126e-05
0.000113243
9.14545e-05
6.71268e-05
5.15305e-05
0.000113039
9.40501e-05
7.28639e-05
5.92151e-05
0.000115452
9.7685e-05
7.79537e-05
6.52732e-05
0.00150674
0.0016967
0.00196963
0.00219835
0.00120096
0.00133907
0.00154123
0.00171328
0.00089176
0.00097373
0.00109927
0.0012099
0.000722703
0.00077017
0.000848576
0.000921355
0.0003251
0.000319302
0.000317815
0.000321282
0.000327684
0.000320181
0.000316287
0.00031769
0.000413383
0.000413145
0.000419097
0.000428062
0.000540187
0.000554865
0.00058139
0.000606566
0.000467133
0.000388002
0.000324618
0.000300979
0.000448508
0.000375073
0.000327967
0.000319873
0.000385187
0.000337761
0.000350582
0.000400049
0.00031216
0.000297406
0.000382074
0.00050162
0.00494908
0.00511735
0.00537836
0.0056113
0.00385961
0.00399073
0.00419816
0.00438597
0.00265155
0.00273843
0.00288187
0.00301557
0.00189176
0.00194855
0.00204787
0.00214373
0.000167508
0.000153175
0.000139216
0.000131694
0.000157826
0.000144612
0.000128153
0.000115648
0.000423669
0.000425394
0.000421906
0.000414034
0.000866892
0.000891677
0.000912606
0.000918669
0.000273516
0.00025489
0.000238067
0.000230421
0.000269961
0.00025313
0.000236129
0.000226352
0.000437477
0.000437019
0.00043817
0.000439567
0.000711165
0.000735429
0.000766706
0.000789212
0.00705686
0.00704498
0.00708482
0.00715799
0.00555866
0.00554864
0.0055834
0.00564693
0.00385183
0.00384326
0.00387056
0.00392117
0.00274201
0.00273467
0.00275592
0.00279596
6.4527e-05
6.38047e-05
6.37888e-05
6.45024e-05
2.17453e-05
2.36174e-05
2.18237e-05
1.72123e-05
0.00037443
0.00038395
0.000382161
0.000369866
0.00100014
0.00101863
0.00101875
0.00100037
9.14006e-05
8.50496e-05
7.89642e-05
7.5764e-05
6.45835e-05
5.97052e-05
5.06708e-05
4.14674e-05
0.000393343
0.000400006
0.000396979
0.000385235
0.000961077
0.000984615
0.000994989
0.000986608
0.00668293
0.00655575
0.00643708
0.00638185
0.00528658
0.00518313
0.00508924
0.00504831
0.00368737
0.00361221
0.00354739
0.00352283
0.0026421
0.00258694
0.00254171
0.00252731
8.7179e-05
8.82465e-05
9.11885e-05
9.48344e-05
3.54808e-05
4.01208e-05
4.33192e-05
4.38006e-05
0.000348102
0.000352865
0.000348088
0.000336395
0.00091524
0.000915552
0.000897131
0.000869229
7.01055e-05
7.11547e-05
7.34233e-05
7.59979e-05
1.93935e-05
2.38582e-05
2.56346e-05
2.40402e-05
0.000364135
0.000372343
0.000369547
0.000357296
0.000984663
0.000994433
0.000984407
0.000959653
0.00484369
0.0046651
0.00446241
0.00432957
0.00382598
0.0036826
0.00352224
0.00341918
0.00267441
0.00257276
0.00246233
0.0023942
0.00193216
0.00185922
0.00178256
0.00173768
0.000141056
0.000142708
0.000148589
0.000156239
9.58383e-05
9.99337e-05
0.000106249
0.000112164
0.000293739
0.00029171
0.000285591
0.000278785
0.000663145
0.000648078
0.000621077
0.000595578
0.000109586
0.000110821
0.000114962
0.000120325
6.0593e-05
6.50448e-05
6.97267e-05
7.27322e-05
0.000322885
0.000324154
0.000318263
0.000308458
0.00080293
0.0007949
0.000770898
0.000742928
0.00233734
0.00217316
0.00197446
0.00183368
0.00185916
0.00172987
0.00157511
0.00146682
0.00133346
0.00124395
0.00113921
0.00106789
0.00100685
0.000943332
0.000871166
0.000823877
0.00021436
0.000211821
0.00021391
0.000219748
0.000173042
0.000171423
0.000173827
0.000179272
0.000226232
0.000217391
0.000209549
0.000206605
0.000355341
0.00033384
0.000309178
0.000293222
0.00018115
0.00018203
0.000188022
0.000196577
0.000138567
0.00014092
0.000147065
0.000154432
0.000263041
0.000257496
0.000250908
0.000246825
0.000509225
0.000489081
0.00046163
0.000440371
0.000490372
0.00042263
0.000342363
0.000287033
0.000418114
0.000363238
0.000298742
0.000254662
0.000344623
0.000303631
0.000256255
0.000224468
0.000304518
0.000271826
0.000234781
0.000210489
0.000171149
0.000159268
0.000147807
0.000141857
0.00014266
0.000132644
0.00012346
0.000119148
0.000122499
0.00011228
0.000102922
9.85642e-05
0.000120469
0.000107973
9.59623e-05
8.98342e-05
0.000215421
0.00020761
0.000202513
0.000202397
0.000177481
0.000170885
0.000167043
0.000167663
0.000178545
0.000167949
0.000158882
0.000155532
0.000220298
0.000202036
0.000183324
0.000172895
7.93808e-06
4.78144e-06
1.98859e-06
8.36377e-07
1.25307e-05
8.38784e-06
4.29968e-06
2.13177e-06
1.8146e-05
1.27357e-05
7.20073e-06
4.06012e-06
2.14706e-05
1.5042e-05
8.53566e-06
4.9061e-06
2.29544e-05
1.60446e-05
9.17241e-06
5.38247e-06
2.02468e-05
1.41933e-05
8.16652e-06
4.83893e-06
1.73313e-05
1.22402e-05
7.16257e-06
4.35369e-06
1.54723e-05
1.10091e-05
6.57048e-06
4.12571e-06
9.52439e-05
8.31919e-05
7.02511e-05
6.21982e-05
8.09184e-05
7.07536e-05
6.00777e-05
5.36169e-05
6.56383e-05
5.72119e-05
4.86742e-05
4.37677e-05
5.64465e-05
4.87748e-05
4.12453e-05
3.71476e-05
0.000783085
0.00093985
0.00118204
0.00139317
0.000731872
0.000830866
0.000985665
0.00112263
0.000650604
0.000698496
0.000777729
0.000850939
0.000583755
0.000610089
0.000656412
0.000700975
0.000513947
0.000544347
0.000590157
0.000630092
0.000401392
0.000423032
0.000457308
0.000488392
0.000306349
0.00031986
0.00034325
0.000365805
0.000279067
0.000289736
0.000309169
0.000328464
0.000291754
0.000287161
0.000393035
0.000530001
0.000367392
0.000328243
0.000357563
0.000423275
0.000438226
0.000369556
0.000331353
0.000332507
0.000465001
0.000387592
0.000327059
0.000306066
0.00408868
0.00428565
0.00457844
0.00483141
0.00318129
0.00333384
0.00356451
0.00376653
0.00218868
0.00228884
0.0024461
0.00258772
0.0015756
0.00164031
0.00174753
0.00184755
0.00129424
0.00134253
0.00142622
0.00150649
0.000842332
0.000864225
0.000910107
0.000958752
0.000433774
0.000430413
0.000438473
0.000454144
0.000267112
0.000252142
0.000241004
0.000238537
0.00104841
0.00109762
0.00118059
0.00125876
0.000712011
0.000733772
0.000778042
0.000824276
0.000416791
0.000412525
0.000418989
0.000433072
0.000305977
0.000289829
0.000277826
0.000275219
0.00678276
0.00681562
0.0069126
0.00702888
0.00533124
0.00535688
0.00543714
0.00553498
0.00368444
0.0037007
0.00375966
0.00383414
0.0026187
0.00262866
0.00267207
0.00272887
0.00212081
0.00212748
0.0021631
0.00221124
0.00131226
0.00131263
0.00133494
0.00136897
0.000538213
0.000534162
0.000542289
0.000558903
0.000178395
0.00017439
0.000174617
0.000178919
0.00196834
0.00198889
0.00204169
0.00210236
0.00122068
0.00122881
0.0012606
0.00130145
0.000510601
0.000507899
0.000517701
0.000535525
0.000185827
0.00017958
0.000177433
0.000180251
0.00695349
0.0068463
0.0067571
0.00672718
0.00549858
0.00541142
0.00534163
0.00532148
0.00383181
0.0037683
0.0037209
0.00371147
0.00274183
0.0026951
0.00266253
0.00265916
0.00222869
0.00218973
0.00216403
0.00216346
0.0013908
0.00136406
0.00134949
0.00135379
0.00058019
0.000567824
0.000564083
0.000570696
0.000195581
0.000192893
0.000194247
0.000199123
0.00227132
0.00224102
0.00222773
0.00223761
0.00141299
0.00139146
0.00138458
0.00139553
0.000582957
0.000572465
0.000571605
0.000580795
0.000189559
0.000187215
0.000188993
0.000194158
0.00539854
0.00522907
0.00504271
0.00492583
0.00426635
0.00412955
0.00398158
0.00389092
0.00297932
0.00288152
0.00277902
0.00271922
0.00214531
0.00207461
0.00200303
0.00196371
0.00175363
0.00169579
0.00163886
0.00160919
0.00111605
0.00107902
0.00104597
0.00103213
0.000503338
0.000488287
0.000478761
0.000479166
0.000214967
0.000212228
0.000214095
0.000219876
0.00190742
0.00185236
0.00180088
0.00177679
0.00120547
0.00116964
0.00113956
0.00112906
0.000528975
0.000513893
0.000504934
0.000506227
0.000209408
0.000206376
0.000207656
0.000212811
0.00296436
0.00278701
0.00257406
0.00242446
0.00234789
0.00220782
0.00204156
0.00192634
0.00166407
0.00156694
0.00145437
0.00137861
0.00123404
0.00116537
0.00108817
0.00103829
0.00103276
0.000977404
0.000916573
0.000878515
0.000704126
0.000669861
0.000634909
0.000615479
0.00039362
0.000379988
0.000369835
0.000367901
0.000250978
0.000247447
0.00024889
0.000254761
0.00121805
0.00115995
0.00109721
0.00105893
0.000809351
0.000773462
0.000737687
0.0007186
0.000421395
0.000407631
0.000397933
0.000396837
0.000241958
0.000239383
0.000242034
0.000248847
0.000817003
0.000722857
0.000609713
0.000530351
0.00067563
0.000600629
0.000511325
0.000449321
0.000526909
0.000472942
0.000409914
0.000367111
0.000440663
0.000399699
0.000352991
0.000322174
0.000398299
0.000363481
0.000324328
0.00029894
0.000321912
0.000296923
0.000269893
0.000253248
0.000250222
0.000234359
0.000218638
0.000210198
0.00021747
0.000205676
0.000195053
0.000190356
0.00053286
0.000492025
0.000446114
0.000416405
0.000409214
0.000381568
0.000351995
0.000334147
0.000293392
0.000278095
0.000263815
0.000257076
0.000240743
0.000231033
0.000223667
0.000221959
3.91308e-05
2.80747e-05
1.66183e-05
1.00713e-05
4.48066e-05
3.38868e-05
2.22588e-05
1.52655e-05
5.24273e-05
4.13381e-05
2.93034e-05
2.18063e-05
5.80833e-05
4.64439e-05
3.37877e-05
2.58624e-05
5.9721e-05
4.80033e-05
3.51658e-05
2.70374e-05
5.92885e-05
4.79795e-05
3.56027e-05
2.77575e-05
5.85782e-05
4.76531e-05
3.57616e-05
2.82578e-05
5.80137e-05
4.72647e-05
3.56253e-05
2.83191e-05
0.000115031
9.80533e-05
7.91728e-05
6.69936e-05
0.000109115
9.39185e-05
7.71178e-05
6.63265e-05
0.000103125
8.95831e-05
7.47794e-05
6.53735e-05
0.000100046
8.72466e-05
7.33839e-05
6.46644e-05
0.00231673
0.00252185
0.00281574
0.00306194
0.00180304
0.00195926
0.00218665
0.00237968
0.00126779
0.00136765
0.00151836
0.00164998
0.000959755
0.00102231
0.00112218
0.00121295
0.000822759
0.00086766
0.000943365
0.00101465
0.000594963
0.000614126
0.000653645
0.000695122
0.000401858
0.000397534
0.000403229
0.000416193
0.000338161
0.00032372
0.00031396
0.000313199
0.000646969
0.000679916
0.00073777
0.000793553
0.000500604
0.000515255
0.000546338
0.000579436
0.000376003
0.000376097
0.000385076
0.000398842
0.000338565
0.000333995
0.000334754
0.000340557
0.000317477
0.000300928
0.000287372
0.000282782
0.000313379
0.000298261
0.000285012
0.000279388
0.000429372
0.000428848
0.00043314
0.000439563
0.000617899
0.000639896
0.000673073
0.000700952
0.000732865
0.000772945
0.000829095
0.000874032
0.00102167
0.00110314
0.00121311
0.00129912
0.00160276
0.00175863
0.00196695
0.0021291
0.00222644
0.00245725
0.00276603
0.00300699
0.00060011
0.00062828
0.000673193
0.000713017
0.000748806
0.000812399
0.000904481
0.000981166
0.00105875
0.00118963
0.00137297
0.00152204
0.00139595
0.00159699
0.00187695
0.0021038
0.00027282
0.000281653
0.000298513
0.000315899
0.000289924
0.000296029
0.000308688
0.000322273
0.000372952
0.000381179
0.000396081
0.000410883
0.000478485
0.000492824
0.000515556
0.000536198
0.000538521
0.000546614
0.00056813
0.000592709
0.00058154
0.000613291
0.000669802
0.000723722
0.000629027
0.000719601
0.00086343
0.000991172
0.000656113
0.000815118
0.00106433
0.00128384
0.00027322
0.000288201
0.00042282
0.000563771
0.000219453
0.000233847
0.000410298
0.00061898
0.000124485
0.000163492
0.000381793
0.000635547
4.693e-05
0.000116516
0.000350482
0.000602868
0.00571186
0.00583969
0.00605332
0.0062539
0.00446638
0.0045665
0.00473791
0.00490141
0.00307158
0.00313829
0.00325866
0.00337713
0.00218311
0.00222702
0.00231177
0.00239817
0.00177113
0.00180418
0.00187184
0.00194282
0.00110622
0.001121
0.00116041
0.00120632
0.00048191
0.000479717
0.000489972
0.000507948
0.000203267
0.000194053
0.000188759
0.000189624
0.0015411
0.00158379
0.00166218
0.00173997
0.000976917
0.000996446
0.00104071
0.0010893
0.00045556
0.000453056
0.000462598
0.000479741
0.000231128
0.000218757
0.000210174
0.000209072
0.000123387
0.000113031
0.000102875
9.73086e-05
0.000105779
9.65587e-05
8.33913e-05
7.20555e-05
0.00040818
0.000412312
0.00040861
0.000398157
0.000921332
0.00094582
0.000961361
0.000959655
0.00129732
0.001337
0.0013685
0.00137589
0.00222107
0.00229445
0.00236547
0.00239972
0.00398685
0.00412405
0.00427067
0.0043566
0.00584633
0.0060489
0.0062755
0.00641819
0.00118504
0.00122739
0.00126828
0.00128717
0.00196505
0.00204787
0.00213798
0.00219182
0.00345732
0.00361606
0.00379979
0.00392082
0.00502697
0.00526387
0.00554642
0.00574024
0.00021985
0.000202456
0.000185957
0.00017755
0.000215106
0.000199134
0.000181195
0.000169111
0.000435033
0.00043515
0.000433313
0.000429514
0.000796581
0.000821332
0.000847757
0.000862236
0.00104875
0.00109234
0.00114139
0.00117148
0.00166596
0.00175394
0.0018584
0.00192903
0.00285195
0.00302198
0.00323051
0.00337827
0.00409982
0.00435392
0.00467127
0.00490126
0.000893984
0.000937216
0.000992111
0.0010317
0.00134261
0.0014306
0.00154259
0.00162489
0.00221657
0.00238581
0.00260316
0.00276543
0.00314089
0.00339252
0.00371849
0.00396451
0.00716309
0.00711256
0.00710164
0.0071354
0.00565225
0.00561113
0.00560506
0.00563686
0.00392592
0.00389539
0.00389381
0.00392193
0.00279985
0.00277693
0.00277759
0.00280154
0.00227109
0.00225145
0.00225282
0.00227458
0.00140894
0.00139384
0.00139596
0.00141434
0.000576566
0.000568273
0.00057061
0.000582542
0.000183276
0.000181036
0.000183013
0.000188349
0.00222205
0.00221495
0.00223292
0.00226769
0.00137568
0.00136805
0.00138013
0.00140641
0.000561147
0.000555117
0.000560607
0.00057514
0.000178601
0.000175901
0.000177469
0.000182591
6.4835e-05
6.53847e-05
6.68933e-05
6.87509e-05
1.70298e-05
2.06657e-05
2.10933e-05
1.82042e-05
0.000369213
0.000378523
0.000376499
0.000364211
0.000999394
0.00101381
0.00100877
0.000986793
0.00147424
0.00149066
0.00148325
0.00145571
0.00264645
0.00266256
0.00264947
0.00261351
0.00487671
0.00489093
0.00486493
0.00481112
0.00721713
0.00722561
0.00718382
0.00711168
0.00147107
0.0014947
0.00149644
0.00147542
0.00263296
0.00266395
0.00266992
0.00264797
0.00484898
0.00489298
0.00490526
0.00487994
0.00718037
0.00723449
0.00725153
0.00722339
7.23556e-05
6.93345e-05
6.67755e-05
6.5781e-05
3.67474e-05
3.57384e-05
3.07144e-05
2.39223e-05
0.000381975
0.000390585
0.000388386
0.00037618
0.000987247
0.00100883
0.00101411
0.00100021
0.00144087
0.00147102
0.00148254
0.00146956
0.00255895
0.00260518
0.00263232
0.00262722
0.00469477
0.00477104
0.00482704
0.00483595
0.0069452
0.00705006
0.00713532
0.00716033
0.00138293
0.00141852
0.00144008
0.00143665
0.00242126
0.00248203
0.00253139
0.00254541
0.00440592
0.0045144
0.00461666
0.00466376
0.00649762
0.006654
0.00681176
0.00689569
0.00632627
0.00618264
0.00603862
0.00596089
0.00500418
0.00488746
0.00477298
0.00471367
0.00349214
0.00340763
0.00332811
0.00329028
0.00250549
0.00244369
0.00238791
0.00236393
0.00204103
0.00198996
0.00194544
0.00192804
0.00128329
0.00124952
0.00122347
0.00121709
0.000551528
0.000536852
0.000529017
0.000531626
0.000204964
0.000201826
0.0002028
0.000207573
0.00214986
0.00210409
0.00206808
0.00205847
0.00134626
0.00131548
0.00129456
0.0012931
0.000569197
0.000555423
0.000549328
0.000553718
0.000200633
0.000197627
0.000198647
0.000203344
9.75603e-05
9.86429e-05
0.000102061
0.000106444
4.69295e-05
5.14619e-05
5.5329e-05
5.69735e-05
0.00033637
0.00033934
0.000333852
0.000322917
0.000863462
0.000859437
0.000837874
0.000809577
0.00125774
0.00124698
0.00121315
0.00117292
0.00223129
0.00220055
0.00213671
0.0020705
0.00406595
0.00399706
0.00387632
0.0037613
0.0059697
0.00585925
0.00567886
0.00551431
0.00134056
0.00133587
0.00130699
0.00126818
0.0023907
0.0023697
0.0023152
0.00225344
0.00437267
0.00432009
0.00421621
0.0041106
0.00643378
0.0063458
0.00618942
0.00603904
7.79631e-05
7.9084e-05
8.17177e-05
8.48133e-05
2.61031e-05
3.07941e-05
3.33779e-05
3.28344e-05
0.000357387
0.000363966
0.000360152
0.000348054
0.000956234
0.000961195
0.000946644
0.000919915
0.00140634
0.00140827
0.00138542
0.00134911
0.00251771
0.00250767
0.00246447
0.00240895
0.00462014
0.00458632
0.004503
0.00440998
0.00681264
0.00675089
0.006624
0.0064924
0.00145188
0.00146094
0.00144526
0.00141266
0.00260552
0.00260784
0.00257834
0.00253128
0.00479409
0.00478232
0.00472457
0.00464842
0.00708364
0.00705356
0.00696408
0.00685786
0.0042415
0.00405771
0.00384387
0.0036992
0.00334997
0.00320327
0.00303488
0.00292286
0.00234681
0.00224372
0.00212853
0.00205458
0.00170452
0.00163108
0.00155161
0.00150296
0.00140377
0.00134433
0.0012816
0.00124468
0.000914925
0.000877937
0.000842102
0.000823996
0.000448762
0.000434573
0.000424942
0.000424364
0.000231713
0.000229447
0.000232357
0.000239279
0.00158411
0.00152478
0.00146404
0.00143003
0.00101816
0.00098076
0.0009458
0.000929426
0.000476216
0.000461522
0.000451849
0.000451692
0.000222385
0.000219978
0.000222499
0.000228967
0.000160593
0.000162127
0.000168453
0.000176897
0.000116931
0.000120416
0.000127025
0.000133999
0.000278743
0.000274987
0.000268731
0.000263425
0.00058716
0.000569213
0.000541633
0.00051808
0.000813399
0.000784125
0.000740387
0.000703514
0.00137448
0.00131627
0.00123316
0.00116491
0.00243795
0.00232591
0.00217037
0.00204516
0.00353957
0.00337163
0.00314212
0.00295969
0.000936082
0.000910322
0.000867438
0.000828417
0.00161152
0.00155783
0.00147622
0.00140582
0.00288679
0.00278089
0.00262765
0.00249994
0.0042068
0.00404626
0.00381954
0.00363412
0.000123945
0.000125422
0.000130459
0.000136979
7.68584e-05
8.1212e-05
8.67823e-05
9.12772e-05
0.000308481
0.000308108
0.000302056
0.00029368
0.000735586
0.000723866
0.000698065
0.00067106
0.00105284
0.00103149
0.000990649
0.000950356
0.00183697
0.00178971
0.00171218
0.00164158
0.00331466
0.00321873
0.00307289
0.00294656
0.00484442
0.00469707
0.0044808
0.00429826
0.00116092
0.00114461
0.00110681
0.0010661
0.00204513
0.00200563
0.00193413
0.00186499
0.00371052
0.00362717
0.00349245
0.00337053
0.00543604
0.00530579
0.00510544
0.00493017
0.00175461
0.00160981
0.00143407
0.00130923
0.00140607
0.00129209
0.0011552
0.00105908
0.001027
0.000947765
0.000854642
0.000790915
0.000795101
0.000738221
0.000673237
0.000630332
0.000685586
0.000639133
0.000587079
0.000553589
0.000502709
0.000472642
0.000440897
0.000422171
0.00033119
0.000316655
0.000304039
0.000299152
0.000253185
0.000245828
0.000241936
0.000243292
0.000853579
0.00080219
0.000745031
0.00070865
0.000601393
0.000569108
0.000535549
0.000516277
0.000364122
0.000350215
0.000339068
0.000335855
0.000255777
0.000250597
0.000249794
0.000253797
0.000220293
0.000215187
0.000213882
0.000216982
0.000180088
0.000175949
0.000175352
0.000178602
0.000203785
0.0001938
0.000185265
0.000182258
0.00028421
0.00026381
0.000241823
0.000228679
0.000339503
0.00031152
0.000279809
0.000259384
0.000482631
0.000436002
0.000380354
0.000341922
0.000779715
0.000698596
0.000599219
0.000528323
0.00109909
0.000982945
0.000839561
0.000736307
0.000446382
0.000415451
0.000378431
0.000353021
0.000677015
0.000622833
0.00055557
0.000507095
0.00113397
0.00103696
0.000914679
0.000824805
0.00161557
0.00147496
0.00129724
0.0011661
0.000200182
0.000199706
0.000204304
0.000212017
0.000158266
0.00015889
0.000163626
0.000170498
0.000245817
0.00023852
0.000231377
0.000228095
0.0004312
0.000409801
0.000383299
0.000364601
0.000564184
0.000532046
0.000491127
0.000461151
0.000897304
0.000838492
0.000762395
0.000705211
0.00154162
0.0014336
0.0012934
0.00118732
0.00221388
0.00205549
0.00185046
0.00169552
0.000688085
0.000656565
0.000613415
0.000579571
0.00113329
0.00107319
0.000991782
0.00092791
0.00198324
0.0018702
0.00171877
0.00160071
0.00286564
0.00269805
0.00247546
0.00230309
0.000260378
0.000216418
0.000165532
0.000131466
0.000233339
0.000196646
0.000154393
0.000126228
0.000208113
0.000179023
0.000145909
0.000124077
0.000196655
0.000171815
0.00014391
0.000125767
0.000189307
0.000166647
0.000141308
0.000124902
0.000170498
0.000151728
0.000131062
0.000117906
0.0001524
0.000137226
0.000120956
0.000110918
0.000143768
0.000130192
0.000115938
0.000107379
0.000283594
0.000254919
0.000222741
0.000201878
0.000241907
0.000219869
0.000195798
0.000180707
0.000202503
0.000186599
0.000170099
0.000160459
0.000184254
0.000171069
0.000157996
0.000150879
0.000135312
0.000122762
0.000109775
0.000102133
0.000113675
0.000103128
9.25896e-05
8.67096e-05
9.36681e-05
8.42207e-05
7.51123e-05
7.03392e-05
8.4681e-05
7.48703e-05
6.54638e-05
6.06151e-05
7.69713e-05
6.70219e-05
5.75568e-05
5.27752e-05
6.18475e-05
5.13134e-05
4.10885e-05
3.57657e-05
5.73794e-05
4.38377e-05
3.01026e-05
2.24664e-05
6.5467e-05
4.79845e-05
2.97299e-05
1.91539e-05
0.000117242
0.000103261
8.95276e-05
8.22642e-05
0.000114713
9.68761e-05
7.83579e-05
6.76549e-05
0.000138869
0.00011237
8.33622e-05
6.52992e-05
0.00017881
0.000142858
0.000102538
7.66295e-05
0.000198741
0.000188537
0.000179858
0.000176557
0.000164682
0.000156037
0.00014919
0.000147156
0.000151133
0.000140487
0.000131139
0.000127298
0.000165473
0.00015001
0.000134776
0.000126753
0.000173489
0.000154704
0.000135414
0.000124517
0.000199747
0.000172672
0.000142997
0.00012451
0.000280459
0.000237079
0.000187288
0.000154327
0.000379539
0.00031924
0.000248773
0.000201076
0.000247687
0.000223978
0.000198432
0.000183003
0.000322166
0.000285025
0.000242451
0.000214391
0.000493125
0.000430728
0.000356548
0.000305354
0.000684482
0.000596328
0.000490199
0.000415835
6.95841e-07
3.11023e-07
4.69066e-08
2.92331e-07
1.42797e-06
5.20789e-07
5.22999e-08
4.3297e-07
2.73682e-06
1.06674e-06
2.08752e-07
6.58359e-07
3.18157e-06
1.18139e-06
2.18676e-07
7.66794e-07
3.04961e-06
1.09823e-06
2.73104e-07
8.50711e-07
3.11445e-06
1.13117e-06
1.81272e-07
6.04803e-07
3.21982e-06
1.19111e-06
1.18539e-07
4.11065e-07
3.2979e-06
1.22101e-06
8.32194e-08
3.34458e-07
2.23851e-05
1.55884e-05
8.68019e-06
4.81871e-06
2.2984e-05
1.60071e-05
8.93965e-06
4.99339e-06
2.33843e-05
1.62715e-05
9.12751e-06
5.16478e-06
2.34212e-05
1.62792e-05
9.16107e-06
5.24076e-06
3.43924e-06
1.33341e-06
1.20297e-07
2.85616e-07
3.06455e-06
1.13478e-06
7.57109e-08
3.14467e-07
2.71507e-06
9.64151e-07
6.17204e-08
3.92645e-07
2.53188e-06
8.90849e-07
8.56538e-08
4.8998e-07
3.06454e-06
1.38027e-06
2.07832e-07
2.48759e-07
2.15215e-06
8.63615e-07
4.94453e-08
2.32176e-07
2.66385e-06
1.32981e-06
2.83701e-07
2.29735e-07
4.79503e-06
2.76624e-06
9.12292e-07
3.4355e-07
1.40658e-05
1.02195e-05
6.55284e-06
4.65255e-06
9.15882e-06
6.78562e-06
4.49134e-06
3.23935e-06
5.20672e-06
4.2636e-06
3.45642e-06
3.09026e-06
4.03563e-06
3.97963e-06
4.20255e-06
4.56111e-06
5.58681e-05
4.55967e-05
3.45552e-05
2.76846e-05
4.8237e-05
3.94614e-05
3.01269e-05
2.43823e-05
3.95708e-05
3.24667e-05
2.50655e-05
2.06255e-05
3.37913e-05
2.77446e-05
2.16152e-05
1.8083e-05
2.91193e-05
2.39235e-05
1.88769e-05
1.61619e-05
1.78753e-05
1.46019e-05
1.16216e-05
1.018e-05
7.4797e-06
5.92721e-06
4.97086e-06
4.96142e-06
2.5497e-06
1.88303e-06
2.11428e-06
3.08367e-06
4.89992e-05
4.19566e-05
3.52792e-05
3.18743e-05
3.27287e-05
2.70092e-05
2.18161e-05
1.93998e-05
1.96048e-05
1.42858e-05
9.66539e-06
7.78424e-06
1.54231e-05
9.5414e-06
4.46441e-06
2.49438e-06
