FiniteElementSpace
FiniteElementCollection: H1_2D_P2
VDim: 2
Ordering: 0

0
1.0544
2.14104
3.1634
4.02615
4.68698
5.16596
5.53787
5.88569
0
0.949823
1.83344
2.62993
3.30586
3.8429
4.25819
4.60701
4.94871
0.518386
1.0033
0.483907
0
1.59886
1.99486
1.4005
2.66714
2.9116
2.24476
3.6188
3.68437
2.98472
4.38206
4.28135
3.59169
4.94545
4.72186
4.06297
5.35958
5.07522
4.4367
5.71086
5.41727
4.7762
0.500975
1.50359
2.4675
3.31903
4.00497
4.5177
4.90411
5.24432
0.256085
0.511877
0.250237
0
1.32614
1.55356
1.25405
1.03117
2.407
2.56999
2.23415
2.0704
3.39675
3.4721
3.1203
3.04044
4.2106
4.19673
3.85031
3.85856
4.82157
4.73392
4.40412
4.48706
5.26539
5.13272
4.81504
4.94554
5.62451
5.47757
5.15956
5.3068
0.784834
0.752103
0.974652
0.718705
0.490006
0.244936
0
1.87106
1.75091
1.91549
1.61941
1.45152
1.17718
2.91977
2.69368
2.77548
2.44089
2.35935
2.04208
3.82878
3.5072
3.50123
3.14965
3.15756
2.81136
4.54071
4.14851
4.0676
3.72147
3.80438
3.45321
5.0598
4.6232
4.4933
4.16321
4.29483
3.95649
5.44996
4.99043
4.84212
4.52239
4.67245
4.34899
5.79774
5.65155
5.33013
5.18294
4.86186
5.01052
4.6914
0.25439
1.29241
2.32313
3.2616
4.03374
4.61549
5.04146
5.39209
0.770797
0.73306
0.24611
1.81337
1.68553
1.21432
2.80953
2.57132
2.14042
3.67125
3.33439
2.9711
4.3477
3.94081
3.6579
4.8435
4.3971
4.18533
5.22073
4.7579
4.58466
5.56395
5.096
4.92608
0.126902
0.255854
0.126425
0
1.19008
1.31005
1.16174
1.04359
2.27467
2.36573
2.1974
2.1064
3.28148
3.32985
3.1523
3.10259
4.12005
4.12287
3.94768
3.94306
4.75571
4.71908
4.55259
4.58762
5.21642
5.15364
4.99418
5.05606
5.58127
5.50824
5.34948
5.42232
0.651166
0.778656
0.641138
0.515975
0.626507
0.74237
0.611684
0.495295
0.12506
0.248084
0.123705
0
1.73514
1.84292
1.68372
1.57694
1.62759
1.71847
1.56897
1.47765
1.12877
1.23415
1.09475
0.988831
2.79454
2.86532
2.69077
2.61923
2.58155
2.63339
2.46625
2.41417
2.11516
2.18787
2.02864
1.95559
3.72539
3.75072
3.57313
3.54614
3.41446
3.42205
3.24719
3.2395
3.01715
3.04682
2.87439
2.84456
4.46301
4.44485
4.2737
4.29007
4.0781
4.04589
3.87382
3.90595
3.76874
3.7554
3.58083
3.59409
5.00375
4.95204
4.78974
4.84016
4.57139
4.51099
4.3468
4.40723
4.34394
4.2958
4.12755
4.17564
5.40515
5.33539
5.17705
5.24628
4.94754
4.8745
4.7154
4.78873
4.76905
4.70042
4.5395
4.60829
5.75418
5.6808
5.52062
5.59414
5.28707
5.2131
5.05311
5.1275
5.11739
5.04296
4.88408
4.9589
0.386649
0.382973
0.506653
0.375544
0.252415
0
1.46248
1.42307
1.52901
1.37903
1.27363
1.01759
2.53794
2.44739
2.51943
2.35164
2.27926
2.03318
3.50929
3.36823
3.39647
3.22095
3.19181
2.97683
4.298
4.11676
4.10178
3.92904
3.94298
3.77241
4.88481
4.67589
4.62651
4.46199
4.51059
4.38505
5.31304
5.08759
5.01872
4.86
4.92865
4.83421
5.66765
5.43476
5.36099
5.20185
5.27591
5.19115
0.919288
0.900826
0.877721
0.761762
0.854067
0.961462
0.834719
0.724971
0.60177
0.485994
0.368122
0.365003
0.244785
0.123484
0
2.00646
1.94233
1.87338
1.78263
1.80107
1.87474
1.72705
1.65243
1.51052
1.42568
1.33327
1.28936
1.19517
1.06398
3.04284
2.92614
2.80373
2.75236
2.67442
2.70406
2.5363
2.50725
2.34365
2.30293
2.25069
2.14418
2.09184
1.93846
3.92912
3.76641
3.59717
3.59016
3.41906
3.40532
3.22882
3.24375
3.06822
3.07279
3.0655
2.89904
2.89275
2.72159
4.61539
4.41879
4.21623
4.249
4.00537
3.95683
3.78318
3.83283
3.65763
3.69978
3.7324
3.52352
3.55734
3.38061
5.11382
4.89538
4.6733
4.73396
4.44588
4.37666
4.21128
4.28126
4.1138
4.18018
4.24105
4.01056
4.07235
3.90061
5.49413
5.26394
5.03295
5.10579
4.8001
4.72483
4.56476
4.64055
4.47972
4.55514
4.62893
4.39315
4.46756
4.30403
5.84154
5.76866
5.60761
5.53441
5.37352
5.44707
5.30011
5.13927
5.0658
4.90509
4.97889
4.81888
4.8934
4.9682
4.7337
4.80888
4.64917
0.126945
1.17669
2.2367
3.21756
4.03456
4.65472
5.10556
5.46534
0.646999
0.618877
0.124334
1.71014
1.59845
1.11167
2.74331
2.52472
2.0724
3.64995
3.33206
2.94684
4.36901
3.97722
3.67609
4.89718
4.45999
4.23686
5.29119
4.83186
4.65492
5.63734
5.17015
5.00092
0.3856
0.379417
0.125796
1.44352
1.40146
1.14563
2.49332
2.40017
2.15687
3.43944
3.29547
3.08556
4.20806
4.02384
3.85916
4.78086
4.56968
4.44908
5.20049
4.97415
4.88207
5.55114
5.31837
5.23354
0.910879
0.889609
0.634102
0.865708
0.843542
0.605776
0.371688
0.36565
0.123223
1.97508
1.90838
1.65612
1.83756
1.76418
1.53956
1.35617
1.31085
1.07868
2.98515
2.86571
2.63688
2.74003
2.60662
2.40597
2.30183
2.19817
1.98398
3.84846
3.68273
3.49472
3.50939
3.3257
3.15941
3.14439
2.98386
2.79944
4.51771
4.31839
4.17682
4.112
3.89591
3.76745
3.83201
3.62974
3.48251
5.00495
4.7849
4.68122
4.56037
4.3296
4.2315
4.35254
4.12717
4.0156
5.37905
5.14862
5.06255
4.9168
4.68277
4.59805
4.74498
4.51169
4.4226
5.72458
5.49059
5.40388
5.25642
5.02214
4.936
5.08514
4.85104
4.76683
0
0.0227417
0.232431
0.711549
1.43572
2.32426
3.28594
4.25119
5.19428
1
1.01396
1.17719
1.54791
2.11764
2.84631
3.68952
4.60396
5.54434
-0.00167491
0.499883
0.996011
0.5
0.0963273
0.679671
1.07142
0.437739
1.10626
1.33593
1.04743
1.75969
1.81011
1.86525
2.57562
2.46493
2.80122
3.4838
3.2563
3.77079
4.42701
4.1406
4.7254
5.36973
5.07381
0.484215
0.561029
0.861615
1.40823
2.15183
3.02226
3.95372
4.89989
-0.000828454
0.238385
0.488277
0.25
0.0524259
0.323997
0.523888
0.257336
0.326315
0.644521
0.762629
0.450989
0.872287
1.22315
1.25054
0.903896
1.64606
2.00471
1.95124
1.59344
2.56118
2.90876
2.79661
2.44654
3.52871
3.86038
3.71806
3.38239
4.48908
4.81231
4.66369
4.33794
0.00540691
0.487334
0.751498
1.00073
0.736741
0.998086
0.75
0.155968
0.612643
0.920569
1.11787
0.809191
1.03712
0.566379
0.976351
1.32011
1.43539
1.09099
1.24983
1.2357
1.57831
1.93437
1.95855
1.60344
1.67301
2.09181
2.36033
2.70959
2.6517
2.30558
2.28667
3.04315
3.25161
3.58725
3.47034
3.13908
3.04806
4.01172
4.19021
4.5164
4.3711
4.04811
3.91317
4.96033
5.28228
5.13528
5.45704
5.3094
4.98742
4.83843
0.241496
0.283786
0.53933
1.05655
1.7946
2.6757
3.62119
4.57563
0.242877
0.739586
0.74092
0.379395
0.857694
0.774198
0.766256
1.19842
0.998298
1.40253
1.7634
1.45538
2.22246
2.50395
2.11541
3.14464
3.36122
2.92159
4.09943
4.28163
3.81644
5.04787
5.22261
4.75185
0.000384217
0.119988
0.245227
0.125
0.0358667
0.167077
0.268943
0.139093
0.277092
0.431631
0.493043
0.340538
0.789973
0.96325
0.978403
0.806535
1.53965
1.71928
1.69282
1.5135
2.44223
2.6175
2.56056
2.38443
3.40737
3.57423
3.5017
3.33337
4.37034
4.53209
4.4569
4.29416
0.000703839
0.123299
0.239522
0.11768
0.484728
0.61243
0.737151
0.609624
0.49314
0.613861
0.744966
0.625
0.124027
0.266542
0.34972
0.20907
0.584969
0.733528
0.831709
0.683572
0.510348
0.647646
0.76141
0.624466
0.499861
0.665119
0.703347
0.539929
0.917056
1.08574
1.14291
0.974601
0.719156
0.878743
0.957583
0.798418
1.13996
1.318
1.31131
1.13415
1.4918
1.66965
1.682
1.5045
1.17667
1.3515
1.38611
1.21162
1.97767
2.15614
2.11271
1.93396
2.25517
2.43151
2.40381
2.22793
1.85427
2.0324
2.0237
1.84596
2.92201
3.09304
3.02641
2.85409
3.13653
3.30626
3.24962
3.08042
2.68547
2.85873
2.81486
2.64211
3.89143
4.05505
3.97995
3.81495
4.07189
4.23599
4.16468
4.00096
3.60072
3.76724
3.70149
3.53545
4.84302
5.00413
4.93023
4.76874
5.0177
5.17898
5.10509
4.94372
4.54539
4.70785
4.63407
4.47179
-0.00208769
0.239158
0.360514
0.485467
0.364177
0.375
0.0724314
0.30207
0.441253
0.540734
0.402669
0.377558
0.379761
0.589823
0.75168
0.81014
0.649589
0.563959
0.958076
1.13817
1.31448
1.32778
1.15227
1.00375
1.7546
1.89862
2.07737
2.05048
1.87194
1.67551
2.68088
2.79182
2.96492
2.90891
2.73549
2.51034
3.64987
3.74077
3.90675
3.83575
3.66925
3.43265
4.60743
4.6941
4.85605
4.78187
4.61956
4.38231
0.0126224
0.24873
0.492297
0.364189
0.744304
0.881226
1.0062
0.868951
0.997404
0.865528
0.738108
0.996327
0.869182
0.999741
0.875
0.191966
0.413117
0.6442
0.494692
0.887316
1.04662
1.14593
0.985612
1.09311
0.938301
0.790088
1.05283
0.903882
1.02424
0.636877
0.833132
1.03946
0.869938
1.25754
1.43206
1.4901
1.31479
1.38406
1.21123
1.0428
1.29125
1.12178
1.21188
1.33428
1.49662
1.66767
1.48929
1.84758
2.02489
2.03685
1.85964
1.883
1.70521
1.52788
1.74015
1.56243
1.60897
2.20737
2.33379
2.4672
2.29058
2.60593
2.77774
2.74809
2.5774
2.55731
2.3846
2.20942
2.37472
2.20016
2.20099
3.1645
3.26334
3.3674
3.19761
3.4738
3.63874
3.57933
3.41604
3.36264
3.19782
3.02971
3.15142
2.9848
2.94635
4.13165
4.21877
4.30859
4.14458
4.3989
4.56055
4.48729
4.32678
4.25552
4.09478
3.93201
4.02647
3.86521
3.80084
5.07739
5.23838
5.16522
5.32602
5.25262
5.09156
5.41342
5.33992
5.50071
5.42703
5.26612
5.19163
5.03084
4.86965
4.95606
4.79545
4.72104
0.122593
0.151424
0.383898
0.88302
1.61517
2.50045
3.45378
4.41328
0.119353
0.610001
0.618576
0.235769
0.706745
0.634565
0.600416
1.0283
0.836653
1.22452
1.58563
1.27988
2.04419
2.32879
1.93799
2.97333
3.19287
2.74974
3.93511
4.11834
3.65107
4.88659
5.06144
4.58982
0.11803
0.361564
0.36871
0.186199
0.420188
0.388536
0.483608
0.698593
0.604719
1.04698
1.23174
1.07624
1.82558
1.97361
1.77253
2.73543
2.84974
2.62232
3.69464
3.78792
3.5508
4.65058
4.73791
4.50101
0.129786
0.369529
0.361276
0.617171
0.873894
0.866247
0.610991
0.86664
0.872215
0.301398
0.527309
0.466051
0.764082
1.01439
0.96031
0.663939
0.919562
0.891177
0.733823
0.934953
0.808825
1.1469
1.37178
1.2613
0.924756
1.16476
1.08245
1.41436
1.58105
1.40039
1.75649
1.94098
1.78104
1.42643
1.63234
1.49567
2.2696
2.39972
2.18308
2.536
2.67669
2.48002
2.1291
2.2913
2.11134
3.21309
3.31489
3.08092
3.42049
3.52688
3.30633
2.969
3.09062
2.88049
4.17475
4.26348
4.02565
4.35382
4.44349
4.21052
3.8839
3.97966
3.75155
5.12139
5.20892
4.97394
5.29631
5.38353
5.14854
4.82583
4.91313
4.6779
