FiniteElementSpace
FiniteElementCollection: H1_2D_P2
VDim: 2
Ordering: 0

0
0.00576891
0.00822221
0.00314228
-0.0102458
-0.0252111
-0.0346137
-0.0385189
-0.0417224
0
0.00195914
0.00886899
0.0124541
0.00271549
-0.0142725
-0.0279283
-0.0349198
-0.0383852
0.00309309
0.00369572
0.000485783
0
0.00767111
0.00886902
0.00496696
0.00684858
0.0087438
0.0120076
-0.00279405
-0.00337102
0.00921478
-0.0180978
-0.0201912
-0.00564594
-0.0307938
-0.0318748
-0.0219237
-0.0369765
-0.0369624
-0.0321616
-0.0399395
-0.0400216
-0.0367696
0.00142609
0.00629291
0.0101675
0.00401327
-0.0119538
-0.0269811
-0.0350209
-0.0384039
0.00162048
0.0020535
0.00049955
0
0.00685458
0.00675793
0.00495312
0.00450533
0.00780988
0.00871642
0.00977758
0.0085031
0.00042131
0.000926099
0.0067779
0.00629264
-0.0141972
-0.0150037
-0.00761477
-0.0066325
-0.0282223
-0.0290461
-0.0238108
-0.0227941
-0.035942
-0.0361643
-0.0336388
-0.0334247
-0.0392052
-0.0392279
-0.0377011
-0.0378612
0.00448444
0.00252475
0.00296661
0.00102534
0.0010159
0.000250176
0
0.00815112
0.00764467
0.00905999
0.00688908
0.0058059
0.00328728
0.0052955
0.00986184
0.010762
0.0126624
0.011274
0.0106633
-0.00639485
0.00057219
-0.000301573
0.00629881
0.0067254
0.0113
-0.0218079
-0.0161989
-0.0173793
-0.010016
-0.00887277
-0.00133589
-0.0329158
-0.0296677
-0.030033
-0.0251512
-0.0246199
-0.0182758
-0.0378051
-0.0360994
-0.0359397
-0.0336942
-0.0336553
-0.0302559
-0.0407769
-0.0408786
-0.0391501
-0.0391656
-0.0375694
-0.0375485
-0.0359163
0.000777348
0.00565732
0.00888018
0.00395226
-0.0108098
-0.0261483
-0.0349676
-0.0385427
0.00331223
0.0018856
0.000343055
0.00774493
0.00745308
0.00428049
0.0078793
0.0114396
0.0104113
-0.00265817
0.00350791
0.00918047
-0.0190451
-0.0132231
-0.00449918
-0.0314663
-0.0275649
-0.0212085
-0.0370986
-0.034926
-0.0320469
-0.039991
-0.0383155
-0.0367843
0.000736581
0.00109933
0.000284292
0
0.00634113
0.00616426
0.00508614
0.00505743
0.00807823
0.00836637
0.00874777
0.00833846
0.00184707
0.0022977
0.00521248
0.00482841
-0.0122188
-0.0124735
-0.00870715
-0.00838543
-0.0267719
-0.02722
-0.0245249
-0.0240263
-0.0353217
-0.0355057
-0.034244
-0.0340698
-0.0388602
-0.0389019
-0.0382067
-0.0382271
0.00379423
0.00383782
0.00269289
0.00251783
0.00196481
0.00220858
0.0014264
0.00121597
0.000178797
0.000417246
0.000118213
0
0.0079566
0.00788509
0.00727115
0.00712779
0.00697412
0.00757988
0.00662275
0.00607515
0.00431249
0.00463669
0.00359416
0.00334384
0.00614411
0.00668264
0.00838612
0.00784639
0.0101093
0.0106961
0.0114553
0.0107644
0.00937456
0.0101347
0.00978252
0.00900041
-0.00455473
-0.00444884
-0.000806385
-0.00083571
0.00236683
0.00206629
0.00520229
0.00540473
0.00786451
0.00802088
0.0100847
0.00979786
-0.0199859
-0.0204359
-0.0170523
-0.0165421
-0.0140983
-0.014732
-0.0110623
-0.0104232
-0.00546813
-0.00605455
-0.00236541
-0.0018214
-0.0319128
-0.0322389
-0.0303154
-0.0299626
-0.0283847
-0.0286535
-0.0261517
-0.0258384
-0.0220526
-0.022545
-0.0193411
-0.0188149
-0.0374117
-0.0374958
-0.0366586
-0.036619
-0.0355926
-0.0355277
-0.0343278
-0.0343601
-0.0328083
-0.0328714
-0.0310938
-0.0309878
-0.0403418
-0.0403924
-0.0395959
-0.0396011
-0.0387673
-0.0387267
-0.0379272
-0.037974
-0.0373417
-0.0372452
-0.0363776
-0.0364593
0.00237888
0.0014015
0.00170002
0.000927338
0.000617549
0
0.00730025
0.00621651
0.00650599
0.00561523
0.00527792
0.00406842
0.00739793
0.00887308
0.00948616
0.0100482
0.00935613
0.00869528
-0.0011318
0.00251721
0.00252803
0.00548843
0.00542964
0.00758251
-0.0161637
-0.0129152
-0.0134774
-0.00978433
-0.00919559
-0.00496929
-0.0295671
-0.0276561
-0.0280506
-0.0254544
-0.0250112
-0.021516
-0.0364922
-0.0356041
-0.0356266
-0.0343726
-0.034341
-0.0326896
-0.0395614
-0.0388801
-0.0388256
-0.038052
-0.038138
-0.0374345
0.00514661
0.00391493
0.00310109
0.00288203
0.00239747
0.00251986
0.00144164
0.0015066
0.000706778
0.000785227
0.000653004
0.000344533
0.000288613
0.000132502
0
0.00824066
0.00816042
0.00828304
0.00768774
0.00827423
0.00902386
0.00788869
0.00723288
0.0059084
0.00544844
0.0050204
0.0040879
0.00384411
0.00257459
0.00429002
0.00717966
0.00940725
0.00892777
0.0112126
0.011645
0.0126814
0.0120947
0.0124417
0.0116905
0.0109182
0.0114144
0.0105924
0.00981069
-0.00829843
-0.00460789
-0.00134903
-0.000995973
0.00166469
0.00120523
0.00457972
0.00491347
0.00785467
0.00799061
0.00805692
0.0103744
0.0102696
0.0120034
-0.0235559
-0.0209629
-0.0182344
-0.0176342
-0.0153346
-0.0158705
-0.0121706
-0.0116567
-0.00783738
-0.00728599
-0.00667706
-0.00347318
-0.00293189
0.000734619
-0.0338174
-0.0325007
-0.0308289
-0.0306067
-0.0288573
-0.0290137
-0.026598
-0.0263997
-0.0235944
-0.0233187
-0.02297
-0.0201512
-0.0197901
-0.0163155
-0.038171
-0.0374956
-0.0365521
-0.0366278
-0.0354595
-0.0354213
-0.0343408
-0.0343105
-0.0329711
-0.0329195
-0.0328976
-0.0312596
-0.0311738
-0.0291482
-0.0412363
-0.0413021
-0.0404189
-0.0404541
-0.039566
-0.0395746
-0.0395887
-0.0387244
-0.0387578
-0.0379703
-0.037926
-0.0371693
-0.0371416
-0.0371711
-0.0363545
-0.0363357
-0.0354411
0.000393948
0.00562641
0.00841143
0.00364262
-0.010421
-0.0256774
-0.0348334
-0.0385661
0.00318935
0.00169416
0.000144185
0.00753695
0.00682677
0.00396981
0.00734654
0.0108268
0.00961651
-0.00259176
0.00381558
0.00901803
-0.0185195
-0.0125959
-0.00390803
-0.0311591
-0.027306
-0.0207297
-0.0370815
-0.0349786
-0.0319824
-0.0399818
-0.038343
-0.0368649
0.00182289
0.0011275
0.000216722
0.00666696
0.005892
0.00466944
0.00817916
0.00949669
0.00907935
0.000798695
0.00406497
0.00660374
-0.0145201
-0.0113408
-0.007063
-0.02865
-0.0265898
-0.0233165
-0.0360978
-0.0350244
-0.0335652
-0.0392437
-0.0384789
-0.0377936
0.00446105
0.00347382
0.00228996
0.00275753
0.0019741
0.00111148
0.000782693
0.000515955
9.85715e-05
0.00815566
0.00822244
0.00710883
0.008312
0.00814176
0.00632744
0.00534069
0.00461532
0.00314304
0.00584006
0.00835501
0.00929902
0.0103551
0.0119862
0.0119941
0.0105251
0.0112179
0.00985326
-0.0063871
-0.00293844
0.00083341
0.000178566
0.00312631
0.00654344
0.00681141
0.00923995
0.0110762
-0.0222758
-0.0196167
-0.0155809
-0.01681
-0.0137933
-0.00948158
-0.00823449
-0.00509545
-0.000823348
-0.033208
-0.0317047
-0.0293886
-0.0298789
-0.027765
-0.0249173
-0.0242491
-0.021608
-0.0178746
-0.037874
-0.0370497
-0.0361571
-0.0360174
-0.0348959
-0.033655
-0.0336604
-0.0320951
-0.0301486
-0.0408329
-0.0399956
-0.0391884
-0.039139
-0.0383315
-0.0375314
-0.0376116
-0.0367466
-0.0358976
0
0.00524378
0.00815485
0.00346347
-0.0102504
-0.0281552
-0.0435889
-0.0526337
-0.0570132
0
0.00201864
0.00378518
-0.00809389
-0.0285124
-0.0451793
-0.0542457
-0.0581222
-0.0608361
0.00330868
0.0034554
-0.000240958
0
0.0072156
0.00665592
0.00407023
0.00705494
-0.00182295
-0.000294305
-0.00248116
-0.0195402
-0.0181346
-0.0190978
-0.0371821
-0.037771
-0.0365505
-0.0495011
-0.050595
-0.0489259
-0.0557192
-0.0565728
-0.0551294
-0.059041
-0.0594298
0.000930762
0.00596781
0.00411206
-0.010163
-0.0288082
-0.044162
-0.0532418
-0.0574649
0.00239004
0.00196708
0.000135402
0
0.00628363
0.00675761
0.00482204
0.00429877
0.00790338
0.00589962
0.00583117
0.00774387
0.000758848
-0.00641559
-0.00577836
0.000944475
-0.0145918
-0.0242181
-0.0242447
-0.0151239
-0.0324856
-0.040537
-0.040868
-0.0329057
-0.0464751
-0.0511412
-0.0515566
-0.0466623
-0.0539975
-0.0562851
-0.0566472
-0.0541863
0.00423275
0.00209655
0.00268154
0.000775754
0.000195124
-0.000708145
0
0.00788699
0.00665086
0.00527309
0.00433944
0.00502939
0.00320746
0.00557387
0.00152578
-0.00482076
-0.00379826
0.00200443
0.00225575
-0.00618052
-0.0148024
-0.0238897
-0.023389
-0.0139909
-0.012956
-0.0236566
-0.0331439
-0.0412079
-0.0417263
-0.03322
-0.0333438
-0.0402705
-0.0470413
-0.0520576
-0.052617
-0.0475011
-0.0481284
-0.0509638
-0.054608
-0.0570816
-0.0574094
-0.0551027
-0.0555418
-0.0561118
-0.0580239
-0.0582396
-0.0599868
-0.0601186
-0.0585466
-0.0587769
0.000948131
0.00560254
0.00722185
-0.00250015
-0.0196757
-0.0368875
-0.0491022
-0.0553172
0.00304842
0.00133016
-0.000385579
0.00753934
0.00552749
0.00399743
0.00378303
-0.00101843
0.00411687
-0.0106657
-0.0189426
-0.00921517
-0.0286568
-0.0374119
-0.0286859
-0.043805
-0.0499883
-0.0445755
-0.0528173
-0.0561916
-0.0537455
-0.0571625
-0.0592497
-0.0578439
0.00157944
0.0016007
0.000471296
0
0.00576703
0.00595493
0.00495658
0.00474866
0.00809457
0.00768909
0.00757689
0.00806934
0.00218022
-0.00087176
-0.000712088
0.00224448
-0.0123938
-0.0172232
-0.0173945
-0.0127689
-0.0303493
-0.0347502
-0.0349341
-0.0306053
-0.0450883
-0.047806
-0.0479338
-0.0451537
-0.0533492
-0.0546467
-0.0547769
-0.0534032
0.0037595
0.0036009
0.00248517
0.00260705
0.00148071
0.00168819
0.000719825
0.000528275
-2.69008e-05
-0.000148139
-0.000335479
0
0.00759014
0.00780692
0.00720739
0.00704096
0.00638074
0.00610595
0.00536034
0.00550826
0.00415144
0.00441034
0.00335866
0.00305757
0.00638964
0.00475938
0.00493421
0.00658936
0.00292031
0.000284687
0.00060087
0.00308771
0.00635158
0.00500056
0.00481424
0.00598683
-0.00427903
-0.00848785
-0.00850742
-0.00448582
-0.0124617
-0.0168518
-0.016457
-0.0120512
-0.00373709
-0.00746749
-0.00695691
-0.00329086
-0.0213785
-0.0262406
-0.0264556
-0.0217474
-0.0310089
-0.0352884
-0.0353626
-0.031016
-0.0219038
-0.0264589
-0.0263147
-0.0217009
-0.0384595
-0.0420774
-0.0422208
-0.0385955
-0.0456537
-0.0485518
-0.0487982
-0.0458641
-0.0390714
-0.042748
-0.0429463
-0.0392138
-0.0499948
-0.0518901
-0.0520214
-0.0500412
-0.0539609
-0.0554347
-0.0556764
-0.0542106
-0.0505773
-0.0526909
-0.052946
-0.0508189
-0.0556329
-0.0566281
-0.0567311
-0.0556957
-0.057854
-0.0587587
-0.0588951
-0.0580248
-0.0562015
-0.0572702
-0.0574744
-0.0564305
0.00285472
0.00145932
0.00140785
0.000478016
0.000488715
0
0.00677092
0.00621264
0.00639041
0.00543741
0.00522227
0.00386988
0.00755173
0.00665867
0.00505912
0.00508169
0.00658326
0.00725308
-0.000799627
-0.00440866
-0.00829268
-0.00792919
-0.00412624
-0.000409823
-0.0168315
-0.0219538
-0.0265559
-0.0265497
-0.021998
-0.0173616
-0.0345583
-0.038757
-0.0423897
-0.0425653
-0.0389208
-0.0350887
-0.0477552
-0.0501699
-0.0522136
-0.0524424
-0.0503565
-0.0481137
-0.0545868
-0.0558169
-0.05688
-0.0570656
-0.0559904
-0.054965
0.00472664
0.00365821
0.00276268
0.00255058
0.00199469
0.00233353
0.00138477
0.001025
0.000216682
-6.68567e-05
-0.000184287
-0.000572077
-0.000586733
-0.000572012
0
0.0080749
0.00772213
0.00674794
0.00713806
0.00550629
0.00453427
0.00418522
0.00493364
0.00430012
0.00454571
0.00456468
0.00369881
0.00359336
0.00263601
0.00459252
0.00244492
-6.39119e-05
0.00269799
-0.00283264
-0.00641789
-0.00585189
-0.00237877
-0.00192531
0.000875022
0.00318029
0.00111737
0.00319796
0.00315803
-0.00817516
-0.0128762
-0.0171681
-0.012752
-0.021427
-0.0261468
-0.0259777
-0.0211093
-0.0207642
-0.0160085
-0.0115688
-0.0155174
-0.0110374
-0.0104635
-0.0259215
-0.0308097
-0.0352035
-0.0309452
-0.0393617
-0.0431903
-0.0435175
-0.0395487
-0.0398115
-0.0354599
-0.0309915
-0.035614
-0.0309677
-0.030973
-0.0419841
-0.0452858
-0.0483227
-0.0454595
-0.0510729
-0.053205
-0.0534778
-0.0513464
-0.0516596
-0.0490784
-0.0460934
-0.0494211
-0.0463662
-0.0467172
-0.0518414
-0.0535361
-0.055191
-0.0537296
-0.056657
-0.0576513
-0.057777
-0.0568565
-0.0570112
-0.055897
-0.0544615
-0.0560866
-0.0547021
-0.054932
-0.0565675
-0.0575094
-0.0575894
-0.058536
-0.0586334
-0.0577033
-0.0595277
-0.0596147
-0.0604246
-0.0604748
-0.0597042
-0.0597674
-0.0590176
-0.0581989
-0.0590999
-0.0583506
-0.0584527
0.000885365
0.00535571
0.00796173
0.000753474
-0.0149806
-0.0327107
-0.0465334
-0.0540541
0.00308567
0.0010695
-0.000196207
0.00747426
0.00588375
0.00375014
0.00576009
0.00179063
0.00560713
-0.00644544
-0.0144361
-0.00531692
-0.0240039
-0.0331919
-0.0240989
-0.0403855
-0.0472609
-0.0410314
-0.0510114
-0.0548554
-0.0518016
-0.0561719
-0.058391
-0.0568655
0.00211809
0.000915951
0.000185786
0.00652516
0.005844
0.00455521
0.00722696
0.00592604
0.00702009
-0.00262431
-0.00616427
-0.00220329
-0.0194826
-0.0242923
-0.0196832
-0.0367151
-0.0407029
-0.0370468
-0.0489747
-0.0513307
-0.0492851
-0.0551906
-0.0564478
-0.0554994
0.00416025
0.00319551
0.00195188
0.00236095
0.00166808
0.000433139
0.000116067
-0.000422278
-0.000454534
0.00800777
0.00728387
0.00682989
0.00614653
0.00484717
0.00482756
0.0050063
0.00412504
0.00298492
0.00358007
0.00122739
0.00397635
-0.00141741
-0.00430909
-0.000639075
0.00415876
0.0021629
0.00399292
-0.0106
-0.0150463
-0.0104956
-0.0192801
-0.0236467
-0.0185553
-0.00972144
-0.0134924
-0.00866735
-0.0284449
-0.0330516
-0.0287763
-0.0372973
-0.0414274
-0.0375586
-0.0287683
-0.033261
-0.0285928
-0.0436684
-0.0468384
-0.0439756
-0.0497363
-0.0523241
-0.0502661
-0.0443589
-0.0477795
-0.0448369
-0.0526849
-0.0543781
-0.0530106
-0.0559567
-0.05727
-0.0564017
-0.0534912
-0.0553332
-0.0539952
-0.0570705
-0.0581137
-0.0572961
-0.0591372
-0.0600614
-0.0593559
-0.0576541
-0.0586845
-0.0580086
