FiniteElementSpace
FiniteElementCollection: L2_2D_P3
VDim: 1
Ordering: 0

0.00106588
0.000769674
0.00152685
0.00235854
0.000609769
0.000574309
0.00131531
0.00220516
0.000402943
0.000454589
0.00103091
0.00173287
0.000423679
0.000429379
0.000809718
0.00125792
0.00601094
0.00632362
0.00670522
0.00697437
0.00426139
0.00446825
0.0047137
0.00488066
0.00257786
0.00268389
0.00280262
0.00287669
0.00167559
0.0017286
0.0017817
0.00180816
0.00869858
0.00868505
0.00860154
0.00848797
0.00595025
0.00595177
0.00589794
0.00581455
0.00335264
0.00336459
0.00333735
0.00328415
0.00198477
0.00200204
0.00198811
0.00195002
0.00570195
0.00540698
0.0050079
0.00469383
0.00402946
0.00383689
0.00357149
0.00335936
0.00241172
0.00231428
0.00217522
0.00206116
0.00154272
0.00149484
0.00142235
0.00136078
0.001618
0.00144333
0.00122942
0.00107648
0.00123598
0.00110794
0.000951967
0.00084111
0.000861424
0.000780152
0.000682843
0.000615026
0.000663066
0.000607749
0.000543417
0.00050012
0.000115753
8.9124e-05
5.99513e-05
4.17648e-05
0.000108465
8.56934e-05
6.08807e-05
4.54697e-05
0.000109992
9.07698e-05
7.00766e-05
5.73598e-05
0.000119611
0.000101792
8.28457e-05
7.13448e-05
7.59836e-06
9.00124e-06
1.10998e-05
1.29101e-05
4.66147e-06
5.35898e-06
6.55455e-06
7.68035e-06
4.11688e-06
3.80384e-06
3.77509e-06
4.02065e-06
5.63965e-06
4.46072e-06
3.46027e-06
3.06359e-06
8.29733e-06
6.98917e-06
5.4596e-06
4.42551e-06
5.66757e-06
4.83314e-06
3.87706e-06
3.25043e-06
3.40988e-06
3.02012e-06
2.60909e-06
2.37478e-06
2.43542e-06
2.27952e-06
2.16072e-06
2.14018e-06
0.00345403
0.00379278
0.00424786
0.0046039
0.00265909
0.00286806
0.00314609
0.003361
0.00183989
0.00193192
0.00205361
0.00214647
0.00136338
0.00139912
0.00144727
0.00148365
0.000286276
0.000278792
0.00027345
0.000273008
0.000310052
0.000306673
0.00031044
0.000319883
0.000500199
0.000511511
0.000539442
0.000571265
0.000752831
0.000784029
0.000842051
0.000900093
0.000689809
0.000522038
0.000380967
0.000317356
0.000658503
0.000501154
0.000381506
0.000337657
0.000562741
0.000453226
0.000437371
0.000489462
0.0004548
0.000405656
0.00052033
0.000690184
0.00800107
0.00819534
0.00839185
0.00849676
0.00552325
0.00565438
0.00577654
0.00583114
0.00316946
0.00324049
0.00329539
0.00330737
0.00192313
0.00196384
0.00198512
0.00197585
9.92555e-05
8.81472e-05
7.76927e-05
7.25536e-05
0.000316543
0.000308275
0.000309618
0.000319964
0.00090121
0.000903082
0.000926274
0.000960148
0.00156437
0.00157845
0.00162276
0.00167683
0.000210516
0.000191087
0.000171884
0.000161506
0.000320318
0.000311332
0.000311267
0.000320138
0.000699384
0.000714307
0.000751731
0.000794451
0.00115995
0.00120039
0.00127524
0.00134991
0.00776983
0.00756194
0.007245
0.00697006
0.00536211
0.0052366
0.00503304
0.00484876
0.00306981
0.00301703
0.00291698
0.00281811
0.001855
0.00183892
0.00179139
0.0017364
0.000117082
0.000125561
0.000141094
0.000156865
0.000348249
0.000341093
0.000343558
0.000354618
0.000949195
0.000915505
0.000891222
0.000887568
0.00162314
0.00156495
0.00151347
0.00149257
6.0955e-05
6.21971e-05
6.70922e-05
7.35237e-05
0.000326717
0.000319696
0.000322739
0.000334522
0.000998621
0.000981058
0.000979668
0.000995134
0.00174481
0.00171938
0.00171318
0.00172912
0.00341131
0.00314604
0.00280754
0.00255521
0.0024943
0.00231034
0.002075
0.00189926
0.00159397
0.00148893
0.00135488
0.00125527
0.00110641
0.00104409
0.000965569
0.000908284
0.000293203
0.000289758
0.000293019
0.000301521
0.000347622
0.000334281
0.000326569
0.000327976
0.000567983
0.00053117
0.000495596
0.000477619
0.000845402
0.000783116
0.000716549
0.000676473
0.000219883
0.000225858
0.000240143
0.000256435
0.000362721
0.00035328
0.000351903
0.000359288
0.000782117
0.000742316
0.000706553
0.000691325
0.00127096
0.00120079
0.00112893
0.00108864
0.00056389
0.000479369
0.000379984
0.000312069
0.000459252
0.000393507
0.000316899
0.000265066
0.00036365
0.000316909
0.000263622
0.000228449
0.000321122
0.000284746
0.000244406
0.000218647
0.000220079
0.000203915
0.000188715
0.000181186
0.000203227
0.000186975
0.000171631
0.00016399
0.000208068
0.00018766
0.00016729
0.00015613
0.000231668
0.000205091
0.000177309
0.000160978
0.000290475
0.000277821
0.000268797
0.000267364
0.000291029
0.000274557
0.000261062
0.000256562
0.000366837
0.000337625
0.000308692
0.000293238
0.00048015
0.000435549
0.00038781
0.000358907
4.53269e-06
1.98377e-06
4.93972e-07
7.22527e-07
9.72278e-06
6.29467e-06
3.52263e-06
2.63605e-06
2.05179e-05
1.57296e-05
1.11711e-05
8.86273e-06
3.14556e-05
2.53434e-05
1.92188e-05
1.57938e-05
5.03336e-05
4.2704e-05
3.46209e-05
2.96577e-05
4.46776e-05
3.7971e-05
3.097e-05
2.67558e-05
3.71503e-05
3.15628e-05
2.59492e-05
2.27605e-05
3.13637e-05
2.65749e-05
2.20285e-05
1.96906e-05
0.000125878
0.000112464
9.87123e-05
9.06995e-05
0.000112134
9.98437e-05
8.74134e-05
8.03257e-05
9.92836e-05
8.71577e-05
7.49967e-05
6.81893e-05
9.32212e-05
8.0256e-05
6.72411e-05
5.99896e-05
1.53109e-05
1.47151e-05
1.3975e-05
1.34412e-05
9.52075e-06
9.22866e-06
8.88154e-06
8.65088e-06
4.53233e-06
4.44205e-06
4.38755e-06
4.40481e-06
2.27054e-06
2.21428e-06
2.26193e-06
2.3971e-06
8.05773e-07
6.87274e-07
7.16997e-07
8.84254e-07
1.90983e-06
1.76349e-06
1.73667e-06
1.84683e-06
4.28744e-06
4.07391e-06
3.93375e-06
3.93914e-06
6.94899e-06
6.64653e-06
6.37638e-06
6.27161e-06
1.10549e-05
8.48421e-06
5.82153e-06
4.24569e-06
1.07324e-05
8.51637e-06
6.24685e-06
4.92467e-06
1.07111e-05
9.05625e-06
7.44059e-06
6.56657e-06
1.11638e-05
1.00061e-05
8.99907e-06
8.56503e-06
1.06744e-06
6.98402e-07
3.39704e-07
1.53672e-07
9.87003e-07
6.71846e-07
3.64519e-07
2.01538e-07
1.08966e-06
8.07675e-07
5.31715e-07
3.81889e-07
1.32217e-06
1.03443e-06
7.51412e-07
5.95756e-07
2.11119e-06
1.7624e-06
1.40535e-06
1.19558e-06
2.07795e-06
1.70845e-06
1.3304e-06
1.10918e-06
2.10831e-06
1.68602e-06
1.25327e-06
1.00116e-06
2.19362e-06
1.71069e-06
1.2149e-06
9.27002e-07
2.06052e-06
2.15381e-06
2.3422e-06
2.54417e-06
2.58807e-06
2.58226e-06
2.64879e-06
2.76325e-06
3.79887e-06
3.58819e-06
3.40396e-06
3.33886e-06
5.16835e-06
4.7346e-06
4.27897e-06
4.02047e-06
0.00217401
0.00246218
0.00288685
0.00324039
0.00194741
0.0021103
0.00234387
0.00253641
0.00156093
0.00162803
0.00172406
0.00180351
0.00122362
0.00126561
0.00132168
0.0013671
0.00100286
0.00104698
0.00110681
0.001153
0.000663533
0.00069264
0.000732605
0.000764468
0.000378611
0.00039036
0.000409488
0.000427168
0.000275571
0.000279433
0.000290541
0.000303866
0.000466677
0.000439196
0.000698895
0.0010395
0.000549197
0.000463674
0.000552406
0.000717767
0.000648127
0.000501288
0.000430959
0.000440091
0.000686845
0.000516328
0.000384669
0.000334344
0.00711978
0.00738807
0.00769509
0.00789451
0.0049697
0.00514763
0.00534188
0.00545954
0.00291508
0.00300746
0.00309834
0.0031436
0.00182084
0.00186915
0.00190746
0.00191614
0.0013628
0.00139126
0.001408
0.00140378
0.000702843
0.000705689
0.00069705
0.000680068
0.000230441
0.000215981
0.00019354
0.000173065
0.00013068
0.000113716
9.28853e-05
7.73804e-05
0.00129649
0.00132626
0.00135214
0.0013604
0.000730427
0.00073086
0.000724032
0.000712094
0.000310382
0.000291615
0.000266335
0.000245734
0.000206804
0.000185717
0.000161496
0.000144853
0.00842477
0.00830498
0.00808996
0.00788238
0.00577607
0.00570958
0.00557263
0.00543087
0.00326724
0.00324598
0.00317948
0.00310006
0.00194378
0.00194519
0.00191399
0.00186608
0.00139396
0.00140228
0.00138578
0.00135323
0.000631005
0.000644871
0.000646061
0.000634732
0.000111794
0.000125953
0.00013821
0.000143313
3.15532e-05
4.2338e-05
5.55343e-05
6.54486e-05
0.0014164
0.00143319
0.00142492
0.00139589
0.000630981
0.000644377
0.000643103
0.000628064
9.63178e-05
0.000104699
0.000108407
0.000105933
1.2754e-05
1.77808e-05
2.27462e-05
2.5552e-05
0.00452922
0.00423718
0.00385481
0.00356273
0.00325216
0.00305547
0.00279562
0.00259561
0.00200657
0.0019005
0.00175871
0.00164872
0.00133358
0.00127566
0.00119738
0.00113654
0.00105037
0.00101184
0.000959745
0.000919454
0.000621645
0.000608913
0.000592574
0.000580956
0.000314288
0.000317939
0.000326052
0.000335262
0.000252941
0.000257833
0.00026992
0.000283913
0.00117915
0.00115079
0.00110571
0.00106634
0.000645065
0.000641156
0.000632018
0.000622851
0.00026851
0.000278919
0.000293441
0.000305887
0.00019865
0.000208846
0.000226317
0.00024344
0.00100085
0.000874123
0.000721902
0.000615309
0.000786212
0.000690663
0.000576762
0.000497673
0.000579582
0.000515579
0.000440838
0.00039014
0.000475074
0.000428581
0.000375884
0.000341397
0.000428244
0.00038931
0.000346038
0.000318402
0.00034081
0.000314171
0.000286185
0.000269651
0.000277446
0.000260026
0.000243748
0.000235901
0.000266068
0.000250812
0.000237568
0.00023218
0.000576524
0.00053219
0.000481765
0.000448748
0.000427291
0.000399938
0.000371015
0.00035391
0.000317415
0.000302512
0.000289765
0.00028494
0.000294444
0.00028225
0.000273517
0.000272091
3.43677e-05
2.33068e-05
1.22898e-05
6.39747e-06
3.89503e-05
2.84337e-05
1.77846e-05
1.18705e-05
5.0937e-05
4.05102e-05
2.97779e-05
2.35878e-05
6.45192e-05
5.35229e-05
4.21238e-05
3.54309e-05
6.96156e-05
5.85355e-05
4.69586e-05
4.00603e-05
7.37257e-05
6.30757e-05
5.18972e-05
4.51634e-05
7.98379e-05
6.92918e-05
5.82007e-05
5.14784e-05
8.5065e-05
7.42393e-05
6.28531e-05
5.59457e-05
0.000122584
0.000105559
8.74959e-05
7.65358e-05
0.000120798
0.000105744
8.99402e-05
8.04547e-05
0.000122904
0.000109178
9.49558e-05
8.65457e-05
0.000127918
0.000114261
0.000100183
9.19134e-05
1.35643e-05
1.40666e-05
1.4774e-05
1.53584e-05
8.12394e-06
8.4826e-06
9.01975e-06
9.48839e-06
4.07335e-06
4.09734e-06
4.26819e-06
4.50576e-06
2.78405e-06
2.44913e-06
2.26224e-06
2.30004e-06
2.29615e-06
1.83789e-06
1.50856e-06
1.45005e-06
1.90438e-06
1.25559e-06
7.01344e-07
4.87114e-07
2.23081e-06
1.36336e-06
5.67728e-07
1.98082e-07
2.97677e-06
1.97723e-06
1.04591e-06
5.96709e-07
6.27366e-06
4.77736e-06
3.38593e-06
2.70324e-06
7.36308e-06
5.45883e-06
3.55824e-06
2.49842e-06
9.19857e-06
6.8549e-06
4.43836e-06
3.01928e-06
1.07615e-05
8.16117e-06
5.46496e-06
3.86758e-06
3.86284e-06
2.95575e-06
1.96178e-06
1.34389e-06
2.89499e-06
2.26701e-06
1.59284e-06
1.1853e-06
2.20414e-06
1.83045e-06
1.45068e-06
1.23959e-06
2.06084e-06
1.80963e-06
1.5724e-06
1.45735e-06
2.07531e-06
1.86837e-06
1.67774e-06
1.5896e-06
1.98506e-06
1.84078e-06
1.72354e-06
1.68532e-06
2.13601e-06
2.01916e-06
1.9343e-06
1.91842e-06
2.444e-06
2.30918e-06
2.20334e-06
2.17339e-06
2.12279e-06
2.06239e-06
2.05804e-06
2.11766e-06
1.63374e-06
1.68418e-06
1.81612e-06
1.97433e-06
1.53778e-06
1.65609e-06
1.87321e-06
2.09426e-06
1.84179e-06
1.96064e-06
2.18003e-06
2.40397e-06
0.00478025
0.00510943
0.0055296
0.00584153
0.00347079
0.00368678
0.00395794
0.0041553
0.00219514
0.00230411
0.00243699
0.00252991
0.00150314
0.00155605
0.00161773
0.00165754
0.00121231
0.00124049
0.00127203
0.00129056
0.000749688
0.000748333
0.000744247
0.000738364
0.000386528
0.000366913
0.000343107
0.000325712
0.000278834
0.000257848
0.000235237
0.000221095
0.00114476
0.00116362
0.00118764
0.00120444
0.000757901
0.00075691
0.000755565
0.000754024
0.000427277
0.00041696
0.000404898
0.00039668
0.000308496
0.000300037
0.000291766
0.000287601
0.000266642
0.000248242
0.000230733
0.000222121
0.000320951
0.000313049
0.00031364
0.000322504
0.000587514
0.000604081
0.000641866
0.000683506
0.000931966
0.000975384
0.00105191
0.00112621
0.00115264
0.00121403
0.00131594
0.0014113
0.00165729
0.00175641
0.00191139
0.00205068
0.0025139
0.00266982
0.00290402
0.00310822
0.00332114
0.00352611
0.0038285
0.00408835
0.000903908
0.000951229
0.00103269
0.0011105
0.00124654
0.00133392
0.00147078
0.00159369
0.00184252
0.00199502
0.00222136
0.00241657
0.00241271
0.00262508
0.00293337
0.00319446
0.000258701
0.000260952
0.000269815
0.000281434
0.000280086
0.000282485
0.000292099
0.000304723
0.000436152
0.000447298
0.000469552
0.000492766
0.000642895
0.000666101
0.000704606
0.000740419
0.000784841
0.000804389
0.000844032
0.000885209
0.000991039
0.00103837
0.00112082
0.00119935
0.00127942
0.00139654
0.00158081
0.0017445
0.00149804
0.00169757
0.00200436
0.00227042
0.000397309
0.000393567
0.000599973
0.000835037
0.000319243
0.000356619
0.000693565
0.00108076
0.000255914
0.000338284
0.000829191
0.00136656
0.000257792
0.000359732
0.000937587
0.00152301
0.00855116
0.00864745
0.00870784
0.00870347
0.00586284
0.00593301
0.00596916
0.00595393
0.00331922
0.00336281
0.00337718
0.00335527
0.00197794
0.00200838
0.00201204
0.00198685
0.00141992
0.00144234
0.00144176
0.00141817
0.00064511
0.000655462
0.000650429
0.000632207
0.000113182
0.00011368
0.000107244
9.68122e-05
2.46329e-05
2.21224e-05
1.74194e-05
1.26462e-05
0.00140334
0.00142935
0.00143694
0.0014216
0.000671548
0.000677883
0.000669873
0.000650673
0.000160692
0.000153007
0.000137182
0.00012027
6.62284e-05
5.58779e-05
4.19801e-05
3.06796e-05
6.78809e-05
6.30529e-05
6.01529e-05
6.05027e-05
0.000319531
0.00031198
0.000314347
0.000325586
0.000967178
0.000959578
0.000971125
0.000996548
0.00169089
0.00168569
0.00170581
0.00174199
0.00214857
0.00214433
0.0021696
0.00221272
0.00315337
0.00315139
0.00318737
0.00324474
0.00475003
0.00475217
0.00480344
0.0048802
0.00618978
0.0061954
0.00625933
0.00635207
0.00198514
0.00200636
0.00206362
0.00213048
0.00291186
0.00294871
0.00303351
0.00312717
0.00439474
0.00445533
0.00458029
0.00471194
0.0057384
0.00581927
0.00597822
0.00614181
0.000149901
0.000133528
0.000117224
0.000108253
0.000317493
0.000308604
0.000308962
0.000318387
0.000808505
0.000818154
0.00085026
0.000890073
0.00138023
0.00141014
0.0014734
0.00154078
0.00174491
0.00178713
0.00186965
0.00195435
0.00255232
0.00262141
0.00274516
0.00286649
0.00385968
0.00396915
0.00415355
0.00432772
0.0050539
0.00519804
0.00543417
0.00565317
0.00145567
0.00151204
0.00161032
0.00170511
0.00211676
0.00220764
0.00235596
0.00249326
0.00320724
0.00334992
0.00357233
0.0037717
0.00421575
0.00440304
0.00468897
0.0049413
0.00682296
0.00655534
0.00617637
0.00586618
0.00475743
0.00458866
0.00434148
0.00413372
0.00277642
0.00269728
0.00257235
0.00246184
0.00171974
0.00168645
0.00162466
0.00156511
0.00127935
0.00126355
0.00122777
0.00119028
0.000648505
0.000653034
0.000650124
0.000642173
0.000210728
0.000225838
0.000243822
0.00025695
0.000135659
0.000149078
0.00016893
0.000186581
0.00134985
0.00134692
0.00132111
0.00128593
0.000640156
0.000651006
0.000651795
0.000643124
0.000153801
0.000170337
0.000187652
0.000198286
7.58492e-05
8.95629e-05
0.000108
0.000123166
0.000167479
0.000175913
0.0001924
0.000209688
0.00035783
0.000349811
0.00035077
0.000360364
0.000876231
0.000838133
0.000806453
0.000795816
0.00146667
0.00139961
0.00133433
0.00130106
0.00184063
0.00175513
0.00166862
0.00162113
0.00266322
0.00253799
0.00240516
0.00232608
0.00398378
0.00379985
0.00359736
0.00346991
0.0051825
0.00494794
0.00468496
0.00451524
0.0020491
0.00197524
0.00190665
0.00187508
0.00298395
0.00287645
0.0027706
0.00271527
0.00447282
0.00431625
0.00415469
0.00406277
0.00581714
0.00561844
0.00540866
0.00528479
7.88367e-05
8.47945e-05
9.62374e-05
0.00010816
0.00033698
0.00033013
0.000333259
0.000345026
0.000992059
0.000965421
0.000951565
0.000956912
0.00172055
0.00167669
0.00164559
0.00164167
0.00218046
0.00212541
0.00208343
0.00207395
0.00318856
0.0031096
0.00304387
0.00302173
0.00478714
0.00467375
0.00457253
0.00453024
0.00622632
0.00608346
0.00595149
0.0058914
0.00221594
0.00218509
0.00217574
0.00219224
0.00324869
0.00320636
0.00318989
0.00320693
0.00488505
0.00482666
0.00479927
0.00481553
0.00635753
0.00628541
0.00624828
0.00626331
0.00242604
0.00220278
0.00192397
0.00172054
0.00181046
0.00165124
0.0014528
0.0013084
0.00120437
0.00110845
0.000990276
0.00090545
0.000877652
0.00081653
0.000743037
0.000691827
0.000737429
0.000690791
0.000635945
0.000598752
0.00050825
0.000482964
0.000455752
0.000439438
0.000339753
0.00032958
0.000322621
0.000322118
0.000303411
0.000296049
0.000293683
0.000297352
0.000899536
0.000854716
0.000799197
0.000759533
0.000575222
0.000554968
0.000532164
0.000517864
0.000339216
0.00033555
0.000335958
0.00034046
0.000289471
0.000288122
0.000293117
0.000302264
0.000302058
0.000293539
0.000290245
0.000293599
0.000324434
0.000309242
0.000298327
0.000296583
0.000463266
0.00042994
0.000397223
0.000380109
0.000649825
0.000595846
0.00053789
0.000502708
0.000767768
0.000700356
0.000625942
0.000578933
0.00103066
0.000933872
0.000822771
0.000748825
0.00149082
0.00134744
0.00117797
0.00106107
0.00193163
0.00174636
0.00152431
0.00136871
0.00102176
0.000943027
0.000856402
0.000801967
0.00141363
0.00129905
0.00116798
0.00108112
0.00207652
0.00190634
0.00170592
0.0015682
0.00269876
0.00247928
0.00221716
0.00203409
0.000264375
0.000266089
0.000275617
0.000288737
0.000360051
0.000348749
0.00034437
0.000348939
0.00067649
0.000637315
0.000600474
0.000582942
0.00105741
0.000989248
0.000917438
0.00087521
0.00129968
0.00121293
0.00111868
0.00106057
0.00183608
0.00170898
0.00156532
0.00147158
0.00272237
0.00253385
0.00231427
0.00216535
0.00354215
0.00329978
0.00301334
0.00281566
0.00158132
0.00149177
0.00139695
0.00134071
0.00226607
0.00213465
0.00198951
0.00189773
0.0033786
0.00318444
0.00296293
0.00281656
0.0043965
0.00414784
0.00385961
0.00366533
0.00028039
0.000229506
0.000171292
0.000132826
0.000240579
0.000199443
0.000152811
0.000122294
0.000210187
0.000178748
0.000143818
0.000121464
0.00020339
0.000176926
0.000148173
0.00013025
0.000198866
0.000174733
0.000148767
0.000132759
0.000182376
0.000162721
0.000142103
0.000129798
0.000173411
0.000157072
0.000140509
0.000131085
0.000176042
0.000160355
0.000144693
0.000135982
0.000300916
0.000269144
0.000234448
0.000212707
0.000257026
0.000233234
0.000208284
0.000193481
0.000226999
0.000209233
0.00019179
0.000182446
0.000224279
0.000207916
0.00019239
0.000184561
0.000172876
0.000157453
0.000142164
0.000133759
0.00015614
0.000141491
0.000127093
0.000119308
0.000147444
0.000131321
0.00011519
0.000106256
0.000150538
0.000131444
0.00011185
0.000100608
0.000149536
0.00012864
0.000106977
9.43888e-05
0.000146444
0.000121798
9.54479e-05
7.94886e-05
0.000164449
0.000132012
9.62291e-05
7.36887e-05
0.00019469
0.000154313
0.000109034
7.99463e-05
0.000243725
0.000213184
0.000180656
0.000161036
0.000270113
0.000231003
0.000187736
0.000160282
0.000341766
0.00028716
0.000224743
0.000183511
0.000424451
0.000354921
0.000274177
0.000219844
0.000261387
0.00024611
0.000232988
0.000227803
0.000249514
0.000232638
0.000217593
0.00021106
0.000281339
0.00025651
0.000231801
0.000218416
0.000340691
0.000305469
0.000268117
0.000245756
0.000375981
0.000333975
0.000288368
0.00026015
0.000454633
0.000397801
0.00033359
0.000291714
0.000615703
0.000533706
0.000438093
0.000373304
0.000782897
0.000677395
0.000552535
0.000466471
0.000550601
0.000495943
0.000435887
0.000398155
0.000707915
0.000631232
0.00054356
0.000485514
0.000998647
0.000886012
0.000753296
0.000662161
0.00128563
0.00114013
0.000966244
0.000844892
1.32131e-06
2.26112e-06
4.30658e-06
6.48615e-06
2.60623e-06
2.44709e-06
3.03395e-06
4.06044e-06
7.72855e-06
6.05445e-06
4.74113e-06
4.34207e-06
1.3745e-05
1.07804e-05
7.96534e-06
6.52579e-06
1.61597e-05
1.27263e-05
9.31434e-06
7.42084e-06
1.93179e-05
1.5367e-05
1.12794e-05
8.85896e-06
2.33041e-05
1.87722e-05
1.39802e-05
1.10489e-05
2.61095e-05
2.12068e-05
1.60011e-05
1.27976e-05
3.57497e-05
2.91913e-05
2.24708e-05
1.85663e-05
4.05545e-05
3.3677e-05
2.64809e-05
2.21535e-05
4.65027e-05
3.91562e-05
3.13695e-05
2.65896e-05
5.0717e-05
4.29654e-05
3.47263e-05
2.96468e-05
2.61671e-05
2.13335e-05
1.62129e-05
1.30701e-05
2.3707e-05
1.95118e-05
1.51276e-05
1.24838e-05
2.04014e-05
1.71265e-05
1.3856e-05
1.20108e-05
1.79389e-05
1.54345e-05
1.31454e-05
1.20424e-05
1.59053e-05
1.40097e-05
1.24904e-05
1.19657e-05
1.10678e-05
1.06984e-05
1.09726e-05
1.16984e-05
8.32644e-06
9.74934e-06
1.22719e-05
1.46779e-05
9.571e-06
1.22866e-05
1.65167e-05
2.02623e-05
2.65851e-05
2.24801e-05
1.88347e-05
1.72056e-05
1.53158e-05
1.29564e-05
1.14074e-05
1.12854e-05
5.06488e-06
4.56222e-06
5.4406e-06
7.22536e-06
1.06979e-06
1.79788e-06
4.42255e-06
7.68157e-06
8.39845e-05
7.33436e-05
6.21994e-05
5.54775e-05
7.43382e-05
6.48215e-05
5.50029e-05
4.92074e-05
6.29067e-05
5.43379e-05
4.57281e-05
4.08627e-05
5.50452e-05
4.68219e-05
3.87752e-05
3.44474e-05
4.81934e-05
4.03903e-05
3.29635e-05
2.91819e-05
3.20366e-05
2.54278e-05
1.94498e-05
1.6746e-05
1.78889e-05
1.19269e-05
6.97431e-06
5.25656e-06
1.25504e-05
6.5708e-06
1.92889e-06
7.48729e-07
8.68188e-05
7.34924e-05
6.01702e-05
5.28293e-05
7.15552e-05
5.76955e-05
4.36975e-05
3.59153e-05
6.39686e-05
4.76756e-05
3.09343e-05
2.14575e-05
6.74792e-05
4.82183e-05
2.81885e-05
1.6698e-05
1.28837e-05
1.16273e-05
1.00964e-05
9.01063e-06
8.34855e-06
7.60184e-06
6.70795e-06
6.09336e-06
4.32348e-06
4.03704e-06
3.73347e-06
3.56618e-06
2.41972e-06
2.36184e-06
2.37008e-06
2.45062e-06
1.71972e-06
1.76228e-06
1.89879e-06
2.07609e-06
8.12272e-07
9.57646e-07
1.22819e-06
1.5089e-06
4.48892e-07
6.5426e-07
1.0097e-06
1.36027e-06
7.25728e-07
9.31257e-07
1.29439e-06
1.65596e-06
1.40628e-06
1.37838e-06
1.47104e-06
1.64703e-06
4.07392e-07
3.80485e-07
4.87237e-07
6.84091e-07
6.68039e-08
5.07598e-09
9.05935e-08
2.88195e-07
4.3061e-07
3.2751e-07
3.78768e-07
5.63443e-07
1.03555e-06
1.21684e-06
1.54908e-06
1.88769e-06
1.95042e-06
2.03447e-06
2.2372e-06
2.47526e-06
3.94182e-06
3.82758e-06
3.77199e-06
3.81294e-06
6.15937e-06
5.82633e-06
5.4917e-06
5.32328e-06
7.58406e-06
7.08138e-06
6.53233e-06
6.20455e-06
1.09673e-05
1.00845e-05
9.03624e-06
8.32512e-06
1.71936e-05
1.56087e-05
1.36724e-05
1.23e-05
2.36527e-05
2.13335e-05
1.84854e-05
1.64455e-05
8.74992e-06
8.36538e-06
7.97924e-06
7.77895e-06
1.29755e-05
1.243e-05
1.17785e-05
1.1337e-05
2.09872e-05
2.0026e-05
1.88074e-05
1.79116e-05
2.94994e-05
2.80265e-05
2.61502e-05
2.4754e-05
3.35953e-06
2.36207e-06
1.42984e-06
9.77195e-07
4.15204e-06
3.27852e-06
2.46478e-06
2.07311e-06
5.99717e-06
5.32293e-06
4.71435e-06
4.44174e-06
8.18553e-06
7.68022e-06
7.25894e-06
7.10618e-06
9.68994e-06
9.29496e-06
8.9927e-06
8.91359e-06
1.31809e-05
1.30926e-05
1.30735e-05
1.31318e-05
2.07366e-05
2.08735e-05
2.10688e-05
2.12343e-05
2.94177e-05
2.95768e-05
2.97786e-05
2.99305e-05
1.13914e-05
1.06044e-05
1.00478e-05
9.9374e-06
1.18625e-05
1.20138e-05
1.25108e-05
1.30945e-05
1.57615e-05
1.69879e-05
1.87769e-05
2.02788e-05
2.19197e-05
2.38762e-05
2.65902e-05
2.8785e-05
9.56761e-08
5.42844e-08
2.9875e-08
3.12627e-08
1.40357e-07
8.20781e-08
3.60909e-08
2.77016e-08
2.88172e-07
1.78889e-07
9.31397e-08
7.8482e-08
4.74249e-07
2.88996e-07
1.59639e-07
1.47501e-07
5.68877e-07
3.49368e-07
1.65102e-07
1.15838e-07
6.71e-07
4.03309e-07
1.69135e-07
8.50825e-08
8.22949e-07
4.93828e-07
1.96753e-07
7.05774e-08
9.50535e-07
5.79018e-07
2.36844e-07
8.03727e-08
1.4589e-06
1.16565e-06
8.74528e-07
7.10962e-07
1.57299e-06
1.28801e-06
1.00371e-06
8.42044e-07
1.81026e-06
1.50878e-06
1.20454e-06
1.02853e-06
2.05388e-06
1.71928e-06
1.37788e-06
1.17792e-06
9.62962e-07
5.86851e-07
2.39536e-07
7.94242e-08
8.79437e-07
5.30003e-07
2.10319e-07
6.8795e-08
7.81321e-07
4.74532e-07
1.9649e-07
8.24797e-08
7.17525e-07
4.45952e-07
2.02702e-07
1.1273e-07
6.44706e-07
3.98123e-07
2.01221e-07
1.43686e-07
4.84221e-07
2.96868e-07
1.34165e-07
7.77794e-08
3.44915e-07
1.97216e-07
7.14037e-08
2.9405e-08
2.87396e-07
1.55411e-07
5.58341e-08
3.23078e-08
2.15535e-06
1.65172e-06
1.1365e-06
8.40393e-07
2.08285e-06
1.5366e-06
9.78231e-07
6.5934e-07
2.14854e-06
1.50844e-06
8.57486e-07
4.92295e-07
2.32759e-06
1.58862e-06
8.42624e-07
4.32457e-07
2.5725e-06
2.41637e-06
2.2859e-06
2.23943e-06
2.74768e-06
2.52831e-06
2.32433e-06
2.22832e-06
3.22845e-06
2.87265e-06
2.50992e-06
2.3068e-06
3.80447e-06
3.29975e-06
2.76405e-06
2.44451e-06
4.04145e-06
3.44518e-06
2.80875e-06
2.42649e-06
4.65424e-06
3.83798e-06
2.94823e-06
2.39776e-06
5.96085e-06
4.74859e-06
3.4054e-06
2.55639e-06
7.40595e-06
5.79381e-06
3.99694e-06
2.85298e-06
5.95435e-06
5.36058e-06
4.71338e-06
4.32106e-06
7.86433e-06
6.8999e-06
5.79733e-06
5.07817e-06
1.14513e-05
9.83279e-06
7.93737e-06
6.6556e-06
1.51949e-05
1.29155e-05
1.02268e-05
8.38777e-06
