FiniteElementSpace
FiniteElementCollection: H1_2D_P2
VDim: 2
Ordering: 0

0
-0.0104301
-0.0199926
-0.0263942
-0.0297122
-0.0320893
-0.0344984
-0.0350722
-0.0329099
0
0.00044879
-0.00408712
-0.0115391
-0.018426
-0.0222594
-0.0222624
-0.0195861
-0.0165826
-0.00514911
-0.0047189
0.000704097
0
-0.0155129
-0.0120309
-0.00124853
-0.0236477
-0.0191663
-0.00767127
-0.0283278
-0.0242835
-0.0152464
-0.0308823
-0.0273636
-0.0208148
-0.0333653
-0.0286157
-0.0227162
-0.0351534
-0.0275083
-0.0211107
-0.0342339
-0.0248356
-0.0180247
-0.00169052
-0.00823506
-0.0157768
-0.0220144
-0.0260406
-0.0282521
-0.0283603
-0.0262447
-0.00257748
-0.00311967
-0.000557407
0
-0.0130283
-0.0116647
-0.00642521
-0.007342
-0.0219323
-0.0196236
-0.0139313
-0.0158561
-0.0274493
-0.0252125
-0.0206637
-0.02276
-0.0303044
-0.0285834
-0.0252202
-0.0270881
-0.032727
-0.0309294
-0.0278663
-0.0298591
-0.0349059
-0.0318001
-0.0285678
-0.0316451
-0.0347376
-0.030235
-0.0269115
-0.0312942
-0.00777366
-0.00313127
-0.00223608
0.00077204
-0.000536519
0.000293107
0
-0.0178447
-0.0101174
-0.00821172
-0.00254737
-0.00487466
-0.00023684
-0.025133
-0.0175312
-0.015479
-0.00959875
-0.0118767
-0.00581436
-0.0290677
-0.0232187
-0.0213715
-0.0169212
-0.0187068
-0.013438
-0.031473
-0.0267539
-0.0247684
-0.0216605
-0.0233976
-0.0197314
-0.03397
-0.0285068
-0.0254711
-0.0225931
-0.0254671
-0.0226095
-0.0352128
-0.0280008
-0.0236344
-0.0203725
-0.0248106
-0.0217554
-0.0336035
-0.0288999
-0.0255426
-0.0207211
-0.0172948
-0.0221928
-0.0187931
-0.00113711
-0.00950128
-0.0178089
-0.0240683
-0.0278708
-0.0304261
-0.0318032
-0.0308188
-0.00521356
-0.00125733
-0.000118555
-0.0137959
-0.00647705
-0.00344947
-0.021278
-0.0137078
-0.0100286
-0.0262109
-0.0201164
-0.0171546
-0.0292435
-0.0241655
-0.022466
-0.031345
-0.0255563
-0.0252035
-0.0316283
-0.0242727
-0.0252178
-0.0295834
-0.0214496
-0.0229301
-0.00115316
-0.00169681
-0.000407649
0
-0.0117406
-0.0111866
-0.00841906
-0.00880819
-0.0209898
-0.0198231
-0.0168479
-0.0178664
-0.0269463
-0.0257568
-0.0234354
-0.0245638
-0.0300126
-0.0291212
-0.0274897
-0.0284269
-0.0324066
-0.031618
-0.0301494
-0.0310169
-0.0347204
-0.0333726
-0.0317433
-0.0330977
-0.0349279
-0.0327714
-0.0310723
-0.0331796
-0.00644899
-0.00641796
-0.004163
-0.00404889
-0.00238728
-0.00219106
-0.000862681
-0.00110641
-0.000195249
-0.000333404
-3.93309e-05
0
-0.0167
-0.0157532
-0.0127367
-0.0135145
-0.00916954
-0.00831277
-0.00565635
-0.00656724
-0.00555771
-0.00494587
-0.00281461
-0.00348086
-0.0244193
-0.0231807
-0.0204718
-0.0215993
-0.0166672
-0.0156409
-0.0127972
-0.0138481
-0.0129854
-0.0120002
-0.00911309
-0.0101395
-0.0287129
-0.0276576
-0.0257285
-0.0267787
-0.0226345
-0.02168
-0.0194303
-0.0203764
-0.0199329
-0.0189277
-0.0163306
-0.0173432
-0.031175
-0.0304
-0.0289192
-0.0297715
-0.0264102
-0.025462
-0.023802
-0.0247227
-0.024767
-0.023849
-0.0219389
-0.0228365
-0.0336748
-0.0326903
-0.0311499
-0.0321854
-0.0283967
-0.0270397
-0.0255335
-0.026865
-0.0276287
-0.0265381
-0.025007
-0.0260681
-0.0352081
-0.0334228
-0.0317352
-0.0334866
-0.0281985
-0.0261528
-0.0245562
-0.0266008
-0.0286117
-0.0269064
-0.0253647
-0.0270544
-0.0339308
-0.0315929
-0.0299151
-0.0322285
-0.0258961
-0.0235043
-0.0218208
-0.0242297
-0.0272209
-0.0249345
-0.0232884
-0.0255868
-0.00387118
-0.00209263
-0.00235253
-0.001069
-0.000819109
0
-0.0142875
-0.0105845
-0.00992068
-0.00731873
-0.00792994
-0.0059926
-0.0228188
-0.018735
-0.0176923
-0.0148633
-0.0158565
-0.0139242
-0.0279089
-0.0246599
-0.0236251
-0.0213575
-0.0223736
-0.020966
-0.0305934
-0.0282345
-0.0273337
-0.0256442
-0.0265656
-0.0257037
-0.0330482
-0.0306871
-0.0296126
-0.0280746
-0.029169
-0.0286344
-0.0350522
-0.0318226
-0.0300923
-0.0284837
-0.0302007
-0.0301483
-0.0345044
-0.030538
-0.028244
-0.0265847
-0.0288698
-0.0294077
-0.00910492
-0.00627264
-0.00390973
-0.00412784
-0.00171608
-0.000941456
0.000658085
-0.000284946
0.000788068
5.60977e-05
-0.000285982
0.000533395
9.28323e-05
7.15745e-05
0
-0.0189434
-0.0148371
-0.0110729
-0.0119321
-0.00733094
-0.0062078
-0.0032907
-0.00456939
-0.00186503
-0.00311619
-0.00413745
-0.000704396
-0.00189447
0.000148897
-0.0257911
-0.0220408
-0.0183649
-0.0194023
-0.0146033
-0.0135516
-0.0105712
-0.0117031
-0.00863027
-0.00982888
-0.0109518
-0.00673073
-0.00797917
-0.00493127
-0.0293995
-0.026663
-0.0237678
-0.0247299
-0.0207637
-0.0198987
-0.0176969
-0.01853
-0.0161031
-0.0169992
-0.0179474
-0.0143566
-0.0153296
-0.0124972
-0.031778
-0.0295568
-0.0270717
-0.0280214
-0.0244876
-0.0234915
-0.0219911
-0.0228912
-0.021268
-0.0220887
-0.0229521
-0.0203019
-0.0210888
-0.0191052
-0.034247
-0.0315112
-0.0285802
-0.0299461
-0.0255352
-0.0238721
-0.022452
-0.0240704
-0.0226822
-0.0240788
-0.0253569
-0.0226926
-0.0238872
-0.0224654
-0.0351677
-0.0314805
-0.0277695
-0.0298236
-0.023964
-0.0216373
-0.0199827
-0.0223487
-0.0207506
-0.0229824
-0.0250321
-0.0214478
-0.023501
-0.0220289
-0.0332587
-0.0309106
-0.0292442
-0.0268727
-0.0251884
-0.0275675
-0.0227854
-0.0210827
-0.0186521
-0.016939
-0.0193794
-0.0176546
-0.0201257
-0.0225638
-0.0184042
-0.0208856
-0.0191881
-0.00059251
-0.0100012
-0.018866
-0.0251832
-0.0287814
-0.0313203
-0.0332538
-0.0329946
-0.00522873
-0.0016187
-0.000112132
-0.0146473
-0.00742695
-0.00419231
-0.0224149
-0.0147537
-0.0110685
-0.0272341
-0.0210465
-0.0181514
-0.0300875
-0.0251089
-0.0233604
-0.0324479
-0.0269718
-0.0263204
-0.0334776
-0.0263932
-0.0270005
-0.0319194
-0.0238679
-0.0252694
-0.00287491
-0.00153047
-0.000279462
-0.0123593
-0.00892036
-0.00695299
-0.0207349
-0.0167884
-0.0149002
-0.0262877
-0.0230184
-0.0216895
-0.0294502
-0.0269603
-0.0261474
-0.0319076
-0.0294031
-0.028912
-0.0334513
-0.0301668
-0.0301941
-0.0325144
-0.0285656
-0.029152
-0.00761242
-0.00505035
-0.00322602
-0.00281301
-0.000574521
-7.40841e-05
-0.000669785
0.000110963
3.12726e-05
-0.0168275
-0.012933
-0.0109261
-0.00921886
-0.00536868
-0.0038166
-0.00573865
-0.00247381
-0.00138236
-0.0238969
-0.0202032
-0.0185645
-0.0165052
-0.0126336
-0.0107663
-0.0129284
-0.00889774
-0.00708035
-0.0280538
-0.025232
-0.0241949
-0.0222764
-0.0192358
-0.0177836
-0.0196697
-0.0161801
-0.014452
-0.0307098
-0.0283371
-0.0276869
-0.0257817
-0.0232168
-0.022515
-0.0243028
-0.021613
-0.0205169
-0.0329085
-0.0300648
-0.0297943
-0.0270672
-0.0239941
-0.0240991
-0.0267199
-0.0240083
-0.0237149
-0.0333232
-0.0296327
-0.0299774
-0.0258827
-0.0220003
-0.0226777
-0.0267725
-0.0232583
-0.0237068
-0.031255
-0.027221
-0.02791
-0.023143
-0.0190136
-0.0197501
-0.0245866
-0.020505
-0.0212642
0
-0.00896439
-0.0229118
-0.0389402
-0.051871
-0.0614049
-0.0720135
-0.0867871
-0.103273
0
-0.00590783
-0.021349
-0.0374028
-0.0497417
-0.058968
-0.0692241
-0.0836281
-0.100429
-0.00468766
-0.0064411
-0.000905423
0
-0.0152631
-0.0219203
-0.0131146
-0.0310648
-0.0385033
-0.0296788
-0.0459576
-0.0511789
-0.0441157
-0.0568438
-0.0601748
-0.0545262
-0.0662605
-0.0702952
-0.0636836
-0.0789176
-0.0850046
-0.0758925
-0.0951047
-0.101868
-0.0920143
-0.00142968
-0.0135934
-0.0304838
-0.0454579
-0.0558942
-0.0647596
-0.0770917
-0.0934953
-0.00322492
-0.00274724
-5.18384e-05
0
-0.0118934
-0.0143331
-0.0098084
-0.00748826
-0.0269772
-0.0308534
-0.0262261
-0.0224243
-0.0425807
-0.0458259
-0.0421334
-0.0388369
-0.0544489
-0.0564201
-0.0536332
-0.0516188
-0.0637524
-0.0654624
-0.0623833
-0.0607902
-0.0753233
-0.0779131
-0.073534
-0.0710725
-0.0909288
-0.0942726
-0.0892215
-0.0858248
-0.00656043
-0.00361313
-0.00588826
-0.00303624
-0.000819179
0.000178629
0
-0.0189715
-0.0176711
-0.0215278
-0.0171661
-0.013154
-0.00931753
-0.0350798
-0.0346013
-0.0380164
-0.0336494
-0.0300678
-0.0255521
-0.0490519
-0.0484676
-0.0505655
-0.0470563
-0.0448935
-0.0408983
-0.0591327
-0.0580437
-0.0595643
-0.0567522
-0.055271
-0.0522127
-0.0689987
-0.0673791
-0.0696684
-0.0663241
-0.0641548
-0.0612532
-0.0827587
-0.0809349
-0.0842837
-0.0796457
-0.0764179
-0.0724119
-0.0992399
-0.102574
-0.0977356
-0.101158
-0.0962579
-0.0927576
-0.0877767
-0.00109764
-0.0106958
-0.0266497
-0.0424775
-0.0541152
-0.0630432
-0.0743383
-0.0900244
-0.00482004
-0.00299596
0.000338309
-0.0182815
-0.0172644
-0.00931949
-0.0349421
-0.0341534
-0.0258299
-0.0488686
-0.0478738
-0.0416059
-0.0586143
-0.0574259
-0.0530104
-0.0681217
-0.0667672
-0.0617783
-0.0817618
-0.0802356
-0.0728857
-0.0984815
-0.0970064
-0.0884869
-0.00210774
-0.00203857
-0.00047224
0
-0.0103673
-0.0112604
-0.0090314
-0.008174
-0.0249359
-0.0268345
-0.024533
-0.0226792
-0.0407933
-0.0425649
-0.0406916
-0.0389242
-0.053189
-0.0543025
-0.0528952
-0.051771
-0.0625627
-0.0633913
-0.0619013
-0.0610979
-0.0736292
-0.0748051
-0.0726659
-0.0715201
-0.0888488
-0.0904621
-0.087913
-0.0862851
-0.00556209
-0.00562333
-0.00370941
-0.00365488
-0.00243488
-0.00322524
-0.00180592
-0.00103857
0.000165169
0.000210962
0.000374327
0
-0.0170815
-0.0186251
-0.0162756
-0.0147814
-0.0156033
-0.0174353
-0.0151827
-0.0133296
-0.0080649
-0.0095083
-0.00754515
-0.00609753
-0.0330882
-0.0350442
-0.0329171
-0.0309875
-0.0325647
-0.0343867
-0.0321343
-0.0302762
-0.0240726
-0.0260182
-0.0236808
-0.0217032
-0.0475426
-0.048991
-0.0473851
-0.0459259
-0.047001
-0.0481954
-0.0464209
-0.0452
-0.0403543
-0.0418911
-0.0398472
-0.0382762
-0.0579968
-0.0588808
-0.0575254
-0.056646
-0.0569771
-0.0577409
-0.0563561
-0.0555955
-0.0524342
-0.0533405
-0.0518149
-0.0508949
-0.0675952
-0.0685417
-0.0667583
-0.0658486
-0.0660355
-0.0670554
-0.0654281
-0.0644436
-0.0612637
-0.0620729
-0.0606564
-0.0598684
-0.0808092
-0.0822353
-0.0798066
-0.0783888
-0.0789812
-0.0805708
-0.0782943
-0.076737
-0.0718744
-0.0731901
-0.0712374
-0.069962
-0.0971832
-0.098862
-0.0963871
-0.0946822
-0.0956246
-0.0973703
-0.0948898
-0.0931235
-0.0871002
-0.0888479
-0.0863711
-0.0846338
-0.00391113
-0.00188422
-0.00199854
-0.000630087
-0.000474302
0
-0.013529
-0.0124682
-0.0139322
-0.0116566
-0.0102079
-0.00690794
-0.0290252
-0.02876
-0.0306806
-0.0283666
-0.0264415
-0.0221657
-0.0443062
-0.0441894
-0.0456679
-0.0438343
-0.042331
-0.0386931
-0.0556662
-0.0552868
-0.0561691
-0.0547827
-0.0538915
-0.0514205
-0.0649799
-0.064227
-0.0650995
-0.0635457
-0.0627071
-0.0604823
-0.0770847
-0.0760888
-0.0774824
-0.0752749
-0.0739159
-0.070665
-0.0930183
-0.092148
-0.0938775
-0.0913569
-0.0896123
-0.0854
-0.00769188
-0.00608161
-0.00495254
-0.0041484
-0.0043654
-0.0058224
-0.00439336
-0.00293074
-0.00186084
-0.000770705
-9.43083e-05
-0.000202715
0.000334375
0.000264554
0
-0.0209195
-0.0203354
-0.0197814
-0.0179581
-0.0193844
-0.0214064
-0.0192494
-0.0171708
-0.0151171
-0.0130785
-0.0111944
-0.0111762
-0.00925252
-0.007555
-0.0370356
-0.0369177
-0.0365827
-0.0347903
-0.0361161
-0.0377263
-0.0355579
-0.0339074
-0.0316895
-0.0298671
-0.0279627
-0.027632
-0.0256719
-0.0234558
-0.0504966
-0.0502783
-0.049858
-0.0486928
-0.0492531
-0.0501849
-0.0484297
-0.0474978
-0.0456208
-0.0445353
-0.0432879
-0.0425435
-0.0412772
-0.039186
-0.060265
-0.0596986
-0.0591056
-0.058335
-0.0584914
-0.0592636
-0.0578564
-0.0570973
-0.0556457
-0.0549169
-0.0541588
-0.0533855
-0.0526378
-0.0510014
-0.0704673
-0.0695586
-0.0687983
-0.0677345
-0.0681799
-0.069419
-0.0677386
-0.0665199
-0.0649735
-0.0638985
-0.0629417
-0.0624456
-0.0615032
-0.0600969
-0.0847532
-0.0837713
-0.0829463
-0.0813304
-0.0822353
-0.0839494
-0.081611
-0.0799268
-0.0777362
-0.0761347
-0.0746141
-0.0741152
-0.0726235
-0.0707802
-0.101275
-0.102925
-0.100546
-0.10222
-0.0998189
-0.0981054
-0.101514
-0.0990974
-0.100797
-0.0983582
-0.0966392
-0.0941416
-0.092391
-0.0906193
-0.0898898
-0.0881319
-0.0856859
-0.0010726
-0.00965623
-0.0247507
-0.0407779
-0.0530651
-0.0622291
-0.0731235
-0.0883631
-0.00456938
-0.00203668
0.000313983
-0.0166697
-0.0153547
-0.00774361
-0.0330334
-0.0323545
-0.0238614
-0.047496
-0.0467357
-0.0401199
-0.0577717
-0.0566762
-0.0521454
-0.0671614
-0.065716
-0.0609555
-0.0802822
-0.0786215
-0.071536
-0.0967824
-0.0952554
-0.0867274
-0.00281905
-0.00115277
-8.58935e-05
-0.0129734
-0.0120248
-0.00849762
-0.0289174
-0.0285713
-0.0243015
-0.0442825
-0.0440378
-0.0405474
-0.0554936
-0.0550495
-0.0526843
-0.064594
-0.0638775
-0.0615793
-0.0765608
-0.0756617
-0.0722505
-0.0925724
-0.0917439
-0.0874939
-0.00682719
-0.00545449
-0.00299415
-0.0045858
-0.00429888
-0.00174455
-0.000281941
-6.4195e-05
0.000352568
-0.0206325
-0.0200462
-0.0159149
-0.0195563
-0.0192785
-0.0150996
-0.0113756
-0.0111244
-0.0074793
-0.0370109
-0.0367711
-0.0327563
-0.0363624
-0.0358482
-0.0319116
-0.0281601
-0.0277845
-0.0235425
-0.0504156
-0.0500914
-0.0472185
-0.0495795
-0.0488736
-0.0460527
-0.0435842
-0.0429436
-0.0395375
-0.0599856
-0.0594049
-0.0572603
-0.058801
-0.0581768
-0.0560142
-0.0544867
-0.0537945
-0.0514371
-0.0699926
-0.069161
-0.0663831
-0.0684702
-0.0679326
-0.0651775
-0.0632328
-0.0626768
-0.060369
-0.0842392
-0.0833423
-0.0793748
-0.0825783
-0.0819132
-0.0779982
-0.0749256
-0.0743418
-0.0709825
-0.100912
-0.100181
-0.0960011
-0.0994587
-0.0987328
-0.0945217
-0.0909836
-0.0902573
-0.0860255
