FiniteElementSpace
FiniteElementCollection: L2_2D_P3
VDim: 1
Ordering: 0

0.00245886
0.00119876
0.00154432
0.00211083
0.000756926
0.000558724
0.000955711
0.00142012
0.000137507
0.000204187
0.000453321
0.000719047
9.16298e-05
0.00014195
0.000258686
0.00034948
0.000232092
0.000185839
0.000133418
9.93335e-05
0.000160689
0.000128334
9.2845e-05
7.07787e-05
0.000115481
9.63144e-05
7.70441e-05
6.65898e-05
0.000116585
0.000103671
9.22425e-05
8.75017e-05
4.2779e-05
5.87538e-05
8.38483e-05
0.000106305
5.18785e-05
6.49399e-05
8.57138e-05
0.000104448
7.49056e-05
8.39321e-05
9.89737e-05
0.000112936
0.000100121
0.000105835
0.000116367
0.000126711
0.000492061
0.000527991
0.000577579
0.000617688
0.000407097
0.000434539
0.000472779
0.000503963
0.000317064
0.000334639
0.000359751
0.000380651
0.00026302
0.000273951
0.000290285
0.000304351
0.00102965
0.00105013
0.00107965
0.00110445
0.000816151
0.00083099
0.000852847
0.000871534
0.00057938
0.000587861
0.00060109
0.000612884
0.000428953
0.000433306
0.000440945
0.000448279
0.00113517
0.00111308
0.0010874
0.00107008
0.000885723
0.000867764
0.000847096
0.000833338
0.000609901
0.000596779
0.00058199
0.000572421
0.000435343
0.000425497
0.000414705
0.000407998
0.000638085
0.00059357
0.000538856
0.00049944
0.000496885
0.000462321
0.000420161
0.00039006
0.000344584
0.000321184
0.000293116
0.00027348
0.000251363
0.000235172
0.000216217
0.000203362
0.000106894
8.80224e-05
6.62104e-05
5.16341e-05
8.85304e-05
7.35355e-05
5.63464e-05
4.49624e-05
7.10689e-05
6.01337e-05
4.78178e-05
3.98258e-05
6.2576e-05
5.39888e-05
4.45152e-05
3.85229e-05
0.000848887
0.00074693
0.000622542
0.000534069
0.000588057
0.000515111
0.000427025
0.000365221
0.00035999
0.000315681
0.000263814
0.000228817
0.000267704
0.000238687
0.000206275
0.000185762
0.00037808
0.000356753
0.000336926
0.000327487
0.000495134
0.000463571
0.000431009
0.000412257
0.000717103
0.000664457
0.000605565
0.000567546
0.000936012
0.000861585
0.000775534
0.000717698
2.79584e-05
5.00735e-05
0.000146118
0.000249057
6.73364e-05
0.000103349
0.00024848
0.000402058
0.000193375
0.000237497
0.000467957
0.000712115
0.000390209
0.000413018
0.000711931
0.00103899
1.3762e-05
5.88253e-06
1.39355e-06
2.35636e-06
1.66595e-05
1.21352e-05
1.12492e-05
1.4362e-05
4.03492e-05
3.83649e-05
4.01052e-05
4.46755e-05
7.29054e-05
7.13832e-05
7.34565e-05
7.80495e-05
0.000207125
0.000198403
0.000190556
0.000187114
0.000224992
0.000212706
0.000200229
0.00019327
0.000254418
0.00023584
0.000215462
0.000202697
0.000281774
0.000257171
0.00022937
0.000211264
0.000271017
0.000258057
0.000246099
0.000240532
0.000325831
0.000307357
0.00028824
0.000277235
0.000424449
0.00039526
0.000362564
0.000341481
0.000519636
0.000479822
0.000433807
0.000402943
0.000224648
0.000254807
0.000297375
0.00033246
0.000198709
0.000222159
0.000255621
0.000283442
0.000177815
0.000193222
0.000215872
0.00023514
0.000170697
0.000180466
0.000195635
0.000209057
0.000129418
0.000123972
0.000118974
0.000116671
0.000109095
0.000102454
9.59131e-05
9.24426e-05
8.39765e-05
7.67103e-05
6.95427e-05
6.57431e-05
6.62112e-05
5.91985e-05
5.26439e-05
4.9536e-05
0.000163419
0.000156838
0.000150922
0.000148336
0.000157459
0.000148663
0.000139881
0.000135124
0.000148298
0.000136481
0.000124006
0.000116621
0.000140545
0.000126321
0.000111066
0.000101837
0.000782882
0.000815743
0.000861246
0.000898182
0.000629997
0.000654674
0.000689235
0.000717562
0.000462003
0.000477311
0.000499376
0.000517889
0.000356412
0.000365528
0.000379372
0.000391449
7.1856e-05
6.75109e-05
6.31378e-05
6.06863e-05
4.25916e-05
3.85068e-05
3.43496e-05
3.19644e-05
2.89729e-05
2.69746e-05
2.54327e-05
2.49604e-05
3.85294e-05
3.95374e-05
4.18943e-05
4.43835e-05
9.9789e-05
9.49425e-05
9.02999e-05
8.79396e-05
7.22685e-05
6.70422e-05
6.18712e-05
5.90792e-05
4.75243e-05
4.33791e-05
3.96945e-05
3.80972e-05
3.77787e-05
3.57165e-05
3.49102e-05
3.564e-05
0.00116363
0.00116407
0.00116766
0.00117271
0.000913632
0.000912914
0.000914638
0.000917994
0.000636123
0.000634219
0.000633999
0.000635552
0.000459644
0.000457061
0.000455697
0.000456173
2.64575e-05
2.43532e-05
2.23123e-05
2.12501e-05
3.83897e-06
2.66724e-06
1.52691e-06
9.11019e-07
2.06713e-05
2.12054e-05
2.18095e-05
2.21575e-05
7.14406e-05
7.36657e-05
7.60828e-05
7.75144e-05
4.61312e-05
4.26253e-05
3.89984e-05
3.68656e-05
1.90161e-05
1.62185e-05
1.32833e-05
1.14979e-05
2.13352e-05
2.08326e-05
2.05711e-05
2.05786e-05
5.3829e-05
5.61953e-05
5.94408e-05
6.1945e-05
0.000940906
0.000901542
0.00085341
0.000818921
0.000731683
0.000700741
0.000663206
0.000636563
0.000502365
0.00048104
0.00045561
0.000437932
0.000358874
0.000343889
0.00032645
0.000314705
2.26822e-05
2.34881e-05
2.53527e-05
2.7472e-05
1.01013e-05
1.1601e-05
1.40891e-05
1.64747e-05
3.34089e-05
3.425e-05
3.55044e-05
3.66688e-05
8.36896e-05
8.27151e-05
8.13341e-05
8.02852e-05
1.79607e-05
1.75565e-05
1.76845e-05
1.83063e-05
6.59171e-07
1.16839e-06
2.15262e-06
3.17535e-06
2.53137e-05
2.63764e-05
2.75782e-05
2.83863e-05
8.28396e-05
8.37749e-05
8.44017e-05
8.44618e-05
0.000327832
0.000292018
0.000248677
0.000218028
0.000258592
0.000230814
0.000197482
0.000174143
0.000186212
0.000167242
0.0001449
0.000129606
0.000143985
0.000130531
0.000115085
0.000104852
4.46436e-05
4.36284e-05
4.34932e-05
4.43052e-05
3.73397e-05
3.66513e-05
3.68478e-05
3.78445e-05
4.11103e-05
3.93689e-05
3.81771e-05
3.81033e-05
5.46649e-05
5.09124e-05
4.71794e-05
4.52253e-05
3.5518e-05
3.61778e-05
3.80967e-05
4.04422e-05
2.61726e-05
2.72625e-05
2.95586e-05
3.20567e-05
4.06607e-05
4.04379e-05
4.08521e-05
4.17875e-05
7.34055e-05
7.06294e-05
6.76541e-05
6.59554e-05
1.24275e-05
8.3934e-06
4.35861e-06
2.18227e-06
1.26602e-05
8.76483e-06
4.81243e-06
2.61062e-06
1.40096e-05
1.01545e-05
6.20593e-06
3.94854e-06
1.58913e-05
1.19047e-05
7.82679e-06
5.48191e-06
1.76463e-05
1.42622e-05
1.0782e-05
8.71783e-06
1.53683e-05
1.23608e-05
9.29146e-06
7.48553e-06
1.29033e-05
1.02134e-05
7.50108e-06
5.93155e-06
1.14183e-05
8.84287e-06
6.27503e-06
4.81743e-06
3.85507e-05
3.54196e-05
3.24327e-05
3.09092e-05
3.34346e-05
3.07135e-05
2.82001e-05
2.69948e-05
3.09503e-05
2.80351e-05
2.52753e-05
2.38904e-05
3.23235e-05
2.86795e-05
2.50481e-05
2.306e-05
0.0014418
0.00126221
0.00104479
0.000888633
0.00099583
0.000871823
0.000721823
0.000616264
0.000572654
0.000507033
0.000431636
0.000382012
0.000367727
0.000333859
0.000301753
0.000286316
0.000313327
0.000291414
0.000271729
0.000259951
0.000207848
0.000206106
0.000205232
0.000205518
0.000202722
0.000212267
0.000224601
0.000233596
0.000275668
0.000292999
0.000313326
0.000326294
6.08416e-05
6.78996e-05
0.000154832
0.000245386
1.14332e-05
2.19492e-05
8.4102e-05
0.000148984
3.18127e-06
1.15425e-05
6.89399e-05
0.000131736
1.53464e-05
2.98764e-05
0.000110039
0.000194405
8.38255e-05
5.91996e-05
3.38169e-05
1.95177e-05
6.06609e-05
4.38664e-05
2.77544e-05
1.98094e-05
6.09732e-05
5.13251e-05
4.37201e-05
4.16279e-05
8.3798e-05
7.71796e-05
7.32301e-05
7.36746e-05
9.75025e-05
9.19442e-05
8.91783e-05
9.03636e-05
0.000119875
0.000115628
0.000114166
0.000116029
0.000165616
0.000160244
0.00015715
0.000157629
0.000212746
0.000204413
0.000197598
0.000195325
0.000122223
0.000111703
0.000103189
0.000100501
0.000133947
0.00012673
0.000122076
0.000121989
0.000180675
0.000173389
0.000168519
0.000168156
0.000239327
0.000228822
0.000219982
0.000216742
0.000119125
0.000143271
0.000178443
0.000208187
0.000114675
0.000133745
0.000161869
0.000185873
0.000119927
0.000132676
0.00015217
0.000169247
0.00013141
0.000139518
0.000152806
0.000164994
0.000136229
0.000142149
0.000152452
0.000162249
0.000139795
0.000142147
0.000147585
0.000153486
0.000144713
0.000142876
0.000142751
0.000144308
0.000148328
0.000143632
0.000139843
0.000138638
0.00011179
0.000115884
0.000124153
0.000132645
0.000126935
0.000128296
0.000132748
0.000138118
0.000146488
0.000144186
0.000143744
0.000145272
0.000160975
0.000155785
0.000151649
0.0001504
0.000638599
0.000674153
0.000723167
0.000762783
0.000519816
0.000546759
0.000584277
0.000614863
0.000390832
0.000407849
0.000432162
0.000452404
0.000310923
0.000321327
0.000336889
0.000350307
0.000272919
0.000280334
0.000291894
0.000302156
0.000207987
0.000210769
0.000216118
0.00022148
0.000141142
0.000139405
0.000138713
0.000139317
0.000103452
9.94482e-05
9.57497e-05
9.39969e-05
0.000236951
0.000244859
0.000257148
0.000268029
0.000190812
0.000193993
0.000199954
0.000205851
0.00014261
0.000141051
0.000140716
0.000141689
0.000114604
0.000110528
0.000106906
0.000105343
0.00111462
0.0011258
0.00114329
0.00115896
0.000878879
0.000886466
0.00089895
0.000910508
0.000617143
0.000620747
0.000627664
0.000634657
0.00045064
0.000451706
0.000455078
0.000459162
0.000373319
0.000373312
0.000375137
0.000377914
0.000247715
0.000246174
0.000245751
0.000246608
0.00012351
0.000120766
0.000118432
0.000117552
5.90365e-05
5.59956e-05
5.30031e-05
5.14001e-05
0.000358825
0.000361371
0.000366515
0.000371825
0.000244096
0.000243943
0.000245344
0.000247602
0.000129753
0.000127218
0.000125218
0.000124628
6.9424e-05
6.59589e-05
6.25235e-05
6.06501e-05
0.00105659
0.0010247
0.000986281
0.000959207
0.000822685
0.000797323
0.00076703
0.000745911
0.000565006
0.000547167
0.000526253
0.000512009
0.000402695
0.00038987
0.000375216
0.000365576
0.000328153
0.000317696
0.000305956
0.000298421
0.000208822
0.000202152
0.000195061
0.000190873
9.40421e-05
9.13156e-05
8.89709e-05
8.81318e-05
3.77208e-05
3.72212e-05
3.74723e-05
3.8399e-05
0.000354988
0.000346726
0.000337828
0.000332445
0.000226103
0.000220438
0.000214638
0.000211413
0.000101243
9.84056e-05
9.58899e-05
9.48803e-05
3.90912e-05
3.79708e-05
3.73674e-05
3.75805e-05
0.000477032
0.000435317
0.000384305
0.000347784
0.000373033
0.000340715
0.000301508
0.000273699
0.000262272
0.000240387
0.000214301
0.000196189
0.000195733
0.000180497
0.000162787
0.000150876
0.000165323
0.00015314
0.000139231
0.000130101
0.000115613
0.000108155
0.000100116
9.52674e-05
6.97607e-05
6.68358e-05
6.44138e-05
6.3653e-05
4.91737e-05
4.84672e-05
4.87778e-05
4.99959e-05
0.000208762
0.000195892
0.00018109
0.000171288
0.000140041
0.00013233
0.000123963
0.000118875
7.57725e-05
7.30979e-05
7.09744e-05
7.04384e-05
4.60107e-05
4.5879e-05
4.68745e-05
4.85898e-05
4.48346e-05
3.42903e-05
2.26928e-05
1.54392e-05
3.96494e-05
3.08684e-05
2.12451e-05
1.52324e-05
3.57975e-05
2.87653e-05
2.1132e-05
1.63973e-05
3.50969e-05
2.89444e-05
2.23402e-05
1.82916e-05
3.45213e-05
2.87966e-05
2.26449e-05
1.88562e-05
3.19667e-05
2.71045e-05
2.19444e-05
1.88071e-05
3.02415e-05
2.61247e-05
2.18332e-05
1.92741e-05
3.01836e-05
2.63372e-05
2.23703e-05
2.00326e-05
5.85082e-05
5.10074e-05
4.28023e-05
3.7664e-05
4.99945e-05
4.42839e-05
3.82097e-05
3.45422e-05
4.29219e-05
3.88185e-05
3.46666e-05
3.23335e-05
4.062e-05
3.71914e-05
3.38534e-05
3.20899e-05
0.000486396
0.000410651
0.000321317
0.000260225
0.000334369
0.00028146
0.000220315
0.000179527
0.000212684
0.000181492
0.000147426
0.000126335
0.000176077
0.000155493
0.000134902
0.00012379
0.000167258
0.000150837
0.000135407
0.000128014
0.000159406
0.000148626
0.000140187
0.000137831
0.000203105
0.000193174
0.000185915
0.000184483
0.000275695
0.000261675
0.000249541
0.000244704
0.000242572
0.000216339
0.000189617
0.000174789
0.000200939
0.0001845
0.000170317
0.000164781
0.000235222
0.000221618
0.000211443
0.000209069
0.000326248
0.000307369
0.000290998
0.000284309
0.000317345
0.000300754
0.000285155
0.000277589
0.000397791
0.000374276
0.000349693
0.000335306
0.000546037
0.000508944
0.000467097
0.000439859
0.000689789
0.000639395
0.000580771
0.000541138
0.000772746
0.000714013
0.000645021
0.000597833
0.000940574
0.000864963
0.000774441
0.000711139
0.00120612
0.00110574
0.00098375
0.000897002
0.0014438
0.00132272
0.00117453
0.00106832
0.00104778
0.000967588
0.000871743
0.000804779
0.00126628
0.00117394
0.00106183
0.000982103
0.00159257
0.00148701
0.00135734
0.00126387
0.00186595
0.00175447
0.00161633
0.00151593
0.000323055
0.000340049
0.000364089
0.000382236
0.000459949
0.000473361
0.000496491
0.00051741
0.000763637
0.000754686
0.000757949
0.000766749
0.00111514
0.00106354
0.00102814
0.00100915
0.0012843
0.00121906
0.00115438
0.00111775
0.00169267
0.00156495
0.00141837
0.00131899
0.00224599
0.00204056
0.00179423
0.00162061
0.00268573
0.00241071
0.00209729
0.00187957
0.000507319
0.000603768
0.000940964
0.00129674
0.000732453
0.00081015
0.00138848
0.00208002
0.00213773
0.00157768
0.00223145
0.00311138
0.00504946
0.00272389
0.00308001
0.00382771
4.28304e-06
9.70999e-06
2.17544e-05
3.47492e-05
1.67407e-05
2.20223e-05
3.32411e-05
4.5102e-05
4.68348e-05
5.09977e-05
6.01857e-05
7.00301e-05
7.95814e-05
8.21176e-05
8.89531e-05
9.67981e-05
9.54506e-05
9.70878e-05
0.000102579
0.000109257
0.000118275
0.000118247
0.000121268
0.000125821
0.000149925
0.000146923
0.000145926
0.00014729
0.000175295
0.000169394
0.0001647
0.000163292
8.96972e-05
8.81611e-05
9.0027e-05
9.43073e-05
0.000115319
0.00011345
0.000114532
0.000117937
0.000155904
0.000151912
0.000150067
0.000151102
0.000192126
0.000185227
0.000179692
0.000177974
0.000183597
0.000176113
0.000169399
0.000166478
0.000188185
0.000177864
0.000167471
0.000161756
0.000195032
0.000180182
0.000164154
0.000154345
0.000201208
0.000182275
0.000161315
0.000148042
0.000201035
0.000179802
0.000156083
0.000140888
0.000196639
0.000171053
0.00014198
0.000122954
0.000201063
0.000168956
0.00013205
0.000107569
0.000213009
0.000175355
0.000131903
0.000102961
0.00029395
0.000265799
0.000233641
0.000212413
0.000314534
0.000279334
0.000238331
0.000210619
0.000356945
0.000310981
0.000256656
0.000219319
0.000401882
0.000346592
0.000280834
0.00023532
0.000235473
0.000225022
0.000215529
0.00021127
0.000269835
0.000254951
0.000239705
0.000231072
0.000329456
0.000306233
0.000280457
0.000264041
0.000386218
0.000354773
0.000318758
0.000294881
0.000416037
0.000379612
0.000337418
0.000309058
0.000473178
0.000426608
0.000371581
0.000333717
0.000571791
0.000509635
0.000435066
0.000382861
0.000665985
0.000590241
0.000498729
0.000434164
0.000572869
0.000526527
0.000472356
0.000435528
0.000679066
0.000619252
0.000547976
0.000498417
0.000853013
0.000772618
0.000675351
0.000606556
0.00101314
0.000914872
0.000795105
0.00070971
0.000351489
0.000385586
0.000432976
0.000471532
0.000298095
0.000324346
0.000361196
0.000391425
0.000244774
0.000261797
0.00028633
0.000306884
0.000215412
0.000226125
0.000242315
0.00025637
0.000200829
0.000208648
0.000220959
0.000231954
0.000172939
0.000176188
0.000182372
0.000188535
0.000143369
0.000141875
0.000141777
0.000143045
0.000125605
0.000121424
0.000117849
0.000116465
0.000166588
0.000173744
0.000185389
0.000196019
0.000155538
0.000158515
0.000164525
0.000170689
0.000143884
0.000142307
0.000142289
0.000143756
0.000136712
0.000132339
0.000128723
0.000127468
0.000114289
0.000109183
0.000104407
0.000102103
8.95856e-05
8.37149e-05
7.79374e-05
7.48648e-05
6.29618e-05
5.74019e-05
5.21715e-05
4.96282e-05
4.73634e-05
4.30757e-05
3.97345e-05
3.88166e-05
3.81431e-05
3.5011e-05
3.33199e-05
3.37777e-05
2.19658e-05
2.19712e-05
2.45922e-05
2.85332e-05
1.49102e-05
2.03776e-05
3.06052e-05
4.07582e-05
2.18125e-05
3.25907e-05
5.02678e-05
6.65395e-05
5.43449e-05
4.78267e-05
4.20903e-05
3.97456e-05
3.03533e-05
2.5534e-05
2.22761e-05
2.20458e-05
8.86218e-06
7.17527e-06
8.55722e-06
1.23256e-05
1.21734e-06
2.6956e-06
8.79077e-06
1.6633e-05
0.000145604
0.000139682
0.00013432
0.000131931
0.000131443
0.000123848
0.000116326
0.000112304
0.000111902
0.000102577
9.30196e-05
8.76192e-05
9.64719e-05
8.61777e-05
7.56802e-05
6.98157e-05
8.4876e-05
7.42853e-05
6.35982e-05
5.77444e-05
5.94844e-05
4.88724e-05
3.84472e-05
3.30342e-05
3.39316e-05
2.36859e-05
1.43422e-05
1.02438e-05
2.12833e-05
1.16813e-05
3.80536e-06
1.33083e-06
0.000132657
0.000117212
0.00010058
9.04692e-05
0.000113394
9.59207e-05
7.69515e-05
6.5307e-05
9.58629e-05
7.55542e-05
5.35259e-05
4.00549e-05
8.92184e-05
6.66623e-05
4.23634e-05
2.76798e-05
0.000916208
0.000944013
0.000982985
0.00101497
0.00073103
0.000751644
0.000780957
0.000805302
0.000526299
0.000538738
0.000557085
0.000572768
0.000396685
0.000403764
0.000414945
0.00042498
0.000335967
0.000340664
0.000348613
0.000356068
0.000235685
0.000236761
0.000239786
0.0002433
0.000134834
0.000132565
0.000130985
0.000130767
8.0617e-05
7.687e-05
7.31995e-05
7.1238e-05
0.000306636
0.000312975
0.000323083
0.000332202
0.000223313
0.000225384
0.000229744
0.000234306
0.000138618
0.000136629
0.000135505
0.000135699
9.20771e-05
8.81652e-05
8.44274e-05
8.25235e-05
5.85451e-05
5.45548e-05
5.04628e-05
4.80913e-05
2.99656e-05
2.64855e-05
2.28808e-05
2.07414e-05
2.41071e-05
2.29217e-05
2.20964e-05
2.19119e-05
4.51977e-05
4.70884e-05
5.0146e-05
5.28268e-05
6.47043e-05
6.88484e-05
7.47843e-05
7.9619e-05
0.000119492
0.000128996
0.000141798
0.000151798
0.000235026
0.000253561
0.00027806
0.000296961
0.000360865
0.00038803
0.000423813
0.000451377
4.93747e-05
5.2631e-05
5.79207e-05
6.26536e-05
8.32952e-05
9.19855e-05
0.000104344
0.000114481
0.000163091
0.000180973
0.000205413
0.000224882
0.00025436
0.000281036
0.000317131
0.000345668
8.56622e-05
8.10499e-05
7.65176e-05
7.40897e-05
5.66863e-05
5.20364e-05
4.73813e-05
4.47996e-05
3.65176e-05
3.35453e-05
3.1071e-05
3.01479e-05
3.5463e-05
3.51592e-05
3.62421e-05
3.80976e-05
3.81834e-05
3.99302e-05
4.37443e-05
4.77336e-05
5.2281e-05
5.90825e-05
6.9567e-05
7.87319e-05
9.80021e-05
0.000113389
0.000135323
0.000153458
0.0001563
0.000179912
0.000212897
0.000239749
3.36047e-05
3.3222e-05
3.47107e-05
3.72787e-05
3.05338e-05
3.44221e-05
4.16397e-05
4.87263e-05
4.65367e-05
5.77326e-05
7.48642e-05
8.98493e-05
7.60055e-05
9.42292e-05
0.000120963
0.000143645
0.00117129
0.00116032
0.0011491
0.00114284
0.000916454
0.000906975
0.000897328
0.000891999
0.000633972
0.000626332
0.000618665
0.000614535
0.000454639
0.000448314
0.000442092
0.000438866
0.000371872
0.00036624
0.000360755
0.000357964
0.000238707
0.000234299
0.00023013
0.000228135
0.000108827
0.00010593
0.000103335
0.000102241
4.32899e-05
4.14765e-05
3.99659e-05
3.94544e-05
0.000377959
0.000375157
0.000373349
0.000373358
0.000245985
0.000242989
0.000240661
0.000240065
0.000116399
0.00011353
0.000110991
0.000109938
5.01076e-05
4.76297e-05
4.52925e-05
4.41526e-05
2.05529e-05
1.9301e-05
1.83198e-05
1.80586e-05
5.84001e-07
2.85157e-07
2.1204e-07
3.89945e-07
2.24051e-05
2.32805e-05
2.4226e-05
2.47918e-05
7.82825e-05
7.99781e-05
8.15716e-05
8.23111e-05
0.000122776
0.00012488
0.000126771
0.00012756
0.000236051
0.000238851
0.000241226
0.000242059
0.000450262
0.000453887
0.000456768
0.000457549
0.000671025
0.000675193
0.000678372
0.000679067
0.000112547
0.000115867
0.000119496
0.000121688
0.000218288
0.000223985
0.000230322
0.000234286
0.000420294
0.000429768
0.000440506
0.000447439
0.000629597
0.000642528
0.000657407
0.000667226
3.52046e-05
3.23317e-05
2.93901e-05
2.76918e-05
1.01404e-05
8.11792e-06
6.00541e-06
4.72442e-06
2.02669e-05
2.03365e-05
2.05399e-05
2.07087e-05
6.29779e-05
6.54427e-05
6.84434e-05
7.04966e-05
9.83694e-05
0.000102495
0.000107485
0.000110923
0.000190853
0.000198769
0.000208378
0.000215105
0.000370596
0.00038477
0.000402128
0.000414474
0.000558512
0.00057859
0.000603381
0.000621209
8.17767e-05
8.61989e-05
9.20036e-05
9.637e-05
0.000156698
0.000165928
0.000177771
0.000186587
0.000306607
0.000323884
0.000345967
0.000362429
0.0004657
0.000490642
0.000522592
0.000546509
0.000797328
0.000753601
0.000699841
0.000661089
0.000619941
0.000585826
0.000544202
0.000514464
0.000426841
0.000403608
0.000375726
0.000356202
0.000307118
0.000290988
0.000272089
0.000259255
0.000252345
0.000239505
0.00022472
0.000214912
0.000164517
0.000156824
0.000148453
0.000143347
8.14742e-05
7.88913e-05
7.68361e-05
7.6318e-05
4.21143e-05
4.21945e-05
4.33751e-05
4.51699e-05
0.000293113
0.000281088
0.000267332
0.000258284
0.000187877
0.000180524
0.000172567
0.000167747
8.74583e-05
8.48386e-05
8.26792e-05
8.2032e-05
3.89633e-05
3.88985e-05
3.97947e-05
4.12925e-05
2.87183e-05
2.96569e-05
3.18182e-05
3.42658e-05
1.7956e-05
1.94483e-05
2.20969e-05
2.47422e-05
3.75092e-05
3.79122e-05
3.88661e-05
4.00143e-05
7.98423e-05
7.79033e-05
7.56398e-05
7.42083e-05
0.000111617
0.000107734
0.000102858
9.93705e-05
0.000191449
0.000182701
0.000171335
0.00016276
0.00034305
0.000325461
0.000302481
0.000284946
0.000499463
0.00047294
0.000438354
0.000411964
0.000122086
0.000119527
0.000115938
0.000113094
0.000218526
0.000211916
0.000202785
0.000195493
0.000400162
0.000386104
0.000366985
0.00035183
0.000586846
0.000565198
0.000536048
0.000513112
1.87943e-05
1.91171e-05
2.02512e-05
2.1715e-05
4.00353e-06
5.14818e-06
7.03753e-06
8.84073e-06
2.91307e-05
3.01909e-05
3.15143e-05
3.25435e-05
8.47015e-05
8.47178e-05
8.43255e-05
8.3778e-05
0.000127756
0.000126753
0.000124836
0.000122976
0.000236135
0.000232402
0.000226573
0.000221441
0.000439696
0.000430804
0.000417807
0.00040685
0.000648682
0.000634434
0.000614171
0.000597434
0.000128011
0.00012862
0.000128595
0.000127985
0.000242218
0.000241752
0.000239912
0.000237594
0.000457035
0.00045429
0.000448937
0.000443512
0.000677779
0.000672513
0.000663493
0.000654969
0.000201962
0.000174197
0.000141177
0.000118311
0.000161979
0.000140302
0.000114748
9.72331e-05
0.000121449
0.000106326
8.88398e-05
7.71282e-05
9.90239e-05
8.7894e-05
7.53393e-05
6.71914e-05
8.86588e-05
7.93632e-05
6.90323e-05
6.24577e-05
7.01434e-05
6.37269e-05
5.68986e-05
5.28121e-05
5.38579e-05
5.0099e-05
4.65092e-05
4.47279e-05
4.74097e-05
4.48503e-05
4.27261e-05
4.19916e-05
0.00012464
0.000113714
0.000101388
9.34106e-05
9.21248e-05
8.5117e-05
7.7622e-05
7.31348e-05
6.2688e-05
5.93737e-05
5.643e-05
5.52304e-05
5.00616e-05
4.8492e-05
4.76953e-05
4.80457e-05
4.39036e-05
4.17646e-05
4.01417e-05
3.97557e-05
3.75903e-05
3.58085e-05
3.45831e-05
3.44515e-05
3.73884e-05
3.49593e-05
3.29041e-05
3.21516e-05
4.36148e-05
3.97906e-05
3.60154e-05
3.40245e-05
4.71749e-05
4.23328e-05
3.73135e-05
3.44364e-05
5.7265e-05
4.99155e-05
4.17577e-05
3.65835e-05
8.29139e-05
7.07495e-05
5.66429e-05
4.71747e-05
0.000112736
9.56088e-05
7.54271e-05
6.16173e-05
6.37227e-05
5.8443e-05
5.27914e-05
4.94256e-05
8.74101e-05
7.83903e-05
6.7984e-05
6.10727e-05
0.000138041
0.000122129
0.00010306
8.97681e-05
0.000193169
0.000170279
0.000142515
0.000122872
4.13946e-05
4.13723e-05
4.24928e-05
4.42726e-05
3.3147e-05
3.34742e-05
3.49158e-05
3.6842e-05
4.20779e-05
4.11088e-05
4.07806e-05
4.12969e-05
6.4817e-05
6.14179e-05
5.7947e-05
5.60819e-05
8.09544e-05
7.56565e-05
6.97495e-05
6.60513e-05
0.000122083
0.000112125
0.000100205
9.19506e-05
0.000204192
0.000185773
0.000163066
0.000146737
0.000290928
0.000263994
0.000230522
0.000206207
9.74347e-05
9.26074e-05
8.69446e-05
8.31809e-05
0.000158041
0.000148144
0.00013584
0.000126962
0.000275104
0.000256032
0.000231864
0.000213975
0.00039686
0.000368554
0.000332557
0.000305769
1.43546e-06
8.24719e-07
3.63552e-07
2.58643e-07
1.80134e-06
1.07425e-06
4.34676e-07
2.30498e-07
2.85773e-06
1.80892e-06
8.8363e-07
5.95762e-07
4.1629e-06
2.6185e-06
1.40466e-06
1.10498e-06
4.69328e-06
2.97506e-06
1.41606e-06
8.62094e-07
5.28931e-06
3.26664e-06
1.39561e-06
6.25572e-07
6.18788e-06
3.78256e-06
1.53835e-06
5.25251e-07
6.94752e-06
4.29245e-06
1.79768e-06
6.21655e-07
1.64854e-05
1.25324e-05
8.48512e-06
6.14088e-06
1.66322e-05
1.29344e-05
9.13777e-06
6.917e-06
1.72632e-05
1.37474e-05
1.013e-05
7.9936e-06
1.8074e-05
1.45753e-05
1.09713e-05
8.83214e-06
6.8684e-06
4.24121e-06
1.78176e-06
6.30798e-07
5.83573e-06
3.54269e-06
1.44304e-06
5.37889e-07
4.6184e-06
2.80229e-06
1.20255e-06
6.40297e-07
3.80613e-06
2.35405e-06
1.15174e-06
8.76364e-07
3.15335e-06
1.93227e-06
1.12526e-06
1.12609e-06
1.65328e-06
1.04711e-06
5.95338e-07
5.89368e-07
5.36983e-07
3.3048e-07
1.81069e-07
2.07378e-07
2.72476e-07
1.82495e-07
1.72139e-07
2.38058e-07
1.01169e-05
7.70644e-06
5.31751e-06
3.98227e-06
7.13625e-06
5.1757e-06
3.25087e-06
2.1979e-06
4.82903e-06
3.17087e-06
1.58756e-06
7.77137e-07
4.22756e-06
2.63519e-06
1.16305e-06
4.70206e-07
2.91128e-05
2.54635e-05
2.17232e-05
1.95356e-05
2.54147e-05
2.21941e-05
1.89382e-05
1.7068e-05
2.23638e-05
1.92985e-05
1.62137e-05
1.4456e-05
2.13825e-05
1.81285e-05
1.48279e-05
1.29334e-05
2.00127e-05
1.67192e-05
1.34076e-05
1.15407e-05
1.73414e-05
1.38822e-05
1.03557e-05
8.33681e-06
1.73372e-05
1.30388e-05
8.54983e-06
5.91649e-06
2.00109e-05
1.4621e-05
8.91217e-06
5.52025e-06
3.2405e-05
2.82812e-05
2.40978e-05
2.17473e-05
3.37258e-05
2.83773e-05
2.26857e-05
1.92576e-05
4.25083e-05
3.45015e-05
2.56051e-05
1.99396e-05
5.48518e-05
4.39681e-05
3.1648e-05
2.36264e-05
