FiniteElementSpace
FiniteElementCollection: H1_2D_P2
VDim: 2
Ordering: 0

0
0.953927
1.93594
2.94544
3.98139
5.03237
6.07563
7.09223
8.08374
0
1.06172
2.08117
3.06952
4.04073
5.00357
5.9648
6.93288
7.91369
0.47368
1.00893
0.535561
0
1.44155
2.00881
1.57641
2.43719
3.00696
2.57823
3.46049
4.01066
3.55662
4.50626
5.01849
4.52278
5.55649
6.02136
5.48392
6.58775
7.01333
6.4474
7.59005
7.99903
7.42187
0.504884
1.50976
2.50749
3.50797
4.51454
5.52115
6.51864
7.50642
0.236732
0.491676
0.251924
0
1.19687
1.47732
1.25967
0.983449
2.18569
2.47339
2.25812
1.97371
3.20215
3.48484
3.25725
2.97702
4.24348
4.51063
4.26251
3.99645
5.29488
5.53863
5.27006
5.02546
6.33264
6.55263
6.27037
6.04809
7.34185
7.54779
7.26
7.05217
0.712824
0.757368
1.03397
0.800048
0.518213
0.268049
0
1.6879
1.75942
2.04378
1.82989
1.54184
1.32044
2.69044
2.75707
3.03713
2.82449
2.54168
2.33053
3.7203
3.75912
4.02505
3.79898
3.53135
3.31351
4.76936
4.76659
5.01127
4.76329
4.51842
4.28196
5.81684
5.77161
5.99409
5.72422
5.50322
5.24375
6.84092
6.76626
6.97411
6.68972
6.48415
6.20581
7.8372
8.04121
7.75272
7.95667
7.66757
7.46481
7.17693
0.246711
1.23011
2.22309
3.23041
4.25333
5.28239
6.30101
7.30037
0.73727
0.77721
0.257325
1.72515
1.79343
1.28876
2.72468
2.78963
2.29313
3.74023
3.77824
3.28434
4.76811
4.76494
4.27178
5.79393
5.74879
5.25738
6.80298
6.72908
6.23918
7.79463
7.71063
7.21932
0.119391
0.242661
0.123785
0
1.07518
1.21416
1.10672
0.969426
2.0606
2.20483
2.09829
1.95531
3.07359
3.21656
3.10358
2.96155
4.11233
4.24853
4.12482
3.98908
5.16371
5.28858
5.15399
5.02891
6.20437
6.31661
6.17471
6.06168
7.21724
7.32089
7.17639
7.07195
0.593011
0.725855
0.614379
0.483528
0.631236
0.767083
0.648014
0.511277
0.125677
0.254487
0.127595
0
1.56451
1.70707
1.60115
1.46003
1.63464
1.77628
1.6678
1.52566
1.13439
1.27407
1.1616
1.02129
2.56359
2.70792
2.59891
2.45569
2.63225
2.7732
2.66572
2.52444
2.13347
2.27548
2.16857
2.02616
3.59022
3.73047
3.61242
3.47291
3.63349
3.76857
3.65481
3.51953
3.13205
3.27065
3.16077
3.0219
4.6378
4.76877
4.63937
4.50853
4.64057
4.76577
4.6417
4.51645
4.13656
4.26709
4.14842
4.01777
5.68685
5.80524
5.66641
5.54746
5.64646
5.76033
5.62604
5.51229
5.14433
5.2638
5.13436
5.01492
6.71457
6.8217
6.67796
6.56995
6.64253
6.74783
6.60661
6.50156
6.14596
6.25494
6.11666
6.00788
7.71373
7.81579
7.67127
7.56874
7.62958
7.73175
7.58768
7.48572
7.13671
7.23979
7.09669
6.99386
0.354857
0.36917
0.498553
0.378388
0.24946
0
1.319
1.35364
1.49377
1.38478
1.24514
0.996456
2.31122
2.34812
2.49057
2.38279
2.24076
1.99144
3.33112
3.3575
3.49647
3.38255
3.24391
2.99208
4.37481
4.38194
4.51262
4.38851
4.25796
4.0036
5.42582
5.41061
5.52989
5.39568
5.27624
5.02199
6.46044
6.42698
6.53559
6.39459
6.28566
6.03471
7.46611
7.42417
7.52706
7.38324
7.28014
7.0327
0.833133
0.860301
0.883266
0.747588
0.905847
1.04732
0.931261
0.788073
0.668112
0.526228
0.387869
0.402347
0.261694
0.132464
0
1.81171
1.84933
1.88414
1.74249
1.91875
2.06201
1.95579
1.81118
1.70344
1.55863
1.4155
1.44875
1.30409
1.19144
2.81772
2.85072
2.88197
2.74098
2.91343
3.05292
2.94714
2.80663
2.70152
2.55951
2.41749
2.45457
2.31138
2.20608
3.8507
3.86824
3.88485
3.74973
3.90165
4.03265
3.91992
3.78832
3.67788
3.54364
3.40787
3.43516
3.29855
3.19163
4.9009
4.89681
4.89257
4.76737
4.88813
5.0075
4.88345
4.7641
4.64307
4.52051
4.39511
4.40242
4.2767
4.1614
5.94645
5.92116
5.89658
5.78276
5.87147
5.9798
5.84447
5.7368
5.60405
5.49381
5.38034
5.36382
5.25072
5.12367
6.9668
6.92771
6.88986
6.78457
6.85158
6.95384
6.81119
6.70978
6.56847
6.46617
6.36168
6.32653
6.22288
6.08524
7.96051
8.06238
7.91792
8.02009
7.87586
7.77364
7.97792
7.83364
7.93529
7.79061
7.68926
7.54464
7.44357
7.34203
7.29929
7.19842
7.05479
0.122446
1.09165
2.07991
3.08888
4.11872
5.15883
6.18934
7.19657
0.60453
0.639386
0.126551
1.5834
1.65108
1.14784
2.58163
2.64883
2.15087
3.60154
3.64403
3.14627
4.63864
4.64113
4.14242
5.67651
5.63637
5.1394
6.69602
6.62473
6.13147
7.69234
7.60872
7.11683
0.36287
0.374022
0.124826
1.33695
1.36945
1.12081
2.33009
2.36559
2.11604
3.34457
3.3701
3.1179
4.37848
4.38526
4.13073
5.41814
5.40315
5.14917
6.44348
6.41075
6.16031
7.44493
7.40366
7.1565
0.847491
0.872051
0.623077
0.894376
0.918017
0.657472
0.382867
0.394349
0.129025
1.83104
1.86692
1.61811
1.9013
1.9368
1.68514
1.4
1.43163
1.176
2.83456
2.86644
2.6157
2.89755
2.92987
2.68319
2.39999
2.43559
2.18686
3.85966
3.87659
3.62301
3.89315
3.91052
3.66603
3.39507
3.42116
3.17581
4.89888
4.89471
4.64
4.89037
4.88582
4.64233
4.39177
4.39863
4.15471
5.93364
5.90886
5.65643
5.88417
5.8583
5.61531
5.3881
5.37228
5.12913
6.947
6.90874
6.6602
6.87087
6.83175
6.58793
6.3783
6.34449
6.10132
7.93911
7.89686
7.65038
7.85483
7.81226
7.56635
7.36274
7.32093
7.07606
0
-0.0844278
-0.234296
-0.390955
-0.499822
-0.520586
-0.442255
-0.292391
-0.120106
1
0.898296
0.744839
0.59224
0.490722
0.472936
0.547501
0.692839
0.865361
-0.0319637
0.41503
0.954306
0.5
-0.154747
0.255941
0.825319
-0.315409
0.0956608
0.664896
-0.454358
-0.0133805
0.532603
-0.522794
-0.0337054
0.470149
-0.492939
0.0451201
0.499312
-0.373302
0.197144
0.613774
-0.206191
0.372292
0.778579
0.474017
0.339404
0.172392
0.0319425
-0.0360991
-0.00590478
0.114869
0.285067
-0.0159696
0.224295
0.493553
0.25
-0.117929
0.0931239
0.378722
0.167204
-0.275115
-0.0722865
0.213729
0.0107527
-0.424559
-0.213026
0.0618165
-0.149006
-0.514339
-0.281776
-0.0277686
-0.258748
-0.509854
-0.251628
-0.0229031
-0.279498
-0.409691
-0.130646
0.0780117
-0.200459
-0.249557
0.0390945
0.240821
-0.0485
-0.0553579
0.447184
0.658735
0.929011
0.717
0.973302
0.75
-0.19386
0.298145
0.500754
0.785479
0.583574
0.86331
-0.354303
0.132771
0.342779
0.627277
0.418211
0.704353
-0.479653
0.00668529
0.236331
0.50919
0.280448
0.560473
-0.524915
-0.0381164
0.216935
0.468562
0.214379
0.477605
-0.470227
0.0169368
0.294397
0.52087
0.244283
0.483238
-0.333917
0.154869
0.444364
0.652081
0.363055
0.578678
-0.162948
0.126038
0.329141
0.61886
0.82208
0.531678
0.735262
0.243014
0.131705
-0.031134
-0.182976
-0.273311
-0.268679
-0.167516
-0.00496536
0.198511
0.690581
0.737621
0.0524821
0.542595
0.622662
-0.11185
0.379213
0.459
-0.238484
0.255834
0.309634
-0.283877
0.212523
0.222395
-0.228714
0.266711
0.227581
-0.0906835
0.402539
0.326746
0.0829469
0.575608
0.487684
-0.00909014
0.114688
0.248151
0.125
-0.100708
0.00717339
0.14991
0.041826
-0.254719
-0.15327
-0.0102261
-0.111828
-0.408195
-0.304187
-0.166435
-0.270343
-0.507834
-0.394394
-0.26677
-0.379829
-0.516032
-0.389847
-0.274884
-0.400634
-0.426512
-0.289037
-0.184527
-0.321843
-0.271081
-0.127407
-0.0268492
-0.17067
-0.0428921
0.0722007
0.212182
0.0969441
0.461347
0.569525
0.704534
0.596314
0.498636
0.616434
0.744753
0.625
-0.174084
-0.0706454
0.0730007
-0.0306551
0.318956
0.420548
0.563254
0.461777
0.397325
0.501095
0.641149
0.537404
-0.33509
-0.233375
-0.0923179
-0.194074
0.152318
0.25578
0.398439
0.295179
0.234782
0.336337
0.47981
0.37842
-0.467623
-0.359579
-0.226368
-0.334161
0.0187019
0.130754
0.267537
0.155751
0.0782875
0.185351
0.325754
0.218924
-0.524679
-0.40499
-0.283633
-0.40287
-0.0379034
0.0865699
0.212676
0.0885176
-0.0213071
0.0967165
0.228646
0.110918
-0.482295
-0.349999
-0.240874
-0.372843
0.00481725
0.141298
0.254811
0.118615
-0.0290904
0.10173
0.221491
0.0909857
-0.353933
-0.212601
-0.110997
-0.252345
0.13453
0.278452
0.382451
0.238637
0.0610239
0.201981
0.310033
0.169293
-0.184507
-0.0400236
0.0610842
-0.0836208
0.307164
0.452353
0.553689
0.408307
0.218859
0.364134
0.465888
0.320573
-0.0228962
0.234625
0.350013
0.484825
0.369102
0.375
-0.135996
0.112737
0.2165
0.359373
0.255576
0.291621
-0.295388
-0.051855
0.0498868
0.192899
0.0912194
0.133365
-0.43999
-0.198534
-0.0909863
0.0463439
-0.0609659
-0.026993
-0.519364
-0.278325
-0.159522
-0.0327062
-0.151105
-0.136599
-0.502169
-0.260912
-0.129315
-0.0151559
-0.146366
-0.157192
-0.39193
-0.149521
-0.00823319
0.0959957
-0.0451594
-0.0781327
-0.227886
0.017046
0.16199
0.262919
0.117781
0.0741115
-0.0692772
0.183459
0.431704
0.323514
0.675263
0.779033
0.914269
0.8104
0.942396
0.836243
0.728062
0.964665
0.856469
0.983676
0.875
-0.213977
0.031696
0.277103
0.175436
0.521721
0.622903
0.765191
0.664247
0.805556
0.704762
0.603422
0.844609
0.743406
0.881251
-0.372968
-0.130778
0.113856
0.0102134
0.36063
0.467216
0.609387
0.503048
0.645804
0.541456
0.438432
0.684439
0.58168
0.724514
-0.49043
-0.249299
-0.00402595
-0.116393
0.245416
0.362907
0.499309
0.38196
0.520305
0.406052
0.294508
0.546012
0.434667
0.575904
-0.523579
-0.282499
-0.0367115
-0.16159
0.213949
0.344215
0.470002
0.339817
0.468613
0.341555
0.217633
0.473154
0.349327
0.483472
-0.456874
-0.215215
0.0304005
-0.1064
0.279934
0.420452
0.533579
0.393212
0.509426
0.371152
0.235196
0.490567
0.354716
0.477352
-0.313367
-0.0698147
0.175776
0.0318148
0.423211
0.568471
0.672206
0.527093
0.632573
0.488103
0.344454
0.595777
0.452306
0.562556
-0.141459
0.00298411
0.104609
0.24912
0.350869
0.206001
0.495549
0.59735
0.742167
0.843776
0.698872
0.80036
0.65513
0.509644
0.756865
0.611417
0.713897
0.120854
0.0249626
-0.132574
-0.287705
-0.387855
-0.396041
-0.305978
-0.149151
0.0853579
0.583662
0.622282
-0.0504414
0.441338
0.519699
-0.213966
0.275211
0.357318
-0.347483
0.142643
0.201685
-0.404742
0.0867566
0.103091
-0.362126
0.129263
0.0955797
-0.232801
0.258202
0.185096
-0.0617597
0.430384
0.342225
0.106783
0.360628
0.373954
-0.0114083
0.236354
0.274049
-0.173807
0.0703996
0.112247
-0.319705
-0.076511
-0.0444279
-0.399419
-0.156091
-0.144589
-0.382108
-0.138597
-0.15257
-0.271128
-0.0271387
-0.0621876
-0.105531
0.139865
0.0958266
0.0576215
0.308166
0.337528
0.554065
0.795326
0.824073
0.607327
0.84706
0.865648
-0.0911468
0.154469
0.196157
0.399537
0.643616
0.684669
0.481743
0.724384
0.76167
-0.252203
-0.00874519
0.0297932
0.236988
0.484764
0.521975
0.315591
0.561389
0.602218
-0.370389
-0.127177
-0.104303
0.120162
0.371776
0.393408
0.170016
0.41983
0.450489
-0.403629
-0.160197
-0.161358
0.0879857
0.341251
0.339925
0.0918525
0.344701
0.355412
-0.33655
-0.0928953
-0.118559
0.154671
0.406219
0.381506
0.109427
0.362211
0.348713
-0.191854
0.0527366
0.011455
0.299278
0.547535
0.507249
0.219863
0.469758
0.435843
-0.0184332
0.227703
0.184059
0.474093
0.720598
0.677038
0.386191
0.633227
0.5898
