FiniteElementSpace
FiniteElementCollection: L2_2D_P3
VDim: 1
Ordering: 0

0.0203321
0.0126089
0.0149917
0.0184847
0.00950159
0.0076862
0.0111058
0.0152199
0.00357964
0.00406815
0.0070815
0.0104901
0.00234601
0.00281771
0.00476908
0.00683307
0.00625824
0.00579318
0.00523383
0.00484008
0.00517202
0.00478539
0.00432467
0.00400364
0.00392878
0.00363474
0.00329024
0.00305475
0.00312089
0.00288933
0.00262297
0.00244488
0.0015434
0.00138
0.0011817
0.001041
0.00131698
0.00118204
0.00101944
0.000904932
0.00106925
0.000967141
0.000845915
0.000761908
0.000917275
0.000836527
0.000742467
0.000678666
0.000116239
8.71129e-05
5.55596e-05
3.62956e-05
0.000130073
0.000102816
7.28445e-05
5.40901e-05
0.000157836
0.000133026
0.000105462
8.78936e-05
0.000185229
0.00016214
0.000136506
0.000120128
5.07015e-05
6.13612e-05
7.65914e-05
8.91937e-05
2.22899e-05
2.78526e-05
3.63101e-05
4.3617e-05
9.41352e-06
9.60865e-06
1.10365e-05
1.29188e-05
1.5348e-05
1.23136e-05
9.61296e-06
8.38157e-06
0.000177575
0.000176935
0.000175504
0.000173961
0.000100417
0.000100567
0.000100337
9.9847e-05
3.50822e-05
3.57121e-05
3.63732e-05
3.67709e-05
8.87711e-06
9.53073e-06
1.04481e-05
1.12159e-05
8.57187e-05
7.64645e-05
6.51787e-05
5.71657e-05
5.12548e-05
4.57741e-05
3.92837e-05
3.48511e-05
2.48655e-05
2.28616e-05
2.08424e-05
1.979e-05
1.74775e-05
1.71588e-05
1.73516e-05
1.80079e-05
2.19851e-06
1.31764e-06
7.93322e-07
8.54222e-07
3.88811e-06
3.16716e-06
2.77838e-06
2.87426e-06
8.88108e-06
7.96405e-06
7.3129e-06
7.18945e-06
1.48458e-05
1.34614e-05
1.2261e-05
1.17582e-05
0.0100418
0.00954206
0.00895381
0.00854966
0.00853397
0.00804461
0.00747174
0.00708027
0.00669891
0.00625112
0.00573096
0.00537876
0.00543543
0.0050329
0.00457032
0.00426105
0.00132627
0.0012153
0.0011111
0.00106002
0.000895406
0.000821593
0.000757404
0.000730908
0.000892614
0.000817016
0.000738761
0.00069404
0.00136663
0.00124783
0.00110367
0.00100312
9.8686e-05
9.37973e-05
0.000457728
0.000852791
6.94799e-05
1.1488e-05
0.000226141
0.000500026
0.000129836
9.7064e-05
0.000346479
0.00064633
0.000449554
0.000403385
0.000813047
0.0012826
0.00332838
0.00304066
0.00269076
0.00244158
0.00277163
0.00253475
0.00224908
0.00204744
0.00214387
0.00196616
0.00175532
0.00160916
0.00174361
0.00160493
0.00144359
0.00133423
0.000559277
0.000527712
0.000499339
0.000486768
0.000404932
0.000382199
0.000364022
0.000358342
0.00032038
0.00029642
0.000275947
0.000268114
0.000350013
0.000314599
0.000279513
0.000260867
0.00081497
0.000760981
0.000711721
0.000689127
0.000573667
0.000535687
0.000503836
0.000492066
0.000521464
0.000480685
0.000442044
0.000423007
0.000702006
0.000638287
0.000568549
0.00052521
0.00056261
0.000481191
0.000384671
0.000318123
0.000511273
0.000442398
0.000361109
0.000305306
0.000463674
0.000409264
0.000345764
0.000302684
0.00044155
0.000396512
0.000344767
0.000310269
0.000303201
0.000289153
0.000276138
0.000269911
0.000248367
0.00023969
0.00023349
0.000232351
0.000184773
0.000180973
0.000181308
0.000185329
0.000142498
0.000140797
0.000144348
0.000151212
0.000405732
0.000385326
0.000366878
0.000358567
0.00030669
0.000292644
0.000282023
0.000279387
0.00021868
0.000206796
0.000199063
0.000198738
0.000183884
0.000168792
0.000157481
0.000154921
7.03393e-07
7.93084e-07
4.61079e-06
1.03035e-05
9.51171e-06
5.69559e-06
3.91737e-06
4.91161e-06
3.46833e-05
2.69132e-05
1.9563e-05
1.59336e-05
6.24626e-05
5.24035e-05
4.19471e-05
3.58159e-05
0.000173749
0.00016636
0.000158957
0.000154809
0.000191358
0.00018768
0.00018504
0.000184496
0.000218806
0.000220965
0.000225972
0.000231332
0.000243788
0.000251179
0.000263141
0.000273944
0.000229434
0.000219308
0.000209559
0.00020449
0.000213477
0.000208035
0.000204276
0.000203715
0.000192399
0.000193149
0.000197561
0.00020335
0.000176491
0.000182062
0.000193036
0.000204075
0.000136608
0.000144603
0.000154808
0.000162407
7.23266e-05
7.74916e-05
8.41351e-05
8.91054e-05
2.17892e-05
2.38048e-05
2.65716e-05
2.87441e-05
5.32604e-06
5.32548e-06
5.68014e-06
6.16636e-06
0.000103411
0.000100131
9.68469e-05
9.50411e-05
0.000160097
0.000157315
0.000154738
0.000153526
0.000254314
0.000252623
0.000251553
0.000251567
0.000342324
0.00034179
0.000342299
0.00034358
0.00013204
0.000126872
0.000121575
0.0001185
0.000175009
0.000172099
0.000169735
0.000168912
0.000244403
0.000245433
0.000248246
0.000251436
0.000308236
0.00031303
0.00032082
0.00032789
0.000151486
0.000143619
0.000133345
0.000125507
8.83093e-05
8.38838e-05
7.81336e-05
7.37907e-05
3.50908e-05
3.38169e-05
3.22915e-05
3.12777e-05
1.42172e-05
1.44691e-05
1.50623e-05
1.57742e-05
7.92107e-05
7.78119e-05
7.68275e-05
7.67611e-05
0.000125631
0.00012208
0.000118409
0.00011637
0.000204659
0.000197474
0.000189239
0.00018383
0.000279477
0.000268872
0.000256323
0.000247716
8.69457e-05
8.5035e-05
8.33649e-05
8.27271e-05
0.000144133
0.00014109
0.000138047
0.000136436
0.000240805
0.000236003
0.0002308
0.000227633
0.000331957
0.000325583
0.000318429
0.000313843
2.66161e-05
2.12464e-05
1.52989e-05
1.15544e-05
1.75492e-05
1.42965e-05
1.094e-05
9.04728e-06
1.43792e-05
1.29017e-05
1.17441e-05
1.14432e-05
1.81117e-05
1.73071e-05
1.70047e-05
1.73404e-05
6.16832e-05
5.84515e-05
5.51552e-05
5.33215e-05
7.55432e-05
7.06459e-05
6.52946e-05
6.19765e-05
9.84991e-05
9.07327e-05
8.18517e-05
7.59924e-05
0.000119836
0.00010933
9.70863e-05
8.88125e-05
7.35046e-05
7.15702e-05
6.99626e-05
6.94663e-05
0.000103244
9.90133e-05
9.4534e-05
9.19275e-05
0.000153675
0.000145484
0.000136047
0.000129795
0.000201303
0.000189334
0.000175162
0.000165428
2.43559e-06
2.33954e-06
2.33096e-06
2.3947e-06
2.84166e-06
2.3671e-06
1.92792e-06
1.69554e-06
4.28996e-06
3.23375e-06
2.19319e-06
1.60737e-06
6.11147e-06
4.48371e-06
2.90203e-06
2.05634e-06
1.0887e-05
7.73983e-06
4.53697e-06
2.71834e-06
1.13537e-05
8.10226e-06
4.76474e-06
2.85249e-06
1.18002e-05
8.45384e-06
4.98697e-06
2.98282e-06
1.20026e-05
8.6172e-06
5.09411e-06
3.04972e-06
3.89122e-05
3.46407e-05
2.99015e-05
2.68496e-05
4.27341e-05
3.77514e-05
3.21658e-05
2.85298e-05
4.85372e-05
4.237e-05
3.5386e-05
3.07947e-05
5.35768e-05
4.63026e-05
3.80242e-05
3.25596e-05
0.0135385
0.0122976
0.0109512
0.0100604
0.0114252
0.0104796
0.00938153
0.00863417
0.00870051
0.008087
0.00739009
0.00692693
0.00664215
0.0063123
0.00596303
0.0057533
0.00566827
0.00543061
0.00523641
0.00511464
0.00388824
0.00381466
0.00378657
0.00379743
0.00224848
0.00227529
0.00234107
0.0024109
0.00145784
0.00151196
0.00159273
0.00165159
0.00178678
0.00200834
0.00372347
0.00552228
0.000910103
0.00114155
0.00241836
0.00375556
0.000329953
0.000458159
0.00121058
0.00202905
0.000144321
0.00017628
0.000624987
0.00114598
0.00463085
0.0042602
0.0038113
0.00349291
0.0038349
0.00352898
0.00316174
0.00290375
0.0029303
0.00270007
0.00242831
0.00224094
0.00234776
0.00216787
0.00195961
0.00181924
0.00206027
0.00190508
0.00172747
0.00160938
0.00156602
0.00145224
0.00132589
0.00124497
0.00106396
0.000992115
0.000917553
0.000874134
0.000798282
0.000747978
0.000699896
0.000675608
0.00272457
0.00252349
0.00229479
0.00214396
0.00204474
0.00189548
0.00173072
0.00162604
0.00135188
0.00125653
0.00115785
0.00110061
0.000987187
0.000920359
0.00085617
0.000823437
0.000971373
0.000853288
0.000711125
0.000611239
0.000848856
0.000750569
0.000632967
0.000550869
0.000719965
0.000644454
0.000555326
0.000494013
0.000645131
0.000584379
0.000513944
0.000466454
0.000604311
0.000551045
0.000489856
0.000449038
0.000523815
0.000483278
0.000437843
0.000408418
0.000437248
0.000409731
0.000380663
0.00036327
0.000385288
0.000364868
0.000344973
0.000334518
0.000838664
0.000768592
0.000687807
0.000633663
0.000694524
0.000642339
0.000583786
0.000545815
0.000543493
0.000509258
0.000473251
0.000451862
0.000457173
0.000432307
0.000408315
0.000395954
2.81989e-05
1.62828e-05
5.77745e-06
1.54311e-06
4.58809e-05
3.23429e-05
1.90331e-05
1.2086e-05
7.93402e-05
6.43762e-05
4.85986e-05
3.92464e-05
0.000111293
9.56214e-05
7.86979e-05
6.82587e-05
0.000126187
0.000110618
9.36275e-05
8.29733e-05
0.000147402
0.000132861
0.000116893
0.000106762
0.000174483
0.000161999
0.00014852
0.000140132
0.00019428
0.0001839
0.000173179
0.000166901
0.000196575
0.000174749
0.000150494
0.00013495
0.000208792
0.000189838
0.000168899
0.000155546
0.00022283
0.000207683
0.000191434
0.00018144
0.000231707
0.000219506
0.0002071
0.000200032
9.55434e-05
0.000106106
0.000120298
0.00013142
4.73019e-05
5.35816e-05
6.22151e-05
6.90934e-05
1.37443e-05
1.54347e-05
1.82081e-05
2.06833e-05
7.48461e-06
6.35874e-06
5.62334e-06
5.52685e-06
9.31505e-06
7.05737e-06
4.90109e-06
3.75776e-06
2.12777e-05
1.76194e-05
1.37231e-05
1.13152e-05
5.45363e-05
4.99825e-05
4.50602e-05
4.1977e-05
9.24925e-05
8.79502e-05
8.31537e-05
8.02527e-05
2.19476e-05
1.76748e-05
1.33621e-05
1.08961e-05
3.92724e-05
3.36211e-05
2.7512e-05
2.36713e-05
7.48401e-05
6.85689e-05
6.17193e-05
5.73635e-05
0.00011113
0.000105261
9.90185e-05
9.51916e-05
0.000172088
0.000167277
0.000160618
0.000155252
9.90325e-05
9.65788e-05
9.311e-05
9.02813e-05
3.68605e-05
3.64644e-05
3.5884e-05
3.54284e-05
1.16999e-05
1.2216e-05
1.30108e-05
1.37542e-05
5.20074e-06
5.98141e-06
7.21014e-06
8.35319e-06
4.82448e-06
5.61022e-06
7.0041e-06
8.39294e-06
2.67276e-05
2.68638e-05
2.76221e-05
2.86838e-05
5.95722e-05
5.87598e-05
5.84305e-05
5.87734e-05
2.26199e-06
2.83384e-06
3.75123e-06
4.60034e-06
2.69024e-06
2.87822e-06
3.4766e-06
4.21955e-06
2.69062e-05
2.63025e-05
2.60985e-05
2.64022e-05
6.23895e-05
6.09936e-05
5.99096e-05
5.96568e-05
5.27721e-05
4.50322e-05
3.59522e-05
2.97915e-05
3.24162e-05
2.7785e-05
2.2592e-05
1.92816e-05
1.9102e-05
1.72633e-05
1.56006e-05
1.49102e-05
1.81551e-05
1.75913e-05
1.75733e-05
1.813e-05
1.98158e-05
1.96564e-05
2.01481e-05
2.10806e-05
2.5017e-05
2.50798e-05
2.58658e-05
2.70253e-05
4.03427e-05
3.97858e-05
3.9834e-05
4.04805e-05
5.8296e-05
5.66113e-05
5.52858e-05
5.49537e-05
1.69777e-05
1.72269e-05
1.81615e-05
1.9386e-05
2.06037e-05
2.12451e-05
2.27232e-05
2.43866e-05
3.7674e-05
3.77921e-05
3.86859e-05
3.99745e-05
5.96838e-05
5.86621e-05
5.81793e-05
5.84969e-05
1.11007e-06
1.16057e-06
1.5425e-06
2.05906e-06
2.9898e-06
2.69259e-06
2.61833e-06
2.76706e-06
6.9041e-06
5.95038e-06
5.10006e-06
4.70028e-06
1.10785e-05
9.42807e-06
7.80435e-06
6.91197e-06
1.30819e-05
1.1083e-05
9.01469e-06
7.78692e-06
1.57522e-05
1.32657e-05
1.06184e-05
8.9862e-06
1.97425e-05
1.65105e-05
1.29955e-05
1.07762e-05
2.32278e-05
1.9346e-05
1.50786e-05
1.23555e-05
1.79759e-05
1.63195e-05
1.47608e-05
1.39771e-05
2.24834e-05
2.0356e-05
1.82092e-05
1.69909e-05
2.96471e-05
2.66491e-05
2.34441e-05
2.14719e-05
3.61272e-05
3.22782e-05
2.80493e-05
2.53574e-05
0.00822145
0.00765458
0.00698037
0.00651168
0.00681143
0.00633264
0.00576797
0.00537912
0.0051787
0.00480731
0.00437625
0.0040849
0.00410276
0.00380677
0.00346899
0.00324545
0.00357607
0.00331727
0.00302463
0.00283313
0.00267126
0.00247489
0.00225933
0.00212339
0.00173865
0.00161016
0.00147736
0.00140045
0.00124545
0.00115442
0.00106627
0.00102065
0.00478515
0.00441106
0.00398973
0.00371549
0.00355878
0.00327761
0.00297076
0.00277864
0.00228825
0.00210603
0.00191851
0.00181046
0.00161518
0.00148727
0.00136207
0.00129602
0.00101797
0.000943448
0.000874534
0.00084201
0.000702753
0.000652349
0.000609346
0.000592576
0.000670086
0.000618876
0.000568715
0.000542367
0.000968384
0.000888054
0.000796299
0.00073613
0.00119257
0.00108948
0.000966685
0.0008821
0.00181917
0.00165409
0.00144829
0.00129897
0.00320515
0.00290379
0.00252142
0.00223884
0.00474184
0.00428827
0.00371253
0.00328684
0.00168532
0.00155199
0.0013749
0.00124001
0.00261009
0.00239893
0.0021193
0.00190519
0.00461854
0.00424719
0.00375777
0.00338341
0.00683988
0.00629079
0.0055752
0.00503245
0.00121622
0.0012793
0.00133252
0.00134707
0.000828001
0.000855334
0.000883875
0.000897108
0.000953536
0.000945456
0.000932956
0.000919383
0.00174397
0.00162973
0.00152889
0.00146479
0.00218069
0.00203455
0.00188062
0.00178955
0.00370799
0.00340155
0.00300604
0.00271208
0.00677619
0.00616933
0.00536305
0.00474462
0.00994966
0.00908455
0.00793887
0.00704255
0.000605182
0.000909934
0.00156646
0.00201726
0.000754038
0.00116344
0.00280492
0.00459428
0.00494233
0.00345609
0.00618687
0.0095109
0.0180055
0.00793398
0.0102092
0.0144155
0.00231487
0.00209566
0.00182884
0.00163876
0.00194589
0.00176542
0.00154745
0.00139345
0.00153453
0.00139893
0.00123772
0.00112574
0.00127595
0.00116973
0.00104589
0.000961753
0.00114542
0.00105377
0.00094809
0.000877212
0.000914461
0.000847103
0.000771632
0.000722766
0.000676544
0.00063339
0.000588213
0.000561567
0.000545345
0.000514549
0.000485035
0.000470042
0.00154432
0.00142488
0.00128752
0.00119566
0.00119836
0.00111104
0.00101357
0.000950735
0.000845574
0.000790365
0.000732837
0.000699143
0.000655921
0.000617019
0.000579865
0.000561125
0.000473999
0.000448853
0.000426242
0.000416204
0.000349413
0.000331563
0.000317676
0.000313776
0.000259207
0.000241831
0.000228374
0.000224742
0.000247835
0.000223527
0.00020158
0.000191937
0.000246291
0.000216876
0.000188512
0.000174203
0.00027002
0.000226912
0.000181129
0.000153946
0.000405203
0.000333072
0.000251235
0.000197965
0.000590874
0.000487942
0.000368286
0.000287942
0.000378407
0.0003348
0.000289074
0.000262415
0.000481606
0.000416168
0.000342206
0.000294292
0.000777802
0.000667443
0.000536835
0.000447252
0.00113278
0.00097517
0.000785753
0.000653445
0.000668906
0.000628282
0.000591581
0.000575129
0.000477595
0.000448405
0.000424458
0.000416246
0.000406457
0.000374685
0.000345781
0.000332777
0.000498699
0.000450078
0.000399032
0.000369178
0.000571801
0.000511355
0.000444533
0.00040249
0.000793701
0.000701297
0.000592565
0.000518525
0.00132923
0.00117102
0.000978373
0.000841906
0.0019365
0.00170865
0.00142854
0.00122793
0.000838114
0.000758135
0.000666251
0.000605498
0.00122885
0.00110413
0.00095287
0.000846242
0.00211165
0.00189231
0.00161937
0.00142149
0.00309178
0.00277003
0.0023677
0.00207443
0.000286447
0.000234373
0.000174395
0.000134521
0.000278895
0.000233407
0.000181016
0.000146135
0.000281525
0.00024376
0.000200505
0.000171836
0.000292135
0.000259427
0.000222376
0.0001981
0.000294218
0.000264359
0.000230682
0.000208715
0.00028842
0.000263928
0.000236708
0.000219246
0.000280973
0.000262612
0.000243031
0.000231114
0.000275016
0.000260659
0.00024629
0.000238337
0.000426895
0.00038676
0.000340991
0.000310732
0.000391265
0.000359741
0.000324526
0.000301809
0.00035131
0.000328937
0.000305196
0.000290878
0.000325538
0.000308518
0.000291729
0.00028269
0.000263585
0.000251709
0.000240505
0.000234922
0.000228759
0.00022192
0.000217141
0.000216381
0.000184883
0.000183778
0.00018662
0.000191821
0.000152833
0.000155496
0.000163624
0.000173173
0.000130697
0.000135609
0.00014688
0.000159013
8.57315e-05
9.51287e-05
0.000112483
0.000129502
4.45989e-05
5.86009e-05
8.26668e-05
0.000105426
2.76921e-05
4.43918e-05
7.28085e-05
9.95774e-05
0.000114859
0.000114266
0.000119525
0.000127916
6.10004e-05
6.21475e-05
7.00142e-05
8.07186e-05
1.63708e-05
1.71508e-05
2.55073e-05
3.73932e-05
2.86679e-06
1.48321e-06
8.15208e-06
1.96561e-05
0.000349844
0.000333029
0.000317674
0.000310577
0.000273752
0.000262711
0.000254599
0.000252854
0.000194998
0.000187619
0.000184452
0.000186651
0.000150905
0.000143312
0.000140433
0.000143308
0.000123566
0.000115495
0.000112296
0.000115182
7.48641e-05
6.46849e-05
5.91681e-05
6.06802e-05
5.20973e-05
3.45556e-05
2.06956e-05
1.68593e-05
6.69337e-05
4.03514e-05
1.6194e-05
5.66255e-06
0.000164541
0.000146908
0.000132595
0.000128008
0.000139843
0.000115015
9.18001e-05
8.08575e-05
0.000173339
0.000131763
8.82553e-05
6.30605e-05
0.000250693
0.000190738
0.000125164
8.45878e-05
1.40675e-05
2.14813e-05
3.35966e-05
4.46706e-05
6.01243e-06
8.39675e-06
1.36445e-05
1.92033e-05
1.41262e-05
1.12881e-05
9.50867e-06
9.49229e-06
3.22508e-05
2.63158e-05
2.04822e-05
1.73266e-05
4.33876e-05
3.63476e-05
2.90126e-05
2.46562e-05
6.51329e-05
5.70719e-05
4.83054e-05
4.27726e-05
0.000101307
9.31644e-05
8.42738e-05
7.86289e-05
0.000134267
0.000126992
0.000119288
0.000114591
7.67984e-05
6.60656e-05
5.46009e-05
4.75906e-05
0.000100466
8.94884e-05
7.7496e-05
6.99127e-05
0.000134317
0.000124126
0.000113054
0.000106084
0.000161934
0.00015317
0.000143987
0.000138481
0.00015124
0.000145003
0.000138662
0.000135021
0.000182786
0.000179591
0.00017717
0.00017651
0.000232774
0.000234635
0.000238835
0.00024329
0.000278344
0.000284899
0.000295313
0.000304612
0.000303944
0.00031348
0.000327834
0.000340204
0.000357541
0.000373553
0.000396323
0.000415153
0.000447072
0.000472217
0.000507025
0.000535214
0.000532274
0.000564994
0.000609873
0.000645953
0.000256483
0.000267177
0.000283522
0.000297755
0.000282709
0.000300534
0.00032618
0.000347576
0.000333458
0.000361177
0.000399927
0.000431561
0.00038655
0.000422371
0.000471964
0.000512151
0.000199703
0.000191039
0.000182523
0.000177912
0.000201332
0.000196922
0.000193855
0.000193354
0.000204564
0.000206381
0.00021149
0.000217316
0.00020839
0.000215501
0.000227707
0.000239131
0.000207932
0.000218359
0.000235
0.000249919
0.000206557
0.00022407
0.00025001
0.000272136
0.000219203
0.000246243
0.000284925
0.000317107
0.00024141
0.000276051
0.000325052
0.000365488
0.00016394
0.000172487
0.000187498
0.000201763
0.000137716
0.000152499
0.000175779
0.000196524
0.000117847
0.00014046
0.000174437
0.000203805
0.000114941
0.000143423
0.000185645
0.00022182
0.000165477
0.000169408
0.000173976
0.000177029
9.11995e-05
9.4095e-05
9.7491e-05
9.97843e-05
2.9702e-05
3.12441e-05
3.31522e-05
3.45172e-05
6.37602e-06
6.90979e-06
7.74058e-06
8.46091e-06
1.15882e-06
1.21492e-06
1.53125e-06
1.94046e-06
4.03027e-06
3.27884e-06
2.72153e-06
2.59961e-06
3.10688e-05
2.93988e-05
2.78697e-05
2.71774e-05
6.84106e-05
6.61589e-05
6.40191e-05
6.29731e-05
3.02121e-06
2.16748e-06
1.50078e-06
1.27445e-06
9.88808e-06
7.85604e-06
5.80031e-06
4.62489e-06
4.00793e-05
3.70735e-05
3.39443e-05
3.2099e-05
7.83116e-05
7.49912e-05
7.1585e-05
6.96307e-05
9.37938e-05
9.12842e-05
8.88884e-05
8.77082e-05
0.000152352
0.000149477
0.000146689
0.000145277
0.000250637
0.000247362
0.000244163
0.000242522
0.00034294
0.000339406
0.000335951
0.000334177
0.000398281
0.000394617
0.000391042
0.000389215
0.000515592
0.000511725
0.0005079
0.000505897
0.00069704
0.000692754
0.000688493
0.000686241
0.000859241
0.000854508
0.000849794
0.000847294
0.000394833
0.000395065
0.000396613
0.000398727
0.000506027
0.00050799
0.000511784
0.000515623
0.000678708
0.000683081
0.000690108
0.000696503
0.000833669
0.000840014
0.000849731
0.000858286
0.000116112
0.000111935
0.000107666
0.000105213
0.000167563
0.000164778
0.000162351
0.000161339
0.000251997
0.000251794
0.00025279
0.000254459
0.000330325
0.000332665
0.000337043
0.00034136
0.000376635
0.000380613
0.000387166
0.000393185
0.000474504
0.000482093
0.000493325
0.000502927
0.000627857
0.00064058
0.000658586
0.000673462
0.000766582
0.000783582
0.00080729
0.000826642
0.000345352
0.000352548
0.000363514
0.000373058
0.000423522
0.00043597
0.000453746
0.000468507
0.000548362
0.000568274
0.000595875
0.000618262
0.000663111
0.000689249
0.000725112
0.000753962
0.000120652
0.000111273
9.94524e-05
9.07546e-05
7.1135e-05
6.56736e-05
5.89099e-05
5.40491e-05
3.06504e-05
2.88191e-05
2.68073e-05
2.56054e-05
1.61628e-05
1.61189e-05
1.65055e-05
1.71963e-05
1.32192e-05
1.37844e-05
1.49945e-05
1.63377e-05
1.49814e-05
1.59686e-05
1.78019e-05
1.96759e-05
3.35384e-05
3.40329e-05
3.53598e-05
3.69474e-05
5.9481e-05
5.88587e-05
5.8854e-05
5.95165e-05
9.09109e-06
9.8489e-06
1.11626e-05
1.24721e-05
9.31693e-06
1.03634e-05
1.21724e-05
1.39495e-05
2.93936e-05
2.99012e-05
3.11842e-05
3.26913e-05
5.90006e-05
5.84532e-05
5.84995e-05
5.91652e-05
7.66208e-05
7.50821e-05
7.39549e-05
7.38098e-05
0.000115017
0.000111142
0.00010709
0.000104792
0.000180365
0.000172489
0.000163412
0.000157404
0.00024222
0.000230546
0.000216687
0.000207141
0.000278917
0.000264862
0.000248006
0.00023624
0.00035623
0.000337101
0.000313782
0.000297173
0.000476688
0.00044985
0.00041675
0.00039284
0.000584824
0.000551197
0.000509498
0.000479183
0.000324218
0.000311474
0.000296227
0.000285615
0.000418826
0.00040153
0.000380462
0.00036547
0.000565555
0.000541365
0.000511529
0.000489971
0.000696846
0.000666598
0.000629075
0.000601778
8.23364e-05
8.08081e-05
7.96294e-05
7.93837e-05
0.000135278
0.000132007
0.00012867
0.000126855
0.000225198
0.000219059
0.000212137
0.000207688
0.000310213
0.000301415
0.000291149
0.000284226
0.000361243
0.000350792
0.000338446
0.000329982
0.000469357
0.000455408
0.000438579
0.000426732
0.000636568
0.000617315
0.000593746
0.000576858
0.000785903
0.000761986
0.000732513
0.000711225
0.000386712
0.000379375
0.000371028
0.000365572
0.000502803
0.000493463
0.00048255
0.000475158
0.000682169
0.000669754
0.000654969
0.000644711
0.000842292
0.000827144
0.000808945
0.000796179
9.81125e-06
6.96294e-06
4.15541e-06
2.69092e-06
8.13105e-06
6.33093e-06
4.7557e-06
4.12398e-06
1.10843e-05
9.97189e-06
9.21534e-06
9.14213e-06
1.7118e-05
1.60416e-05
1.53368e-05
1.53032e-05
2.07043e-05
1.95457e-05
1.87154e-05
1.85688e-05
2.64481e-05
2.49969e-05
2.37884e-05
2.33516e-05
3.67796e-05
3.44771e-05
3.22189e-05
3.10223e-05
4.68084e-05
4.35146e-05
4.00482e-05
3.79897e-05
2.12137e-05
2.05751e-05
2.04651e-05
2.09278e-05
2.72069e-05
2.65359e-05
2.63784e-05
2.67988e-05
4.03087e-05
3.88909e-05
3.78169e-05
3.75776e-05
5.42197e-05
5.17215e-05
4.93272e-05
4.81433e-05
5.16547e-05
4.77753e-05
4.35944e-05
4.1026e-05
5.95947e-05
5.45244e-05
4.88955e-05
4.52999e-05
7.2374e-05
6.52731e-05
5.71874e-05
5.18591e-05
8.40041e-05
7.49762e-05
6.45693e-05
5.76129e-05
8.97103e-05
7.95387e-05
6.77689e-05
5.98686e-05
0.00010071
8.81815e-05
7.35607e-05
6.36536e-05
0.000118749
0.000102447
8.32829e-05
7.01967e-05
0.000135511
0.000115772
9.2492e-05
7.65426e-05
0.000131417
0.00011923
0.000104931
9.51866e-05
0.000154865
0.000139142
0.000120469
0.000107559
0.000192511
0.000171265
0.00014578
0.000127953
0.000227011
0.000200805
0.000169217
0.000147001
6.8813e-05
6.62805e-05
6.3909e-05
6.28197e-05
9.01225e-05
8.55337e-05
8.06023e-05
7.76431e-05
0.000125964
0.000117821
0.00010847
0.000102288
0.000159633
0.000148093
0.000134519
0.000125259
0.000178816
0.00016516
0.000148961
0.00013779
0.000218512
0.000200368
0.000178539
0.000163223
0.000281371
0.00025631
0.000225828
0.000204159
0.000338446
0.000307229
0.000269058
0.000241758
0.000229153
0.000214817
0.000197683
0.000185768
0.000287449
0.000268074
0.000244561
0.000227899
0.000378887
0.000351814
0.000318585
0.000294715
0.000461364
0.000427481
0.000385671
0.000355449
2.41888e-06
1.39085e-06
4.59095e-07
1.59208e-07
1.42729e-06
7.27568e-07
1.75099e-07
1.13128e-07
1.077e-06
4.45829e-07
4.58369e-08
1.16088e-07
1.34866e-06
5.89056e-07
8.23444e-08
1.21428e-07
1.16685e-06
4.09415e-07
4.18718e-08
2.18183e-07
1.30892e-06
4.72715e-07
3.52095e-08
1.70565e-07
1.54567e-06
5.88078e-07
4.78057e-08
1.35156e-07
1.7756e-06
7.04832e-07
7.22957e-08
1.24926e-07
6.78013e-06
4.88188e-06
2.96269e-06
1.87952e-06
7.69707e-06
5.51386e-06
3.30044e-06
2.04657e-06
9.13559e-06
6.51614e-06
3.85956e-06
2.35388e-06
1.04627e-05
7.45509e-06
4.40228e-06
2.67018e-06
1.80043e-06
7.05918e-07
7.01058e-08
1.41753e-07
1.89522e-06
7.58031e-07
9.65916e-08
1.69169e-07
2.00272e-06
8.08046e-07
1.33855e-07
2.42161e-07
2.0784e-06
8.42583e-07
1.75831e-07
3.36518e-07
2.17636e-06
9.09127e-07
1.61803e-07
2.95777e-07
1.94927e-06
8.30085e-07
1.46088e-07
2.52975e-07
1.21541e-06
4.99072e-07
5.21081e-08
1.62117e-07
6.3335e-07
2.60695e-07
1.07623e-08
1.08747e-07
1.1807e-05
8.51095e-06
5.10153e-06
3.13351e-06
1.0813e-05
7.75661e-06
4.58464e-06
2.74336e-06
8.76403e-06
6.01662e-06
3.25507e-06
1.74309e-06
6.80903e-06
4.33144e-06
1.99738e-06
8.81438e-07
2.4549e-05
2.04023e-05
1.58155e-05
1.28683e-05
2.60054e-05
2.15466e-05
1.65939e-05
1.34005e-05
2.79315e-05
2.29897e-05
1.74806e-05
1.39209e-05
2.93967e-05
2.40264e-05
1.8037e-05
1.41737e-05
2.9477e-05
2.3953e-05
1.78336e-05
1.39253e-05
2.89439e-05
2.31784e-05
1.68134e-05
1.27746e-05
2.798e-05
2.16739e-05
1.48038e-05
1.05473e-05
2.71165e-05
2.02661e-05
1.2921e-05
8.49843e-06
5.54679e-05
4.75937e-05
3.86385e-05
3.27393e-05
5.85374e-05
4.94868e-05
3.91672e-05
3.236e-05
6.37533e-05
5.2708e-05
4.01051e-05
3.18086e-05
6.87304e-05
5.58216e-05
4.11118e-05
3.14656e-05
