FiniteElementSpace
FiniteElementCollection: H1_2D_P2
VDim: 2
Ordering: 0

0
-0.00121737
0.0052364
0.00606966
4.35855e-05
-0.00392651
-0.00183373
0.00215858
0.00187883
0
0.00546637
0.0041504
-0.00667026
-0.0173479
-0.0276548
-0.0449734
-0.0610593
-0.0664501
-0.00212791
0.00190142
0.00320769
0
0.00195345
0.00538506
0.00611994
0.006847
2.37753e-06
-0.000540578
0.00339316
-0.00866122
-0.0125097
-0.00268074
-0.0156592
-0.0219276
-0.00350953
-0.0236207
-0.0354786
0.000347249
-0.0299067
-0.0542153
0.00276603
-0.0325135
-0.0647686
-5.62297e-05
0.00440461
0.00376348
-0.00450365
-0.0122442
-0.019443
-0.0274034
-0.0312225
-0.00127646
-0.000918654
-0.000194857
0
0.000216848
0.00343876
0.00322638
0.000523711
0.00632556
0.00540634
0.00490603
0.00556518
0.00490148
-0.000670296
-0.00224482
0.00295398
-0.00146476
-0.00725181
-0.0105087
-0.00428478
-0.00391188
-0.0112364
-0.0174838
-0.00947736
-0.000752425
-0.0138536
-0.025629
-0.0127577
0.00265678
-0.0144771
-0.0306555
-0.0142932
-0.00206941
0.000710548
0.00338713
0.00447155
0.000989922
0.00175356
0
0.00371135
0.00518653
0.00490124
0.00550265
0.00521799
0.00606548
0.00675123
0.00206994
-0.00311089
-0.00354209
0.00183782
0.00209291
0.0017158
-0.00666
-0.0130519
-0.0150362
-0.00838801
-0.00970734
-0.00351596
-0.0139352
-0.0219037
-0.0245653
-0.0172769
-0.0195842
-0.00278706
-0.021516
-0.0343788
-0.0401106
-0.0276633
-0.0312913
0.00135413
-0.0288405
-0.0453078
-0.0580284
-0.0407447
-0.0497775
0.00246827
-0.0153509
-0.0317904
-0.0494717
-0.0657258
-0.0478113
-0.0632763
-0.000554511
0.00194361
0.00580893
0.00120459
-0.00586638
-0.0103931
-0.0133818
-0.0143622
-0.000521008
0.00214557
0.000192016
0.00472427
0.0053992
0.0044842
0.00441092
-0.000498519
0.00369062
-0.00253284
-0.0108096
-0.00579358
-0.00844546
-0.019482
-0.0151738
-0.0120288
-0.0309625
-0.0246238
-0.0141495
-0.0433067
-0.037711
-0.014777
-0.0486433
-0.0467672
-0.000476057
-0.000842068
-0.00019669
0
-0.00055243
0.00116353
0.00120625
-0.000273257
0.00584823
0.00612627
0.00576667
0.00548302
0.00553669
0.00299964
0.00210483
0.00447245
-0.000741924
-0.00362616
-0.00509883
-0.00211671
-0.00397085
-0.00704328
-0.00994694
-0.00659033
-0.00130278
-0.0071297
-0.0130862
-0.00730159
0.00245133
-0.00597345
-0.0143302
-0.00621033
-0.00220531
-0.00122922
-0.000813733
-0.00145736
0.000255955
0.00136908
0.0015415
0.000400111
-7.74273e-05
-3.36039e-05
7.17772e-05
0
0.0028511
0.00431025
0.00412429
0.00278741
0.00485782
0.00531139
0.00538644
0.00481256
0.00256448
0.00383599
0.00396622
0.0026033
0.00687622
0.00557077
0.00497507
0.00615238
0.002975
0.000827707
0.000717847
0.00284362
0.00523101
0.00433788
0.00438272
0.00517457
0.00256248
-0.000436405
-0.00160977
0.00131252
-0.00559864
-0.00872758
-0.00962219
-0.00642729
-0.0011101
-0.00399026
-0.00445464
-0.00151717
-0.00315074
-0.00588275
-0.00787113
-0.00489384
-0.0130902
-0.0167326
-0.0183589
-0.0147803
-0.0096017
-0.0128541
-0.014122
-0.0108602
-0.00318312
-0.00736027
-0.0116393
-0.00728517
-0.0204694
-0.0262601
-0.0292875
-0.0235774
-0.0165559
-0.0210798
-0.0232234
-0.0188075
0.000868315
-0.00653679
-0.0140232
-0.00686354
-0.0281679
-0.0360711
-0.0420926
-0.0340779
-0.0246458
-0.0316802
-0.0360691
-0.0290158
0.00266567
-0.00617484
-0.014596
-0.00593084
-0.031495
-0.0402157
-0.04824
-0.03951
-0.0303138
-0.0387017
-0.0460996
-0.0375997
-0.00183208
-0.000827744
-0.000470601
-0.000199082
-0.000365458
0
0.00106973
0.002701
0.00396008
0.00384977
0.00261329
0.00123071
0.00666363
0.00568641
0.00461292
0.00441189
0.00539647
0.00552016
0.00417764
0.00027357
-0.00259381
-0.00338085
-0.000524926
0.00148116
-0.0021174
-0.00658374
-0.00972055
-0.0113862
-0.00817102
-0.00646747
-0.00375545
-0.0108221
-0.0153131
-0.0184467
-0.0139019
-0.0125288
-0.000198652
-0.0136391
-0.0206758
-0.0265531
-0.0195359
-0.0181992
0.00276361
-0.0144055
-0.0228933
-0.0309506
-0.0225626
-0.0221594
-0.00173091
-6.31228e-05
0.00127079
0.000107453
0.00276852
0.00432526
0.00500778
0.00315512
0.00386612
0.00188799
0.000524237
0.00250267
0.000688359
0.000854601
0
0.004521
0.00521192
0.00536616
0.0050001
0.005239
0.00456086
0.00492153
0.00546019
0.00590199
0.00564703
0.00490802
0.00616902
0.00521629
0.00582297
0.00647807
0.00372941
0.00107044
0.00325532
-0.00178348
-0.00481939
-0.00510396
-0.00194613
-0.00200736
0.000717014
0.00283628
0.000840504
0.00294676
0.00320776
0.000866421
-0.00342675
-0.0076803
-0.00459939
-0.0119504
-0.015222
-0.016214
-0.0129137
-0.0138083
-0.0104115
-0.00710872
-0.0111448
-0.00769173
-0.00821193
-0.00377577
-0.00897901
-0.0147884
-0.0111545
-0.0206595
-0.0248759
-0.026045
-0.0221152
-0.0231989
-0.0196783
-0.0162201
-0.0207316
-0.0174309
-0.0184664
-0.00233326
-0.0124036
-0.0225719
-0.0167622
-0.0326676
-0.0397003
-0.0425284
-0.0355893
-0.0377477
-0.0316469
-0.0261053
-0.0333177
-0.0280487
-0.0294003
0.00178748
-0.0142366
-0.0294184
-0.0215525
-0.0443787
-0.0531045
-0.0596482
-0.0506069
-0.056214
-0.0474444
-0.0392775
-0.0520609
-0.0437378
-0.0474018
0.00220093
-0.00671895
-0.0150318
-0.023966
-0.0321316
-0.0233173
-0.0409996
-0.0490465
-0.0579203
-0.066087
-0.0571218
-0.0652983
-0.0562044
-0.0473296
-0.0641035
-0.0549331
-0.0622676
-0.000288066
0.000404786
0.00587886
0.00377261
-0.00289828
-0.0068465
-0.00722899
-0.0060741
-0.00144477
0.000833929
-2.99503e-05
0.00357992
0.00513244
0.00323507
0.00593286
0.00188932
0.00484282
0.000436928
-0.00759744
-0.00274901
-0.00542445
-0.0157467
-0.0118703
-0.00734161
-0.0249012
-0.0199159
-0.00670459
-0.0351308
-0.0303707
-0.00601294
-0.0398636
-0.0381976
-0.00126279
-0.000496901
-0.000136297
0.0019725
0.00330883
0.00190819
0.00621772
0.00508306
0.00554149
0.00217282
-0.00156013
0.000495882
-0.00429371
-0.00896277
-0.00733932
-0.00718811
-0.014602
-0.0132126
-0.00700689
-0.0201356
-0.0188864
-0.00592122
-0.0227269
-0.0223793
-0.000827849
0.000618278
-0.000265632
0.00196867
0.00376169
0.00252075
0.000103525
0.00127074
0.000205997
0.00495455
0.00533456
0.00453307
0.00532802
0.00510256
0.00563825
0.00437012
0.0054989
0.00481545
0.00507758
0.00240856
0.00399654
-0.000316582
-0.00337027
-0.000573096
0.00366579
0.00190018
0.00384028
-0.0012924
-0.00555261
-0.00360969
-0.00981363
-0.014088
-0.0116909
-0.0052208
-0.00907751
-0.00626722
-0.00627096
-0.0118453
-0.0104485
-0.0177492
-0.0234475
-0.0208636
-0.0138197
-0.0185403
-0.0163311
-0.00734654
-0.0174874
-0.0160353
-0.0276384
-0.0376372
-0.033583
-0.0223014
-0.0297963
-0.026407
-0.0063684
-0.0218869
-0.0211489
-0.0368933
-0.0519427
-0.0491045
-0.0329224
-0.0456478
-0.0417445
-0.00641266
-0.0236146
-0.0230837
-0.0405922
-0.0575197
-0.0566929
-0.0391312
-0.0556278
-0.0540986
0
-0.0117113
-0.0170784
-0.00757057
0.0085478
0.0257913
0.0570634
0.113457
0.182091
0
-0.00884073
-0.0169102
-0.0115822
0.00522246
0.0224559
0.0515813
0.108409
0.178976
-0.00576248
-0.0105007
-0.00393313
0
-0.0161211
-0.0181038
-0.0137812
-0.0139807
-0.0103759
-0.0164031
0.000444666
0.0066205
-0.00363807
0.0165499
0.0227791
0.0136785
0.0385441
0.05184
0.0340718
0.0823716
0.10953
0.0766879
0.147692
0.180487
0.143696
-0.00425851
-0.0157356
-0.0163101
-0.00198819
0.0144969
0.0341985
0.0773276
0.145182
-0.00311758
-0.0047944
-0.00156952
0
-0.0142596
-0.0159628
-0.0133683
-0.0109674
-0.0160212
-0.015525
-0.0177665
-0.0178383
-0.00364776
-0.000922154
-0.00633927
-0.00929755
0.0125088
0.0154168
0.0106269
0.00754157
0.0315741
0.0357646
0.027893
0.0239575
0.0688834
0.0792077
0.0636066
0.0536924
0.13038
0.146378
0.127167
0.111161
-0.00875535
-0.0073736
-0.00996161
-0.00628792
-0.0040862
-0.00198249
0
-0.0170999
-0.0173793
-0.0178319
-0.0156983
-0.0151312
-0.0114124
-0.0110951
-0.0137888
-0.0110672
-0.0145003
-0.0165639
-0.0171945
0.00453598
0.00239545
0.00587109
0.000801906
-0.00283649
-0.0078648
0.0208858
0.0184424
0.0222719
0.017901
0.0139135
0.00950672
0.0469756
0.042083
0.0511649
0.0419284
0.0336482
0.0277105
0.0973304
0.0927625
0.108597
0.0918835
0.076501
0.0631804
0.165002
0.18135
0.1631
0.179696
0.161558
0.144284
0.125831
-0.002082
-0.0137527
-0.0172267
-0.00523428
0.011516
0.0292636
0.0655097
0.128597
-0.00787161
-0.00700788
-0.00142833
-0.0173811
-0.0169005
-0.0127417
-0.012818
-0.0142885
-0.017751
0.00338744
0.00157471
-0.00714818
0.0194625
0.0179129
0.00996484
0.0438177
0.0414774
0.0273774
0.0945486
0.0918719
0.062855
0.16406
0.162278
0.126227
-0.00176871
-0.00252949
-0.000996664
0
-0.0130624
-0.0139717
-0.0124185
-0.0112873
-0.0166828
-0.0167207
-0.0176681
-0.017523
-0.00564147
-0.00451064
-0.00731482
-0.00853323
0.010536
0.0120142
0.00954635
0.00804742
0.0285551
0.0302925
0.026486
0.0247937
0.062755
0.0669796
0.0593611
0.0551532
0.121842
0.129458
0.119805
0.112228
-0.00723663
-0.00825401
-0.00631068
-0.00522169
-0.00579646
-0.0071941
-0.00552616
-0.00413448
-0.000630319
-0.0014543
-0.000494653
0
-0.0167372
-0.0172681
-0.016783
-0.0160348
-0.0166593
-0.0172145
-0.0161056
-0.0155025
-0.0119813
-0.0131112
-0.0113836
-0.0102657
-0.0126329
-0.0120731
-0.0142855
-0.0148687
-0.0151729
-0.0140853
-0.0155563
-0.0164951
-0.0180717
-0.0178265
-0.0179254
-0.0180416
0.00250341
0.00395061
0.00124422
-0.000275985
0.000212558
0.00196878
-0.000628357
-0.00243074
-0.00841654
-0.00676886
-0.00917688
-0.0107566
0.0186704
0.0201323
0.0174037
0.0159698
0.0164413
0.018114
0.0158889
0.0141607
0.00864704
0.0102664
0.00794183
0.00622595
0.0425616
0.045189
0.0395801
0.0369826
0.0379244
0.0416476
0.0373463
0.0338021
0.0252136
0.0275306
0.024705
0.022441
0.0896808
0.0958033
0.0866951
0.0806046
0.084854
0.092207
0.0839921
0.0767885
0.057474
0.0630957
0.0567582
0.051365
0.156372
0.164554
0.155252
0.147043
0.15418
0.16267
0.15332
0.144693
0.11827
0.126632
0.11733
0.108974
-0.00437606
-0.0033696
-0.00447716
-0.00283453
-0.00177947
0
-0.0152975
-0.0149453
-0.0158759
-0.0146275
-0.0135651
-0.0107165
-0.01512
-0.0165074
-0.0159948
-0.0171757
-0.0175707
-0.0180345
-0.00160622
-0.00309239
-0.00148924
-0.00418495
-0.00583486
-0.00989896
0.0145144
0.0134634
0.0149189
0.0125666
0.0110466
0.00706083
0.0348924
0.0323428
0.0348458
0.0308727
0.0284672
0.0232844
0.0754255
0.0721375
0.0781269
0.0702366
0.0644013
0.052605
0.139013
0.137471
0.145749
0.136157
0.127826
0.11026
-0.0102678
-0.00944193
-0.00895302
-0.00758482
-0.00849044
-0.00951123
-0.00754488
-0.00673163
-0.00507302
-0.00403887
-0.00271161
-0.00288828
-0.00160869
-0.00105695
0
-0.0172247
-0.0177376
-0.017865
-0.0174272
-0.0174819
-0.0174625
-0.0164117
-0.016408
-0.0148134
-0.014575
-0.0139971
-0.0126354
-0.012197
-0.0101335
-0.00939723
-0.0111425
-0.012178
-0.0133763
-0.0127829
-0.011335
-0.0131619
-0.014422
-0.015595
-0.0165318
-0.0172972
-0.0169465
-0.0175432
-0.0171866
0.0065594
0.00548734
0.00453281
0.00286762
0.00374487
0.00554413
0.0030309
0.0011947
-0.00142325
-0.00322954
-0.00502268
-0.00579371
-0.00750465
-0.0098076
0.0232522
0.0216322
0.0205385
0.018894
0.020024
0.0222752
0.0201149
0.0178421
0.0157705
0.0137555
0.0119469
0.0116039
0.00971692
0.0073891
0.0518027
0.0485191
0.0467175
0.0427967
0.0460757
0.0512336
0.0465026
0.0415676
0.0377797
0.0337348
0.0303411
0.0307192
0.0274345
0.0249665
0.105267
0.102723
0.101008
0.0935399
0.100093
0.108405
0.100004
0.0917604
0.0840869
0.0764639
0.0694445
0.0696935
0.0628798
0.057121
0.173581
0.18175
0.172764
0.180921
0.171882
0.163567
0.180073
0.171086
0.179337
0.170365
0.161919
0.152666
0.143955
0.135233
0.134743
0.125958
0.117039
-0.00129575
-0.0126957
-0.0172559
-0.00656381
0.0100434
0.0274171
0.0608358
0.120769
-0.00671548
-0.00564463
-0.000532615
-0.0167686
-0.016455
-0.0117288
-0.0135768
-0.0154168
-0.0180696
0.00184928
-0.000224818
-0.0088265
0.0180094
0.0161113
0.00827029
0.0408803
0.0375081
0.0248646
0.0880271
0.0843046
0.0569795
0.155828
0.15372
0.117723
-0.00381594
-0.00305122
-0.00078293
-0.0150989
-0.0148019
-0.0121932
-0.0159207
-0.016918
-0.0179394
-0.00240352
-0.00367961
-0.00792108
0.013983
0.0129843
0.00907494
0.0334683
0.0314838
0.0257522
0.0735795
0.0710371
0.0582572
0.138232
0.136771
0.118967
-0.00979821
-0.00916953
-0.00600861
-0.0087417
-0.00811702
-0.00535938
-0.00272181
-0.00277013
-0.000587542
-0.0175261
-0.0178569
-0.0167581
-0.0177481
-0.0170463
-0.0155734
-0.0143757
-0.0134366
-0.0108751
-0.0103793
-0.0117284
-0.0148051
-0.0125211
-0.0129901
-0.015612
-0.0172995
-0.0171797
-0.0176357
0.00601902
0.00498875
0.000699917
0.00412125
0.00338922
-0.00101903
-0.00462521
-0.00540326
-0.00949579
0.0223811
0.0210145
0.0168749
0.0202072
0.0199925
0.0157766
0.0122202
0.0117451
0.00765409
0.0499434
0.0474597
0.0386067
0.0462613
0.0461538
0.0374344
0.0304937
0.0304138
0.0247371
0.103887
0.101765
0.0856456
0.100451
0.0999409
0.0839165
0.0697097
0.0694364
0.056803
0.173196
0.172319
0.154695
0.171468
0.170728
0.152974
0.135643
0.134934
0.117099
