FiniteElementSpace
FiniteElementCollection: L2_2D_P3
VDim: 1
Ordering: 0

0.0489121
0.0322503
0.0349158
0.0400821
0.0255915
0.0209354
0.0264891
0.0335015
0.011602
0.012219
0.0178144
0.0241673
0.00801622
0.00897194
0.0128587
0.0169261
0.00900836
0.00800055
0.00678705
0.00593365
0.00783147
0.0069703
0.00594217
0.00522557
0.0065162
0.00582806
0.00501928
0.00446507
0.00569385
0.00512031
0.00445848
0.00401417
0.000641068
0.000489772
0.000323436
0.000219745
0.000713733
0.000571367
0.000412536
0.000311117
0.000843931
0.00071289
0.000565255
0.00046927
0.000965339
0.000841617
0.000702461
0.000611828
0.000109262
0.000132352
0.000164537
0.000190415
3.47921e-05
4.46635e-05
5.99515e-05
7.31498e-05
2.17276e-05
1.66813e-05
1.33085e-05
1.27927e-05
6.43309e-05
4.96835e-05
3.46301e-05
2.57651e-05
0.000295186
0.000292722
0.000287941
0.000283105
0.000149459
0.000149949
0.000149474
0.000148268
3.57565e-05
3.72168e-05
3.86353e-05
3.93471e-05
2.42576e-06
3.00311e-06
3.71987e-06
4.24224e-06
0.000262407
0.000267029
0.000272153
0.000275367
0.000149584
0.000153008
0.0001568
0.000159171
4.99514e-05
5.20003e-05
5.43113e-05
5.57859e-05
9.75648e-06
1.07347e-05
1.18901e-05
1.26572e-05
0.000315587
0.000310505
0.000302695
0.00029584
0.000184879
0.000181956
0.000177244
0.000172983
7.07206e-05
6.99869e-05
6.85699e-05
6.71761e-05
2.16985e-05
2.20487e-05
2.2405e-05
2.26547e-05
9.78902e-05
8.11438e-05
6.15114e-05
4.81992e-05
5.86128e-05
4.86815e-05
3.74402e-05
3.01838e-05
3.21151e-05
2.81368e-05
2.43653e-05
2.26133e-05
2.82665e-05
2.69459e-05
2.66146e-05
2.74871e-05
0.0189548
0.0175278
0.0158142
0.0146117
0.0167453
0.0153707
0.0137377
0.0126047
0.0140494
0.0127901
0.0113147
0.0103072
0.0122062
0.0110531
0.00972327
0.00883127
0.00519013
0.00467997
0.00417434
0.00389922
0.00386876
0.00349527
0.00314708
0.00297622
0.00299692
0.00268455
0.0023964
0.00225847
0.00309408
0.00272132
0.00234706
0.00214138
0.000533015
0.00109484
0.00271926
0.0041678
0.000212056
0.000595824
0.00178698
0.00292128
2.36374e-05
0.000398367
0.00135278
0.00227712
0.000450334
0.000774963
0.00171148
0.00263447
0.0031104
0.00265146
0.00210687
0.00173126
0.00285228
0.00245732
0.00199075
0.00167022
0.00260076
0.00228012
0.00190542
0.00165074
0.00247464
0.00220173
0.00188769
0.00167763
0.00167988
0.00157533
0.00147073
0.00141237
0.00137921
0.00130735
0.00124364
0.00121539
0.00102946
0.000989142
0.000966684
0.000970215
0.000795836
0.000771001
0.000770832
0.000793095
0.0027422
0.00252854
0.00231717
0.00220129
0.00211809
0.0019578
0.00180994
0.00173859
0.00154334
0.00141266
0.00130179
0.00125773
0.00130433
0.00116171
0.00103939
0.000989706
1.3667e-05
3.77089e-06
4.68272e-06
1.55162e-05
6.71474e-05
4.22029e-05
2.18049e-05
1.49321e-05
0.000187304
0.000146837
0.000105085
8.08524e-05
0.000308479
0.000258625
0.000204687
0.00017102
0.000773439
0.000733829
0.000692286
0.00066731
0.000851817
0.000826763
0.000803667
0.000792505
0.000973173
0.000970131
0.000975468
0.000985993
0.00108289
0.00109895
0.00112933
0.00115922
0.00112198
0.00105998
0.000996318
0.000959198
0.00104246
0.00100399
0.000970105
0.000955158
0.00094054
0.000932989
0.000939243
0.000955021
0.00086577
0.000882119
0.000920266
0.000961117
0.000267362
0.000276915
0.000287503
0.000294116
0.000118905
0.000126131
0.000134449
0.000139906
1.88066e-05
2.14186e-05
2.4781e-05
2.72482e-05
4.05933e-06
2.54844e-06
1.32156e-06
8.7149e-07
0.000413976
0.00039874
0.000382333
0.000372312
0.000603152
0.000586043
0.000567609
0.000556374
0.000904307
0.000884809
0.00086378
0.000850971
0.00117677
0.00115536
0.00113222
0.00111808
0.000549732
0.000525334
0.000499577
0.000484089
0.000717002
0.000697561
0.000678277
0.000667824
0.000978761
0.000967708
0.00095948
0.000957656
0.0012139
0.00121061
0.00121267
0.00121888
0.000264921
0.000263683
0.000261007
0.000258144
0.000144031
0.000144461
0.000144259
0.000143507
4.2163e-05
4.31698e-05
4.41255e-05
4.45593e-05
5.92355e-06
6.34093e-06
6.83195e-06
7.14119e-06
0.00024946
0.000240241
0.00022954
0.000222303
0.000391051
0.000378362
0.000363465
0.000353262
0.00062053
0.000602602
0.000581292
0.00056649
0.000829438
0.000806944
0.000779997
0.000761116
0.000323785
0.000312177
0.000299024
0.000290426
0.000493971
0.000478243
0.000460182
0.000448178
0.000767718
0.000745749
0.000720132
0.000702779
0.00101628
0.000988799
0.000956424
0.000934212
0.000298998
0.000304281
0.000310089
0.000313686
0.000174689
0.000178131
0.000181775
0.000183902
6.41801e-05
6.60499e-05
6.79805e-05
6.90555e-05
1.68633e-05
1.78444e-05
1.88718e-05
1.94493e-05
0.000153269
0.000148274
0.000142715
0.000139178
0.000257129
0.000249945
0.000241808
0.000236503
0.000431105
0.000420776
0.000408876
0.00040094
0.000593223
0.000580337
0.000565338
0.00055521
0.00019227
0.000185946
0.000178675
0.000173818
0.000311632
0.000302932
0.000292822
0.000285987
0.000507608
0.000495538
0.000481356
0.000471646
0.00068749
0.000672674
0.00065515
0.000643064
0.000239106
0.000220941
0.00019756
0.000179989
0.000139699
0.000129071
0.000115467
0.000105355
5.699e-05
5.3375e-05
4.90605e-05
4.61926e-05
2.46613e-05
2.45476e-05
2.5031e-05
2.6032e-05
0.000103421
0.000100308
9.81186e-05
9.79979e-05
0.000162971
0.000155231
0.000147289
0.000142958
0.000265925
0.000250348
0.000232617
0.000221097
0.000364367
0.000341413
0.000314439
0.000296112
0.000122778
0.000118539
0.000114396
0.000112337
0.00020967
0.000202121
0.000193932
0.000188964
0.000357974
0.000345108
0.000330334
0.000320571
0.000498262
0.000480616
0.000459864
0.00044571
1.01497e-05
6.7489e-06
3.48499e-06
1.79026e-06
8.02224e-06
5.22873e-06
2.66257e-06
1.40961e-06
1.26394e-05
9.8181e-06
7.29496e-06
6.10733e-06
2.16007e-05
1.80627e-05
1.48329e-05
1.32558e-05
5.37663e-05
4.52055e-05
3.65182e-05
3.15836e-05
5.50587e-05
4.49691e-05
3.46604e-05
2.87722e-05
5.89113e-05
4.61864e-05
3.30785e-05
2.55397e-05
6.378e-05
4.85371e-05
3.27523e-05
2.36339e-05
9.04769e-05
8.53032e-05
8.06468e-05
7.87211e-05
0.000116084
0.000106902
9.73597e-05
9.19464e-05
0.000160935
0.000144912
0.000127032
0.000115672
0.000204221
0.000181718
0.000155941
0.000138952
0.0287295
0.0253466
0.021671
0.019244
0.0249237
0.0222863
0.0192399
0.0171768
0.0200573
0.0182194
0.0161223
0.0147254
0.016324
0.0151547
0.0138696
0.0130605
0.0144871
0.0135929
0.0127057
0.012114
0.0109564
0.0105135
0.0101146
0.00990288
0.00756231
0.00746545
0.00743031
0.00746153
0.00578977
0.00583641
0.0059365
0.00601163
0.00637718
0.0068776
0.0105396
0.0142873
0.00374888
0.00446902
0.00756141
0.0106359
0.00167953
0.00238765
0.00468094
0.00693578
0.000808794
0.00140495
0.00315925
0.00489166
0.00551612
0.00481658
0.00397678
0.00338886
0.00488316
0.0042868
0.00357585
0.00308164
0.00419991
0.00372397
0.00316448
0.00278124
0.00379322
0.00339559
0.00293639
0.00262784
0.00356429
0.00320778
0.00279927
0.00252703
0.00311824
0.00283295
0.00251202
0.00230266
0.00262928
0.00241808
0.00219018
0.00204886
0.00233245
0.00216168
0.00198658
0.00188522
0.00525973
0.0047442
0.0041549
0.00376327
0.00445296
0.00404032
0.00357789
0.00327767
0.00358457
0.00327923
0.00295148
0.00274977
0.00308094
0.00283258
0.0025792
0.00243364
0.000177133
0.000113609
5.27252e-05
2.26376e-05
0.000268222
0.000197821
0.000124977
8.32463e-05
0.000424244
0.000347544
0.000264084
0.000212113
0.000564702
0.000484352
0.000395597
0.00033894
0.000628083
0.000548124
0.000459043
0.000401447
0.000717818
0.000642561
0.000558364
0.000503481
0.000829275
0.000763012
0.000689851
0.00064281
0.000908296
0.000851042
0.000789726
0.000751768
0.00101245
0.000894705
0.000761995
0.00067518
0.00105981
0.000955718
0.000838827
0.000762475
0.00111046
0.00102428
0.000929517
0.000869015
0.00113904
0.00106658
0.000989749
0.0009429
0.000202225
0.000220585
0.00024376
0.000260721
7.94482e-05
9.01141e-05
0.000103986
0.000114387
1.23432e-05
1.32198e-05
1.54316e-05
1.77378e-05
2.08591e-05
1.48239e-05
8.92143e-06
5.68072e-06
4.06383e-05
3.16153e-05
2.2248e-05
1.66739e-05
0.000105955
9.26248e-05
7.82894e-05
6.94132e-05
0.000244189
0.000226944
0.000208298
0.000196734
0.000386899
0.000368058
0.000347816
0.000335407
9.7635e-05
7.91828e-05
5.9492e-05
4.73178e-05
0.000179025
0.000156078
0.000130961
0.000114977
0.000326953
0.000301128
0.000272879
0.000254984
0.000468625
0.000442895
0.000415192
0.00039804
0.000280407
0.000277292
0.000271983
0.000266974
0.000147717
0.000147418
0.000146131
0.000144455
3.9788e-05
4.0731e-05
4.15456e-05
4.18361e-05
4.50887e-06
4.94053e-06
5.44108e-06
5.76337e-06
1.72086e-06
1.47728e-06
1.30053e-06
1.24987e-06
2.49685e-05
2.28822e-05
2.07032e-05
1.94149e-05
0.00011006
0.000104606
9.85275e-05
9.46216e-05
0.000215423
0.000206783
0.0001969
0.000190346
2.09603e-06
1.82042e-06
1.68419e-06
1.73875e-06
3.23535e-05
2.98467e-05
2.7301e-05
2.58804e-05
0.000130151
0.00012387
0.000117007
0.000112733
0.000247324
0.000237664
0.000226805
0.000219784
0.000278075
0.000284226
0.000291312
0.000295998
0.000160999
0.000165143
0.000169825
0.00017284
5.68236e-05
5.9089e-05
6.16215e-05
6.32202e-05
1.31883e-05
1.43061e-05
1.55706e-05
1.63678e-05
2.47637e-06
2.99521e-06
3.60746e-06
4.00615e-06
5.43322e-06
4.71275e-06
3.97327e-06
3.53918e-06
5.34137e-05
5.07888e-05
4.78955e-05
4.60624e-05
0.000122902
0.000118535
0.000113609
0.000110399
1.0665e-06
1.41745e-06
1.88801e-06
2.23214e-06
8.46176e-06
7.45008e-06
6.40617e-06
5.78919e-06
6.36607e-05
6.0492e-05
5.69616e-05
5.46865e-05
0.000139919
0.000134774
0.000128907
0.000125024
0.000290648
0.000278184
0.000261259
0.000247862
0.000169933
0.000162645
0.000152647
0.000144694
6.63574e-05
6.39988e-05
6.07866e-05
5.83177e-05
2.30481e-05
2.31652e-05
2.35206e-05
2.40585e-05
1.08108e-05
1.17429e-05
1.33499e-05
1.49935e-05
5.97031e-06
7.29861e-06
9.73364e-06
1.22443e-05
3.37497e-05
3.39283e-05
3.53008e-05
3.73273e-05
7.9289e-05
7.73834e-05
7.63647e-05
7.68097e-05
7.63971e-06
8.26137e-06
9.1737e-06
1.00092e-05
2.2002e-06
2.66519e-06
3.71627e-06
4.91824e-06
3.38015e-05
3.29005e-05
3.26156e-05
3.31336e-05
8.5809e-05
8.2985e-05
8.05062e-05
7.95838e-05
4.15084e-05
3.12641e-05
2.00681e-05
1.31164e-05
2.65633e-05
2.01583e-05
1.35248e-05
9.71755e-06
2.14079e-05
1.80087e-05
1.50503e-05
1.38595e-05
2.72658e-05
2.48116e-05
2.30953e-05
2.28643e-05
3.18944e-05
2.9574e-05
2.79848e-05
2.78055e-05
3.85287e-05
3.60281e-05
3.42787e-05
3.40311e-05
5.33358e-05
4.93263e-05
4.58867e-05
4.45551e-05
6.90354e-05
6.2941e-05
5.71217e-05
5.42275e-05
2.99728e-05
2.94916e-05
3.02087e-05
3.1843e-05
3.50193e-05
3.49531e-05
3.62654e-05
3.83917e-05
5.40223e-05
5.27119e-05
5.26372e-05
5.38773e-05
7.73332e-05
7.38178e-05
7.11525e-05
7.06268e-05
0.0137814
0.0124006
0.010747
0.00958996
0.0119125
0.0107169
0.00929731
0.00831326
0.00977048
0.00879999
0.00766581
0.00689352
0.00838518
0.00757039
0.00663482
0.0060108
0.00767756
0.00694045
0.00610125
0.00554669
0.00637865
0.00577995
0.00511223
0.00468166
0.00498183
0.00453173
0.00405058
0.00375636
0.00419011
0.00381968
0.00344226
0.00322611
0.0112296
0.0101353
0.00889575
0.00808349
0.00921243
0.0083243
0.00734104
0.00671384
0.00704169
0.00637695
0.00566961
0.00524072
0.00582118
0.00528021
0.0047255
0.00440649
0.00370084
0.00337315
0.00304921
0.00287213
0.00281651
0.00256901
0.0023377
0.00222304
0.00212349
0.00191226
0.00172236
0.00163519
0.00199695
0.00175094
0.00151988
0.00140456
0.00185605
0.00160185
0.00135598
0.00122749
0.00181732
0.00150581
0.00118163
0.000992843
0.00254828
0.00204768
0.0014906
0.00113639
0.00374655
0.00300649
0.00216385
0.00161276
0.00299077
0.00263169
0.00224288
0.00200673
0.00336304
0.00288893
0.00235169
0.0020031
0.00531492
0.00448987
0.00351896
0.00285928
0.00809104
0.00680477
0.00528376
0.00424194
0.00524927
0.00535266
0.0053955
0.00534416
0.00395653
0.00395675
0.00395395
0.00393785
0.00330291
0.00321014
0.0031173
0.00305923
0.00409101
0.00373527
0.00343753
0.0032752
0.0042816
0.00378435
0.00335255
0.00317357
0.00566003
0.00493023
0.00410967
0.00358625
0.0102933
0.00879358
0.00695535
0.00566543
0.0163613
0.013933
0.0109048
0.00873328
0.00068737
0.00213953
0.00353094
0.00359779
0.00071524
0.0017892
0.00438879
0.00677789
0.00868468
0.00594454
0.0101847
0.015054
0.0408751
0.0162069
0.0186286
0.0259275
0.00155809
0.00127797
0.000953775
0.000737169
0.00152485
0.00127728
0.000990581
0.000798482
0.00153175
0.00132221
0.00108067
0.000919209
0.00157275
0.00138745
0.00117611
0.00103624
0.00157385
0.00140301
0.00120865
0.00108022
0.00153172
0.00138794
0.00122605
0.00112017
0.00147576
0.0013628
0.00123932
0.00116123
0.00143104
0.00133806
0.00124068
0.00118242
0.00238788
0.00214111
0.00185877
0.00167099
0.00218898
0.00198817
0.00176191
0.00161396
0.00196125
0.00180949
0.0016447
0.00154155
0.00181197
0.00168876
0.00156127
0.00148643
0.00136438
0.00128528
0.00120518
0.00115955
0.00118269
0.00113133
0.00108625
0.00106661
0.000955964
0.000936791
0.000933702
0.000946347
0.00079168
0.000794146
0.000820602
0.000856964
0.000680813
0.000696948
0.000741743
0.000792659
0.00045959
0.000503131
0.000583794
0.000662631
0.00026069
0.000332755
0.000452904
0.000564136
0.000181998
0.000271096
0.000416718
0.000550217
0.000641434
0.00062692
0.000640733
0.000674294
0.000344021
0.000347197
0.000384659
0.000437257
9.29277e-05
0.000103734
0.000155149
0.000222001
9.57674e-06
1.53104e-05
6.56097e-05
0.000136103
0.00211236
0.00196717
0.00182301
0.0017436
0.00166973
0.00156454
0.00146948
0.00142559
0.00120417
0.0011289
0.00107264
0.00105842
0.000938371
0.000867807
0.000820711
0.000815871
0.00075994
0.000694821
0.000654679
0.00065545
0.000444482
0.000380907
0.000343374
0.000347369
0.000265197
0.000173742
0.000105952
9.21957e-05
0.000309553
0.000174891
5.95628e-05
1.65064e-05
0.0011271
0.000984625
0.000860203
0.000808008
0.000882375
0.000717699
0.00056385
0.000490122
0.000978615
0.000728112
0.000471167
0.000326529
0.00137881
0.00101918
0.000634357
0.000403419
2.39756e-05
4.03788e-05
6.87706e-05
9.54083e-05
1.38493e-05
1.37346e-05
2.00907e-05
2.94436e-05
6.89039e-05
5.11058e-05
3.44306e-05
2.60923e-05
0.000152329
0.000123612
9.32483e-05
7.47618e-05
0.000200777
0.000168123
0.000132685
0.000110351
0.000296325
0.000260123
0.000220076
0.000194234
0.000447062
0.000410146
0.000369455
0.000343344
0.000579364
0.000544847
0.000507599
0.000484359
0.000369266
0.000316669
0.000258809
0.000221852
0.000470759
0.000417416
0.000358018
0.000319431
0.000611948
0.000561652
0.000506055
0.000470222
0.000724271
0.000679309
0.000630861
0.000600626
0.000648368
0.000617052
0.000584063
0.000564175
0.000780271
0.000758605
0.00073793
0.000727353
0.000984684
0.000978343
0.000977536
0.000982189
0.00116782
0.0011752
0.00119238
0.00121093
0.00127225
0.00128818
0.00131657
0.00134379
0.00149137
0.00152557
0.00157727
0.00162214
0.00184873
0.00190681
0.00198975
0.00205877
0.00218273
0.00225925
0.00236667
0.00245489
0.00114175
0.00116975
0.00121575
0.0012577
0.00126577
0.00131926
0.00139785
0.00146448
0.00149521
0.00158218
0.00170448
0.00180487
0.00172863
0.00184167
0.00199849
0.00212588
0.000929131
0.000879616
0.000828131
0.00079753
0.000936551
0.000906269
0.000879124
0.00086668
0.00095343
0.000950592
0.000958941
0.000973579
0.000974046
0.000994026
0.00103246
0.00107048
0.000977661
0.00101191
0.0010691
0.00112167
0.000986884
0.00105146
0.00114758
0.00122976
0.00106434
0.00116798
0.00131538
0.00143738
0.00117967
0.00131326
0.00150063
0.00165415
0.000810315
0.000841635
0.000899625
0.000956009
0.000698485
0.00076115
0.000859678
0.000947143
0.00062266
0.000723517
0.000872905
0.00100048
0.000623839
0.000752439
0.000939787
0.00109804
0.000295696
0.000297504
0.000297949
0.000296835
0.000141997
0.000145172
0.000148018
0.000149205
2.84728e-05
3.07727e-05
3.33249e-05
3.49257e-05
7.96808e-07
1.06531e-06
1.57597e-06
2.08022e-06
4.26362e-06
3.24727e-06
2.42189e-06
2.14777e-06
4.34544e-05
3.96038e-05
3.56938e-05
3.35143e-05
0.000154872
0.000146926
0.000138403
0.000133239
0.000283319
0.000272119
0.000259819
0.000252121
1.38848e-05
1.03408e-05
6.87838e-06
5.02023e-06
6.4709e-05
5.75603e-05
5.00827e-05
4.56699e-05
0.000190021
0.000178658
0.000166496
0.000159115
0.000327618
0.000313561
0.000298387
0.000289083
0.000365806
0.000352853
0.000338554
0.000329533
0.00054843
0.000531953
0.00051354
0.000501742
0.000840887
0.000819246
0.000794697
0.000778655
0.00110607
0.00107995
0.00104998
0.00103011
0.00126187
0.001233
0.0011997
0.00117748
0.00158491
0.00154981
0.00150888
0.00148119
0.00206786
0.00202245
0.00196886
0.00193203
0.00248648
0.00243126
0.00236553
0.0023199
0.00133687
0.00131428
0.00128983
0.00127485
0.00167039
0.00164495
0.00161712
0.00159986
0.00217414
0.00214311
0.00210868
0.00208688
0.00261537
0.00257837
0.00253683
0.00251009
0.00047334
0.000454347
0.00043419
0.000422064
0.000658766
0.000640762
0.00062215
0.000611445
0.000951676
0.000935904
0.000920551
0.000912649
0.00121582
0.00120234
0.00119025
0.00118508
0.00137063
0.00135857
0.00134851
0.00134501
0.0016942
0.00168494
0.00167862
0.00167814
0.00218929
0.00218242
0.00217971
0.00218243
0.00262833
0.00262213
0.00262091
0.00262523
0.00135063
0.00135218
0.00136063
0.00137185
0.00163705
0.0016488
0.00167035
0.00169155
0.00208452
0.00210903
0.00214752
0.00218199
0.00248865
0.00252247
0.00257359
0.00261818
0.000257672
0.00025944
0.000260787
0.000261073
0.000143794
0.000145728
0.000147557
0.000148409
4.50666e-05
4.6564e-05
4.8177e-05
4.91287e-05
7.36693e-06
8.02856e-06
8.8227e-06
9.34994e-06
6.58756e-07
6.93025e-07
8.18424e-07
9.44508e-07
1.2845e-05
1.14091e-05
9.90271e-06
8.99247e-06
7.65339e-05
7.25894e-05
6.81657e-05
6.52869e-05
0.000160956
0.000154653
0.000147416
0.00014258
1.14488e-06
9.32145e-07
7.72187e-07
7.07129e-07
1.85347e-05
1.6709e-05
1.4776e-05
1.35977e-05
9.21901e-05
8.74345e-05
8.20894e-05
7.86042e-05
0.000186393
0.000178835
0.000170134
0.000164306
0.000218194
0.00021049
0.000201569
0.000195551
0.000347579
0.000337007
0.000324625
0.000316165
0.00055841
0.000543625
0.000526098
0.000513962
0.000750934
0.000732577
0.000710659
0.000695362
0.000863853
0.000843491
0.000819097
0.000802012
0.00109348
0.00106918
0.00103994
0.00101934
0.00142705
0.00139731
0.00136133
0.00133584
0.00170722
0.0016731
0.00163168
0.00160225
0.000951813
0.000926669
0.000896442
0.00087518
0.00120114
0.00117045
0.00113334
0.00110707
0.00156438
0.00152542
0.00147798
0.00144415
0.00187055
0.00182439
0.00176794
0.00172749
0.000285084
0.000274566
0.000262436
0.00025431
0.000440725
0.000426222
0.000409298
0.000397803
0.000691986
0.000671405
0.000647061
0.000630262
0.000920365
0.000894414
0.000863448
0.000841862
0.00105418
0.00102504
0.000990127
0.000965684
0.00132822
0.00129214
0.00124864
0.00121794
0.00173034
0.00168352
0.00162662
0.00158611
0.002072
0.00201551
0.00194648
0.00189707
0.00116211
0.00113129
0.00109482
0.00106966
0.00146268
0.00142445
0.00137883
0.00134705
0.00190774
0.00185775
0.0017975
0.00175505
0.00228964
0.00222879
0.00215498
0.00210261
0.000315375
0.000316779
0.000317365
0.000316857
0.000184861
0.000185852
0.000186182
0.000185696
6.95908e-05
7.03964e-05
7.08913e-05
7.08481e-05
1.98097e-05
2.04764e-05
2.11046e-05
2.14081e-05
5.84457e-06
6.31593e-06
6.86734e-06
7.25437e-06
1.8595e-06
1.66258e-06
1.66958e-06
1.89028e-06
3.8139e-05
3.63795e-05
3.47603e-05
3.40507e-05
9.60649e-05
9.25407e-05
8.89068e-05
8.68727e-05
4.24778e-06
4.74867e-06
5.29546e-06
5.62107e-06
3.26871e-06
2.74012e-06
2.23539e-06
1.97949e-06
4.50067e-05
4.27515e-05
4.03584e-05
3.89341e-05
0.00010859
0.000104652
0.000100322
9.76098e-05
0.000137137
0.000132423
0.000127405
0.00012444
0.000233379
0.000226056
0.000217915
0.000212759
0.000396222
0.000384922
0.000371938
0.000363326
0.000549178
0.000534465
0.00051727
0.000505614
0.000640581
0.000623966
0.000604428
0.00059108
0.000831846
0.000811729
0.000787848
0.00077132
0.00112096
0.00109654
0.00106737
0.00104703
0.00137337
0.00134602
0.0013133
0.00129043
0.00068951
0.000675277
0.000658657
0.00064739
0.000889059
0.000872586
0.000853293
0.000840156
0.0011864
0.00116765
0.00114572
0.0011308
0.00144239
0.00142258
0.0013995
0.0013839
0.000171183
0.000165762
0.000159598
0.000155546
0.00028233
0.000274787
0.000266122
0.000260355
0.000466572
0.00045607
0.000443871
0.000435643
0.000636878
0.000624025
0.000608993
0.000598775
0.000737473
0.000723397
0.000706901
0.000695663
0.000944
0.000927953
0.000909137
0.000896308
0.00124775
0.0012298
0.0012088
0.00119454
0.00150593
0.00148716
0.00146535
0.00145065
0.000793291
0.000776995
0.00075767
0.000744303
0.00100901
0.000990096
0.000967605
0.000952001
0.00132339
0.00130137
0.00127514
0.0012569
0.00158819
0.00156412
0.00153546
0.00151556
0.000169455
0.000149604
0.000125153
0.000107614
9.94665e-05
8.78274e-05
7.37642e-05
6.39485e-05
4.4664e-05
4.04977e-05
3.60597e-05
3.35417e-05
2.67316e-05
2.61944e-05
2.65682e-05
2.78107e-05
2.35268e-05
2.42513e-05
2.63054e-05
2.88599e-05
2.5113e-05
2.66554e-05
2.9899e-05
3.34521e-05
4.71891e-05
4.772e-05
4.9937e-05
5.29211e-05
7.81847e-05
7.64877e-05
7.60964e-05
7.73096e-05
1.62911e-05
1.73983e-05
1.96007e-05
2.20157e-05
1.40713e-05
1.59682e-05
1.94284e-05
2.29742e-05
3.88143e-05
3.97167e-05
4.22581e-05
4.53829e-05
7.7297e-05
7.60074e-05
7.60099e-05
7.74342e-05
9.78118e-05
9.42856e-05
9.16891e-05
9.13426e-05
0.00014026
0.000132099
0.000123772
0.000119263
0.000214039
0.000197949
0.0001798
0.000168149
0.000284877
0.000261259
0.000233774
0.000215327
0.000326748
0.000298352
0.000264935
0.000242157
0.000416372
0.000377842
0.000331684
0.000299495
0.000560653
0.000506528
0.000440864
0.000394334
0.000693716
0.000625674
0.000542656
0.000483413
0.000423469
0.000395895
0.000363116
0.000340493
0.00054959
0.000512335
0.000467227
0.000435356
0.000748745
0.000696946
0.000633438
0.00058786
0.000929631
0.000865151
0.000785655
0.000728213
0.000111299
0.000107734
0.000104741
0.000103811
0.000186024
0.000178374
0.000170316
0.000165692
0.000314467
0.000300028
0.00028349
0.000272632
0.000436688
0.000415966
0.000391532
0.000374841
0.000510309
0.000485749
0.000456477
0.000436195
0.000666675
0.000634232
0.000594884
0.000567001
0.000909814
0.000865894
0.000811982
0.000773212
0.00112775
0.00107415
0.00100799
0.000960117
0.000582546
0.000562089
0.000537814
0.000521064
0.000760397
0.00073438
0.000703048
0.000681007
0.00103307
0.000999403
0.000958423
0.000929222
0.00127436
0.00123463
0.00118604
0.00115123
1.03273e-06
9.76441e-07
9.41375e-07
1.05762e-06
1.15776e-06
8.22594e-07
8.66322e-07
1.49374e-06
5.56021e-06
3.82034e-06
3.24195e-06
4.507e-06
1.19425e-05
8.07131e-06
6.30902e-06
8.05607e-06
1.54736e-05
1.05629e-05
6.7931e-06
6.4422e-06
1.83073e-05
1.21659e-05
6.75931e-06
4.92308e-06
2.24893e-05
1.49008e-05
7.61431e-06
4.15205e-06
2.60157e-05
1.75568e-05
9.05269e-06
4.56401e-06
2.64709e-05
2.25715e-05
1.90373e-05
1.7337e-05
3.25298e-05
2.79912e-05
2.37415e-05
2.15791e-05
4.23602e-05
3.63225e-05
3.04387e-05
2.72709e-05
5.11418e-05
4.34819e-05
3.58417e-05
3.16075e-05
2.57639e-05
1.73117e-05
8.75006e-06
4.25666e-06
2.29006e-05
1.53321e-05
7.57332e-06
3.60549e-06
1.97648e-05
1.35245e-05
7.00436e-06
3.94081e-06
1.79228e-05
1.27145e-05
7.22397e-06
5.0356e-06
1.58143e-05
1.10068e-05
6.66263e-06
5.85704e-06
1.39345e-05
9.27234e-06
4.86161e-06
3.53655e-06
1.45828e-05
8.8702e-06
3.5552e-06
1.50264e-06
1.76146e-05
1.04771e-05
4.01023e-06
1.37692e-06
6.54663e-05
4.89578e-05
3.16783e-05
2.15629e-05
6.91909e-05
5.07436e-05
3.1284e-05
1.98021e-05
7.81046e-05
5.67908e-05
3.41514e-05
2.07007e-05
8.80974e-05
6.43892e-05
3.91332e-05
2.40878e-05
7.63769e-05
6.89117e-05
6.14665e-05
5.74494e-05
8.78043e-05
7.73881e-05
6.6432e-05
5.99828e-05
0.000108433
9.31005e-05
7.63139e-05
6.58442e-05
0.000128744
0.000108862
8.66879e-05
7.2512e-05
0.000139086
0.000116535
9.12669e-05
7.50138e-05
0.000161017
0.000132846
0.000100954
8.01859e-05
0.000199368
0.000162162
0.000119659
9.1687e-05
0.00023672
0.000191217
0.000139022
0.000104516
0.000228738
0.000202152
0.000171436
0.000150949
0.000281235
0.000245916
0.000204481
0.000176301
0.000368145
0.000319057
0.000260779
0.000220545
0.000449924
0.000388302
0.000314741
0.000263612
