FiniteElementSpace
FiniteElementCollection: H1_2D_P2
VDim: 2
Ordering: 0

0
1.17024
2.13973
3.03725
3.94909
4.89164
5.8512
6.82461
7.81778
0
0.825179
1.70303
2.64718
3.65218
4.68242
5.72428
6.76558
7.78006
0.611882
1.00831
0.405276
0
1.67269
1.92243
1.2574
2.59014
2.83892
2.16583
3.48909
3.798
3.14439
4.41726
4.78554
4.16567
5.37001
5.78708
5.20207
6.33563
6.79556
6.24679
7.31908
7.79968
7.27689
0.517943
1.47077
2.37598
3.31347
4.2895
5.28492
6.29113
7.29881
0.30786
0.559808
0.258975
0
1.42725
1.56944
1.24187
1.08672
2.36605
2.48066
2.14837
2.02863
3.26227
3.40007
3.07479
2.93616
4.18225
4.35302
4.04306
3.87292
5.13043
5.32719
5.03485
4.83825
6.09294
6.31398
6.03895
5.81919
7.07115
7.31012
7.04742
6.81117
0.898887
0.767771
0.925051
0.613507
0.473477
0.201491
0
1.90934
1.69704
1.81554
1.47829
1.36919
1.03982
2.81349
2.60602
2.74319
2.40427
2.27211
1.93211
3.71801
3.55468
3.72439
3.39731
3.22845
2.89411
4.65382
4.53705
4.73357
4.42369
4.22697
3.90843
5.61026
5.53569
5.75529
5.46294
5.2432
4.94187
6.57946
6.5434
6.77976
6.50692
6.26833
5.98572
7.56814
7.80959
7.54959
7.78948
7.52933
7.28715
7.02233
0.276071
1.33225
2.25474
3.16695
4.1122
5.08231
6.06626
7.06048
0.83013
0.700774
0.241776
1.80082
1.59153
1.14743
2.70754
2.50575
2.04217
3.63545
3.47535
2.98422
4.5951
4.47985
3.97506
5.57283
5.499
4.98803
6.56231
6.52442
6.01183
7.55997
7.53886
7.03407
0.147594
0.289179
0.13404
0
1.30035
1.37864
1.21069
1.12728
2.25325
2.30945
2.14179
2.08319
3.14956
3.2141
3.05127
2.98605
4.06542
4.14712
3.99235
3.91085
5.01093
5.10629
4.96018
4.86487
5.97196
6.07973
5.94264
5.83524
6.9477
7.06624
6.93577
6.81828
0.75727
0.863156
0.696833
0.584082
0.644144
0.735642
0.587544
0.497099
0.128193
0.251092
0.121903
0
1.79192
1.85406
1.68571
1.62001
1.58412
1.64488
1.48022
1.42079
1.12582
1.19569
1.03641
0.967926
2.70181
2.75974
2.59393
2.53453
2.49067
2.5559
2.38846
2.32416
2.03526
2.09552
1.92848
1.8694
3.60328
3.67648
3.51749
3.4442
3.43379
3.51485
3.3516
3.27081
2.95649
3.02939
2.86328
2.79099
4.53537
4.62439
4.47392
4.38506
4.41315
4.50833
4.3533
4.25809
3.92034
4.0089
3.84955
3.76103
5.49005
5.59151
5.44991
5.34853
5.41022
5.51728
5.37102
5.26399
4.91009
5.01136
4.86071
4.75945
6.45739
6.57121
6.43808
6.32504
6.41727
6.53382
6.39644
6.27964
5.91297
6.02531
5.88354
5.77111
7.4435
7.56443
7.43503
7.31502
7.42428
7.54415
7.41318
7.2929
6.92154
7.04066
6.90706
6.78757
0.462613
0.419227
0.538267
0.389234
0.267204
0
1.55121
1.45172
1.51998
1.35677
1.28698
1.04741
2.47825
2.36765
2.42799
2.26192
2.20125
1.97528
3.37543
3.28322
3.35652
3.1938
3.12058
2.88722
4.29954
4.23244
4.32114
4.16612
4.0775
3.8353
5.25013
5.20465
5.30599
5.15979
5.0585
4.81181
6.21416
6.19004
6.30262
6.16501
6.05263
5.80313
7.19496
7.18526
7.30463
7.17318
7.0541
6.8035
1.03651
0.959972
0.889075
0.798675
0.813247
0.877928
0.718928
0.660686
0.508911
0.443584
0.358404
0.302609
0.226652
0.103306
0
2.02514
1.91505
1.80976
1.74875
1.70327
1.76027
1.59014
1.53623
1.36739
1.31501
1.25832
1.14822
1.09583
0.932133
2.92525
2.8216
2.72211
2.65645
2.624
2.69531
2.52517
2.4553
2.28445
2.21945
2.1567
2.04836
1.98785
1.81699
3.83328
3.75395
3.6761
3.59486
3.59964
3.6881
3.52453
3.43618
3.27055
3.18633
3.10597
3.01886
2.93917
2.77016
4.7726
4.71656
4.66118
4.56598
4.60661
4.70788
4.55296
4.45163
4.29459
4.19615
4.10088
4.03695
3.94156
3.78016
5.73064
5.69592
5.66132
5.55422
5.62709
5.73965
5.59357
5.48087
5.33243
5.22255
5.11553
5.07188
4.96486
4.81205
6.70186
6.68668
6.66951
6.55296
6.6522
6.77236
6.63647
6.51539
6.377
6.25732
6.14011
6.11633
5.9986
5.85501
7.69294
7.81403
7.68488
7.80478
7.67472
7.55494
7.79452
7.66424
7.78459
7.65488
7.53389
7.40336
7.28175
7.16077
7.14989
7.02789
6.89422
0.138255
1.25438
2.19656
3.09983
4.02876
4.98547
5.95739
6.94215
0.725545
0.617237
0.125592
1.73779
1.53288
1.08226
2.64705
2.43963
1.9822
3.56007
3.39254
2.90979
4.50457
4.38309
3.88478
5.46993
5.39055
4.88531
6.44801
6.40677
5.89818
7.43966
7.41866
6.91421
0.438828
0.403588
0.13099
1.5004
1.40415
1.16817
2.42204
2.31446
2.08825
3.32888
3.23824
3.00358
4.2659
4.19916
3.9562
5.22731
5.18215
4.93505
6.20228
6.17758
5.92781
7.19054
7.17938
6.9288
0.996979
0.924355
0.670066
0.852484
0.769264
0.552148
0.375045
0.334987
0.117126
1.9691
1.86218
1.63476
1.75701
1.64785
1.42532
1.30847
1.20522
0.986771
2.87271
2.77153
2.54196
2.67303
2.5748
2.33684
2.20949
2.10313
1.87358
3.79341
3.71484
3.47541
3.6377
3.56192
3.31096
3.14975
3.06237
2.81679
4.7445
4.68878
4.44343
4.63379
4.57966
4.32379
4.13335
4.06873
3.81467
5.71328
5.67859
5.43002
5.64414
5.61022
5.35164
5.13758
5.09362
4.83628
6.69463
6.67822
6.42776
6.66076
6.64403
6.38647
6.15248
6.12801
5.86912
7.68927
7.67995
7.42982
7.66941
7.65937
7.40803
7.1669
7.15503
6.90032
0
0.383222
0.881728
1.33684
1.68328
1.93055
2.09541
2.17781
2.21132
1
1.28071
1.74632
2.22861
2.61605
2.89192
3.07475
3.1683
3.21083
0.176628
0.811582
1.10944
0.5
0.629286
1.31358
1.50134
1.12119
1.79157
1.9945
1.52408
2.16008
2.43725
1.81765
2.42057
2.76642
2.02336
2.59388
2.99473
2.14616
2.67833
3.1317
2.19663
2.71202
3.19164
0.605276
1.05664
1.56315
1.99104
2.30185
2.51821
2.64652
2.69652
0.101171
0.382608
0.531195
0.25
0.503786
0.83902
0.931185
0.590951
1.00392
1.3427
1.44027
1.09612
1.43408
1.76031
1.89516
1.56621
1.75333
2.06239
2.23408
1.92453
1.97948
2.27322
2.47203
2.17803
2.1234
2.39844
2.62305
2.34705
2.18828
2.44718
2.6885
2.42951
0.272306
0.701455
1.04302
1.18709
0.848078
1.05394
0.75
0.756164
1.18496
1.53145
1.62218
1.27892
1.38654
1.23241
1.68064
2.01268
2.11418
1.78111
1.8712
1.60702
2.07924
2.39049
2.53039
2.21673
2.33655
1.87664
2.36389
2.65842
2.83208
2.53639
2.69457
2.06205
2.5589
2.8364
3.03764
2.75864
2.94613
2.16407
2.66469
2.92456
3.1522
2.89091
3.10604
2.20407
2.46176
2.70378
2.96149
3.20139
2.94463
3.18103
0.304182
0.712268
1.22165
1.66709
1.99647
2.22819
2.37552
2.43941
0.479327
0.938481
0.7779
0.967859
1.40441
1.15754
1.45788
1.8999
1.65771
1.84599
2.30733
2.11847
2.1228
2.60019
2.46666
2.31291
2.80042
2.71125
2.41619
2.91
2.86652
2.45417
2.95285
2.93567
0.060742
0.199841
0.275004
0.125
0.442666
0.606584
0.650697
0.485388
0.943392
1.11258
1.15935
0.988416
1.38638
1.55125
1.61759
1.45204
1.71904
1.87562
1.96128
1.80466
1.95563
2.10446
2.20374
2.05492
2.11008
2.25009
2.36199
2.22188
2.18338
2.31411
2.43481
2.30404
0.222167
0.373936
0.428787
0.277839
0.651287
0.818177
0.891174
0.72407
0.509622
0.652016
0.757466
0.625
0.692786
0.861184
0.903359
0.733009
1.1206
1.29462
1.3413
1.16745
0.870427
1.04367
1.09921
0.926136
1.17764
1.34547
1.40108
1.23202
1.62264
1.79079
1.84118
1.67256
1.37728
1.5493
1.5948
1.42266
1.56642
1.72727
1.80406
1.64294
2.03608
2.19391
2.26298
2.10452
1.84431
2.00743
2.06649
1.90271
1.84778
2.00037
2.09326
1.9407
2.33356
2.48262
2.56901
2.41971
2.19789
2.35098
2.42941
2.2759
2.04336
2.18812
2.29374
2.14892
2.53925
2.6802
2.78024
2.63898
2.44696
2.5922
2.68551
2.54007
2.15569
2.29063
2.40792
2.27287
2.65622
2.78773
2.90107
2.76916
2.60919
2.74528
2.85219
2.71567
2.20037
2.32917
2.45069
2.32204
2.70016
2.82838
2.94876
2.82073
2.68377
2.81232
2.93047
2.80176
0.136104
0.340843
0.49161
0.564932
0.415217
0.375
0.566214
0.775197
0.947009
0.993364
0.820559
0.699724
1.06328
1.28283
1.45313
1.50228
1.33097
1.20461
1.47999
1.71465
1.87632
1.94406
1.78171
1.67939
1.78617
2.03015
2.18276
2.26871
2.11593
2.04297
2.00205
2.25136
2.3963
2.49579
2.35071
2.29991
2.13542
2.38765
2.52296
2.63548
2.49982
2.47103
2.19264
2.44348
2.572
2.6927
2.56421
2.55426
0.326234
0.533634
0.75506
0.588463
0.989256
1.1615
1.23221
1.06171
1.14613
0.976673
0.810131
1.07846
0.911638
1.0299
0.875
0.819295
1.03221
1.24936
1.0759
1.46788
1.63951
1.68403
1.5138
1.5612
1.39045
1.21753
1.44304
1.27209
1.33236
1.28553
1.51294
1.73698
1.56963
1.95711
2.12138
2.17218
2.00778
2.05494
1.88854
1.71988
1.93321
1.76515
1.80885
1.64596
1.88611
2.12054
1.96328
2.34982
2.50387
2.57416
2.4195
2.4848
2.32766
2.16856
2.38787
2.22822
2.28349
1.90421
2.15105
2.39289
2.24397
2.62999
2.77569
2.86271
2.71666
2.8
2.65194
2.5023
2.7313
2.58118
2.65619
2.07941
2.33068
2.57711
2.43648
2.81914
2.9561
3.05694
2.91956
3.01692
2.87722
2.73564
2.97114
2.82921
2.91972
2.17141
2.42334
2.67201
2.54086
2.91778
3.04674
3.16076
3.03149
3.14258
3.01176
2.87941
3.11957
2.98678
3.09114
2.20767
2.33647
2.45781
2.58699
2.70768
2.57904
2.83684
2.95705
3.08609
3.20613
3.07717
3.19654
3.06825
2.94033
3.18652
3.05856
3.17502
0.163857
0.545102
1.05101
1.50258
1.84091
2.08031
2.23667
2.30942
0.323626
0.769037
0.631804
0.79708
1.23076
0.983904
1.28956
1.73239
1.48627
1.686
2.15016
1.956
1.97119
2.45186
2.31427
2.16919
2.6603
2.5668
2.28234
2.77907
2.7312
2.32562
2.82457
2.80739
0.23648
0.450351
0.390589
0.669404
0.883289
0.75921
1.17299
1.39266
1.2682
1.59802
1.82997
1.7315
1.90886
2.15008
2.08025
2.12733
2.37417
2.32595
2.26214
2.51207
2.48614
2.31826
2.56829
2.55958
0.428143
0.642612
0.537901
0.870693
1.11003
1.01707
0.684709
0.941244
0.888322
0.925077
1.14041
1.01131
1.35867
1.57651
1.45167
1.10494
1.33047
1.21563
1.39966
1.6254
1.51215
1.8476
2.06538
1.94879
1.61145
1.82725
1.70248
1.7668
2.004
1.92073
2.2358
2.4626
2.37454
2.05694
2.2789
2.1757
2.02827
2.27258
2.21404
2.51201
2.74687
2.68503
2.3861
2.61735
2.54338
2.20569
2.45447
2.41708
2.69866
2.93857
2.89911
2.61627
2.85392
2.80314
2.29782
2.54806
2.53252
2.79525
3.03962
3.02225
2.75791
2.99997
2.97217
2.33274
2.58281
2.57553
2.83243
3.0816
3.07273
2.81671
3.06359
3.05301
