FiniteElementSpace
FiniteElementCollection: H1_2D_P2
VDim: 2
Ordering: 0

0
-0.00383748
-0.00132322
0.0083385
0.0197787
0.0278513
0.031495
0.0323701
0.0324045
0
0.010818
0.0219535
0.0296185
0.0314487
0.0297924
0.0289956
0.0298233
0.0303362
-0.00223177
0.00308801
0.00515437
0
-0.0036214
0.0100704
0.0165761
0.00287026
0.0191818
0.0264515
0.0142402
0.025978
0.0312358
0.024398
0.0290031
0.0307495
0.030155
0.0303089
0.0291261
0.0321393
0.0311672
0.0293197
0.0324199
0.0314487
0.0302176
0.00101358
0.00609524
0.0146402
0.0230819
0.0278627
0.0297396
0.0307912
0.031396
-0.000969787
-0.000588108
0.00033142
0
-0.00398226
0.00135419
0.00446309
-0.000315403
0.000567116
0.00897837
0.0123169
0.00455167
0.0112889
0.0188522
0.0212427
0.0139919
0.0222258
0.0261347
0.0270344
0.0229847
0.029138
0.0298389
0.0294033
0.0283507
0.0318861
0.0314209
0.0305609
0.0308116
0.0324068
0.0319371
0.0313021
0.0317703
-0.00323071
0.0019476
0.0066829
0.0079395
0.00284221
0.0024907
0
-0.00273254
0.00797656
0.0156994
0.0193427
0.0110071
0.0137156
0.00549564
0.0169563
0.0242829
0.0282226
0.0203136
0.0243439
0.0170967
0.0246642
0.0288032
0.0314937
0.0271574
0.030621
0.0262745
0.0285038
0.0295617
0.0302634
0.0294514
0.0311729
0.0309297
0.0300368
0.0297699
0.0289923
0.0295845
0.0293992
0.0322899
0.0309952
0.030529
0.0295687
0.0301293
0.0291156
0.0324191
0.0319615
0.0314458
0.0308971
0.0303147
0.0308165
0.0300486
-0.000291865
0.00032765
0.00664596
0.0164836
0.0246852
0.0291713
0.0311545
0.0318727
-0.000607711
0.00471533
0.00106317
0.00277032
0.0133298
0.00878146
0.011459
0.0224125
0.0180516
0.0210335
0.0281272
0.0258743
0.0273482
0.0295426
0.029226
0.0303787
0.0296513
0.0295625
0.0316227
0.0303344
0.0299344
0.0319686
0.0308838
0.0306946
-0.000337755
-0.000625934
-9.80455e-05
0
-0.00397139
-0.00178504
-4.03363e-05
-0.00204348
-0.000434476
0.00368627
0.005564
0.0016865
0.00980799
0.0139618
0.0152483
0.0112479
0.021035
0.0234683
0.0238665
0.0214133
0.0285297
0.029113
0.0287818
0.0280669
0.0317099
0.0314921
0.0309934
0.0311169
0.0323924
0.0321441
0.0318266
0.0320684
-0.00277429
-0.00189513
-0.000635066
-0.00139677
0.00145463
0.00328763
0.00377118
0.00188146
0.000120508
0.000672058
0.00038428
0
-0.00324377
8.17805e-05
0.0020144
-0.00108107
0.0070065
0.010606
0.0121591
0.00850287
0.00374421
0.00657522
0.00771544
0.00484074
0.00414963
0.00856292
0.0102062
0.00600872
0.0158044
0.0196647
0.0213876
0.017448
0.011179
0.0151472
0.016882
0.0128416
0.0156865
0.0191144
0.0199694
0.0166105
0.0239062
0.0264104
0.0276807
0.0251273
0.0202366
0.0235578
0.0251156
0.0217223
0.0253739
0.0267896
0.0267693
0.0252607
0.0282037
0.0290498
0.0295097
0.0286829
0.0265366
0.0281539
0.029043
0.0274106
0.0305705
0.030612
0.0301234
0.0299527
0.029892
0.0298642
0.0296115
0.0296848
0.0292131
0.0295077
0.0295616
0.0293086
0.0322253
0.0319466
0.0315292
0.0317612
0.0308969
0.0306737
0.0302319
0.0304717
0.0304374
0.030262
0.0298473
0.0300567
0.0324211
0.0322043
0.0319567
0.0321867
0.0314266
0.0311679
0.0308575
0.03111
0.0312396
0.0310034
0.0306165
0.0308548
-0.00162632
-0.000469698
0.000207443
0.000635182
1.63011e-05
0
-0.00386772
0.000791868
0.00373058
0.00524688
0.00239667
0.00138328
0.00167268
0.00778784
0.0118359
0.0134741
0.00950312
0.00732731
0.0127716
0.0176877
0.0209984
0.0221926
0.0188961
0.0166194
0.0233482
0.0254405
0.027008
0.0274745
0.0258758
0.0245037
0.0296784
0.0295225
0.0297808
0.0295776
0.0292811
0.0286745
0.0320276
0.0312965
0.0311027
0.030679
0.0308517
0.0305523
0.0324154
0.0319092
0.0316723
0.0313544
0.0315916
0.0314708
-0.00358928
-0.000502751
0.00249085
0.00066338
0.00568371
0.00865958
0.00937275
0.00625428
0.0065286
0.00393161
0.00192708
0.00381792
0.00165399
0.00108736
0
-0.00209146
0.00361806
0.00900023
0.00538433
0.0145125
0.0187156
0.0206712
0.0162205
0.0179746
0.0136774
0.00987984
0.0151538
0.0111427
0.012268
0.00689756
0.012725
0.0180851
0.014238
0.0233797
0.0269032
0.0289693
0.0252502
0.0273819
0.0232971
0.0191983
0.0254364
0.0210973
0.0231799
0.0184643
0.0220395
0.0253542
0.0228765
0.0284998
0.0301508
0.0315059
0.0298202
0.0314074
0.0291887
0.0265551
0.0309762
0.0282203
0.0301696
0.0270999
0.0278739
0.0287683
0.027929
0.0295575
0.0297324
0.0300221
0.0299554
0.0305098
0.0301468
0.0293595
0.0309752
0.0302366
0.0313356
0.0312362
0.0306074
0.0301756
0.0301988
0.0297042
0.0294241
0.0289776
0.0293697
0.0290413
0.029408
0.029569
0.0292459
0.0295362
0.0295831
0.0323369
0.0317027
0.0310856
0.0313084
0.0304343
0.0301868
0.0296976
0.0299692
0.029441
0.02975
0.0300293
0.0292095
0.0295587
0.0290427
0.0324139
0.0321945
0.0319715
0.0317119
0.0314533
0.031714
0.0311758
0.0308958
0.0306156
0.0303348
0.030599
0.0302756
0.0305187
0.0307618
0.0301414
0.0303767
0.0299415
-0.000209621
-0.00196837
0.00264095
0.0126076
0.0224729
0.0286173
0.0313192
0.032111
-0.00168552
0.00256792
0.000233196
-0.000556928
0.00953474
0.00568398
0.00726318
0.0185716
0.0139901
0.0178849
0.0258048
0.0226708
0.0260576
0.0288831
0.0278119
0.0303033
0.0297732
0.0294129
0.031863
0.0305746
0.0301581
0.0321984
0.0311454
0.0309338
-0.00104185
7.87975e-05
7.44522e-06
-0.0014906
0.00302291
0.00185106
0.00481256
0.0106552
0.00839051
0.0152999
0.0199725
0.0177755
0.0243977
0.0264702
0.0252209
0.029557
0.0295426
0.028993
0.0316385
0.030983
0.0307083
0.0321689
0.0316368
0.0315363
-0.00201737
0.000988988
0.000402635
0.0040434
0.00744664
0.00508318
0.00123703
0.00279345
0.000582906
0.000831013
0.0063227
0.00451877
0.0117108
0.0174779
0.0149511
0.00751545
0.012406
0.00989271
0.00989571
0.0154367
0.0130339
0.0207175
0.0261169
0.0243081
0.016303
0.022224
0.0199248
0.0202924
0.023722
0.0219674
0.0269445
0.0300203
0.0295451
0.0243774
0.0287481
0.0276052
0.0274585
0.0283212
0.0274926
0.0291894
0.0298439
0.0300593
0.028442
0.0302092
0.0302205
0.0308822
0.0303829
0.0299988
0.0299586
0.0293857
0.0293769
0.0295971
0.0294617
0.0296279
0.0320142
0.0313949
0.0312111
0.0307677
0.0300799
0.029858
0.030367
0.029649
0.0294826
0.0322039
0.0317192
0.031698
0.0311775
0.0306144
0.0305671
0.0310624
0.0304548
0.0302867
0
-0.0083477
-0.0304563
-0.0547264
-0.0704151
-0.0746655
-0.0721792
-0.0689814
-0.0670468
0
-0.0096702
-0.029262
-0.0530294
-0.070454
-0.0761579
-0.0736287
-0.0697451
-0.0671276
-0.00200201
-0.0075102
-0.00428954
0
-0.0183144
-0.0294458
-0.0182889
-0.0431236
-0.0545884
-0.0413151
-0.0640432
-0.0716194
-0.0630727
-0.0737961
-0.0762535
-0.0747425
-0.073832
-0.0731179
-0.075456
-0.070427
-0.0692967
-0.0715519
-0.0679087
-0.0670628
-0.0683227
-0.00130221
-0.0172915
-0.0424129
-0.0646143
-0.0753653
-0.0751582
-0.0710027
-0.0680629
-0.000634814
-0.00123686
0.000191283
0
-0.012963
-0.0175188
-0.0120167
-0.00756042
-0.0368291
-0.0427371
-0.0359305
-0.0297802
-0.0597262
-0.0645722
-0.0599381
-0.0547738
-0.07246
-0.0748999
-0.0738886
-0.0713353
-0.0744051
-0.0746465
-0.0758885
-0.0757122
-0.0712818
-0.070712
-0.072029
-0.0727054
-0.0684056
-0.0679696
-0.0686306
-0.0691161
-0.00463826
-0.00390945
-0.00819009
-0.00655203
-0.00231204
-0.00279794
0
-0.0242139
-0.023165
-0.0293184
-0.0235551
-0.0175591
-0.0136165
-0.049146
-0.0486934
-0.0540631
-0.0473029
-0.042001
-0.0352413
-0.0676141
-0.068525
-0.0713322
-0.0671381
-0.0641478
-0.0583328
-0.074499
-0.0761199
-0.0763829
-0.0757719
-0.0753004
-0.0729861
-0.0730569
-0.0741944
-0.0734141
-0.0746219
-0.0754113
-0.0760109
-0.0696543
-0.0700856
-0.0695017
-0.0705989
-0.0712752
-0.0725792
-0.0674624
-0.0670515
-0.0675574
-0.0670929
-0.0677081
-0.0681786
-0.0689921
0.000168106
-0.0121605
-0.0362764
-0.0600168
-0.0735024
-0.0753505
-0.0716773
-0.0684963
-0.00387058
-0.00477522
-0.000665897
-0.023458
-0.0232269
-0.0124938
-0.048963
-0.0482019
-0.035642
-0.0683587
-0.0681378
-0.059423
-0.0756024
-0.0761591
-0.0737121
-0.0737266
-0.0744787
-0.0760899
-0.0698527
-0.0703283
-0.0723204
-0.067501
-0.0676252
-0.0687925
-0.00029895
-0.000139061
0.000286418
0
-0.0105482
-0.0124754
-0.00975548
-0.00785993
-0.0336403
-0.0365181
-0.0330201
-0.0300669
-0.0573091
-0.0599169
-0.0574743
-0.0547753
-0.0715311
-0.0730734
-0.0725175
-0.0709633
-0.0745809
-0.0749339
-0.075582
-0.0752598
-0.0717273
-0.0714818
-0.0721876
-0.0724545
-0.0686812
-0.0684435
-0.068793
-0.0690401
-0.00316965
-0.00415348
-0.0024132
-0.00151842
-0.00247818
-0.00423721
-0.00342583
-0.00168257
0.000332277
-0.000110024
-0.000204272
0
-0.0212062
-0.0237704
-0.020428
-0.0178395
-0.0201655
-0.0231572
-0.0203287
-0.0173663
-0.00965866
-0.0121778
-0.0102391
-0.00775733
-0.0461825
-0.0490589
-0.0458913
-0.0429145
-0.0455899
-0.0484857
-0.0451323
-0.0422285
-0.0326756
-0.0357889
-0.0324631
-0.0293643
-0.0659266
-0.0680646
-0.0665644
-0.0643712
-0.0666684
-0.0684028
-0.0662389
-0.0644494
-0.0573394
-0.0597423
-0.0568141
-0.0543773
-0.0742212
-0.0751336
-0.0753314
-0.0744384
-0.0758265
-0.0761952
-0.0758158
-0.0753957
-0.072855
-0.0738686
-0.0726233
-0.071547
-0.0734622
-0.0734169
-0.0742061
-0.0742795
-0.0746978
-0.0743573
-0.0749689
-0.0753141
-0.0761249
-0.0760276
-0.0762931
-0.0763655
-0.0700274
-0.0697457
-0.0702679
-0.0705652
-0.0705293
-0.0702055
-0.0707877
-0.0711408
-0.0725701
-0.0721814
-0.0728656
-0.0732791
-0.0676809
-0.0674786
-0.0677304
-0.0679339
-0.0678051
-0.06759
-0.0678968
-0.0681179
-0.0689498
-0.068708
-0.0691336
-0.069396
-0.00113688
-0.000371271
-0.00115974
-0.000409226
0.00027699
0
-0.0155548
-0.0147555
-0.0173393
-0.0145687
-0.0120094
-0.00744434
-0.0400004
-0.0395242
-0.042576
-0.0391845
-0.0360866
-0.0295787
-0.0619777
-0.0623859
-0.0646538
-0.062366
-0.0600265
-0.0547158
-0.0732131
-0.0742926
-0.0752037
-0.0747216
-0.0737696
-0.0715508
-0.0741497
-0.0750331
-0.0749374
-0.0755606
-0.0756655
-0.076039
-0.0708447
-0.0711839
-0.0708592
-0.071505
-0.0718607
-0.0729268
-0.0681483
-0.0682234
-0.0680131
-0.0683367
-0.0685595
-0.0692028
-0.00636472
-0.00559276
-0.00559023
-0.00378793
-0.00636696
-0.00881956
-0.00800317
-0.00553802
-0.00531815
-0.00318515
-0.00140128
-0.0034532
-0.00158389
-0.00182729
0
-0.0273049
-0.0265845
-0.0262673
-0.0232606
-0.0262314
-0.0292895
-0.0263628
-0.0233618
-0.0208561
-0.0178655
-0.0149414
-0.0158692
-0.0129686
-0.0115454
-0.0520038
-0.0519305
-0.051699
-0.0488466
-0.0511849
-0.053623
-0.0502105
-0.0478171
-0.0443312
-0.0417055
-0.0388289
-0.0382773
-0.035467
-0.0322278
-0.0691126
-0.0699483
-0.0701747
-0.0685107
-0.0698363
-0.0709712
-0.068897
-0.0677213
-0.065199
-0.0636957
-0.0618713
-0.0607839
-0.0589614
-0.0557455
-0.0746424
-0.0757236
-0.0762566
-0.075926
-0.0763435
-0.0763121
-0.0760414
-0.0760172
-0.075347
-0.075083
-0.0746021
-0.0739632
-0.0734196
-0.0718228
-0.0726241
-0.0732225
-0.0736638
-0.0739851
-0.0739561
-0.073528
-0.0741371
-0.0745643
-0.0750656
-0.0754562
-0.0757906
-0.0757768
-0.0760823
-0.0761449
-0.0693039
-0.0694692
-0.0696754
-0.0699674
-0.0698998
-0.0696162
-0.0701575
-0.0704572
-0.0710622
-0.0714098
-0.0717882
-0.072057
-0.0724504
-0.0731038
-0.0672519
-0.0670502
-0.0672764
-0.0670547
-0.0673119
-0.0675277
-0.0670757
-0.0673589
-0.0671117
-0.0674145
-0.067664
-0.0680104
-0.0682461
-0.0684757
-0.0686479
-0.0688859
-0.0693556
6.55905e-05
-0.0100622
-0.033287
-0.0574266
-0.0721146
-0.0751453
-0.0719647
-0.0687291
-0.00269053
-0.00283774
0.000149382
-0.020746
-0.0201982
-0.00986339
-0.0460307
-0.0453912
-0.0325619
-0.0663162
-0.0665238
-0.0571337
-0.0748633
-0.0758805
-0.0728091
-0.073867
-0.0748583
-0.0762519
-0.0701416
-0.0706585
-0.0727277
-0.0677016
-0.0678488
-0.0690382
-0.00066004
-0.00028252
0.000374643
-0.0150738
-0.0145895
-0.00962196
-0.0397367
-0.0393464
-0.0328222
-0.0622359
-0.0624311
-0.0574489
-0.0738445
-0.0745801
-0.0727604
-0.0746398
-0.0753374
-0.0759046
-0.0710133
-0.071349
-0.0723901
-0.0681796
-0.0682765
-0.0688675
-0.00588194
-0.00549503
-0.0023391
-0.00587926
-0.00706635
-0.00424904
-0.000769904
-0.00230718
-0.000800656
-0.0268863
-0.0263832
-0.0202383
-0.0262211
-0.0262825
-0.0205488
-0.0146866
-0.0153327
-0.0107933
-0.0519814
-0.0518414
-0.0457503
-0.0514871
-0.0507686
-0.0447882
-0.039019
-0.0385899
-0.0323582
-0.0696136
-0.070133
-0.0666815
-0.0700771
-0.0694468
-0.065803
-0.062184
-0.0614118
-0.0563599
-0.0752603
-0.0760509
-0.0756473
-0.0763516
-0.0762387
-0.0756374
-0.0747275
-0.074348
-0.0722967
-0.072942
-0.0734629
-0.0744817
-0.0738268
-0.074057
-0.0750355
-0.0757095
-0.0758107
-0.0762555
-0.0693784
-0.0695695
-0.0703984
-0.0697852
-0.070022
-0.0709201
-0.0716507
-0.0719212
-0.0729885
-0.0672628
-0.0672926
-0.0677654
-0.0673341
-0.0673857
-0.06795
-0.0684029
-0.0685564
-0.0692379
