FiniteElementSpace
FiniteElementCollection: L2_2D_P3
VDim: 1
Ordering: 0

0.00206062
0.00121939
0.00171798
0.00233154
0.000821345
0.000677144
0.00121077
0.00182201
0.000234099
0.00030595
0.000692773
0.00112952
0.000155626
0.000188386
0.000403172
0.000636939
0.00103514
0.000971294
0.000893709
0.000838452
0.000777031
0.000727952
0.000668962
0.000627468
0.000502272
0.00046994
0.000432
0.000406067
0.000339516
0.000317985
0.000293572
0.000277613
0.000252015
0.000215832
0.000173122
0.000143804
0.00018794
0.000160783
0.000129305
0.000108184
0.00013015
0.000112864
9.37075e-05
8.16145e-05
0.000104832
9.362e-05
8.20834e-05
7.56088e-05
6.8252e-06
1.3886e-05
2.72276e-05
4.06258e-05
1.145e-05
1.6538e-05
2.66878e-05
3.71494e-05
2.67053e-05
2.93884e-05
3.58224e-05
4.29732e-05
4.44367e-05
4.53484e-05
4.9198e-05
5.41457e-05
0.000323034
0.000348082
0.000381706
0.000408132
0.000242273
0.000260101
0.000284141
0.000303085
0.000163304
0.000173279
0.000187004
0.000197974
0.000120546
0.00012556
0.000132869
0.000138955
0.000564534
0.000560474
0.000554082
0.000548361
0.000413602
0.000410839
0.000406302
0.000402129
0.000259003
0.000257444
0.000254744
0.00025218
0.000169345
0.000168404
0.000166748
0.000165165
0.000326675
0.000302544
0.000272182
0.000249816
0.000244559
0.000227072
0.00020514
0.000189056
0.000160768
0.000150183
0.000137061
0.000127583
0.000112843
0.000106346
9.84841e-05
9.29843e-05
4.52942e-05
3.65761e-05
2.66661e-05
2.0179e-05
3.81075e-05
3.12016e-05
2.34136e-05
1.83567e-05
3.19362e-05
2.68401e-05
2.11944e-05
1.76003e-05
2.96144e-05
2.54824e-05
2.09945e-05
1.82049e-05
0.00147538
0.00142251
0.00135959
0.00131581
0.00113893
0.00109004
0.00103208
0.000991879
0.000763493
0.000722849
0.00067507
0.000642264
0.000528602
0.000495619
0.000457421
0.000431633
6.43579e-05
6.14684e-05
5.98415e-05
6.01602e-05
0.000115483
0.000111059
0.000106458
0.000103848
0.000289771
0.000276352
0.000259033
0.000246039
0.000507413
0.000482023
0.000448509
0.000422741
6.16569e-05
1.40903e-05
5.55432e-06
2.03199e-05
6.58821e-05
2.66026e-05
3.81875e-05
7.39695e-05
9.36316e-05
7.50293e-05
0.000157177
0.00026293
0.000171089
0.000156572
0.000316265
0.0005061
0.000597171
0.000544478
0.000480483
0.000434978
0.00044551
0.000405468
0.000357434
0.000323763
0.000290537
0.000264639
0.000234458
0.000214035
0.000204208
0.00018727
0.000168405
0.000156397
7.67938e-05
7.68441e-05
7.87318e-05
8.16271e-05
9.8929e-05
9.73389e-05
9.68751e-05
9.78172e-05
0.000166668
0.000159627
0.000151954
0.000147316
0.00024998
0.000236081
0.000219544
0.000208193
6.41402e-05
6.45859e-05
6.65633e-05
6.92083e-05
0.000100013
9.90104e-05
9.86465e-05
9.91725e-05
0.000214015
0.000207188
0.000198742
0.000192743
0.000355527
0.000341102
0.000322475
0.000308501
4.51511e-05
3.03138e-05
1.54657e-05
7.55443e-06
3.68003e-05
2.57819e-05
1.53074e-05
1.02754e-05
3.94191e-05
3.23604e-05
2.64588e-05
2.44699e-05
5.08781e-05
4.60493e-05
4.27563e-05
4.2532e-05
9.03925e-05
8.80458e-05
8.72334e-05
8.83159e-05
8.80456e-05
8.46873e-05
8.25453e-05
8.26015e-05
8.79709e-05
8.22635e-05
7.72542e-05
7.5263e-05
9.05658e-05
8.22509e-05
7.41588e-05
7.00481e-05
8.72807e-05
8.6367e-05
8.73269e-05
8.97378e-05
9.59426e-05
9.35205e-05
9.24394e-05
9.32341e-05
0.000123842
0.000117165
0.000110651
0.000107378
0.000158692
0.000146928
0.000134045
0.000126101
0.000123091
0.000145527
0.000177669
0.00020447
9.79326e-05
0.000114023
0.000137423
0.000157147
7.95022e-05
8.85507e-05
0.000102366
0.000114419
7.48836e-05
7.93609e-05
8.70652e-05
9.43082e-05
6.00315e-05
5.54273e-05
5.10011e-05
4.87133e-05
5.11748e-05
4.70132e-05
4.31813e-05
4.13695e-05
4.29993e-05
4.03634e-05
3.86607e-05
3.85982e-05
3.9708e-05
3.8973e-05
3.99479e-05
4.2098e-05
8.14946e-05
7.76581e-05
7.46999e-05
7.39308e-05
7.28989e-05
6.87977e-05
6.55016e-05
6.44807e-05
6.07408e-05
5.64621e-05
5.31172e-05
5.22014e-05
5.10149e-05
4.67353e-05
4.36654e-05
4.31742e-05
0.000500275
0.000514358
0.000532033
0.000545
0.000368276
0.000378314
0.000390821
0.000399907
0.000234295
0.000239906
0.000246855
0.000251841
0.000157517
0.00016032
0.000163829
0.000166344
9.17887e-06
7.06865e-06
4.83976e-06
3.47993e-06
1.08941e-05
9.29411e-06
7.80954e-06
7.08853e-06
3.30694e-05
3.27577e-05
3.3071e-05
3.38278e-05
6.56824e-05
6.68232e-05
6.9133e-05
7.15043e-05
3.22268e-05
2.82308e-05
2.4019e-05
2.14567e-05
2.79916e-05
2.47466e-05
2.15577e-05
1.98239e-05
3.44865e-05
3.3306e-05
3.29247e-05
3.34456e-05
4.90797e-05
5.03064e-05
5.31982e-05
5.63411e-05
0.000490524
0.000471289
0.00044601
0.000426551
0.000361302
0.000347654
0.000329651
0.00031576
0.000228733
0.00022082
0.000210361
0.000202304
0.000151894
0.000147344
0.000141373
0.000136835
6.38859e-06
7.65573e-06
9.68432e-06
1.15783e-05
1.05174e-05
1.13348e-05
1.28579e-05
1.44202e-05
3.64792e-05
3.59365e-05
3.58084e-05
3.6191e-05
7.23225e-05
7.01381e-05
6.79762e-05
6.68753e-05
2.4102e-07
3.04386e-07
6.99124e-07
1.25216e-06
5.26306e-06
5.28634e-06
5.72496e-06
6.38486e-06
3.49943e-05
3.48325e-05
3.51564e-05
3.58242e-05
7.57919e-05
7.53772e-05
7.54689e-05
7.60322e-05
0.000156822
0.000138194
0.000115679
9.98018e-05
0.00012146
0.00010755
9.08618e-05
7.91995e-05
8.62858e-05
7.72739e-05
6.66726e-05
5.94387e-05
6.71766e-05
6.10363e-05
5.40266e-05
4.94245e-05
2.69611e-05
2.6335e-05
2.62031e-05
2.66236e-05
2.50387e-05
2.42682e-05
2.39576e-05
2.42476e-05
2.93275e-05
2.75813e-05
2.607e-05
2.54941e-05
3.78671e-05
3.47615e-05
3.15791e-05
2.98002e-05
1.92585e-05
2.01427e-05
2.18621e-05
2.3657e-05
2.00406e-05
2.04747e-05
2.16526e-05
2.3062e-05
3.50187e-05
3.3864e-05
3.30739e-05
3.30476e-05
5.73122e-05
5.41647e-05
5.08898e-05
4.90411e-05
4.08203e-06
2.60459e-06
1.1948e-06
4.96226e-07
4.74072e-06
3.20515e-06
1.68683e-06
8.72185e-07
6.0222e-06
4.33709e-06
2.63151e-06
1.6674e-06
7.33912e-06
5.45242e-06
3.53952e-06
2.44824e-06
8.95812e-06
7.0261e-06
5.03976e-06
3.86273e-06
7.95235e-06
6.20468e-06
4.41537e-06
3.3606e-06
6.85458e-06
5.27239e-06
3.66462e-06
2.72831e-06
6.17082e-06
4.66248e-06
3.14325e-06
2.27233e-06
2.23855e-05
2.03594e-05
1.83547e-05
1.72564e-05
2.01244e-05
1.82497e-05
1.64218e-05
1.54454e-05
1.91759e-05
1.71302e-05
1.50995e-05
1.39866e-05
1.9965e-05
1.75033e-05
1.49846e-05
1.35431e-05
0.00177158
0.00166601
0.00154983
0.00147107
0.00139313
0.00131023
0.00121211
0.00114397
0.000933459
0.000882202
0.000822733
0.000782529
0.000618783
0.000595688
0.000571064
0.000556791
0.000481369
0.000465836
0.000454673
0.000447882
0.0002595
0.000256762
0.0002568
0.000258583
9.17118e-05
9.47592e-05
9.92273e-05
0.000103095
4.62043e-05
5.13402e-05
5.70559e-05
6.03953e-05
0.00012316
0.000124597
0.00028604
0.000465983
7.39119e-05
6.0528e-05
0.000145138
0.000249298
5.78974e-05
2.12336e-05
3.5298e-05
7.30015e-05
5.9732e-05
1.25106e-05
3.01944e-06
1.88453e-05
0.000807201
0.000748353
0.000676706
0.000625588
0.000603985
0.000559001
0.000504852
0.000466715
0.000391154
0.000361797
0.000327356
0.000303837
0.00026802
0.000248662
0.000226814
0.000212633
0.0002139
0.000199111
0.000182936
0.000172895
0.000132406
0.000124513
0.000116855
0.000112992
7.33567e-05
7.14256e-05
7.10139e-05
7.23289e-05
6.52291e-05
6.54029e-05
6.74169e-05
7.03758e-05
0.00026738
0.000250823
0.000232551
0.00022105
0.000158552
0.00014953
0.000140535
0.000135735
7.58254e-05
7.34717e-05
7.25122e-05
7.33996e-05
5.94581e-05
5.95808e-05
6.14013e-05
6.41142e-05
0.000128686
0.00010275
7.3421e-05
5.43937e-05
9.72866e-05
7.79358e-05
5.66229e-05
4.32988e-05
7.51688e-05
6.2893e-05
5.02381e-05
4.31133e-05
7.17883e-05
6.37512e-05
5.63278e-05
5.29861e-05
7.11229e-05
6.49805e-05
5.98245e-05
5.80651e-05
6.8919e-05
6.54565e-05
6.34686e-05
6.38862e-05
7.50837e-05
7.35326e-05
7.37997e-05
7.5764e-05
8.65032e-05
8.51814e-05
8.57149e-05
8.78592e-05
9.4526e-05
8.60409e-05
7.78526e-05
7.37878e-05
7.84228e-05
7.38952e-05
7.05259e-05
6.98959e-05
7.38452e-05
7.23974e-05
7.27721e-05
7.48098e-05
8.28193e-05
8.20928e-05
8.33405e-05
8.60019e-05
4.87923e-05
6.48229e-05
8.93554e-05
0.000110919
4.3229e-05
5.47772e-05
7.28969e-05
8.90942e-05
4.66426e-05
5.30995e-05
6.40653e-05
7.43655e-05
5.62242e-05
5.9269e-05
6.55591e-05
7.20896e-05
6.06698e-05
6.22335e-05
6.6437e-05
7.12446e-05
6.39786e-05
6.33404e-05
6.44429e-05
6.66908e-05
6.91598e-05
6.63015e-05
6.43799e-05
6.42048e-05
7.34345e-05
6.93567e-05
6.58694e-05
6.45088e-05
5.26181e-05
5.27604e-05
5.5425e-05
5.93203e-05
6.18121e-05
6.0737e-05
6.15395e-05
6.37895e-05
7.33707e-05
7.0855e-05
6.96092e-05
7.01511e-05
8.15799e-05
7.8066e-05
7.55275e-05
7.50805e-05
0.000421206
0.000442223
0.000469659
0.000490633
0.000312247
0.000327188
0.000346687
0.000361564
0.000202958
0.000211303
0.00022229
0.000230705
0.000141408
0.0001456
0.000151323
0.000155814
0.000114583
0.00011699
0.00012043
0.000123206
7.28767e-05
7.2798e-05
7.30808e-05
7.35042e-05
3.72483e-05
3.50051e-05
3.26185e-05
3.11167e-05
2.33291e-05
2.02207e-05
1.68393e-05
1.46784e-05
0.000101898
0.000104775
0.000109291
0.00011323
7.16608e-05
7.15404e-05
7.21496e-05
7.30973e-05
4.59346e-05
4.31586e-05
4.03854e-05
3.88045e-05
3.59311e-05
3.20413e-05
2.79213e-05
2.53897e-05
0.000543249
0.000530633
0.000513411
0.000499671
0.00039858
0.000389724
0.000377503
0.000367671
0.000250182
0.000245125
0.000238046
0.000232298
0.000164041
0.000161172
0.00015713
0.000153851
0.000126581
0.000124655
0.00012192
0.000119702
7.031e-05
6.96758e-05
6.87661e-05
6.80502e-05
2.28382e-05
2.32701e-05
2.3941e-05
2.45786e-05
5.1132e-06
5.94144e-06
7.26369e-06
8.50185e-06
0.000130367
0.000129691
0.000128483
0.000127323
7.19372e-05
7.16138e-05
7.10396e-05
7.04976e-05
2.25015e-05
2.24541e-05
2.24674e-05
2.25483e-05
3.83912e-06
3.89708e-06
4.20193e-06
4.62378e-06
0.000237455
0.000215054
0.000187406
0.000167452
0.000180246
0.000163796
0.000143606
0.000129135
0.000122357
0.0001121
9.9713e-05
9.10133e-05
8.98103e-05
8.32149e-05
7.54753e-05
7.02372e-05
7.55095e-05
7.05149e-05
6.47897e-05
6.10378e-05
5.22588e-05
4.96136e-05
4.68527e-05
4.52943e-05
3.29936e-05
3.23365e-05
3.21106e-05
3.24477e-05
2.6336e-05
2.6427e-05
2.71808e-05
2.82698e-05
9.18797e-05
8.71607e-05
8.15732e-05
7.77806e-05
5.89681e-05
5.68013e-05
5.44902e-05
5.31656e-05
3.1464e-05
3.14478e-05
3.19356e-05
3.27476e-05
2.16182e-05
2.2409e-05
2.39828e-05
2.56505e-05
1.726e-05
1.28211e-05
8.06428e-06
5.19353e-06
1.60423e-05
1.22642e-05
8.21526e-06
5.75647e-06
1.57402e-05
1.2555e-05
9.15766e-06
7.09135e-06
1.6512e-05
1.35495e-05
1.04112e-05
8.51233e-06
1.67193e-05
1.38667e-05
1.08291e-05
8.97165e-06
1.60888e-05
1.35429e-05
1.08512e-05
9.21369e-06
1.59555e-05
1.36301e-05
1.11918e-05
9.71873e-06
1.64018e-05
1.4106e-05
1.17051e-05
1.02571e-05
2.84821e-05
2.47853e-05
2.07961e-05
1.8333e-05
2.53518e-05
2.24235e-05
1.93406e-05
1.74954e-05
2.3194e-05
2.08875e-05
1.85438e-05
1.72075e-05
2.30119e-05
2.08989e-05
1.87891e-05
1.76164e-05
0.0012779
0.00120942
0.00112668
0.00106812
0.000963506
0.000910223
0.00084651
0.000801946
0.000624368
0.000588615
0.000546808
0.000518337
0.000419846
0.000395606
0.000368115
0.00035012
0.000328553
0.00030967
0.000288723
0.000275424
0.000190326
0.000179573
0.000168611
0.000162498
8.14705e-05
7.81521e-05
7.61002e-05
7.62526e-05
5.60337e-05
5.54972e-05
5.65108e-05
5.8635e-05
0.000419976
0.000391148
0.000358741
0.000337719
0.000242773
0.000225236
0.000206621
0.00019546
9.90458e-05
9.18304e-05
8.56067e-05
8.31461e-05
6.19541e-05
5.84109e-05
5.63223e-05
5.65652e-05
5.97434e-05
5.97539e-05
6.10929e-05
6.31806e-05
0.000102514
0.000101179
0.000100104
9.98785e-05
0.000241612
0.000234217
0.000224473
0.000217072
0.00041444
0.000399218
0.00037875
0.000362777
0.000529536
0.000508606
0.000480523
0.000458605
0.000791794
0.000757925
0.000712633
0.000677303
0.00124209
0.00118704
0.00111378
0.00105681
0.00167594
0.00160139
0.00150255
0.00142591
0.000643295
0.00061361
0.000573056
0.000540728
0.000943069
0.00090474
0.000852183
0.000810195
0.00143739
0.00139031
0.00132552
0.00127346
0.00189504
0.00184487
0.00177564
0.00171985
4.91708e-05
5.54917e-05
6.1007e-05
6.31371e-05
9.65863e-05
0.000104307
0.000113314
0.000119139
0.000287274
0.000292215
0.000300886
0.000307374
0.000560539
0.000547009
0.000542713
0.000541719
0.000719529
0.00070453
0.000688067
0.000677671
0.00112349
0.00107536
0.00101281
0.000965066
0.00172241
0.00163897
0.0015278
0.00144128
0.00221563
0.00211386
0.00198634
0.00188648
0.000211161
0.000248932
0.000470929
0.000713675
0.000283455
0.000357795
0.00081975
0.00136931
0.00116779
0.000842264
0.0014923
0.00231372
0.00335353
0.0016342
0.00217426
0.00300981
0.000410151
0.00036499
0.000310627
0.000272391
0.000305403
0.000271298
0.000230827
0.000202844
0.000202701
0.000180835
0.000155769
0.000139181
0.00014935
0.000135141
0.00011974
0.000110327
0.000126599
0.000115846
0.000104731
9.84413e-05
9.21888e-05
8.65398e-05
8.17118e-05
7.99648e-05
7.27975e-05
7.13114e-05
7.15834e-05
7.35072e-05
7.75874e-05
7.73093e-05
7.90321e-05
8.19856e-05
0.000166693
0.000153823
0.000140017
0.000131708
0.000110243
0.00010346
9.71802e-05
9.43326e-05
7.24953e-05
7.08412e-05
7.08358e-05
7.25017e-05
7.15149e-05
7.15346e-05
7.35038e-05
7.65446e-05
8.26231e-05
8.22576e-05
8.37902e-05
8.65463e-05
9.78662e-05
9.58795e-05
9.51651e-05
9.61055e-05
0.000144536
0.000137593
0.000130441
0.000126483
0.000201949
0.000188922
0.000174026
0.000164291
0.000236803
0.000219679
0.000199567
0.000185937
0.000315297
0.000288876
0.000256862
0.000234289
0.000458424
0.000416498
0.000364832
0.000327644
0.000601914
0.000545365
0.000475297
0.000424527
0.000302433
0.000283852
0.000261274
0.000245355
0.000421278
0.000391972
0.000355537
0.000329108
0.000631769
0.000584465
0.000524986
0.000481246
0.000839007
0.000774634
0.000693455
0.000633531
7.03993e-05
7.07377e-05
7.2785e-05
7.5643e-05
9.94631e-05
9.82286e-05
9.79091e-05
9.87274e-05
0.000189847
0.000182884
0.000174825
0.000169537
0.000301517
0.000287183
0.000269438
0.0002567
0.0003735
0.000354041
0.00032961
0.000311761
0.000537324
0.000506051
0.000466222
0.000436591
0.000823469
0.000772222
0.000706589
0.0006574
0.00110274
0.00103243
0.000942348
0.000874764
0.000448459
0.000428604
0.000402815
0.000383311
0.000660532
0.000628149
0.000585887
0.000553672
0.00102826
0.000974605
0.000904606
0.000851181
0.00138553
0.00131149
0.00121513
0.00114169
4.47117e-06
9.20925e-07
6.98877e-07
3.92522e-06
8.30878e-06
5.64706e-06
5.95603e-06
9.09538e-06
2.35205e-05
2.15723e-05
2.22108e-05
2.51275e-05
4.20605e-05
4.02837e-05
4.08496e-05
4.34742e-05
5.07736e-05
4.90791e-05
4.95566e-05
5.19595e-05
6.12982e-05
5.96e-05
5.97716e-05
6.17021e-05
7.54823e-05
7.3351e-05
7.27614e-05
7.39506e-05
8.63989e-05
8.36042e-05
8.2148e-05
8.26666e-05
5.66371e-05
5.28027e-05
5.06052e-05
5.10644e-05
6.33975e-05
6.08936e-05
6.01152e-05
6.14155e-05
7.58566e-05
7.40669e-05
7.40045e-05
7.56836e-05
8.79082e-05
8.58757e-05
8.54832e-05
8.68963e-05
8.76222e-05
8.44939e-05
8.25987e-05
8.27768e-05
8.14381e-05
7.76544e-05
7.49065e-05
7.44327e-05
7.32053e-05
6.81664e-05
6.39788e-05
6.25528e-05
6.70802e-05
6.07705e-05
5.52309e-05
5.30027e-05
6.04295e-05
5.3439e-05
4.72037e-05
4.45914e-05
4.54721e-05
3.71791e-05
2.9546e-05
2.61005e-05
3.46637e-05
2.41637e-05
1.42693e-05
9.57199e-06
3.40784e-05
2.15006e-05
9.54939e-06
3.78182e-06
8.92243e-05
7.93008e-05
6.93109e-05
6.39002e-05
8.58432e-05
7.24787e-05
5.83265e-05
4.99797e-05
9.39089e-05
7.48574e-05
5.39617e-05
4.09674e-05
0.000110829
8.64691e-05
5.93689e-05
4.21722e-05
9.00947e-05
8.85087e-05
8.86751e-05
9.05217e-05
9.27908e-05
8.99025e-05
8.83364e-05
8.88311e-05
0.000104908
9.8648e-05
9.28567e-05
9.0247e-05
0.000121285
0.000111118
0.000100537
9.44921e-05
0.000128803
0.000116111
0.00010243
9.41598e-05
0.000145216
0.00012695
0.000106322
9.29788e-05
0.000185699
0.000158225
0.000126277
0.000104789
0.000232817
0.000196731
0.0001543
0.000125351
0.000178404
0.000163271
0.000146164
0.000135114
0.00022239
0.000199696
0.000173017
0.000154859
0.000308298
0.000273066
0.000230689
0.000201008
0.000397943
0.00035094
0.000293943
0.000253621
0.000218933
0.000244492
0.000279783
0.000308265
0.00016749
0.000185741
0.000211172
0.000231832
0.000120274
0.000130517
0.000145257
0.000157519
9.73833e-05
0.000102516
0.000110541
0.000117606
8.74288e-05
9.03566e-05
9.54424e-05
0.000100203
6.95724e-05
6.9367e-05
7.02814e-05
7.17783e-05
5.48273e-05
5.17743e-05
4.89774e-05
4.76308e-05
4.94722e-05
4.51484e-05
4.07693e-05
3.82668e-05
7.29889e-05
7.54877e-05
8.04972e-05
8.55828e-05
6.68343e-05
6.64716e-05
6.75837e-05
6.9551e-05
6.28407e-05
5.97757e-05
5.72935e-05
5.64482e-05
6.24183e-05
5.80426e-05
5.3898e-05
5.18119e-05
4.62808e-05
4.17918e-05
3.72273e-05
3.46088e-05
3.93028e-05
3.54783e-05
3.18083e-05
2.99067e-05
3.76733e-05
3.58169e-05
3.48371e-05
3.51057e-05
4.25581e-05
4.30534e-05
4.53031e-05
4.81818e-05
4.58323e-05
4.804e-05
5.26217e-05
5.73719e-05
5.54646e-05
6.17384e-05
7.17152e-05
8.06939e-05
8.3054e-05
9.55851e-05
0.000113974
0.000129621
0.000117049
0.000135171
0.00016113
0.000182816
3.69327e-05
3.7638e-05
4.0614e-05
4.4399e-05
3.24328e-05
3.66239e-05
4.42895e-05
5.17992e-05
3.78496e-05
4.74229e-05
6.24432e-05
7.58738e-05
5.18435e-05
6.62438e-05
8.79229e-05
0.000106756
7.21096e-05
6.7747e-05
6.38953e-05
6.22608e-05
6.26381e-05
5.83931e-05
5.47057e-05
5.32097e-05
5.06642e-05
4.72022e-05
4.46969e-05
4.42367e-05
4.21294e-05
3.97582e-05
3.89137e-05
3.99142e-05
3.51855e-05
3.37296e-05
3.42278e-05
3.63768e-05
2.07058e-05
2.1571e-05
2.52974e-05
3.00909e-05
1.03955e-05
1.48315e-05
2.36477e-05
3.26953e-05
1.01381e-05
1.77773e-05
3.1233e-05
4.42067e-05
4.25916e-05
3.84976e-05
3.58436e-05
3.58074e-05
2.41756e-05
2.07567e-05
1.92396e-05
2.02832e-05
7.68817e-06
5.23614e-06
5.51179e-06
8.35147e-06
1.83126e-06
2.16864e-07
2.14782e-06
6.69825e-06
0.000549994
0.000555282
0.000561097
0.000564708
0.000403368
0.000407208
0.000411304
0.000413726
0.000253646
0.000255802
0.000257979
0.00025914
0.000167137
0.00016816
0.000169112
0.000169524
0.000129514
0.00013005
0.000130472
0.00013056
7.28987e-05
7.2751e-05
7.24592e-05
7.21379e-05
2.48276e-05
2.40827e-05
2.32464e-05
2.26878e-05
6.45756e-06
5.49021e-06
4.52446e-06
3.99006e-06
0.000124096
0.000125692
0.000127713
0.000129154
7.3244e-05
7.31649e-05
7.31472e-05
7.31404e-05
2.99045e-05
2.83789e-05
2.66827e-05
2.55512e-05
1.31326e-05
1.10503e-05
8.78103e-06
7.32873e-06
2.64019e-06
1.6644e-06
7.71416e-07
3.57877e-07
6.51897e-06
5.78915e-06
5.3083e-06
5.28453e-06
3.38715e-05
3.37187e-05
3.41133e-05
3.48589e-05
7.22107e-05
7.26848e-05
7.39945e-05
7.55185e-05
9.88761e-05
9.97654e-05
0.000101673
0.000103701
0.000161862
0.000163737
0.000166951
0.000170004
0.000271882
0.000275119
0.000280228
0.000284829
0.000379175
0.00038352
0.000390209
0.000396129
8.84611e-05
9.06014e-05
9.42738e-05
9.77398e-05
0.000142719
0.000147196
0.000153935
0.000159779
0.000239499
0.000247451
0.000258846
0.00026837
0.000335227
0.000346198
0.000361674
0.000374448
1.93888e-05
1.6221e-05
1.28253e-05
1.07058e-05
1.82373e-05
1.57627e-05
1.33328e-05
1.20114e-05
3.31024e-05
3.24464e-05
3.25024e-05
3.31869e-05
5.74171e-05
5.88452e-05
6.1733e-05
6.46842e-05
7.44652e-05
7.73517e-05
8.22078e-05
8.6726e-05
0.000115726
0.000122023
0.000131355
0.000139346
0.000192512
0.000203976
0.000220191
0.000233592
0.000270531
0.000286553
0.000308881
0.000327114
5.93066e-05
6.22463e-05
6.74518e-05
7.24375e-05
8.49751e-05
9.19413e-05
0.000102451
0.000111566
0.000137584
0.000150709
0.000169437
0.000185023
0.000194032
0.000212631
0.000238711
0.000260117
0.000414751
0.000391593
0.000361872
0.000339527
0.000307499
0.000290903
0.00026961
0.000253626
0.00019763
0.000187821
0.000175307
0.000166
0.000134225
0.000128425
0.000121151
0.000115868
0.000106572
0.000102509
9.7495e-05
9.39392e-05
6.41136e-05
6.24993e-05
6.06917e-05
5.95985e-05
2.84775e-05
2.89151e-05
2.98443e-05
3.08903e-05
1.54748e-05
1.66776e-05
1.86733e-05
2.05869e-05
0.000118444
0.000115347
0.00011131
0.000108282
6.78039e-05
6.67256e-05
6.54014e-05
6.45111e-05
2.51866e-05
2.57886e-05
2.67863e-05
2.77708e-05
9.4414e-06
1.0667e-05
1.25823e-05
1.43478e-05
1.27437e-05
1.40138e-05
1.61388e-05
1.81795e-05
1.53082e-05
1.60756e-05
1.76091e-05
1.92394e-05
3.62193e-05
3.53823e-05
3.49387e-05
3.51332e-05
6.58553e-05
6.30557e-05
6.01643e-05
5.85615e-05
8.60879e-05
8.18969e-05
7.72634e-05
7.43755e-05
0.000133726
0.00012635
0.000117656
0.000111718
0.000217513
0.000204921
0.000189612
0.00017873
0.000299341
0.000281878
0.000260403
0.000244926
9.69497e-05
9.35981e-05
8.99813e-05
8.78116e-05
0.00015479
0.000148779
0.000141765
0.000137038
0.000255239
0.000244868
0.000232332
0.000223482
0.000352628
0.000338183
0.000320499
0.000307817
1.77434e-06
2.62327e-06
4.04651e-06
5.4159e-06
6.83129e-06
7.3926e-06
8.53307e-06
9.75245e-06
3.59834e-05
3.56784e-05
3.58158e-05
3.63578e-05
7.58206e-05
7.44678e-05
7.33405e-05
7.29863e-05
0.000103313
0.000101207
9.91586e-05
9.81424e-05
0.000167857
0.000164046
0.000159825
0.000157177
0.000279363
0.000272705
0.000264913
0.000259626
0.000387181
0.000377827
0.000366668
0.000358904
0.000104056
0.000103441
0.000103329
0.00010378
0.000170525
0.000169478
0.000168837
0.000168906
0.000285539
0.00028364
0.000282014
0.000281423
0.000396936
0.000394148
0.000391499
0.000390224
9.16763e-05
7.79405e-05
6.17575e-05
5.06812e-05
7.32297e-05
6.2734e-05
5.04761e-05
4.21704e-05
5.55634e-05
4.83995e-05
4.02055e-05
3.47901e-05
4.66989e-05
4.14405e-05
3.55889e-05
3.18544e-05
4.27067e-05
3.82948e-05
3.34634e-05
3.04442e-05
3.49493e-05
3.18813e-05
2.8681e-05
2.68165e-05
2.88984e-05
2.69562e-05
2.51326e-05
2.42507e-05
2.73045e-05
2.57654e-05
2.44438e-05
2.39268e-05
5.87159e-05
5.38393e-05
4.83911e-05
4.4918e-05
4.41213e-05
4.1156e-05
3.80773e-05
3.63237e-05
3.22465e-05
3.08987e-05
2.98421e-05
2.95689e-05
2.84387e-05
2.76941e-05
2.74082e-05
2.77118e-05
2.62794e-05
2.48496e-05
2.36642e-05
2.3247e-05
2.38834e-05
2.24783e-05
2.13196e-05
2.09194e-05
2.47568e-05
2.28022e-05
2.09759e-05
2.01035e-05
2.84989e-05
2.56707e-05
2.27882e-05
2.11723e-05
3.05014e-05
2.70697e-05
2.34646e-05
2.13458e-05
3.55975e-05
3.07613e-05
2.5417e-05
2.20401e-05
4.81969e-05
4.07846e-05
3.22757e-05
2.66305e-05
6.25475e-05
5.25737e-05
4.09363e-05
3.30635e-05
4.32245e-05
3.91606e-05
3.48023e-05
3.21784e-05
5.62354e-05
4.9952e-05
4.28138e-05
3.81473e-05
8.26033e-05
7.24834e-05
6.05609e-05
5.23963e-05
0.000110324
9.6504e-05
7.99837e-05
6.84711e-05
2.44003e-05
2.46038e-05
2.55137e-05
2.67279e-05
2.35859e-05
2.34721e-05
2.3995e-05
2.49298e-05
3.27479e-05
3.12802e-05
3.01273e-05
2.98426e-05
4.76874e-05
4.44536e-05
4.11088e-05
3.92265e-05
5.75525e-05
5.30677e-05
4.81688e-05
4.51524e-05
8.11036e-05
7.37329e-05
6.51898e-05
5.94674e-05
0.000125235
0.000113021
9.8384e-05
8.81542e-05
0.000169869
0.000153064
0.000132664
0.000118183
7.23636e-05
6.78039e-05
6.27636e-05
5.96161e-05
0.00010798
0.000100175
9.10126e-05
8.47829e-05
0.000172075
0.000158913
0.000142973
0.000131695
0.000235495
0.000217305
0.000195016
0.000179022
3.13312e-07
1.55911e-07
7.11521e-08
9.67597e-08
6.01438e-07
3.3276e-07
1.13462e-07
6.62021e-08
1.19182e-06
6.99127e-07
2.83644e-07
1.58175e-07
1.82315e-06
1.05512e-06
4.73046e-07
3.14403e-07
1.99353e-06
1.15204e-06
4.50585e-07
2.40781e-07
2.25784e-06
1.28498e-06
4.52231e-07
1.61319e-07
2.64996e-06
1.50691e-06
5.10853e-07
1.21983e-07
2.97772e-06
1.71763e-06
6.05453e-07
1.44593e-07
7.76547e-06
5.82415e-06
3.8416e-06
2.6928e-06
8.04228e-06
6.13915e-06
4.18756e-06
3.04453e-06
8.56041e-06
6.64959e-06
4.68487e-06
3.52409e-06
9.08433e-06
7.11945e-06
5.09652e-06
3.89654e-06
2.95453e-06
1.70244e-06
5.9874e-07
1.43584e-07
2.53733e-06
1.4322e-06
4.78321e-07
1.17352e-07
2.04103e-06
1.14007e-06
3.88834e-07
1.52834e-07
1.70656e-06
9.59171e-07
3.65814e-07
2.3009e-07
1.49567e-06
8.38773e-07
3.81948e-07
3.06653e-07
8.31109e-07
4.75824e-07
1.98685e-07
1.4933e-07
2.8011e-07
1.46616e-07
5.15722e-08
5.96581e-08
8.41107e-08
3.3995e-08
3.97809e-08
9.63211e-08
5.55072e-06
4.14861e-06
2.7546e-06
1.97481e-06
3.97e-06
2.85498e-06
1.75527e-06
1.15047e-06
2.53847e-06
1.65259e-06
8.16274e-07
3.97858e-07
1.90943e-06
1.12026e-06
4.23171e-07
1.29105e-07
1.60797e-05
1.38427e-05
1.15102e-05
1.01086e-05
1.43807e-05
1.23492e-05
1.02483e-05
8.99957e-06
1.29611e-05
1.10068e-05
8.99302e-06
7.80527e-06
1.2459e-05
1.04209e-05
8.3163e-06
7.07693e-06
1.171e-05
9.66893e-06
7.58747e-06
6.3898e-06
1.00352e-05
7.97823e-06
5.86781e-06
4.64847e-06
9.40039e-06
7.00933e-06
4.53159e-06
3.09712e-06
1.0076e-05
7.2176e-06
4.23911e-06
2.51751e-06
1.99635e-05
1.72405e-05
1.44303e-05
1.28063e-05
2.02374e-05
1.68977e-05
1.33346e-05
1.1179e-05
2.39033e-05
1.92358e-05
1.40861e-05
1.08382e-05
2.92672e-05
2.31874e-05
1.63697e-05
1.19885e-05
