FiniteElementSpace
FiniteElementCollection: H1_2D_P2
VDim: 2
Ordering: 0

0
1.05353
2.07551
3.06004
4.01935
4.97219
5.93441
6.91422
7.90977
0
0.935844
1.87839
2.83673
3.82129
4.83261
5.85497
6.86967
7.87188
0.528591
0.996254
0.468027
0
1.56946
1.97826
1.40574
2.57196
2.94837
2.35489
3.5417
3.91922
3.3253
4.49544
4.90133
4.32428
5.45142
5.8942
5.34376
6.42195
6.89176
6.36402
7.41066
7.8907
7.37188
0.49951
1.48923
2.46414
3.43283
4.40864
5.39681
6.3927
7.39113
0.26353
0.513153
0.249961
0
1.3127
1.52862
1.24325
1.02425
2.32488
2.51701
2.22151
2.02601
3.30153
3.48607
3.19046
3.00303
4.25744
4.4513
4.16351
3.96823
5.21141
5.42423
5.14878
4.93645
6.17759
6.40793
6.14335
5.91475
7.16199
7.40125
7.14141
6.90356
0.792043
0.748308
0.967527
0.70174
0.48533
0.234671
0
1.82372
1.73421
1.92989
1.64166
1.44908
1.1705
2.81694
2.70635
2.89371
2.59505
2.41093
2.11607
3.78087
3.67569
3.87072
3.57237
3.37989
3.08011
4.73361
4.65459
4.86674
4.57792
4.36656
4.07199
5.69239
5.64533
5.87392
5.59952
5.36979
5.08801
6.66751
6.64218
6.88005
6.6173
6.37762
6.10987
7.66003
7.90032
7.64089
7.88114
7.62202
7.38108
7.12116
0.255355
1.2773
2.27223
3.24479
4.20956
5.17999
6.16102
7.15218
0.769529
0.72642
0.244354
1.77817
1.68953
1.20842
2.76052
2.652
2.17029
3.72714
3.62468
3.13628
4.69356
4.61618
4.11803
5.66915
5.62182
5.11802
6.65545
6.62902
6.12589
7.65068
7.63118
7.13073
0.130355
0.258959
0.12687
0
1.18341
1.29471
1.15099
1.03861
2.20049
2.29817
2.14931
2.0504
3.18097
3.27272
3.12399
3.0311
4.13842
4.23319
4.08886
3.99342
5.09171
5.19569
5.05814
4.95423
6.05586
6.16952
6.0378
5.92477
7.03798
7.15727
7.02781
6.90911
0.660519
0.780514
0.641555
0.520577
0.62401
0.737586
0.605844
0.492662
0.124976
0.247289
0.122974
0
1.6969
1.80061
1.65361
1.54872
1.61184
1.7121
1.56932
1.46939
1.11987
1.22607
1.08801
0.982116
2.6947
2.7883
2.63891
2.54407
2.58528
2.67934
2.53139
2.43773
2.09997
2.19611
2.05008
1.9543
3.66139
3.7536
3.60662
3.51346
3.55419
3.65024
3.50213
3.40645
3.06939
3.16348
3.01488
2.92119
4.61448
4.71342
4.57236
4.47312
4.53151
4.63535
4.49124
4.38757
4.04126
4.14077
3.99421
3.89499
5.57178
5.6809
5.5466
5.43789
5.52102
5.63348
5.49579
5.38322
5.02497
5.13332
4.99231
4.88398
6.54459
6.66172
6.53162
6.41518
6.51742
6.6355
6.50337
6.38506
6.01875
6.13452
5.99993
5.88396
7.53528
7.65544
7.52593
7.40609
7.51601
7.63599
7.50616
7.38605
7.01657
7.136
7.00543
6.88582
0.396316
0.38435
0.506222
0.374814
0.252603
0
1.44139
1.40318
1.50887
1.36636
1.26023
1.01021
2.4487
2.39479
2.49046
2.34289
2.24678
2.00206
3.42176
3.36547
3.45929
3.31159
3.21747
2.97556
4.37643
4.33037
4.42984
4.28597
4.18639
3.94357
5.3313
5.30202
5.41051
5.27273
5.16434
4.91882
6.29962
6.28439
6.40037
6.268
6.15224
5.90451
7.28622
7.27667
7.39623
7.26626
7.14685
6.89772
0.923065
0.897091
0.872394
0.758855
0.846994
0.9522
0.818725
0.714564
0.58486
0.477162
0.364896
0.351236
0.240243
0.118563
0
1.94992
1.9023
1.85634
1.75613
1.80972
1.90469
1.75992
1.66616
1.52361
1.42796
1.32878
1.28804
1.19
1.0531
2.93871
2.88189
2.82737
2.73331
2.77276
2.86566
2.71569
2.624
2.47479
2.38342
2.29057
2.23532
2.14372
1.9971
3.90017
3.84767
3.79736
3.70125
3.74754
3.84621
3.6966
3.59879
3.4486
3.35292
3.25795
3.20248
3.10858
2.9582
4.85283
4.81492
4.77787
4.67398
4.74136
4.84962
4.70515
4.59706
4.45095
4.34549
4.24214
4.19795
4.09514
3.94643
5.81326
5.79187
5.76973
5.65725
5.74788
5.86421
5.7273
5.61047
5.47166
5.35661
5.24386
5.21586
5.1029
4.96024
6.79073
6.77944
6.76695
6.64888
6.75458
6.87462
6.7436
6.6229
6.49077
6.37056
6.2518
6.23705
6.11763
5.9825
7.78488
7.90509
7.77549
7.89553
7.76579
7.64582
7.88588
7.75616
7.87645
7.74696
7.6265
7.497
7.37633
7.25594
7.2466
7.12574
6.99552
0.128061
1.16691
2.17453
3.15204
4.1133
5.07487
6.04703
7.0331
0.65076
0.615156
0.124069
1.67493
1.59082
1.10417
2.66638
2.55852
2.07525
3.63358
3.52823
3.04226
4.59321
4.51135
4.01775
5.55929
5.50831
5.00857
6.53834
6.5103
6.00924
7.53071
7.51103
7.01092
0.389999
0.379467
0.125891
1.42198
1.38472
1.13539
2.42134
2.36874
2.12456
3.39318
3.33837
3.09654
4.35312
4.30803
4.06491
5.31669
5.28735
5.0415
6.29224
6.27626
6.02832
7.28161
7.27151
7.02225
0.909803
0.884691
0.632701
0.859916
0.833357
0.595827
0.370085
0.358597
0.121598
1.92576
1.87925
1.63267
1.83326
1.78537
1.54703
1.34781
1.30896
1.07108
2.90986
2.85449
2.61197
2.80022
2.74468
2.50359
2.31693
2.26347
2.02413
3.87353
3.82235
3.58024
3.77249
3.7223
3.47566
3.28487
3.23057
2.98695
4.83375
4.79631
4.55182
4.75956
4.72323
4.47113
4.26405
4.22015
3.97049
5.80272
5.78082
5.53381
5.7587
5.73737
5.48354
5.25821
5.22972
4.97619
6.78531
6.77326
6.52458
6.76068
6.74884
6.49681
6.2598
6.24416
5.99097
7.78024
7.77067
7.521
7.76093
7.75149
7.50146
7.26104
7.25109
7.00025
0
0.0817172
0.25985
0.48821
0.708856
0.877697
0.979365
1.03094
1.06696
1
1.07695
1.24279
1.4657
1.69155
1.86991
1.97774
2.03085
2.06624
0.0296666
0.567628
1.02975
0.5
0.160785
0.745294
1.14968
0.371501
0.977004
1.35034
0.602776
1.20526
1.58176
0.801513
1.38093
1.78901
0.936538
1.48416
1.93249
1.00936
1.53309
2.00895
1.04883
1.5668
2.04855
0.515322
0.646261
0.857957
1.09507
1.30181
1.44128
1.51311
1.54945
0.0157516
0.269255
0.501052
0.25
0.118302
0.401191
0.603996
0.321811
0.314575
0.613705
0.800367
0.500852
0.546184
0.849423
1.03661
0.73234
0.757102
1.05335
1.25553
0.95824
0.909252
1.19075
1.41343
1.13123
0.995712
1.26228
1.50009
1.23328
1.04006
1.29931
1.54141
1.28257
0.0519054
0.537879
0.819269
1.04989
0.768856
1.01692
0.75
0.208274
0.693636
0.992741
1.19404
0.895796
1.11043
0.429687
0.917146
1.22167
1.40748
1.1037
1.29516
0.657224
1.15155
1.44982
1.63785
1.33937
1.52409
0.841771
1.3437
1.62717
1.8317
1.5471
1.74214
0.959792
1.46473
1.73228
1.95712
1.68851
1.90349
1.02091
1.52388
1.78247
2.02074
1.76196
1.99482
1.05771
1.31689
1.55776
1.81652
2.05722
1.79915
2.03992
0.2546
0.358543
0.556089
0.791517
1.00778
1.16326
1.24919
1.29108
0.291792
0.790476
0.754506
0.448919
0.942101
0.854606
0.672766
1.16226
1.0469
0.905243
1.39591
1.28101
1.09457
1.58944
1.50041
1.21397
1.71242
1.66017
1.27319
1.77303
1.7486
1.30779
1.80753
1.79097
0.00949938
0.134284
0.251073
0.125
0.099205
0.237763
0.339386
0.20105
0.286875
0.434954
0.528116
0.379893
0.517324
0.668859
0.762034
0.61018
0.733441
0.882827
0.983475
0.833853
0.894024
1.03677
1.14781
1.00498
0.987913
1.12279
1.24163
1.10673
1.03557
1.16564
1.2869
1.15689
0.039781
0.171086
0.279547
0.148729
0.525666
0.66335
0.778744
0.641132
0.498668
0.62685
0.75095
0.625
0.183952
0.328064
0.424474
0.280389
0.669362
0.817418
0.918358
0.770479
0.585029
0.728655
0.836164
0.692711
0.400496
0.551031
0.643114
0.492313
0.887409
1.03965
1.13282
0.980678
0.772459
0.923381
1.01943
0.868667
0.63032
0.781446
0.877641
0.726211
1.12361
1.274
1.36792
1.21742
1.00689
1.15893
1.2514
1.09937
0.822183
0.968667
1.07452
0.927881
1.32332
1.46699
1.56883
1.42486
1.23086
1.37834
1.47557
1.32786
0.948655
1.08734
1.20287
1.06414
1.45353
1.58895
1.701
1.5653
1.39777
1.53722
1.64426
1.50448
1.01536
1.14725
1.26797
1.13609
1.51873
1.64864
1.76774
1.63777
1.49252
1.62463
1.74085
1.60856
1.05322
1.18274
1.30349
1.17409
1.55355
1.68267
1.80328
1.67435
1.53732
1.66628
1.7868
1.65792
0.0215806
0.260924
0.3914
0.507078
0.376968
0.375
0.138851
0.379179
0.523156
0.624441
0.480623
0.443999
0.342821
0.584659
0.735609
0.828904
0.677914
0.62267
0.574708
0.820681
0.972392
1.06604
0.914121
0.854637
0.779818
1.03108
1.17798
1.2792
1.13201
1.08204
0.923423
1.17755
1.31645
1.42792
1.28879
1.25653
1.00284
1.25605
1.38795
1.50692
1.37495
1.35908
1.04445
1.29519
1.42444
1.54543
1.41634
1.40797
0.0658951
0.305914
0.551884
0.414041
0.804017
0.947331
1.06259
0.919302
1.03895
0.898424
0.760789
1.02238
0.884608
1.01048
0.875
0.233604
0.474416
0.718984
0.570789
0.96693
1.11746
1.21792
1.06765
1.17127
1.0222
0.874516
1.12938
0.981854
1.09293
0.458966
0.702546
0.947048
0.794827
1.19192
1.34381
1.43651
1.2849
1.37872
1.22695
1.07502
1.32245
1.17084
1.26857
0.683438
0.932135
1.17879
1.02862
1.42324
1.57107
1.66505
1.51722
1.61006
1.46085
1.31036
1.55307
1.40276
1.49493
0.860288
1.11347
1.3629
1.21957
1.60889
1.74899
1.8514
1.71103
1.81092
1.6685
1.52427
1.76609
1.6217
1.71729
0.970016
1.22408
1.47491
1.33975
1.72283
1.85535
1.96792
1.83515
1.94535
1.81091
1.67491
1.91857
1.78227
1.88729
1.02607
1.27803
1.52864
1.39873
1.77791
1.90678
2.02596
1.89705
2.01509
1.88568
1.75561
2.00222
1.872
1.9867
1.06227
1.19191
1.31225
1.44187
1.56217
1.4328
1.69169
1.81193
1.94136
2.06167
1.93236
2.05284
1.92386
1.79507
2.04425
1.91551
2.03547
0.129249
0.21861
0.407077
0.639634
0.858803
1.02144
1.11514
1.16134
0.15891
0.651314
0.624181
0.303649
0.793359
0.709905
0.521562
1.01001
0.895646
0.754141
1.246
1.12923
0.948823
1.44649
1.35356
1.07624
1.57765
1.52144
1.1419
1.64345
1.617
1.17836
1.67845
1.66218
0.140506
0.383082
0.374286
0.258387
0.501202
0.461524
0.463406
0.706513
0.649929
0.697754
0.94346
0.884475
0.905869
1.15552
1.10749
1.051
1.30318
1.27324
1.12975
1.38176
1.36741
1.16987
1.42039
1.41223
0.185168
0.428142
0.401766
0.677167
0.93247
0.907953
0.632929
0.890658
0.879361
0.353515
0.596255
0.546389
0.842556
1.09206
1.04433
0.748881
1.00134
0.963826
0.58061
0.824715
0.765086
1.06947
1.31429
1.25575
0.951762
1.19861
1.14376
0.808044
1.05572
1.00081
1.30131
1.54451
1.4893
1.18836
1.43196
1.37333
0.987389
1.23863
1.19934
1.48632
1.7306
1.69032
1.40212
1.64561
1.59683
1.09748
1.34988
1.32862
1.59923
1.84573
1.82357
1.55183
1.79716
1.76622
1.15222
1.4035
1.39357
1.65344
1.90208
1.89162
1.63153
1.87917
1.86408
1.18725
1.43723
1.42856
1.68707
1.93679
1.92806
1.67032
1.91969
1.91122
