FiniteElementSpace
FiniteElementCollection: L2_2D_P3
VDim: 1
Ordering: 0

0.00837656
0.00523846
0.00718161
0.00953041
0.00365412
0.00308534
0.00529146
0.00781077
0.00119201
0.00151994
0.00327891
0.00525456
0.000773044
0.00097697
0.00207456
0.00327206
0.00553822
0.00531955
0.00507049
0.00490648
0.00440014
0.00422268
0.0040232
0.00389409
0.00310849
0.00298007
0.0028393
0.00275129
0.00227224
0.00217778
0.00207705
0.00201666
0.00257302
0.00240039
0.00219077
0.00204167
0.00206134
0.00192521
0.00176161
0.00164656
0.00149146
0.00139648
0.00128467
0.00120789
0.00113199
0.00106347
0.00098483
0.000932516
0.000779971
0.000723615
0.000653884
0.000603282
0.000659703
0.000614362
0.00055864
0.000518463
0.000521359
0.000488134
0.000447948
0.000419424
0.000431148
0.000405282
0.000374687
0.000353466
0.00030366
0.000293517
0.000280638
0.000271036
0.000275546
0.000267159
0.000256563
0.000248699
0.00023986
0.000233645
0.000225912
0.000220253
0.000213637
0.000208931
0.000203229
0.000199165
0.000187287
0.00017949
0.000169631
0.000162319
0.000180376
0.000173778
0.000165453
0.000159293
0.000171501
0.0001664
0.000160005
0.000155306
0.000164764
0.00016076
0.000155787
0.00015217
6.65054e-05
5.98791e-05
5.17987e-05
4.60361e-05
7.27463e-05
6.62395e-05
5.82631e-05
5.25383e-05
8.04699e-05
7.41562e-05
6.6379e-05
6.07638e-05
8.58942e-05
7.97515e-05
7.21644e-05
6.66676e-05
7.19824e-06
6.01905e-06
4.62951e-06
3.68034e-06
9.96887e-06
8.44114e-06
6.62911e-06
5.38245e-06
1.38694e-05
1.18872e-05
9.53096e-06
7.90637e-06
1.68784e-05
1.45559e-05
1.17985e-05
9.90041e-06
0.00655221
0.00644943
0.00635524
0.0063126
0.00535422
0.00522951
0.00510431
0.00503586
0.0039251
0.00379321
0.00365402
0.00357138
0.00295311
0.0028285
0.00269473
0.00261331
0.000204205
0.00019461
0.000188604
0.000188604
0.000103844
9.99222e-05
9.63165e-05
9.48818e-05
0.000384492
0.000368589
0.000341046
0.000315529
0.000937386
0.000899309
0.000834836
0.000775224
0.000289676
8.78342e-05
3.41687e-05
7.744e-05
0.000305667
9.75199e-05
1.53969e-05
3.32602e-05
0.000340516
0.000185346
0.000243736
0.000388648
0.000489605
0.000365351
0.00064219
0.00101302
0.0040287
0.00381273
0.00355603
0.00337777
0.00320047
0.00302878
0.00282713
0.00268905
0.00227095
0.00215036
0.00201203
0.00192003
0.00167775
0.00159119
0.00149462
0.0014328
0.000219977
0.000217714
0.000220603
0.000227469
0.000155706
0.00015599
0.000160252
0.000166735
0.000266648
0.000258993
0.00025033
0.000245139
0.000514763
0.000491111
0.000459737
0.00043598
0.000192912
0.000191522
0.000195079
0.000202174
0.000113467
0.000116893
0.000123441
0.000130355
0.000297307
0.000295408
0.000289767
0.000283595
0.000683012
0.000666603
0.000637487
0.000610209
0.00145782
0.00134767
0.00121256
0.00111542
0.0011923
0.00110513
0.00099911
0.000923558
0.000895458
0.000833682
0.000759885
0.000708298
0.000708003
0.000661993
0.000608282
0.000571705
0.000196714
0.000186971
0.000178744
0.000175647
0.000145677
0.000137136
0.000130264
0.000128075
0.000135698
0.000123425
0.000111778
0.000106046
0.000172921
0.000153451
0.000132796
0.000120496
0.000228868
0.000221965
0.000218554
0.000220173
0.000171824
0.000166238
0.000163709
0.000165417
0.000211202
0.000198545
0.000186105
0.000179796
0.000334347
0.000308815
0.000279427
0.000260127
0.000445899
0.00042171
0.00039138
0.000369055
0.00039193
0.000372047
0.000347256
0.000329097
0.000326337
0.000311355
0.000292956
0.000279668
0.000280684
0.000268766
0.000254476
0.000244394
0.00011041
0.000107798
0.000105863
0.000105383
7.90868e-05
7.7699e-05
7.73743e-05
7.81476e-05
4.85675e-05
4.77237e-05
4.82079e-05
4.96909e-05
3.29249e-05
3.17015e-05
3.18342e-05
3.31687e-05
0.000145021
0.000137573
0.000130762
0.000127542
0.000103096
9.70391e-05
9.20248e-05
9.01836e-05
7.31845e-05
6.64099e-05
6.06354e-05
5.83703e-05
6.92797e-05
5.99597e-05
5.11654e-05
4.6837e-05
0.000238906
0.000232226
0.000223719
0.000217359
0.000222572
0.000217109
0.000210183
0.00020503
0.000201728
0.000197821
0.000192934
0.000189346
0.000186177
0.000183421
0.000180054
0.000177644
0.000117003
0.000118629
0.000121062
0.000123158
0.000101134
0.000103541
0.000107004
0.000109901
8.2071e-05
8.52612e-05
8.97775e-05
9.35063e-05
6.87326e-05
7.23509e-05
7.74596e-05
8.1669e-05
0.000105031
0.000105829
0.000107496
0.00010921
8.25127e-05
8.42164e-05
8.70831e-05
8.9736e-05
5.74966e-05
5.99266e-05
6.37954e-05
6.72644e-05
4.15896e-05
4.42425e-05
4.84681e-05
5.22647e-05
0.000126404
0.000117839
0.000107178
9.94014e-05
0.00012809
0.000120354
0.000110714
0.000103672
0.000129944
0.000123256
0.000114924
0.000108836
0.000131
0.000125088
0.000117732
0.000112364
0.000126532
0.000123981
0.000120892
0.000118702
0.000123258
0.000121509
0.000119443
0.000118021
0.000118698
0.000117993
0.000117266
0.000116854
0.000115007
0.000115097
0.000115397
0.000115764
0.000129173
0.000129401
0.00012993
0.000130512
0.000119436
0.000120503
0.000122121
0.000123537
0.00010696
0.000109008
0.000111913
0.00011432
9.7615e-05
0.000100328
0.000104115
0.000107208
2.57722e-05
2.23739e-05
1.83124e-05
1.54833e-05
3.13986e-05
2.76547e-05
2.31372e-05
1.99542e-05
3.87096e-05
3.45597e-05
2.95141e-05
2.59269e-05
4.40643e-05
3.96379e-05
3.42383e-05
3.03846e-05
6.52738e-05
6.01668e-05
5.38875e-05
4.93643e-05
6.97784e-05
6.46414e-05
5.83072e-05
5.37295e-05
7.60317e-05
7.08826e-05
6.45107e-05
5.98872e-05
8.11237e-05
7.59868e-05
6.96136e-05
6.49762e-05
0.000102452
9.76088e-05
9.16013e-05
8.72251e-05
0.000104636
0.000100256
9.48214e-05
9.0859e-05
0.000107427
0.000103708
9.90939e-05
9.57307e-05
0.00010953
0.000106358
0.00010243
9.95723e-05
1.2551e-06
9.259e-07
5.80696e-07
3.80483e-07
1.91598e-06
1.41248e-06
8.68767e-07
5.40261e-07
3.10574e-06
2.3798e-06
1.60115e-06
1.13792e-06
4.13463e-06
3.23953e-06
2.29697e-06
1.75429e-06
8.34696e-06
6.40777e-06
4.3993e-06
3.26885e-06
9.13624e-06
6.91008e-06
4.58615e-06
3.25892e-06
1.04613e-05
7.79334e-06
4.98351e-06
3.35272e-06
1.17345e-05
8.67203e-06
5.42889e-06
3.52767e-06
3.07588e-05
2.69913e-05
2.25028e-05
1.9396e-05
3.41581e-05
3.00494e-05
2.5136e-05
2.17183e-05
3.90493e-05
3.44761e-05
2.89827e-05
2.51395e-05
4.31661e-05
3.82226e-05
3.2266e-05
2.80827e-05
0.00736002
0.00700964
0.00666335
0.00645452
0.00609959
0.00582575
0.00551844
0.00531871
0.00443965
0.00427306
0.00409035
0.0039749
0.00318829
0.00313286
0.0030822
0.00306085
0.00257566
0.00255131
0.00256337
0.00257999
0.00156614
0.00158609
0.00163874
0.00169183
0.000662065
0.000693759
0.00074799
0.000798187
0.000261634
0.000286399
0.000323346
0.000351503
0.000609277
0.000688921
0.00157304
0.00253711
0.000371627
0.000382929
0.000924981
0.00155455
0.000278411
0.000173245
0.000350198
0.000629016
0.000280993
0.00010474
9.92672e-05
0.000199923
0.00479867
0.00457553
0.00431498
0.0041379
0.00380878
0.00362998
0.00342387
0.00328597
0.00269192
0.00256498
0.00242222
0.00232974
0.00197415
0.00188233
0.00178197
0.00171956
0.00163705
0.00156181
0.0014813
0.0014328
0.0010853
0.00103675
0.000988308
0.000962322
0.000551397
0.00053043
0.000513917
0.000509472
0.00029519
0.000289014
0.000288364
0.000293681
0.00187882
0.00180056
0.00171878
0.00167134
0.00123366
0.00118182
0.00113132
0.00110542
0.000603846
0.000580502
0.000562157
0.000557237
0.000298139
0.000290922
0.000289127
0.000293745
0.00196135
0.00181945
0.00164614
0.00152209
0.00158488
0.00147297
0.00133757
0.00124163
0.00116573
0.00108726
0.000994132
0.000929546
0.000901884
0.000844534
0.000778096
0.000733325
0.000775958
0.000728419
0.000674187
0.000638325
0.000564313
0.00053239
0.000497585
0.000475902
0.000359576
0.000342174
0.000325371
0.000316795
0.000260008
0.000249003
0.000240058
0.000237168
0.000962063
0.000905832
0.000842408
0.000801146
0.000680117
0.000643386
0.000604068
0.000580287
0.000409421
0.000391228
0.000374575
0.00036707
0.000280224
0.000270597
0.00026415
0.000263798
0.000579728
0.000542182
0.00049544
0.000461297
0.000499967
0.000469422
0.000431628
0.000404172
0.000405837
0.000383073
0.000355338
0.000335482
0.000342572
0.000324557
0.000303103
0.000288091
0.00030939
0.000293751
0.000275357
0.000262647
0.00024932
0.000237809
0.000224723
0.000216014
0.000184089
0.000176434
0.000168423
0.000163624
0.000144765
0.00013884
0.000133224
0.000130356
0.000385189
0.000362883
0.000336812
0.000318956
0.000303388
0.000287081
0.000268646
0.000256486
0.000217989
0.000207159
0.000195823
0.000189055
0.000169748
0.000161238
0.000153044
0.00014876
0.000266665
0.00025917
0.000249627
0.000242492
0.000245181
0.000239029
0.000231233
0.000225432
0.000217745
0.000213304
0.000207761
0.000203696
0.000197356
0.00019416
0.000190278
0.000187509
0.000186073
0.000183566
0.000180594
0.000178532
0.000164902
0.000163645
0.00016232
0.000161527
0.000138821
0.000138975
0.00013953
0.000140209
0.000120112
0.000121166
0.000122943
0.000124593
0.000199173
0.000195303
0.00019071
0.000187506
0.000172246
0.000169905
0.000167323
0.000165669
0.00013983
0.000139135
0.000138758
0.000138835
0.000117233
0.000117514
0.000118482
0.000119642
0.000157916
0.000149453
0.000138825
0.000131
0.000155583
0.000148198
0.000138931
0.000132113
0.000152418
0.000146382
0.00013883
0.000133291
0.000149832
0.000144782
0.000138495
0.000133905
0.000148064
0.000143537
0.000137914
0.000133821
0.000143979
0.000140393
0.000135975
0.000132788
0.000138213
0.000135807
0.000132907
0.000130866
0.000133458
0.000131916
0.000130134
0.000128942
0.000160818
0.000157392
0.000153165
0.000150113
0.000152809
0.000150412
0.000147516
0.000145475
0.000142212
0.000141076
0.000139819
0.00013903
0.00013399
0.000133754
0.000133674
0.000133789
4.30978e-05
3.80988e-05
3.20668e-05
2.78165e-05
4.95562e-05
4.43831e-05
3.80933e-05
3.36205e-05
5.773e-05
5.23814e-05
4.58342e-05
4.11406e-05
6.35933e-05
5.81459e-05
5.14546e-05
4.66375e-05
6.64957e-05
6.10218e-05
5.42875e-05
4.94308e-05
7.15501e-05
6.60828e-05
5.93419e-05
5.4468e-05
7.78118e-05
7.24026e-05
6.57197e-05
6.08756e-05
8.2298e-05
7.69716e-05
7.03821e-05
6.55979e-05
8.84656e-05
8.24371e-05
7.49805e-05
6.95697e-05
9.26645e-05
8.68979e-05
7.97547e-05
7.45617e-05
9.7628e-05
9.22472e-05
8.55743e-05
8.07157e-05
0.000100992
9.59389e-05
8.96696e-05
8.5101e-05
3.29874e-06
2.66867e-06
1.93776e-06
1.44899e-06
4.8313e-06
3.94057e-06
2.90667e-06
2.21605e-06
7.15077e-06
5.91154e-06
4.48047e-06
3.53213e-06
9.00747e-06
7.50065e-06
5.77215e-06
4.6375e-06
1.00398e-05
8.38412e-06
6.48757e-06
5.24493e-06
1.20123e-05
1.00545e-05
7.81426e-06
6.34732e-06
1.46534e-05
1.22773e-05
9.56194e-06
7.78572e-06
1.66893e-05
1.39773e-05
1.08804e-05
8.85536e-06
1.85116e-05
1.60139e-05
1.30489e-05
1.10075e-05
2.16384e-05
1.88124e-05
1.54537e-05
1.31372e-05
2.57985e-05
2.25403e-05
1.86641e-05
1.59867e-05
2.89971e-05
2.54089e-05
2.11368e-05
1.81826e-05
0.00621164
0.00600545
0.00577852
0.00563592
0.00495381
0.00478208
0.004595
0.00447911
0.00351294
0.0033845
0.00324758
0.00316542
0.00257028
0.00247353
0.00237275
0.00231457
0.00212541
0.00204397
0.00196051
0.00191365
0.00139262
0.00133622
0.00128198
0.00125478
0.000667705
0.000640244
0.000617913
0.00061089
0.000311055
0.00030091
0.000295611
0.000297796
0.00246713
0.00235386
0.00223346
0.00216158
0.0016165
0.00153872
0.00146031
0.00141716
0.000767393
0.0007285
0.000693918
0.00067924
0.00034867
0.000331309
0.000317975
0.000314932
0.000187626
0.000184316
0.000185196
0.000190038
9.6658e-05
9.93164e-05
0.000103949
0.000108692
0.00031508
0.000313495
0.000305829
0.000296282
0.000768027
0.000753354
0.000722386
0.000690568
0.00111445
0.00108724
0.00103709
0.00098862
0.00198017
0.00191974
0.001823
0.00173645
0.00363785
0.00351524
0.00333164
0.00317456
0.00536961
0.00518205
0.00490954
0.00468163
0.001339
0.00129097
0.00120756
0.00112867
0.00231507
0.00224236
0.00212302
0.00201429
0.00412028
0.00402072
0.00385878
0.00371163
0.00595651
0.00584186
0.00565597
0.00548707
0.00015152
0.000173355
0.000193965
0.000202715
8.6313e-05
9.55316e-05
0.000102469
0.000103122
0.000426887
0.000427969
0.000421661
0.000409952
0.00111031
0.00107381
0.00103622
0.00100494
0.00156452
0.00152573
0.00146475
0.00141148
0.00278102
0.00267034
0.00250307
0.00236026
0.00477555
0.00460403
0.0043457
0.00412319
0.00654558
0.00638579
0.00614909
0.00592887
0.000555552
0.00055323
0.00103359
0.00157759
0.000667205
0.000829976
0.00201078
0.00340558
0.0027823
0.00206456
0.00397453
0.00631332
0.00836116
0.00414441
0.00600842
0.00867233
0.00327314
0.00307469
0.00283581
0.0026675
0.00260786
0.00245094
0.00226413
0.00213417
0.00186463
0.00175507
0.00162749
0.00154105
0.00139341
0.00131484
0.00122577
0.00116749
0.00117177
0.00110765
0.00103633
0.000990863
0.000807038
0.00076589
0.00072277
0.000697585
0.000457272
0.000438513
0.000422358
0.000416227
0.000291276
0.000283394
0.000279794
0.000282162
0.00139922
0.00132861
0.00125144
0.00120346
0.000942826
0.000897724
0.000851571
0.000825676
0.000503814
0.000484256
0.00046832
0.000463354
0.000294843
0.000288317
0.000286917
0.000291385
0.000229128
0.000224709
0.000224777
0.000229368
0.000169051
0.000166412
0.000167457
0.000171827
0.000242604
0.000232019
0.000221205
0.000215494
0.000424713
0.000399168
0.000367999
0.000346218
0.000556519
0.000519686
0.000473478
0.00044003
0.000891571
0.000826388
0.000742968
0.000680899
0.00154674
0.00142793
0.00127506
0.00116036
0.00223239
0.00205779
0.00183355
0.00166539
0.000696647
0.000660445
0.000611866
0.000574413
0.00115578
0.00108767
0.000996548
0.000925862
0.00204438
0.00191557
0.00174467
0.00161263
0.002973
0.00278053
0.00252711
0.00233251
0.000205925
0.000204791
0.000208971
0.000216753
0.000135438
0.00013789
0.000144136
0.000151554
0.000284009
0.000279458
0.000272726
0.000267493
0.000601313
0.000580925
0.000550437
0.000524946
0.000837004
0.000803642
0.00075475
0.000714178
0.00142966
0.00136275
0.00126835
0.00119163
0.00257077
0.00243964
0.00225935
0.00211551
0.0037635
0.00356446
0.00329484
0.00308235
0.000973663
0.00094452
0.00089665
0.000853542
0.00170273
0.00164008
0.00154592
0.00146543
0.00310391
0.00297658
0.00279423
0.00264361
0.00457018
0.00437378
0.00409915
0.00387659
0.00106693
0.000986073
0.000886493
0.0008146
0.000886194
0.000821762
0.000743019
0.000686596
0.00068203
0.000635658
0.000579929
0.000540682
0.00055166
0.000516341
0.000474836
0.000446304
0.000487046
0.000456953
0.000422026
0.000398344
0.00037432
0.000352801
0.00032869
0.000313006
0.000260615
0.000246875
0.000232692
0.000224436
0.000200287
0.00018979
0.000179858
0.000174875
0.000617133
0.000578483
0.000533977
0.000504147
0.00046175
0.000434943
0.000405267
0.000386327
0.000309003
0.000293025
0.000276963
0.000268068
0.000232045
0.000220658
0.00021042
0.000205872
0.000170771
0.00016158
0.000153306
0.000149564
0.000123878
0.000116009
0.000109381
0.000106863
0.000100602
9.06999e-05
8.16019e-05
7.7362e-05
0.000112318
9.78402e-05
8.31486e-05
7.49383e-05
0.000122851
0.00010541
8.70557e-05
7.62208e-05
0.000157333
0.000132589
0.000105024
8.74299e-05
0.000248028
0.000208934
0.000163529
0.000133009
0.00035205
0.000298233
0.000234671
0.000191092
0.00020057
0.00017627
0.000149549
0.000132815
0.000277642
0.00024142
0.000199574
0.000171637
0.000449401
0.000390401
0.000320016
0.000271198
0.000636637
0.000554359
0.000455044
0.000385222
0.000217513
0.000208618
0.000202143
0.000200953
0.000163226
0.000155485
0.000150058
0.000149363
0.000174222
0.000160938
0.000148111
0.000141683
0.000248531
0.000225129
0.000199336
0.000183221
0.000301867
0.000271408
0.000236605
0.000213782
0.000442623
0.000394688
0.000337511
0.000297933
0.000733979
0.000653033
0.000554113
0.000483669
0.00104391
0.000929141
0.000787826
0.000686307
0.000422627
0.000387756
0.000346212
0.000317685
0.000649911
0.00059178
0.000520115
0.000468747
0.00110315
0.00100116
0.000873432
0.000780124
0.00157975
0.00143253
0.00124756
0.00111186
0.000359235
0.000343835
0.000324388
0.000309969
0.000321204
0.000308463
0.000292457
0.000280644
0.000273744
0.000264147
0.000252273
0.000243631
0.00023964
0.000232103
0.00022301
0.000216552
0.000220983
0.000214564
0.000206946
0.000201624
0.000186495
0.000182106
0.000177146
0.000173866
0.000146151
0.000143836
0.000141655
0.000140555
0.000119062
0.000117869
0.000117253
0.000117423
0.000256129
0.000245811
0.000233608
0.000225117
0.000211125
0.00020366
0.000195164
0.000189495
0.000160293
0.000155599
0.000150795
0.000148004
0.000127781
0.000124446
0.000121541
0.000120294
0.0001045
0.000103911
0.00010411
0.000104926
7.79056e-05
7.83722e-05
7.99655e-05
8.18703e-05
4.99277e-05
5.10915e-05
5.36666e-05
5.63889e-05
3.3496e-05
3.46892e-05
3.73986e-05
4.0304e-05
2.55515e-05
2.67123e-05
2.94164e-05
3.23518e-05
1.24173e-05
1.34035e-05
1.58815e-05
1.86651e-05
3.35308e-06
3.39263e-06
4.72423e-06
6.71429e-06
1.93398e-06
8.00758e-07
7.16206e-07
1.71681e-06
2.56626e-05
2.41786e-05
2.40294e-05
2.52021e-05
1.47792e-05
1.25916e-05
1.15457e-05
1.20767e-05
1.25411e-05
8.28656e-06
4.71639e-06
3.47403e-06
1.90726e-05
1.24821e-05
6.08359e-06
2.85836e-06
0.000124039
0.000118987
0.000114531
0.00011257
8.74767e-05
8.37794e-05
8.10939e-05
8.05065e-05
5.5795e-05
5.22175e-05
4.9826e-05
4.95874e-05
4.36319e-05
3.88752e-05
3.51597e-05
3.40857e-05
3.86619e-05
3.31681e-05
2.85856e-05
2.69343e-05
3.39674e-05
2.66264e-05
1.9712e-05
1.63729e-05
4.62138e-05
3.45768e-05
2.23863e-05
1.52985e-05
6.8559e-05
5.23206e-05
3.453e-05
2.34869e-05
6.96169e-05
5.86947e-05
4.79573e-05
4.22727e-05
7.85087e-05
6.36302e-05
4.79145e-05
3.86029e-05
0.000119021
9.59147e-05
7.00367e-05
5.34332e-05
0.00017114
0.000139476
0.000103116
7.90427e-05
0.000213784
0.000206782
0.000197885
0.000191253
0.000202171
0.000196383
0.000189055
0.000183613
0.000187366
0.000183111
0.000177778
0.000173859
0.000176281
0.000173156
0.000169303
0.000166521
0.000170039
0.000167515
0.000164445
0.000162263
0.000157923
0.000156469
0.000154794
0.00015368
0.000142371
0.000142199
0.000142207
0.00014239
0.000130676
0.000131395
0.000132581
0.00013368
0.000177535
0.000175403
0.000172857
0.000171081
0.000161122
0.000160112
0.000159036
0.000158391
0.000140496
0.000140795
0.000141452
0.000142154
0.000125347
0.000126524
0.000128358
0.000129985
0.000124089
0.000125263
0.00012705
0.000128615
0.000111252
0.000113226
0.000116062
0.000118437
9.53179e-05
9.8166e-05
0.000102162
0.000105441
8.37668e-05
8.71574e-05
9.18851e-05
9.57421e-05
7.75763e-05
8.1212e-05
8.62729e-05
9.03953e-05
6.59871e-05
7.00215e-05
7.56115e-05
8.01474e-05
5.25953e-05
5.69405e-05
6.29612e-05
6.78465e-05
4.36797e-05
4.81217e-05
5.42962e-05
5.93203e-05
6.17925e-05
6.55885e-05
7.09454e-05
7.53576e-05
4.9147e-05
5.31986e-05
5.88984e-05
6.35837e-05
3.53413e-05
3.94547e-05
4.52633e-05
5.0055e-05
2.6754e-05
3.07406e-05
3.64128e-05
4.11224e-05
0.000109939
0.000111458
0.000113862
0.000116008
9.09241e-05
9.32546e-05
9.6733e-05
9.97175e-05
6.88872e-05
7.19547e-05
7.64365e-05
8.02255e-05
5.40969e-05
5.74953e-05
6.24557e-05
6.66492e-05
4.6596e-05
5.01186e-05
5.52613e-05
5.96108e-05
3.32886e-05
3.69611e-05
4.23059e-05
4.68219e-05
1.98657e-05
2.33835e-05
2.85605e-05
3.29783e-05
1.23816e-05
1.55653e-05
2.03435e-05
2.44853e-05
3.37073e-05
3.64289e-05
4.07703e-05
4.46783e-05
2.01185e-05
2.28824e-05
2.72806e-05
3.12459e-05
8.00566e-06
1.03442e-05
1.42375e-05
1.7863e-05
2.61262e-06
4.33332e-06
7.48105e-06
1.05853e-05
9.50119e-05
8.7094e-05
7.73355e-05
7.02938e-05
9.96636e-05
9.22278e-05
8.30357e-05
7.6378e-05
0.000105274
9.84721e-05
9.0043e-05
8.39183e-05
0.000109088
0.000102771
9.49342e-05
8.92304e-05
0.000110735
0.000104692
9.71885e-05
9.1722e-05
0.000113036
0.000107528
0.000100689
9.5705e-05
0.000115418
0.000110631
0.000104694
0.000100371
0.000116739
0.000112518
0.000107294
0.000103497
0.000131156
0.000125663
0.00011883
0.000113845
0.000130609
0.00012589
0.000120037
0.000115778
0.000129297
0.000125578
0.000120995
0.000117683
0.000127819
0.000124854
0.000121234
0.000118643
0.000116999
0.000113107
0.0001083
0.000104813
0.000116729
0.000113508
0.000109544
0.000106682
0.000116133
0.000113823
0.000111015
0.000109013
0.000115504
0.00011392
0.000112036
0.000110726
0.000114815
0.000113646
0.0001123
0.000111397
0.000113192
0.00011288
0.000112614
0.000112512
0.000111599
0.000112446
0.000113662
0.000114672
0.000110815
0.000112587
0.000114998
0.000116916
0.000112649
0.000113172
0.000114037
0.000114839
0.000107781
0.000109162
0.000111127
0.000112756
0.000101843
0.000104335
0.000107741
0.000110468
9.76663e-05
0.000101004
0.000105522
0.000109107
0.000130432
0.000129348
0.000128157
0.000127417
0.00012392
0.000123686
0.000123594
0.000123684
0.000115284
0.000116105
0.000117382
0.000118517
0.000108594
0.000110181
0.000112456
0.000114358
0.000104691
0.000106672
0.000109467
0.000111773
9.69505e-05
9.9676e-05
0.00010344
0.000106483
8.742e-05
9.10427e-05
9.59864e-05
9.99407e-05
8.06266e-05
8.48809e-05
9.06689e-05
9.52856e-05
9.24235e-05
9.54598e-05
9.96784e-05
0.00010311
8.24307e-05
8.6041e-05
9.10132e-05
9.5026e-05
7.04076e-05
7.46216e-05
8.04017e-05
8.50488e-05
6.20385e-05
6.66119e-05
7.28874e-05
7.79337e-05
1.42047e-05
1.21137e-05
9.63394e-06
7.92397e-06
1.84445e-05
1.59618e-05
1.29882e-05
1.09137e-05
2.41438e-05
2.11735e-05
1.75926e-05
1.50754e-05
2.8418e-05
2.50969e-05
2.10856e-05
1.82598e-05
3.0669e-05
2.71771e-05
2.29565e-05
1.99805e-05
3.48945e-05
3.11059e-05
2.65176e-05
2.32744e-05
4.04185e-05
3.62619e-05
3.12187e-05
2.76461e-05
4.46001e-05
4.01796e-05
3.48097e-05
3.09998e-05
4.68012e-05
4.22509e-05
3.66929e-05
3.272e-05
5.17766e-05
4.70399e-05
4.12407e-05
3.70841e-05
5.81302e-05
5.31894e-05
4.71271e-05
4.27708e-05
6.28309e-05
5.77659e-05
5.15421e-05
4.70619e-05
4.68542e-05
4.2303e-05
3.67706e-05
3.28421e-05
5.11459e-05
4.63705e-05
4.05464e-05
3.63948e-05
5.72178e-05
5.21487e-05
4.59417e-05
4.14963e-05
6.22489e-05
5.69543e-05
5.0453e-05
4.57818e-05
6.50908e-05
5.96797e-05
5.30252e-05
4.82355e-05
7.08373e-05
6.5218e-05
5.82636e-05
5.32229e-05
7.97554e-05
7.38033e-05
6.6397e-05
6.0996e-05
8.77321e-05
8.14822e-05
7.3683e-05
6.79773e-05
8.39077e-05
7.88019e-05
7.24597e-05
6.7839e-05
8.94576e-05
8.44558e-05
7.82e-05
7.36077e-05
9.809e-05
9.32167e-05
8.70817e-05
8.2547e-05
0.000105814
0.000101042
9.50121e-05
9.05377e-05
8.44964e-05
7.92479e-05
7.27524e-05
6.80349e-05
8.8316e-05
8.32818e-05
7.70384e-05
7.24927e-05
9.34777e-05
8.87732e-05
8.29238e-05
7.86527e-05
9.75778e-05
9.31648e-05
8.76687e-05
8.36482e-05
9.96844e-05
9.54662e-05
9.02114e-05
8.63666e-05
0.000103769
9.99912e-05
9.52542e-05
9.17622e-05
0.000110254
0.000107091
0.000103098
0.000100134
0.00011614
0.000113488
0.000110128
0.000107623
0.000110412
0.000107573
0.00010407
0.000101529
0.000111954
0.000109828
0.000107202
0.000105295
0.000114784
0.000113646
0.00011226
0.000111265
0.000117604
0.000117278
0.000116922
0.000116697
2.71485e-07
1.44667e-07
4.44626e-08
9.56143e-08
4.68757e-07
1.37964e-07
3.18038e-08
2.5332e-07
1.10385e-06
4.78473e-07
3.00938e-07
7.14592e-07
1.65615e-06
8.58821e-07
6.09216e-07
1.1551e-06
1.99105e-06
1.12422e-06
7.16747e-07
9.80308e-07
2.14812e-06
1.25976e-06
7.18816e-07
7.84137e-07
2.37914e-06
1.48237e-06
8.07435e-07
6.71418e-07
2.5757e-06
1.69187e-06
9.44757e-07
6.98373e-07
4.69916e-06
3.70188e-06
2.67713e-06
2.11624e-06
5.68975e-06
4.44668e-06
3.17257e-06
2.47389e-06
6.95757e-06
5.39467e-06
3.79464e-06
2.9149e-06
7.87646e-06
6.07764e-06
4.23562e-06
3.22054e-06
2.56887e-06
1.69568e-06
9.17373e-07
6.3323e-07
2.46946e-06
1.64079e-06
8.57652e-07
5.47149e-07
2.42566e-06
1.65315e-06
8.77386e-07
5.69069e-07
2.45986e-06
1.72471e-06
9.59433e-07
6.80875e-07
2.47193e-06
1.67836e-06
8.57735e-07
6.66827e-07
2.93315e-06
1.80032e-06
7.66274e-07
4.68247e-07
4.17988e-06
2.42432e-06
8.35914e-07
2.48184e-07
5.75602e-06
3.34614e-06
1.1304e-06
2.22412e-07
1.24889e-05
9.21767e-06
5.72947e-06
3.65634e-06
1.41282e-05
1.05202e-05
6.61558e-06
4.23923e-06
1.68798e-05
1.2844e-05
8.40562e-06
5.63911e-06
1.94846e-05
1.51335e-05
1.02952e-05
7.23047e-06
1.7813e-05
1.49096e-05
1.15928e-05
9.42146e-06
1.99489e-05
1.66679e-05
1.28991e-05
1.04106e-05
2.31055e-05
1.93099e-05
1.4922e-05
1.19976e-05
2.58301e-05
2.16243e-05
1.67416e-05
1.34682e-05
2.74088e-05
2.29707e-05
1.78029e-05
1.4323e-05
3.06563e-05
2.57703e-05
2.00424e-05
1.6152e-05
3.57896e-05
3.02332e-05
2.36799e-05
1.91942e-05
4.0455e-05
3.43168e-05
2.70535e-05
2.20602e-05
4.55328e-05
4.03787e-05
3.41571e-05
2.97776e-05
5.03593e-05
4.47939e-05
3.80364e-05
3.3247e-05
5.78853e-05
5.16855e-05
4.41211e-05
3.87286e-05
6.46495e-05
5.78877e-05
4.96175e-05
4.37042e-05
