FiniteElementSpace
FiniteElementCollection: H1_2D_P2
VDim: 2
Ordering: 0

0
1.11112
2.14564
3.08374
3.96686
4.8294
5.68238
6.53191
7.3826
0
0.885405
1.74998
2.6003
3.44954
4.29927
5.14936
6.00214
6.85332
0.558847
1.00401
0.445897
0
1.64153
1.9542
1.3203
2.62467
2.84545
2.17591
3.52933
3.70948
3.02471
4.39968
4.56485
3.87448
5.25674
5.41604
4.72407
6.10716
6.26724
5.57546
6.95711
7.11847
6.42846
0.505138
1.48773
2.40531
3.27914
4.13789
4.99072
5.84143
6.69322
0.277536
0.531003
0.252209
0
1.37949
1.5646
1.248
1.05748
2.38803
2.51473
2.18143
2.04978
3.30784
3.40399
3.06286
2.96429
4.18373
4.26865
3.92389
3.838
5.04333
5.12355
4.7779
4.69697
5.89482
5.97422
5.6287
5.54905
6.74445
6.82541
6.48025
6.39965
0.837133
0.756157
0.947928
0.666147
0.478178
0.224782
0
1.89691
1.72309
1.85555
1.53574
1.40767
1.10352
2.85629
2.62644
2.72486
2.38817
2.29342
1.96328
3.74884
3.49461
3.58029
3.23708
3.15319
2.81245
4.61487
4.35153
4.43246
4.08689
4.0067
3.66202
5.46972
5.20341
5.28295
4.93663
4.85773
4.51164
6.31949
6.05428
6.13471
5.78877
5.70858
5.36231
7.16983
7.2509
6.90603
6.98585
6.6411
6.56081
6.21542
0.262483
1.31371
2.28453
3.18507
4.05366
4.91044
5.76163
6.6125
0.796387
0.713957
0.241618
1.80992
1.63304
1.17927
2.74108
2.50971
2.07553
3.62152
3.36684
2.93926
4.48306
4.21966
3.79358
5.33639
5.07031
4.64514
6.18688
5.9216
5.49569
7.03828
6.7735
6.34783
0.135673
0.269198
0.129272
0
1.24608
1.34642
1.18624
1.08413
2.2676
2.33604
2.16776
2.09748
3.19615
3.24625
3.07495
3.02379
4.07541
4.1186
3.94592
3.90231
4.93643
4.9768
4.80375
4.7631
5.78862
5.82817
5.65534
5.61564
6.63816
6.67852
6.50607
6.4658
0.698395
0.816579
0.664206
0.54463
0.630988
0.735515
0.596205
0.492092
0.125726
0.247161
0.121957
0
1.77008
1.85321
1.68796
1.60287
1.60595
1.67869
1.52072
1.44832
1.12652
1.21423
1.06395
0.976499
2.74105
2.79844
2.62834
2.56945
2.51618
2.5685
2.40174
2.34986
2.06827
2.12903
1.96583
1.90547
3.63929
3.68504
3.5129
3.46649
3.38696
3.43091
3.26005
3.2164
2.95432
3.00135
2.83214
2.78551
4.50737
4.54889
4.37592
4.33408
4.24475
4.28568
4.1132
4.07239
3.81674
3.85885
3.68695
3.64503
5.36328
5.40298
5.23
5.19007
5.09708
5.13691
4.96402
4.92428
4.67141
4.71158
4.53881
4.49873
6.21332
6.25318
6.08054
6.04065
5.94784
5.98795
5.81507
5.77502
5.52236
5.56222
5.3893
5.34953
7.06346
7.10416
6.93186
6.89133
6.79966
6.83978
6.6672
6.62703
6.37374
6.41405
6.24128
6.20099
0.418687
0.396931
0.517946
0.37877
0.257285
0
1.51134
1.43984
1.52634
1.36841
1.28101
1.03086
2.50703
2.40016
2.46014
2.29375
2.23312
2.00215
3.41886
3.29473
3.3416
3.17112
3.12402
2.90494
4.29181
4.16123
4.20328
4.03093
3.98879
3.77376
5.1501
5.01704
5.05713
4.88433
4.84416
4.63091
6.00099
5.86792
5.90782
5.73505
5.69515
5.48253
6.85076
6.71896
6.75936
6.58675
6.54641
6.33346
0.974792
0.927498
0.880531
0.776301
0.831236
0.91774
0.775891
0.691011
0.556146
0.462874
0.36002
0.335364
0.234299
0.114477
0
2.02211
1.93052
1.83916
1.76668
1.74464
1.80388
1.64299
1.58556
1.42818
1.36517
1.29385
1.21207
1.14255
0.994612
2.97048
2.85303
2.73618
2.68385
2.61741
2.66321
2.49423
2.44971
2.28207
2.23556
2.18471
2.06965
2.02042
1.85673
3.858
3.72987
3.60211
3.55809
3.47359
3.51516
3.3433
3.30227
3.13088
3.08935
3.04627
2.91856
2.87636
2.70636
4.72222
4.59007
4.45823
4.4173
4.32608
4.366
4.19308
4.15342
3.98069
3.94076
3.90016
3.76825
3.728
3.55578
5.57609
5.44273
5.30973
5.26989
5.17662
5.21624
5.04296
5.00357
4.83033
4.79102
4.75144
4.61784
4.57851
4.40545
6.42569
6.29325
6.16075
6.12059
6.02815
6.06843
5.89545
5.85521
5.6821
5.64206
5.60211
5.46886
5.42906
5.2558
7.27621
7.31691
7.14466
7.18473
7.01231
6.97222
7.05216
6.8797
6.91957
6.74726
6.70727
6.53483
6.49462
6.45435
6.32198
6.28161
6.1088
0.131465
1.21598
2.21745
3.13534
4.01056
4.87002
5.72192
6.57215
0.681083
0.614032
0.12402
1.72881
1.56396
1.0958
2.68445
2.45942
2.01763
3.57594
3.32371
2.89355
4.44156
4.17907
3.75198
5.29656
5.0306
4.60517
6.14691
5.88148
5.45586
6.99775
6.73344
6.30752
0.407373
0.387685
0.127467
1.47541
1.4043
1.15652
2.45335
2.34708
2.11817
3.35661
3.23297
3.0147
4.22643
4.09609
3.88135
5.08349
4.95067
4.73758
5.93441
5.80148
5.58884
6.78492
6.65289
6.43993
0.950972
0.904095
0.647559
0.856376
0.804583
0.577069
0.3698
0.348527
0.119487
1.97609
1.88501
1.64713
1.79251
1.69496
1.47564
1.33174
1.25414
1.0304
2.91152
2.79469
2.57237
2.67718
2.55652
2.34273
2.23975
2.12814
1.91235
3.79381
3.66602
3.44997
3.53801
3.40872
3.19582
3.10896
2.98287
2.76982
4.65607
4.52415
4.31034
4.39223
4.25972
4.0471
3.96565
3.83439
3.62158
5.50934
5.37622
5.16353
5.24322
5.10989
4.89728
4.81794
4.68476
4.47226
6.35947
6.22701
6.01419
6.09446
5.96181
5.74862
5.66861
5.53554
5.32263
7.21057
7.07854
6.86581
6.94601
6.81345
6.60099
6.52056
6.38815
6.17503
0
0.164169
0.532231
1.02454
1.55996
2.11001
2.66259
3.20406
3.73257
1
1.12816
1.44095
1.88868
2.40146
2.94133
3.49396
4.04393
4.5812
0.0609596
0.623218
1.0445
0.5
0.325705
0.972603
1.26295
0.769291
1.45024
1.65278
1.28957
1.97814
2.14022
1.83383
2.5248
2.66906
2.38693
3.07884
3.21691
2.93523
3.62512
3.77026
3.46951
4.15755
4.31414
0.525683
0.775733
1.20129
1.71087
2.24981
2.8018
3.35376
3.8927
0.0337081
0.287816
0.500456
0.25
0.238409
0.546053
0.693182
0.388466
0.647796
0.982275
1.08374
0.748512
1.15619
1.49882
1.57949
1.23526
1.69654
2.04122
2.1135
1.76815
2.2485
2.59418
2.66315
2.31702
2.79936
3.1447
3.21668
2.87074
3.33714
3.68141
3.75934
3.4149
0.104621
0.567105
0.869319
1.07952
0.777445
1.02397
0.75
0.424264
0.8694
1.20373
1.3471
1.01467
1.18962
0.895267
1.32385
1.66851
1.7683
1.42527
1.54326
1.42425
1.84386
2.18947
2.26989
1.92501
2.01293
1.97172
2.38696
2.73302
2.80469
2.45924
2.53459
2.52505
2.94045
3.28667
3.35538
3.00948
3.07881
3.07012
3.48993
3.83481
3.90751
3.56235
3.63234
3.6013
3.94532
4.02534
4.36939
4.44807
4.10359
4.17946
0.26033
0.46082
0.8623
1.3661
1.90428
2.45554
3.00815
3.54856
0.330431
0.816154
0.753713
0.642525
1.10442
0.935872
1.107
1.54477
1.31115
1.63293
2.05646
1.79551
2.17885
2.5957
2.32378
2.73267
3.14813
2.87102
3.2803
3.69904
3.42483
3.81361
4.23679
3.96964
0.0207628
0.145542
0.253287
0.125
0.199496
0.348379
0.422934
0.275044
0.589163
0.754127
0.804535
0.63935
1.09012
1.26067
1.30041
1.12932
1.62816
1.8002
1.83611
1.66381
2.17924
2.35193
2.38625
2.2134
2.73108
2.90378
2.93954
2.76666
3.2707
3.44295
3.48184
3.30957
0.0806948
0.21623
0.30715
0.173211
0.544517
0.68998
0.794957
0.649711
0.496801
0.625333
0.749156
0.625
0.373661
0.532286
0.592989
0.434699
0.821278
0.985915
1.05827
0.894037
0.656548
0.813195
0.901003
0.744775
0.831806
1.00044
1.04412
0.874974
1.26202
1.43388
1.48442
1.31273
1.02728
1.19677
1.25652
1.08733
1.35678
1.52828
1.56572
1.39381
1.77718
1.95
1.99052
1.81774
1.51456
1.68724
1.73165
1.55904
1.90271
2.07514
2.10995
1.93735
2.31829
2.49127
2.52735
2.35445
2.04569
2.21854
2.25647
2.08368
2.45604
2.62883
2.66346
2.49049
2.87114
3.04432
3.0788
2.90565
2.59392
2.76708
2.80195
2.62887
3.0028
3.17528
3.21262
3.04002
3.42197
3.59456
3.63081
3.45812
3.14784
3.32082
3.35582
3.1828
3.53547
3.70756
3.74758
3.57556
3.9591
4.13109
4.17028
3.99819
3.69234
3.86455
3.90234
3.73003
0.0451927
0.272213
0.405172
0.51095
0.378804
0.375
0.28049
0.501924
0.659732
0.732978
0.575738
0.504486
0.707898
0.921608
1.09109
1.1418
0.972208
0.859625
1.2227
1.43226
1.60453
1.64495
1.47241
1.34227
1.7651
1.97266
2.14539
2.18154
2.00873
1.87294
2.31774
2.52486
2.69796
2.73245
2.5593
2.42083
2.86741
3.07654
3.24929
3.28533
3.11245
2.97481
3.40341
3.61508
3.78712
3.82612
3.65402
3.52007
0.132403
0.357575
0.593366
0.447325
0.841013
0.997029
1.10223
0.945887
1.06033
0.908979
0.763746
1.03237
0.88665
1.01476
0.875
0.477167
0.694437
0.919912
0.754913
1.15297
1.32164
1.39291
1.22483
1.30376
1.13762
0.973825
1.22489
1.06129
1.15739
0.959563
1.17075
1.38663
1.21484
1.60618
1.77846
1.82796
1.65632
1.70988
1.53869
1.36746
1.59721
1.4267
1.49114
1.492
1.70041
1.91085
1.73815
2.12279
2.29543
2.33547
2.16313
2.2048
2.03256
1.85999
2.07625
1.90414
1.95039
2.04082
2.24787
2.4558
2.2828
2.66426
2.83718
2.8729
2.70019
2.73675
2.56413
2.39138
2.60168
2.42916
2.46785
2.5939
2.80177
3.00969
2.83656
3.21743
3.39041
3.42468
3.25183
3.28612
3.11324
2.94021
3.1478
2.97494
3.00998
3.13721
3.34772
3.55764
3.38518
3.76704
3.93945
3.97583
3.80337
3.83899
3.66641
3.49368
3.70138
3.52869
3.5632
3.667
3.83901
3.87952
4.0515
4.09148
3.91952
4.26351
4.30315
4.47527
4.51475
4.34246
4.3812
4.20891
4.03672
4.24691
4.07461
4.11181
0.135162
0.309968
0.695878
1.19474
1.7319
2.28264
2.83532
3.37636
0.19268
0.667986
0.621794
0.482185
0.938693
0.777361
0.937212
1.37274
1.14114
1.4609
1.88367
1.62281
2.00617
2.42275
2.15097
2.5597
2.97499
2.69791
3.10777
3.52646
3.25188
3.64162
4.06472
3.7974
0.157515
0.389929
0.373948
0.390006
0.61624
0.538433
0.813888
1.03095
0.915034
1.32705
1.53825
1.40705
1.86869
2.07696
1.94072
2.42122
2.62862
2.49002
2.97202
3.18098
3.04372
3.50934
3.72067
3.58716
0.243715
0.474073
0.424328
0.715616
0.969781
0.925642
0.635439
0.896045
0.879566
0.584739
0.806183
0.706029
1.03553
1.27212
1.17995
0.852154
1.09803
1.02761
1.06452
1.27816
1.15243
1.49602
1.71689
1.59687
1.25402
1.48191
1.37323
1.59593
1.80541
1.67117
2.01668
2.22909
2.09761
1.75223
1.96805
1.84091
2.14422
2.35175
2.214
2.55998
2.76858
2.63203
2.28637
2.4965
2.36213
2.69782
2.90574
2.76728
3.1136
3.32114
3.18252
2.83633
3.04404
2.90598
3.24254
3.45275
3.31735
3.66241
3.87153
3.735
3.38957
3.59763
3.4596
3.77335
3.98555
3.8534
4.19733
4.40896
4.27578
3.93147
4.14187
4.00715
