FiniteElementSpace
FiniteElementCollection: H1_2D_P2
VDim: 2
Ordering: 0

0
0.00146757
0.00459747
0.00358987
-0.00607354
-0.0258666
-0.0483038
-0.0639103
-0.0746537
0
0.000947512
-0.000804154
-0.00559139
-0.0155118
-0.0318186
-0.0501082
-0.0640571
-0.0751573
0.000240148
0.00120128
0.000882637
0
0.00318459
0.00222277
0.000387548
0.00493428
-0.000358435
-0.00272112
6.46115e-05
-0.0100821
-0.00974698
-0.0149254
-0.0287108
-0.022985
-0.0375229
-0.0497813
-0.0411976
-0.0571377
-0.0644206
-0.0577775
-0.0693762
-0.0749327
-0.0695269
0.000429962
0.00193196
0.00160525
-0.00410786
-0.0184489
-0.039647
-0.058078
-0.0696184
-6.98713e-07
0.000448136
0.000141062
0
0.00231199
0.0026238
0.00159332
0.00142705
0.0049422
0.00333903
0.00205582
0.00346633
0.00212983
-0.0019114
-0.00198083
0.00170886
-0.0101791
-0.0165987
-0.0139785
-0.0079682
-0.0317087
-0.0385986
-0.0341891
-0.0272426
-0.0529953
-0.0577052
-0.0541908
-0.0491145
-0.0667382
-0.0695037
-0.0670861
-0.0642343
0.000749656
0.000801039
0.000972466
0.000992917
0.000472958
0.000577941
0
0.00398057
0.00216178
0.000820582
-0.000126541
0.00116351
0.000745263
0.00450442
0.000818201
-0.0027318
-0.00401796
-0.000367693
-0.00166084
-0.00265861
-0.00679494
-0.0125223
-0.0124137
-0.00664762
-0.00748602
-0.0202071
-0.0234055
-0.0302474
-0.0272736
-0.0205324
-0.0190444
-0.0431095
-0.044897
-0.0501897
-0.0457707
-0.0405747
-0.0365035
-0.0607502
-0.0614612
-0.0643946
-0.0610704
-0.058163
-0.0541249
-0.0719661
-0.0747812
-0.0721838
-0.0750534
-0.0722759
-0.0696357
-0.0668335
0.000146409
0.0020305
0.00355936
0.000177961
-0.0119771
-0.0329313
-0.0536838
-0.0669508
0.000881933
0.00075319
0.000170744
0.0031291
0.00107748
0.00111734
0.0027423
-0.00138101
0.000352395
-0.00461436
-0.00931879
-0.00446941
-0.0217364
-0.0252326
-0.0162699
-0.0440481
-0.0455454
-0.0354193
-0.0611955
-0.0614667
-0.0544098
-0.0720555
-0.072262
-0.0670672
-1.68859e-05
0.000107669
4.60713e-05
0
0.00188037
0.00219775
0.00172541
0.00148144
0.00481112
0.00426187
0.00354799
0.00404378
0.00293563
0.00117356
0.00100981
0.00266647
-0.00803576
-0.0110564
-0.00989181
-0.00699824
-0.028778
-0.0323131
-0.030077
-0.026542
-0.0507219
-0.0533592
-0.0514659
-0.0487235
-0.0653572
-0.0668494
-0.065623
-0.0640864
0.000464741
0.000857076
0.000648531
0.000388714
0.000609271
0.000759103
0.000620047
0.000429834
4.93211e-05
0.000144653
6.64251e-05
0
0.00359996
0.00356964
0.0028925
0.002924
0.00206393
0.00163451
0.00113901
0.00155383
0.0014007
0.00135268
0.00105529
0.00107598
0.00477871
0.00363772
0.00309176
0.00414878
0.00125662
-0.000238502
-0.000835824
0.000656096
0.00217103
0.00123487
0.000614897
0.00154491
-0.00120655
-0.00361391
-0.00318278
-0.000901832
-0.00537937
-0.00800374
-0.00792052
-0.00532461
-0.00111094
-0.00317406
-0.00355022
-0.00149759
-0.017504
-0.0209549
-0.019111
-0.0157422
-0.0208747
-0.0242974
-0.0228356
-0.0194561
-0.0119563
-0.01508
-0.0143308
-0.0112518
-0.0403599
-0.0435861
-0.0413621
-0.0380607
-0.0423081
-0.0452567
-0.0430916
-0.0401345
-0.0314402
-0.0348132
-0.0328241
-0.0294724
-0.05901
-0.0609929
-0.0595127
-0.0574433
-0.059828
-0.0615037
-0.0598671
-0.0581655
-0.0520488
-0.0543467
-0.0523556
-0.0500288
-0.0706649
-0.0719968
-0.0707698
-0.0694346
-0.0708876
-0.0722323
-0.070933
-0.0696427
-0.0657803
-0.0671002
-0.0657541
-0.0644397
8.27352e-05
0.000281714
0.000448197
0.000270951
0.000147872
0
0.00275214
0.0023331
0.00229164
0.00177238
0.00182493
0.00132659
0.00498911
0.00349261
0.00249518
0.00186896
0.0028274
0.00286164
0.00118109
-0.000792779
-0.00297606
-0.00297846
-0.000869341
0.000704808
-0.012472
-0.0142158
-0.0174992
-0.0161472
-0.0129485
-0.00899282
-0.0346345
-0.0357806
-0.0391303
-0.0369323
-0.0335586
-0.0279663
-0.0551399
-0.0557631
-0.0579199
-0.056199
-0.0539645
-0.0494708
-0.0680701
-0.0682372
-0.0695689
-0.0683586
-0.0670332
-0.0643487
0.00108738
0.00114337
0.000999741
0.000852855
0.000870895
0.000921866
0.00098982
0.000821761
0.000956591
0.000614989
0.00031721
0.000763028
0.000297272
0.000287549
0
0.00431912
0.0033237
0.00221684
0.0026605
0.000972455
4.11943e-05
-0.000445142
0.000491367
0.000149717
0.000772581
0.00115443
0.000585479
0.000909637
0.000865775
0.00411465
0.00228425
0.000281462
0.00180668
-0.00201226
-0.00408568
-0.00477052
-0.00263173
-0.00334019
-0.00148587
2.57347e-05
-0.00216568
-0.000607008
-0.00121027
-0.00427265
-0.00620823
-0.00836315
-0.00567094
-0.0108545
-0.0139266
-0.0139122
-0.010773
-0.0110319
-0.00810729
-0.0055016
-0.0085721
-0.00589415
-0.00649934
-0.0229991
-0.0244545
-0.0260253
-0.0225527
-0.0277103
-0.0310312
-0.0295213
-0.0262204
-0.0250923
-0.021699
-0.0183421
-0.0209693
-0.0175777
-0.0172283
-0.0457689
-0.0466378
-0.047392
-0.0444886
-0.0479143
-0.0502305
-0.0479752
-0.0457306
-0.0435065
-0.0409406
-0.0380091
-0.038857
-0.03599
-0.0341511
-0.062382
-0.0627638
-0.0629861
-0.0613545
-0.0629708
-0.0642716
-0.0625987
-0.06133
-0.0594686
-0.0580444
-0.0563441
-0.0559992
-0.0543489
-0.0521613
-0.0732785
-0.0747062
-0.0733839
-0.0748589
-0.073528
-0.0721218
-0.0749974
-0.0736374
-0.0751057
-0.0737015
-0.0722725
-0.0708855
-0.0695948
-0.0683548
-0.0681818
-0.0669794
-0.0654652
3.39853e-05
0.00183298
0.00419052
0.00199065
-0.00894237
-0.0294177
-0.0511103
-0.0654997
0.000600209
0.000594009
5.00421e-05
0.00326307
0.00161198
0.00122113
0.00394803
0.000250638
0.00142007
-0.00217325
-0.00659649
-0.00228112
-0.0182897
-0.0218267
-0.0130958
-0.040864
-0.0427298
-0.0321334
-0.059282
-0.0598902
-0.0522475
-0.0707083
-0.0709227
-0.065795
0.000224181
0.000282952
4.96391e-05
0.00256541
0.00206604
0.00157575
0.00425198
0.00270208
0.00287781
0.000214229
-0.00185282
-1.976e-05
-0.0133238
-0.0151546
-0.0108933
-0.0352037
-0.0363594
-0.0307525
-0.0554718
-0.0560091
-0.0517826
-0.0681537
-0.0683091
-0.0657197
0.00115312
0.00108351
0.000639344
0.000920662
0.000885319
0.000731331
0.000274592
0.000471468
0.000107546
0.00383423
0.00278619
0.00249248
0.00161378
0.000288494
0.000650976
0.00146508
0.000857488
0.000930244
0.00321476
0.0013108
0.00219883
-0.00082005
-0.00331895
-0.00202423
0.000981513
-0.00101646
-0.00025702
-0.00521858
-0.0072527
-0.00424747
-0.00955666
-0.0122902
-0.00938352
-0.0041877
-0.00694925
-0.00494439
-0.0237123
-0.0252255
-0.0199714
-0.0268534
-0.0285983
-0.023917
-0.0172048
-0.019585
-0.0156933
-0.0462135
-0.0470344
-0.0418469
-0.047693
-0.0480225
-0.0433633
-0.0374873
-0.0384752
-0.0335014
-0.0625899
-0.0628989
-0.0596978
-0.0630146
-0.0628381
-0.0597356
-0.0563177
-0.0562497
-0.0523405
-0.0733182
-0.0734572
-0.0708336
-0.0735894
-0.0736723
-0.0709174
-0.0683761
-0.0682895
-0.0656469
0
-0.00126798
0.00276528
0.0144423
0.0302123
0.0434506
0.0480359
0.0472345
0.0471935
0
-0.00259922
-0.000724409
0.00592825
0.0145987
0.0229635
0.0297927
0.0343666
0.0358296
-0.000728064
-0.00228515
-0.0017776
0
-0.000284527
0.000518485
-0.00234775
0.0078106
0.0100078
0.0021584
0.0221385
0.0227427
0.0101821
0.0376789
0.0338927
0.0189246
0.0468582
0.0393448
0.0266037
0.0478159
0.040923
0.0324384
0.0470075
0.0414937
0.035443
-0.00129748
-0.00182748
0.00461248
0.0162235
0.0288801
0.0373464
0.0403709
0.041282
-0.000263675
-0.00101504
-0.00059069
0
-0.00101721
-0.00113891
-0.00227993
-0.00183566
0.0050599
0.00616328
0.00237189
0.00156657
0.0181941
0.0191974
0.0130427
0.0122116
0.0340925
0.0333075
0.025908
0.026508
0.0454617
0.0421253
0.0358206
0.0386918
0.0480338
0.0441809
0.0399447
0.0437378
0.0470551
0.044234
0.0411188
0.0441935
-0.0011262
-0.00191934
-0.00257675
-0.00229188
-0.00156493
-0.0011224
0
0.000974762
-0.000893144
-0.00029967
-0.00170948
-0.00228378
-0.00263577
0.0109589
0.00717823
0.00787971
0.00395906
0.00323192
0.000579691
0.0261828
0.0194835
0.0188127
0.012387
0.0132089
0.00801684
0.0408348
0.0315658
0.0287771
0.0209891
0.0241846
0.0167869
0.0476854
0.0385021
0.0347342
0.0282582
0.0322743
0.0248371
0.0475131
0.0406827
0.0375852
0.0335041
0.0364286
0.031193
0.0470785
0.0443526
0.041409
0.0386583
0.0356933
0.0383091
0.0350117
-0.00040558
-0.00172423
0.0036524
0.0156213
0.0300312
0.0406604
0.0440559
0.0441973
-0.00155558
-0.00219092
-0.000771118
-4.14672e-05
-0.00150496
-0.00263053
0.00903752
0.00544528
0.00129703
0.0228589
0.0160049
0.0104836
0.036224
0.0266066
0.0215638
0.0431261
0.0336186
0.0306672
0.0442032
0.0370655
0.0356596
0.0442955
0.038529
0.0379969
-8.64372e-05
-0.000319555
-0.000162844
0
-0.00120218
-0.00138882
-0.00183492
-0.00156662
0.00384846
0.00434353
0.00255242
0.00215008
0.0162868
0.016909
0.0138908
0.0133255
0.0321793
0.0320602
0.0282929
0.0283613
0.0445356
0.0430502
0.0397401
0.0410607
0.048071
0.0460577
0.0439271
0.0458903
0.0471289
0.0456643
0.0441919
0.0457512
-0.000950443
-0.00134974
-0.00130781
-0.000872149
-0.00163166
-0.00207041
-0.0019014
-0.00143355
-0.000271449
-0.000677035
-0.000373996
0
0.00027366
0.000448514
-0.000655077
-0.000730753
-0.00142028
-0.00123655
-0.00194767
-0.00209175
-0.00233386
-0.00248707
-0.00264945
-0.00245572
0.00933619
0.00999326
0.0075586
0.0069781
0.00585907
0.00629052
0.0043084
0.00389457
0.00139372
0.00180172
0.000453903
7.31961e-05
0.0241528
0.0245236
0.021023
0.0206707
0.0178487
0.0177598
0.0146023
0.014721
0.0115036
0.0117581
0.00916434
0.00893003
0.0393193
0.0385211
0.0348173
0.0354882
0.030264
0.029141
0.0254242
0.0265801
0.0243436
0.0237741
0.0202004
0.0208048
0.0473396
0.0454018
0.0426798
0.044483
0.0379672
0.0361048
0.032977
0.0348629
0.0349074
0.0333012
0.0297576
0.031393
0.0476675
0.0458897
0.0441999
0.0460211
0.040538
0.0388788
0.0367624
0.038413
0.0396705
0.0378257
0.0352182
0.0370739
0.0470301
0.0457108
0.0442633
0.0456542
0.041351
0.0399631
0.0384306
0.0397901
0.0410255
0.0395533
0.0378041
0.0392528
-0.000488658
-0.000705347
-0.00115732
-0.000943927
-0.00050104
0
-0.000719269
-0.00149417
-0.00150642
-0.00211192
-0.00202281
-0.00207629
0.00637854
0.00485812
0.00537236
0.00344814
0.00299273
0.00102029
0.0201454
0.017393
0.0177152
0.0146192
0.0143316
0.011104
0.0359315
0.0317078
0.0311123
0.0274246
0.027986
0.0246387
0.046237
0.0414545
0.0397561
0.0366323
0.0382609
0.0363126
0.0479435
0.0441365
0.0422961
0.0401754
0.0420204
0.0415613
0.0470141
0.0442115
0.0427692
0.0412045
0.0426738
0.0425767
-0.00124175
-0.00173739
-0.0021417
-0.00174606
-0.00241935
-0.00263204
-0.00247524
-0.00227014
-0.0020574
-0.00168552
-0.00118353
-0.00146244
-0.00091937
-0.000676504
0
0.00180045
0.000699938
-0.000244618
-0.000490921
-0.000952824
-0.000576204
-0.00125682
-0.00167383
-0.00207126
-0.00238003
-0.00250909
-0.00253377
-0.00268969
-0.00265501
0.0126603
0.0105907
0.00856417
0.00809703
0.00663906
0.00687296
0.00492883
0.00466097
0.00303752
0.00264489
0.0022269
0.00134097
0.000880124
-0.000107005
0.0282059
0.0246917
0.0211192
0.0211806
0.0174121
0.0167475
0.013495
0.0142136
0.0112835
0.0116927
0.0118349
0.00909465
0.00923154
0.0069632
0.042217
0.0375184
0.0327774
0.0339147
0.0277255
0.0259834
0.0219872
0.0239043
0.0199663
0.0216447
0.0228952
0.0178632
0.0192426
0.0156978
0.0479141
0.0434749
0.0389581
0.0408342
0.0342023
0.0323121
0.0290408
0.0310122
0.0274448
0.0295341
0.0315049
0.0257332
0.0278612
0.0239122
0.047365
0.0441988
0.0408097
0.0424627
0.0373394
0.0359505
0.0339618
0.0352688
0.0329952
0.0344343
0.0360618
0.0318364
0.0334495
0.0305105
0.0471383
0.0457868
0.0443264
0.0429266
0.0414554
0.042858
0.0400702
0.0386037
0.0372519
0.0357712
0.0371091
0.0355868
0.0368581
0.0381649
0.0352527
0.036478
0.0347164
-0.000109014
-0.00153452
0.00318667
0.0150891
0.0302361
0.0421267
0.046007
0.0456987
-0.00113354
-0.00177556
-0.000319213
-0.000208712
-0.00172114
-0.00252026
0.00844081
0.00505913
0.000889079
0.022591
0.0162356
0.0103244
0.0370615
0.0278958
0.0223047
0.0450029
0.035521
0.0323907
0.045961
0.038659
0.0374733
0.0456759
0.0398852
0.0394116
-0.000590553
-0.000825058
-0.000219358
-0.00112472
-0.00182513
-0.00210284
0.00560798
0.00413567
0.00195223
0.0187716
0.0160084
0.0126942
0.0338164
0.0295838
0.0263333
0.0438354
0.0390637
0.0373442
0.0460577
0.042176
0.0418188
0.0456492
0.0427216
0.0426259
-0.00150102
-0.00195192
-0.00147433
-0.00230076
-0.00248387
-0.00200051
-0.00106003
-0.00132027
-0.000462837
0.00123374
0.000204694
-0.00106117
-0.000635886
-0.00117094
-0.00207559
-0.00234483
-0.0025824
-0.0027029
0.0116226
0.00956922
0.00669568
0.00758398
0.00574706
0.00362652
0.00280713
0.00172898
0.000111524
0.0264511
0.022917
0.0194431
0.019287
0.0154829
0.0129496
0.0132268
0.0104532
0.00803806
0.039858
0.035168
0.0325599
0.0303084
0.0249676
0.0227948
0.0252031
0.0204587
0.0180038
0.0456939
0.0412365
0.0403436
0.0366198
0.031683
0.0302961
0.034124
0.0287223
0.0269474
0.0458167
0.0425235
0.0423889
0.039076
0.035629
0.0348704
0.0381368
0.0339606
0.0329001
0.0457502
0.0428948
0.0428156
0.0400234
0.0371928
0.0369984
0.0396795
0.0366858
0.0362334
