FiniteElementSpace
FiniteElementCollection: L2_2D_P3
VDim: 1
Ordering: 0

0.000155316
0.000239768
0.000638525
0.00104524
0.000180488
0.000227294
0.000535776
0.000874898
0.000245038
0.000241825
0.000417965
0.000629666
0.000305836
0.000269121
0.000346398
0.000449069
0.00244153
0.00257366
0.00276759
0.00293356
0.00179959
0.00190177
0.00205386
0.00218561
0.00111252
0.00117996
0.00128318
0.0013747
0.000708555
0.000753322
0.000824099
0.000888418
0.00523929
0.0054235
0.00571409
0.00597682
0.00400161
0.0041449
0.00437524
0.00458643
0.00262295
0.00271914
0.00287926
0.00302974
0.0017611
0.00182689
0.00194002
0.00204861
0.0085105
0.00858503
0.00877224
0.00898578
0.00660878
0.00666526
0.00681594
0.00699146
0.00445525
0.00449137
0.00459921
0.00472926
0.00307219
0.00309641
0.00317504
0.00327204
0.00912711
0.00892342
0.00875029
0.00868762
0.00712074
0.00695557
0.00681966
0.0067756
0.00484782
0.004729
0.0046372
0.00461462
0.00338423
0.00329907
0.00323747
0.00322781
0.00582295
0.0055011
0.0051323
0.00488721
0.00452115
0.00426549
0.003977
0.00378897
0.00307904
0.00290086
0.00270576
0.00258372
0.00217878
0.00205326
0.00192054
0.00184183
0.00187752
0.00168418
0.00145269
0.00129067
0.00145807
0.00130754
0.00112979
0.00100735
0.00102406
0.000921041
0.000802917
0.000724368
0.00078082
0.000707497
0.000626581
0.000575416
0.000148914
0.000114768
7.72197e-05
5.37336e-05
0.000132033
0.00010397
7.3472e-05
5.46084e-05
0.000126575
0.000103829
7.96359e-05
6.50028e-05
0.000135713
0.000114737
9.28469e-05
7.9899e-05
0.00150434
0.00160798
0.00175827
0.00188555
0.00108201
0.00115674
0.00126734
0.00136266
0.000650149
0.000692389
0.000758202
0.000817238
0.000411952
0.00043406
0.000471972
0.000508266
0.000244205
0.00024443
0.000244198
0.000243812
0.000444029
0.000444574
0.000443705
0.000441947
0.000849281
0.000856568
0.000863284
0.000866264
0.00126725
0.00128649
0.00130811
0.00132173
0.00047172
0.000334924
0.000249159
0.000231923
0.000436192
0.00032931
0.000322502
0.000384356
0.000380063
0.000328362
0.000485443
0.000713097
0.000371072
0.00035588
0.000671147
0.00106719
0.00368318
0.00384874
0.00409813
0.00431602
0.00277369
0.00290201
0.00309837
0.00327216
0.001776
0.00186141
0.00199611
0.00211817
0.00116684
0.00122447
0.00131824
0.00140516
0.000183233
0.000180034
0.000175364
0.000171483
0.000392684
0.000392479
0.000388011
0.000381388
0.000977951
0.000996112
0.00101003
0.00101292
0.00169012
0.00173516
0.00177946
0.00180161
0.000217485
0.000212278
0.00020599
0.000201589
0.000418522
0.000416492
0.000411968
0.000407044
0.000895677
0.000910239
0.000924134
0.0009306
0.0014378
0.00147621
0.00151878
0.00154504
0.0069711
0.00713195
0.00741275
0.0076839
0.00537739
0.00550237
0.00572639
0.00594626
0.00358409
0.00366787
0.00382549
0.00398455
0.00244465
0.00250219
0.00261492
0.00273115
0.000102337
9.94062e-05
9.14276e-05
8.21017e-05
0.000278315
0.000275668
0.000260833
0.000240741
0.00104387
0.00105855
0.00105278
0.00102883
0.00210094
0.00214417
0.00216258
0.00214641
0.000149977
0.000146556
0.000140129
0.00013374
0.00035392
0.000351962
0.000342044
0.000328812
0.00104144
0.0010581
0.00106348
0.00105467
0.00193129
0.00197726
0.00201274
0.00202017
0.00935317
0.00929092
0.00930868
0.00939827
0.0072904
0.00723782
0.00725388
0.00733118
0.00494863
0.00490837
0.0049226
0.00498479
0.00343746
0.00340776
0.00342075
0.00347053
3.26648e-05
4.03545e-05
4.37734e-05
4.16351e-05
0.000124438
0.000135598
0.000134493
0.000121972
0.00091647
0.000937111
0.000928368
0.000894717
0.00212724
0.00215831
0.00214222
0.00208694
5.13913e-05
5.23681e-05
4.73818e-05
3.88012e-05
0.000183498
0.000185373
0.000172952
0.000152134
0.000986235
0.00100249
0.000990881
0.000956655
0.0021632
0.00220191
0.00220128
0.00216093
0.0078261
0.00752707
0.00721064
0.007023
0.00609601
0.00585612
0.00560714
0.00546388
0.0041511
0.00398145
0.00381181
0.00372027
0.00291159
0.00279112
0.00267533
0.00261761
0.000173814
0.000186558
0.000203748
0.000218053
0.000246583
0.000264812
0.000282322
0.000291633
0.000877694
0.000887921
0.000881712
0.000863264
0.00183596
0.00182481
0.0017778
0.0017191
7.5772e-05
8.87136e-05
0.000101508
0.000108795
0.00014837
0.000167175
0.000179195
0.000179409
0.000883094
0.000903702
0.000899838
0.000874329
0.00201966
0.00203453
0.00200432
0.00194486
0.00367475
0.00339708
0.00306747
0.00283879
0.00284544
0.00262724
0.00237182
0.00219746
0.00194914
0.0017991
0.00162836
0.00151582
0.0014097
0.00130442
0.00118877
0.00111616
0.00035773
0.000354237
0.000357839
0.00036698
0.00041715
0.000412193
0.000411443
0.000415469
0.000732558
0.000708129
0.000679163
0.000659711
0.0011753
0.00112041
0.00105008
0.000998057
0.000284731
0.000291199
0.000304879
0.000319875
0.000358261
0.000366948
0.000378887
0.00038906
0.000842885
0.000835154
0.000818248
0.000801135
0.00155138
0.00151303
0.00144985
0.00139316
0.000702159
0.000599671
0.000479145
0.000396729
0.000558475
0.000478529
0.000385919
0.000323672
0.000424374
0.00036812
0.000304984
0.000264134
0.000363759
0.000320981
0.000274774
0.000246343
0.000285941
0.000266237
0.000247931
0.000239102
0.000292427
0.000270668
0.000249554
0.00023851
0.00034397
0.000313326
0.000281094
0.000261927
0.000417653
0.000375156
0.000328367
0.00029877
0.000359267
0.000345836
0.000337047
0.000336771
0.00039149
0.000375015
0.000361389
0.00035681
0.000551222
0.000518643
0.000483721
0.000462722
0.000770224
0.000715049
0.000651188
0.000608545
6.66597e-06
3.55663e-06
1.06275e-06
2.79121e-07
1.15769e-05
7.39646e-06
3.52441e-06
1.66086e-06
2.10848e-05
1.49469e-05
8.8811e-06
5.54396e-06
3.06715e-05
2.24023e-05
1.41899e-05
9.62129e-06
4.93459e-05
3.74316e-05
2.52432e-05
1.80974e-05
4.57754e-05
3.45002e-05
2.29744e-05
1.62373e-05
4.17579e-05
3.10685e-05
2.0168e-05
1.38452e-05
3.90882e-05
2.86818e-05
1.81262e-05
1.20743e-05
0.000165205
0.000145541
0.00012506
0.000112815
0.000160033
0.000140266
0.000119626
0.000107256
0.000162718
0.000140796
0.000117607
0.00010351
0.000171844
0.000146687
0.000119748
0.000103162
0.00101826
0.00112465
0.00128969
0.00143341
0.000808515
0.00086313
0.000952495
0.00103356
0.000559518
0.000571671
0.0005997
0.000629853
0.000400409
0.000396036
0.000399122
0.0004078
0.000305824
0.000303669
0.0003062
0.000312153
0.000180275
0.000173978
0.000170485
0.000171329
0.000114086
0.000109913
0.000108621
0.000110492
0.000148339
0.000151635
0.000160813
0.000171103
0.000344924
0.000273655
0.000289746
0.00034981
0.000414229
0.000301876
0.000235491
0.00022369
0.00046733
0.000328506
0.00021117
0.000155534
0.00047961
0.000341024
0.00023146
0.000186019
0.00302065
0.00317034
0.00339254
0.00358443
0.00225368
0.00236942
0.00254378
0.00269628
0.00142116
0.00149775
0.00161654
0.00172289
0.000920973
0.0009722
0.00105421
0.00112938
0.000699954
0.000739343
0.000804039
0.000864441
0.000373398
0.00039346
0.00042983
0.000466101
0.000150537
0.000153438
0.000162937
0.00017501
0.00014755
0.000144437
0.000142298
0.0001423
0.000533537
0.000567572
0.000622891
0.000674188
0.000282442
0.000299092
0.000329207
0.000359214
0.000131036
0.000132167
0.000138488
0.000147389
0.000158959
0.000154542
0.000150682
0.000149319
0.00610075
0.00628038
0.00657512
0.00684885
0.00468483
0.0048246
0.00505896
0.0052799
0.0030988
0.00319273
0.00335662
0.00351518
0.00209849
0.00216295
0.00227945
0.00239455
0.00164051
0.00169109
0.00178519
0.00187975
0.000921096
0.000947985
0.00100476
0.00106576
0.000313773
0.000319428
0.000338151
0.000361791
0.000128927
0.000126832
0.000125802
0.000126523
0.00136888
0.00142041
0.00151138
0.00160016
0.000759351
0.000786935
0.000841167
0.000897544
0.000262476
0.000268499
0.00028601
0.000307414
0.000133308
0.000131331
0.000130592
0.000131659
0.0090488
0.00905892
0.00916835
0.00932661
0.00704249
0.00704765
0.00713665
0.00726853
0.00476649
0.00476669
0.00483177
0.00493186
0.0033001
0.003299
0.00334774
0.003424
0.0026194
0.00261751
0.00265842
0.00272342
0.00152288
0.00151774
0.00154516
0.00159272
0.000519051
0.00051485
0.000527109
0.000550441
0.00011446
0.000115486
0.000118232
0.00012165
0.00243151
0.00244996
0.00251468
0.00259605
0.00140346
0.00141056
0.00145166
0.00150816
0.000474029
0.000473365
0.000488946
0.000513934
0.000113398
0.000112943
0.000113621
0.000115311
0.00859497
0.0083354
0.00808101
0.00794924
0.00670209
0.00649285
0.00629257
0.00619354
0.00456434
0.00441523
0.00427886
0.00421796
0.00319334
0.003087
0.00299423
0.0029578
0.00255741
0.00247121
0.00239897
0.00237398
0.00153198
0.00147766
0.00143908
0.00143386
0.000590216
0.0005723
0.000567414
0.000577765
0.000204548
0.000209759
0.000221491
0.000234702
0.00270429
0.00263495
0.00258756
0.00258399
0.00160593
0.00156111
0.00153703
0.00154468
0.000590947
0.000575689
0.000574772
0.000588634
0.000169043
0.000174105
0.000184366
0.000195449
0.00473205
0.00442527
0.00406611
0.00382093
0.00366812
0.00342574
0.00314603
0.00295837
0.00250216
0.00233443
0.00214635
0.00202476
0.0017856
0.0016678
0.00154022
0.00146174
0.00145777
0.00136331
0.00126368
0.00120481
0.000937404
0.000880072
0.000824944
0.000797246
0.000495187
0.000474358
0.000461212
0.000461653
0.000352036
0.000348875
0.000354114
0.000365445
0.00176511
0.00166431
0.00156059
0.00150175
0.0011056
0.00104434
0.00098729
0.000960537
0.000528735
0.000507811
0.000495823
0.000498158
0.000323029
0.000323154
0.000331939
0.000345543
0.00120598
0.00105929
0.00088454
0.000763078
0.000943573
0.000829539
0.000695646
0.000604097
0.000682111
0.000603518
0.000514018
0.000455033
0.000545516
0.000488269
0.000425589
0.000386353
0.000483925
0.000436501
0.000385838
0.000355194
0.000383275
0.000350849
0.000318489
0.000300902
0.000320245
0.00029977
0.000281927
0.000274649
0.000326626
0.000309135
0.000294834
0.000290014
0.000670972
0.000611346
0.000547235
0.000508152
0.000495896
0.000457376
0.000419061
0.000398439
0.000370347
0.00034988
0.000333357
0.000328147
0.000357081
0.000342643
0.000333077
0.000332574
4.43759e-05
3.05181e-05
1.65539e-05
8.92089e-06
4.69987e-05
3.43033e-05
2.13819e-05
1.40989e-05
5.7788e-05
4.52614e-05
3.2401e-05
2.49424e-05
7.19884e-05
5.82595e-05
4.41523e-05
3.5922e-05
7.75396e-05
6.34077e-05
4.86682e-05
3.98492e-05
8.22489e-05
6.8074e-05
5.3242e-05
4.42941e-05
9.16539e-05
7.65164e-05
6.0616e-05
5.0951e-05
0.000101612
8.50066e-05
6.7491e-05
5.67856e-05
0.00013915
0.000119112
9.81874e-05
8.57508e-05
0.000138879
0.000120632
0.000101759
9.06406e-05
0.000148197
0.000130223
0.000111698
0.000100794
0.000163175
0.000143786
0.000123662
0.000111691
0.00194874
0.00206161
0.00222605
0.00236598
0.00141227
0.00149984
0.0016291
0.00174039
0.000850384
0.000907857
0.000995132
0.00107207
0.000530482
0.000567891
0.000626846
0.000680323
0.000396791
0.000424349
0.000469382
0.000511337
0.000210879
0.000223482
0.00024682
0.000270418
0.000119904
0.000119479
0.000122886
0.000128845
0.000173997
0.00016886
0.000163748
0.000161238
0.000313432
0.000327306
0.000353393
0.000379739
0.00017154
0.000176386
0.000188139
0.000201588
0.000111546
0.000111424
0.000113902
0.000118077
0.000173518
0.00017341
0.000174158
0.000175585
0.000240898
0.00023421
0.000226339
0.000221005
0.000438873
0.000434424
0.000427688
0.000421802
0.000867773
0.000877676
0.000887488
0.000892368
0.00133166
0.00136317
0.00139978
0.0014238
0.0016155
0.00166362
0.00172073
0.00175946
0.00224816
0.00233357
0.00243825
0.00251257
0.00330744
0.0034609
0.00365368
0.00379469
0.00431577
0.00453833
0.00482174
0.00503229
0.00150845
0.00153684
0.00157256
0.00159823
0.00199127
0.00205931
0.00214685
0.00221224
0.00273098
0.00288233
0.00308111
0.00323322
0.0033808
0.00362481
0.00394927
0.00420116
0.000195697
0.000205297
0.000223642
0.000241105
0.000345457
0.000372565
0.000412257
0.000445001
0.000687693
0.000736312
0.000804736
0.000858568
0.00107754
0.00113359
0.00121693
0.00128205
0.00132555
0.00138688
0.00146283
0.00151931
0.00176479
0.00182414
0.00190263
0.00196338
0.00225022
0.00236137
0.00251165
0.00263024
0.0025211
0.00271167
0.00298672
0.00320872
0.000367551
0.000382716
0.000809102
0.00132488
0.00041631
0.000481526
0.00116076
0.00200368
0.00103822
0.000814207
0.00165372
0.00271477
0.00233394
0.0012975
0.00205424
0.0029853
0.00442588
0.00460405
0.00487768
0.0051203
0.00335865
0.00349705
0.00371325
0.00390753
0.00217798
0.00227058
0.00241993
0.00255738
0.00144772
0.00151069
0.0016155
0.00171407
0.00111786
0.00116698
0.00125081
0.00133099
0.000611886
0.000638047
0.000687301
0.000737408
0.000216959
0.000222532
0.000237925
0.000256492
0.000136783
0.000134823
0.000134178
0.000135372
0.000894274
0.000938941
0.00101346
0.00108375
0.000482881
0.000506277
0.000549232
0.00059236
0.000179262
0.00018372
0.000196337
0.000211704
0.000140835
0.000138548
0.000137491
0.000138362
0.000167924
0.000164727
0.000159421
0.000154556
0.00037724
0.000376327
0.000369491
0.000359948
0.0010155
0.00103325
0.00104365
0.0010415
0.00181615
0.00186222
0.00190335
0.00191947
0.00234866
0.00241469
0.0024788
0.00250991
0.00357648
0.00368906
0.00381028
0.00388231
0.00573152
0.0059338
0.00616684
0.00632003
0.00786362
0.00815996
0.00851285
0.00875503
0.00215769
0.00222146
0.00228785
0.00232492
0.00322583
0.00333321
0.00345365
0.00352984
0.00507809
0.00526659
0.00548905
0.00564007
0.00689194
0.00716333
0.00749196
0.00772236
0.000198593
0.000194812
0.000189897
0.000186206
0.000404463
0.000404053
0.000400541
0.00039557
0.000935203
0.000952517
0.000967821
0.000973699
0.00156102
0.00160368
0.00164858
0.00167412
0.00196622
0.00202655
0.00209267
0.00213292
0.00288396
0.00298503
0.00310209
0.00317958
0.00446085
0.00463521
0.00484513
0.00499131
0.00599365
0.00624095
0.00654476
0.00676155
0.00178187
0.00183737
0.00190077
0.00194175
0.0025554
0.00264965
0.00276196
0.00283905
0.00387428
0.00403684
0.00423641
0.0043787
0.00514897
0.00537847
0.0056648
0.00587282
0.00779588
0.00792162
0.00816683
0.00841839
0.00603596
0.00613313
0.0063295
0.00653464
0.00404843
0.00411294
0.00425208
0.00440196
0.00277793
0.00282206
0.00292234
0.00303278
0.00219114
0.00222554
0.00230737
0.00239916
0.00125465
0.00127147
0.00132219
0.00138387
0.000422673
0.000424938
0.000442754
0.000468321
0.000117315
0.000115812
0.000115193
0.000115928
0.00192042
0.00196553
0.00205702
0.00215299
0.00108967
0.0011131
0.00116896
0.00123199
0.000368183
0.000372583
0.000391441
0.000416523
0.000123255
0.000121238
0.000120121
0.000120615
7.53882e-05
7.39126e-05
6.66737e-05
5.70331e-05
0.000230407
0.000229236
0.000214384
0.000192819
0.0010204
0.00103528
0.00102549
0.000995249
0.00214597
0.00218711
0.00219575
0.00216685
0.00294101
0.00300136
0.00302696
0.0030044
0.00483606
0.0049355
0.00500452
0.00500957
0.00837149
0.00855824
0.0087256
0.00879333
0.0120592
0.0123445
0.0126292
0.0127771
0.00283589
0.00290011
0.0029393
0.00293356
0.00457597
0.00468581
0.00477792
0.00480776
0.00777371
0.00798139
0.00818875
0.00829663
0.0110661
0.0113829
0.0117241
0.011927
0.000128
0.000124528
0.000117006
0.000108951
0.000320724
0.000317983
0.000305085
0.000288057
0.00105146
0.00106689
0.00106654
0.00105013
0.00202822
0.00207315
0.00210084
0.00209722
0.00269669
0.00276309
0.0028136
0.00282309
0.0042667
0.00438167
0.00448997
0.00453954
0.00710638
0.00732174
0.00755154
0.00768619
0.00998998
0.0103154
0.0106827
0.0109171
0.00253126
0.00259824
0.00265712
0.00267907
0.00392778
0.0040433
0.004161
0.00422452
0.00641439
0.00662681
0.00686386
0.00701276
0.0089053
0.00922176
0.00959034
0.009836
0.00938414
0.00924827
0.00916877
0.0091823
0.00732041
0.00720914
0.00714771
0.0071644
0.00497856
0.00489723
0.00485734
0.00487721
0.00346754
0.00340881
0.00338369
0.0034038
0.0027651
0.00271692
0.00269873
0.00271896
0.00162986
0.00159728
0.00159026
0.00161203
0.00057919
0.000567318
0.00057088
0.000588327
0.000141399
0.000145529
0.000153511
0.000161979
0.00273514
0.00271027
0.00272259
0.00276652
0.00160112
0.00158228
0.00159308
0.00162866
0.000554842
0.000546782
0.000554897
0.000575625
0.000123235
0.000125906
0.000131227
0.000137006
4.58976e-05
5.67053e-05
6.50927e-05
6.76185e-05
0.000124992
0.000140681
0.000146568
0.000140374
0.000894102
0.000915808
0.000909928
0.000879937
0.00208169
0.00210602
0.00208306
0.00202465
0.002951
0.00297362
0.00293746
0.00286076
0.0050513
0.00505687
0.00498979
0.00488272
0.00910488
0.00908044
0.00895293
0.00878368
0.0134522
0.0133901
0.0131965
0.0129642
0.00301164
0.00304783
0.00302722
0.00295992
0.00514485
0.00518055
0.00515038
0.00506896
0.00924882
0.00929076
0.00924687
0.00913824
0.0136408
0.0136876
0.0136326
0.0135022
3.55406e-05
3.97395e-05
3.84567e-05
3.24459e-05
0.000145636
0.00015186
0.000144256
0.000126578
0.000948994
0.000967443
0.000956388
0.000921066
0.00215554
0.00219112
0.00218228
0.00213296
0.00303034
0.00307709
0.00307216
0.00301745
0.00513473
0.00519676
0.00520295
0.00515013
0.00915491
0.00925701
0.00929464
0.00924964
0.0134331
0.0135799
0.0136595
0.0136336
0.00300667
0.00306132
0.00307195
0.00303253
0.00502778
0.00511126
0.00515114
0.0051279
0.00884864
0.00899997
0.00910981
0.00912537
0.0128793
0.0131076
0.0133036
0.0133736
0.00687874
0.0065589
0.0062039
0.00597786
0.00535008
0.00509473
0.00481604
0.00464265
0.00364247
0.0034632
0.00327385
0.00316164
0.00256376
0.00243699
0.00230784
0.00223586
0.00206619
0.00196412
0.00186311
0.00180973
0.00126936
0.00120688
0.00115157
0.00112872
0.000557027
0.000536389
0.000526005
0.00053054
0.00028583
0.000288544
0.000299646
0.000314311
0.00233803
0.00224073
0.00215022
0.00210822
0.00141592
0.00135563
0.00130644
0.00129082
0.000578245
0.000558548
0.000550485
0.000557681
0.000244835
0.00024927
0.000261344
0.000275836
0.000230992
0.000241259
0.000257689
0.000273236
0.000305361
0.000319723
0.000335718
0.000346534
0.000867826
0.00086952
0.000858679
0.00084161
0.00170703
0.00168163
0.00162595
0.00156809
0.00229343
0.00224492
0.00215434
0.0020666
0.0037047
0.00359431
0.00341868
0.00326244
0.00637596
0.00614277
0.00579949
0.00550997
0.00917952
0.00880942
0.0082836
0.00785237
0.00251835
0.00248733
0.00240776
0.00231958
0.0041653
0.00407808
0.00391941
0.00376611
0.00730833
0.00710825
0.00679075
0.00650781
0.010636
0.0103071
0.00981375
0.00939153
0.000119984
0.000133636
0.000149537
0.000160955
0.000191231
0.000210989
0.000227121
0.000232766
0.000879971
0.000896731
0.000892922
0.000871543
0.00193904
0.00194179
0.00190351
0.00184418
0.00270424
0.00269209
0.0026259
0.00253921
0.00455377
0.00449535
0.00436175
0.00421788
0.00810687
0.00795549
0.00768491
0.00742498
0.0118952
0.0116352
0.0112113
0.0108264
0.00284859
0.00285482
0.00280334
0.00272033
0.00485274
0.00482615
0.00472383
0.00459559
0.00871836
0.00862737
0.00842192
0.00820076
0.0128585
0.0126903
0.0123693
0.0120493
0.00270896
0.00247053
0.00218542
0.00198601
0.00209802
0.00191162
0.00169178
0.00154043
0.00144972
0.00132211
0.00117583
0.00107854
0.00107064
0.000980783
0.000881499
0.00081863
0.000898782
0.000826418
0.000748533
0.000701025
0.00062689
0.000581789
0.000537138
0.00051336
0.000415962
0.000395479
0.000380219
0.000377011
0.00037123
0.000360452
0.000356079
0.00036001
0.00116404
0.00107958
0.000989219
0.000934613
0.00077537
0.000723737
0.000673132
0.000646717
0.00045749
0.000436869
0.000422709
0.00042136
0.000369043
0.000362145
0.000362869
0.000370877
0.000368408
0.000359701
0.000357072
0.000361684
0.000415096
0.000403785
0.000396206
0.000395922
0.000648526
0.000618712
0.000585708
0.00056515
0.000971138
0.000914096
0.000845317
0.00079737
0.00117219
0.00109641
0.00100318
0.000936632
0.00164258
0.00152151
0.00136968
0.00125871
0.00251545
0.00231101
0.00205281
0.0018624
0.00340376
0.00311419
0.00274857
0.00247887
0.0014612
0.00138441
0.00128484
0.0012101
0.00213682
0.00200608
0.00183584
0.00170682
0.00338956
0.00315779
0.00285698
0.00262922
0.00467033
0.0043334
0.00389841
0.00357056
0.000328692
0.00033042
0.000339661
0.000352417
0.000397351
0.000399319
0.000405378
0.000413103
0.000798158
0.000781351
0.000758038
0.000739929
0.0013719
0.00132338
0.00125504
0.00120017
0.00175369
0.00168123
0.00157998
0.00149891
0.00266303
0.00253034
0.0023491
0.00220572
0.0043569
0.00410915
0.003777
0.00351792
0.00610191
0.00573177
0.00524155
0.00486321
0.00203534
0.00197255
0.00187444
0.00178905
0.00319499
0.00306909
0.00288582
0.00273306
0.00537131
0.00512236
0.00477484
0.00449408
0.0076339
0.007251
0.00672799
0.00631311
0.000357343
0.000293215
0.00021958
0.00017075
0.000294158
0.00024343
0.000186061
0.000148663
0.000243494
0.000206117
0.000165113
0.000139336
0.000229937
0.000199329
0.000166832
0.000147249
0.000223375
0.000195955
0.000167202
0.00015014
0.000207017
0.000184602
0.000161813
0.000148854
0.000207537
0.000187973
0.000168644
0.000158093
0.0002254
0.000205114
0.000184998
0.00017393
0.000336258
0.000299701
0.000261019
0.00023788
0.000287751
0.000260686
0.000233507
0.000218483
0.00026566
0.00024538
0.000226457
0.000217275
0.000281585
0.000262029
0.000244026
0.000235513
0.000228734
0.000208149
0.00018761
0.000176192
0.000227298
0.000205658
0.000183727
0.000171251
0.00024742
0.000220589
0.000192327
0.000175361
0.000279906
0.000246049
0.000209356
0.000186518
0.000292315
0.000254616
0.000213325
0.000187312
0.000317084
0.000270913
0.000219159
0.000185659
0.000382885
0.000320389
0.000248905
0.000201594
0.000459016
0.000380016
0.000288857
0.000227969
0.000454496
0.000404918
0.000349403
0.000313549
0.000535474
0.000469744
0.00039405
0.000343502
0.00070381
0.000608503
0.000496421
0.000419781
0.000882346
0.000757622
0.000609734
0.000507698
0.000330913
0.00031369
0.000299474
0.00029453
0.000349074
0.000329046
0.000310773
0.000302464
0.000447356
0.000414613
0.000380019
0.000359472
0.000582921
0.000532935
0.000476725
0.000440348
0.000658648
0.000597777
0.000527889
0.00048148
0.000830449
0.000744203
0.000642241
0.000572138
0.00116207
0.0010299
0.000870698
0.000758895
0.00150328
0.00132538
0.00110974
0.000957244
0.000900685
0.0008306
0.000747661
0.000690765
0.00120204
0.00109655
0.000968341
0.000877563
0.00176705
0.00159722
0.00138786
0.0012372
0.00234247
0.00210792
0.00181777
0.00160813
3.61633e-07
9.40216e-08
1.18947e-07
4.72788e-07
1.19015e-06
5.33115e-07
9.8931e-08
2.31706e-07
3.8297e-06
1.99694e-06
6.00953e-07
3.84915e-07
6.94937e-06
3.58236e-06
1.25815e-06
8.32359e-07
7.621e-06
3.89607e-06
1.11328e-06
6.29668e-07
9.14744e-06
4.71956e-06
1.2342e-06
3.41846e-07
1.13917e-05
6.01596e-06
1.61907e-06
2.04018e-07
1.32629e-05
7.18956e-06
2.10849e-06
2.88005e-07
3.40456e-05
2.5017e-05
1.59154e-05
1.07197e-05
3.7971e-05
2.83137e-05
1.85016e-05
1.28214e-05
4.38352e-05
3.30835e-05
2.21113e-05
1.57025e-05
4.89785e-05
3.71493e-05
2.50592e-05
1.79762e-05
1.33596e-05
7.25969e-06
2.16231e-06
3.28614e-07
1.17991e-05
6.30194e-06
1.79097e-06
3.02948e-07
9.92696e-06
5.26358e-06
1.5446e-06
5.03336e-07
8.65505e-06
4.61425e-06
1.51506e-06
8.28341e-07
8.18509e-06
4.43508e-06
1.70873e-06
1.02472e-06
4.97101e-06
2.72591e-06
9.32044e-07
4.9463e-07
1.97297e-06
9.95142e-07
2.64605e-07
2.53813e-07
6.38808e-07
2.29103e-07
1.31446e-07
4.36883e-07
3.63684e-05
2.6574e-05
1.6743e-05
1.12143e-05
2.73272e-05
1.94271e-05
1.14985e-05
7.06753e-06
1.78263e-05
1.17277e-05
5.84447e-06
2.82025e-06
1.23261e-05
7.28548e-06
2.79121e-06
8.79535e-07
0.000102587
8.58073e-05
6.80777e-05
5.72196e-05
9.72428e-05
8.09732e-05
6.38012e-05
5.33082e-05
9.33682e-05
7.69106e-05
5.95185e-05
4.89063e-05
9.25692e-05
7.53269e-05
5.70906e-05
4.59953e-05
8.86854e-05
7.15578e-05
5.35947e-05
4.28248e-05
7.68725e-05
6.03446e-05
4.29707e-05
3.25701e-05
6.78707e-05
5.05754e-05
3.24862e-05
2.18538e-05
6.56251e-05
4.68091e-05
2.73103e-05
1.61176e-05
0.000171762
0.000145207
0.00011672
9.91868e-05
0.00016832
0.000138945
0.000106985
8.70218e-05
0.000179725
0.00014365
0.000103857
7.8693e-05
0.000200272
0.000156945
0.000108867
7.83415e-05
