FiniteElementSpace
FiniteElementCollection: H1_2D_P2
VDim: 2
Ordering: 0

0
1.05331
2.11998
3.12756
3.94839
4.47284
4.72145
4.81504
4.87214
0
0.919776
1.78259
2.54772
3.14736
3.53578
3.73303
3.81643
3.87416
0.520926
0.988615
0.467069
0
1.58839
1.9597
1.3597
2.63798
2.85665
2.18146
3.57032
3.57551
2.87229
4.2499
4.03025
3.36846
4.62513
4.24294
3.65434
4.77919
4.32069
3.78306
4.84284
4.3735
3.84413
0.495459
1.47866
2.42309
3.24553
3.83743
4.16113
4.29105
4.34501
0.25759
0.509787
0.248342
0
1.32082
1.53595
1.23434
1.02289
2.38149
2.53431
2.19428
2.04292
3.35598
3.41277
3.05763
2.99649
4.10909
4.04877
3.71525
3.76705
4.55701
4.3973
4.10273
4.25635
4.75405
4.53725
4.27022
4.48543
4.82923
4.59417
4.33282
4.56892
0.786493
0.742168
0.953088
0.694937
0.480145
0.235924
0
1.85515
1.72077
1.87214
1.57366
1.4189
1.14151
2.88742
2.64449
2.70748
2.36924
2.30516
1.98554
3.76839
3.41862
3.3707
3.01639
3.06658
2.71576
4.3709
3.9422
3.79154
3.45863
3.61248
3.26476
4.67921
4.20723
3.9926
3.698
3.91444
3.60068
4.7989
4.30729
4.06983
3.8011
4.03979
3.76087
4.85695
4.62281
4.35829
4.12384
3.85858
4.09489
3.83039
0.253825
1.27973
2.29132
3.21144
3.91731
4.33439
4.51484
4.58162
0.766114
0.717195
0.242384
1.7907
1.64751
1.18719
2.77005
2.51091
2.09177
3.59851
3.22612
2.89323
4.16155
3.70959
3.49959
4.44696
3.95828
3.85938
4.55467
4.05613
4.01918
4.60765
4.10851
4.08233
0.127453
0.256158
0.126244
0
1.18701
1.30096
1.15134
1.03873
2.25128
2.33735
2.16769
2.08233
3.24346
3.28482
3.10554
3.0631
4.03131
4.01433
3.84452
3.85885
4.51711
4.4467
4.29738
4.36565
4.73882
4.63505
4.50114
4.60417
4.82226
4.70551
4.57537
4.69218
0.653517
0.776898
0.637886
0.51594
0.618836
0.729643
0.59877
0.487815
0.124382
0.245386
0.122337
0
1.72194
1.82373
1.66357
1.56291
1.60004
1.68441
1.53364
1.44893
1.11161
1.21082
1.0704
0.970835
2.76376
2.82978
2.65321
2.58714
2.53482
2.57872
2.40908
2.36493
2.07761
2.14363
1.98265
1.91635
3.67161
3.68458
3.5077
3.49267
3.33401
3.32417
3.14813
3.1577
2.95864
2.97687
2.80178
2.78329
4.31294
4.26731
4.10747
4.15045
3.89194
3.82781
3.66295
3.72693
3.64755
3.60939
3.43711
3.47502
4.65382
4.56392
4.42366
4.51214
4.1856
4.08403
3.93765
4.03926
4.06834
3.98271
3.82713
3.9127
4.78959
4.67712
4.54647
4.65869
4.29963
4.1822
4.04839
4.16608
4.25751
4.14556
4.00675
4.11883
4.84975
4.73225
4.60074
4.7185
4.35147
4.23345
4.10152
4.22007
4.32684
4.20779
4.07615
4.1956
0.388897
0.381772
0.502835
0.371991
0.251181
0
1.45465
1.40797
1.50778
1.35672
1.25743
1.0061
2.51052
2.4136
2.47959
2.3095
2.24358
2.00198
3.46515
3.31395
3.33046
3.15331
3.13576
2.92769
4.18209
3.9854
3.94455
3.77852
3.81773
3.67271
4.593
4.36763
4.28038
4.13358
4.21984
4.14466
4.76741
4.52679
4.41474
4.28132
4.39327
4.36508
4.836
4.58784
4.4697
4.33884
4.45742
4.44512
0.919783
0.894463
0.865445
0.754435
0.835329
0.93592
0.807721
0.705469
0.581401
0.473036
0.361391
0.351883
0.239055
0.119384
0
1.9879
1.9172
1.8407
1.7563
1.76038
1.82747
1.67879
1.61048
1.46724
1.38903
1.30339
1.25108
1.16395
1.03105
3.00886
2.88457
2.75183
2.70828
2.61043
2.62906
2.45967
2.44114
2.27641
2.244
2.19932
2.08442
2.03902
1.88485
3.86084
3.68502
3.49915
3.50995
3.30031
3.2618
3.08348
3.12382
2.94587
2.97169
2.98152
2.79546
2.80637
2.63306
4.42427
4.21113
3.98824
4.05329
3.75238
3.66614
3.49874
3.58681
3.41515
3.4933
3.558
3.31825
3.38503
3.2077
4.70169
4.46746
4.22626
4.32813
3.97652
3.86406
3.71649
3.8297
3.67732
3.78627
3.8884
3.62881
3.73222
3.56966
4.80729
4.56209
4.31425
4.43142
4.06322
3.94341
3.809
3.92908
3.79249
3.91212
4.03013
3.77257
3.89098
3.74774
4.86437
4.74743
4.615
4.49819
4.36562
4.48302
4.24871
4.11594
3.99896
3.86619
3.9835
3.85119
3.96953
4.08854
3.8372
3.95649
3.82349
0.127052
1.16983
2.21039
3.17558
3.93903
4.40826
4.62064
4.69897
0.646286
0.60878
0.123393
1.69353
1.56705
1.09102
2.7095
2.47285
2.03064
3.59077
3.2428
2.88156
4.21129
3.7794
3.54428
4.53962
4.063
3.94947
4.66844
4.17459
4.13309
4.72522
4.22658
4.20177
0.385898
0.377033
0.125371
1.43202
1.38278
1.13184
2.46302
2.36239
2.12338
3.39065
3.23489
3.03326
4.08485
3.88341
3.74747
4.48127
4.25182
4.18418
4.64764
4.40472
4.38014
4.71197
4.46349
4.45136
0.907731
0.880272
0.628624
0.850352
0.820965
0.589477
0.366743
0.356196
0.121179
1.95339
1.87957
1.63233
1.80089
1.71958
1.50025
1.33015
1.2769
1.05027
2.94777
2.81927
2.59497
2.68225
2.53632
2.34361
2.25511
2.14239
1.93398
3.77405
3.59349
3.4222
3.40159
3.19458
3.04943
3.06897
2.89057
2.7191
4.31876
4.10108
4.00114
3.87218
3.62816
3.54184
3.67024
3.441
3.32524
4.58536
4.34783
4.30573
4.10256
3.8479
3.80921
4.01256
3.76065
3.70074
4.68496
4.43854
4.42357
4.18915
3.93649
3.92102
4.15649
3.90217
3.87834
4.73964
4.49034
4.47618
4.24082
3.99103
3.97635
4.21385
3.96295
3.95003
0
0.0457068
0.283576
0.790889
1.59424
2.6023
3.66749
4.70505
5.70912
1
1.0483
1.23257
1.60819
2.19176
2.95228
3.83097
4.78223
5.77349
0.00485685
0.5266
1.0161
0.5
0.135475
0.731423
1.1187
0.499647
1.17149
1.39453
1.15837
1.87265
1.87473
2.08232
2.76843
2.55353
3.13526
3.74712
3.38025
4.19149
4.74323
4.29958
5.20961
5.74106
5.27514
0.493504
0.603289
0.918747
1.49126
2.30351
3.25309
4.24466
5.24211
0.000573205
0.245397
0.490806
0.25
0.0839198
0.364594
0.558997
0.281795
0.382568
0.703924
0.817229
0.502383
0.965368
1.3198
1.32316
0.975953
1.83299
2.18868
2.08283
1.72877
2.86816
3.19091
3.00905
2.68161
3.93076
4.21574
3.99567
3.7045
4.95827
5.22489
4.99265
4.7224
0.019674
0.505134
0.781527
1.02784
0.750438
1.0115
0.75
0.201611
0.660435
0.97352
1.1699
0.853732
1.07838
0.635616
1.03669
1.38054
1.49475
1.14733
1.30727
1.36861
1.67488
2.02646
2.02723
1.67493
1.73491
2.33959
2.53267
2.85986
2.74879
2.42556
2.36752
3.40208
3.4994
3.79099
3.60311
3.31784
3.16306
4.44955
4.49388
4.7643
4.53938
4.27412
4.0633
5.45963
5.72484
5.4916
5.75741
5.52402
5.25947
5.02766
0.242516
0.31688
0.59468
1.13911
1.95345
2.9351
3.96063
4.97408
0.25827
0.761305
0.746963
0.426052
0.907276
0.812075
0.830877
1.25628
1.05328
1.51689
1.84404
1.52019
2.43214
2.63908
2.22082
3.4477
3.55291
3.08651
4.46966
4.51846
4.03152
5.47506
5.50826
5.01139
0.000572007
0.120903
0.245
0.125
0.0631911
0.199356
0.297822
0.162744
0.330808
0.487474
0.546464
0.391847
0.875655
1.05108
1.05529
0.882254
1.71206
1.89207
1.83964
1.66035
2.73494
2.90055
2.80797
2.64085
3.79942
3.94479
3.83268
3.68503
4.83192
4.96567
4.84836
4.71309
0.0108954
0.138
0.250554
0.12424
0.498156
0.632003
0.754785
0.620833
0.493763
0.617823
0.747752
0.625
0.166598
0.312723
0.393529
0.248956
0.630198
0.782118
0.878978
0.726889
0.541373
0.684042
0.795469
0.652706
0.565147
0.732081
0.765144
0.600626
0.975643
1.14451
1.19993
1.03107
0.772422
0.933338
1.01168
0.850633
1.26135
1.44159
1.41637
1.23792
1.58123
1.75793
1.75777
1.58138
1.24524
1.41983
1.44848
1.27408
2.21008
2.38474
2.30952
2.13436
2.41716
2.58527
2.53133
2.36369
1.97632
2.15074
2.12226
1.94824
3.26878
3.42388
3.31925
3.16204
3.37602
3.5262
3.43496
3.2854
2.88823
3.04757
2.97253
2.81375
4.32085
4.45886
4.34285
4.20278
4.36925
4.50636
4.39609
4.25958
3.87132
4.01377
3.91098
3.76918
5.33475
5.46715
5.35004
5.2169
5.36685
5.49999
5.38379
5.25089
4.86793
5.00216
4.88771
4.75394
0.00140607
0.242765
0.368421
0.491072
0.365755
0.375
0.107917
0.339084
0.482622
0.5796
0.436691
0.403025
0.438713
0.647122
0.809848
0.865983
0.704485
0.61547
1.05952
1.22731
1.40417
1.40522
1.22971
1.07225
1.95644
2.06989
2.2451
2.19199
2.01705
1.79952
3.00165
3.06281
3.2214
3.13072
2.97139
2.72424
4.06145
4.08833
4.22987
4.12013
3.97776
3.72536
5.08414
5.09958
5.23337
5.11738
4.98318
4.73258
0.0312113
0.268647
0.514561
0.380602
0.770185
0.9133
1.03694
0.893189
1.02097
0.882239
0.74793
1.01302
0.878449
1.00829
0.875
0.240485
0.462283
0.694143
0.541862
0.938771
1.10064
1.19982
1.03638
1.14295
0.984203
0.831476
1.09726
0.943408
1.06213
0.710737
0.901132
1.10198
0.932298
1.31651
1.49162
1.54988
1.37274
1.44307
1.26822
1.09849
1.34937
1.1777
1.26844
1.47955
1.62109
1.77211
1.5946
1.93369
2.1075
2.1081
1.93361
1.94949
1.77246
1.59574
1.80327
1.62494
1.66997
2.47038
2.55625
2.64985
2.48153
2.74867
2.90617
2.84959
2.69367
2.6501
2.48885
2.32201
2.45934
2.29301
2.27835
3.53501
3.57615
3.62313
3.47303
3.67161
3.8118
3.71646
3.57876
3.49102
3.34965
3.20165
3.27091
3.12518
3.05683
4.57761
4.59617
4.61854
4.48149
4.64121
4.77387
4.66045
4.52963
4.41907
4.28764
4.15259
4.18098
4.04824
3.94661
5.58438
5.71688
5.59997
5.73288
5.61634
5.48323
5.74929
5.63282
5.76553
5.64874
5.51631
5.39945
5.26763
5.13532
5.15118
5.02
4.90466
0.122358
0.179486
0.437504
0.96432
1.77471
2.77037
3.81512
4.83957
0.129794
0.6253
0.620058
0.278976
0.752906
0.666993
0.663996
1.08581
0.890167
1.33771
1.66787
1.34496
2.25867
2.47352
2.04809
3.29299
3.40549
2.93008
4.33106
4.38286
3.8913
5.34213
5.3754
4.87797
0.121332
0.365932
0.368777
0.222444
0.458059
0.418388
0.541774
0.755074
0.657992
1.14227
1.31487
1.14882
2.01203
2.1299
1.90684
3.03117
3.09613
2.84737
4.07402
4.10387
3.85158
5.09143
5.10832
4.85793
0.148943
0.390469
0.37329
0.641086
0.902056
0.88666
0.618366
0.879633
0.877058
0.350271
0.576805
0.510513
0.814666
1.06697
1.00884
0.703978
0.962443
0.927075
0.804782
1.00008
0.868907
1.20729
1.43042
1.31874
0.980292
1.22127
1.13755
1.54918
1.69537
1.49748
1.85148
2.01906
1.85142
1.49869
1.69699
1.55652
2.51221
2.60222
2.36241
2.69876
2.79905
2.59024
2.25604
2.38975
2.19892
3.55459
3.59916
3.34708
3.64746
3.69482
3.46368
3.16606
3.23679
3.01494
4.5862
4.6071
4.35574
4.63006
4.65149
4.40833
4.13654
4.16759
3.92962
5.59204
5.60807
5.35834
5.62463
5.64089
5.39187
5.12647
5.14365
4.89672
