FiniteElementSpace
FiniteElementCollection: H1_2D_P2
VDim: 2
Ordering: 0

0
0.00432595
2.87704e-05
-0.00255633
0.00798942
0.031783
0.0589688
0.0813758
0.0995145
0
-0.00327501
-0.000893026
0.00844491
0.0261707
0.0492847
0.0718563
0.0906134
0.107542
0.00340581
0.000824381
-0.00241605
0
0.00283521
-0.000809912
-0.0027932
-0.00236127
0.00179153
0.00274432
0.00074003
0.0159826
0.0163267
0.018732
0.0402309
0.0374173
0.0456425
0.0657528
0.0609683
0.0709373
0.0862991
0.0816903
0.0906745
0.103575
0.0990693
0.000678699
7.23115e-05
-0.000636496
0.00728197
0.027331
0.0533983
0.0767133
0.0950145
0.00191434
0.00169306
0.000290934
0
0.00383552
0.00122552
0.000526847
0.00231805
-0.00133511
-0.00170018
-0.000934856
-0.000603647
-0.00139543
0.00386004
0.00412749
-0.000565325
0.0129852
0.0229829
0.0213853
0.0118816
0.0387044
0.0495718
0.0468577
0.0360141
0.0651487
0.0738907
0.0714198
0.0624337
0.0861271
0.0928476
0.0907222
0.0838719
0.00419163
0.000883775
-0.000771751
-0.00302152
-0.000369609
-0.00138618
0
0.0014961
-0.000421314
-0.000827666
-0.0020373
-0.00108243
-0.00319852
-0.00283078
0.000231924
0.00468396
0.00532239
0.000816683
0.000685482
0.00387873
0.0112506
0.0205978
0.0210313
0.0112853
0.0121183
0.025061
0.0336676
0.0446027
0.0433258
0.0320348
0.0316644
0.0524387
0.0597274
0.068923
0.0665374
0.0571954
0.0551945
0.0763343
0.0816552
0.0885811
0.0862428
0.079353
0.0769051
0.0951151
0.101536
0.0992662
0.105579
0.103284
0.0971085
0.0948662
0.00071624
0.00194103
-0.0013424
0.00119717
0.0171081
0.0428125
0.0683571
0.0884415
0.00225429
-0.000576403
-0.000134651
0.000317793
-0.00107283
-0.000956109
-0.00149292
0.00242967
-0.000235271
0.00743531
0.0156271
0.00763049
0.0293443
0.0382479
0.0261063
0.0561487
0.0632068
0.0509601
0.0790466
0.0840928
0.0743061
0.0971855
0.101312
0.092892
0.000812416
0.0011613
0.000256968
0
0.0041532
0.00279699
0.00217955
0.00322344
-0.000684958
-0.00139997
-0.00100852
-0.000356025
-0.00209989
-0.000131382
0.000205891
-0.00160036
0.010381
0.0150428
0.0144045
0.00992489
0.0352327
0.0407754
0.0394082
0.0339116
0.0621092
0.0667721
0.0654432
0.0607223
0.0837831
0.0872842
0.0861831
0.0826292
0.00387624
0.00311639
0.00203794
0.00242706
0.000813008
0.000210693
-0.000477326
0.000208501
0.000102544
0.000106718
-6.16586e-05
0
0.00219378
0.000830829
0.000785184
0.00194662
-0.000177626
-0.000736476
-0.0010998
-0.000475716
0.000701527
-0.000170268
-0.000867201
8.02876e-05
-0.00268406
-0.00220861
-0.001678
-0.00208469
-0.000280809
0.00126216
0.00154898
3.87903e-05
-0.000914634
-0.000616403
-0.000580843
-0.000828968
0.00217921
0.00563934
0.00553468
0.00227509
0.00916744
0.0133459
0.0133744
0.00918904
0.00285981
0.00578803
0.00607043
0.0031556
0.021835
0.0272108
0.0261136
0.0208599
0.0304604
0.0359122
0.0351145
0.0296214
0.0186078
0.0236702
0.0232922
0.0182038
0.0490704
0.0543149
0.0528907
0.0476269
0.0565951
0.0614805
0.0602335
0.0552985
0.0435456
0.0488963
0.0477887
0.0423881
0.0736851
0.0777014
0.0765134
0.0724298
0.079225
0.0829011
0.0817581
0.0780615
0.0686322
0.0728897
0.0716565
0.0673596
0.0929013
0.0961464
0.0950199
0.0917572
0.0971402
0.100297
0.0992072
0.0960744
0.0885326
0.0918258
0.0907536
0.0874637
0.00277229
0.00123557
0.00114408
0.000493883
0.000483807
0
0.00338882
0.00161747
0.000617378
0.000312926
0.00120404
0.00154013
-0.00190971
-0.00158114
-0.00121667
-0.000847268
-0.00118266
-0.00074615
-0.000458761
0.00241369
0.00551903
0.00560256
0.00260855
0.000559478
0.015773
0.0199739
0.0251299
0.0242995
0.0192114
0.0138896
0.0421849
0.0462067
0.051492
0.0501466
0.0448347
0.0381135
0.0680954
0.0711725
0.0753203
0.0741121
0.069907
0.06411
0.0884201
0.0906589
0.0939363
0.092879
0.0895909
0.0850984
0.00434223
0.00234577
0.000887316
0.00153301
-0.00067396
-0.00185627
-0.00319118
-0.00161547
-0.00276461
-0.00120952
-0.000250876
-0.00196619
-0.000588048
-0.000638255
0
0.000761341
-0.000153284
-0.000637794
-8.67318e-05
-0.000985612
-0.000843147
-0.00151537
-0.00149265
-0.00246062
-0.00183362
-0.00103039
-0.00303781
-0.00193747
-0.00327766
-0.00280291
-0.00112773
0.000920134
-0.000682187
0.00347433
0.00642698
0.00681765
0.00376773
0.00396917
0.00170934
0.000227933
0.00165443
0.000196729
-0.000159306
0.00581245
0.0095539
0.0135267
0.00929477
0.0180398
0.0232317
0.0235535
0.018165
0.018623
0.0136401
0.00937128
0.0141604
0.00971742
0.0102162
0.0283861
0.032652
0.0369309
0.0314879
0.041416
0.046897
0.0463058
0.0407098
0.0403595
0.0346195
0.0290264
0.0345161
0.0287527
0.0288807
0.0557467
0.0593329
0.0627816
0.0579509
0.0661042
0.0704285
0.0692308
0.0648977
0.0637824
0.0590882
0.0540992
0.0581036
0.0530591
0.0522519
0.0788971
0.0814962
0.0840096
0.0803671
0.0863639
0.0896359
0.0884478
0.0852128
0.0839939
0.0805695
0.07687
0.0793304
0.0756516
0.0744157
0.0973175
0.100518
0.0993546
0.102556
0.101408
0.0982271
0.104585
0.103434
0.106565
0.105404
0.102309
0.10117
0.0981088
0.0950069
0.0969694
0.093909
0.0927506
0.000397462
0.00307165
-0.000910864
-0.000981915
0.012386
0.0373352
0.0637959
0.0849855
0.00284436
0.000224071
3.92793e-05
0.00141003
-0.000618362
-3.28645e-05
-0.00223043
0.000573719
-0.00076853
0.00383644
0.0111765
0.00437795
0.0239797
0.0327338
0.0208686
0.0510006
0.0584222
0.0456466
0.0751124
0.0805195
0.0701689
0.0939567
0.0981837
0.0896644
0.00187061
0.000827085
0.000168545
0.00241594
0.000934834
0.00141052
-0.00180213
-0.00126027
-0.00100312
0.00094978
0.0039552
0.00147914
0.017873
0.0221055
0.0164672
0.0442138
0.04818
0.0414722
0.0696512
0.0726609
0.0670555
0.0895373
0.0917761
0.0873689
0.00324184
0.00158356
0.00138618
0.000163028
-0.00175569
-0.00143517
0.000167626
-0.000932942
-0.000210116
0.000232315
-0.000432494
0.000270797
-0.000811322
-0.00121047
-0.00169627
-0.000321276
-0.0019111
-0.00191767
-0.00200747
-0.000156429
-0.00102935
0.00212131
0.00502175
0.00266827
-0.000351214
0.000890721
-0.000375912
0.0076697
0.0114949
0.00730093
0.015693
0.0206368
0.015832
0.00739348
0.0116028
0.00799455
0.0305295
0.034778
0.0282645
0.0391364
0.0437989
0.0376448
0.0265941
0.0316508
0.0259427
0.0575605
0.0610722
0.0547529
0.0644608
0.0677001
0.0620243
0.0521177
0.0560957
0.0499879
0.0802046
0.0827676
0.0778866
0.0852123
0.0874478
0.0829226
0.0755189
0.0781474
0.0730788
0.098332
0.100382
0.0960832
0.102428
0.104427
0.100204
0.0939587
0.0960132
0.0917865
0
0.0119435
0.0196002
0.0118637
-0.00836632
-0.0290197
-0.0423256
-0.0499282
-0.0571517
0
0.00924888
0.018446
0.0184769
0.00844854
-0.0064412
-0.0206596
-0.0315053
-0.039656
0.00597285
0.0106992
0.00393138
0
0.0172158
0.0203057
0.0145848
0.0178434
0.0163338
0.0198674
0.00260339
0.000316637
0.0144686
-0.0193538
-0.0181223
0.00121586
-0.036675
-0.0319304
-0.0138802
-0.0464933
-0.0408902
-0.026544
-0.0533395
-0.0484134
-0.0357362
0.00411657
0.0167446
0.0202314
0.00928674
-0.00920208
-0.0257594
-0.0368366
-0.0445828
0.0034494
0.00489943
0.00143958
0
0.0148194
0.0170775
0.0139256
0.0113064
0.0192718
0.0192662
0.0207573
0.0201343
0.00755441
0.00616408
0.0131357
0.0143383
-0.0139544
-0.0141571
-0.00445482
-0.00384841
-0.0331134
-0.0312177
-0.0221236
-0.0235113
-0.0445498
-0.0417513
-0.0345189
-0.0371806
-0.0516
-0.0490185
-0.04275
-0.0454994
0.00889328
0.00733279
0.0100614
0.00647513
0.00376333
0.00193518
0
0.0188743
0.0189296
0.0198881
0.0167733
0.0160323
0.0120198
0.0153429
0.0187358
0.0177784
0.0195235
0.020556
0.0194992
-0.00277678
0.00495479
0.00433398
0.011662
0.0120431
0.0167693
-0.0244121
-0.0137921
-0.0125573
-0.00260419
-0.00420077
0.00493225
-0.0397271
-0.0290225
-0.0264644
-0.0173718
-0.0200722
-0.0102205
-0.0482544
-0.0389401
-0.036189
-0.0291334
-0.0317603
-0.0237204
-0.0551915
-0.0528005
-0.04645
-0.0440039
-0.0377015
-0.0401146
-0.033691
0.00209297
0.0144162
0.0202244
0.0105777
-0.00905488
-0.0275894
-0.0396068
-0.047253
0.00803508
0.00681432
0.00124221
0.0190456
0.0183101
0.0132149
0.0172778
0.0195826
0.020656
0.00128889
0.00836341
0.0152269
-0.0190115
-0.00845198
0.000100648
-0.034403
-0.0234129
-0.0164459
-0.04369
-0.034063
-0.0292388
-0.050857
-0.0420289
-0.0381878
0.00205166
0.00268102
0.000966415
0
0.0134262
0.0146233
0.0129001
0.0116187
0.019582
0.0197923
0.0203093
0.0199036
0.00980942
0.00912622
0.0125511
0.0131595
-0.0111718
-0.0114525
-0.00645449
-0.00605108
-0.0311354
-0.0303286
-0.0256058
-0.0262338
-0.0434805
-0.0420934
-0.0384334
-0.0397595
-0.0507595
-0.0494503
-0.0463788
-0.0477408
0.00739786
0.0084461
0.00643233
0.00541407
0.00568702
0.00704945
0.00524573
0.00387983
0.000540034
0.00127911
0.000424953
0
0.0181585
0.0189872
0.0181615
0.0171635
0.0179272
0.0187019
0.0172478
0.0164522
0.0123466
0.0136095
0.0116651
0.0103899
0.0167324
0.0163656
0.0183976
0.0186053
0.0196003
0.0192493
0.0201742
0.0204912
0.02065
0.0208056
0.0203756
0.0201908
-4.23707e-05
-0.00068492
0.00377185
0.00444407
0.00716925
0.00668363
0.010255
0.0107086
0.0148244
0.0142432
0.0165874
0.0171339
-0.0219347
-0.021672
-0.016623
-0.0167088
-0.0115238
-0.0111572
-0.00633893
-0.00672612
-0.00206307
-0.00218784
0.00223361
0.0023313
-0.0382643
-0.0370619
-0.0328641
-0.0339333
-0.0274364
-0.0262579
-0.0217783
-0.0229596
-0.0201667
-0.0193293
-0.0145315
-0.0153816
-0.0473913
-0.0459983
-0.0427414
-0.0441442
-0.0379111
-0.0365139
-0.0329364
-0.0343182
-0.0332614
-0.0319062
-0.0278846
-0.0292319
-0.0542494
-0.053033
-0.0499254
-0.0511958
-0.0455086
-0.044235
-0.0410697
-0.0423463
-0.0418275
-0.0404699
-0.037201
-0.0385456
0.00464032
0.00344144
0.0044609
0.0026882
0.00170701
0
0.0161005
0.0158195
0.0169439
0.0154002
0.0141878
0.0110015
0.0187049
0.0198772
0.0198142
0.0206156
0.0205531
0.0202758
0.00515229
0.00844112
0.00777538
0.0112813
0.0119138
0.0153985
-0.0166883
-0.0116289
-0.0116656
-0.00684051
-0.00673181
-0.00173351
-0.0349627
-0.0294602
-0.028502
-0.0239878
-0.0248648
-0.0208188
-0.0455517
-0.0407095
-0.0393149
-0.0357079
-0.0370839
-0.0345753
-0.0524572
-0.0481303
-0.0468108
-0.0436659
-0.0450152
-0.0432119
0.0104205
0.00967171
0.00901506
0.00766256
0.0084328
0.00969144
0.00785126
0.0066256
0.00516426
0.00377647
0.00241784
0.00284188
0.00143924
0.00104929
0
0.019372
0.0197093
0.0197257
0.0190335
0.0191924
0.0193338
0.0176784
0.0176928
0.0157336
0.0154319
0.0146779
0.0133388
0.0127019
0.0106492
0.0137263
0.0159203
0.0176405
0.0180721
0.0187775
0.0182414
0.0190822
0.0196946
0.0197805
0.0203726
0.0207133
0.0197674
0.0202474
0.0190513
-0.00555618
-0.00125935
0.00266235
0.00316336
0.00638237
0.00636437
0.0100982
0.0100196
0.0131204
0.0132994
0.0137042
0.0156852
0.0160782
0.0176986
-0.0267793
-0.021311
-0.0159945
-0.0163962
-0.0105274
-0.00959431
-0.00452538
-0.00561832
-0.000686877
-0.00156942
-0.00204943
0.00309254
0.00246097
0.00672095
-0.0410807
-0.0358395
-0.0305185
-0.0317301
-0.0249739
-0.0236132
-0.0190432
-0.0204606
-0.0156497
-0.0170587
-0.0182932
-0.0120686
-0.0134253
-0.00834206
-0.0490969
-0.0446061
-0.0399303
-0.0413346
-0.0351451
-0.0338377
-0.0303451
-0.0316
-0.0278676
-0.0291686
-0.030529
-0.0251624
-0.026513
-0.0222197
-0.0561594
-0.0549788
-0.051817
-0.0506136
-0.0474172
-0.0486605
-0.0462058
-0.0430029
-0.0418112
-0.0386731
-0.0398454
-0.0367236
-0.0379051
-0.0391566
-0.0347273
-0.0359225
-0.0326188
0.0013566
0.0131623
0.0199846
0.0112385
-0.0087591
-0.0283429
-0.0409675
-0.048595
0.00689413
0.00542384
0.000438388
0.018181
0.0176612
0.0120307
0.0176165
0.0199817
0.02061
0.00192376
0.00874621
0.0157761
-0.0192355
-0.00896171
8.25962e-05
-0.0355557
-0.0246497
-0.0173927
-0.0450905
-0.0354397
-0.030604
-0.0521002
-0.0432856
-0.0395175
0.00399787
0.00300541
0.000710549
0.0159704
0.0156349
0.0126313
0.019337
0.0203103
0.0205388
0.00685606
0.00991469
0.0137475
-0.0141092
-0.00921629
-0.00423116
-0.0321931
-0.0267349
-0.0228915
-0.043149
-0.0382298
-0.0358679
-0.0503146
-0.04591
-0.0441186
0.010034
0.00933221
0.0060258
0.00871688
0.00815054
0.00515782
0.00248328
0.00252387
0.000561767
0.0195712
0.0197684
0.0180839
0.0195478
0.0185959
0.0166293
0.0150912
0.0141133
0.0112181
0.0148789
0.0168443
0.0190643
0.0182935
0.0190587
0.0201301
0.0207634
0.0204074
0.0198834
-0.00335053
0.000738365
0.00551622
0.00453746
0.00823
0.011713
0.0125457
0.014757
0.0172407
-0.024009
-0.018651
-0.0140637
-0.0132999
-0.00761991
-0.00359741
-0.00446309
0.000454506
0.00443546
-0.0384615
-0.0331977
-0.0301657
-0.0277837
-0.0220683
-0.0187897
-0.021185
-0.0152687
-0.0115311
-0.0468783
-0.0422866
-0.0403467
-0.0375467
-0.0327408
-0.0304107
-0.033142
-0.0278702
-0.0250942
-0.053994
-0.0496235
-0.0477255
-0.045206
-0.0408194
-0.0388766
-0.0414104
-0.036923
-0.0348963
