FiniteElementSpace
FiniteElementCollection: L2_2D_P3
VDim: 1
Ordering: 0

0.00190088
0.00134219
0.00233451
0.00338543
0.000846045
0.000819958
0.00176088
0.00279496
0.000329283
0.000445331
0.00112088
0.00188246
0.000287949
0.000314469
0.000715133
0.001172
0.00393763
0.00398999
0.00408382
0.00417568
0.00302982
0.00306982
0.003144
0.00321807
0.00201155
0.00203747
0.0020888
0.00214186
0.00136517
0.00138223
0.0014183
0.00145674
0.00473201
0.0047242
0.00474517
0.00478523
0.00366237
0.00365517
0.0036726
0.00370659
0.00245432
0.00244802
0.00246106
0.00248742
0.00168019
0.00167504
0.00168494
0.00170534
0.00461663
0.00455236
0.00449732
0.00447699
0.00358181
0.00353012
0.00348754
0.00347377
0.00241182
0.00237502
0.00234683
0.00234027
0.0016608
0.00163448
0.00161575
0.00161328
0.00366948
0.00356626
0.00345221
0.0033802
0.00284385
0.00276179
0.00267268
0.00261778
0.00191642
0.00185917
0.00179902
0.00176379
0.00132557
0.00128519
0.00124426
0.00122171
0.00218455
0.00207452
0.00194268
0.00185026
0.00168638
0.00160008
0.00149783
0.00142709
0.00113697
0.00107795
0.00100961
0.00096363
0.000794977
0.000753952
0.000707787
0.00067788
0.000783562
0.000712283
0.000625614
0.000563922
0.000606502
0.000551339
0.000484966
0.000438272
0.000419573
0.000382271
0.000338404
0.000308355
0.000310419
0.000284313
0.000254557
0.000234956
8.92559e-05
7.18827e-05
5.21046e-05
3.91377e-05
7.49055e-05
6.09546e-05
4.52436e-05
3.50581e-05
6.33333e-05
5.27752e-05
4.11492e-05
3.37976e-05
6.01049e-05
5.12535e-05
4.17411e-05
3.59002e-05
0.00322204
0.00331769
0.00346383
0.00359241
0.00251475
0.00257437
0.00267086
0.00275927
0.00170613
0.00173094
0.00177831
0.00182621
0.00118274
0.00118932
0.00121012
0.00123543
2.46355e-05
2.7226e-05
2.90925e-05
2.92883e-05
0.00012672
0.000126517
0.000122466
0.00011656
0.000498534
0.000495684
0.00048486
0.000471153
0.000969
0.000967757
0.00095616
0.000939284
0.000421423
0.000238723
0.000106969
5.68314e-05
0.000414147
0.000250436
0.000164397
0.000158038
0.000388633
0.000282246
0.000358165
0.000508947
0.000411885
0.000348664
0.000611094
0.000956342
0.00444034
0.00446428
0.00452481
0.00459391
0.00342813
0.00344587
0.00349422
0.00355083
0.00228822
0.00229893
0.00233291
0.00237447
0.00156051
0.00156707
0.0015913
0.00162203
1.25208e-05
1.27155e-05
1.16057e-05
9.6971e-06
8.58409e-05
8.77619e-05
8.57547e-05
8.07359e-05
0.000475653
0.000483665
0.00048412
0.000476722
0.00102396
0.00103982
0.0010454
0.00103791
2.39547e-05
2.32494e-05
2.13353e-05
1.90553e-05
0.000103082
0.000103654
0.000100637
9.53894e-05
0.000468453
0.000476222
0.000477941
0.000472643
0.000968295
0.000986608
0.000997839
0.000996403
0.00478864
0.00475079
0.00473235
0.00474188
0.0037123
0.00368143
0.00366781
0.00367774
0.00249504
0.00247251
0.00246428
0.00247415
0.00171357
0.00169716
0.00169234
0.00170135
8.48301e-06
1.00802e-05
1.0836e-05
1.04835e-05
6.9008e-05
7.20975e-05
7.15332e-05
6.76722e-05
0.000458998
0.000463707
0.000459472
0.000448402
0.00102235
0.00102776
0.00101898
0.00100028
7.20162e-06
8.28998e-06
8.20418e-06
7.02167e-06
7.47224e-05
7.74789e-05
7.62542e-05
7.16567e-05
0.000473622
0.00048038
0.000478512
0.000468914
0.00104368
0.00105487
0.00105324
0.00103957
0.00423469
0.00414825
0.00406062
0.00401241
0.0032852
0.00321611
0.00314776
0.00311178
0.00221396
0.00216533
0.00211936
0.0020973
0.00152795
0.00149344
0.00146231
0.00144896
2.60803e-05
2.77971e-05
2.98222e-05
3.13492e-05
7.07225e-05
7.33752e-05
7.39959e-05
7.24578e-05
0.000394579
0.000394275
0.000386555
0.000375298
0.000867148
0.000860747
0.000840948
0.000817413
1.51173e-05
1.68751e-05
1.82968e-05
1.88402e-05
6.78387e-05
7.08303e-05
7.08373e-05
6.7994e-05
0.00043193
0.000434147
0.000427849
0.000416196
0.000961474
0.000960778
0.00094572
0.000923656
0.00296342
0.00285135
0.00272105
0.00263295
0.00229247
0.00220392
0.00210233
0.0020348
0.00154425
0.00148305
0.00141467
0.00137076
0.00107179
0.00102894
0.000982496
0.000953958
5.87626e-05
5.99565e-05
6.28561e-05
6.62315e-05
8.80388e-05
8.93863e-05
9.09277e-05
9.21017e-05
0.000303173
0.000298401
0.000289601
0.000281155
0.000615404
0.000600444
0.000576382
0.000554868
4.08823e-05
4.24365e-05
4.50199e-05
4.75656e-05
7.76978e-05
7.98418e-05
8.10771e-05
8.09963e-05
0.000350595
0.000347956
0.000339492
0.000329447
0.000748534
0.000737287
0.000714515
0.000691298
0.00142524
0.00132948
0.00121308
0.00113016
0.00109916
0.00102463
0.000934971
0.000871846
0.000745503
0.000695011
0.000635578
0.000594797
0.000530381
0.000495408
0.000455421
0.000428974
9.173e-05
9.07411e-05
9.19124e-05
9.47358e-05
0.000104734
0.000103028
0.000102713
0.000104001
0.000202001
0.000193918
0.000184742
0.000178882
0.00034192
0.000324412
0.000302704
0.000287117
7.7355e-05
7.77706e-05
8.03355e-05
8.39441e-05
9.88234e-05
9.88981e-05
0.000100005
0.000101753
0.000253653
0.000246984
0.000237958
0.000231005
0.000476851
0.000459649
0.00043591
0.000417037
0.00033224
0.000289797
0.000239056
0.000203678
0.000261704
0.000228759
0.000189822
0.000163022
0.000191165
0.000168408
0.000142181
0.000124652
0.000153747
0.000137056
0.000118439
0.000106498
8.21406e-05
7.73358e-05
7.33034e-05
7.18182e-05
8.07876e-05
7.56051e-05
7.10126e-05
6.90552e-05
9.66792e-05
8.8743e-05
8.06718e-05
7.61477e-05
0.000122761
0.000110905
9.79761e-05
8.9935e-05
9.51211e-05
9.21901e-05
9.09096e-05
9.18438e-05
9.98222e-05
9.61437e-05
9.3658e-05
9.35086e-05
0.000148759
0.000140156
0.000131187
0.000126051
0.000220602
0.000205001
0.000187063
0.000175204
7.95837e-06
5.22023e-06
2.56449e-06
1.20793e-06
8.79149e-06
5.93977e-06
3.10264e-06
1.56959e-06
1.12748e-05
8.09228e-06
4.87428e-06
3.06218e-06
1.43092e-05
1.06668e-05
6.9865e-06
4.895e-06
2.02076e-05
1.61804e-05
1.2043e-05
9.58983e-06
1.81973e-05
1.44557e-05
1.06299e-05
8.37625e-06
1.60569e-05
1.25121e-05
8.9153e-06
6.82631e-06
1.47913e-05
1.12695e-05
7.72546e-06
5.70114e-06
5.35085e-05
4.79458e-05
4.23537e-05
3.91924e-05
5.01727e-05
4.47348e-05
3.92674e-05
3.61786e-05
5.05611e-05
4.43954e-05
3.80465e-05
3.43431e-05
5.44716e-05
4.70545e-05
3.92252e-05
3.45126e-05
0.00284814
0.00290219
0.00301054
0.00311443
0.00232937
0.00235086
0.00239698
0.00244563
0.00163762
0.00164399
0.00166284
0.0016855
0.0011252
0.00114229
0.00116849
0.00119278
0.000854726
0.000877353
0.000915251
0.000945963
0.000458439
0.000475875
0.000504883
0.000530983
0.000132033
0.00013843
0.000150449
0.000162642
2.83073e-05
2.8726e-05
3.12729e-05
3.45787e-05
0.000295001
0.000275912
0.00055208
0.000882941
0.000323182
0.000240269
0.000335139
0.000497393
0.000381649
0.000231957
0.000161711
0.000169255
0.00041446
0.000238371
0.000109875
6.17177e-05
0.00421185
0.00425091
0.00432949
0.00441121
0.00324671
0.00327628
0.00333865
0.00340497
0.00216181
0.0021806
0.002224
0.002272
0.00147102
0.00148315
0.00151381
0.00154887
0.00115369
0.00116265
0.00118726
0.00121618
0.000653668
0.000657298
0.000671986
0.000691015
0.000210282
0.000209963
0.000214791
0.000222596
4.34168e-05
4.26339e-05
4.25381e-05
4.31796e-05
0.00106917
0.00108199
0.00111076
0.00114222
0.000603801
0.000609735
0.000626743
0.000647043
0.000194415
0.00019488
0.000200392
0.00020847
4.44922e-05
4.36542e-05
4.34694e-05
4.40395e-05
0.00478974
0.00476652
0.00476755
0.00479235
0.00371049
0.00369116
0.00369289
0.00371489
0.00249053
0.00247591
0.00247822
0.0024964
0.00170785
0.00169694
0.00169943
0.00171419
0.00134627
0.00133701
0.00133949
0.00135259
0.000772438
0.000765569
0.000767855
0.000778265
0.000253481
0.000250228
0.000251901
0.000257766
4.65397e-05
4.64929e-05
4.73956e-05
4.88827e-05
0.0013229
0.0013182
0.00132653
0.00134407
0.000756549
0.0007523
0.000757911
0.000770829
0.000246014
0.000243515
0.000246096
0.000252609
4.43422e-05
4.41965e-05
4.49139e-05
4.62016e-05
0.00445047
0.00437454
0.00430261
0.004268
0.00345314
0.00339229
0.00333634
0.00331119
0.00232644
0.00228339
0.00224598
0.00223148
0.00160386
0.00157319
0.00154803
0.00153999
0.00126971
0.00124482
0.00122534
0.00122027
0.000738803
0.000723024
0.000712593
0.000712308
0.000256404
0.000250456
0.00024833
0.000251019
6.06922e-05
6.04903e-05
6.17012e-05
6.38521e-05
0.00131344
0.00129198
0.00127762
0.00127701
0.00076141
0.000747566
0.000740125
0.000742514
0.000259819
0.000254463
0.000253262
0.000256786
5.66357e-05
5.65232e-05
5.76902e-05
5.96795e-05
0.00333047
0.00322164
0.00309789
0.0030166
0.00257898
0.00249271
0.00239609
0.00233387
0.00173755
0.00167763
0.00161246
0.00157218
0.00120357
0.00116146
0.00111712
0.00109107
0.000957662
0.00092389
0.000889244
0.00086975
0.000568512
0.000547992
0.000528756
0.000519661
0.000218495
0.000211222
0.000206426
0.000206315
7.91198e-05
7.8551e-05
8.00112e-05
8.29021e-05
0.00105304
0.00102057
0.00098859
0.000971892
0.00062117
0.000601267
0.000583553
0.00057618
0.00023101
0.000223871
0.000219517
0.000219951
7.41765e-05
7.36971e-05
7.50896e-05
7.77926e-05
0.00179613
0.00169173
0.00156552
0.00147615
0.00138546
0.0013039
0.00120634
0.0011381
0.000935926
0.000880434
0.00081551
0.000771271
0.000658919
0.00062045
0.000576708
0.000547979
0.000532488
0.000501916
0.000467896
0.000446198
0.000333355
0.000315148
0.00029629
0.000285498
0.000160776
0.000154158
0.000149187
0.000148155
9.83793e-05
9.69015e-05
9.77309e-05
0.000100517
0.000638497
0.000605847
0.000569903
0.000547317
0.000391924
0.000372459
0.000352549
0.000341389
0.000175437
0.000168548
0.000163468
0.000162538
9.42605e-05
9.31635e-05
9.43982e-05
9.74417e-05
0.000531444
0.000474525
0.000405722
0.000357102
0.000413817
0.000369781
0.000317129
0.000280374
0.000292253
0.000262295
0.000227324
0.000203586
0.000223748
0.000202429
0.000178337
0.000162635
0.00019264
0.000175282
0.00015609
0.000143938
0.000141921
0.000130656
0.000118983
0.000112267
0.000102523
9.6444e-05
9.11665e-05
8.90715e-05
9.33504e-05
8.90609e-05
8.59821e-05
8.54738e-05
0.000260886
0.000239921
0.000216548
0.000201597
0.000181728
0.000168682
0.000155109
0.000147272
0.000117586
0.000111489
0.000106468
0.000104807
9.92753e-05
9.58023e-05
9.39552e-05
9.4552e-05
3.34314e-05
2.49113e-05
1.57205e-05
1.01245e-05
3.05778e-05
2.32963e-05
1.54737e-05
1.07084e-05
3.01616e-05
2.39347e-05
1.73143e-05
1.33044e-05
3.24935e-05
2.656e-05
2.03241e-05
1.6588e-05
3.32357e-05
2.74838e-05
2.14162e-05
1.77478e-05
3.28345e-05
2.75885e-05
2.21011e-05
1.88067e-05
3.40812e-05
2.90705e-05
2.38739e-05
2.07763e-05
3.64617e-05
3.12872e-05
2.5928e-05
2.27347e-05
5.83763e-05
5.03368e-05
4.17577e-05
3.65266e-05
5.34709e-05
4.68321e-05
3.99143e-05
3.58187e-05
5.1664e-05
4.59809e-05
4.02209e-05
3.69319e-05
5.39175e-05
4.82853e-05
4.26151e-05
3.94043e-05
0.00363348
0.00369457
0.00379761
0.0038949
0.00279163
0.00283803
0.00291863
0.00299616
0.00184861
0.00187858
0.00193362
0.00198835
0.00125146
0.00127118
0.00130951
0.00134878
0.000979654
0.000994233
0.0010243
0.00105604
0.000551547
0.000558487
0.000575993
0.000596053
0.00017678
0.000178005
0.000184007
0.000192092
4.40143e-05
4.37566e-05
4.40958e-05
4.49699e-05
0.000932768
0.000935399
0.000948775
0.000966796
0.000523643
0.000524051
0.000531785
0.000543348
0.000161965
0.000162711
0.00016713
0.000173262
3.61392e-05
3.80677e-05
4.07465e-05
4.31057e-05
2.92204e-05
2.87864e-05
2.72654e-05
2.53161e-05
0.000115007
0.000114667
0.000110772
0.000105132
0.00046978
0.000475227
0.000474851
0.000468679
0.000940665
0.000956527
0.000966134
0.000964582
0.00126361
0.00128762
0.00130577
0.00130911
0.0020252
0.00206686
0.00210562
0.00212293
0.00336367
0.00344111
0.00352261
0.00356948
0.00468398
0.00480021
0.00492948
0.00501053
0.001276
0.00127885
0.00127247
0.00125901
0.0019521
0.0019798
0.00200369
0.00201207
0.00307158
0.00316112
0.00326393
0.00333091
0.00411999
0.00428475
0.00448641
0.0046293
2.37148e-05
2.35574e-05
2.35222e-05
2.38354e-05
0.00011792
0.000123016
0.000128342
0.00013136
0.000471196
0.000487483
0.000506645
0.000518541
0.000949498
0.000964411
0.000988546
0.00100493
0.00126868
0.00128826
0.00130439
0.00131068
0.0019425
0.00195156
0.00195413
0.00194916
0.0028532
0.00290432
0.00296215
0.00299852
0.00351911
0.00365506
0.00384145
0.00397854
0.000420835
0.000403886
0.000808106
0.00130302
0.000480651
0.000555827
0.00133414
0.00228558
0.00137
0.00107759
0.00218502
0.00355164
0.0033836
0.00186608
0.0029528
0.00431337
0.00461509
0.00462316
0.00466416
0.00471914
0.00356781
0.0035731
0.00360623
0.00365188
0.00238652
0.00238875
0.00241246
0.0024467
0.00163078
0.00163151
0.00164874
0.00167452
0.00128241
0.00128236
0.00129646
0.00131821
0.000731061
0.000729486
0.000738337
0.000753575
0.000236153
0.0002344
0.000237816
0.000244872
4.30316e-05
4.2713e-05
4.31835e-05
4.42514e-05
0.00122557
0.00123012
0.0012497
0.00127529
0.000696509
0.000697583
0.000709484
0.000726777
0.000224175
0.000223141
0.000227297
0.000234778
4.27405e-05
4.21901e-05
4.23692e-05
4.32089e-05
8.98824e-06
9.66915e-06
9.08345e-06
7.51649e-06
7.95743e-05
8.19705e-05
8.03631e-05
7.55096e-05
0.000476161
0.000483659
0.000482977
0.000474401
0.00103887
0.00105257
0.00105459
0.00104391
0.00143653
0.00145404
0.00145832
0.00144726
0.00238087
0.00240535
0.0024154
0.00240621
0.00407536
0.00411294
0.00413426
0.00412919
0.00577649
0.00582667
0.00585991
0.00586046
0.00141009
0.00143104
0.00144067
0.00143428
0.00232551
0.00235665
0.00237639
0.00237529
0.00396463
0.00401481
0.00405387
0.00406326
0.0056074
0.00567634
0.00573565
0.00575721
1.76868e-05
1.73731e-05
1.57746e-05
1.36034e-05
9.35615e-05
9.48968e-05
9.24638e-05
8.73555e-05
0.000472503
0.000480726
0.000482154
0.00047599
0.000999629
0.00101719
0.00102605
0.00102184
0.00136913
0.00139297
0.00140762
0.00140595
0.00224357
0.00228057
0.0023094
0.00231629
0.00380507
0.00386651
0.00392216
0.00394557
0.00536659
0.00545238
0.00553592
0.00557762
0.00131626
0.00134199
0.00136067
0.00136318
0.00213866
0.0021802
0.00221678
0.00223091
0.00360158
0.00367261
0.00374309
0.00377957
0.0050599
0.00516061
0.00526644
0.00532725
0.00473022
0.00467866
0.00464148
0.00463592
0.00366886
0.00362719
0.00359875
0.00359672
0.00246846
0.00243852
0.00242009
0.00242168
0.00169767
0.00167611
0.00166419
0.00166743
0.00134119
0.00132351
0.00131456
0.0013185
0.000774753
0.000763054
0.00075876
0.000763856
0.000260472
0.000255772
0.000255529
0.000259877
5.28509e-05
5.28055e-05
5.39179e-05
5.57487e-05
0.0013523
0.00133869
0.00133538
0.00134392
0.000778497
0.000769131
0.000768095
0.000775879
0.000258343
0.000254349
0.000255072
0.000260207
4.94366e-05
4.94187e-05
5.04487e-05
5.2115e-05
1.12106e-05
1.29225e-05
1.40259e-05
1.41115e-05
6.79058e-05
7.09878e-05
7.07109e-05
6.73219e-05
0.000446936
0.000450426
0.000445097
0.000433614
0.000996572
0.00099892
0.000986841
0.000966234
0.0013873
0.00138801
0.00137115
0.00134491
0.00231866
0.00231324
0.00228518
0.0022479
0.00399477
0.00397816
0.00392984
0.00387277
0.00567985
0.00565084
0.00558197
0.00550587
0.00142264
0.00142774
0.00141582
0.00139265
0.00237624
0.00237833
0.00235914
0.00232786
0.00409231
0.00408894
0.00405675
0.00401104
0.00581806
0.00580814
0.00576281
0.00570355
7.08703e-06
8.48093e-06
8.8437e-06
8.06857e-06
7.12375e-05
7.42246e-05
7.33488e-05
6.90851e-05
0.000467913
0.00047373
0.000470666
0.00046023
0.00103816
0.00104655
0.00104129
0.00102493
0.00144292
0.00145238
0.00144572
0.00142616
0.0024064
0.00241611
0.00240641
0.00238192
0.00413947
0.00414981
0.00413491
0.00410185
0.00588221
0.00589222
0.0058722
0.00583163
0.00144759
0.00146122
0.00146002
0.00144453
0.00240803
0.00242529
0.00242543
0.00240837
0.00413405
0.00415818
0.00416129
0.00414191
0.00586873
0.005899
0.00590545
0.00588503
0.00397286
0.00387722
0.0037754
0.00371458
0.00308087
0.00300464
0.0029251
0.00287908
0.0020764
0.00202297
0.00196934
0.00194028
0.00143455
0.00139675
0.0013603
0.00134205
0.00113815
0.00110766
0.00107922
0.00106597
0.000667885
0.000649021
0.000633356
0.000628095
0.000241756
0.000234894
0.000231154
0.00023226
6.9461e-05
6.90691e-05
7.03893e-05
7.28977e-05
0.00121089
0.00118297
0.00115875
0.00114943
0.000707405
0.000689937
0.000676736
0.000673872
0.00025032
0.000243863
0.000240879
0.000242748
6.49703e-05
6.46718e-05
6.59311e-05
6.82538e-05
3.30278e-05
3.46792e-05
3.69957e-05
3.90368e-05
7.37063e-05
7.61294e-05
7.7071e-05
7.62598e-05
0.000373182
0.000371683
0.000363519
0.000352788
0.000810256
0.000801306
0.0007798
0.000756222
0.0011196
0.00110461
0.00107342
0.0010411
0.00185719
0.00182621
0.00177188
0.00172012
0.00318169
0.00312151
0.00302536
0.00293883
0.00450834
0.00441792
0.00427956
0.00415874
0.00120235
0.00119083
0.00116228
0.00113054
0.0020018
0.00197629
0.00192692
0.00187728
0.00343855
0.00338744
0.00330037
0.00321864
0.00487941
0.00480156
0.00467634
0.00456305
2.00956e-05
2.18501e-05
2.35761e-05
2.46005e-05
6.87733e-05
7.16164e-05
7.19212e-05
6.9698e-05
0.000414327
0.000415267
0.000408167
0.000396592
0.000917962
0.000914328
0.000896682
0.000873643
0.00127569
0.00126799
0.00124275
0.0012122
0.0021289
0.00210954
0.00206627
0.00201975
0.00366325
0.00362256
0.00354659
0.00347142
0.0052036
0.00514036
0.00503127
0.00492802
0.00133788
0.00133428
0.00131295
0.00128424
0.00223543
0.00222281
0.00218667
0.00214429
0.00385032
0.00382118
0.00375819
0.00369127
0.00547287
0.00542599
0.00533576
0.00524495
0.00257775
0.00246519
0.00233205
0.00224012
0.00199197
0.00190334
0.00179978
0.00172932
0.00134197
0.00128104
0.00121155
0.00116569
0.000934132
0.00089163
0.000844549
0.000814698
0.000747073
0.000713172
0.00067646
0.000653936
0.000451959
0.000431656
0.000411296
0.000400273
0.000190198
0.000183077
0.000177947
0.000177172
8.93883e-05
8.85453e-05
8.99808e-05
9.30913e-05
0.000854625
0.000820354
0.000784089
0.000762613
0.00051149
0.000490829
0.000470692
0.000460361
0.000204712
0.000197451
0.000192402
0.000191888
8.42411e-05
8.35614e-05
8.50523e-05
8.80938e-05
6.82148e-05
6.90881e-05
7.19313e-05
7.55274e-05
9.36625e-05
9.44416e-05
9.58825e-05
9.74571e-05
0.000278665
0.000272905
0.000263989
0.000256328
0.000546255
0.000529962
0.000505857
0.00048557
0.000731781
0.000707597
0.000672492
0.000643291
0.00117203
0.00112835
0.00106691
0.00101687
0.00196022
0.00188146
0.0017731
0.00168635
0.00274497
0.00263083
0.00247578
0.00235295
0.000833487
0.000810769
0.000775614
0.000744918
0.00135195
0.00130982
0.00124809
0.0011961
0.00228054
0.0022033
0.002094
0.00200433
0.00320645
0.00309358
0.00293672
0.00280993
4.95319e-05
5.09421e-05
5.37357e-05
5.67419e-05
8.25677e-05
8.43619e-05
8.5816e-05
8.64172e-05
0.000327182
0.000323453
0.000314792
0.000305531
0.000683199
0.000669937
0.000646318
0.000623809
0.000933295
0.000912647
0.000878139
0.000846395
0.00152869
0.00148928
0.00142869
0.00137576
0.0025959
0.00252242
0.00241496
0.00232439
0.00366172
0.00355344
0.00339894
0.00327123
0.00102929
0.00101124
0.000978059
0.000945759
0.00169833
0.00166268
0.00160459
0.00155173
0.00289864
0.00283093
0.00272792
0.00263842
0.00409923
0.00399855
0.00385032
0.00372464
0.00108417
0.000999654
0.00089672
0.00082327
0.000836862
0.000771307
0.000692282
0.00063654
0.000571752
0.000527452
0.000475216
0.00043931
0.000413229
0.00038247
0.000347274
0.000323974
0.000341204
0.000316681
0.000289229
0.000271578
0.000227181
0.000212309
0.000196796
0.000187812
0.000132058
0.000125871
0.000120985
0.000119639
0.000101651
9.89646e-05
9.8236e-05
9.97925e-05
0.000432434
0.000404634
0.00037353
0.000353545
0.000277996
0.000261361
0.000244026
0.000234007
0.000146352
0.000139983
0.000135101
0.000133952
0.000101097
9.90882e-05
9.92657e-05
0.000101561
9.5221e-05
9.33033e-05
9.33534e-05
9.53519e-05
0.000103942
0.000101239
9.98931e-05
0.000100559
0.000175466
0.000166986
0.000157846
0.000152381
0.000278906
0.000262078
0.000242053
0.00022829
0.000346725
0.000324048
0.000296435
0.000276913
0.000505705
0.00046916
0.000423583
0.000390419
0.000794676
0.000733641
0.000656669
0.000599915
0.00108301
0.000997888
0.000890278
0.00081069
0.000435474
0.000411242
0.000380681
0.000358277
0.000655615
0.000615293
0.00056369
0.000525149
0.00105233
0.000983496
0.000894989
0.000828456
0.00144698
0.00134995
0.00122526
0.00113153
8.5475e-05
8.52717e-05
8.72871e-05
9.06483e-05
0.000102779
0.000102017
0.000102535
0.000104191
0.000228099
0.000220638
0.000211516
0.000205165
0.000408333
0.000390708
0.000367762
0.000350464
0.000530669
0.000505671
0.000472854
0.000447838
0.000819483
0.000776668
0.000720315
0.000677069
0.00133772
0.00126317
0.00116533
0.00109032
0.00185283
0.0017467
0.001608
0.00150199
0.000630153
0.000605185
0.000570852
0.000543557
0.000993089
0.00094916
0.000889506
0.000842391
0.00164313
0.00156524
0.00146072
0.00137888
0.00228957
0.00217766
0.0020287
0.00191286
0.000186203
0.000157274
0.000123321
0.000100178
0.000149882
0.000127202
0.000100896
8.32001e-05
0.000115682
9.95223e-05
8.12494e-05
6.93157e-05
9.97503e-05
8.72761e-05
7.3599e-05
6.50046e-05
9.23301e-05
8.15627e-05
6.99401e-05
6.27808e-05
7.82789e-05
7.02144e-05
6.18654e-05
5.70121e-05
6.9455e-05
6.34695e-05
5.76629e-05
5.46175e-05
7.0158e-05
6.46371e-05
5.94251e-05
5.68201e-05
0.000136667
0.000122761
0.000107559
9.80636e-05
0.00010759
9.79917e-05
8.8072e-05
8.23605e-05
8.65157e-05
8.04409e-05
7.48574e-05
7.22649e-05
8.35794e-05
7.85596e-05
7.42919e-05
7.26591e-05
6.93755e-05
6.39771e-05
5.89011e-05
5.63819e-05
6.64834e-05
6.0971e-05
5.57076e-05
5.30219e-05
7.25334e-05
6.53647e-05
5.80515e-05
5.38893e-05
8.48036e-05
7.51718e-05
6.48656e-05
5.85874e-05
9.07997e-05
7.96502e-05
6.75063e-05
5.99374e-05
0.000104352
8.97566e-05
7.33164e-05
6.26305e-05
0.000136577
0.000115501
9.11169e-05
7.47667e-05
0.000172541
0.000144975
0.00011272
9.08192e-05
0.000137671
0.00012327
0.000107183
9.68584e-05
0.000172006
0.000151741
0.000128272
0.000112516
0.000241633
0.000210799
0.000174187
0.000148883
0.000314599
0.000273359
0.000223914
0.000189367
9.08309e-05
8.68961e-05
8.41979e-05
8.39238e-05
9.20766e-05
8.75381e-05
8.39226e-05
8.2858e-05
0.000122307
0.000113884
0.000105263
0.000100428
0.000168227
0.000154325
0.000138797
0.000128869
0.000196375
0.000178799
0.000158639
0.000145296
0.000261715
0.000235587
0.000204552
0.000183116
0.000386159
0.000344862
0.000294751
0.000259273
0.000512951
0.000456792
0.000388136
0.000339112
0.000266454
0.000246046
0.000221961
0.000205502
0.000373466
0.000341765
0.000303187
0.000275828
0.00057114
0.000519509
0.00045562
0.000409427
0.00076975
0.000698583
0.000610072
0.0005457
7.60901e-07
4.77053e-07
2.9033e-07
2.82836e-07
1.05713e-06
6.62152e-07
3.14643e-07
2.43336e-07
2.21038e-06
1.43482e-06
7.71886e-07
6.44039e-07
3.74471e-06
2.35948e-06
1.34198e-06
1.2094e-06
4.39379e-06
2.79614e-06
1.37396e-06
9.42778e-07
5.21214e-06
3.2342e-06
1.40731e-06
6.87857e-07
6.44363e-06
3.97013e-06
1.64499e-06
5.92645e-07
7.48771e-06
4.67387e-06
2.00059e-06
7.18139e-07
1.54012e-05
1.16626e-05
7.88317e-06
5.71823e-06
1.64919e-05
1.27879e-05
9.01739e-06
6.82456e-06
1.84139e-05
1.45895e-05
1.06722e-05
8.3631e-06
2.02621e-05
1.62095e-05
1.20441e-05
9.57327e-06
7.5082e-06
4.6925e-06
2.02095e-06
7.37323e-07
6.47423e-06
3.99202e-06
1.67532e-06
6.32429e-07
5.2557e-06
3.26224e-06
1.45153e-06
7.53507e-07
4.44409e-06
2.82668e-06
1.42759e-06
1.02658e-06
3.79448e-06
2.39796e-06
1.41356e-06
1.31873e-06
2.131e-06
1.38667e-06
7.83382e-07
6.97099e-07
8.76879e-07
5.52496e-07
2.81811e-07
2.50862e-07
5.47473e-07
3.49673e-07
2.43161e-07
2.7189e-07
1.35793e-05
1.01926e-05
6.79101e-06
4.86683e-06
1.02238e-05
7.35937e-06
4.48722e-06
2.88283e-06
7.47787e-06
5.00457e-06
2.57405e-06
1.28235e-06
6.54549e-06
4.21741e-06
1.99724e-06
8.95749e-07
3.62675e-05
3.11365e-05
2.58272e-05
2.26666e-05
3.33827e-05
2.85167e-05
2.34951e-05
2.05179e-05
3.14719e-05
2.65032e-05
2.13517e-05
1.82886e-05
3.13815e-05
2.60005e-05
2.03811e-05
1.70215e-05
3.02692e-05
2.47881e-05
1.909e-05
1.57183e-05
2.71783e-05
2.1538e-05
1.56121e-05
1.20724e-05
2.67783e-05
2.02502e-05
1.33142e-05
9.14594e-06
2.91441e-05
2.14904e-05
1.332e-05
8.41081e-06
5.53931e-05
4.72995e-05
3.86925e-05
3.34725e-05
5.71257e-05
4.75333e-05
3.70697e-05
3.05253e-05
6.7101e-05
5.43113e-05
4.00164e-05
3.08298e-05
8.05799e-05
6.44345e-05
4.6185e-05
3.43185e-05
