FiniteElementSpace
FiniteElementCollection: H1_2D_P2
VDim: 2
Ordering: 0

0
1.07933
2.14112
3.11692
3.95434
4.63211
5.16793
5.61168
6.02281
0
0.909569
1.76996
2.55533
3.23885
3.81067
4.28628
4.70483
5.11134
0.536335
0.997927
0.46098
0
1.61695
1.9644
1.34712
2.6436
2.84948
2.17396
3.55514
3.6117
2.91096
4.31299
4.23469
3.5384
4.9152
4.73565
4.05849
5.39748
5.16136
4.49969
5.81807
5.56745
4.90741
0.500119
1.48817
2.42014
3.2477
3.94034
4.49803
4.9543
5.36385
0.265534
0.518953
0.250077
0
1.3493
1.55424
1.24439
1.03997
2.39556
2.53419
2.19522
2.05477
3.34071
3.40414
3.05272
2.98577
4.13873
4.12931
3.78043
3.78577
4.77785
4.70857
4.36995
4.43577
5.28512
5.17674
4.84689
4.95322
5.71542
5.59094
5.26278
5.38685
0.807985
0.749591
0.954082
0.686517
0.480445
0.232871
0
1.88124
1.72845
1.86966
1.56063
1.41904
1.12992
2.88432
2.63844
2.70665
2.36769
2.30052
1.97456
3.75977
3.4341
3.43022
3.07845
3.08408
2.73652
4.47733
4.09165
4.02707
3.67781
3.74419
3.39214
5.04494
4.61966
4.51385
4.17456
4.28197
3.93739
5.50601
5.05882
4.93425
4.60291
4.72899
4.3944
5.9204
5.79505
5.4652
5.33953
5.00912
5.13611
4.80612
0.25742
1.29836
2.29756
3.19937
3.9623
4.57608
5.06714
5.48922
0.779959
0.717945
0.2424
1.80669
1.64649
1.18801
2.76383
2.50695
2.08789
3.59969
3.26116
2.89915
4.28701
3.88937
3.59121
4.834
4.40042
4.15775
5.28299
4.83243
4.62308
5.6927
5.23742
5.03525
0.130782
0.261448
0.127499
0
1.21455
1.32425
1.16942
1.06004
2.26911
2.34707
2.17689
2.09843
3.22999
3.27062
3.09365
3.05191
4.04784
4.05109
3.87523
3.87064
4.70609
4.67741
4.50694
4.53443
5.22719
5.17633
5.01078
5.06084
5.66373
5.60229
5.43817
5.49928
0.672116
0.794336
0.649558
0.527945
0.624958
0.733881
0.599297
0.490409
0.124983
0.246323
0.122309
0
1.7496
1.84443
1.68095
1.58604
1.6088
1.68794
1.53325
1.45397
1.12144
1.21647
1.07136
0.976179
2.76495
2.82463
2.64993
2.58942
2.53016
2.57355
2.40454
2.3611
2.0805
2.14223
1.97943
1.91761
3.65873
3.68032
3.50309
3.48023
3.34198
3.34868
3.17361
3.16691
2.9521
2.97691
2.80382
2.77899
4.39641
4.3827
4.20931
4.22171
4.01705
3.99151
3.81773
3.8433
3.69717
3.68687
3.51172
3.52202
4.98098
4.9398
4.77212
4.81228
4.5596
4.51075
4.34187
4.3908
4.30326
4.26472
4.09325
4.13182
5.45216
5.39457
5.23022
5.28724
5.00687
4.94596
4.78096
4.84207
4.79181
4.73551
4.56893
4.62537
5.86922
5.80649
5.64178
5.70445
5.41446
5.35137
5.18668
5.25009
5.21216
5.14919
4.98481
5.04806
0.400821
0.388177
0.509626
0.375134
0.253787
0
1.4835
1.42667
1.52161
1.36666
1.27172
1.01923
2.52047
2.4167
2.47779
2.30846
2.24697
2.01011
3.44916
3.30289
3.3267
3.15126
3.1268
2.91834
4.22715
4.04699
4.03559
3.86148
3.87215
3.69953
4.84755
4.64326
4.60388
4.43484
4.47366
4.33592
5.34184
5.12242
5.06581
4.90102
4.95738
4.84487
5.76682
5.54012
5.47744
5.31332
5.37609
5.27425
0.943775
0.91012
0.873944
0.764983
0.836244
0.93184
0.798348
0.702106
0.574065
0.470528
0.361507
0.347211
0.237812
0.118111
0
2.01182
1.93134
1.84702
1.76803
1.75865
1.82048
1.66584
1.60407
1.45435
1.38342
1.30393
1.23894
1.15914
1.0201
3.00171
2.87581
2.7449
2.70181
2.60767
2.6322
2.46227
2.43842
2.27154
2.23821
2.19493
2.07492
2.03205
1.87286
3.85836
3.69393
3.524
3.51768
3.34669
3.33595
3.15951
3.1712
2.99556
2.99888
2.99258
2.82457
2.81913
2.64673
4.55591
4.36248
4.16418
4.19007
3.95913
3.92012
3.74502
3.78492
3.60892
3.64267
3.66869
3.46612
3.49308
3.31636
5.10723
4.89433
4.67831
4.72734
4.45771
4.40088
4.23091
4.28843
4.1171
4.17129
4.22062
3.9986
4.04873
3.87476
5.55914
5.33516
5.11028
5.17112
4.88349
4.81986
4.65398
4.71811
4.5515
4.6149
4.6764
4.44735
4.50943
4.34074
5.97156
5.90885
5.74377
5.68127
5.51618
5.57895
5.45355
5.28837
5.22545
5.06017
5.12333
4.95818
5.02188
5.08566
4.85672
4.9209
4.7555
0.128847
1.19239
2.22349
3.16239
3.96211
4.60699
5.11922
5.55094
0.661177
0.612235
0.123715
1.71573
1.57145
1.09662
2.70798
2.46816
2.03059
3.5815
3.25883
2.87891
4.3034
3.91841
3.6055
4.87691
4.45149
4.19916
5.34129
4.8943
4.68094
5.75544
5.30065
5.0987
0.394715
0.381688
0.126261
1.45551
1.39704
1.14574
2.4691
2.36319
2.12924
3.37661
3.22784
3.02361
4.13763
3.95501
3.78699
4.74582
4.53966
4.40577
5.2323
5.01204
4.9017
5.65342
5.42679
5.32528
0.927324
0.89228
0.637417
0.855232
0.817236
0.586507
0.368465
0.354242
0.120729
1.97205
1.88967
1.64531
1.80336
1.71283
1.49423
1.33561
1.27169
1.04583
2.93931
2.81105
2.5907
2.67717
2.53613
2.33908
2.25242
2.13583
1.9269
3.77673
3.60976
3.42332
3.4364
3.25452
3.08597
3.07292
2.90991
2.72653
4.4597
4.26405
4.11393
4.06262
3.85337
3.71469
3.76613
3.5688
3.41546
5.00108
4.7868
4.66641
4.56867
4.34519
4.23049
4.32857
4.11072
3.98521
5.44719
5.2229
5.11879
4.99718
4.76912
4.66673
4.78918
4.5625
4.45559
5.8576
5.62998
5.52815
5.40233
5.17431
5.07252
5.19963
4.97136
4.87043
0
0.088628
0.384029
0.905493
1.61889
2.46433
3.37654
4.30419
5.22174
1
1.07479
1.31189
1.73107
2.31478
3.03188
3.84676
4.72501
5.63317
0.0253302
0.559596
1.02416
0.5
0.207445
0.825359
1.17028
0.617807
1.29865
1.49938
1.24157
1.95235
2.0041
2.02931
2.73921
2.65887
2.91581
3.60731
3.4293
3.84071
4.51324
4.28005
4.76462
5.4273
5.17748
0.503768
0.666043
1.0371
1.60561
2.33245
3.16612
4.05772
4.97059
0.0130907
0.260154
0.493624
0.25
0.140894
0.431943
0.606277
0.319419
0.493915
0.822802
0.924795
0.599907
1.0679
1.41949
1.44678
1.09765
1.82049
2.17752
2.13865
1.78188
2.68849
3.03839
2.95053
2.5988
3.60849
3.94749
3.83164
3.48975
4.53487
4.86694
4.74186
4.4075
0.0502842
0.525647
0.810675
1.04403
0.758224
1.01444
0.75
0.288484
0.739065
1.06192
1.2353
0.911364
1.11681
0.755211
1.16189
1.50933
1.60985
1.26198
1.39997
1.42557
1.7744
2.13003
2.15499
1.80027
1.86263
2.24427
2.53291
2.8841
2.84204
2.49321
2.48293
3.14542
3.38527
3.72709
3.63579
3.29713
3.22781
4.07273
4.28507
4.61971
4.50133
4.16933
4.06168
4.99348
5.32426
5.19916
5.53048
5.40519
5.07452
4.95057
0.248808
0.368824
0.704621
1.25307
1.97602
2.81674
3.71811
4.63742
0.283363
0.778609
0.748366
0.508965
0.980387
0.85484
0.954004
1.37995
1.15587
1.59606
1.96062
1.64963
2.38543
2.68554
2.3078
3.26297
3.5103
3.08818
4.17742
4.39375
3.94695
5.09589
5.30256
4.84678
0.00834114
0.13001
0.247952
0.125
0.112945
0.253747
0.342421
0.202926
0.437142
0.598153
0.650553
0.490845
0.985188
1.15944
1.17393
1.00051
1.71869
1.89733
1.87797
1.69943
2.57595
2.75182
2.70725
2.53073
3.49244
3.66268
3.60377
3.43248
4.41965
4.58583
4.52249
4.35544
0.0361396
0.165745
0.270191
0.141771
0.513244
0.650701
0.767008
0.629569
0.494529
0.619671
0.747745
0.625
0.246094
0.3976
0.468705
0.318573
0.700899
0.858198
0.944323
0.787175
0.581323
0.729048
0.831238
0.683661
0.684806
0.853521
0.886804
0.719201
1.09797
1.26956
1.31952
1.14812
0.873455
1.03885
1.10737
0.942131
1.3323
1.50982
1.50656
1.32951
1.68881
1.86651
1.87928
1.70184
1.37134
1.54701
1.57816
1.40271
2.13606
2.31398
2.28073
2.10252
2.4319
2.60866
2.58856
2.41215
2.04451
2.22244
2.21792
2.0403
3.03037
3.20348
3.15036
2.97634
3.2753
3.44757
3.40322
3.23134
2.84429
3.01898
2.9855
2.81118
3.95677
4.12458
4.06241
3.89354
4.17127
4.3394
4.28132
4.11349
3.71922
3.88921
3.83667
3.66706
4.87916
5.04455
4.98149
4.81556
5.08491
5.25091
5.18852
5.0226
4.62752
4.79436
4.73314
4.5665
0.0176204
0.253075
0.380719
0.497233
0.370037
0.375
0.172314
0.398648
0.547706
0.634516
0.486275
0.438251
0.554085
0.762048
0.928722
0.979368
0.813449
0.711354
1.15334
1.33495
1.51151
1.52491
1.34883
1.197
1.92404
2.07591
2.2542
2.23467
2.05648
1.8662
2.8018
2.92715
3.10172
3.05784
2.88304
2.66835
3.7246
3.8327
4.0023
3.94449
3.77452
3.54811
4.64987
4.75224
4.91866
4.85623
4.68949
4.46017
0.0676986
0.299746
0.541062
0.403269
0.793164
0.940935
1.05806
0.909619
1.03281
0.889748
0.752096
1.01809
0.880146
1.00965
0.875
0.334395
0.552696
0.780564
0.622727
1.01961
1.18505
1.27219
1.10596
1.20138
1.03894
0.881558
1.14215
0.98397
1.09442
0.82874
1.02431
1.22881
1.05675
1.44325
1.6187
1.66918
1.49328
1.55329
1.37896
1.20743
1.44832
1.27612
1.35455
1.5211
1.68787
1.86228
1.68425
2.04425
2.22152
2.23383
2.05675
2.07843
1.90097
1.7237
1.93219
1.75477
1.79562
2.35371
2.49149
2.63538
2.45845
2.78409
2.95773
2.93617
2.76339
2.7496
2.57547
2.3996
2.56998
2.39464
2.39786
3.26083
3.37613
3.49597
3.32364
3.61828
3.78709
3.74075
3.57313
3.53196
3.3632
3.19209
3.3279
3.15787
3.12913
4.18855
4.29246
4.39908
4.23099
4.50656
4.67263
4.61291
4.44781
4.39036
4.22495
4.05786
4.17047
4.00454
3.95376
5.10766
5.27291
5.21012
5.37571
5.3133
5.14745
5.47892
5.41657
5.58195
5.51918
5.35402
5.29128
5.1262
4.96059
5.0639
4.89892
4.8376
0.127156
0.226585
0.542737
1.07851
1.79739
2.64079
3.54747
4.47071
0.152137
0.638702
0.620256
0.356285
0.82108
0.704786
0.784718
1.20735
0.988916
1.41843
1.783
1.47351
2.20752
2.50961
2.13038
3.08963
3.33901
2.91447
4.00907
4.22627
3.77783
4.93015
5.13676
4.68036
0.134455
0.373905
0.37044
0.284372
0.515301
0.460607
0.656965
0.869464
0.760735
1.24312
1.42886
1.27151
1.99906
2.15447
1.96035
2.8637
2.99193
2.77515
3.77806
3.88827
3.66111
4.70079
4.80411
4.57483
0.182642
0.419159
0.390481
0.665661
0.92385
0.898316
0.623232
0.883805
0.877327
0.44243
0.665347
0.583515
0.898565
1.14402
1.07096
0.756515
1.00997
0.960993
0.925455
1.12539
0.991176
1.33471
1.55465
1.43473
1.09195
1.32611
1.22912
1.60351
1.77413
1.59667
1.95232
2.13806
1.97772
1.62316
1.82666
1.68545
2.42175
2.56275
2.35556
2.70922
2.8598
2.66859
2.3164
2.48414
2.30708
3.31778
3.4356
3.21232
3.55695
3.67964
3.46763
3.12463
3.25993
3.05712
4.24006
4.34554
4.11656
4.45283
4.56001
4.33611
4.00111
4.11441
3.89541
5.15878
5.26165
5.03311
5.36498
5.468
5.24007
4.90845
5.01247
4.78563
