FiniteElementSpace
FiniteElementCollection: H1_2D_P2
VDim: 2
Ordering: 0

0
-0.00413612
0.000323244
0.00811596
0.0110563
0.0141851
0.0266764
0.0491481
0.0752716
0
0.00611211
0.0101687
0.0122402
0.012863
0.0170868
0.03044
0.0528563
0.0784597
-0.00287001
0.000535215
0.00338042
0
-0.00297738
0.0049871
0.0083424
0.00453093
0.0103923
0.011505
0.0101976
0.0117498
0.012516
0.0119004
0.0146949
0.0141008
0.0189818
0.0275593
0.0224562
0.0369842
0.0505623
0.0407956
0.0622098
0.076828
0.065696
1.29324e-06
0.0022091
0.00806177
0.0114754
0.0123821
0.0196441
0.038132
0.0637973
-0.00147823
-0.00122699
-1.40729e-05
0
-0.00386747
-0.000283091
0.0012115
-0.00166014
0.00241391
0.00631548
0.00655638
0.00271551
0.00935512
0.010774
0.0110847
0.00923328
0.0113863
0.0119727
0.011935
0.0112912
0.0162282
0.019061
0.0168036
0.0142186
0.0315429
0.0373639
0.0325544
0.0268736
0.0556267
0.0629688
0.057147
0.0497401
-0.00378092
0.000155291
0.00292511
0.00481801
0.00135467
0.0017495
0
-0.00153536
0.00349619
0.00737196
0.00930764
0.00489829
0.00727992
0.00648113
0.00937187
0.0114828
0.0119476
0.00980578
0.0109078
0.010719
0.0116517
0.0123164
0.0126336
0.0121464
0.0124114
0.0127813
0.0132557
0.0156143
0.0153277
0.013082
0.0133145
0.0224707
0.0232365
0.0287274
0.0261254
0.0207397
0.0194483
0.0428927
0.0441781
0.0516088
0.0466673
0.0392721
0.0353545
0.0687885
0.0760438
0.0703929
0.0776491
0.0721172
0.0647183
0.0592401
-0.000508246
-0.00120731
0.00452477
0.0101788
0.011521
0.0162752
0.0318246
0.0563139
-0.00165052
0.00212637
0.000538961
0.00106133
0.00609488
0.00383753
0.00792554
0.0107721
0.00864233
0.0110994
0.0122331
0.0119269
0.0128219
0.014064
0.0125476
0.0226001
0.0243822
0.017822
0.0433786
0.0452771
0.0337192
0.0695835
0.0712469
0.0581334
-0.000603555
-0.000897922
-0.000177092
0
-0.00408263
-0.00248233
-0.00149369
-0.00283615
0.00135448
0.0034879
0.00361144
0.00154802
0.00879148
0.00975058
0.00975245
0.0086656
0.0112079
0.0114127
0.0113895
0.0111388
0.015115
0.0161887
0.0151588
0.0141433
0.029029
0.0316248
0.0292696
0.026711
0.0523686
0.0559537
0.053009
0.0494152
-0.00338727
-0.00264728
-0.00148692
-0.00197166
5.54138e-05
0.00108774
0.00174489
0.000628494
7.78456e-07
0.00023532
0.000206072
0
-0.0023189
-0.000198684
0.000341937
-0.00158302
0.00282046
0.00475335
0.00548211
0.00350201
0.000833517
0.00246818
0.00336413
0.00167391
0.00554218
0.00720269
0.0071521
0.00543184
0.00874722
0.0100838
0.0103166
0.00893412
0.00577007
0.00758532
0.00801332
0.00615054
0.0104927
0.0108801
0.0109629
0.0104628
0.0115824
0.0119485
0.0121988
0.0118264
0.0107784
0.0115258
0.0117355
0.0109563
0.0122791
0.0127486
0.0123371
0.0118895
0.0127571
0.0136106
0.0135105
0.0126958
0.0118209
0.0122196
0.0124047
0.0120262
0.0206295
0.0224691
0.0207366
0.0189556
0.0213477
0.0237424
0.022472
0.0201237
0.0156618
0.0172471
0.0166334
0.0150953
0.0398868
0.043095
0.0403199
0.0371231
0.0411046
0.0446908
0.0422256
0.0386555
0.0299784
0.0330814
0.0311477
0.0280808
0.0655091
0.0691892
0.0662881
0.0625842
0.067108
0.0708146
0.0679949
0.0642469
0.053838
0.0576221
0.054855
0.0510586
-0.00224027
-0.000887388
-0.000594048
-1.71406e-05
-0.000253264
0
-0.00349875
-0.000802714
0.000966581
0.00167073
7.73049e-06
-0.000553692
0.00348549
0.00543327
0.00719044
0.00732495
0.00554252
0.00385333
0.00982626
0.0105167
0.0111169
0.0113129
0.0106285
0.00981237
0.0116043
0.0117073
0.0121393
0.0121158
0.0116985
0.0114993
0.0175078
0.0175743
0.0192909
0.0181312
0.0164806
0.0144032
0.0341964
0.0345275
0.037701
0.0352775
0.0321353
0.0271571
0.0589146
0.0596391
0.0633717
0.0604715
0.056711
0.0501225
-0.00403565
-0.00171069
0.000311823
-0.000734349
0.00251582
0.00437791
0.00548321
0.0033454
0.00411701
0.00225652
0.000946935
0.00260101
0.00102304
0.000776299
0
-0.000646812
0.0018584
0.00422287
0.00228121
0.00672782
0.0087016
0.00975258
0.0075952
0.00883824
0.0064882
0.00434929
0.0078246
0.00541499
0.0067113
0.00734976
0.00862276
0.00992108
0.00864988
0.0111598
0.0119278
0.0121099
0.0114073
0.0117444
0.0106704
0.00924228
0.0112243
0.00974914
0.0105546
0.0108998
0.0112016
0.0117007
0.0113618
0.0122665
0.0125985
0.0127289
0.0124702
0.0125678
0.01239
0.0120592
0.0124671
0.0122389
0.012337
0.0134035
0.0134435
0.0138983
0.0129924
0.0147634
0.0162683
0.0161379
0.0146276
0.0146554
0.0135442
0.0127688
0.0136613
0.0129105
0.0130559
0.0244827
0.0246479
0.0253102
0.0228564
0.0264705
0.0295089
0.0282039
0.0251697
0.0242087
0.0215086
0.0191917
0.0208707
0.018546
0.0181904
0.0459853
0.0465246
0.0473365
0.0437402
0.0484102
0.0522102
0.0497292
0.0459365
0.0436836
0.0399844
0.0364321
0.0380139
0.034474
0.0328255
0.0720512
0.0756612
0.0728387
0.0764304
0.0736354
0.0699832
0.0772359
0.0744654
0.0780604
0.0752993
0.0716852
0.0689178
0.065206
0.0614256
0.0624671
0.0586762
0.0560317
-0.000301971
-0.00272952
0.00250614
0.0092585
0.0112612
0.015077
0.0290881
0.0526658
-0.00236489
0.00084876
8.55167e-05
-0.000945703
0.00410376
0.002042
0.00635033
0.0095385
0.00687007
0.0107015
0.0119019
0.0112771
0.0122589
0.0130907
0.0120986
0.0206177
0.0218419
0.0160847
0.0400575
0.0416234
0.0305038
0.0658974
0.0675436
0.0543241
-0.00148185
-0.000434768
-8.361e-05
-0.00209948
0.000438482
-0.000323031
0.00447234
0.00638088
0.00469261
0.0101513
0.0109094
0.0102636
0.0116125
0.0118779
0.0115801
0.0174775
0.0177924
0.0153541
0.0343071
0.0348518
0.029567
0.0592657
0.06004
0.0533994
-0.00280796
-0.000688665
-0.000699782
0.00135895
0.00386499
0.00281304
0.000421053
0.00166629
0.000370464
0.000639091
0.00304273
0.00158408
0.00543937
0.00815147
0.00703918
0.00295535
0.00594696
0.00489374
0.00798058
0.00927227
0.00795108
0.0105564
0.0116935
0.011063
0.00827695
0.0102283
0.00923612
0.0110188
0.0114338
0.011262
0.0119835
0.0125208
0.012432
0.0117045
0.0123289
0.0121061
0.0133687
0.0136209
0.0125049
0.0142762
0.0153745
0.0140243
0.0124132
0.0131805
0.0127242
0.0245006
0.0249183
0.0209802
0.0258253
0.0272575
0.0232532
0.0185941
0.0199413
0.0173254
0.04622
0.0468971
0.0406696
0.0478415
0.0490408
0.0429122
0.0358036
0.0371669
0.0319177
0.0724482
0.0732328
0.0666901
0.0740468
0.0748859
0.0684573
0.0609343
0.0619405
0.055427
0
-0.0099341
-0.0237208
-0.0296114
-0.0300482
-0.0338501
-0.0410131
-0.0470416
-0.0506323
0
-0.00863644
-0.0199889
-0.0268251
-0.0277453
-0.0258075
-0.0235448
-0.022992
-0.0252359
-0.00393084
-0.00868123
-0.00383878
0
-0.0172318
-0.0223208
-0.0144613
-0.0279121
-0.0286193
-0.024246
-0.0298371
-0.0287792
-0.0278528
-0.0312984
-0.0296938
-0.0269476
-0.0373105
-0.0323042
-0.0245901
-0.0443654
-0.0350255
-0.0229347
-0.0490337
-0.0379321
-0.0238165
-0.00260927
-0.015877
-0.0266568
-0.0289526
-0.0289341
-0.0309103
-0.0336865
-0.0364021
-0.0020278
-0.00305495
-0.000605028
0
-0.0135559
-0.0165391
-0.0122582
-0.00920762
-0.0261496
-0.0273696
-0.0247971
-0.0230637
-0.0298163
-0.0295201
-0.0289192
-0.0292292
-0.030508
-0.0302044
-0.0287853
-0.0295296
-0.0355067
-0.0341064
-0.0302627
-0.0318186
-0.0427608
-0.0389269
-0.0330023
-0.0366019
-0.0481118
-0.042631
-0.0357015
-0.0409196
-0.00664214
-0.00539122
-0.0084418
-0.00602523
-0.0028088
-0.00222111
0
-0.0206956
-0.0192991
-0.0213889
-0.0173348
-0.0152157
-0.0115075
-0.0290311
-0.0279061
-0.0278259
-0.0257477
-0.0256992
-0.022316
-0.0298617
-0.0288647
-0.0280629
-0.0279115
-0.0283186
-0.0275101
-0.0324249
-0.0292411
-0.0276347
-0.0264026
-0.0277413
-0.0274084
-0.0391733
-0.0316005
-0.0280058
-0.0240297
-0.0277434
-0.0251932
-0.0457959
-0.0343582
-0.0291272
-0.0228692
-0.0284356
-0.0231691
-0.0498512
-0.0442559
-0.0371435
-0.0315937
-0.0244778
-0.0301744
-0.0233106
-0.000971646
-0.0128535
-0.0255389
-0.0294898
-0.0297507
-0.0329068
-0.0378013
-0.0418004
-0.00586033
-0.00537392
-0.000876854
-0.0200137
-0.0184749
-0.0117984
-0.02857
-0.0270166
-0.0238213
-0.0294863
-0.0282326
-0.0282215
-0.0309018
-0.0276572
-0.0278838
-0.0353562
-0.027857
-0.0276668
-0.0399661
-0.0287416
-0.028195
-0.0434393
-0.0308425
-0.029603
-0.00116831
-0.00141489
-0.000342183
0
-0.0117192
-0.0131929
-0.0110085
-0.00954997
-0.025024
-0.0258579
-0.0243798
-0.0233999
-0.0297539
-0.0296911
-0.0293992
-0.029453
-0.0302378
-0.0301704
-0.0296132
-0.0298325
-0.034653
-0.0342182
-0.0323448
-0.0328555
-0.0419015
-0.0402513
-0.0372096
-0.0387871
-0.0475971
-0.0449156
-0.0413679
-0.0439375
-0.00519489
-0.00621887
-0.00437536
-0.00345319
-0.0039244
-0.00531614
-0.00401908
-0.00261609
-0.000102046
-0.000647253
-0.000290129
0
-0.0190095
-0.0203564
-0.0183172
-0.016881
-0.0176256
-0.0189086
-0.0168769
-0.0155496
-0.010449
-0.0120095
-0.0100993
-0.00851897
-0.028555
-0.028827
-0.0280448
-0.0276608
-0.0273529
-0.027495
-0.0264233
-0.026218
-0.0236318
-0.0243497
-0.022669
-0.0218892
-0.0298391
-0.0297179
-0.0295014
-0.0297205
-0.028915
-0.0285347
-0.0282914
-0.0286328
-0.0288109
-0.0285804
-0.0280668
-0.0282455
-0.0318192
-0.0316929
-0.0305233
-0.0307877
-0.0290684
-0.0284255
-0.027692
-0.0283112
-0.0287668
-0.0283084
-0.0279714
-0.0283991
-0.038239
-0.0372549
-0.0347287
-0.0357094
-0.0312524
-0.0297308
-0.0277962
-0.0293222
-0.0299664
-0.028953
-0.027645
-0.0286459
-0.0451032
-0.0428391
-0.0394576
-0.041609
-0.0340237
-0.0315647
-0.0285796
-0.0310752
-0.0326549
-0.0306103
-0.0280949
-0.0301626
-0.0494521
-0.0466217
-0.0430361
-0.0457985
-0.0367669
-0.0339997
-0.0304964
-0.0332972
-0.0353615
-0.032664
-0.0293534
-0.0320903
-0.00285445
-0.00191191
-0.00276426
-0.00149497
-0.000716143
0
-0.0154053
-0.0147071
-0.0162053
-0.0140774
-0.0125409
-0.00891498
-0.0271231
-0.0265362
-0.0270368
-0.0258037
-0.0251883
-0.0227071
-0.0298404
-0.0295229
-0.0292572
-0.0289591
-0.0292279
-0.0289492
-0.0308586
-0.0299467
-0.0295769
-0.0288404
-0.0292789
-0.0291687
-0.0363945
-0.0334966
-0.0325051
-0.0305793
-0.031584
-0.0307581
-0.043583
-0.0383746
-0.0362945
-0.0333464
-0.0353914
-0.0344449
-0.0485888
-0.0422203
-0.0395067
-0.0360477
-0.0387387
-0.0379591
-0.00822611
-0.00747995
-0.00698572
-0.0055792
-0.0068596
-0.00847175
-0.00729167
-0.00559748
-0.00487535
-0.00321055
-0.00176024
-0.0029502
-0.00140145
-0.00135591
0
-0.022281
-0.021603
-0.0208693
-0.0196636
-0.0199832
-0.020776
-0.0186956
-0.017965
-0.0159178
-0.0148596
-0.0135138
-0.0129868
-0.0116292
-0.0100545
-0.029386
-0.0289595
-0.0283214
-0.0282631
-0.0274774
-0.027361
-0.0263354
-0.0264502
-0.0250477
-0.0250631
-0.0248288
-0.0233303
-0.0231662
-0.0211961
-0.0299262
-0.0294908
-0.0288151
-0.0291933
-0.028153
-0.0278297
-0.0278535
-0.0280125
-0.0279138
-0.0280517
-0.0282989
-0.0277199
-0.0278652
-0.0272121
-0.0331021
-0.0313353
-0.0294512
-0.030076
-0.0276391
-0.0266809
-0.0261098
-0.0269714
-0.0266841
-0.0272724
-0.0278066
-0.0271916
-0.0275679
-0.0275958
-0.0401001
-0.0359826
-0.0319524
-0.0334726
-0.027927
-0.0258063
-0.0237755
-0.0259603
-0.0243025
-0.0261663
-0.0277005
-0.0248884
-0.0264099
-0.0255011
-0.0464414
-0.040453
-0.0346917
-0.0371488
-0.0289238
-0.0261032
-0.022906
-0.0258527
-0.0228791
-0.0257316
-0.0283081
-0.0230321
-0.025723
-0.023341
-0.0502402
-0.0474281
-0.043844
-0.0410892
-0.0375331
-0.0402845
-0.0347693
-0.0312107
-0.0284149
-0.0248487
-0.0276686
-0.0241307
-0.0270181
-0.0298766
-0.0235412
-0.0264921
-0.0231267
-0.000640369
-0.0113479
-0.0247113
-0.0296112
-0.0299681
-0.0335156
-0.0395305
-0.0444404
-0.00474906
-0.00389175
-0.000132018
-0.0186614
-0.0172642
-0.0102434
-0.0283219
-0.0269255
-0.0231886
-0.0297131
-0.0285945
-0.0284555
-0.0312046
-0.0283548
-0.0283446
-0.0364796
-0.0295231
-0.0287906
-0.0422407
-0.0313163
-0.0303848
-0.0462152
-0.0336394
-0.0323704
-0.00233013
-0.00162778
-0.000171671
-0.015048
-0.0143836
-0.0107069
-0.0268451
-0.0261918
-0.0240233
-0.0297212
-0.0292631
-0.0291291
-0.0304417
-0.0294028
-0.0292026
-0.034952
-0.032036
-0.0311562
-0.0409453
-0.0358492
-0.0349229
-0.045367
-0.0391228
-0.0383517
-0.0078272
-0.00719518
-0.00409296
-0.00686794
-0.00698923
-0.00433632
-0.00152576
-0.00223203
-0.000640755
-0.0219457
-0.0212472
-0.0179738
-0.0204549
-0.0194146
-0.0164388
-0.0137881
-0.0132489
-0.0100303
-0.0292013
-0.0286654
-0.0277231
-0.0279281
-0.026959
-0.0258163
-0.0253572
-0.0241755
-0.0220269
-0.0297523
-0.0291689
-0.0292275
-0.0284656
-0.0279348
-0.0280546
-0.0286325
-0.0279913
-0.0276569
-0.0322444
-0.0303965
-0.029802
-0.0285239
-0.0268248
-0.0271221
-0.0282967
-0.0274229
-0.027706
-0.0380263
-0.0339605
-0.0329861
-0.0299447
-0.0258758
-0.026058
-0.0291318
-0.0262844
-0.0265429
-0.0434045
-0.0375589
-0.0367278
-0.0318223
-0.0259609
-0.0257768
-0.0308404
-0.0257144
-0.0257545
-0.0470235
-0.040683
-0.0398932
-0.0343784
-0.0280326
-0.027329
-0.0329725
-0.0267383
-0.02628
