FiniteElementSpace
FiniteElementCollection: L2_2D_P3
VDim: 1
Ordering: 0

0.000416048
0.000521886
0.00130953
0.00210139
0.000349151
0.000455821
0.00112491
0.00185169
0.000390401
0.000445288
0.000900448
0.00142081
0.000482452
0.000475365
0.000748528
0.00106247
0.00522995
0.0054641
0.00582427
0.006144
0.00401126
0.0041933
0.00447856
0.00473543
0.00267585
0.00279651
0.00299304
0.00317497
0.00185524
0.00193478
0.0020707
0.00220041
0.00877686
0.0088234
0.00897533
0.00916258
0.00684385
0.0068785
0.00700192
0.00715729
0.00465334
0.00467375
0.00476233
0.00487843
0.00324304
0.00325496
0.00331898
0.00340566
0.00908245
0.00889501
0.00873888
0.00868613
0.0071094
0.00695655
0.00683314
0.00679603
0.00486204
0.00475056
0.00466546
0.00464587
0.00340624
0.00332474
0.00326554
0.00325589
0.00636046
0.00609271
0.00579574
0.00560691
0.00495222
0.00473756
0.00450322
0.00435738
0.00336821
0.00321613
0.00305492
0.00295884
0.00236008
0.00225105
0.00213885
0.00207516
0.00299158
0.00279388
0.0025579
0.00239311
0.00230954
0.00215413
0.00197095
0.00184484
0.00156452
0.00145745
0.00133436
0.00125214
0.00110984
0.00103429
0.000950027
0.000895941
0.000820192
0.000734429
0.000630932
0.000557876
0.000635531
0.000569012
0.000489727
0.000434517
0.000445679
0.000400085
0.000347178
0.000311452
0.000340814
0.000307832
0.000270884
0.000246997
7.25795e-05
5.77412e-05
4.09893e-05
3.01178e-05
6.18467e-05
4.9738e-05
3.62333e-05
2.7574e-05
5.49738e-05
4.53868e-05
3.49529e-05
2.84341e-05
5.5489e-05
4.69183e-05
3.78148e-05
3.22862e-05
0.00309989
0.00334723
0.00370888
0.00401709
0.00237491
0.0025544
0.00282285
0.00305592
0.00160383
0.00170894
0.00187461
0.00202424
0.00115057
0.0012097
0.00131125
0.0014083
0.000343306
0.000338109
0.000333653
0.00033221
0.000503021
0.000494338
0.000483122
0.00047472
0.000947456
0.000948121
0.000946473
0.000942866
0.00146878
0.00149204
0.0015184
0.00153419
0.000846983
0.000621464
0.000447726
0.000380317
0.000801861
0.000607296
0.000513772
0.00052402
0.000685982
0.000570493
0.00068653
0.000903042
0.000597544
0.000553994
0.000895334
0.00134496
0.0072772
0.0074411
0.0077303
0.00801131
0.00563825
0.00576592
0.00599747
0.00622624
0.00380275
0.00388732
0.00404972
0.0042153
0.00263951
0.00269549
0.00280997
0.00293028
0.000145425
0.000135295
0.000120922
0.000108632
0.000250722
0.0002427
0.000223702
0.000202241
0.000901161
0.00091481
0.000910015
0.000888147
0.00185238
0.00189936
0.00192445
0.00191424
0.000265357
0.000247932
0.000228369
0.000215338
0.000393785
0.000377974
0.000355103
0.000335379
0.000929844
0.000937502
0.000936503
0.000926252
0.0016575
0.00170265
0.00174309
0.00175797
0.00940392
0.00932242
0.00931214
0.00937786
0.00735712
0.00728914
0.00728276
0.00734095
0.00502579
0.004974
0.00497151
0.00501948
0.00351503
0.00347599
0.00347566
0.00351423
4.02992e-05
4.54284e-05
4.68469e-05
4.40268e-05
9.79709e-05
0.000108839
0.000109007
9.85291e-05
0.000828303
0.000851298
0.000848333
0.000820981
0.00197441
0.00200948
0.00200255
0.00195711
6.55432e-05
6.41423e-05
5.79643e-05
4.97467e-05
0.000142592
0.000144674
0.000134529
0.000116777
0.000858262
0.000877909
0.000872805
0.000844941
0.00195567
0.00199967
0.00200806
0.00197607
0.00796706
0.00771601
0.00746036
0.00731819
0.0062251
0.00602214
0.00581952
0.00571067
0.00424945
0.00410369
0.00396336
0.00389304
0.00297747
0.00287199
0.00277381
0.00272811
0.000111636
0.000118688
0.000126687
0.000132294
0.00017671
0.000190178
0.000199787
0.000201444
0.000807438
0.00081816
0.000810985
0.000790125
0.00177182
0.00176909
0.00173132
0.00167775
6.22786e-05
7.01386e-05
7.64792e-05
7.86776e-05
0.000117789
0.000132749
0.000140251
0.00013711
0.000818424
0.000838483
0.000835554
0.000811654
0.00191518
0.00193379
0.00191139
0.00185965
0.00460507
0.0043598
0.00407472
0.00388185
0.0035696
0.00337484
0.00315155
0.00300298
0.00241914
0.00228313
0.00213123
0.00203354
0.00169953
0.00160292
0.00149814
0.00143348
0.000205859
0.000205345
0.000208495
0.000214007
0.000277721
0.000278098
0.000279188
0.000280722
0.000677475
0.00066411
0.000642481
0.000623262
0.00124397
0.00120663
0.00114982
0.00110107
0.000165822
0.000169659
0.000176335
0.000183051
0.000239638
0.000247412
0.000254211
0.000257222
0.000765987
0.00076414
0.00074968
0.000730167
0.00154222
0.00151902
0.00146868
0.00141618
0.00170648
0.00156619
0.00139669
0.00127676
0.00131544
0.00120614
0.00107568
0.000984594
0.000898277
0.000823637
0.00073676
0.000677857
0.000652802
0.000600008
0.000540528
0.000501817
0.000204438
0.000196408
0.000190875
0.000190299
0.00024043
0.000230119
0.000220874
0.000216939
0.000395948
0.000373766
0.000348525
0.000332036
0.000603492
0.000564775
0.000517973
0.00048507
0.000219787
0.000214975
0.000213592
0.000216291
0.000277205
0.000270988
0.000266037
0.000264741
0.00054678
0.000526241
0.000500559
0.000482005
0.000915339
0.00087301
0.000817616
0.00077554
0.000305666
0.00026304
0.000212496
0.000177583
0.000242099
0.000208796
0.00016983
0.000143304
0.000181658
0.000158067
0.000131249
0.000113586
0.000153312
0.000135127
0.000115175
0.000102595
0.000112816
0.000103682
9.48981e-05
9.03404e-05
0.000115376
0.000105346
9.53593e-05
8.98683e-05
0.000137621
0.000123823
0.000109131
0.000100216
0.00016937
0.000150628
0.00012986
0.000116591
0.000165118
0.000155605
0.000147433
0.000144215
0.000180846
0.000169445
0.000158595
0.000153187
0.000252504
0.000233292
0.000212367
0.000199364
0.000348138
0.000318601
0.000284621
0.000261972
5.64924e-06
3.71683e-06
1.86678e-06
9.46658e-07
6.44865e-06
4.30568e-06
2.18669e-06
1.05646e-06
9.09123e-06
6.47688e-06
3.84304e-06
2.36842e-06
1.24114e-05
9.22439e-06
6.0164e-06
4.19875e-06
2.01938e-05
1.62072e-05
1.21126e-05
9.68605e-06
1.84009e-05
1.46315e-05
1.07749e-05
8.5042e-06
1.64996e-05
1.28438e-05
9.13021e-06
6.97538e-06
1.53864e-05
1.1695e-05
7.97535e-06
5.85391e-06
6.03391e-05
5.31564e-05
4.57728e-05
4.14398e-05
5.81094e-05
5.08875e-05
4.34271e-05
3.90246e-05
5.98613e-05
5.16823e-05
4.30669e-05
3.78645e-05
6.47039e-05
5.50958e-05
4.47966e-05
3.8454e-05
0.00202669
0.00225854
0.00261701
0.00292889
0.0017116
0.00184797
0.00206342
0.00225566
0.00129627
0.00135297
0.0014516
0.00154573
0.000998803
0.00102528
0.00107612
0.00112783
0.000804133
0.000835011
0.000885499
0.000931843
0.000525272
0.000540632
0.000570326
0.000600826
0.000313851
0.000317257
0.000329626
0.000345595
0.000282875
0.000285333
0.000295581
0.000309212
0.000552881
0.000489065
0.000641762
0.000864501
0.000686071
0.000543461
0.000524681
0.000593681
0.000807138
0.000601007
0.000444893
0.000387398
0.000849097
0.000628103
0.000442548
0.000357927
0.00629252
0.00649966
0.00683506
0.00714382
0.00485362
0.00501493
0.00528188
0.00553141
0.00325696
0.00336407
0.0035495
0.00372797
0.002258
0.00232889
0.00245827
0.00258659
0.00180081
0.00185456
0.00195723
0.00206159
0.00107646
0.00110121
0.00115955
0.00122494
0.000448153
0.000446147
0.000459121
0.000481355
0.000231335
0.000218656
0.00020804
0.000204245
0.00148366
0.00154372
0.0016507
0.00175538
0.000900574
0.000928571
0.000988194
0.00105228
0.000415609
0.000413514
0.000425342
0.000445895
0.000272659
0.000257745
0.000245228
0.000240775
0.00921018
0.00919178
0.00926301
0.00939105
0.0071963
0.00717897
0.00723794
0.0073461
0.00490668
0.0048906
0.00493414
0.00501733
0.00342634
0.00341261
0.00344496
0.00350852
0.00273673
0.00272379
0.00275054
0.00280471
0.00162058
0.00160712
0.00162414
0.00166392
0.000583266
0.000573886
0.000580277
0.000599623
0.000145633
0.000143648
0.000143862
0.000146215
0.0025877
0.00259529
0.00264732
0.00271992
0.00153016
0.00152881
0.00156045
0.00161071
0.000555412
0.000549127
0.000559102
0.000580932
0.000152863
0.000148854
0.000146814
0.000147668
0.00860728
0.00838211
0.00816924
0.00806696
0.00673313
0.00655036
0.00638163
0.00630472
0.00460192
0.00446973
0.00435286
0.00430507
0.00322463
0.00312853
0.00304681
0.00301707
0.00258252
0.00250338
0.00243822
0.00241703
0.00154387
0.00149169
0.00145398
0.00144789
0.000581287
0.000560538
0.000550419
0.000555459
0.000177898
0.000177786
0.000181466
0.000187407
0.00272683
0.00265935
0.00261233
0.0026074
0.00162584
0.00158024
0.00155335
0.00155742
0.000600026
0.00058125
0.000574631
0.000583137
0.000164383
0.000164561
0.000168094
0.000173509
0.00548116
0.00522054
0.0049237
0.004728
0.00425833
0.00405037
0.00381692
0.00366586
0.0028906
0.00274431
0.00258456
0.002485
0.00202696
0.00192258
0.00181187
0.00174585
0.00162829
0.00154363
0.00145584
0.00140533
0.000993225
0.000940308
0.000889633
0.000864327
0.000432482
0.000411963
0.00039692
0.000394095
0.000226542
0.000222948
0.000224061
0.000229442
0.00189323
0.00180448
0.00171528
0.00166667
0.00114606
0.00109006
0.0010384
0.00101464
0.000475597
0.000454036
0.000439002
0.000437231
0.000217631
0.00021512
0.000217286
0.000223242
0.00230096
0.00213162
0.00192792
0.00178445
0.00177414
0.00164166
0.00148423
0.00137486
0.00120482
0.00111403
0.00100881
0.000937828
0.000862962
0.000798931
0.00072701
0.000680397
0.000707378
0.000655758
0.000599061
0.000563407
0.000463416
0.000431235
0.000398277
0.000379609
0.000268176
0.000253428
0.000241267
0.000237142
0.000218561
0.000210553
0.000205854
0.000206539
0.0009022
0.000841329
0.000774928
0.000733587
0.00057582
0.000538139
0.000499853
0.000478466
0.000306422
0.000290276
0.000277299
0.000273312
0.000228007
0.000220992
0.000217826
0.000219913
0.00052107
0.000458651
0.000383797
0.000331371
0.000406894
0.000358413
0.000301015
0.000261375
0.00029296
0.000259361
0.000220676
0.000194803
0.000233541
0.000208628
0.00018096
0.000163257
0.00020651
0.0001856
0.000162868
0.000148724
0.000162196
0.000147432
0.000132267
0.000123567
0.000134643
0.000124446
0.000114931
0.000110317
0.000137592
0.000128136
0.000119571
0.000115668
0.000293304
0.000266123
0.000236354
0.000217668
0.000217535
0.000199259
0.000180468
0.000169707
0.000165391
0.000154141
0.00014399
0.000139455
0.000162706
0.000153136
0.000145021
0.000141935
2.54959e-05
1.87796e-05
1.15971e-05
7.27424e-06
2.39004e-05
1.7999e-05
1.17151e-05
7.92719e-06
2.52352e-05
1.98694e-05
1.42147e-05
1.08195e-05
2.90398e-05
2.3576e-05
1.78798e-05
1.44903e-05
3.04036e-05
2.49617e-05
1.92621e-05
1.58363e-05
3.12248e-05
2.60405e-05
2.06424e-05
1.74103e-05
3.40517e-05
2.87899e-05
2.3335e-05
2.00768e-05
3.76454e-05
3.19823e-05
2.6103e-05
2.25827e-05
5.53624e-05
4.73121e-05
3.88015e-05
3.36506e-05
5.31348e-05
4.60583e-05
3.87094e-05
3.43523e-05
5.48e-05
4.811e-05
4.1263e-05
3.72719e-05
5.97524e-05
5.26567e-05
4.53784e-05
4.11197e-05
0.00416451
0.00440524
0.00476421
0.00507544
0.0031712
0.00335769
0.00364048
0.00388904
0.0021019
0.0022246
0.00241749
0.00259173
0.00146162
0.00154159
0.00167347
0.00179654
0.00117816
0.00123729
0.0013394
0.00143757
0.000734398
0.000761622
0.000817283
0.00087603
0.000385987
0.000384018
0.000394572
0.00041308
0.000311028
0.000296694
0.00028509
0.000281671
0.0009473
0.000988143
0.00106266
0.00113663
0.000610797
0.000628676
0.000668023
0.000711063
0.000353042
0.000353891
0.000364602
0.000380714
0.000315611
0.000311655
0.000311166
0.000314864
0.000325179
0.000307366
0.000288839
0.000277917
0.000465052
0.00044756
0.000425375
0.000408485
0.000938726
0.000942268
0.000941753
0.000936447
0.00154359
0.00158291
0.00162474
0.00164768
0.00192687
0.00199579
0.0020732
0.00212079
0.0028348
0.00297034
0.00313204
0.00324218
0.00449925
0.00476396
0.0050918
0.00532671
0.00620151
0.00660371
0.00711195
0.00748494
0.00176999
0.00181242
0.00186619
0.00190409
0.00242183
0.00253177
0.0026731
0.00277779
0.00352854
0.00378256
0.00411568
0.00436931
0.00459215
0.00500846
0.00556244
0.00599161
0.000304919
0.000309261
0.000322013
0.000337454
0.000444443
0.000459332
0.000482659
0.000503665
0.000832708
0.000869858
0.000919882
0.000958879
0.00130014
0.00135464
0.00142868
0.00148519
0.00160595
0.00165972
0.00172823
0.00178152
0.00210037
0.00218058
0.00229194
0.00238172
0.00267459
0.00287257
0.00315159
0.00337818
0.00301721
0.00337454
0.00389608
0.00432562
0.000550743
0.00054842
0.00105015
0.00164995
0.000540908
0.000605331
0.00139019
0.00235397
0.000918945
0.000822858
0.00184185
0.00308022
0.00172771
0.00115861
0.00218815
0.00334192
0.00812143
0.00823028
0.00845664
0.00869608
0.00631505
0.0063993
0.0065817
0.00677826
0.00427809
0.00433296
0.00446222
0.00460649
0.00297515
0.00301096
0.00310311
0.00320922
0.00237189
0.00239843
0.00247266
0.00256048
0.00140267
0.00141231
0.00145633
0.00151473
0.000520957
0.000517059
0.000529426
0.000552596
0.000169441
0.000162796
0.000158005
0.000157209
0.00210358
0.00214589
0.0022374
0.00233605
0.00124767
0.00126622
0.00131932
0.00138284
0.000483971
0.000481491
0.000494816
0.000518065
0.000195888
0.000186216
0.000178421
0.000175985
9.89705e-05
9.32921e-05
8.28936e-05
7.23515e-05
0.000190038
0.000186962
0.000171906
0.000151654
0.000879774
0.000896468
0.000890955
0.00086515
0.00191555
0.00196159
0.00197811
0.00195606
0.00265964
0.00272663
0.00276195
0.00274739
0.0044508
0.00455945
0.00464138
0.00465669
0.00786131
0.00805624
0.00823429
0.00830998
0.0114739
0.0117609
0.012047
0.0121951
0.00252465
0.00259619
0.00264622
0.00264925
0.00413632
0.00426031
0.00437191
0.00441695
0.00718357
0.00741344
0.00764994
0.00777972
0.0103909
0.010734
0.0111092
0.0113371
0.000202329
0.00018808
0.000170465
0.000157257
0.000320174
0.000307844
0.000286245
0.000265019
0.000918371
0.000929141
0.000926163
0.00090982
0.00176521
0.00181214
0.00184573
0.00184841
0.00235077
0.00242489
0.00248838
0.00250928
0.00374745
0.00388215
0.00401901
0.00409184
0.00636814
0.00662192
0.00690449
0.00708071
0.00910687
0.00948706
0.00992883
0.0102215
0.00214505
0.00221918
0.00229324
0.00233033
0.00330238
0.00344215
0.0035976
0.00369379
0.00545693
0.00572284
0.00603681
0.00624906
0.00769157
0.00809008
0.00857464
0.00891474
0.00935678
0.00921791
0.0091304
0.00913465
0.00732455
0.00721054
0.00714215
0.0071509
0.00500847
0.00492422
0.00487793
0.00489088
0.00350671
0.00344457
0.00341303
0.00342661
0.00280569
0.00275377
0.00272907
0.00274295
0.00166877
0.00163223
0.00161871
0.00163438
0.000606913
0.000590881
0.000588455
0.000600737
0.000153265
0.000153306
0.000156266
0.000160909
0.0028102
0.0027769
0.00277738
0.00281145
0.00166756
0.00164203
0.00164354
0.00167144
0.000601131
0.000588355
0.000590433
0.000606464
0.000146372
0.000145726
0.000147602
0.000151226
4.6463e-05
5.3449e-05
5.77274e-05
5.75524e-05
0.000100961
0.000114581
0.000118994
0.000112376
0.000821694
0.000844109
0.000841647
0.000815902
0.00195477
0.00198249
0.0019679
0.00191859
0.00278605
0.00281383
0.0027893
0.00272493
0.00479968
0.00481539
0.00476687
0.00467774
0.00866594
0.00865764
0.0085582
0.00841542
0.0127879
0.0127465
0.0125882
0.0123888
0.00281609
0.00285681
0.00284681
0.00279112
0.00485436
0.00489624
0.0048792
0.00481153
0.00877392
0.00881973
0.00878733
0.0086923
0.0129599
0.0130042
0.0129534
0.0128319
4.61343e-05
4.84261e-05
4.62918e-05
4.07243e-05
0.000111528
0.000118427
0.000113566
9.92259e-05
0.000840427
0.000862366
0.000858325
0.000830093
0.00197481
0.00201527
0.00201592
0.00197616
0.00280538
0.00285707
0.00286204
0.00281761
0.00481459
0.00488138
0.00489748
0.00485501
0.00867456
0.00877452
0.00881363
0.00877309
0.0127946
0.0129265
0.0129913
0.0129577
0.00275335
0.00281378
0.00283394
0.00280332
0.00467918
0.00476853
0.0048181
0.0048037
0.00836644
0.00851718
0.00862798
0.00864557
0.0122911
0.012506
0.0126859
0.0127446
0.00720346
0.00693845
0.00665484
0.0064837
0.00561948
0.0054061
0.00518169
0.00504978
0.00382953
0.00367731
0.0035223
0.00343583
0.00268295
0.00257331
0.00246506
0.00240802
0.00215051
0.00206094
0.0019747
0.00193145
0.00129474
0.00123756
0.00118748
0.00116733
0.000516459
0.000494393
0.00048008
0.000479928
0.00020583
0.000204295
0.000207254
0.000213485
0.00238544
0.00229895
0.00222064
0.00218654
0.00143048
0.00137447
0.00132898
0.00131472
0.000552588
0.000530751
0.000518048
0.000520165
0.000192182
0.000191469
0.000194942
0.000201161
0.000139445
0.00014511
0.000152782
0.000159249
0.000209767
0.000220769
0.000229488
0.000232244
0.000792031
0.000796602
0.000785987
0.000766006
0.00166726
0.00165379
0.00160917
0.00155581
0.00228765
0.002258
0.00218699
0.00210976
0.00377968
0.00370425
0.0035685
0.00343781
0.00657201
0.00640506
0.00614044
0.0059045
0.00947602
0.00920604
0.00880057
0.0084527
0.0024637
0.00244748
0.00238548
0.00230866
0.00413286
0.00407569
0.00395423
0.00382717
0.00728338
0.00714325
0.00690117
0.00667296
0.0105869
0.010351
0.009975
0.00963824
8.49727e-05
9.28089e-05
0.000100383
0.000104544
0.000144541
0.000159408
0.000168651
0.000168323
0.000815002
0.00083105
0.000826524
0.00080433
0.00185449
0.00186271
0.00183249
0.00177941
0.00260783
0.00260628
0.00255533
0.00248065
0.0044293
0.00439416
0.00429246
0.00417348
0.00789289
0.00778915
0.0075827
0.00737248
0.0115507
0.0113654
0.0110409
0.0107323
0.00271613
0.00272955
0.00269124
0.00262063
0.00465529
0.00464488
0.00456778
0.00446145
0.00836428
0.00830519
0.00814683
0.00796523
0.0123035
0.012184
0.0119329
0.0116703
0.00376616
0.00354253
0.00327857
0.00309664
0.00291297
0.00273628
0.00253045
0.00239073
0.00197242
0.0018499
0.00171075
0.00161923
0.00139067
0.00130399
0.00120841
0.00114803
0.00112404
0.00105411
0.000978695
0.000932523
0.000703292
0.000660047
0.000616675
0.000593
0.000346823
0.000329181
0.000315364
0.00031157
0.000232319
0.000226416
0.000224795
0.000228189
0.0013685
0.00129038
0.00120751
0.00115804
0.00084372
0.000795234
0.000747533
0.000722402
0.0003891
0.000369952
0.000355386
0.000351936
0.000231673
0.000226932
0.000226765
0.000231279
0.0002165
0.00021376
0.000214683
0.000218922
0.000282483
0.000279331
0.00027729
0.000277474
0.000616306
0.000598682
0.000574503
0.000555486
0.00108052
0.0010395
0.000982393
0.000936619
0.00139049
0.00133241
0.00125192
0.00118752
0.0021202
0.00201978
0.00188289
0.0017745
0.00343955
0.00326017
0.00301944
0.00283117
0.00476449
0.00450331
0.00415642
0.00388758
0.00162841
0.00157294
0.00149059
0.00142105
0.00253942
0.00243793
0.00229359
0.00217514
0.00419914
0.00401031
0.00374969
0.00354079
0.00587966
0.00559863
0.00521719
0.00491579
0.00018855
0.000190276
0.000195399
0.000201773
0.000263045
0.000267166
0.000271312
0.000273858
0.000727815
0.00071983
0.000701558
0.000682237
0.00139968
0.00136836
0.00131385
0.00126287
0.00186272
0.00181296
0.00173157
0.0016581
0.00296637
0.00286854
0.00272154
0.00259562
0.00499453
0.0048038
0.00453129
0.00430646
0.00706637
0.00677558
0.00637043
0.00604304
0.00208507
0.00204404
0.00196647
0.00189039
0.00338533
0.00329621
0.00315195
0.00302178
0.00579674
0.00561301
0.00533862
0.00510425
0.00828251
0.00799468
0.00758039
0.00723653
0.00121325
0.00110122
0.000965717
0.000869761
0.000936499
0.000849491
0.000745519
0.000672869
0.000645944
0.000586551
0.000517389
0.000470482
0.000479421
0.000437085
0.000389432
0.000358446
0.000403986
0.000369508
0.000331576
0.000307641
0.000285156
0.000262795
0.000239785
0.00022662
0.00019784
0.000185512
0.000174746
0.000170342
0.000185247
0.000175903
0.000168631
0.000166632
0.0005414
0.000498701
0.000451673
0.000421974
0.000366699
0.000339679
0.0003119
0.000296051
0.000232043
0.000218564
0.00020714
0.000202879
0.00020414
0.000195333
0.000189229
0.000188518
0.000187175
0.000178165
0.000171076
0.000169046
0.000212423
0.000201206
0.000190814
0.000185967
0.00032172
0.000300567
0.000277103
0.000262218
0.000466952
0.000432375
0.000391694
0.000363902
0.000556492
0.000513132
0.000461182
0.000424942
0.000760223
0.000696442
0.000618267
0.000562307
0.00112721
0.00102734
0.000903338
0.000813331
0.00148985
0.0013546
0.0011861
0.00106329
0.000734553
0.000684756
0.000623552
0.000579714
0.00103574
0.000959796
0.000864748
0.000795251
0.00157527
0.0014527
0.001298
0.00118383
0.00210847
0.00193973
0.00172651
0.0015689
0.000215617
0.000209008
0.000205421
0.000206464
0.000262683
0.000254046
0.000246641
0.000243922
0.000472134
0.000450097
0.000424069
0.000406347
0.000754482
0.000713031
0.00066118
0.000623445
0.000936454
0.000881661
0.000812213
0.000760933
0.00135834
0.00127158
0.00116039
0.00107718
0.00211398
0.00196949
0.00178384
0.0016444
0.00286325
0.00266084
0.00240125
0.00220654
0.00115727
0.00109955
0.00102349
0.000965256
0.00172268
0.00162743
0.00150193
0.00140553
0.00273889
0.00257488
0.00235986
0.00219527
0.00375215
0.00351809
0.00321295
0.00298049
0.000161009
0.00013427
0.000103145
8.2134e-05
0.000130824
0.000109644
8.53225e-05
6.91421e-05
0.000104758
8.91475e-05
7.17264e-05
6.05054e-05
9.54919e-05
8.2723e-05
6.89253e-05
6.0381e-05
9.09706e-05
7.95506e-05
6.73742e-05
5.99552e-05
8.15079e-05
7.22673e-05
6.27337e-05
5.71721e-05
7.89334e-05
7.09766e-05
6.30481e-05
5.86454e-05
8.47451e-05
7.6541e-05
6.83771e-05
6.38488e-05
0.000140235
0.000124559
0.000107678
9.72871e-05
0.000117398
0.000105622
9.35175e-05
8.65356e-05
0.000105718
9.66046e-05
8.78085e-05
8.322e-05
0.000111156
0.00010216
9.35723e-05
8.91765e-05
8.58128e-05
7.74823e-05
6.91548e-05
6.45026e-05
8.50382e-05
7.6295e-05
6.74134e-05
6.23351e-05
9.407e-05
8.31686e-05
7.16373e-05
6.46702e-05
0.000108686
9.48652e-05
7.98088e-05
7.03707e-05
0.00011537
9.98966e-05
8.28444e-05
7.20129e-05
0.000128853
0.000109836
8.83454e-05
7.42897e-05
0.000160911
0.000135216
0.000105556
8.57034e-05
0.000196316
0.000164011
0.000126371
0.000100927
0.00018629
0.000164583
0.000140159
0.000124264
0.000222746
0.000194487
0.000161818
0.00013988
0.00029598
0.000255939
0.000208683
0.000176215
0.000371732
0.000320223
0.000258906
0.00021639
0.00013979
0.000130246
0.000121508
0.000117435
0.00014785
0.000136889
0.000126208
0.000120595
0.000190642
0.000173983
0.000156076
0.000145109
0.000248843
0.000224737
0.000197544
0.000179813
0.000282172
0.000253439
0.000220454
0.000198491
0.000355919
0.000316754
0.000270561
0.000238828
0.000494801
0.000437198
0.000367962
0.000319405
0.000634455
0.000558974
0.000467587
0.000402993
0.000405328
0.000369197
0.00032686
0.000298022
0.000533913
0.000482676
0.000421081
0.000377881
0.000768876
0.00069104
0.000595937
0.000528043
0.00100215
0.000898442
0.00077102
0.000679502
5.99469e-07
4.31373e-07
3.14437e-07
3.07004e-07
6.90428e-07
4.75609e-07
2.80039e-07
2.79482e-07
1.71295e-06
1.17321e-06
7.31348e-07
7.47734e-07
3.25376e-06
2.11728e-06
1.33522e-06
1.38117e-06
3.98187e-06
2.62479e-06
1.40671e-06
1.09297e-06
4.90665e-06
3.14226e-06
1.47146e-06
8.13725e-07
6.31372e-06
4.00848e-06
1.77672e-06
7.24917e-07
7.51923e-06
4.83579e-06
2.20977e-06
8.88824e-07
1.36541e-05
1.03326e-05
7.00112e-06
5.10787e-06
1.51845e-05
1.17967e-05
8.36437e-06
6.37573e-06
1.77125e-05
1.40731e-05
1.03512e-05
8.15855e-06
2.00415e-05
1.60738e-05
1.1995e-05
9.57418e-06
7.61747e-06
4.91418e-06
2.26704e-06
9.24682e-07
6.60183e-06
4.2148e-06
1.90952e-06
8.05088e-07
5.40766e-06
3.50058e-06
1.70138e-06
9.55867e-07
4.61461e-06
3.08197e-06
1.70729e-06
1.28449e-06
3.9224e-06
2.60409e-06
1.67421e-06
1.63465e-06
2.22378e-06
1.5184e-06
9.42739e-07
8.86203e-07
1.01967e-06
6.7447e-07
3.7008e-07
3.20368e-07
8.02021e-07
5.35165e-07
3.38405e-07
3.06571e-07
1.42934e-05
1.06924e-05
7.05615e-06
4.99065e-06
1.09791e-05
7.88272e-06
4.75075e-06
2.98852e-06
8.3548e-06
5.64982e-06
2.95307e-06
1.49349e-06
7.54361e-06
5.00475e-06
2.53366e-06
1.26397e-06
3.79317e-05
3.2224e-05
2.62967e-05
2.27474e-05
3.56013e-05
3.00585e-05
2.42975e-05
2.08484e-05
3.43231e-05
2.85563e-05
2.25224e-05
1.88927e-05
3.46336e-05
2.83736e-05
2.17807e-05
1.77974e-05
3.37379e-05
2.73552e-05
2.06506e-05
1.66291e-05
3.05749e-05
2.40855e-05
1.71934e-05
1.30192e-05
3.0021e-05
2.27444e-05
1.49482e-05
1.02098e-05
3.21612e-05
2.3885e-05
1.49947e-05
9.60398e-06
6.59237e-05
5.56101e-05
4.44977e-05
3.76251e-05
6.73287e-05
5.55993e-05
4.27026e-05
3.45422e-05
7.668e-05
6.18804e-05
4.53002e-05
3.46053e-05
8.93534e-05
7.1364e-05
5.10364e-05
3.78174e-05
