FiniteElementSpace
FiniteElementCollection: H1_2D_P2
VDim: 2
Ordering: 0

0
1.07747
2.16082
3.11049
3.80809
4.23861
4.4752
4.61327
4.72575
0
0.908128
1.73189
2.42698
2.94634
3.28674
3.49048
3.62047
3.73238
0.53004
0.996221
0.464697
0
1.62638
1.9602
1.33238
2.66159
2.79215
2.09917
3.49448
3.40216
2.71008
4.05346
3.78162
3.1371
4.37501
3.99321
3.4019
4.55117
4.12021
3.56075
4.66967
4.22949
3.67621
0.498422
1.48751
2.3997
3.12762
3.61787
3.90312
4.06245
4.17409
0.261016
0.516517
0.249301
0
1.35262
1.55998
1.24335
1.03953
2.41663
2.53455
2.18502
2.06397
3.31113
3.31553
2.9674
2.95559
3.93891
3.83983
3.51703
3.60957
4.31212
4.142
3.84698
4.01375
4.51552
4.30816
4.02982
4.23635
4.64176
4.42205
4.14725
4.3674
0.802761
0.747553
0.950913
0.688638
0.479452
0.235913
0
1.89658
1.72707
1.8496
1.53568
1.41087
1.12292
2.89349
2.60255
2.61744
2.2684
2.2555
1.92004
3.66012
3.27251
3.18264
2.83406
2.92749
2.57433
4.1529
3.70568
3.54012
3.21668
3.38485
3.04719
4.42885
3.95142
3.74485
3.44899
3.65693
3.34815
4.58339
4.09224
3.87126
3.59148
3.81342
3.5274
4.6976
4.47761
4.2013
3.981
3.70413
3.92545
3.6485
0.256261
1.30082
2.30451
3.14366
3.73231
4.08286
4.2744
4.39489
0.777723
0.716083
0.241986
1.81506
1.63359
1.18288
2.75213
2.44256
2.0574
3.4708
3.06191
2.77926
3.93321
3.46787
3.29007
4.19268
3.70389
3.60275
4.3388
3.8432
3.78099
4.44949
3.95284
3.89844
0.128661
0.259227
0.127038
0
1.21511
1.32759
1.17034
1.05936
2.28999
2.36147
2.18543
2.11328
3.21301
3.22835
3.05162
3.03398
3.87567
3.83654
3.67291
3.70978
4.27682
4.19821
4.04964
4.12697
4.49602
4.39534
4.25599
4.35624
4.62763
4.51838
4.38123
4.49045
0.666059
0.791107
0.647002
0.524133
0.622999
0.731746
0.59792
0.488877
0.124697
0.245632
0.122213
0
1.76211
1.8567
1.68816
1.59405
1.60797
1.68096
1.52297
1.4496
1.12006
1.21332
1.06732
0.9736
2.77937
2.82374
2.64502
2.59898
2.50269
2.52404
2.35047
2.32891
2.07376
2.1223
1.9546
1.90577
3.57961
3.56642
3.39525
3.40596
3.20197
3.169
2.99641
3.02934
2.88161
2.87506
2.7
2.70642
4.10503
4.0439
3.88821
3.94753
3.66333
3.58823
3.42776
3.50294
3.4614
3.40523
3.23796
3.29415
4.40297
4.31133
4.16831
4.25915
3.92817
3.82851
3.68124
3.78103
3.81554
3.72602
3.57256
3.66218
4.56763
4.46129
4.3238
4.42995
4.07764
3.96805
3.82858
3.93838
4.01209
3.90597
3.76345
3.86974
4.68359
4.57353
4.43571
4.54586
4.18762
4.07711
3.93908
4.04986
4.1338
4.023
3.88492
3.99597
0.394964
0.386259
0.50775
0.373857
0.252909
0
1.48983
1.43078
1.5244
1.36589
1.27265
1.01836
2.54068
2.42098
2.46818
2.29373
2.24573
2.01294
3.40509
3.23166
3.22286
3.04941
3.05679
2.87508
3.99821
3.78791
3.73004
3.56914
3.62592
3.50715
4.34481
4.11358
4.02338
3.87612
3.96585
3.89871
4.53384
4.29174
4.18568
4.04656
4.1526
4.11538
4.65573
4.40847
4.29814
4.16065
4.2712
4.24401
0.939968
0.908605
0.872
0.763045
0.83379
0.92891
0.798932
0.701503
0.577232
0.47113
0.360815
0.350926
0.238451
0.119663
0
2.02965
1.94043
1.84454
1.77182
1.74251
1.7917
1.6347
1.58515
1.43483
1.37172
1.29744
1.22835
1.15262
1.01614
3.00404
2.85572
2.69907
2.67848
2.53156
2.52455
2.349
2.35757
2.18501
2.1791
2.15773
2.01073
1.9901
1.82699
3.73637
3.54224
3.33921
3.37295
3.12395
3.06694
2.89159
2.95053
2.77348
2.82135
2.85508
2.64361
2.67929
2.50202
4.19741
3.97501
3.74505
3.82056
3.50526
3.41509
3.25282
3.34416
3.1781
3.26308
3.33898
3.09344
3.17093
2.99812
4.45287
4.2153
3.97305
4.07276
3.72505
3.61846
3.47036
3.57743
3.4262
3.53061
3.63081
3.3759
3.47687
3.31844
4.59855
4.35329
4.1064
4.21581
3.85739
3.74608
3.60613
3.71767
3.57637
3.68755
3.7976
3.54445
3.65481
3.50944
4.71164
4.60163
4.46345
4.35359
4.21525
4.32542
4.1053
3.96681
3.85666
3.71821
3.82851
3.69011
3.80089
3.91194
3.66234
3.77359
3.63455
0.12806
1.19358
2.23859
3.13325
3.77521
4.16399
4.37643
4.50451
0.657392
0.610375
0.123464
1.726
1.56599
1.0938
2.7131
2.42798
2.01516
3.48837
3.10098
2.79249
3.99748
3.54707
3.3514
4.28624
3.80563
3.69529
4.44596
3.95349
3.88841
4.55964
4.06341
4.00955
0.391409
0.38025
0.125939
1.46117
1.39895
1.14572
2.48172
2.35836
2.1305
3.31932
3.14181
2.96785
3.89396
3.67975
3.56842
4.22988
3.99573
3.93357
4.41313
4.16958
4.13458
4.53213
4.28466
4.25768
0.925147
0.89075
0.635357
0.852865
0.815614
0.586643
0.367324
0.355027
0.120968
1.98591
1.89329
1.64877
1.79428
1.68934
1.4792
1.33197
1.2628
1.04127
2.9308
2.77857
2.57495
2.61688
2.44252
2.26969
2.22693
2.08582
1.89197
3.64024
3.44201
3.2999
3.23336
3.01029
2.88752
2.954
2.75189
2.60345
4.08702
3.8611
3.77693
3.62654
3.38082
3.30494
3.4557
3.21842
3.12043
4.3346
4.09483
4.049
3.84983
3.5986
3.55481
3.75455
3.50467
3.44705
4.47608
4.23009
4.20105
3.98218
3.73203
3.70287
3.92258
3.67156
3.63715
4.58752
4.33937
4.31171
4.09107
3.84251
3.81463
4.03641
3.78723
3.7599
0
0.0586079
0.380824
1.02813
1.92726
2.94505
3.98252
5.00078
5.99923
1
1.04785
1.28361
1.75574
2.43378
3.25518
4.16459
5.1262
6.11456
0.00692825
0.526962
1.01082
0.5
0.179501
0.80165
1.13666
0.665722
1.36733
1.49075
1.45448
2.1666
2.07273
2.42899
3.09446
2.83048
3.46499
4.07179
3.70152
4.49467
5.06301
4.64055
5.50164
6.05673
5.6186
0.487587
0.628357
1.04955
1.74428
2.62052
3.58002
4.56667
5.5599
0.0023462
0.242742
0.486512
0.25
0.10955
0.398213
0.56913
0.287481
0.512997
0.85194
0.916401
0.585397
1.23436
1.59456
1.54924
1.1924
2.17552
2.52115
2.39041
2.04272
3.20502
3.51998
3.33619
3.01672
4.23935
4.52904
4.31896
4.02508
5.25177
5.53008
5.31143
5.03072
0.0250274
0.500418
0.779271
1.02345
0.743421
1.00798
0.75
0.269694
0.70567
1.03264
1.20263
0.872888
1.08529
0.837946
1.20026
1.55426
1.61631
1.26102
1.37971
1.6862
1.95066
2.29751
2.24828
1.90356
1.9082
2.68598
2.85559
3.17519
3.03976
2.72464
2.62818
3.72431
3.82536
4.11946
3.93123
3.64181
3.47598
4.74846
4.81472
5.09556
4.88235
4.60481
4.40117
5.75066
6.02765
5.80836
6.08593
5.86635
5.58985
5.37174
0.240499
0.333795
0.708901
1.38671
2.27905
3.26783
4.27731
5.28067
0.257726
0.75487
0.742362
0.481868
0.944195
0.818207
1.01357
1.39999
1.13835
1.81391
2.09569
1.72259
2.76747
2.94751
2.50759
3.77254
3.87949
3.40685
4.78018
4.84964
4.36133
5.779
5.8378
5.34237
0.00212227
0.120685
0.243923
0.125
0.0817175
0.220411
0.308457
0.171825
0.444182
0.609626
0.644658
0.481789
1.12929
1.30928
1.28773
1.10898
2.05059
2.22619
2.16006
1.98385
3.07497
3.23554
3.1421
2.97994
4.11112
4.25769
4.15125
4.00309
5.12643
5.26588
5.15576
5.01533
0.0141222
0.140212
0.248508
0.123803
0.492419
0.626057
0.747659
0.614061
0.491289
0.613128
0.745214
0.625
0.221905
0.374469
0.437576
0.287565
0.664722
0.822838
0.90645
0.748585
0.546004
0.691739
0.796859
0.651342
0.749378
0.924454
0.930498
0.757515
1.12279
1.29832
1.32856
1.15334
0.856709
1.02533
1.08338
0.91505
1.56898
1.74887
1.70292
1.5233
1.84618
2.02218
1.99834
1.8227
1.45654
1.63448
1.63678
1.45917
2.55713
2.72574
2.64387
2.47403
2.73752
2.90125
2.83542
2.67214
2.27763
2.44839
2.40161
2.23126
3.59476
3.74765
3.64624
3.49165
3.70253
3.85248
3.76034
3.61091
3.21502
3.37144
3.29057
3.13465
4.62175
4.76382
4.65468
4.51128
4.69066
4.83229
4.72707
4.58585
4.1953
4.34025
4.24018
4.0957
5.62623
5.76466
5.6546
5.51561
5.68413
5.82314
5.71378
5.57495
5.18721
5.32699
5.21887
5.07939
0.00303988
0.240178
0.363908
0.485677
0.362359
0.375
0.141966
0.363652
0.511705
0.596551
0.449939
0.405777
0.586732
0.778017
0.949197
0.980734
0.811059
0.691909
1.34276
1.48907
1.66823
1.64524
1.46667
1.27847
2.30169
2.39948
2.57007
2.50477
2.33386
2.10369
3.33505
3.39382
3.54956
3.45788
3.3015
3.05501
4.36721
4.40324
4.54761
4.44276
4.29785
4.0481
5.37683
5.40544
5.54489
5.43566
5.29592
5.0467
0.0396988
0.270638
0.511848
0.377723
0.765359
0.911239
1.03413
0.88719
1.01579
0.875672
0.741802
1.00833
0.87428
1.00634
0.875
0.322509
0.53112
0.751326
0.592159
0.986291
1.15518
1.24131
1.07049
1.16786
1.00196
0.84354
1.10924
0.949142
1.06493
0.930811
1.10092
1.28185
1.10543
1.47532
1.65294
1.68442
1.50576
1.55183
1.37322
1.19763
1.43346
1.25617
1.32985
1.80566
1.92725
2.05756
1.8812
2.19549
2.36506
2.33988
2.17105
2.15924
1.98684
1.8116
1.98908
1.81371
1.83047
2.81533
2.8918
2.97462
2.81086
3.0608
3.21552
3.14676
2.99381
2.93432
2.77754
2.61533
2.72842
2.5676
2.52996
3.85357
3.89884
3.94846
3.79857
3.99922
4.14257
4.04748
3.9059
3.81589
3.67217
3.52396
3.5882
3.44186
3.36496
4.87479
4.90552
4.93884
4.79725
4.97248
5.11126
5.00404
4.86643
4.76117
4.62317
4.48289
4.52053
4.38178
4.28251
5.87497
6.01331
5.90332
6.04212
5.93256
5.7936
6.07138
5.96188
6.10038
5.99043
5.85224
5.74239
5.60446
5.46604
5.49503
5.35737
5.24879
0.122464
0.193859
0.543114
1.20725
2.10421
3.10762
4.13051
5.14072
0.130217
0.618528
0.617395
0.328454
0.783513
0.669574
0.838644
1.22379
0.967966
1.63476
1.92115
1.54513
2.59948
2.7861
2.33892
3.6197
3.73146
3.25267
4.63768
4.70897
4.21783
5.64021
5.69902
5.20313
0.120746
0.361707
0.366833
0.251546
0.47855
0.425747
0.681071
0.877807
0.749081
1.41468
1.56591
1.37079
2.34952
2.45131
2.21792
3.36357
3.42538
3.17802
4.38461
4.42274
4.17297
5.39084
5.42043
5.17134
0.153986
0.389847
0.369161
0.636919
0.897585
0.879998
0.612331
0.873948
0.874886
0.425514
0.639611
0.549554
0.866705
1.11084
1.03426
0.718056
0.973666
0.928415
1.01459
1.18995
1.02513
1.37687
1.57762
1.43764
1.08718
1.31276
1.20369
1.8653
1.99138
1.77341
2.12563
2.26693
2.07767
1.7271
1.89883
1.73173
2.8526
2.93258
2.68998
3.01748
3.10404
2.88495
2.55953
2.67173
2.46535
3.87547
3.92329
3.67397
3.97391
4.02389
3.78864
3.49088
3.55656
3.32815
4.8897
4.922
4.67245
4.95576
4.98867
4.74459
4.46293
4.50222
4.26188
5.889
5.91787
5.66928
5.94727
5.9763
5.72828
5.45093
5.48081
5.23417
