FiniteElementSpace
FiniteElementCollection: H1_2D_P2
VDim: 2
Ordering: 0

0
-0.00309929
-0.00242158
0.00193225
0.00976105
0.0192401
0.0270187
0.0305898
0.0300427
0
0.00986387
0.017969
0.0235993
0.0259375
0.0241828
0.0194773
0.0151582
0.0129952
-0.00193116
0.00329771
0.00503828
0
-0.00322168
0.00771276
0.0142032
-0.00070918
0.0127378
0.0211289
0.00547255
0.0179583
0.0252498
0.0144923
0.0219508
0.0255689
0.0235463
0.0234473
0.0220131
0.0293978
0.0229853
0.0170644
0.030689
0.021602
0.0138804
0.00128151
0.00542886
0.0101556
0.0153895
0.0202205
0.0230192
0.0233789
0.0223803
-0.000915675
-0.000202128
0.000440578
0
-0.00327962
0.00121134
0.00434615
0.00021623
-0.00168064
0.00484082
0.00891482
0.00275393
0.00359593
0.0105772
0.0140624
0.0074672
0.012096
0.0174924
0.0191429
0.0140105
0.0214755
0.0233126
0.02257
0.0206901
0.0283549
0.0262941
0.0234638
0.0251911
0.0307617
0.0264763
0.0227055
0.0266841
-0.00265849
0.0022737
0.00642911
0.00749245
0.0029222
0.00248748
0
-0.00293485
0.00655067
0.0126989
0.0161588
0.00967418
0.0121042
0.000495252
0.011432
0.0180212
0.0224576
0.0154953
0.0196286
0.00753879
0.0166971
0.0218545
0.025722
0.0201881
0.0245363
0.0168932
0.0211635
0.0230982
0.0249933
0.0228592
0.0258868
0.0254066
0.0233062
0.0216044
0.0207601
0.0226105
0.0231733
0.0301411
0.0232137
0.0192285
0.0160329
0.0203875
0.0182268
0.0304231
0.0258301
0.0220117
0.0173359
0.0134214
0.0182373
0.014446
-0.000136191
0.000644735
0.00372916
0.0089689
0.0157659
0.0220872
0.0258372
0.026646
-7.18399e-05
0.00471569
0.00110609
0.00191469
0.0112138
0.00808006
0.00608814
0.0167963
0.0141274
0.0122683
0.0210942
0.0191572
0.0191471
0.023076
0.0224485
0.0243497
0.0221539
0.0229358
0.026572
0.0197892
0.0210029
0.0261952
0.0177866
0.018713
-0.000342059
-0.000487588
-5.04372e-05
0
-0.00322001
-0.00127441
0.000413143
-0.00139465
-0.00207965
0.00106705
0.00322451
0.000207433
0.00273633
0.00633469
0.00820357
0.00474972
0.0109177
0.0139817
0.0148892
0.0119393
0.0203755
0.0217989
0.0214087
0.0199942
0.0277226
0.0270637
0.0255382
0.0260834
0.0307085
0.028668
0.0266827
0.0285947
-0.00233106
-0.00131413
-0.00015939
-0.00101704
0.00177038
0.00346399
0.00383098
0.00206181
0.000153908
0.000752175
0.000390096
0
-0.00310644
-0.000469516
0.00154599
-0.000964159
0.00598472
0.00886287
0.0104508
0.00753182
0.0038181
0.00619222
0.0072619
0.0048394
-0.000136183
0.00333912
0.00544767
0.00211075
0.0107896
0.0140945
0.0161546
0.0128056
0.00830883
0.0115014
0.0134204
0.0101864
0.00648383
0.009958
0.0114143
0.00807878
0.0160473
0.0188834
0.020658
0.0177734
0.0133987
0.0165922
0.0186013
0.0153605
0.0156962
0.0180588
0.0183313
0.0160382
0.0207103
0.0221254
0.0229921
0.0215406
0.0185621
0.0207917
0.0221735
0.0198979
0.0245055
0.0248693
0.0238553
0.023434
0.023182
0.0227514
0.0223963
0.0228332
0.0222817
0.0227676
0.0230389
0.0225349
0.0298067
0.028313
0.0264546
0.027806
0.0233052
0.0215259
0.0200847
0.0219083
0.0234696
0.0222582
0.0213077
0.0225494
0.0305759
0.0282993
0.0263484
0.0285582
0.0222015
0.0199117
0.0180101
0.0203249
0.0228514
0.020729
0.0189652
0.0211296
-0.00146139
-0.000194391
0.000547464
0.000827647
0.000156011
0
-0.00327942
0.000910856
0.00333243
0.00488276
0.00250751
0.00176786
-0.00122389
0.00426794
0.00751195
0.0095305
0.00633499
0.0052459
0.00450879
0.00976107
0.0130025
0.0147269
0.0115333
0.0101186
0.0132902
0.0166355
0.0188782
0.0196969
0.0174765
0.0160061
0.0225348
0.0227226
0.0231763
0.0228155
0.0223432
0.0213384
0.0289136
0.0260887
0.0248304
0.0234326
0.0246476
0.0243204
0.0307531
0.0265763
0.024424
0.0225484
0.0246689
0.0248265
-0.00291338
5.42754e-05
0.00278329
0.00110947
0.00558046
0.00809385
0.00869356
0.00604917
0.00626865
0.00391115
0.00199767
0.00379564
0.00166681
0.00104893
0
-0.0027064
0.00231733
0.00712665
0.00424505
0.0119633
0.0152825
0.0170823
0.0136351
0.015199
0.0118872
0.00888396
0.0131716
0.01004
0.0110015
0.00118483
0.00676164
0.0120818
0.00877485
0.017419
0.0207566
0.0230527
0.0195732
0.0218155
0.018259
0.0148192
0.0203993
0.0168258
0.018818
0.008633
0.0131353
0.0173353
0.0145033
0.0214939
0.023859
0.0258624
0.0233641
0.0255169
0.0226699
0.0196869
0.0249219
0.0217946
0.0240943
0.0180774
0.0199349
0.0215776
0.0201757
0.023111
0.0236461
0.0246158
0.0240284
0.0253123
0.0241963
0.0226776
0.0257609
0.0241396
0.0259456
0.0262457
0.0247949
0.0233936
0.0238337
0.0218882
0.0205878
0.0201188
0.0214956
0.0213947
0.0223404
0.0227917
0.022609
0.0230719
0.0237005
0.0304013
0.0266479
0.0231066
0.0248849
0.0195034
0.0172479
0.015575
0.0179685
0.0165302
0.0187828
0.0206948
0.0176317
0.0196681
0.0188445
0.0302409
0.0279365
0.0260201
0.0237154
0.0218115
0.0241017
0.0194795
0.017564
0.0151795
0.0132105
0.0156271
0.0136409
0.0160957
0.018471
0.0141465
0.0166273
0.0147821
-0.000167699
-0.00135876
0.000614303
0.0055211
0.0129558
0.0209155
0.0266032
0.028656
-0.00119371
0.00276517
0.000257031
-0.000739676
0.00819826
0.0055179
0.00270185
0.0134523
0.0108451
0.00900333
0.0183387
0.0159816
0.0170562
0.0218544
0.0203615
0.0241782
0.0228091
0.0226729
0.0280885
0.0217198
0.0224129
0.028445
0.0201199
0.0209297
-0.000784686
0.000323269
5.28967e-05
-0.00114256
0.00290906
0.00212727
0.00156577
0.00691255
0.0057794
0.00718808
0.0122624
0.010818
0.0150113
0.0181882
0.0167476
0.0226398
0.0227816
0.0218616
0.0274646
0.0247561
0.024503
0.0286341
0.0245567
0.0247594
-0.00138044
0.00142854
0.000812905
0.00415509
0.0070838
0.00499052
0.0013735
0.00280926
0.000574634
-0.000153817
0.00473442
0.00377769
0.00952557
0.0144715
0.0127736
0.00686322
0.010976
0.00907932
0.00402191
0.00943714
0.00813289
0.014731
0.0201821
0.0189316
0.0121551
0.0175567
0.0160675
0.0109383
0.0152565
0.0137507
0.0194042
0.0236375
0.0230408
0.0171904
0.0222537
0.0212948
0.0190402
0.0207755
0.019542
0.0223523
0.023863
0.0241401
0.0211856
0.0241962
0.0240269
0.025505
0.0240978
0.0235268
0.0226635
0.0210464
0.0219291
0.0228202
0.0227233
0.0233812
0.0284812
0.024869
0.0248727
0.0213287
0.0175956
0.018365
0.0220888
0.0192186
0.0201264
0.0281272
0.0239148
0.024272
0.0196991
0.0154043
0.0158556
0.0205277
0.0163516
0.0169253
0
-0.00845283
-0.0277348
-0.0515313
-0.0728805
-0.0842293
-0.0815446
-0.0676444
-0.0503335
0
-0.0112935
-0.0299002
-0.0527871
-0.0735987
-0.0854968
-0.0837729
-0.0700405
-0.0520469
-0.00244018
-0.0087135
-0.00540343
0
-0.0171548
-0.0283243
-0.0196889
-0.0394638
-0.0523705
-0.0411868
-0.0630064
-0.0741772
-0.0638826
-0.0801975
-0.0862324
-0.0810583
-0.084634
-0.0838351
-0.0864217
-0.0755615
-0.0693207
-0.0780076
-0.0589113
-0.0512074
-0.0610271
-0.00237
-0.0176004
-0.0401731
-0.0640305
-0.0818441
-0.0868868
-0.0776408
-0.0601233
-0.000876227
-0.00201261
-0.000443106
0
-0.0125242
-0.0171797
-0.0128834
-0.00829257
-0.0335036
-0.0397842
-0.0341543
-0.0279145
-0.0574052
-0.0636473
-0.0583274
-0.0519976
-0.0769116
-0.0813066
-0.0783766
-0.0737397
-0.0848883
-0.0861157
-0.0870371
-0.0855708
-0.0788612
-0.076837
-0.0810759
-0.0830091
-0.0633109
-0.0595529
-0.064753
-0.0686117
-0.00504399
-0.00518054
-0.00971915
-0.00800761
-0.00353948
-0.00344199
0
-0.0222546
-0.0227765
-0.0289797
-0.0246139
-0.0184333
-0.0152175
-0.0455106
-0.0462809
-0.0526362
-0.0469973
-0.0406358
-0.0354556
-0.0682066
-0.0693553
-0.0741518
-0.0689689
-0.0641221
-0.0584516
-0.0826559
-0.0844865
-0.0862235
-0.0836944
-0.0817839
-0.0776627
-0.0834987
-0.0858013
-0.0840857
-0.0855277
-0.0869938
-0.0864139
-0.0717756
-0.0736705
-0.0697849
-0.0742293
-0.0780219
-0.0812315
-0.0545633
-0.0507647
-0.0555691
-0.0516239
-0.0564802
-0.0605999
-0.0655912
-0.000259018
-0.0124619
-0.0337544
-0.0579539
-0.077894
-0.0863162
-0.0802509
-0.0641102
-0.00476536
-0.00627699
-0.00139943
-0.0223595
-0.0235225
-0.0138015
-0.0459019
-0.0466442
-0.034715
-0.0689511
-0.0693793
-0.058501
-0.0838878
-0.084442
-0.0783226
-0.0849939
-0.0859793
-0.0870802
-0.0729063
-0.0741008
-0.0813957
-0.0550728
-0.0560254
-0.0652331
-0.000412956
-0.000458873
7.13374e-05
0
-0.0104131
-0.0124344
-0.0103028
-0.00830218
-0.030589
-0.0336108
-0.0308047
-0.0277967
-0.0544948
-0.0576998
-0.0550009
-0.0517749
-0.074985
-0.0774642
-0.0759032
-0.0733611
-0.0846759
-0.0856952
-0.0860616
-0.0849881
-0.0802887
-0.0796322
-0.0817195
-0.082363
-0.0654933
-0.0637274
-0.0663774
-0.0681601
-0.00363172
-0.00481952
-0.0032826
-0.0021292
-0.00367892
-0.00564724
-0.00481839
-0.00285515
-1.2958e-05
-0.000812496
-0.000619597
0
-0.0196515
-0.0222692
-0.0197172
-0.0171192
-0.0201365
-0.0231074
-0.0209264
-0.0179646
-0.0107243
-0.0132802
-0.0116861
-0.00914427
-0.0424832
-0.0457071
-0.0428388
-0.0396154
-0.0432225
-0.0464644
-0.0436354
-0.0403946
-0.0312098
-0.0344136
-0.0318183
-0.0286202
-0.0656656
-0.0686193
-0.0663559
-0.063357
-0.0667479
-0.0694178
-0.0668035
-0.0641151
-0.055373
-0.0584406
-0.0555916
-0.0525174
-0.0815366
-0.0833525
-0.0827057
-0.0808236
-0.0832728
-0.0845473
-0.083218
-0.081892
-0.0763614
-0.0784202
-0.076319
-0.0742258
-0.0841751
-0.0843388
-0.0856666
-0.0854695
-0.0864576
-0.0859679
-0.0866
-0.087023
-0.0867532
-0.0871441
-0.0867689
-0.0863135
-0.073721
-0.0723889
-0.0749268
-0.0762622
-0.0757129
-0.0739254
-0.0761204
-0.0778821
-0.0825474
-0.0812969
-0.0828337
-0.0840307
-0.0567223
-0.0548142
-0.0572967
-0.0592361
-0.0578299
-0.0558013
-0.0582979
-0.060372
-0.0670545
-0.0650118
-0.0675287
-0.0695816
-0.00150771
-0.000996901
-0.00209075
-0.00128531
-0.000262055
0
-0.0147754
-0.0147575
-0.0173394
-0.015179
-0.012611
-0.00842929
-0.036466
-0.0367518
-0.0399699
-0.0371463
-0.0339351
-0.0280897
-0.0602487
-0.0608415
-0.0638731
-0.0612183
-0.0581641
-0.0521967
-0.0786554
-0.079699
-0.0816476
-0.0802075
-0.0781995
-0.0740133
-0.0848761
-0.0863329
-0.0865858
-0.0870801
-0.0867619
-0.0859849
-0.0772814
-0.0786174
-0.0772942
-0.0794342
-0.0807293
-0.0834967
-0.0611097
-0.0618301
-0.0598501
-0.0624373
-0.0644526
-0.068998
-0.00665893
-0.00644167
-0.00686142
-0.00488542
-0.00791305
-0.0104357
-0.00956565
-0.00706465
-0.00662171
-0.00440058
-0.0024029
-0.00434526
-0.00229453
-0.00219362
0
-0.0249527
-0.0250957
-0.0255095
-0.0225279
-0.0262107
-0.0294055
-0.0272175
-0.0240241
-0.0221006
-0.0190078
-0.0160547
-0.0173909
-0.0144473
-0.0131815
-0.0485317
-0.0489598
-0.049335
-0.0460932
-0.049649
-0.0527261
-0.0499006
-0.0468212
-0.0440877
-0.0408989
-0.0376583
-0.0383047
-0.0350613
-0.0326497
-0.0706184
-0.0714175
-0.0718365
-0.069198
-0.0718332
-0.0739462
-0.0713478
-0.0692323
-0.0664755
-0.0640464
-0.0613493
-0.0612027
-0.0585055
-0.0556411
-0.083558
-0.0848444
-0.0854743
-0.084266
-0.0854456
-0.0859551
-0.0847055
-0.084162
-0.0824778
-0.0815103
-0.0801478
-0.079451
-0.0780742
-0.0757084
-0.0826205
-0.084104
-0.0849229
-0.0854786
-0.0851377
-0.0840009
-0.0847564
-0.0858345
-0.0860883
-0.086796
-0.0871544
-0.0865343
-0.0868401
-0.0860705
-0.069744
-0.0707947
-0.071533
-0.073332
-0.0719823
-0.0699357
-0.0721764
-0.0742008
-0.0761795
-0.0780633
-0.0797861
-0.0796986
-0.0813743
-0.0825967
-0.0524292
-0.0505434
-0.0528939
-0.0509888
-0.0533588
-0.055326
-0.0514184
-0.0537981
-0.0518298
-0.0542413
-0.0562469
-0.0587411
-0.060814
-0.0629177
-0.0633127
-0.065423
-0.0678378
-8.12887e-05
-0.0102934
-0.0306738
-0.0547631
-0.0755
-0.0854591
-0.0810853
-0.0659599
-0.00336502
-0.00415893
-0.000240955
-0.0196414
-0.0204843
-0.0111381
-0.0426572
-0.0434249
-0.0314876
-0.0660459
-0.0668204
-0.0555025
-0.0821969
-0.0833262
-0.0764064
-0.0850143
-0.0866091
-0.0868468
-0.0743794
-0.075962
-0.0827564
-0.0570097
-0.058071
-0.0673153
-0.00115172
-0.00104121
8.97512e-05
-0.0147131
-0.0149121
-0.0104459
-0.0365956
-0.036935
-0.0309827
-0.0605702
-0.0610587
-0.055205
-0.0792434
-0.0800216
-0.0761919
-0.0856982
-0.0867916
-0.0864919
-0.078019
-0.0790865
-0.0822039
-0.0614805
-0.06215
-0.0667422
-0.00647247
-0.00657103
-0.00338615
-0.0073104
-0.00866533
-0.00564429
-0.00173263
-0.00328957
-0.00120994
-0.0249913
-0.0252677
-0.0198815
-0.0258232
-0.0266748
-0.0214647
-0.0155596
-0.0166649
-0.0123673
-0.0487514
-0.0491546
-0.0430272
-0.0494999
-0.0497823
-0.0438556
-0.0373868
-0.0379633
-0.0322048
-0.0710634
-0.0716769
-0.0665914
-0.0718909
-0.0716552
-0.0666908
-0.0613165
-0.0613127
-0.0556382
-0.0842853
-0.0852405
-0.0830649
-0.0855445
-0.0851698
-0.0829394
-0.0802522
-0.0798848
-0.0760901
-0.0834516
-0.0845915
-0.0861451
-0.0851044
-0.0850231
-0.0864285
-0.0872016
-0.0869348
-0.0865136
-0.0703094
-0.0712016
-0.0753694
-0.0717919
-0.0721088
-0.076192
-0.0796662
-0.0797968
-0.082781
-0.0526572
-0.0531296
-0.0575716
-0.0535811
-0.0540145
-0.058517
-0.062692
-0.0631211
-0.0677003
