FiniteElementSpace
FiniteElementCollection: L2_2D_P3
VDim: 1
Ordering: 0

0.00136348
0.000668683
0.000697035
0.000858869
0.000599956
0.000404749
0.00054416
0.000776676
0.000227195
0.000226272
0.000379352
0.000586254
0.000169612
0.000184788
0.000280018
0.000398734
0.000544119
0.00053779
0.000529743
0.000523736
0.000489474
0.000483677
0.000476315
0.000470825
0.000421775
0.000416569
0.000409969
0.000405055
0.000372775
0.000367953
0.000361846
0.000357304
0.000473652
0.000470987
0.000467662
0.000465228
0.000425352
0.000422625
0.000419209
0.000416701
0.000365448
0.000362778
0.000359428
0.000356963
0.000322034
0.000319501
0.000316323
0.000313983
0.000412785
0.000404425
0.000393783
0.000385827
0.000366047
0.00035853
0.000348972
0.000341836
0.000310213
0.000303804
0.000295675
0.000289623
0.000271221
0.000265657
0.000258622
0.000253404
0.000239224
0.000224619
0.00020628
0.000192776
0.000215266
0.000202798
0.000187156
0.000175652
0.00018741
0.000177488
0.000165069
0.000155964
0.000168479
0.00016033
0.000150168
0.00014275
5.39802e-05
4.6504e-05
3.75965e-05
3.14202e-05
5.56988e-05
4.88883e-05
4.07256e-05
3.50222e-05
5.84239e-05
5.24562e-05
4.52628e-05
4.01992e-05
6.07762e-05
5.54263e-05
4.89613e-05
4.43945e-05
6.26869e-07
3.24397e-07
9.01008e-08
3.11616e-08
2.38713e-06
1.74733e-06
1.0677e-06
6.62576e-07
6.03956e-06
5.00552e-06
3.81742e-06
3.02591e-06
9.61839e-06
8.31133e-06
6.78481e-06
5.74659e-06
3.53833e-07
2.8405e-07
1.99855e-07
1.41795e-07
5.70026e-08
4.97082e-08
5.5516e-08
7.41982e-08
6.39178e-07
6.13728e-07
6.17261e-07
6.51711e-07
1.71199e-06
1.61295e-06
1.54241e-06
1.53726e-06
0.000544384
0.00055058
0.000558904
0.000565417
0.000516069
0.000515373
0.000514703
0.000514278
0.000468994
0.000462692
0.000454649
0.000448586
0.000426557
0.000418226
0.00040753
0.000399484
0.000198642
0.000199058
0.000200094
0.000201063
0.000151981
0.000153515
0.000155966
0.000158072
0.000100188
0.000102385
0.000105629
0.000108333
6.76923e-05
6.99015e-05
7.30918e-05
7.57002e-05
3.86318e-05
3.74167e-05
6.90295e-05
0.000111252
3.48604e-05
2.99701e-05
4.99905e-05
8.03692e-05
3.64511e-05
2.56868e-05
3.14718e-05
4.76259e-05
3.96909e-05
2.47996e-05
2.14061e-05
2.83938e-05
0.000499847
0.000495692
0.000490428
0.000486513
0.000449929
0.000446154
0.000441379
0.000437832
0.000387466
0.000384187
0.00038005
0.000376986
0.000341826
0.000338921
0.000335267
0.000332569
0.000170298
0.000169092
0.000167623
0.000166573
0.000138644
0.000137783
0.000136754
0.000136034
0.000102161
0.000101685
0.000101145
0.000100791
7.79111e-05
7.76782e-05
7.74459e-05
7.732e-05
0.000184045
0.00018159
0.000178584
0.000176418
0.000147325
0.000145723
0.000143819
0.000142488
0.0001048
0.000104225
0.000103659
0.000103348
7.66021e-05
7.66987e-05
7.70137e-05
7.73796e-05
0.00045237
0.000448101
0.000442714
0.000438722
0.00040351
0.000399349
0.000394095
0.000390199
0.000344076
0.000340186
0.000335275
0.000331635
0.000301813
0.000298213
0.000293674
0.000290314
0.000149063
0.000147017
0.000144463
0.000142594
0.000121316
0.000119587
0.000117435
0.000115865
8.91422e-05
8.77718e-05
8.60733e-05
8.48394e-05
6.76541e-05
6.65233e-05
6.51255e-05
6.41128e-05
0.000161301
0.000159787
0.000157904
0.00015653
0.000131818
0.000130524
0.000128919
0.000127753
9.7712e-05
9.66616e-05
9.53646e-05
9.44258e-05
7.49485e-05
7.40581e-05
7.29614e-05
7.21696e-05
0.000340189
0.000327441
0.000311258
0.000299199
0.000301857
0.000290837
0.000276866
0.000266472
0.000256705
0.000247789
0.000236515
0.000228155
0.000225617
0.000218195
0.000208847
0.000201947
0.000115979
0.000113589
0.000110678
0.000108618
9.56706e-05
9.40731e-05
9.21648e-05
9.08489e-05
7.17039e-05
7.09721e-05
7.01574e-05
6.96519e-05
5.53945e-05
5.51919e-05
5.50459e-05
5.50357e-05
0.000133249
0.00013088
0.000127948
0.000125825
0.00010831
0.00010649
0.000104254
0.000102649
7.92766e-05
7.80646e-05
7.65947e-05
7.55574e-05
5.98333e-05
5.9004e-05
5.80145e-05
5.73305e-05
0.000134161
0.00012172
0.000106396
9.53545e-05
0.000125653
0.000114901
0.000101652
9.21009e-05
0.000116116
0.000107383
9.66284e-05
8.88813e-05
0.000109878
0.000102557
9.35576e-05
8.70897e-05
8.30227e-05
8.06242e-05
7.77677e-05
7.57927e-05
7.59682e-05
7.44871e-05
7.2786e-05
7.16644e-05
6.69797e-05
6.66166e-05
6.63385e-05
6.628e-05
6.02965e-05
6.07262e-05
6.14705e-05
6.21865e-05
9.92593e-05
9.6942e-05
9.41698e-05
9.22522e-05
8.52149e-05
8.38322e-05
8.22401e-05
8.11965e-05
6.81309e-05
6.78005e-05
6.75438e-05
6.74945e-05
5.60694e-05
5.64108e-05
5.70136e-05
5.76095e-05
1.23484e-05
9.6388e-06
6.62261e-06
4.70568e-06
1.64617e-05
1.35756e-05
1.02622e-05
8.06274e-06
2.2473e-05
1.94416e-05
1.58744e-05
1.34274e-05
2.73987e-05
2.43037e-05
2.06234e-05
1.80644e-05
4.72796e-05
4.47998e-05
4.17859e-05
3.963e-05
5.13749e-05
4.92708e-05
4.67146e-05
4.48854e-05
5.7258e-05
5.57228e-05
5.38736e-05
5.25601e-05
6.22261e-05
6.11891e-05
5.99694e-05
5.91239e-05
6.57467e-05
6.31776e-05
6.00866e-05
5.79074e-05
6.51737e-05
6.33301e-05
6.1146e-05
5.96318e-05
6.44332e-05
6.35714e-05
6.2632e-05
6.20447e-05
6.38998e-05
6.38183e-05
6.38822e-05
6.40531e-05
3.34703e-07
3.83166e-07
4.47557e-07
4.99259e-07
3.66584e-08
1.55474e-08
4.82373e-09
1.2791e-08
1.18125e-06
1.00421e-06
8.19639e-07
7.18576e-07
2.99467e-06
2.6619e-06
2.30533e-06
2.09658e-06
1.77034e-05
1.63944e-05
1.48432e-05
1.37802e-05
2.25658e-05
2.0942e-05
1.89886e-05
1.76238e-05
2.99993e-05
2.79038e-05
2.53491e-05
2.35339e-05
3.65837e-05
3.4076e-05
3.09973e-05
2.87909e-05
3.02565e-05
2.82978e-05
2.59216e-05
2.42316e-05
3.61739e-05
3.41807e-05
3.17433e-05
2.99944e-05
4.50063e-05
4.29902e-05
4.05031e-05
3.87014e-05
5.26893e-05
5.06715e-05
4.81693e-05
4.63467e-05
7.72444e-09
1.43227e-08
2.67898e-08
3.57489e-08
7.39278e-08
5.13218e-08
3.65089e-08
3.21903e-08
5.22424e-07
4.24022e-07
3.32182e-07
2.84592e-07
1.13111e-06
9.43452e-07
7.5818e-07
6.55762e-07
3.81909e-06
3.11131e-06
2.37159e-06
1.93911e-06
4.17738e-06
3.32325e-06
2.42737e-06
1.90172e-06
4.7471e-06
3.6674e-06
2.53109e-06
1.86243e-06
5.27659e-06
3.99601e-06
2.64588e-06
1.85042e-06
9.63948e-06
8.69699e-06
7.62666e-06
6.93293e-06
1.19983e-05
1.07306e-05
9.26471e-06
8.2898e-06
1.56254e-05
1.38578e-05
1.17843e-05
1.03775e-05
1.88502e-05
1.66387e-05
1.40261e-05
1.22362e-05
0.000612101
0.000583075
0.000551184
0.000528639
0.000573467
0.00055323
0.000527598
0.000508504
0.000494195
0.000485998
0.000478073
0.000473087
0.000407947
0.000414823
0.000427652
0.000438971
0.000367646
0.000374022
0.000394715
0.000413519
0.000279055
0.000296607
0.000327414
0.000353947
0.000194136
0.000215536
0.000249676
0.000278763
0.000148282
0.000166814
0.000197622
0.000223932
0.000138923
0.000134605
0.000225197
0.000338448
8.31888e-05
8.98803e-05
0.000169377
0.000264923
4.86405e-05
5.60114e-05
0.000114147
0.000184212
4.13315e-05
4.35104e-05
8.32046e-05
0.000133415
0.00052043
0.000514825
0.000507698
0.000502375
0.000467993
0.000463063
0.000456804
0.000452139
0.000402682
0.000398512
0.000393235
0.000389313
0.000355172
0.0003515
0.000346865
0.000343431
0.000330799
0.000327357
0.000323022
0.000319813
0.0002868
0.000283817
0.000280072
0.00027731
0.00023301
0.000230685
0.000227792
0.000225679
0.00019479
0.000192989
0.000190779
0.000189186
0.000347757
0.000343094
0.000337196
0.000332813
0.000302187
0.000297921
0.000292534
0.000288539
0.000245612
0.000242073
0.000237639
0.000234373
0.000204892
0.000202015
0.000198455
0.000195865
0.000463892
0.000460814
0.000456961
0.000454131
0.000415284
0.000412147
0.000408209
0.000405308
0.000355562
0.000352498
0.000348646
0.000345804
0.000312673
0.000309766
0.000306109
0.000303412
0.000290854
0.000288064
0.000284557
0.00028197
0.000251874
0.000249331
0.000246139
0.000243788
0.000204969
0.000202768
0.00020001
0.000197983
0.000172101
0.000170169
0.000167754
0.000165984
0.000299816
0.000297389
0.000294346
0.000292107
0.000260019
0.000257817
0.000255059
0.000253034
0.00021197
0.000210079
0.000207717
0.000205987
0.000178189
0.000176545
0.000174496
0.000172999
0.000380856
0.000370156
0.00035654
0.000346365
0.000337439
0.000328045
0.000316105
0.000307196
0.000285959
0.000278194
0.000268352
0.000261032
0.000250277
0.000243699
0.000235392
0.00022924
0.000232498
0.000226523
0.00021899
0.000213423
0.000201022
0.000196097
0.000189912
0.000185362
0.000163564
0.000159886
0.000155301
0.000151957
0.000137587
0.000134766
0.000131281
0.000128768
0.000251723
0.000246602
0.000240138
0.000235351
0.000217179
0.00021285
0.000207403
0.000203386
0.000176019
0.000172648
0.000168433
0.000165345
0.000147452
0.000144754
0.000141402
0.000138966
0.000185249
0.000171234
0.000153783
0.000141053
0.000169304
0.000157308
0.000142379
0.000131495
0.000150956
0.000141363
0.000129444
0.000120776
0.000138617
0.000130697
0.000120885
0.000113775
0.00013239
0.000125293
0.000116513
0.000110161
0.000120814
0.000115124
0.000108107
0.000103052
0.000106715
0.000102687
9.77634e-05
9.42553e-05
9.66383e-05
9.37529e-05
9.02768e-05
8.7845e-05
0.000159019
0.000151744
0.000142685
0.000136086
0.000141906
0.000136113
0.000128928
0.000123719
0.000121315
0.000117257
0.000112273
0.000108704
0.000106815
0.000103937
0.000100455
9.80096e-05
2.84297e-05
2.35479e-05
1.78841e-05
1.40828e-05
3.22469e-05
2.75401e-05
2.20048e-05
1.8222e-05
3.76541e-05
3.32211e-05
2.79412e-05
2.42717e-05
4.19938e-05
3.77907e-05
3.27536e-05
2.92244e-05
4.41316e-05
4.00735e-05
3.51905e-05
3.17512e-05
4.75724e-05
4.38463e-05
3.93397e-05
3.61443e-05
5.19511e-05
4.87088e-05
4.47751e-05
4.19729e-05
5.51848e-05
5.23497e-05
4.89131e-05
4.6465e-05
6.18488e-05
5.68285e-05
5.0749e-05
4.64425e-05
6.3156e-05
5.87681e-05
5.3442e-05
4.96572e-05
6.46741e-05
6.11129e-05
5.67918e-05
5.37198e-05
6.5664e-05
6.27365e-05
5.91998e-05
5.66957e-05
5.02762e-08
8.11907e-08
1.72505e-07
2.81299e-07
5.20859e-07
3.3363e-07
1.51358e-07
5.96627e-08
2.68878e-06
2.20577e-06
1.66193e-06
1.31218e-06
5.27487e-06
4.56112e-06
3.74553e-06
3.20969e-06
6.87506e-06
6.05002e-06
5.0974e-06
4.46286e-06
1.03697e-05
9.33686e-06
8.12432e-06
7.29921e-06
1.58142e-05
1.4509e-05
1.2957e-05
1.1884e-05
2.05878e-05
1.90762e-05
1.72663e-05
1.60042e-05
1.16714e-05
1.02454e-05
8.56511e-06
7.40981e-06
1.58702e-05
1.42646e-05
1.23493e-05
1.1013e-05
2.20848e-05
2.0284e-05
1.81159e-05
1.65869e-05
2.73366e-05
2.54172e-05
2.30955e-05
2.14496e-05
1.10418e-07
7.20617e-08
3.3844e-08
1.25827e-08
7.54092e-08
6.0532e-08
6.09674e-08
7.54232e-08
6.50517e-07
5.92355e-07
5.56457e-07
5.58434e-07
1.51178e-06
1.37262e-06
1.25137e-06
1.20354e-06
2.04922e-06
1.85504e-06
1.67012e-06
1.57963e-06
2.99869e-06
2.68207e-06
2.35862e-06
2.17837e-06
4.50923e-06
3.98107e-06
3.4162e-06
3.07764e-06
5.8579e-06
5.12929e-06
4.33441e-06
3.84387e-06
2.43061e-06
2.27718e-06
2.14373e-06
2.09663e-06
3.87921e-06
3.57848e-06
3.27278e-06
3.10917e-06
6.26488e-06
5.70931e-06
5.10224e-06
4.73168e-06
8.44021e-06
7.64588e-06
6.75412e-06
6.18606e-06
0.000562285
0.000557553
0.000551608
0.00054722
0.000510401
0.000504803
0.000497716
0.000492445
0.000444297
0.000438221
0.000430503
0.000424746
0.000395188
0.000389182
0.000381553
0.000375863
0.000369861
0.000363955
0.000356448
0.000350844
0.000323233
0.000317567
0.000310381
0.000305028
0.000263947
0.000258961
0.000252675
0.000248021
0.000220438
0.000216167
0.000210834
0.00020692
0.000399212
0.000391435
0.00038159
0.000374227
0.000343284
0.00033837
0.000332305
0.000327855
0.000273782
0.000271883
0.000269795
0.000268393
0.000223764
0.000223719
0.000224008
0.000224349
0.000197516
0.000193752
0.000189147
0.00018583
0.000155612
0.000153262
0.000150499
0.000148584
0.000107248
0.000106456
0.000105733
0.000105381
7.55242e-05
7.56471e-05
7.61297e-05
7.67115e-05
6.02385e-05
6.0813e-05
6.189e-05
6.29333e-05
3.59189e-05
3.71865e-05
3.91554e-05
4.08702e-05
1.36603e-05
1.52433e-05
1.76515e-05
1.9729e-05
3.79214e-06
5.07953e-06
7.16677e-06
9.05526e-06
5.23425e-05
5.44255e-05
5.74644e-05
6.00543e-05
2.74311e-05
2.94003e-05
3.25005e-05
3.52289e-05
6.20319e-06
7.59999e-06
1.0162e-05
1.26356e-05
4.33529e-07
4.58424e-07
1.47453e-06
2.97398e-06
0.000127353
0.000144647
0.000173253
0.000197661
9.16748e-05
0.000106441
0.000130394
0.000150907
5.63262e-05
6.66161e-05
8.37174e-05
9.8521e-05
3.65824e-05
4.31371e-05
5.50172e-05
6.54615e-05
2.64597e-05
3.24485e-05
4.19231e-05
5.00706e-05
1.26457e-05
1.54715e-05
2.07133e-05
2.56015e-05
1.01429e-06
1.63853e-06
3.22827e-06
4.97944e-06
2.29225e-06
1.42472e-06
7.2805e-07
5.55597e-07
4.08417e-05
2.64947e-05
1.84307e-05
2.08248e-05
4.11427e-05
2.2903e-05
1.24299e-05
1.23465e-05
4.64977e-05
2.08572e-05
5.62363e-06
2.36335e-06
5.60383e-05
1.91899e-05
3.22415e-06
1.32492e-06
0.00048473
0.000481673
0.000477833
0.000475001
0.000436165
0.000433202
0.000429478
0.00042673
0.000375511
0.000372763
0.00036931
0.000366764
0.000331267
0.000328742
0.000325574
0.00032324
0.000308523
0.00030614
0.000303154
0.000300957
0.000267697
0.000265599
0.000262975
0.000261051
0.000218271
0.00021655
0.000214409
0.000212847
0.000183433
0.000182
0.000180228
0.000178942
0.000318333
0.000315629
0.000312234
0.000309731
0.000276072
0.000273758
0.000270864
0.000268739
0.000224749
0.00022295
0.000220719
0.000219096
0.000188481
0.000187071
0.000185341
0.000184095
0.000165996
0.000164713
0.000163131
0.000161988
0.000135598
0.000134565
0.000133301
0.000132395
0.000100504
9.97442e-05
9.88248e-05
9.81741e-05
7.71224e-05
7.65349e-05
7.58315e-05
7.53396e-05
6.59311e-05
6.54195e-05
6.48111e-05
6.43888e-05
4.74167e-05
4.70123e-05
4.65331e-05
4.62026e-05
2.80412e-05
2.77215e-05
2.73422e-05
2.70803e-05
1.67495e-05
1.64745e-05
1.61472e-05
1.59203e-05
6.6332e-05
6.62073e-05
6.6111e-05
6.60855e-05
4.73141e-05
4.73348e-05
4.7412e-05
4.75087e-05
2.76914e-05
2.77894e-05
2.79526e-05
2.81047e-05
1.6432e-05
1.65288e-05
1.66823e-05
1.68206e-05
0.00017552
0.000174016
0.000172187
0.000170881
0.00014193
0.000140956
0.000139809
0.000139016
0.000103187
0.000102836
0.000102489
0.000102301
7.74751e-05
7.75291e-05
7.77038e-05
7.79099e-05
6.52112e-05
6.54575e-05
6.58751e-05
6.6262e-05
4.53066e-05
4.58096e-05
4.6538e-05
4.71477e-05
2.5305e-05
2.59264e-05
2.67891e-05
2.74889e-05
1.4245e-05
1.48232e-05
1.56207e-05
1.62644e-05
6.30842e-05
6.35277e-05
6.42845e-05
6.49821e-05
4.14436e-05
4.23773e-05
4.37398e-05
4.4881e-05
2.05694e-05
2.17529e-05
2.34201e-05
2.47843e-05
9.83517e-06
1.09367e-05
1.2496e-05
1.37803e-05
0.000436137
0.00043003
0.000422275
0.000416492
0.000387715
0.00038203
0.000374816
0.00036944
0.000329371
0.000324317
0.000317914
0.000313153
0.000288276
0.000283751
0.000278033
0.000273794
0.000267623
0.000263394
0.000258056
0.000254103
0.000230951
0.00022727
0.000222638
0.000219217
0.000187139
0.000184144
0.000180392
0.000177635
0.000156656
0.000154159
0.000151044
0.000148768
0.000280447
0.00027703
0.000272723
0.000269539
0.000242395
0.000239336
0.000235489
0.000232651
0.000196776
0.000194187
0.000190942
0.000188556
0.000164926
0.000162695
0.000159906
0.00015786
0.000141499
0.000139252
0.000136455
0.000134416
0.000114953
0.000113129
0.00011087
0.000109231
8.41311e-05
8.27821e-05
8.11219e-05
7.9927e-05
6.35372e-05
6.24963e-05
6.12228e-05
6.03122e-05
5.36634e-05
5.27654e-05
5.16696e-05
5.08882e-05
3.71697e-05
3.64923e-05
3.56681e-05
3.50821e-05
1.98833e-05
1.94349e-05
1.88913e-05
1.85057e-05
1.01201e-05
9.81751e-06
9.45262e-06
9.19515e-06
5.73521e-05
5.63352e-05
5.508e-05
5.41717e-05
4.01802e-05
3.93435e-05
3.83129e-05
3.75687e-05
2.21399e-05
2.15064e-05
2.07288e-05
2.0169e-05
1.18177e-05
1.13352e-05
1.0747e-05
1.03266e-05
0.000155698
0.000153909
0.000151676
0.000150041
0.000127029
0.000125485
0.000123563
0.000122159
9.38191e-05
9.25525e-05
9.09801e-05
8.98353e-05
7.16395e-05
7.05594e-05
6.92209e-05
6.82482e-05
6.10019e-05
6.00102e-05
5.8783e-05
5.78919e-05
4.32956e-05
4.24435e-05
4.13911e-05
4.06288e-05
2.46494e-05
2.39587e-05
2.31084e-05
2.24945e-05
1.38434e-05
1.32818e-05
1.2595e-05
1.21026e-05
6.40354e-05
6.32183e-05
6.22134e-05
6.1489e-05
4.59089e-05
4.52026e-05
4.43349e-05
4.37105e-05
2.68291e-05
2.62399e-05
2.55168e-05
2.49971e-05
1.56896e-05
1.51904e-05
1.45802e-05
1.41433e-05
0.000292087
0.000277946
0.000260074
0.000246821
0.000260413
0.0002483
0.000233009
0.000221687
0.000223334
0.000213654
0.000201467
0.000192474
0.00019796
0.000189988
0.000179988
0.000172644
0.000185334
0.000178204
0.000169278
0.000162737
0.000162794
0.000157099
0.000149999
0.000144822
0.00013586
0.000131842
0.00012688
0.000123304
0.000117063
0.000114181
0.000110671
0.000108186
0.000210155
0.000203478
0.000195085
0.000188904
0.000182726
0.000177329
0.000170572
0.00016562
0.00015006
0.000146165
0.00014133
0.000137824
0.00012737
0.000124496
0.00012097
0.000118451
0.000107497
0.000105151
0.000102321
0.000100344
9.01611e-05
8.86964e-05
8.69802e-05
8.58287e-05
6.9438e-05
6.89442e-05
6.84573e-05
6.82186e-05
5.51118e-05
5.52186e-05
5.5495e-05
5.58254e-05
4.79076e-05
4.8267e-05
4.88626e-05
4.94293e-05
3.5251e-05
3.5989e-05
3.70527e-05
3.79564e-05
2.12997e-05
2.23472e-05
2.37983e-05
2.49832e-05
1.2877e-05
1.40055e-05
1.5563e-05
1.6828e-05
4.7383e-05
4.74013e-05
4.7531e-05
4.7722e-05
3.36008e-05
3.39385e-05
3.44561e-05
3.49207e-05
1.87746e-05
1.93577e-05
2.0171e-05
2.0841e-05
1.01677e-05
1.07991e-05
1.16664e-05
1.2369e-05
0.000124637
0.000122228
0.000119266
0.000117144
0.000101776
0.000100044
9.79404e-05
9.64562e-05
7.50266e-05
7.40364e-05
7.28691e-05
7.20777e-05
5.7011e-05
5.64778e-05
5.58854e-05
5.55179e-05
4.82891e-05
4.79512e-05
4.76008e-05
4.74085e-05
3.35115e-05
3.34568e-05
3.34485e-05
3.34961e-05
1.7881e-05
1.80574e-05
1.83237e-05
1.85592e-05
9.03628e-06
9.2838e-06
9.62847e-06
9.9119e-06
5.04886e-05
4.98296e-05
4.90509e-05
4.85196e-05
3.48034e-05
3.43985e-05
3.39289e-05
3.36162e-05
1.83462e-05
1.81759e-05
1.7988e-05
1.78715e-05
9.10816e-06
9.05161e-06
8.9976e-06
8.97201e-06
8.9563e-05
7.94273e-05
6.71204e-05
5.83949e-05
8.71221e-05
7.81927e-05
6.73256e-05
5.95992e-05
8.48084e-05
7.73429e-05
6.82422e-05
6.17581e-05
8.35969e-05
7.71686e-05
6.93334e-05
6.37507e-05
8.28613e-05
7.69597e-05
6.97624e-05
6.46304e-05
8.08517e-05
7.58939e-05
6.98488e-05
6.55384e-05
7.82054e-05
7.44173e-05
6.98165e-05
6.65498e-05
7.61293e-05
7.31908e-05
6.96516e-05
6.71621e-05
0.000106649
0.000100029
9.18971e-05
8.60567e-05
0.000100247
9.48449e-05
8.8222e-05
8.34773e-05
9.22844e-05
8.83453e-05
8.35494e-05
8.01422e-05
8.64455e-05
8.35337e-05
8.00311e-05
7.7579e-05
7.45902e-05
7.20981e-05
6.9118e-05
6.70391e-05
7.09222e-05
6.92735e-05
6.73525e-05
6.60539e-05
6.61316e-05
6.55645e-05
6.50191e-05
6.47478e-05
6.24863e-05
6.27326e-05
6.32363e-05
6.37599e-05
6.01901e-05
6.08779e-05
6.19563e-05
6.29198e-05
5.57508e-05
5.73036e-05
5.94996e-05
6.13118e-05
5.0904e-05
5.35836e-05
5.72582e-05
6.02117e-05
4.80214e-05
5.15626e-05
5.63882e-05
6.02457e-05
5.64616e-05
5.72921e-05
5.85581e-05
5.96728e-05
4.91881e-05
5.07632e-05
5.29903e-05
5.48337e-05
4.07553e-05
4.32335e-05
4.66496e-05
4.94117e-05
3.52411e-05
3.83503e-05
4.26185e-05
4.60556e-05
9.11708e-05
8.88379e-05
8.606e-05
8.4146e-05
8.06039e-05
7.92185e-05
7.76357e-05
7.66059e-05
6.74683e-05
6.71871e-05
6.70084e-05
6.70262e-05
5.7959e-05
5.84172e-05
5.91896e-05
5.99255e-05
5.28006e-05
5.36058e-05
5.48272e-05
5.59043e-05
4.32571e-05
4.46638e-05
4.66562e-05
4.83123e-05
3.22179e-05
3.42804e-05
3.7133e-05
3.94505e-05
2.50313e-05
2.74819e-05
3.08647e-05
3.3605e-05
4.98009e-05
5.04371e-05
5.14176e-05
5.22972e-05
3.85074e-05
3.96168e-05
4.11943e-05
4.25143e-05
2.57198e-05
2.72757e-05
2.94304e-05
3.1186e-05
1.76638e-05
1.94138e-05
2.1835e-05
2.38025e-05
3.9097e-06
2.73707e-06
1.53184e-06
8.53599e-07
7.09741e-06
5.58123e-06
3.89496e-06
2.82045e-06
1.22638e-05
1.0383e-05
8.19553e-06
6.71462e-06
1.67712e-05
1.46608e-05
1.21705e-05
1.04532e-05
1.92025e-05
1.70056e-05
1.4393e-05
1.25742e-05
2.38249e-05
2.15407e-05
1.87964e-05
1.68623e-05
3.03157e-05
2.79858e-05
2.51648e-05
2.31581e-05
3.55774e-05
3.32637e-05
3.04532e-05
2.84459e-05
2.99315e-05
2.68377e-05
2.31364e-05
2.0543e-05
3.44017e-05
3.13921e-05
2.77631e-05
2.51951e-05
4.03744e-05
3.75485e-05
3.41208e-05
3.16768e-05
4.50085e-05
4.23778e-05
3.91815e-05
3.68968e-05
3.83588e-05
3.60942e-05
3.33388e-05
3.13669e-05
4.37563e-05
4.16593e-05
3.90968e-05
3.72538e-05
5.16709e-05
4.98528e-05
4.76241e-05
4.60147e-05
5.84611e-05
5.69037e-05
5.49957e-05
5.36184e-05
6.2279e-05
6.09002e-05
5.92147e-05
5.80008e-05
7.02643e-05
6.92855e-05
6.80844e-05
6.72149e-05
8.29035e-05
8.24853e-05
8.19865e-05
8.16357e-05
9.44893e-05
9.45427e-05
9.46477e-05
9.47534e-05
6.48793e-05
6.41603e-05
6.33458e-05
6.28045e-05
7.03928e-05
7.03599e-05
7.04065e-05
7.05012e-05
7.94292e-05
8.03674e-05
8.16561e-05
8.2688e-05
8.79275e-05
8.96834e-05
9.20328e-05
9.38764e-05
5.65524e-05
5.39743e-05
5.08541e-05
4.86342e-05
5.8618e-05
5.66068e-05
5.41893e-05
5.24803e-05
6.1529e-05
6.03277e-05
5.89301e-05
5.79756e-05
6.39605e-05
6.34357e-05
6.29025e-05
6.25975e-05
6.50706e-05
6.49571e-05
6.49535e-05
6.50504e-05
6.73809e-05
6.81311e-05
6.92287e-05
7.01521e-05
7.18151e-05
7.37736e-05
7.64344e-05
7.85497e-05
7.64267e-05
7.9387e-05
8.33603e-05
8.64892e-05
6.32965e-05
6.36652e-05
6.43131e-05
6.49298e-05
6.21469e-05
6.34333e-05
6.52617e-05
6.67719e-05
6.17318e-05
6.42685e-05
6.77276e-05
7.04904e-05
6.2349e-05
6.58921e-05
7.06822e-05
7.44816e-05
5.02886e-07
4.71672e-07
4.26207e-07
3.89772e-07
1.64416e-08
2.07138e-08
3.43078e-08
5.49562e-08
6.92459e-07
6.45627e-07
6.18832e-07
6.30457e-07
2.03134e-06
1.88902e-06
1.76457e-06
1.72242e-06
2.95425e-06
2.74852e-06
2.55129e-06
2.46134e-06
4.995e-06
4.61717e-06
4.2149e-06
3.98308e-06
8.37804e-06
7.71571e-06
6.97117e-06
6.49933e-06
1.14704e-05
1.055e-05
9.49208e-06
8.79811e-06
4.20256e-06
3.78382e-06
3.32571e-06
3.04759e-06
6.9367e-06
6.32088e-06
5.62307e-06
5.17491e-06
1.13758e-05
1.04647e-05
9.40619e-06
8.70064e-06
1.53771e-05
1.42156e-05
1.28492e-05
1.19218e-05
1.32479e-05
1.21673e-05
1.09123e-05
1.00764e-05
1.69073e-05
1.54724e-05
1.37756e-05
1.26165e-05
2.25317e-05
2.05545e-05
1.8182e-05
1.65291e-05
2.75324e-05
2.50739e-05
2.21027e-05
2.00128e-05
3.04344e-05
2.76781e-05
2.43365e-05
2.1976e-05
3.65769e-05
3.3189e-05
2.90525e-05
2.61051e-05
4.62229e-05
4.18554e-05
3.64974e-05
3.26551e-05
5.50156e-05
4.9763e-05
4.3307e-05
3.86645e-05
4.04456e-05
3.76864e-05
3.42878e-05
3.18418e-05
4.86221e-05
4.53371e-05
4.1257e-05
3.82922e-05
6.14051e-05
5.73018e-05
5.21792e-05
4.84328e-05
7.30189e-05
6.81762e-05
6.21197e-05
5.7679e-05
2.33286e-05
2.17103e-05
1.97638e-05
1.83989e-05
2.90206e-05
2.71989e-05
2.49825e-05
2.34076e-05
3.76366e-05
3.55264e-05
3.29291e-05
3.10589e-05
4.52124e-05
4.28605e-05
3.99467e-05
3.7833e-05
4.9645e-05
4.71541e-05
4.40576e-05
4.18028e-05
5.90087e-05
5.62386e-05
5.27604e-05
5.01997e-05
7.36266e-05
7.041e-05
6.63457e-05
6.33326e-05
8.68914e-05
8.32661e-05
7.86764e-05
7.52655e-05
5.7125e-05
5.51227e-05
5.26329e-05
5.08141e-05
6.64565e-05
6.45085e-05
6.20572e-05
6.02443e-05
8.10638e-05
7.91671e-05
7.67604e-05
7.49657e-05
9.43438e-05
9.2477e-05
9.01019e-05
8.83268e-05
2.79847e-08
2.77263e-08
3.17912e-08
4.73304e-08
4.25225e-08
8.82939e-09
1.06064e-08
6.28719e-08
2.77018e-07
1.47296e-07
1.03962e-07
1.96972e-07
6.03865e-07
3.50003e-07
2.32518e-07
3.51059e-07
8.06231e-07
4.92395e-07
2.73586e-07
2.87367e-07
1.00321e-06
6.17678e-07
3.01921e-07
2.25172e-07
1.29131e-06
8.1756e-07
3.85515e-07
2.06032e-07
1.5329e-06
1.00111e-06
4.8996e-07
2.42816e-07
1.48602e-06
1.24883e-06
1.01684e-06
8.91661e-07
2.03911e-06
1.70393e-06
1.36641e-06
1.17743e-06
2.85672e-06
2.36515e-06
1.85918e-06
1.56853e-06
3.54286e-06
2.91142e-06
2.25461e-06
1.87283e-06
1.57573e-06
1.03446e-06
5.0679e-07
2.45378e-07
1.50939e-06
9.9207e-07
4.80179e-07
2.26235e-07
1.44147e-06
9.70173e-07
4.94547e-07
2.658e-07
1.40742e-06
9.77e-07
5.38519e-07
3.41735e-07
1.3214e-06
9.00331e-07
5.1377e-07
3.98302e-07
1.26946e-06
8.15026e-07
3.96401e-07
2.46835e-07
1.37751e-06
8.16094e-07
3.07015e-07
1.07982e-07
1.61307e-06
9.32238e-07
3.24555e-07
8.48244e-08
5.51333e-06
4.12814e-06
2.65791e-06
1.78379e-06
5.97833e-06
4.41815e-06
2.75423e-06
1.75935e-06
6.80705e-06
5.00414e-06
3.07246e-06
1.9111e-06
7.62028e-06
5.62288e-06
3.47754e-06
2.18388e-06
6.53908e-06
5.69013e-06
4.75502e-06
4.16981e-06
7.74941e-06
6.64916e-06
5.41873e-06
4.63199e-06
9.60662e-06
8.12612e-06
6.449e-06
5.35756e-06
1.12566e-05
9.4444e-06
7.3777e-06
6.02065e-06
1.21222e-05
1.01181e-05
7.82857e-06
6.32174e-06
1.39054e-05
1.14972e-05
8.73422e-06
6.90606e-06
1.67743e-05
1.37423e-05
1.02514e-05
7.93169e-06
1.94318e-05
1.58406e-05
1.17004e-05
8.94483e-06
2.06639e-05
1.81804e-05
1.52389e-05
1.32168e-05
2.44822e-05
2.14172e-05
1.77658e-05
1.52369e-05
3.05253e-05
2.65567e-05
2.18077e-05
1.8499e-05
3.60638e-05
3.12775e-05
2.55393e-05
2.15308e-05
