FiniteElementSpace
FiniteElementCollection: H1_2D_P2
VDim: 2
Ordering: 0

0
1.03467
2.06693
3.09556
4.11731
5.12682
6.12465
7.11817
8.1132
0
1.00005
2.00384
3.00525
4.00386
5.00429
6.00983
7.0161
8.01548
0.517329
1.01741
0.49941
0
1.55128
2.03571
1.50197
2.58177
3.0509
2.50502
3.60768
4.06113
3.50469
4.62376
5.06592
4.50351
5.62682
6.06746
5.5065
6.62142
7.06745
6.51341
7.61549
8.06476
7.51688
0.50718
1.52687
2.54381
3.55674
4.56411
5.56692
6.56766
7.56658
0.258582
0.511669
0.252537
0
1.29311
1.53904
1.27222
1.02589
2.32445
2.56285
2.28987
2.05136
3.35188
3.58215
3.30399
3.07326
4.37096
4.59369
4.31278
4.08905
5.37716
5.59667
5.3165
5.09609
6.37309
6.59465
6.3176
6.09599
7.36675
7.59133
7.31711
7.09306
0.776008
0.762371
1.00898
0.749442
0.503445
0.249995
0
1.80921
1.78137
2.0199
1.75296
1.51459
1.25095
2.83883
2.7975
3.0283
2.75525
2.52456
2.25454
3.86286
3.80912
4.03294
3.75426
3.53105
3.25504
4.87571
4.81514
5.03556
4.75373
4.5343
4.25358
5.87594
5.81723
6.03881
5.75807
5.53704
5.25522
6.86974
6.81762
7.04167
6.76494
6.54054
6.26166
7.86434
8.08924
7.81581
8.04009
7.76643
7.54163
7.26677
0.254389
1.28258
2.30722
3.32792
4.34166
5.34657
6.34537
7.34222
0.768937
0.756164
0.251138
1.79529
1.7673
1.2618
2.81821
2.77655
2.27233
3.83587
3.78209
3.2798
4.84515
4.78492
4.28366
5.84644
5.7879
5.28626
6.84388
6.79122
6.28971
7.84037
7.79104
7.29183
0.128641
0.256069
0.126537
0
1.16393
1.28781
1.15426
1.03024
2.19572
2.31584
2.17931
2.05915
3.22378
3.33988
3.20064
3.0844
4.24424
4.35621
4.21543
4.1031
5.25208
5.36176
5.22139
5.11134
6.24889
6.35923
6.2207
6.11029
7.24244
7.35458
7.21765
7.1057
0.64664
0.772413
0.640346
0.514361
0.634775
0.759263
0.629781
0.505288
0.125888
0.251826
0.125394
0
1.68027
1.80224
1.66719
1.54514
1.65414
1.77436
1.64096
1.52076
1.14484
1.26704
1.13539
1.01321
2.71033
2.82852
2.69057
2.57232
2.67069
2.78706
2.65059
2.53421
2.16281
2.28113
2.14614
2.02783
3.73535
3.84931
3.70908
3.59488
3.68297
3.79567
3.6566
3.54395
3.17749
3.29195
3.15408
3.03965
4.74984
4.86032
4.71949
4.60862
4.68966
4.8001
4.65961
4.54928
4.187
4.2983
4.15831
4.04711
5.75144
5.86113
5.72159
5.61166
5.69209
5.80261
5.66246
5.55203
5.19123
5.30144
5.1609
5.0508
6.74557
6.85687
6.71927
6.60807
6.69265
6.80442
6.6659
6.55411
6.19254
6.30367
6.16426
6.05316
7.73991
7.85245
7.71586
7.60351
7.69122
7.80342
7.66639
7.55411
7.1923
7.30447
7.16679
7.05456
0.388046
0.382952
0.509301
0.379702
0.253398
0
1.42223
1.41083
1.53296
1.39957
1.27739
1.02161
2.45314
2.43506
2.55335
2.41686
2.29856
2.04355
3.47985
3.4551
3.56945
3.43041
3.31597
3.0621
4.49747
4.46774
4.57888
4.43849
4.32721
4.07509
5.50207
5.47166
5.58178
5.44173
5.33152
5.08098
6.49726
6.47002
6.58118
6.44264
6.3315
6.08172
7.4911
7.46678
7.579
7.44187
7.32971
7.0803
0.905365
0.897448
0.889919
0.76558
0.882566
1.00462
0.874691
0.752931
0.624336
0.501526
0.377202
0.37465
0.250525
0.125177
0
1.93809
1.92335
1.90856
1.78834
1.89362
2.0119
1.87842
1.76017
1.62747
1.50833
1.3882
1.37646
1.25645
1.12548
2.96724
2.94578
2.92424
2.80788
2.90246
3.01685
2.88028
2.76596
2.63017
2.51483
2.39847
2.37981
2.26347
2.12922
3.99018
3.96253
3.93517
3.8225
3.90753
4.01855
3.87906
3.76831
3.62948
3.51798
3.40546
3.37988
3.26751
3.13017
5.00136
4.97068
4.94055
4.83012
4.91023
5.02008
4.87897
4.76949
4.62858
4.51908
4.40899
4.37852
4.26879
4.1287
6.00033
5.97124
5.94236
5.83183
5.91335
6.02437
5.88393
5.77307
5.63225
5.52188
5.41164
5.38082
5.27088
5.12971
6.99394
6.96847
6.94255
6.83078
6.91648
7.02884
6.89057
6.77805
6.63921
6.52697
6.41514
6.38756
6.27571
6.13574
7.98878
8.10131
7.96485
8.07705
7.94032
7.82814
8.05243
7.91559
8.02775
7.89101
7.7787
7.64173
7.52921
7.41678
7.3919
7.27925
7.1415
0.127085
1.15905
2.18752
3.2122
4.22975
5.23662
6.23478
7.23013
0.643408
0.632261
0.125628
1.67372
1.64758
1.14014
2.70046
2.66067
2.1545
3.72217
3.66985
3.16583
4.73455
4.6747
4.17273
5.73644
5.67732
5.17613
6.73247
6.67929
6.17842
7.72798
7.67881
7.17955
0.385269
0.3812
0.126164
1.4165
1.4052
1.14953
2.44411
2.42598
2.17108
3.46745
3.44276
3.18908
4.48251
4.4531
4.20121
5.48677
5.45668
5.20629
6.48366
6.45635
6.20662
7.47904
7.45438
7.20502
0.901357
0.893632
0.63746
0.88625
0.878748
0.627182
0.378425
0.375967
0.125184
1.93072
1.91597
1.66067
1.90112
1.88606
1.63426
1.39391
1.38239
1.13052
2.95651
2.93503
2.68065
2.91339
2.89143
2.64042
2.4077
2.38918
2.13771
3.97629
3.94885
3.69603
3.92142
3.89344
3.64316
3.41799
3.39277
3.14221
4.98591
4.9556
4.70455
4.92546
4.89476
4.64426
4.42381
4.39392
4.14367
5.98574
5.95679
5.70683
5.92789
5.89871
5.64746
5.42674
5.39636
5.14545
6.98128
6.95555
6.70599
6.92952
6.90349
6.65254
6.4289
6.40135
6.15004
7.97691
7.95263
7.70359
7.92796
7.90327
7.65402
7.42933
7.40429
7.1541
0
0.0334797
0.0851666
0.164448
0.271515
0.396478
0.519336
0.626367
0.722451
1
1.01518
1.0663
1.14498
1.25206
1.37888
1.50575
1.6175
1.71767
0.018231
0.520879
1.00071
0.5
0.055903
0.572749
1.03737
0.121249
0.651888
1.10205
0.214786
0.759971
1.19517
0.332918
0.887753
1.31409
0.459407
1.01398
1.4436
0.574961
1.12306
1.56376
0.674905
1.22031
1.66818
0.505347
0.543531
0.608705
0.70251
0.82259
0.952436
1.07085
1.1721
0.0126077
0.261018
0.500788
0.25
0.0438092
0.298967
0.531369
0.2764
0.102337
0.364251
0.589855
0.32823
0.188749
0.45801
0.676283
0.407459
0.301776
0.577478
0.790782
0.51525
0.428188
0.706139
0.920339
0.642095
0.547715
0.823312
1.04304
0.767033
0.650875
0.923657
1.14784
0.87503
0.0249952
0.512161
0.767109
1.0068
0.751838
0.997867
0.75
0.0696952
0.557323
0.818767
1.051
0.789668
1.02541
0.141945
0.629366
0.897708
1.1226
0.854624
1.0833
0.242436
0.730465
1.00558
1.22285
0.94822
1.16918
0.364604
0.855041
1.13339
1.34631
1.06815
1.28256
0.489859
0.983732
1.26026
1.47513
1.1983
1.41142
0.601132
1.09748
1.37055
1.59111
1.31769
1.53531
0.698721
0.971424
1.19613
1.469
1.693
1.42026
1.6431
0.255186
0.286819
0.34537
0.431834
0.545886
0.674368
0.795783
0.899597
0.26781
0.758413
0.748426
0.312774
0.803397
0.777563
0.384933
0.875237
0.835822
0.485875
0.97612
0.922048
0.609673
1.10062
1.03636
0.737104
1.22978
1.16607
0.849677
1.34463
1.28958
0.947507
1.44461
1.39567
0.00825575
0.133594
0.252605
0.125
0.0384189
0.165128
0.281388
0.154753
0.0935362
0.223674
0.336586
0.20652
0.176371
0.310114
0.419417
0.285772
0.286512
0.423724
0.530429
0.39325
0.412378
0.551306
0.658272
0.51928
0.533673
0.671863
0.781559
0.64329
0.638698
0.775299
0.887395
0.750785
0.0214194
0.146224
0.2642
0.139508
0.508504
0.635026
0.754827
0.628313
0.499865
0.624395
0.748504
0.625
0.0625901
0.191056
0.305664
0.177254
0.550223
0.680168
0.796329
0.666401
0.525909
0.654256
0.772124
0.643764
0.131368
0.263256
0.374363
0.242568
0.618806
0.75212
0.864701
0.731479
0.581088
0.712651
0.827081
0.695569
0.228414
0.364002
0.471741
0.33623
0.716282
0.85316
0.961964
0.825214
0.663853
0.799
0.909646
0.774622
0.348714
0.487096
0.593523
0.455121
0.838759
0.97781
1.08433
0.94532
0.775232
0.913488
1.02082
0.882666
0.474748
0.613568
0.721737
0.582832
0.9682
1.10683
1.21415
1.07543
0.904084
1.04324
1.14976
1.01058
0.588179
0.725509
0.836631
0.69925
1.08431
1.22113
1.3313
1.19436
1.02866
1.1664
1.27507
1.13721
0.686822
0.823136
0.935591
0.79932
1.18412
1.32038
1.43245
1.29621
1.13554
1.27181
1.38319
1.24687
0.0153227
0.258036
0.382931
0.50276
0.37768
0.375
0.0496421
0.292683
0.421056
0.537244
0.408894
0.398434
0.11157
0.354588
0.486296
0.599057
0.467429
0.450304
0.201551
0.444702
0.580107
0.689174
0.553893
0.529499
0.317255
0.561584
0.699972
0.806583
0.668244
0.637495
0.443881
0.690336
0.829339
0.936468
0.79738
0.764922
0.561484
0.809697
0.947174
1.0571
0.919504
0.890594
0.662932
0.911672
1.04791
1.16002
1.02378
0.999119
0.0290013
0.271872
0.516289
0.389775
0.762526
0.89092
1.01075
0.88234
1.00344
0.875945
0.749672
0.9988
0.872859
0.998118
0.875
0.0772205
0.320294
0.564829
0.43486
0.810875
0.942344
1.05844
0.92701
1.04398
0.913328
0.783411
1.03119
0.901289
1.02008
0.152966
0.395964
0.640393
0.50697
0.886239
1.02115
1.13356
0.998726
1.1121
0.978146
0.845001
1.09246
0.959371
1.07459
0.256806
0.500388
0.745039
0.608034
0.990668
1.12871
1.23728
1.09935
1.20881
1.07153
0.934911
1.18196
1.04544
1.15685
0.380541
0.625879
0.871388
0.732325
1.11699
1.25616
1.36257
1.22346
1.33014
1.19108
1.05215
1.29822
1.15938
1.26716
0.504735
0.752208
0.998998
0.86049
1.24515
1.38311
1.49057
1.35255
1.45947
1.32104
1.18226
1.42758
1.2888
1.39517
0.613858
0.862466
1.11039
0.973662
1.35771
1.49409
1.60442
1.46796
1.57757
1.44083
1.30378
1.54968
1.41256
1.52068
0.71059
0.84693
0.959442
1.09589
1.20818
1.07184
1.34468
1.45679
1.59332
1.70534
1.56881
1.6806
1.54424
1.40801
1.65569
1.51943
1.63038
0.129817
0.159717
0.214882
0.297715
0.40835
0.535335
0.657725
0.763122
0.142658
0.631391
0.624043
0.183947
0.673081
0.648797
0.252684
0.74157
0.703897
0.349917
0.838981
0.786579
0.471059
0.961506
0.897931
0.598315
1.09124
1.02694
0.712514
1.20789
1.15196
0.811237
1.30831
1.25942
0.136523
0.3801
0.37602
0.170979
0.414767
0.403446
0.232899
0.47664
0.458653
0.322955
0.566778
0.541465
0.439328
0.684007
0.652728
0.567152
0.813441
0.781191
0.685704
0.933491
0.905201
0.787354
1.03589
1.01153
0.150255
0.393872
0.386126
0.639163
0.886392
0.878832
0.62596
0.873914
0.873221
0.198579
0.442375
0.427753
0.687662
0.934469
0.919965
0.660124
0.907103
0.895891
0.274283
0.518002
0.496404
0.763137
1.00971
0.988208
0.721843
0.968537
0.950644
0.378455
0.622588
0.593867
0.867733
1.11385
1.08523
0.811884
1.05826
1.03306
0.503185
0.748617
0.716094
0.994184
1.23979
1.20721
0.929299
1.17512
1.1439
0.628567
0.875682
0.845031
1.12216
1.36797
1.3369
1.05941
1.30499
1.27251
0.738258
0.986505
0.960557
1.23412
1.48114
1.45453
1.18053
1.42684
1.39798
0.835027
1.08383
1.05988
1.3325
1.58106
1.55654
1.28406
1.53189
1.50685
