FiniteElementSpace
FiniteElementCollection: H1_2D_P2
VDim: 2
Ordering: 0

0
0.00130146
-0.00105532
-0.00983845
-0.0233791
-0.032316
-0.0258496
-0.00375323
0.022468
0
0.000787756
0.00331091
-0.000433018
-0.0142809
-0.0295413
-0.0320776
-0.0165498
0.00871889
0.000964098
0.0010395
-0.000110006
0
0.000781931
0.00166795
0.00227171
-0.00457354
-0.00448067
0.00271415
-0.0164348
-0.0190411
-0.00634216
-0.0292128
-0.0323361
-0.0226747
-0.0313773
-0.0306475
-0.0330647
-0.0161895
-0.0109593
-0.0263331
0.00963667
0.0155383
-0.00423214
0.000260097
0.00179058
-0.00022378
-0.0110523
-0.0267969
-0.0339332
-0.0226039
0.00242363
0.00057855
0.000404068
5.77559e-05
0
0.00117774
0.00128238
0.00146666
0.00104008
-0.00259082
-0.00214217
0.000991858
0.000447701
-0.0130184
-0.0135195
-0.0075128
-0.00686656
-0.0265373
-0.0281438
-0.0230709
-0.0211469
-0.0324083
-0.0330977
-0.0337094
-0.032648
-0.0214687
-0.0198294
-0.0271698
-0.0287296
0.00293756
0.00589445
-0.00435547
-0.00766239
0.00121222
0.00060962
0.0010299
0.000218943
0.000171197
-0.000154812
0
5.52603e-05
0.00189709
0.00263393
0.00292246
0.00216894
0.00151237
-0.00700063
-0.00204109
-0.00239255
0.00149329
0.00136795
0.00328606
-0.0199461
-0.0149586
-0.0168216
-0.0101403
-0.00872987
-0.0030653
-0.0312008
-0.0299645
-0.0313454
-0.0264229
-0.0250336
-0.0185419
-0.0291826
-0.032919
-0.0317535
-0.0331736
-0.0339444
-0.0318134
-0.0102085
-0.0171262
-0.013851
-0.021867
-0.0247257
-0.0297767
0.0161628
0.0189911
0.00913178
0.0121558
0.00228073
-0.000882168
-0.0105925
0.000118536
0.00125006
-0.000593528
-0.00999368
-0.0248408
-0.0334505
-0.0247868
-0.000931423
0.000735517
0.000519307
1.81375e-05
0.00104547
0.00255373
0.00161742
-0.00423382
-0.000175505
0.00227681
-0.0172998
-0.0126431
-0.0052686
-0.0308188
-0.0285523
-0.0210365
-0.0315234
-0.0334763
-0.0331984
-0.0140452
-0.0196726
-0.0288047
0.0125851
0.00575217
-0.00750154
0.000289528
0.000260721
4.58844e-05
0
0.00126889
0.00118395
0.00116131
0.00112157
-0.00176975
-0.00152895
-1.41651e-05
-0.000262625
-0.0113915
-0.0114144
-0.00837411
-0.00825613
-0.025004
-0.0256874
-0.0230271
-0.0222318
-0.0324989
-0.033033
-0.0331858
-0.0325646
-0.0237854
-0.0232599
-0.0268942
-0.0274235
-0.000422388
0.000940475
-0.00432478
-0.00579624
0.00110471
0.000909658
0.000569452
0.000609447
0.000420072
0.000577033
0.000321077
0.000225185
1.75708e-05
4.23035e-05
6.10634e-07
0
0.000461871
0.000567342
0.00120251
0.00102479
0.00187787
0.00225506
0.00239095
0.00200521
0.00125901
0.00156289
0.00132066
0.00105111
-0.00573401
-0.00552465
-0.00312057
-0.00327685
-0.00105585
-0.00107785
0.000679287
0.000605785
0.00139129
0.00166868
0.00251798
0.00218375
-0.0181877
-0.0185654
-0.015389
-0.0148989
-0.012971
-0.0138122
-0.0106408
-0.00988796
-0.00592758
-0.00637556
-0.00375142
-0.00341232
-0.0303045
-0.0310671
-0.0295731
-0.0287069
-0.0284653
-0.0293362
-0.026869
-0.0259774
-0.0210779
-0.0220987
-0.0189404
-0.017959
-0.0304283
-0.0304826
-0.0324638
-0.0323569
-0.0335824
-0.0333008
-0.0338658
-0.034043
-0.0331572
-0.0335538
-0.0324011
-0.0319316
-0.0132752
-0.0122361
-0.0170269
-0.0181333
-0.0199654
-0.0184545
-0.0223086
-0.0237365
-0.0290524
-0.0280734
-0.0304272
-0.0312975
0.0129327
0.0143627
0.0092681
0.00773122
0.00579982
0.0074418
0.0024478
0.000760755
-0.00769592
-0.00595122
-0.0107262
-0.0124433
0.000790576
0.000247844
0.000309487
0.00013868
7.67496e-05
0
0.00101625
0.00129335
0.00154499
0.00164803
0.00135546
0.00102712
-0.0035273
-0.00130273
-0.00113391
0.000455264
0.000241166
0.00108993
-0.0147045
-0.0117153
-0.0122526
-0.00922743
-0.00870871
-0.00562273
-0.0279473
-0.0265554
-0.0275133
-0.0249876
-0.0239777
-0.020095
-0.0320395
-0.0334231
-0.0336194
-0.0339707
-0.0336744
-0.0325726
-0.018933
-0.0224239
-0.0213092
-0.0250121
-0.0260808
-0.0297965
0.00630066
0.00248418
0.00412928
-0.000972411
-0.00268923
-0.00937372
0.00127931
0.000894638
0.000819221
0.000652781
0.000758888
0.000950863
0.000477809
0.000408829
2.09513e-05
6.71124e-05
7.15928e-05
-0.000171417
-4.06844e-05
-7.07532e-05
0
-0.000450851
0.000796089
0.00183102
0.00149183
0.00264068
0.00301237
0.0031629
0.00278092
0.00262307
0.00226423
0.00190568
0.00189826
0.00160842
0.00113862
-0.00837229
-0.00548555
-0.00318469
-0.00308518
-0.00119932
-0.00140428
0.000624936
0.00067827
0.00219489
0.00206932
0.00189761
0.00308083
0.00281657
0.0033636
-0.0216829
-0.019228
-0.0169916
-0.0161114
-0.014713
-0.0156034
-0.0121802
-0.0114267
-0.0081838
-0.00755485
-0.00693319
-0.00462584
-0.00417123
-0.00165865
-0.0318783
-0.0318503
-0.0312625
-0.0304547
-0.030054
-0.0305569
-0.0280801
-0.0275894
-0.0246166
-0.023941
-0.023079
-0.020643
-0.019859
-0.0164125
-0.0276576
-0.0302753
-0.0319376
-0.0323297
-0.0327709
-0.0320165
-0.0327823
-0.033439
-0.0332726
-0.0336251
-0.0337177
-0.0325812
-0.032626
-0.0308007
-0.0070264
-0.0109134
-0.0141135
-0.0156647
-0.0168431
-0.0152116
-0.0193024
-0.0208045
-0.0242196
-0.0255886
-0.0268974
-0.0281942
-0.0293728
-0.0310791
0.0193437
0.0207337
0.0158266
0.0172521
0.0123835
0.0108422
0.0138447
0.00899707
0.0104615
0.00552913
0.00404277
-0.000974276
-0.00253478
-0.00420948
-0.00744417
-0.00903832
-0.0136353
8.88261e-05
0.00117515
-0.000839259
-0.00978796
-0.0239991
-0.0329355
-0.0254728
-0.00244963
0.000767093
0.000381521
1.05968e-05
0.000837048
0.00216192
0.00130834
-0.00433969
-0.000156066
0.00198828
-0.0167199
-0.0118098
-0.00481959
-0.0299819
-0.0277372
-0.0200454
-0.0315704
-0.0338281
-0.0328748
-0.0152678
-0.0212005
-0.0298317
0.0110775
0.00411892
-0.00924131
0.000439801
0.00017314
2.29873e-05
0.00113597
0.00147335
0.00120212
-0.00234223
-0.000377813
0.000725877
-0.0131243
-0.010432
-0.00710257
-0.0272649
-0.0258039
-0.0220638
-0.0328427
-0.0337966
-0.0332594
-0.0208065
-0.0238159
-0.0280789
0.0043434
0.0007183
-0.00606471
0.00102982
0.000840282
0.000472761
0.0008034
0.000659172
0.000209184
0.000112321
-1.69199e-05
-1.82669e-05
0.000201979
0.00134
0.0015547
0.00226709
0.00294276
0.00255005
0.00179993
0.00194546
0.00127227
-0.00683358
-0.00428298
-0.00203705
-0.00216446
-0.000273885
0.00146027
0.00121057
0.00252032
0.00297782
-0.0204108
-0.0181012
-0.014154
-0.0158717
-0.0134902
-0.00943942
-0.00807097
-0.0057915
-0.00270348
-0.0319344
-0.0316285
-0.0290724
-0.0307428
-0.0291743
-0.0258368
-0.0240869
-0.021939
-0.0177373
-0.0290981
-0.0312151
-0.0331297
-0.0324547
-0.0328838
-0.0336861
-0.0339466
-0.0332693
-0.0317172
-0.00906909
-0.0125845
-0.0185823
-0.0155249
-0.0180954
-0.0233107
-0.0260339
-0.0276162
-0.0308444
0.0175811
0.0140921
0.0075113
0.0106908
0.00728628
0.000760951
-0.00260704
-0.00581113
-0.0121817
0
0.00258681
0.00278402
-0.00285926
-0.0144483
-0.0276511
-0.0352659
-0.0317643
-0.0195596
0
0.00195645
-0.00126172
-0.0136722
-0.0281965
-0.033575
-0.0257767
-0.0100632
0.00534821
0.0014247
0.00254203
0.00103818
0
0.00323388
0.00135666
0.00149516
0.000808874
-0.00804826
-0.00651865
-0.00808693
-0.0218095
-0.0214331
-0.0212632
-0.0315447
-0.0325329
-0.032624
-0.0314465
-0.0311633
-0.0349879
-0.0213893
-0.0183552
-0.0262245
-0.00716742
-0.00197494
0.00116803
0.00287868
-0.00236747
-0.0148981
-0.0276595
-0.0328828
-0.027412
-0.0143142
0.000828724
0.00131387
0.000458754
0
0.00301273
0.00329913
0.00290048
0.00272426
0.00200443
-0.000635898
-0.000231317
0.00231017
-0.00529828
-0.011709
-0.0113923
-0.00547932
-0.0178502
-0.0248934
-0.0249306
-0.0184957
-0.0303761
-0.0330588
-0.0325551
-0.0300023
-0.0355087
-0.0312261
-0.0297257
-0.0335235
-0.0292202
-0.0201798
-0.0179195
-0.026501
0.0020339
0.00191977
0.00224462
0.00158995
0.0010621
0.000487213
0
0.0031781
0.00238459
0.000132582
0.000435053
0.00222813
0.0019701
-0.000814744
-0.00500165
-0.0107187
-0.00992615
-0.00432268
-0.00359658
-0.011163
-0.0184193
-0.0248934
-0.0250385
-0.0180242
-0.0175753
-0.0245714
-0.029892
-0.0326307
-0.0334923
-0.0300582
-0.0307385
-0.0342841
-0.0325106
-0.0289132
-0.0287915
-0.0322192
-0.0327841
-0.0337201
-0.0245957
-0.0160386
-0.0142445
-0.023232
-0.0222495
-0.0229475
-0.0133301
-0.0106904
-0.000969642
0.00177706
-0.00833826
-0.00594009
0.000542352
0.00316736
0.0010893
-0.00846755
-0.0218018
-0.0318275
-0.0327119
-0.0234737
0.00207067
0.00172928
0.000419093
0.00303446
0.00147369
0.00245332
-0.00284278
-0.0073308
-0.00180978
-0.0150914
-0.0215988
-0.0143391
-0.0276607
-0.0317048
-0.0277555
-0.0336364
-0.0309049
-0.0328031
-0.029125
-0.0197614
-0.026322
-0.0167544
-0.00457685
-0.0121919
0.000479692
0.000651453
0.000226047
0
0.00281811
0.0031621
0.00297761
0.00271146
0.00244296
0.0016128
0.00176136
0.00262617
-0.00403154
-0.00692724
-0.00693613
-0.0041812
-0.01614
-0.0199622
-0.0201681
-0.0165954
-0.0290665
-0.0312092
-0.030984
-0.0289515
-0.035484
-0.0341214
-0.0332039
-0.0344308
-0.030558
-0.0262998
-0.0250296
-0.0290897
0.00173122
0.0020871
0.00169791
0.00138047
0.00155135
0.00182247
0.00140479
0.00110758
0.000190113
0.000433629
0.000177549
0
0.0032423
0.00319064
0.00321934
0.00334836
0.0026943
0.00195153
0.00192195
0.00257099
0.00276143
0.00268856
0.00239632
0.00239832
4.98351e-05
-0.0018099
-0.00168314
0.00013194
-0.00362808
-0.0061393
-0.00577117
-0.00331695
0.000631619
-0.00099277
-0.00076409
0.000770466
-0.00959257
-0.0132299
-0.0133902
-0.00997347
-0.0166665
-0.0200008
-0.0198366
-0.0164464
-0.00969214
-0.0128456
-0.0125102
-0.00935925
-0.0229377
-0.0262523
-0.0263236
-0.0232187
-0.0288431
-0.0308257
-0.0309684
-0.0288763
-0.0234117
-0.0263511
-0.0263874
-0.0233509
-0.0335354
-0.0340217
-0.0334316
-0.0329272
-0.0327835
-0.0317693
-0.0316503
-0.032606
-0.0321325
-0.0327258
-0.0328118
-0.032125
-0.0344459
-0.0313921
-0.0302472
-0.0330953
-0.0260597
-0.0222389
-0.0215361
-0.0253873
-0.0306641
-0.0280909
-0.0276863
-0.0302455
-0.0246076
-0.0198251
-0.0184763
-0.023161
-0.0124984
-0.00765358
-0.006441
-0.0113571
-0.0196794
-0.0150981
-0.014123
-0.0187666
0.0011183
0.000925033
0.00123822
0.000798164
0.000493447
0
0.00315107
0.00327658
0.00312986
0.0029427
0.00306798
0.00265727
0.00145857
0.000287468
-0.00147174
-0.00123437
0.000467632
0.00187688
-0.00665169
-0.010064
-0.0133323
-0.0131347
-0.00994248
-0.0067604
-0.0195616
-0.023381
-0.026351
-0.0263508
-0.0234337
-0.0202097
-0.0315683
-0.0325209
-0.0330393
-0.0328051
-0.0322659
-0.0308515
-0.0353454
-0.0320501
-0.0293461
-0.0286373
-0.0312574
-0.0325348
-0.0277682
-0.0218516
-0.0172432
-0.0161264
-0.020697
-0.0239523
0.00231915
0.00241629
0.00225556
0.00200714
0.00201667
0.00209354
0.00180947
0.001649
0.0013259
0.00103784
0.000726069
0.000748778
0.000433667
0.000242796
0
0.00302449
0.00273111
0.00193872
0.00275374
0.000878705
-0.000546485
-0.000326707
0.000965052
0.00104782
0.00186554
0.00240213
0.00180514
0.00220965
0.00202006
-0.0017858
-0.00411286
-0.00648108
-0.0039043
-0.00898595
-0.0121475
-0.011763
-0.00858726
-0.0081646
-0.00538698
-0.0029985
-0.00498362
-0.00267733
-0.0023454
-0.0127839
-0.0167983
-0.0201399
-0.0167993
-0.0232915
-0.026491
-0.0266848
-0.0232616
-0.0232788
-0.019672
-0.0161848
-0.0195205
-0.0159039
-0.015613
-0.0261479
-0.02889
-0.0307947
-0.0288544
-0.0322606
-0.0331032
-0.0336469
-0.0325794
-0.0331231
-0.0312605
-0.0289838
-0.0317376
-0.0292003
-0.0295548
-0.0348662
-0.033667
-0.0320626
-0.0331335
-0.029989
-0.0274311
-0.0273595
-0.0299153
-0.0300681
-0.0317364
-0.0326045
-0.0320764
-0.0328159
-0.03329
-0.0328235
-0.0278714
-0.0230334
-0.0268766
-0.0179232
-0.0131525
-0.0121542
-0.0171119
-0.0163185
-0.020902
-0.0248319
-0.0203406
-0.0243862
-0.0240707
-0.0212555
-0.0164286
-0.0150318
-0.0102417
-0.00890894
-0.0137155
-0.00408541
-0.00275462
0.00216531
0.00358192
-0.00143895
-6.85027e-05
-0.00522071
-0.0102594
-0.0039313
-0.00915236
-0.00798656
0.000286229
0.00296284
0.00217559
-0.0055122
-0.0182849
-0.0301416
-0.034367
-0.0277478
0.00173786
0.0014729
0.000180706
0.00331502
0.00232808
0.00258717
-0.000784049
-0.00467214
-3.94583e-05
-0.0115813
-0.01824
-0.011079
-0.0247697
-0.029928
-0.0249032
-0.0335569
-0.0322753
-0.0325141
-0.0323247
-0.023861
-0.0292418
-0.0215086
-0.00949491
-0.016949
0.00101272
0.000853228
0.000202918
0.00329186
0.00314755
0.00289894
0.000929433
-0.000438767
0.00123799
-0.00841834
-0.0116201
-0.00831867
-0.0216106
-0.0249373
-0.0218526
-0.0321412
-0.0327348
-0.0316348
-0.0336967
-0.0303764
-0.0319782
-0.0247648
-0.0189872
-0.022358
0.00241393
0.00235415
0.00162934
0.00213755
0.00190395
0.00135377
0.000754412
0.000723009
0.000188973
0.00296057
0.00237922
0.00299985
0.0014328
0.000289458
0.00149135
0.002687
0.00210387
0.00220315
-0.00294574
-0.00528613
-0.00263138
-0.00770796
-0.0103306
-0.00693133
-0.00208852
-0.00396226
-0.00153375
-0.0149051
-0.01852
-0.0150649
-0.0217112
-0.0249324
-0.0215009
-0.0146423
-0.017798
-0.0140115
-0.02765
-0.0299207
-0.02766
-0.0315599
-0.0329435
-0.0320179
-0.0276799
-0.0303192
-0.0279203
-0.0343149
-0.0329198
-0.0331719
-0.0310896
-0.0287507
-0.0309149
-0.0327557
-0.0323735
-0.0330614
-0.0303099
-0.0254638
-0.0281749
-0.0205351
-0.0151448
-0.0190366
-0.0268011
-0.022691
-0.0259718
-0.0181257
-0.0119628
-0.015482
-0.00584879
0.000383394
-0.00330682
-0.0132297
-0.00717162
-0.0111497
