FiniteElementSpace
FiniteElementCollection: L2_2D_P3
VDim: 1
Ordering: 0

0.0184406
0.00848336
0.0117955
0.0170744
0.00550806
0.00392611
0.00744142
0.011782
0.00109156
0.00142595
0.00348518
0.00586768
0.000939204
0.00100498
0.00174655
0.00247522
0.00763419
0.00735814
0.00695608
0.00661936
0.00508881
0.00491754
0.00465811
0.00443419
0.00267761
0.00259771
0.00246669
0.00234725
0.00145099
0.00141281
0.00134201
0.00127299
0.00415068
0.00402214
0.00383456
0.00367685
0.00279943
0.00271494
0.00258791
0.00247866
0.00148968
0.00144688
0.0013786
0.00131744
0.00080416
0.00078265
0.000745033
0.000709463
0.00230354
0.00221379
0.00208899
0.00198814
0.00155202
0.0014922
0.00140763
0.00133837
0.000824981
0.000794169
0.000749291
0.00071172
0.000446915
0.000431399
0.000407814
0.000387532
0.00100892
0.000943971
0.000859649
0.000795641
0.000680685
0.000636837
0.000579906
0.000536724
0.000367836
0.000344517
0.000314529
0.000292055
0.000211033
0.000198506
0.000182893
0.000171634
0.000255039
0.000227701
0.000194174
0.00017015
0.000172413
0.000153525
0.000130685
0.000114571
9.83257e-05
8.7542e-05
7.50448e-05
6.66543e-05
6.68881e-05
6.0141e-05
5.28826e-05
4.84674e-05
2.27135e-05
1.84788e-05
1.36324e-05
1.04243e-05
1.45935e-05
1.16525e-05
8.42074e-06
6.38531e-06
1.01939e-05
8.30816e-06
6.42464e-06
5.38759e-06
1.17969e-05
1.01958e-05
8.7196e-06
8.01115e-06
4.89321e-08
5.25626e-08
7.63008e-08
1.06014e-07
1.16306e-07
1.13858e-07
1.39057e-07
1.7549e-07
1.1323e-06
1.0252e-06
9.41655e-07
9.1303e-07
2.6669e-06
2.38933e-06
2.12116e-06
1.97634e-06
0.010642
0.0103101
0.00980205
0.00936072
0.00710385
0.00687044
0.00649885
0.00616766
0.00377858
0.00364097
0.0034099
0.00319733
0.00209769
0.00201687
0.0018656
0.00171786
0.00113258
0.00104968
0.000969843
0.000929206
0.00204985
0.0019163
0.0017863
0.00171814
0.0037589
0.00354183
0.00331783
0.00318887
0.00538992
0.00510002
0.00478957
0.00460146
0.000350174
0.000152934
0.000373031
0.000758185
0.00041724
0.000366631
0.000986465
0.00176254
0.000776841
0.00093763
0.00227729
0.00374342
0.00143727
0.00170332
0.00367686
0.00575801
0.00554688
0.00536792
0.00510577
0.0048849
0.00373276
0.00361698
0.00344157
0.00328997
0.00198493
0.00192737
0.00183417
0.00174987
0.00107657
0.00104769
0.00099597
0.000946399
0.000513143
0.000485669
0.000460802
0.000449802
0.00101932
0.000971316
0.00092613
0.000904216
0.00198857
0.00190549
0.00182168
0.00177544
0.00294426
0.00282895
0.00270773
0.00263639
0.000732233
0.000686175
0.000642905
0.000621989
0.00139691
0.0013207
0.00124783
0.00121119
0.00265576
0.00253071
0.00240449
0.00233471
0.00388307
0.00371531
0.00353985
0.0034374
0.00312703
0.0030243
0.002877
0.00275485
0.00210857
0.00204046
0.00194039
0.00185583
0.00112062
0.00108581
0.00103218
0.000985302
0.000603673
0.000586255
0.000557347
0.000530896
0.000307341
0.00029551
0.000285856
0.000282799
0.000619128
0.000595593
0.000573761
0.000563597
0.0012169
0.00117263
0.00112727
0.00110167
0.00181032
0.00174647
0.00167793
0.00163637
0.000385518
0.000368071
0.000352973
0.000347091
0.000781051
0.000748686
0.000718575
0.000704395
0.00153975
0.0014814
0.00142235
0.00138968
0.00229091
0.00220832
0.00212092
0.00206903
0.00160017
0.00152086
0.00141443
0.00133109
0.00107809
0.00102496
0.000953081
0.000896421
0.000575735
0.000548041
0.000510208
0.000480209
0.000317818
0.000303554
0.000283986
0.000268516
0.00022011
0.00021286
0.000207268
0.000205921
0.000400805
0.00038522
0.000370061
0.000362308
0.000745768
0.000714737
0.000681058
0.000660299
0.00108936
0.00104328
0.000991158
0.000957161
0.000256747
0.000248008
0.000241258
0.00023961
0.00049901
0.000480486
0.000463055
0.000454712
0.00096282
0.000926578
0.000888488
0.000866114
0.00142421
0.00137099
0.00131244
0.00127567
0.000555291
0.000509019
0.000450698
0.0004077
0.000375424
0.000343852
0.000304336
0.000275435
0.000207204
0.000189897
0.000168804
0.000153838
0.000126943
0.000117026
0.00010562
9.80887e-05
0.000153279
0.000146564
0.000140359
0.000137494
0.000234341
0.000222541
0.000210077
0.000202684
0.000386427
0.000364869
0.000340276
0.000324031
0.000537202
0.000505887
0.00046911
0.000443933
0.000187726
0.000180936
0.000175279
0.000173358
0.000313906
0.000300303
0.000286498
0.000278855
0.000553431
0.000526943
0.000497348
0.000478344
0.000791878
0.000752652
0.000707254
0.000676746
9.15811e-05
7.88711e-05
6.37308e-05
5.32225e-05
6.12938e-05
5.24253e-05
4.21001e-05
3.51173e-05
3.69213e-05
3.16006e-05
2.57745e-05
2.21212e-05
3.00029e-05
2.62595e-05
2.24903e-05
2.03976e-05
7.83615e-05
7.31571e-05
6.76541e-05
6.43361e-05
0.000104146
9.69171e-05
8.88511e-05
8.36307e-05
0.000149561
0.0001385
0.000125618
0.000116851
0.000193109
0.000178223
0.000160556
0.000148284
0.000115504
0.000109199
0.000102878
9.94053e-05
0.000163156
0.000153466
0.000142903
0.000136309
0.000250517
0.000234308
0.00021558
0.000202986
0.000336169
0.00031341
0.000286484
0.00026787
2.78885e-06
2.00779e-06
1.19061e-06
7.11193e-07
1.56753e-06
1.05496e-06
5.78233e-07
3.47855e-07
2.39156e-06
1.97937e-06
1.65299e-06
1.54568e-06
5.00801e-06
4.4514e-06
3.98318e-06
3.7959e-06
2.56325e-05
2.32936e-05
2.06543e-05
1.89114e-05
3.14428e-05
2.84986e-05
2.50987e-05
2.27972e-05
4.0487e-05
3.6539e-05
3.18889e-05
2.86776e-05
4.84786e-05
4.36031e-05
3.78066e-05
3.37677e-05
4.74798e-05
4.37875e-05
3.97391e-05
3.71617e-05
6.03809e-05
5.55615e-05
5.00826e-05
4.64424e-05
8.18342e-05
7.49844e-05
6.69559e-05
6.14422e-05
0.000101682
9.28587e-05
8.23699e-05
7.50617e-05
1.57931e-07
1.51798e-07
1.52884e-07
1.60118e-07
1.68681e-07
1.31959e-07
9.404e-08
7.20839e-08
5.50729e-07
4.48628e-07
3.39813e-07
2.7342e-07
1.13108e-06
9.49813e-07
7.6077e-07
6.4822e-07
3.56306e-06
2.87511e-06
2.15973e-06
1.74694e-06
3.79211e-06
2.97272e-06
2.11785e-06
1.62267e-06
4.18041e-06
3.16519e-06
2.10316e-06
1.48631e-06
4.56143e-06
3.37691e-06
2.13623e-06
1.41488e-06
1.17135e-05
1.02957e-05
8.67739e-06
7.59901e-06
1.3797e-05
1.20663e-05
1.00664e-05
8.71699e-06
1.68584e-05
1.46608e-05
1.20939e-05
1.03437e-05
1.94486e-05
1.68527e-05
1.38044e-05
1.17155e-05
0.0124934
0.0120324
0.0113311
0.0106944
0.0087241
0.0083117
0.00768577
0.00714784
0.00475565
0.00452255
0.00416505
0.00385852
0.00254132
0.00245545
0.00232595
0.00221382
0.00180513
0.0017193
0.00162687
0.00155319
0.000679249
0.000676574
0.000655782
0.00062542
0.000319925
0.000337912
0.000351445
0.000351103
0.000662503
0.000718492
0.000766542
0.000779731
0.000802109
0.000574572
0.000960176
0.00148836
0.000469544
0.000218217
0.000299254
0.000513154
0.000383814
7.29283e-05
2.29172e-05
0.00012833
0.000352084
9.50953e-05
0.000197079
0.000431031
0.00647365
0.00625452
0.00593411
0.00566472
0.00434234
0.00420277
0.00399124
0.00380845
0.00230178
0.00223397
0.00212358
0.00202343
0.00124968
0.00121616
0.00115538
0.00109678
0.000841859
0.000819624
0.000777631
0.000736256
0.000324438
0.000314566
0.000296963
0.000279972
0.00016117
0.00014932
0.000138109
0.000132479
0.000387011
0.000362172
0.000339505
0.000329262
0.000978409
0.000953656
0.000905333
0.000856938
0.000381012
0.000369813
0.000349633
0.000329963
0.000203301
0.000187628
0.000172768
0.000165197
0.000474913
0.000442068
0.000411442
0.000396867
0.00360539
0.00349206
0.00332781
0.00319044
0.00243182
0.00235697
0.00224546
0.00215022
0.00129326
0.00125515
0.00119522
0.00114206
0.00069694
0.000677843
0.00064515
0.000614634
0.000464282
0.000452037
0.000430111
0.000409149
0.000172132
0.000167712
0.000159749
0.000152131
7.90335e-05
7.55454e-05
7.30588e-05
7.27199e-05
0.00021056
0.000201485
0.000194448
0.000192668
0.000536569
0.000522604
0.000497042
0.00047228
0.000199468
0.000194043
0.000184166
0.000174619
8.98906e-05
8.50625e-05
8.10589e-05
7.96961e-05
0.000237495
0.000226027
0.000216592
0.000213487
0.00193866
0.00185392
0.00173815
0.00164603
0.00130596
0.00124934
0.00117104
0.0011081
0.000695285
0.000665972
0.00062462
0.000590905
0.000379442
0.000364546
0.000343031
0.000325258
0.000257679
0.000248257
0.000234619
0.000223395
0.000107139
0.000104239
0.000100623
9.81217e-05
7.06526e-05
6.95229e-05
7.01031e-05
7.21682e-05
0.000156961
0.000152508
0.000150091
0.000150849
0.000300488
0.000290721
0.000275601
0.000262487
0.000118645
0.000115657
0.000111358
0.000107915
6.92561e-05
6.79188e-05
6.81579e-05
6.99051e-05
0.000165132
0.00016009
0.000157127
0.00015763
0.000763278
0.000707315
0.00063576
0.000582243
0.000515509
0.000477542
0.000429166
0.000393143
0.000281175
0.000260703
0.000235092
0.000216422
0.000166044
0.000154719
0.000141187
0.000131858
0.000123485
0.000115696
0.00010688
0.000101223
7.28621e-05
6.94335e-05
6.65684e-05
6.56289e-05
7.60372e-05
7.38075e-05
7.30062e-05
7.39909e-05
0.000128964
0.000124451
0.000121157
0.000120583
0.00015212
0.000143761
0.000133796
0.000126998
8.09049e-05
7.7648e-05
7.48136e-05
7.37862e-05
7.64438e-05
7.46847e-05
7.45541e-05
7.61197e-05
0.000137149
0.000132888
0.000130142
0.000130176
0.000158488
0.000139199
0.000115872
9.94056e-05
0.000106826
9.34228e-05
7.75026e-05
6.64888e-05
6.23389e-05
5.4503e-05
4.56594e-05
3.9903e-05
4.57421e-05
4.05674e-05
3.51758e-05
3.20326e-05
4.11732e-05
3.69849e-05
3.28518e-05
3.0644e-05
3.82463e-05
3.5257e-05
3.26536e-05
3.15816e-05
5.35941e-05
5.03806e-05
4.7558e-05
4.63636e-05
7.97799e-05
7.50702e-05
7.04381e-05
6.79587e-05
5.67441e-05
5.15269e-05
4.62373e-05
4.33002e-05
4.68946e-05
4.35722e-05
4.07336e-05
3.96446e-05
6.17808e-05
5.85417e-05
5.59261e-05
5.50808e-05
9.38843e-05
8.89581e-05
8.43313e-05
8.20806e-05
9.05216e-06
7.02905e-06
4.78765e-06
3.36393e-06
5.53985e-06
4.15865e-06
2.72054e-06
1.87982e-06
4.83891e-06
3.89523e-06
3.02999e-06
2.62007e-06
7.46144e-06
6.51022e-06
5.67993e-06
5.3221e-06
9.34044e-06
8.33437e-06
7.43918e-06
7.03388e-06
1.33616e-05
1.21855e-05
1.10783e-05
1.05147e-05
2.17538e-05
1.99745e-05
1.81298e-05
1.70347e-05
3.06275e-05
2.80916e-05
2.53241e-05
2.35686e-05
1.35333e-05
1.19868e-05
1.05816e-05
9.92352e-06
1.77599e-05
1.6187e-05
1.47454e-05
1.40536e-05
2.84623e-05
2.62629e-05
2.40534e-05
2.28058e-05
4.06669e-05
3.7535e-05
3.41845e-05
3.21169e-05
1.01032e-07
1.25593e-07
1.54781e-07
1.73232e-07
1.88077e-07
1.79994e-07
1.77174e-07
1.78421e-07
8.75295e-07
7.68369e-07
6.61443e-07
6.00214e-07
1.8592e-06
1.62237e-06
1.37657e-06
1.2299e-06
2.39587e-06
2.08593e-06
1.7581e-06
1.55821e-06
3.3967e-06
2.94035e-06
2.44584e-06
2.13643e-06
4.95655e-06
4.25339e-06
3.47871e-06
2.98569e-06
6.34412e-06
5.40615e-06
4.36558e-06
3.69877e-06
3.5408e-06
3.16577e-06
2.78274e-06
2.55866e-06
5.21541e-06
4.64657e-06
4.03399e-06
3.65087e-06
7.94731e-06
7.03668e-06
6.02077e-06
5.35967e-06
1.04651e-05
9.22195e-06
7.8142e-06
6.88371e-06
0.00911257
0.00876036
0.00824657
0.00781643
0.00602511
0.00580941
0.00548186
0.00519895
0.00313888
0.00304041
0.00287772
0.00272889
0.00169486
0.00164914
0.00156198
0.00147598
0.00114033
0.00111204
0.00105366
0.00099375
0.000449383
0.000435744
0.000410735
0.000386172
0.000259268
0.000238533
0.000218798
0.000208653
0.000593226
0.00054989
0.000508825
0.000488505
0.00144599
0.00137969
0.0012626
0.00115193
0.000593832
0.000558147
0.00050271
0.000454168
0.000351769
0.000318271
0.000286119
0.00026926
0.000765992
0.000704082
0.000645464
0.000615523
0.00089882
0.00083836
0.000780691
0.000751952
0.00166977
0.00157242
0.00147867
0.00143077
0.00311247
0.00295787
0.00280159
0.00271489
0.0045012
0.00429941
0.00408859
0.00396575
0.00531443
0.00508495
0.00484365
0.00470165
0.00698703
0.00670024
0.00639573
0.00621381
0.00945662
0.00909193
0.00869942
0.00846033
0.0115441
0.011117
0.010654
0.0103694
0.00628387
0.00597182
0.005635
0.005428
0.00802027
0.00769121
0.0073409
0.00713008
0.0104945
0.010171
0.00983733
0.00964646
0.0125045
0.0122128
0.011925
0.0117727
0.000948736
0.00100683
0.0010945
0.00115917
0.00187649
0.0019334
0.00204186
0.00214685
0.00378746
0.00379205
0.00386434
0.00395171
0.00582386
0.0057148
0.00567145
0.00565633
0.00702546
0.00683124
0.00663844
0.00653696
0.0094089
0.00896064
0.00846911
0.00815805
0.0124989
0.0117844
0.0109857
0.0104683
0.0148174
0.0138838
0.0129416
0.0123661
0.00188739
0.00239705
0.00473481
0.00723234
0.0029875
0.00365863
0.00721001
0.0111404
0.00837089
0.00710688
0.0113213
0.0161043
0.0180918
0.0116984
0.0151741
0.0194361
0.00478728
0.00463745
0.00441809
0.00423325
0.00322667
0.00312883
0.00298095
0.00285331
0.00171734
0.00166812
0.00158889
0.00151749
0.000929281
0.000904505
0.000860578
0.00081871
0.00062186
0.000605582
0.000575423
0.000546003
0.000233429
0.000226695
0.000214496
0.000202694
0.00010626
9.9675e-05
9.37734e-05
9.12066e-05
0.000273603
0.000258953
0.000246358
0.000241537
0.000722972
0.000703828
0.000668088
0.000633079
0.000274999
0.000266717
0.000251855
0.000237511
0.00012947
0.000120599
0.000112335
0.000108356
0.000321936
0.000303
0.000286171
0.000279073
0.00044121
0.000419492
0.000400241
0.00039219
0.00088762
0.000848563
0.000812039
0.000794604
0.00174359
0.00167458
0.00160491
0.00156646
0.00258963
0.00249283
0.0023908
0.00233054
0.00309607
0.00298282
0.00286174
0.00278869
0.00414267
0.00399581
0.00383604
0.00373711
0.00570442
0.0055097
0.00529359
0.0051561
0.0070368
0.00680254
0.0065396
0.00636986
0.00351439
0.00338011
0.00323705
0.00315116
0.00469018
0.00451706
0.00432955
0.00421416
0.00644146
0.00621294
0.00596051
0.00580094
0.00793266
0.0076582
0.00735159
0.00715489
0.000607375
0.000572023
0.000539402
0.000524266
0.00118509
0.00112503
0.00106807
0.00103995
0.00228738
0.00218597
0.00208365
0.00202716
0.0033699
0.00323113
0.0030856
0.00300026
0.00401283
0.00385222
0.00368175
0.00357996
0.0053371
0.00513149
0.00490993
0.00477459
0.00730672
0.00703692
0.00674059
0.00655474
0.00898174
0.0086585
0.00829948
0.00807096
0.00460722
0.00441487
0.00421169
0.00409123
0.00609766
0.00585448
0.00559428
0.005437
0.00831061
0.00799545
0.00765231
0.00743976
0.0101902
0.00981531
0.0094028
0.00914361
0.00269727
0.00260194
0.00246718
0.00235672
0.001818
0.00175461
0.00166313
0.00158692
0.000965916
0.000933403
0.000884598
0.000842765
0.00052113
0.000504838
0.000478871
0.000455755
0.000348268
0.000337998
0.000321109
0.000305817
0.000132741
0.000129498
0.000124271
0.000119669
6.96202e-05
6.7835e-05
6.74469e-05
6.86696e-05
0.000175935
0.000169969
0.000166081
0.000166078
0.000402278
0.000391227
0.000372129
0.000354267
0.000150253
0.000146548
0.000140117
0.000134132
7.25919e-05
7.01008e-05
6.88078e-05
6.93298e-05
0.000190608
0.000183325
0.000178101
0.000177342
0.000279569
0.000269528
0.000261581
0.00025938
0.000555347
0.000534667
0.000515395
0.000506349
0.00108377
0.00104404
0.00100287
0.000979222
0.00160893
0.00155108
0.0014883
0.0014496
0.00192593
0.00185716
0.00178135
0.00173357
0.00258744
0.00249617
0.00239351
0.002327
0.00358637
0.0034627
0.00332082
0.00322652
0.00444934
0.0042987
0.00412403
0.00400641
0.00216799
0.00209238
0.00200996
0.00195884
0.00291265
0.00281294
0.00270208
0.00263137
0.0040333
0.00389907
0.00374681
0.00364709
0.00499798
0.00483517
0.00464847
0.0045245
0.000341894
0.000327654
0.000315671
0.000311412
0.000693148
0.000665819
0.000640473
0.000628648
0.00136684
0.00131653
0.00126538
0.00123688
0.00203478
0.00196291
0.00188642
0.00184061
0.00243661
0.00235186
0.00226027
0.00220417
0.00327115
0.00316004
0.00303766
0.00296061
0.00452302
0.00437433
0.00420723
0.00409913
0.00559705
0.00541734
0.00521312
0.00507913
0.00274179
0.00264477
0.00254058
0.00247733
0.00367581
0.00354933
0.003411
0.00332474
0.00507292
0.0049045
0.00471657
0.00459614
0.00626791
0.00606489
0.00583581
0.00568688
0.00128917
0.00121639
0.00112036
0.00104634
0.000869011
0.000820082
0.000755269
0.000705165
0.000466347
0.000440617
0.000406539
0.000380273
0.000261684
0.000248185
0.000230564
0.000217257
0.000183911
0.00017512
0.000163994
0.000155901
8.89377e-05
8.58623e-05
8.29491e-05
8.16534e-05
7.51556e-05
7.37809e-05
7.41532e-05
7.61252e-05
0.000143997
0.000139881
0.000137524
0.000138026
0.000218996
0.000209872
0.000197539
0.000187977
9.74702e-05
9.45295e-05
9.13676e-05
8.95846e-05
7.29263e-05
7.17767e-05
7.23997e-05
7.45445e-05
0.000150276
0.000146117
0.000143891
0.000144646
0.000203877
0.00019695
0.00019144
0.000189892
0.000356325
0.000341797
0.000327367
0.000319687
0.000646686
0.000617919
0.000586213
0.000566235
0.000935903
0.000893157
0.000844203
0.000811746
0.00111048
0.00105916
0.000999607
0.000959462
0.00147651
0.00140723
0.00132534
0.00126885
0.00203736
0.00194136
0.00182602
0.00174495
0.00252869
0.00240982
0.0022658
0.0021636
0.001297
0.00124172
0.00117832
0.00113619
0.00173226
0.00165778
0.00157069
0.00151139
0.00239677
0.00229396
0.00217164
0.00208663
0.002977
0.00285011
0.00269777
0.00259079
0.000237359
0.000229527
0.000223542
0.000222172
0.000448009
0.000431134
0.000415021
0.000407076
0.000850823
0.000817379
0.000781667
0.000760175
0.00125184
0.00120239
0.00114721
0.00111188
0.00149426
0.00143506
0.00136803
0.00132425
0.00200193
0.00192246
0.0018307
0.00176917
0.00277414
0.00266503
0.0025367
0.00244872
0.00344606
0.00331194
0.00315266
0.00304222
0.00170301
0.00163949
0.00156855
0.00152305
0.00228594
0.00220113
0.00210449
0.00204079
0.0031694
0.00305369
0.00291928
0.00282854
0.00393536
0.00379378
0.00362762
0.00351404
0.000386221
0.000349708
0.000304317
0.000271322
0.000261262
0.000236194
0.000205355
0.000183197
0.000146325
0.000132318
0.000115671
0.000104176
9.38876e-05
8.55262e-05
7.62357e-05
7.03498e-05
7.57081e-05
6.9512e-05
6.30365e-05
5.92873e-05
5.57777e-05
5.22744e-05
4.93358e-05
4.82949e-05
6.86083e-05
6.55539e-05
6.3392e-05
6.30717e-05
0.000107181
0.000102246
9.7891e-05
9.6076e-05
9.79909e-05
9.09257e-05
8.32707e-05
7.8621e-05
6.45026e-05
6.09741e-05
5.80471e-05
5.70783e-05
7.3459e-05
7.07658e-05
6.92446e-05
6.95655e-05
0.000118992
0.000114221
0.000110346
0.00010912
0.000134658
0.000128069
0.000121703
0.000118452
0.000197492
0.000186693
0.000175093
0.000168018
0.000314235
0.000295328
0.000273605
0.000259111
0.000429462
0.00040242
0.000370521
0.000348558
0.000497684
0.000465663
0.000427527
0.000400982
0.000639199
0.000596721
0.000545346
0.000508963
0.000858502
0.000799984
0.000728311
0.000676853
0.00105235
0.00097978
0.000890331
0.000825679
0.000627149
0.00058984
0.000545567
0.000514887
0.000814677
0.000764762
0.000704566
0.000662072
0.00110472
0.00103561
0.000951131
0.000890613
0.00136079
0.00127493
0.00116928
0.00109304
0.000170977
0.000164226
0.000158296
0.000155906
0.00027324
0.000260522
0.000247343
0.000239775
0.000466429
0.000442335
0.000415103
0.000397339
0.000658471
0.00062306
0.000581732
0.000553663
0.000773675
0.000731302
0.000681289
0.000646858
0.00101464
0.000957625
0.000889185
0.000841123
0.00138631
0.00130717
0.0012108
0.00114204
0.00171378
0.00161545
0.00149484
0.0014081
0.000935465
0.000888409
0.00083328
0.000795672
0.00123633
0.00117283
0.00109711
0.00104434
0.00169894
0.00161077
0.00150403
0.00142834
0.00210543
0.00199602
0.0018625
0.001767
4.83618e-05
4.06417e-05
3.16056e-05
2.54604e-05
3.19111e-05
2.65199e-05
2.03945e-05
1.63703e-05
2.02203e-05
1.68901e-05
1.33798e-05
1.12874e-05
1.89822e-05
1.64468e-05
1.39934e-05
1.27129e-05
1.98811e-05
1.75976e-05
1.54629e-05
1.44143e-05
2.33934e-05
2.1346e-05
1.95031e-05
1.86599e-05
3.62607e-05
3.36328e-05
3.10823e-05
2.97287e-05
5.2465e-05
4.87198e-05
4.4802e-05
4.24651e-05
2.8957e-05
2.57723e-05
2.27115e-05
2.11399e-05
3.02869e-05
2.7744e-05
2.54909e-05
2.45083e-05
4.48326e-05
4.18411e-05
3.90582e-05
3.77039e-05
6.5705e-05
6.14075e-05
5.70317e-05
5.45361e-05
6.18614e-05
5.73982e-05
5.2586e-05
4.95955e-05
8.02881e-05
7.4305e-05
6.75639e-05
6.31392e-05
0.000111882
0.00010308
9.27942e-05
8.57609e-05
0.000141689
0.000130101
0.000116336
0.000106758
0.000158434
0.00014522
0.000129421
0.000118356
0.00019154
0.00017503
0.000155041
0.000140859
0.000242343
0.000220696
0.000194226
0.000175262
0.000286743
0.00026057
0.000228417
0.000205278
0.000217972
0.000200814
0.000180304
0.000165948
0.000267972
0.000246141
0.000219695
0.000200923
0.000345188
0.000316079
0.000280438
0.000254865
0.000413094
0.000377561
0.000333832
0.000302297
9.64801e-05
9.06426e-05
8.46147e-05
8.11212e-05
0.000131877
0.000123391
0.000114024
0.000108061
0.000195633
0.000182073
0.000166338
0.000155688
0.000257552
0.000238901
0.000216794
0.000201468
0.000293416
0.0002717
0.000245753
0.000227611
0.000366515
0.000338428
0.000304396
0.000280238
0.000479775
0.000441802
0.000395267
0.000361842
0.00057974
0.000533049
0.000475512
0.000433954
0.000386385
0.000359643
0.000327727
0.000305449
0.000489785
0.00045471
0.000412229
0.000382091
0.000650145
0.000602207
0.000543447
0.000501228
0.0007919
0.000732647
0.000659588
0.000606772
5.29963e-07
3.33649e-07
1.58605e-07
8.15244e-08
2.86197e-07
1.67367e-07
9.68057e-08
9.96637e-08
1.46873e-06
1.2952e-06
1.17995e-06
1.16426e-06
3.60866e-06
3.25119e-06
2.9394e-06
2.80122e-06
4.87711e-06
4.40958e-06
3.96638e-06
3.7356e-06
7.36639e-06
6.67324e-06
5.95719e-06
5.53227e-06
1.16502e-05
1.05164e-05
9.27073e-06
8.47254e-06
1.5741e-05
1.41545e-05
1.2366e-05
1.11866e-05
6.65661e-06
5.99813e-06
5.40763e-06
5.1328e-06
9.99368e-06
9.10919e-06
8.24128e-06
7.76492e-06
1.61909e-05
1.47727e-05
1.32565e-05
1.23171e-05
2.2377e-05
2.03636e-05
1.81264e-05
1.66746e-05
1.7838e-05
1.60105e-05
1.39271e-05
1.25365e-05
2.14746e-05
1.92095e-05
1.65826e-05
1.47979e-05
2.69598e-05
2.40039e-05
2.05248e-05
1.81267e-05
3.16935e-05
2.81211e-05
2.38865e-05
2.09485e-05
3.41651e-05
3.02632e-05
2.56231e-05
2.23944e-05
3.85941e-05
3.40883e-05
2.86902e-05
2.49084e-05
4.501e-05
3.96123e-05
3.31098e-05
2.85322e-05
5.03352e-05
4.41924e-05
3.67755e-05
3.1545e-05
5.27318e-05
4.73488e-05
4.09226e-05
3.64278e-05
6.05715e-05
5.42319e-05
4.65945e-05
4.12064e-05
7.21293e-05
6.43412e-05
5.48942e-05
4.81886e-05
8.18697e-05
7.28447e-05
6.18653e-05
5.40531e-05
3.54264e-05
3.24595e-05
2.91569e-05
2.70116e-05
4.42351e-05
4.04393e-05
3.60879e-05
3.31662e-05
5.84101e-05
5.31767e-05
4.7025e-05
4.27849e-05
7.12364e-05
6.46365e-05
5.67867e-05
5.13132e-05
7.81901e-05
7.08253e-05
6.20224e-05
5.58552e-05
9.13446e-05
8.24972e-05
7.18101e-05
6.42462e-05
0.000111063
9.99326e-05
8.63798e-05
7.6716e-05
0.000127928
0.000114817
9.87966e-05
8.73372e-05
0.000112639
0.000102687
9.07875e-05
8.24498e-05
0.000133862
0.000121666
0.000106913
9.6455e-05
0.00016611
0.000150428
0.000131285
0.000117598
0.000194034
0.000175297
0.000152331
0.000135848
1.18397e-07
9.04495e-08
5.88498e-08
7.3816e-08
7.45068e-08
9.57521e-09
1.78785e-08
1.3205e-07
3.08491e-07
1.52007e-07
1.59553e-07
3.82912e-07
6.47047e-07
3.97114e-07
3.5859e-07
6.46187e-07
8.5684e-07
5.64746e-07
4.24152e-07
5.42426e-07
9.9918e-07
6.70833e-07
4.35011e-07
4.27271e-07
1.22265e-06
8.52598e-07
5.15828e-07
3.8048e-07
1.42129e-06
1.03103e-06
6.35989e-07
4.2961e-07
1.43569e-06
1.21431e-06
9.96267e-07
8.79817e-07
1.96066e-06
1.63745e-06
1.31187e-06
1.13203e-06
2.7178e-06
2.23857e-06
1.74851e-06
1.47241e-06
3.3406e-06
2.72549e-06
2.09227e-06
1.7327e-06
1.41532e-06
1.0308e-06
6.29646e-07
4.14614e-07
1.27312e-06
9.34594e-07
5.65508e-07
3.66885e-07
1.12485e-06
8.58238e-07
5.52322e-07
4.04256e-07
1.04188e-06
8.32315e-07
5.88038e-07
5.02837e-07
9.49179e-07
7.40206e-07
5.31291e-07
5.54488e-07
9.80845e-07
6.77516e-07
3.99337e-07
3.59074e-07
1.32033e-06
8.16654e-07
3.41107e-07
1.64464e-07
1.85946e-06
1.13894e-06
4.41256e-07
1.29261e-07
4.76232e-06
3.49471e-06
2.15118e-06
1.35706e-06
5.11683e-06
3.75935e-06
2.30335e-06
1.42843e-06
5.73985e-06
4.31391e-06
2.76429e-06
1.81614e-06
6.32725e-06
4.88972e-06
3.3148e-06
2.3393e-06
6.98832e-06
5.92524e-06
4.73862e-06
3.97361e-06
7.98112e-06
6.69457e-06
5.244e-06
4.29827e-06
9.42877e-06
7.82887e-06
6.00878e-06
4.81102e-06
1.06524e-05
8.80038e-06
6.68316e-06
5.28306e-06
1.1271e-05
9.29529e-06
7.02952e-06
5.52618e-06
1.22986e-05
1.012e-05
7.60968e-06
5.93636e-06
1.37846e-05
1.13427e-05
8.51708e-06
6.62574e-06
1.50177e-05
1.23812e-05
9.32421e-06
7.27391e-06
2.07746e-05
1.79721e-05
1.46732e-05
1.24078e-05
2.30735e-05
1.99026e-05
1.61489e-05
1.35581e-05
2.63592e-05
2.26637e-05
1.82702e-05
1.52268e-05
2.90564e-05
2.49364e-05
2.00299e-05
1.66269e-05
