FiniteElementSpace
FiniteElementCollection: H1_2D_P2
VDim: 2
Ordering: 0

0
-0.00331363
0.00525083
0.0256812
0.0412147
0.0394379
0.0209257
-0.00650768
-0.0357679
0
0.00730689
0.020815
0.0361044
0.0435073
0.0365198
0.0159795
-0.012228
-0.042253
-0.0020851
0.00102376
0.00289847
0
-0.00113032
0.0121629
0.0133654
0.0148983
0.0313803
0.0288144
0.0351343
0.0439057
0.0413593
0.0427329
0.0395499
0.0419292
0.031844
0.019382
0.027638
0.00780101
-0.0090867
0.00240787
-0.0211939
-0.0390043
-0.0272602
-8.82258e-05
0.00496696
0.0216059
0.0393784
0.0440123
0.031031
0.00567703
-0.0241383
-0.000860431
-0.00117982
-6.32455e-05
0
-0.00273887
0.00185115
0.0025786
-0.00124203
0.00978116
0.0183307
0.0167102
0.00869891
0.0307184
0.0375261
0.0357223
0.0287089
0.0425807
0.0437341
0.0445387
0.042895
0.0361243
0.0317335
0.0357461
0.0398409
0.0145709
0.00687779
0.0127202
0.0203747
-0.0138449
-0.0226413
-0.0166132
-0.00772962
-0.00301079
0.000198557
0.0037069
0.0048985
0.00123634
0.00129711
0
0.00155644
0.00819192
0.0160129
0.0169554
0.00858162
0.0101333
0.0203043
0.0265872
0.0338282
0.0326336
0.0249956
0.0248188
0.0386929
0.0421546
0.0441811
0.0428723
0.0407007
0.0390622
0.0416696
0.0423331
0.0384915
0.0396907
0.043479
0.0432025
0.0267306
0.0255311
0.0179235
0.0221036
0.0296908
0.0324755
0.000738687
-0.00162718
-0.0105934
-0.00482476
0.00418342
0.00937732
-0.0284954
-0.0373889
-0.0316151
-0.0406257
-0.0347884
-0.0256857
-0.0197255
-0.000500545
-0.000165518
0.0132783
0.0334466
0.043913
0.0362606
0.0138251
-0.0151877
-0.00150938
0.00223619
0.000472365
0.00483276
0.0120177
0.00580302
0.0235737
0.029548
0.0204072
0.0407303
0.0429308
0.0376121
0.0423606
0.0415029
0.0443747
0.0263913
0.0241167
0.034521
-0.000343497
-0.00312701
0.0112381
-0.0300379
-0.0332056
-0.0181335
-0.000268092
-0.000698562
-0.000153993
0
-0.00315605
-0.00146056
-0.000816018
-0.00229358
0.00742323
0.0115559
0.0109132
0.00699178
0.0282673
0.0321467
0.0311451
0.0272502
0.0420549
0.0433343
0.043552
0.042139
0.0379131
0.0362719
0.0381767
0.0397241
0.0178083
0.014241
0.0171579
0.0207037
-0.0101709
-0.0145089
-0.0114544
-0.00710458
-0.00261055
-0.00228264
-0.00140427
-0.00165936
2.26826e-06
0.00116326
0.0016932
0.000534022
-9.0725e-06
0.00018
0.000184069
0
7.3402e-05
0.00320264
0.00322372
0.000360028
0.00647963
0.0100173
0.0102236
0.00668269
0.00170253
0.00410436
0.00467357
0.00229258
0.0175877
0.0219846
0.0209474
0.0166504
0.0241024
0.0280636
0.0272899
0.0232699
0.014378
0.0185034
0.0181723
0.014013
0.0370416
0.0397907
0.0392497
0.0364025
0.0408854
0.0426311
0.0419295
0.0401103
0.0336221
0.0367158
0.0357934
0.0326274
0.0423571
0.0421029
0.0431947
0.0433222
0.0433136
0.0420267
0.0426228
0.0438565
0.0443644
0.0445652
0.0444113
0.0441445
0.029384
0.0266244
0.0291555
0.031861
0.0283706
0.0248955
0.026989
0.0304444
0.0377687
0.0352278
0.0366199
0.0391237
0.00429848
0.000220274
0.00329438
0.0073719
0.00205093
-0.00235066
0.000553783
0.00496658
0.0161069
0.0120266
0.0146346
0.0187121
-0.0248531
-0.0292619
-0.0263478
-0.0219142
-0.0278845
-0.0324102
-0.0294524
-0.0249072
-0.0128459
-0.0173626
-0.0143585
-0.00982213
-0.00149513
-0.000867985
-0.000653688
-9.74198e-05
-0.000292334
0
-0.0020772
0.000720748
0.00337437
0.00366746
0.00117053
-0.000143427
0.0122845
0.0157626
0.0199722
0.0191303
0.0149842
0.0104094
0.0330276
0.0355839
0.0385166
0.037648
0.0346349
0.0300797
0.0428167
0.0439744
0.0439667
0.0444199
0.0443167
0.0434853
0.0340993
0.0341074
0.0314584
0.0334945
0.0360873
0.0397852
0.0112293
0.0103932
0.00631364
0.00923875
0.013319
0.0199351
-0.0175228
-0.0189185
-0.0233826
-0.0203789
-0.0158884
-0.00838947
-0.00326525
-0.00146544
0.000531424
-0.00068518
0.00290279
0.00534578
0.00605591
0.00345636
0.00385307
0.00201299
0.000838736
0.00204905
0.000838209
0.000585526
0
0.00328152
0.00666396
0.0100939
0.0064825
0.013955
0.0182535
0.0188606
0.0142976
0.0151237
0.0107729
0.0071089
0.0117052
0.00777635
0.00867314
0.0230211
0.0261738
0.0290233
0.0250997
0.0317349
0.0349906
0.0344203
0.0310681
0.0307548
0.0268329
0.0226906
0.026827
0.0224932
0.0228084
0.0401005
0.041951
0.0431639
0.0415185
0.0436823
0.0439831
0.0433016
0.0430251
0.0422174
0.041129
0.0392523
0.0402984
0.0384027
0.0376539
0.0406999
0.0412394
0.0410742
0.0424399
0.0401216
0.0376316
0.038218
0.0407345
0.0409281
0.0428489
0.0440619
0.0426859
0.0439343
0.0434728
0.0239061
0.0234584
0.0225291
0.0260281
0.0210896
0.0170129
0.0191078
0.0231878
0.024951
0.0287589
0.0322061
0.0301499
0.0336093
0.0346019
-0.00286851
-0.00402187
-0.00534304
-0.000958478
-0.00684612
-0.0113972
-0.00851191
-0.00395351
-0.00118298
0.00332905
0.00774975
0.00593079
0.0103542
0.0127304
-0.0321271
-0.0365768
-0.0337149
-0.038197
-0.035323
-0.0308232
-0.0398124
-0.0369343
-0.0414395
-0.0385386
-0.0339989
-0.0310308
-0.0264707
-0.0219112
-0.0234934
-0.0189226
-0.015971
-0.000216244
-0.0019971
0.00919006
0.029765
0.0428882
0.0381266
0.0175314
-0.010802
-0.00203172
0.000801782
6.93244e-05
0.00165326
0.00826096
0.00310753
0.0193078
0.0256786
0.0162093
0.0382201
0.0414876
0.0347439
0.0428634
0.0430785
0.0444932
0.0293375
0.0277574
0.0372931
0.00382408
0.00133365
0.0154242
-0.0255965
-0.0286661
-0.0135879
-0.00120785
-0.000496377
-8.9438e-05
-0.000681588
0.00215861
0.000408036
0.0140545
0.0174431
0.0126296
0.0343729
0.0366733
0.0324263
0.0434827
0.0442895
0.0440463
0.0341789
0.0338811
0.0380597
0.0108491
0.00985723
0.016684
-0.0182154
-0.0196392
-0.0121349
-0.00238358
-0.000499209
-0.000726853
0.00165338
0.004341
0.00269158
0.000334693
0.00140717
0.000311444
0.00498582
0.00835302
0.0048192
0.0119423
0.0162309
0.012476
0.00529801
0.00920755
0.00649354
0.0246472
0.0276256
0.0225363
0.0303887
0.033079
0.028975
0.0208669
0.0246623
0.0203488
0.0411062
0.0426381
0.0401377
0.0435184
0.0436244
0.042186
0.0385102
0.0398588
0.0367695
0.0410553
0.0412484
0.0433476
0.0407041
0.0393021
0.0419174
0.0443511
0.04352
0.0440854
0.0237407
0.0230556
0.0288347
0.0218748
0.0201683
0.0260562
0.0329393
0.031281
0.0357297
-0.0034268
-0.0046598
0.00270412
-0.00607251
-0.00766092
-0.000286625
0.00853608
0.00688028
0.0137365
-0.0329163
-0.0345175
-0.027111
-0.0361284
-0.0377378
-0.0302409
-0.0211373
-0.0226975
-0.0151543
0
-0.00727935
-0.0265342
-0.0406413
-0.0404366
-0.0306864
-0.0192964
-0.00998875
-0.00287461
0
-0.00338614
-0.0142644
-0.0274896
-0.0376929
-0.042913
-0.0429877
-0.0387132
-0.0321974
-0.00166806
-0.00437319
-0.00100528
0
-0.0163737
-0.0206275
-0.00807697
-0.0352063
-0.0349527
-0.0210057
-0.042248
-0.0397495
-0.0331568
-0.0362028
-0.0370782
-0.0409584
-0.0248441
-0.031222
-0.0435695
-0.0143285
-0.0243662
-0.0412961
-0.00621593
-0.0175863
-0.03555
-7.58022e-05
-0.0118348
-0.028791
-0.0385603
-0.0390478
-0.0343577
-0.0278548
-0.0208769
-0.000603456
-0.000704632
0.00060692
0
-0.0115247
-0.0139417
-0.0078081
-0.00565659
-0.0311916
-0.0319083
-0.0248924
-0.0234457
-0.0419168
-0.0404237
-0.0370802
-0.0377609
-0.03855
-0.0377399
-0.0395954
-0.040164
-0.0277587
-0.0297662
-0.0357865
-0.0340296
-0.0167329
-0.0212349
-0.0295597
-0.0254238
-0.00803665
-0.0135919
-0.0226111
-0.0172797
-0.00392516
-0.00175093
-0.00350593
-0.00187227
-1.50046e-05
-0.000744962
0
-0.0214908
-0.0161952
-0.017724
-0.0110432
-0.00991289
-0.00548668
-0.0383926
-0.0321756
-0.0317364
-0.0243211
-0.0253736
-0.0176218
-0.0417156
-0.0394296
-0.0389974
-0.0355781
-0.0362875
-0.03045
-0.0335382
-0.0381852
-0.0399817
-0.0420997
-0.0401183
-0.0394886
-0.0220086
-0.0328275
-0.0369797
-0.0434273
-0.0388701
-0.043401
-0.0120828
-0.0261194
-0.0314424
-0.0400986
-0.0344541
-0.0422692
-0.00450783
-0.0102422
-0.0191949
-0.0248755
-0.0338653
-0.028147
-0.0371818
0.00017723
-0.00949816
-0.0279275
-0.0394904
-0.0391666
-0.031931
-0.0233028
-0.0153991
-0.00266824
-0.00132511
0.000449988
-0.0186915
-0.0137468
-0.00643021
-0.0352202
-0.0287624
-0.0216532
-0.0406186
-0.0378608
-0.0342495
-0.0359942
-0.0401875
-0.0397357
-0.0275856
-0.0380127
-0.0395336
-0.0192262
-0.032998
-0.0357878
-0.0118737
-0.0264815
-0.0298144
-0.000342097
-0.000183843
0.000200064
0
-0.00929526
-0.0104649
-0.00748451
-0.00642571
-0.0289294
-0.029507
-0.0257369
-0.024936
-0.0414051
-0.0406771
-0.0387277
-0.0391653
-0.039563
-0.0388762
-0.0397262
-0.0403069
-0.0292268
-0.0298979
-0.0329923
-0.0324045
-0.0179953
-0.0200755
-0.0243572
-0.0224201
-0.00899581
-0.0117437
-0.0163309
-0.0136715
-0.00263557
-0.00325803
-0.00155078
-0.00115118
-0.000793797
-0.00145984
-0.000563616
4.52145e-05
0.000474855
0.000620895
0.0003518
0
-0.0189153
-0.020038
-0.0162977
-0.0151072
-0.0139915
-0.0149799
-0.0118008
-0.0108564
-0.0060044
-0.00707643
-0.00489024
-0.00387582
-0.0369156
-0.036763
-0.0336564
-0.0335082
-0.0305542
-0.0305489
-0.0271144
-0.0271524
-0.0227948
-0.0233272
-0.0197052
-0.0192093
-0.0420873
-0.0411623
-0.0406087
-0.0413198
-0.0390672
-0.0387125
-0.0371297
-0.0375003
-0.0360977
-0.0357472
-0.0330508
-0.0334284
-0.0349034
-0.0348044
-0.0369003
-0.0369999
-0.0386508
-0.0392061
-0.0401891
-0.0396142
-0.0397261
-0.039709
-0.0394129
-0.0394293
-0.0234137
-0.024857
-0.0286753
-0.0273628
-0.0336033
-0.0354109
-0.0384643
-0.036609
-0.0364519
-0.0376615
-0.0397859
-0.0385396
-0.0131863
-0.0157007
-0.0202229
-0.0178347
-0.0269901
-0.0295463
-0.03374
-0.0311412
-0.0303969
-0.0326606
-0.0364025
-0.0340889
-0.0053502
-0.00819085
-0.0127206
-0.00991629
-0.0200273
-0.0228357
-0.0273109
-0.0245062
-0.0234877
-0.0262041
-0.0306355
-0.0278934
-0.000972513
-0.000128553
-0.000338233
0.000386776
0.000448018
0
-0.0138856
-0.0116626
-0.0128563
-0.00976548
-0.00861413
-0.00497048
-0.0332954
-0.0299932
-0.0303533
-0.0268979
-0.0264049
-0.0220223
-0.0422011
-0.0400542
-0.0395181
-0.0378988
-0.038308
-0.0363745
-0.0374272
-0.0384999
-0.0384236
-0.0393653
-0.039411
-0.0399864
-0.0262958
-0.0308533
-0.0320881
-0.0350866
-0.0338861
-0.0355822
-0.0155108
-0.0222617
-0.0245638
-0.0287118
-0.0264525
-0.028346
-0.00711085
-0.0144857
-0.0172432
-0.0217396
-0.0190158
-0.0208365
-0.00546184
-0.00404202
-0.00295236
-0.00216079
-0.00231837
-0.00330976
-0.0025602
-0.0014208
-0.0013686
-0.000328899
0.000305608
-0.000816836
-5.00927e-06
-0.000561392
0
-0.0240403
-0.0210867
-0.018419
-0.0174198
-0.0157306
-0.0160929
-0.012629
-0.0124415
-0.00952206
-0.00898066
-0.0081174
-0.00673132
-0.0058807
-0.00437516
-0.0396427
-0.0365914
-0.0336432
-0.0337092
-0.0303036
-0.0297856
-0.0259249
-0.0267165
-0.0226742
-0.0233535
-0.0235473
-0.019314
-0.0197759
-0.0159313
-0.0411646
-0.0404663
-0.0396531
-0.0400525
-0.0384805
-0.0384298
-0.0366735
-0.0368324
-0.0344029
-0.0348611
-0.0353265
-0.0318351
-0.0325095
-0.0289963
-0.0321295
-0.0350335
-0.0376579
-0.0371189
-0.0401164
-0.0414339
-0.042547
-0.0411497
-0.0415698
-0.0405679
-0.0399681
-0.0402639
-0.0396683
-0.0386303
-0.0206354
-0.0265007
-0.0320328
-0.0302313
-0.0375171
-0.039935
-0.0432436
-0.0406743
-0.0435364
-0.0411806
-0.0392272
-0.0435247
-0.0414389
-0.0431972
-0.0110176
-0.018245
-0.0252441
-0.0226891
-0.032231
-0.0350398
-0.0394268
-0.0365056
-0.0407232
-0.0378285
-0.0351375
-0.0418127
-0.0389797
-0.0426619
-0.00368471
-0.0065522
-0.0110505
-0.0139223
-0.018383
-0.0155427
-0.021232
-0.0256671
-0.0285161
-0.0330207
-0.0301481
-0.0347108
-0.0318195
-0.0289832
-0.0363752
-0.0334649
-0.0379628
-4.59745e-05
-0.00834728
-0.0272799
-0.0400345
-0.0396564
-0.0311593
-0.0212352
-0.0126951
-0.0020583
-0.000593768
0.000476406
-0.0175556
-0.012892
-0.00539345
-0.0352392
-0.02891
-0.0212946
-0.0413369
-0.0381706
-0.0346579
-0.035935
-0.0394452
-0.0396192
-0.0261033
-0.0360266
-0.0381242
-0.0167544
-0.0303522
-0.033387
-0.00904109
-0.023665
-0.0270517
-0.000521824
0.00018324
0.000377917
-0.0127269
-0.0106787
-0.00670303
-0.0315931
-0.0284449
-0.0242562
-0.0411056
-0.0390009
-0.0374329
-0.0379864
-0.0389624
-0.0397559
-0.0286299
-0.0329966
-0.0347499
-0.0189418
-0.0255069
-0.0273993
-0.0108176
-0.0181222
-0.0199214
-0.00471363
-0.00345106
-0.00112226
-0.0025635
-0.00227887
-0.000781042
0.000443178
-9.11008e-05
4.54548e-05
-0.0225104
-0.019734
-0.015117
-0.0170964
-0.0142539
-0.0106783
-0.00891113
-0.00737805
-0.0045241
-0.0380768
-0.0351318
-0.0321128
-0.032056
-0.0282897
-0.0250656
-0.0252855
-0.0215839
-0.0179388
-0.0408157
-0.0400887
-0.0398652
-0.0391285
-0.037676
-0.0358928
-0.0366925
-0.0337311
-0.0311911
-0.0336237
-0.0363744
-0.037805
-0.0389017
-0.0413275
-0.0408968
-0.0397039
-0.0401586
-0.0390919
-0.0236281
-0.0292907
-0.0311647
-0.0347641
-0.0403328
-0.0409575
-0.0371549
-0.0413416
-0.0414701
-0.0146732
-0.0217595
-0.0236242
-0.0287259
-0.0357886
-0.0371869
-0.0319113
-0.0384272
-0.0394832
-0.00736362
-0.0147252
-0.0163824
-0.0220246
-0.0293212
-0.0309837
-0.0253541
-0.0326483
-0.0342637
