FiniteElementSpace
FiniteElementCollection: H1_2D_P2
VDim: 2
Ordering: 0

0
1.17002
2.1559
2.88181
3.38472
3.73358
3.99652
4.22712
4.45637
0
0.799369
1.49878
2.055
2.47118
2.78113
3.02924
3.25553
3.48336
0.593514
1.00082
0.409418
0
1.69489
1.84977
1.16524
2.55041
2.48876
1.79561
3.15704
2.94269
2.27893
3.57393
3.26592
2.63672
3.87198
3.51636
2.91015
4.11334
3.74186
3.14316
4.34092
3.96976
3.3686
0.509513
1.45076
2.19511
2.73574
3.11693
3.39687
3.62995
3.85478
0.293292
0.551102
0.254326
0
1.43995
1.57551
1.23175
1.08715
2.36137
2.37626
2.02912
2.0061
3.02593
2.94957
2.61769
2.68873
3.48356
3.34766
3.03343
3.16646
3.80495
3.63554
3.33322
3.50142
4.05557
3.8719
3.57359
3.75707
4.28388
4.09781
3.79809
3.98451
0.886863
0.759393
0.907058
0.606844
0.464514
0.20789
0
1.93372
1.65693
1.68264
1.33642
1.31618
0.985899
2.72362
2.34813
2.27878
1.92992
2.00319
1.6519
3.27626
2.84377
2.71159
2.37872
2.51313
2.1712
3.65691
3.19412
3.02612
2.71121
2.8804
2.55695
3.93557
3.45767
3.27385
2.97062
3.15525
2.84721
4.17038
3.68591
3.49888
3.19937
3.38709
3.08659
4.39838
4.21309
3.91203
3.72652
3.42572
3.61168
3.3119
0.270881
1.33811
2.19866
2.82515
3.261
3.57047
3.81501
4.04096
0.824186
0.688975
0.236624
1.79834
1.50506
1.11656
2.53938
2.14643
1.84868
3.063
2.61647
2.4008
3.42747
2.95573
2.79929
3.69748
3.21552
3.09236
3.92827
3.44297
3.33086
4.15519
3.66882
3.55506
0.141218
0.281105
0.131994
0
1.30683
1.38938
1.21425
1.12883
2.26077
2.28065
2.10428
2.08159
2.95559
2.92622
2.75851
2.78596
3.43528
3.37281
3.21478
3.27617
3.76986
3.688
3.5365
3.61785
4.02623
3.93536
3.78621
3.87691
4.25547
4.16239
4.0127
4.10579
0.741208
0.855653
0.688796
0.572177
0.635355
0.725206
0.577324
0.487909
0.126361
0.246002
0.120041
0
1.81643
1.86655
1.6888
1.63564
1.55548
1.58262
1.41199
1.38502
1.1177
1.17558
1.01296
0.955182
2.63899
2.63219
2.45959
2.464
2.2732
2.24882
2.07619
2.10076
1.94112
1.94054
1.76709
1.76786
3.21808
3.17025
3.0076
3.05396
2.79095
2.73126
2.56587
2.62569
2.55464
2.51061
2.34104
2.38523
3.61628
3.5426
3.38836
3.46127
3.15626
3.07562
2.91873
2.99947
2.98903
2.91728
2.75632
2.82817
3.90415
3.81669
3.66685
3.75399
3.42758
3.33692
3.18567
3.27647
3.30008
3.21329
3.05971
3.14661
4.14192
4.04932
3.90012
3.99265
3.65796
3.56452
3.41505
3.50865
3.54512
3.45241
3.30249
3.39535
4.36958
4.27676
4.12643
4.21933
3.88334
3.79043
3.64018
3.73323
3.76993
3.67659
3.52692
3.62042
0.444379
0.411509
0.530337
0.382248
0.262618
0
1.56945
1.45859
1.51404
1.3428
1.28572
1.04461
2.45796
2.28931
2.28676
2.11376
2.11496
1.92898
3.09307
2.8888
2.84359
2.67802
2.72241
2.58978
3.52974
3.30525
3.23294
3.07603
3.14794
3.05537
3.83895
3.60345
3.51653
3.36545
3.45225
3.38415
4.08457
3.84355
3.75102
3.60185
3.69444
3.63691
4.31235
4.06932
3.9763
3.82637
3.91953
3.86322
1.03002
0.957054
0.881305
0.792173
0.79897
0.855455
0.703717
0.649863
0.508653
0.438559
0.350922
0.309027
0.224223
0.10696
0
2.04697
1.90413
1.75503
1.72863
1.59527
1.59322
1.41867
1.42329
1.25183
1.24324
1.21765
1.07647
1.05366
0.893401
2.80457
2.61574
2.41995
2.44482
2.21392
2.16888
1.99355
2.04032
1.86388
1.9017
1.92735
1.72488
1.75272
1.57646
3.33177
3.11591
2.89431
2.95425
2.665
2.59267
2.42581
2.49905
2.32976
2.39766
2.45813
2.22606
2.28781
2.11415
3.69597
3.46512
3.23064
3.31135
2.99149
2.90432
2.74669
2.8343
2.67457
2.75953
2.84062
2.59753
2.67925
2.51485
3.96632
3.72753
3.48724
3.57783
3.24489
3.15182
3.00012
3.09343
2.94064
3.03316
3.12418
2.87902
2.97036
2.8146
4.19876
3.95638
3.71387
3.80715
3.4709
3.37724
3.22743
3.32125
3.17128
3.26526
3.35905
3.11494
3.20893
3.05804
4.4273
4.33475
4.18409
4.09141
3.94085
4.03362
3.84813
3.6976
3.60493
3.45446
3.54723
3.3971
3.49012
3.58331
3.34019
3.43348
3.28367
0.135298
1.26083
2.18313
2.85773
3.32559
3.6535
3.90631
4.13406
0.715023
0.607278
0.123589
1.75309
1.48533
1.06667
2.54997
2.17628
1.85576
3.11348
2.67961
2.44925
3.50276
3.03825
2.87365
3.7857
3.30699
3.18044
4.02104
3.53661
3.42402
4.24798
3.76176
3.64846
0.427564
0.396787
0.129208
1.51441
1.40154
1.16668
2.37428
2.20261
2.02376
2.9916
2.78438
2.65759
3.418
3.19132
3.10266
3.72146
3.48482
3.41873
3.96411
3.72282
3.66583
4.1908
3.94785
3.89133
0.993719
0.919692
0.662302
0.84127
0.75346
0.54476
0.367409
0.331501
0.115835
1.9761
1.8306
1.62309
1.6768
1.50952
1.33447
1.28172
1.14956
0.955538
2.71084
2.5189
2.36748
2.31844
2.10581
1.97227
2.02219
1.8285
1.67426
3.22444
3.00595
2.90018
2.78075
2.54678
2.44936
2.56939
2.34382
2.2295
3.58093
3.3484
3.27291
3.11171
2.86985
2.79756
2.95919
2.72013
2.63679
3.84707
3.60761
3.54751
3.36635
3.12282
3.06357
3.24527
3.00212
2.93779
4.07756
3.83517
3.77911
3.59245
3.34923
3.29327
3.4806
3.23716
3.1805
4.30569
4.06247
4.00489
3.81922
3.576
3.51861
3.70485
3.46174
3.40532
0
0.277491
0.916667
1.787
2.75743
3.7561
4.75139
5.73446
6.70844
1
1.18982
1.65637
2.33735
3.15371
4.05097
4.99551
5.96435
6.93943
0.099163
0.696473
1.06588
0.5
0.557592
1.26294
1.39064
1.33265
2.0496
1.97551
2.2654
2.9497
2.73261
3.25591
3.90112
3.59469
4.2551
4.87269
4.51891
5.24445
5.84943
5.47812
6.22213
6.82411
6.45205
0.538699
0.94378
1.63653
2.49028
3.42147
4.38557
5.36099
6.33727
0.0531516
0.31096
0.498847
0.25
0.406203
0.743855
0.809997
0.479402
1.1188
1.47962
1.44393
1.08389
2.02393
2.37451
2.26711
1.91421
3.00621
3.33651
3.18435
2.85087
4.00587
4.31898
4.14289
3.82687
4.99832
5.30207
5.11677
4.81104
5.97853
6.27968
6.09346
5.79163
0.174349
0.605458
0.931673
1.11748
0.788508
1.03654
0.75
0.728702
1.09551
1.45375
1.51612
1.15866
1.28139
1.55602
1.83895
2.19139
2.15171
1.80229
1.80996
2.51022
2.7181
3.05156
2.94033
2.61053
2.53131
3.50601
3.66052
3.97663
3.82116
3.50841
3.37203
4.50364
4.6289
4.93474
4.7563
4.45291
4.28368
5.4898
5.60525
5.90724
5.72092
5.42008
5.23622
6.46537
6.76645
6.58082
6.88169
6.6959
6.3948
6.20813
0.266159
0.600863
1.27593
2.14183
3.09286
4.07284
5.05672
6.03583
0.382042
0.848567
0.752702
0.905724
1.29864
1.0357
1.69297
1.99248
1.62219
2.61117
2.82873
2.39776
3.58132
3.74133
3.27832
4.56509
4.69327
4.21393
5.54704
5.66353
5.17708
6.52322
6.63836
6.15105
0.0324559
0.157604
0.255081
0.125
0.338695
0.501814
0.537265
0.376681
1.01606
1.19596
1.17831
0.998786
1.9048
2.08184
2.02731
1.84948
2.88166
3.04879
2.97162
2.80334
3.88104
4.03884
3.94982
3.79092
4.87496
5.02723
4.93392
4.78087
5.85657
6.00712
5.91377
5.76293
0.132984
0.276401
0.343106
0.203422
0.568971
0.724253
0.8156
0.660515
0.49377
0.622839
0.746735
0.625
0.640774
0.815635
0.822586
0.649069
1.01756
1.19534
1.22667
1.04923
0.750578
0.920594
0.981237
0.81156
1.44324
1.62328
1.5852
1.40483
1.73662
1.91486
1.89622
1.71836
1.35188
1.53181
1.53643
1.35686
2.38744
2.55981
2.49241
2.319
2.60367
2.7731
2.719
2.54998
2.15758
2.33189
2.29372
2.11981
3.38094
3.54304
3.4588
3.29553
3.54078
3.70087
3.62455
3.46484
3.06668
3.23118
3.16449
3.0004
4.37947
4.53396
4.44205
4.28658
4.50716
4.66113
4.57293
4.41927
4.02188
4.17842
4.09505
3.93886
5.36722
5.51825
5.4246
5.27303
5.48312
5.63444
5.54176
5.39059
4.9947
5.14698
5.05582
4.90377
6.34379
6.49434
6.40148
6.25089
6.45908
6.60959
6.51661
6.36606
5.97147
6.12229
6.02914
5.87838
0.0723166
0.285292
0.422465
0.51526
0.380069
0.375
0.479137
0.669825
0.842041
0.874518
0.70351
0.585884
1.22436
1.37645
1.55689
1.5389
1.3586
1.17194
2.14416
2.25761
2.43169
2.37806
2.20365
1.98098
3.13098
3.21452
3.37858
3.30264
3.13814
2.89975
4.13057
4.1959
4.35205
4.26413
4.10761
3.86369
5.12149
5.17944
5.33144
5.23887
5.08662
4.84171
6.10038
6.15779
6.30847
6.2154
6.06462
5.82049
0.222397
0.427545
0.648039
0.491569
0.887427
1.05745
1.1513
0.979263
1.08921
0.923324
0.767686
1.04846
0.890624
1.02297
0.875
0.820677
0.992919
1.17741
0.99899
1.37443
1.55355
1.58456
1.40547
1.45154
1.27231
1.09497
1.33401
1.15574
1.23343
1.67065
1.8027
1.94334
1.7649
2.09093
2.26399
2.24345
2.0715
2.06239
1.88804
1.71089
1.89137
1.71491
1.73165
2.63358
2.73069
2.83347
2.66401
2.93961
3.10278
3.04637
2.88459
2.83573
2.67151
2.50341
2.63112
2.46434
2.43338
3.63108
3.70402
3.78065
3.62057
3.8587
4.0141
3.93568
3.78153
3.70749
3.55181
3.39298
3.48286
3.32538
3.26229
4.62762
4.6881
4.75075
4.59681
4.81388
4.96539
4.8757
4.72507
4.63736
4.48621
4.33323
4.401
4.24911
4.16699
5.61222
5.66938
5.72735
5.57608
5.78536
5.93593
5.84257
5.6924
5.59943
5.44931
5.29851
5.35704
5.20689
5.1157
6.58692
6.73751
6.64488
6.7953
6.70249
6.55203
6.8529
6.76004
6.91052
6.81772
6.66714
6.574
6.42348
6.27294
6.33009
6.17969
6.08621
0.141169
0.436256
1.09575
1.96497
2.92587
3.91489
4.90412
5.88508
0.236331
0.68936
0.618265
0.730077
1.12025
0.86352
1.51296
1.81547
1.44278
2.43901
2.66097
2.22504
3.41922
3.58259
3.1154
4.41033
4.54009
4.05846
5.39571
5.51249
5.02531
6.37265
6.48786
6.00034
0.17717
0.39779
0.372727
0.572809
0.770326
0.641939
1.29905
1.45642
1.2637
2.19989
2.31707
2.09157
3.17203
3.25814
3.01865
4.16275
4.22978
3.98556
5.1502
5.20905
4.96418
6.12905
6.18658
5.94259
0.323215
0.53568
0.453773
0.765092
1.01581
0.948513
0.63828
0.904212
0.880527
0.905274
1.08361
0.918373
1.27431
1.47778
1.33697
0.982619
1.2119
1.10426
1.73551
1.87203
1.65979
2.01637
2.16671
1.97858
1.62375
1.80012
1.63269
2.68129
2.7815
2.54737
2.88627
2.99309
2.77737
2.44026
2.56714
2.36326
3.66695
3.74201
3.49941
3.81965
3.89749
3.66629
3.34768
3.43815
3.21357
4.65748
4.71925
4.4744
4.78236
4.84507
4.60544
4.2987
4.36742
4.13133
5.64065
5.69831
5.45378
5.7564
5.81412
5.57078
5.26875
5.328
5.08601
6.61596
6.6737
6.43029
6.73127
6.78887
6.54534
6.24419
6.30159
6.05779
