FiniteElementSpace
FiniteElementCollection: H1_2D_P2
VDim: 2
Ordering: 0

0
-0.000115858
-0.00309688
-0.00687863
-0.00824981
-0.00511252
0.0030544
0.0158238
0.0317021
0
-0.00285536
-0.00486272
-0.00328013
0.00457337
0.0189457
0.0371567
0.0558409
0.0728345
0.000256135
-0.00132897
-0.00143093
0
-0.00131072
-0.00409518
-0.00411101
-0.00509679
-0.0055167
-0.00471876
-0.00803681
-0.00239082
-0.000231416
-0.00730836
0.00649771
0.0110607
-0.00164617
0.0198792
0.0278002
0.00891785
0.0357135
0.0466055
0.0235556
0.0520235
0.0646177
-0.000373591
-0.00266541
-0.00519673
-0.00466445
0.00136803
0.0127612
0.0275986
0.0439943
0.000141507
-8.30565e-05
-0.000105718
0
-0.000620394
-0.00206683
-0.00196329
-0.000768266
-0.00409687
-0.00530907
-0.00471573
-0.00371634
-0.00755823
-0.00655477
-0.00525673
-0.00639151
-0.00793197
-0.00311065
-0.000693625
-0.00550655
-0.0035368
0.00555075
0.00950516
0.000616851
0.0058467
0.0183441
0.0236775
0.0115176
0.0196049
0.0338631
0.0398536
0.0258638
0.000178587
-0.000792219
-0.00195851
-0.00214482
-0.000756804
-0.000733375
0
-0.00215115
-0.00339305
-0.00441553
-0.00457322
-0.00328091
-0.00352396
-0.00604175
-0.00548134
-0.0044309
-0.00418406
-0.00494359
-0.00492847
-0.00827727
-0.00371383
0.000988641
0.0019507
-0.00251981
-0.00197096
-0.00636982
0.00377435
0.0125772
0.014853
0.00608831
0.0076201
0.000553502
0.0162304
0.0283485
0.0324436
0.0201214
0.0232813
0.0122512
0.0316186
0.0456295
0.0512654
0.0369327
0.0418911
0.0276288
0.0418703
0.0480676
0.0623725
0.068775
0.0542141
0.0603022
7.45753e-06
-0.00135278
-0.0045482
-0.0066097
-0.00447927
0.00294341
0.0148337
0.0298218
-0.00034035
-0.00133107
-0.000259997
-0.00287096
-0.00389646
-0.00262003
-0.00594164
-0.00484256
-0.00478322
-0.00619444
-0.000969863
-0.00366709
-0.00140738
0.00917793
0.00334812
0.00841624
0.0241718
0.0162409
0.0220284
0.0412798
0.0326131
0.0379253
0.0583501
0.0499541
4.59615e-05
7.03383e-05
3.30938e-06
0
-0.000342867
-0.00101165
-0.00104235
-0.000462723
-0.003594
-0.00436972
-0.00413766
-0.00344806
-0.0072416
-0.00714626
-0.0065324
-0.00669554
-0.00812843
-0.00625432
-0.00503554
-0.00693361
-0.00436408
-0.000303275
0.0017438
-0.00226617
0.00441511
0.0103724
0.0131502
0.00731079
0.0176913
0.024757
0.0278298
0.0208863
0.000244461
-9.75176e-05
-0.000190099
7.44958e-05
-0.000566629
-0.00104099
-0.00103682
-0.000543905
-3.68997e-05
-0.000171438
-9.5912e-05
0
-0.00171501
-0.00254673
-0.00246062
-0.0017189
-0.00302907
-0.00363586
-0.00359729
-0.00295989
-0.00163548
-0.00227492
-0.00228685
-0.00162457
-0.00558023
-0.00604878
-0.00564501
-0.00525546
-0.00536696
-0.00517375
-0.00492881
-0.00507688
-0.00441924
-0.00475088
-0.00462164
-0.00425145
-0.00818925
-0.00729581
-0.00641435
-0.00735799
-0.00423498
-0.00236814
-0.00179581
-0.00361588
-0.0054261
-0.00448236
-0.00409513
-0.00499023
-0.0068787
-0.00391828
-0.00229996
-0.00524948
0.0025298
0.00644638
0.00759171
0.00369847
-0.00158851
0.00129806
0.00211923
-0.000729172
-0.000584248
0.00450044
0.00695274
0.00195722
0.0144714
0.0201733
0.0221281
0.0164129
0.0079682
0.012844
0.0143789
0.00950798
0.0105533
0.0171806
0.0201659
0.0136685
0.0295977
0.0364251
0.0391043
0.0322403
0.0217614
0.0281189
0.030472
0.0240868
0.0255818
0.0328269
0.0358978
0.0287554
0.0460442
0.0531842
0.056301
0.0490823
0.0377802
0.0448826
0.0477968
0.0406489
0.000221006
-1.81982e-05
-0.000227542
-0.000219167
-4.82925e-05
0
-0.000944324
-0.00169588
-0.00237562
-0.00230828
-0.00166369
-0.0010511
-0.00460095
-0.00494127
-0.00528143
-0.00497725
-0.00465571
-0.00392454
-0.00782566
-0.00661862
-0.00564953
-0.00500393
-0.00597194
-0.0059904
-0.00765909
-0.00383723
-0.00090274
0.000292798
-0.00262184
-0.00398691
-0.00263027
0.00421352
0.00914579
0.0111044
0.00620865
0.00353606
0.00734863
0.0165659
0.0229761
0.0256242
0.019258
0.0156975
0.0215628
0.0318355
0.0389301
0.0419277
0.0348422
0.0307946
5.9073e-05
-0.000533537
-0.00104711
-0.000566319
-0.00163884
-0.00236029
-0.00250296
-0.00169068
-0.00178595
-0.00104598
-0.000493482
-0.00108159
-0.00043146
-0.000344739
0
-0.00261434
-0.00329195
-0.00375071
-0.00314594
-0.00417127
-0.00461171
-0.00474217
-0.00420098
-0.00436016
-0.00365638
-0.00295307
-0.00382995
-0.00302795
-0.00319718
-0.00647758
-0.00619271
-0.00553317
-0.00574429
-0.00467822
-0.00385546
-0.00378057
-0.00450655
-0.00449462
-0.00481752
-0.00489261
-0.00486076
-0.00483525
-0.00492628
-0.00829887
-0.00589232
-0.00309914
-0.0049939
-4.15072e-05
0.00275703
0.00320702
0.000472038
0.00080363
-0.00138814
-0.00314281
-0.00115634
-0.00282541
-0.00267811
-0.0057809
-0.000434147
0.00509848
0.00115688
0.0108416
0.0157169
0.0168645
0.0119758
0.0129151
0.00853992
0.00467232
0.00929274
0.00545475
0.00604456
0.00176713
0.00993888
0.0180344
0.0123181
0.0262469
0.032693
0.0347943
0.0282507
0.0301095
0.0239075
0.018157
0.0255211
0.019712
0.0210862
0.0140098
0.0239289
0.0336583
0.0268295
0.0434558
0.0506847
0.053565
0.0462151
0.0489439
0.0417085
0.0347678
0.0442529
0.037191
0.0395238
0.029687
0.0368301
0.0399243
0.0469333
0.0500564
0.0429925
0.0571742
0.0603651
0.0676124
0.0708074
0.0635602
0.0667125
0.0593966
0.052095
0.062479
0.0550902
0.058087
2.36703e-05
-0.000715395
-0.00391007
-0.00694846
-0.00663424
-0.00132263
0.00881126
0.0228034
1.25962e-05
-0.000780489
-5.7459e-05
-0.00212061
-0.00330202
-0.0019431
-0.00566741
-0.0051572
-0.00451918
-0.00736304
-0.0030405
-0.00477913
-0.0046243
0.00503101
0.000236671
0.00319458
0.0182717
0.0111443
0.0153989
0.0343262
0.02609
0.0307877
0.0511495
0.0427666
9.30116e-05
-0.00011765
-1.53177e-05
-0.0013476
-0.00200958
-0.00134291
-0.00482091
-0.00498542
-0.0042997
-0.00728451
-0.00585074
-0.00601688
-0.00579268
-0.00180574
-0.00334897
0.000790827
0.00764609
0.00483756
0.0119922
0.0210988
0.0174567
0.0267436
0.0368848
0.0328104
-0.00025592
-0.000791468
-0.000377627
-0.00132295
-0.0020238
-0.00136418
-0.000336806
-0.000735706
-0.000150912
-0.00299161
-0.00353764
-0.00275649
-0.00395455
-0.0044261
-0.00394196
-0.00261555
-0.00334954
-0.00269641
-0.00639395
-0.00589758
-0.00553671
-0.00511989
-0.00422606
-0.00470159
-0.00493901
-0.00485965
-0.00475002
-0.00715347
-0.00453487
-0.00536466
-0.00159758
0.00156164
-0.000511513
-0.00409555
-0.00215904
-0.00338982
-0.00313162
0.00230821
8.58195e-05
0.00794039
0.0138111
0.0102164
0.00245308
0.00695067
0.00405532
0.0058733
0.0139836
0.0107044
0.0221132
0.0304623
0.0260637
0.014602
0.0217879
0.0176859
0.019011
0.0287997
0.0248873
0.0385337
0.048456
0.0439648
0.0301701
0.0394493
0.0349374
0.0348539
0.0449814
0.0409699
0.0551853
0.06559
0.0614972
0.0469902
0.0572579
0.0528971
0
0.00207818
0.0048502
0.00272094
-0.00829587
-0.03021
-0.0625144
-0.101932
-0.143887
0
0.00239626
0.00535846
0.00597996
-0.000484454
-0.0182414
-0.0482214
-0.0867873
-0.127767
0.000552611
0.00210122
0.00122267
0
0.00376179
0.00543686
0.00390682
0.00468857
0.00513555
0.00624391
-0.001499
-0.00327178
0.00393958
-0.0178566
-0.0230612
-0.00778587
-0.0452075
-0.0545321
-0.0318322
-0.0816267
-0.0940517
-0.0668004
-0.122853
-0.135925
-0.107329
0.000547254
0.00392914
0.00603203
0.00219653
-0.0116337
-0.0374768
-0.073639
-0.115008
0.000130265
0.000468665
6.92796e-05
0
0.00294993
0.00381478
0.00301777
0.00202488
0.00496284
0.00543876
0.0058851
0.00516104
0.000915814
0.000568898
0.00395387
0.00407674
-0.012725
-0.0144258
-0.00707496
-0.00550221
-0.0373948
-0.0410528
-0.029911
-0.0263127
-0.0718818
-0.0774859
-0.0638733
-0.0582975
-0.112345
-0.118919
-0.104504
-0.0979207
0.00124305
0.00125413
0.00224597
0.00175118
0.000798335
0.00080896
0
0.0044235
0.0047603
0.00554876
0.00466972
0.00399876
0.00313062
0.00396109
0.00580564
0.00580293
0.00629434
0.00634384
0.00590687
-0.00456018
-0.000195017
-0.0015972
0.00206028
0.00333788
0.00522122
-0.0236892
-0.0169628
-0.0203868
-0.012613
-0.00943058
-0.00375197
-0.0536002
-0.0457064
-0.0511832
-0.0397096
-0.0344184
-0.0246587
-0.0916696
-0.0837316
-0.0903389
-0.0766703
-0.0700805
-0.0572833
-0.133405
-0.139916
-0.125505
-0.13187
-0.117547
-0.111126
-0.0970434
3.04605e-05
0.00293437
0.00547053
0.0026196
-0.00959573
-0.0333424
-0.0676904
-0.108385
0.00117178
0.00145651
0.000271981
0.00458358
0.00483286
0.00311444
0.00499607
0.00627741
0.00607643
-0.0021246
0.00120963
0.00484681
-0.0200002
-0.0145144
-0.00513182
-0.0493927
-0.0424915
-0.0270329
-0.087593
-0.0800915
-0.0604107
-0.129474
-0.121492
-0.100718
3.22986e-05
6.20909e-05
-3.85434e-05
0
0.00251521
0.00292464
0.0024782
0.0020316
0.00495147
0.00522061
0.00535421
0.00500234
0.00189309
0.00181001
0.00341902
0.00343058
-0.0104224
-0.0110814
-0.00745829
-0.00682728
-0.0337213
-0.0352858
-0.0297403
-0.0281754
-0.0671462
-0.0697376
-0.0629382
-0.0603467
-0.107126
-0.110353
-0.103141
-0.0999079
0.00087045
0.00118612
0.000795613
0.000489577
0.000879357
0.00134228
0.0011088
0.000649782
-2.45685e-05
0.000144868
9.32342e-05
0
0.00411731
0.00449427
0.00421847
0.00377428
0.00435948
0.00481739
0.00442605
0.00397632
0.00255568
0.00306981
0.00267421
0.00216872
0.00438656
0.0045002
0.00527316
0.00507594
0.0059698
0.00609112
0.00635667
0.00623121
0.00569406
0.00601711
0.00584026
0.00552165
-0.00294596
-0.00327953
-0.000694919
-0.000412197
0.00108307
0.000574764
0.0023549
0.00283141
0.00461252
0.00446045
0.00538934
0.00552446
-0.0206855
-0.0217583
-0.0171204
-0.0160572
-0.014202
-0.0156678
-0.0118737
-0.0104606
-0.00508088
-0.00603223
-0.00327101
-0.00236469
-0.0493347
-0.0514275
-0.0451481
-0.0430531
-0.0415128
-0.0440425
-0.038373
-0.035886
-0.0263945
-0.0284061
-0.0236148
-0.0216552
-0.0866166
-0.0896041
-0.0825063
-0.0795187
-0.0786505
-0.0818835
-0.0750498
-0.071824
-0.0591439
-0.0620988
-0.0557356
-0.0528074
-0.128133
-0.131436
-0.124198
-0.120878
-0.12026
-0.123499
-0.116315
-0.11306
-0.0992667
-0.102598
-0.0955178
-0.092175
0.000296292
0.00020917
0.000487837
0.000274787
3.35846e-05
0
0.00336916
0.00338369
0.00387041
0.00347895
0.00296856
0.00205024
0.0048795
0.00550197
0.0057627
0.00600066
0.00569737
0.00531103
-0.000211887
0.00167159
0.00144068
0.00315067
0.00333751
0.00464926
-0.0152024
-0.0119183
-0.0129535
-0.00925904
-0.00826155
-0.00431724
-0.0412253
-0.0371157
-0.039197
-0.0336077
-0.0315541
-0.0246113
-0.0767123
-0.0725435
-0.0755264
-0.0687091
-0.0657368
-0.0563611
-0.117593
-0.113647
-0.116963
-0.109754
-0.106435
-0.095968
0.00164862
0.00158593
0.0016647
0.00119539
0.0018379
0.00232333
0.0020595
0.00159249
0.00147202
0.000989563
0.000521062
0.00100144
0.000496373
0.000516776
0
0.00467209
0.00490139
0.00512254
0.00467695
0.00520961
0.00550012
0.00502629
0.004789
0.00429253
0.00398017
0.00355857
0.00351582
0.00313802
0.00275424
0.00340972
0.00460001
0.00553018
0.00543607
0.00609551
0.00595913
0.00618753
0.00635023
0.00630925
0.00635364
0.0062469
0.00610562
0.00604549
0.00565354
-0.0063416
-0.00372596
-0.00164532
-0.00109542
-0.00010574
-0.000969883
0.000876412
0.00170635
0.00308013
0.00370981
0.00416552
0.00465119
0.0051039
0.0056613
-0.0268646
-0.0230656
-0.019917
-0.0184045
-0.0173525
-0.019251
-0.0153252
-0.0134978
-0.0100972
-0.00854006
-0.00718403
-0.00566898
-0.00437206
-0.00202299
-0.0579962
-0.0537793
-0.0500497
-0.0474882
-0.0467649
-0.0496565
-0.0438898
-0.0410494
-0.0356852
-0.0330695
-0.030636
-0.0281518
-0.025786
-0.0213509
-0.0967794
-0.0927348
-0.0888691
-0.0856353
-0.085192
-0.0885442
-0.0817043
-0.0783552
-0.0716974
-0.0684076
-0.0651965
-0.0619906
-0.0588074
-0.0526883
-0.138677
-0.141897
-0.134725
-0.137922
-0.130731
-0.127498
-0.133907
-0.126669
-0.12981
-0.122632
-0.1195
-0.112449
-0.109216
-0.105923
-0.102188
-0.098867
-0.0919042
-1.42515e-05
0.00247804
0.00515294
0.00269285
-0.00886495
-0.0316462
-0.0649883
-0.105118
0.000812037
0.000976166
1.71181e-05
0.00415614
0.00440942
0.00261436
0.00484654
0.00620974
0.00579982
-0.0017627
0.00178487
0.00505865
-0.0188176
-0.0129667
-0.00410542
-0.0471683
-0.0398838
-0.0249373
-0.084529
-0.0768183
-0.057393
-0.126159
-0.118284
-0.0973755
0.000233708
0.000222872
-4.21073e-05
0.00336062
0.00342673
0.00250673
0.00519858
0.00577469
0.00553989
0.000777247
0.00246553
0.00406271
-0.0134788
-0.0105135
-0.00619767
-0.0390904
-0.0352913
-0.027993
-0.0745848
-0.0705857
-0.0609916
-0.115609
-0.111695
-0.10119
0.0015968
0.00161012
0.000818297
0.00174229
0.00194428
0.00127383
0.000370164
0.00073126
0.000232083
0.00478029
0.00502045
0.00429065
0.00519097
0.00516036
0.00439215
0.00352684
0.00355894
0.00272335
0.00403129
0.00510424
0.0056527
0.00586531
0.00620762
0.00639517
0.00616367
0.00623328
0.00579734
-0.00496652
-0.00261846
0.000255316
-0.000806854
0.000456278
0.0027886
0.0037203
0.00447876
0.00559411
-0.0248787
-0.0214148
-0.0155845
-0.0185649
-0.0162746
-0.0109187
-0.00815016
-0.00635783
-0.00257689
-0.0558236
-0.0518569
-0.0432657
-0.0483539
-0.0452791
-0.0369758
-0.0320581
-0.0293364
-0.0224217
-0.0947342
-0.0907794
-0.0805469
-0.0870064
-0.0834261
-0.0733444
-0.0669133
-0.0635574
-0.0541694
-0.136697
-0.132736
-0.122233
-0.128705
-0.124633
-0.114367
-0.107828
-0.104044
-0.0936952
