FiniteElementSpace
FiniteElementCollection: H1_2D_P2
VDim: 2
Ordering: 0

0
1.13618
2.15767
3.09366
3.99111
4.88413
5.79067
6.71272
7.63862
0
0.874336
1.75542
2.63724
3.533
4.45151
5.38673
6.32257
7.24616
0.579427
1.01231
0.435452
0
1.66085
1.96146
1.31515
2.63318
2.86705
2.19555
3.54472
3.76137
3.08252
4.43666
4.66647
3.98943
5.33523
5.58798
4.91794
6.25021
6.51799
5.85562
7.17635
7.44316
6.78616
0.511548
1.49444
2.41757
3.31388
4.21182
5.12544
6.05273
6.98197
0.28942
0.542647
0.255079
0
1.40238
1.57703
1.25551
1.07319
2.39768
2.52481
2.19061
2.05906
3.32005
3.42853
3.09057
2.97967
4.21379
4.32358
3.98612
3.87547
5.10916
5.23016
4.89544
4.77485
6.01998
6.15178
5.82018
5.68942
6.94453
7.07948
6.75025
6.61576
0.861724
0.764375
0.948262
0.654388
0.479285
0.218262
0
1.91234
1.72958
1.86143
1.53537
1.40872
1.09474
2.86493
2.64288
2.75361
2.41607
2.30873
1.97541
3.76823
3.53737
3.64756
3.30704
3.19907
2.85931
4.66002
4.43859
4.55873
4.21982
4.10063
3.76046
5.56241
5.35634
5.48688
5.15218
5.02127
4.6843
6.48119
6.28541
6.42007
6.08945
5.95377
5.6213
7.40787
7.54092
7.21297
7.34504
7.01657
6.88417
6.55483
0.26763
1.32818
2.29363
3.20457
4.09923
5.00198
5.9203
6.84778
0.811507
0.714728
0.242455
1.82043
1.63592
1.17957
2.75328
2.53128
2.08558
3.65202
3.42282
2.9761
4.54874
4.32907
3.87347
5.45934
5.2538
4.78951
6.38367
6.1871
5.72029
7.31058
7.11506
6.65247
0.140552
0.276828
0.131097
0
1.27029
1.3648
1.20149
1.10413
2.27829
2.34533
2.17681
2.10803
3.2071
3.262
3.09228
3.03635
4.10245
4.15626
3.98729
3.93301
4.99652
5.05549
4.88829
4.82936
5.9052
5.97023
5.80477
5.74011
6.82861
6.89629
6.73179
6.66438
0.72144
0.835953
0.678006
0.560101
0.63856
0.740294
0.597185
0.496143
0.126761
0.24916
0.122203
0
1.78741
1.86601
1.69937
1.61853
1.61245
1.68334
1.52255
1.45224
1.13448
1.21826
1.06419
0.981038
2.74947
2.80879
2.63935
2.57868
2.5304
2.58738
2.42005
2.36352
2.07634
2.13853
1.97365
1.91196
3.65658
3.70983
3.5403
3.48632
3.42559
3.48017
3.31083
3.2566
2.97887
3.03351
2.86481
2.81057
4.54826
4.6042
4.43605
4.3799
4.32507
4.38378
4.21469
4.1562
3.87364
3.92979
3.76037
3.7045
5.44868
5.51088
5.34463
5.28266
5.24078
5.30498
5.13745
5.07327
4.78082
4.8424
4.67399
4.61253
6.36562
6.43257
6.26769
6.20111
6.16907
6.23622
6.07047
6.0032
5.70402
5.77017
5.60356
5.53735
7.29217
7.35929
7.19512
7.12802
7.09757
7.16406
6.99972
6.9331
6.63417
6.70137
6.53635
6.46901
0.435723
0.405612
0.526738
0.383528
0.261172
0
1.53254
1.45333
1.53583
1.37548
1.29192
1.04276
2.51594
2.4096
2.47122
2.30433
2.24217
2.01034
3.43255
3.31664
3.37112
3.20223
3.14751
2.92333
4.32518
4.21132
4.26759
4.09885
4.04256
3.81831
5.22206
5.11594
5.17774
5.01032
4.94864
4.72057
6.13499
6.03597
6.10228
5.93642
5.87025
5.63869
7.06047
6.96368
7.03078
6.86619
6.79907
6.56693
1.00002
0.943212
0.888958
0.787806
0.831774
0.912976
0.76425
0.686445
0.544759
0.459379
0.36111
0.326485
0.232674
0.111345
0
2.03572
1.9403
1.84589
1.7751
1.74887
1.8094
1.64541
1.58677
1.42528
1.36322
1.29441
1.20495
1.13862
0.984504
2.97963
2.8667
2.75508
2.69808
2.64245
2.69592
2.52655
2.47427
2.30574
2.25285
2.19725
2.08544
2.03133
1.86541
3.87972
3.76373
3.64929
3.5946
3.53505
3.59044
3.41983
3.36515
3.1946
3.1411
3.0875
2.97076
2.9181
2.74815
4.77196
4.66167
4.55239
4.49356
4.44375
4.50506
4.33551
4.27443
4.10445
4.04506
3.98689
3.87476
3.81706
3.64653
5.67641
5.57427
5.47208
5.4078
5.37029
5.43665
5.26943
5.20284
5.035
4.96948
4.90528
4.80102
4.7368
4.56777
6.5969
6.49971
6.40172
6.33459
6.30364
6.37123
6.2061
6.13815
5.97261
5.90455
5.83704
5.73851
5.67064
5.50403
7.52339
7.58976
7.42584
7.49207
7.32816
7.26181
7.39416
7.23018
7.29574
7.13145
7.06592
6.90148
6.8352
6.76842
6.67062
6.60362
6.43881
0.134074
1.23538
2.22722
3.14938
4.0446
4.94229
5.85506
6.78034
0.698957
0.618604
0.124766
1.74301
1.56813
1.10008
2.6941
2.47556
2.02548
3.59814
3.36831
2.92205
4.49196
4.26984
3.81702
5.39664
5.18903
4.72733
6.31678
6.11972
5.65372
7.24373
7.04868
6.58526
0.419493
0.39418
0.128838
1.4925
1.41449
1.16803
2.46245
2.35701
2.12664
3.37429
3.25936
3.03553
4.26801
4.15497
3.93035
5.16894
5.06307
4.83447
6.08559
5.98622
5.7544
7.0122
6.91499
6.68304
0.971011
0.916033
0.658046
0.861119
0.7998
0.57294
0.37297
0.345847
0.118975
1.98766
1.89318
1.65601
1.79794
1.69818
1.47512
1.33564
1.25106
1.02592
2.92285
2.81087
2.58489
2.69903
2.58504
2.36355
2.2512
2.14212
1.92043
3.82144
3.7064
3.48285
3.59223
3.47763
3.25298
3.14502
3.02948
2.80692
4.71666
4.60693
4.38045
4.49801
4.38959
4.15958
4.04285
3.93089
3.70357
5.62537
5.52315
5.29266
5.4211
5.31971
5.08609
4.95772
4.85304
4.6208
6.54845
6.45077
6.21842
6.35266
6.25477
6.02141
5.88667
5.78762
5.55364
7.47463
7.37703
7.14639
7.27922
7.18094
6.95067
6.81732
6.71951
6.48752
0
0.241355
0.646885
1.12792
1.61495
2.07242
2.49119
2.88371
3.27145
1
1.1812
1.53947
1.99622
2.48431
2.95715
3.39295
3.7969
4.19138
0.10399
0.689941
1.06694
0.5
0.428445
1.08354
1.343
0.883287
1.55958
1.76021
1.37357
2.05142
2.23977
1.84853
2.5183
2.72465
2.28628
2.94495
3.17994
2.68938
3.34137
3.5977
3.07701
3.73154
3.99378
0.555215
0.871
1.3161
1.80664
2.28957
2.73656
3.14553
3.53583
0.0596137
0.323382
0.512353
0.25
0.329952
0.6456
0.775698
0.460361
0.763517
1.09767
1.19794
0.862209
1.25099
1.58968
1.68307
1.34259
1.73287
2.06967
2.17154
1.83336
2.18056
2.51239
2.62874
2.29625
2.59095
2.91811
3.04604
2.71895
2.98034
3.30653
3.43858
3.11292
0.165189
0.615722
0.930378
1.11716
0.802808
1.03375
0.75
0.534689
0.97412
1.30981
1.43759
1.10391
1.25705
1.00508
1.43697
1.77789
1.87682
1.53744
1.6474
1.49505
1.92963
2.26864
2.36227
2.02368
2.11749
1.96174
2.40522
2.73865
2.84204
2.50803
2.60527
2.38973
2.84189
3.16954
3.28761
2.95905
3.06981
2.78684
3.24383
3.56926
3.6978
3.37196
3.49621
3.17395
3.50146
3.63345
3.9616
4.09232
3.76486
3.89543
0.277314
0.548112
0.978229
1.46625
1.95263
2.40561
2.81928
3.2097
0.384638
0.859744
0.762546
0.750856
1.20352
1.01235
1.21945
1.65656
1.4215
1.71223
2.1466
1.90053
2.18426
2.62457
2.38927
2.61675
3.06545
2.85015
3.01586
3.47104
3.27159
3.40369
3.86299
3.66706
0.03633
0.166491
0.261785
0.125
0.284257
0.437843
0.502883
0.349558
0.704739
0.87019
0.919716
0.753741
1.18949
1.35838
1.4044
1.23491
1.67419
1.84284
1.89325
1.72418
2.12681
2.29334
2.35126
2.18457
2.54126
2.70533
2.76932
2.60531
2.93203
3.09508
3.16132
2.99842
0.132537
0.273525
0.352064
0.212401
0.583601
0.736054
0.829403
0.676924
0.501915
0.635468
0.752287
0.625
0.48072
0.641839
0.697366
0.53596
0.921678
1.08813
1.15279
0.986578
0.731504
0.892929
0.970062
0.808798
0.944002
1.11181
1.15833
0.989914
1.37626
1.54659
1.59666
1.42649
1.14019
1.30932
1.36505
1.19614
1.43449
1.60358
1.6511
1.48148
1.86824
2.03821
2.08521
1.91521
1.62126
1.79179
1.8391
1.66865
1.90546
2.07321
2.12728
1.95926
2.3477
2.51511
2.56659
2.399
2.11172
2.28058
2.32916
2.16018
2.33828
2.50351
2.56486
2.3996
2.78952
2.95386
3.01256
2.84801
2.57385
2.73966
2.79472
2.62869
2.7382
2.90149
2.96709
2.80393
3.1948
3.35751
3.42163
3.25885
2.99572
3.15895
3.2208
3.05741
3.12542
3.28879
3.35506
3.19178
3.58459
3.74826
3.81386
3.65037
3.38999
3.55286
3.61819
3.45537
0.0795614
0.29839
0.437504
0.531321
0.392949
0.375
0.378102
0.595769
0.7573
0.822265
0.660733
0.573796
0.823091
1.03759
1.20645
1.25661
1.08752
0.972181
1.31239
1.52803
1.6981
1.74488
1.57451
1.45085
1.79101
2.01144
2.17978
2.23083
2.0622
1.94246
2.23372
2.45931
2.6247
2.68297
2.5174
2.40749
2.64031
2.86885
3.03196
3.09596
2.93283
2.83214
3.02864
3.25809
3.42122
3.48718
3.32419
3.22723
0.201521
0.420841
0.651248
0.498637
0.893518
1.05457
1.14765
0.986797
1.09028
0.932802
0.780463
1.048
0.8952
1.01947
0.875
0.590148
0.805863
1.02813
0.861647
1.25591
1.42433
1.48772
1.32009
1.38933
1.22279
1.05703
1.29889
1.1338
1.21781
1.06643
1.2809
1.49812
1.32788
1.71701
1.88714
1.93624
1.7667
1.81811
1.64875
1.47901
1.70327
1.53427
1.59277
1.55524
1.773
1.9907
1.82094
2.20776
2.37672
2.4234
2.25466
2.30104
2.13191
1.96209
2.17856
2.00916
2.05668
2.01741
2.24058
2.46209
2.29493
2.68192
2.84815
2.8999
2.73356
2.78362
2.6166
2.44891
2.66519
2.49753
2.54497
2.4407
2.6681
2.89368
2.72953
3.11777
3.28138
3.34056
3.1767
3.23409
3.0697
2.90492
3.1252
2.96021
3.0138
2.83532
3.06445
3.29267
3.12996
3.52023
3.68309
3.74745
3.58445
3.6479
3.48489
3.32196
3.54716
3.384
3.44483
3.2226
3.38645
3.45248
3.6165
3.68244
3.51859
3.84658
3.91225
4.07656
4.14176
3.97766
4.043
3.87931
3.71594
3.9446
3.78123
3.84621
0.146299
0.392326
0.811483
1.29665
1.78378
2.23928
2.65552
3.04676
0.240949
0.704619
0.625746
0.588046
1.03646
0.849558
1.05066
1.48623
1.25216
1.54269
1.9768
1.73013
2.01655
2.45735
2.2206
2.45183
2.90123
2.6845
2.85281
3.30831
3.10841
3.24023
3.69926
3.50413
0.187561
0.412919
0.380536
0.48581
0.707932
0.615932
0.929717
1.1466
1.02933
1.42002
1.63635
1.51264
1.90135
2.12128
2.00258
2.34678
2.57136
2.46277
2.75478
2.98257
2.8827
3.1434
3.37268
3.27573
0.309842
0.534597
0.466166
0.770866
1.01914
0.957951
0.653704
0.911811
0.882539
0.697136
0.916228
0.808603
1.14141
1.37142
1.27049
0.938664
1.17718
1.09287
1.17327
1.38923
1.26691
1.60743
1.82667
1.70736
1.36747
1.59101
1.47866
1.6641
1.88189
1.75964
2.09936
2.31582
2.19333
1.8535
2.07049
1.94801
2.12922
2.35154
2.23767
2.57222
2.79117
2.67537
2.34006
2.55731
2.43732
2.55465
2.7811
2.67741
3.0059
3.22932
3.12351
2.79415
3.01527
2.9045
2.95001
3.17866
3.08108
3.40651
3.63386
3.53481
3.20908
3.43464
3.33293
3.33752
3.56747
3.46985
3.79737
4.02704
3.92843
3.60159
3.83026
3.73219
