FiniteElementSpace
FiniteElementCollection: H1_2D_P2
VDim: 2
Ordering: 0

0
0.00646863
-0.00112338
-0.0127218
-0.0197282
-0.0188791
-0.00943789
0.0068709
0.0253384
0
-0.00551034
-0.0109712
-0.0165786
-0.019066
-0.0156258
-0.00508617
0.0111054
0.0288209
0.00505817
0.0013329
-0.00307923
0
0.00394415
-0.00596612
-0.00807325
-0.00711021
-0.0152346
-0.0139484
-0.017093
-0.0202591
-0.0184168
-0.0203694
-0.0181489
-0.0182083
-0.0152052
-0.00795173
-0.0112273
-0.0018934
0.00873242
0.00251984
0.0161617
0.0270899
0.0200565
0.00157546
-0.00154396
-0.0108325
-0.0185178
-0.0201932
-0.014045
-0.000172669
0.0180432
0.00272996
0.00304716
0.000719234
0
0.00562946
0.00117583
0.000160997
0.00381527
-0.00409274
-0.00902306
-0.00840617
-0.00356708
-0.0151007
-0.0179418
-0.0170471
-0.014072
-0.0203085
-0.0204727
-0.0204646
-0.0201645
-0.0173139
-0.0148067
-0.0163546
-0.0187092
-0.00585798
-0.00114043
-0.00424346
-0.00884646
0.0114941
0.0170934
0.0133833
0.00774645
0.0062921
0.00183163
-0.00150923
-0.0043175
-3.16155e-05
-0.00166936
0
0.00162196
-0.00363403
-0.00842154
-0.00948971
-0.00451674
-0.00674767
-0.0100269
-0.0131386
-0.0161253
-0.0153352
-0.0125132
-0.0124749
-0.0186476
-0.0196005
-0.0199317
-0.018912
-0.0187265
-0.017623
-0.0198963
-0.019426
-0.0171475
-0.0171417
-0.0194683
-0.0188417
-0.0125695
-0.0112343
-0.00671861
-0.00836237
-0.0128767
-0.0136534
0.00237845
0.00418237
0.00985089
0.00672712
0.00103591
-0.00144035
0.0207973
0.0262179
0.0226323
0.0279658
0.0244842
0.0190377
0.0155745
0.00133947
0.00284997
-0.0062839
-0.0161896
-0.0205697
-0.0170248
-0.00518178
0.0124085
0.00391304
-0.000550479
9.55756e-05
-0.00102392
-0.00640089
-0.002858
-0.0116548
-0.0144161
-0.0104882
-0.0192792
-0.0195228
-0.0175794
-0.0198566
-0.0185486
-0.0199223
-0.0120705
-0.0100214
-0.0152565
0.00319879
0.00535219
-0.00301266
0.0217189
0.023562
0.014442
0.00105284
0.00188175
0.000455065
0
0.00616858
0.00420554
0.00343246
0.00509423
-0.0025939
-0.00520042
-0.00491371
-0.0023583
-0.0139588
-0.0156699
-0.015173
-0.013417
-0.0200845
-0.0204815
-0.0204288
-0.0199852
-0.0181668
-0.0172152
-0.0179342
-0.0188409
-0.00770148
-0.00555152
-0.0070655
-0.00917891
0.00917273
0.0119464
0.010069
0.00729688
0.0058022
0.00503823
0.00360333
0.00395756
0.00179819
0.000724671
-0.000238074
0.000847568
0.000251341
0.000448083
1.89839e-05
0
0.00284845
0.000282215
0.000130283
0.0025362
-0.00254948
-0.00498713
-0.00543568
-0.00298022
0.000822957
-0.00127977
-0.00213968
-6.15922e-06
-0.00859239
-0.010857
-0.0103597
-0.00807994
-0.0120059
-0.0138093
-0.0134837
-0.0116929
-0.00717995
-0.0094527
-0.00945394
-0.0071824
-0.0179303
-0.0189979
-0.0186652
-0.0175471
-0.0191097
-0.0196184
-0.0191703
-0.0186755
-0.0161798
-0.0173616
-0.0168869
-0.0157213
-0.0202023
-0.0199229
-0.0202306
-0.0204661
-0.0198723
-0.0190476
-0.0190674
-0.0198913
-0.0204198
-0.0202535
-0.0199806
-0.0201543
-0.0139533
-0.0123608
-0.0135018
-0.0150498
-0.0127005
-0.0106784
-0.0115067
-0.0135155
-0.0173162
-0.0158631
-0.016263
-0.0177076
0.000209261
0.00276972
0.000997434
-0.00154255
0.00197473
0.0047428
0.00316571
0.000399655
-0.006147
-0.00366713
-0.00491241
-0.00738054
0.0184898
0.0212633
0.019418
0.0166289
0.0203504
0.0230953
0.0213123
0.018535
0.0110509
0.013902
0.0121402
0.00927449
0.00406629
0.00227225
0.00227975
0.00118804
0.0010126
0
0.0048804
0.00209048
-0.000173763
-0.000633799
0.00151604
0.0025789
-0.00560815
-0.00765941
-0.00994127
-0.00962744
-0.00735129
-0.00476599
-0.0161517
-0.0171151
-0.0182686
-0.0178279
-0.0166519
-0.0146807
-0.020407
-0.0205853
-0.0203839
-0.0203895
-0.0205665
-0.0202586
-0.0163286
-0.0159818
-0.0144733
-0.0152633
-0.0167395
-0.0184802
-0.00391988
-0.00320348
-0.000684848
-0.00224865
-0.0047469
-0.00843867
0.0138289
0.0147534
0.0175633
0.0157171
0.0128862
0.00822389
0.0065184
0.00398068
0.00167399
0.00286265
-0.000976776
-0.00331196
-0.00491766
-0.00218326
-0.00371683
-0.00128219
7.33864e-05
-0.00241065
-0.000527385
-0.000787005
0
0.00028771
-0.00226344
-0.00477787
-0.00232252
-0.00739922
-0.00968721
-0.0102252
-0.007899
-0.00877271
-0.00620431
-0.00365355
-0.00740099
-0.00466101
-0.00612318
-0.0114117
-0.0128963
-0.0142172
-0.0124173
-0.0152981
-0.0164204
-0.0159765
-0.0149342
-0.0146546
-0.0132736
-0.0115103
-0.0132178
-0.011502
-0.011723
-0.0192515
-0.0197805
-0.0199845
-0.0194831
-0.0197772
-0.0195744
-0.0190324
-0.0192937
-0.0187026
-0.0186478
-0.0181935
-0.0180523
-0.0176752
-0.017127
-0.019458
-0.0193499
-0.0188515
-0.0196929
-0.0179086
-0.0164576
-0.0164398
-0.0179173
-0.0177293
-0.0189115
-0.0197519
-0.0185765
-0.0194563
-0.0190017
-0.0110645
-0.0105169
-0.00964923
-0.0116964
-0.00842326
-0.00595717
-0.00677358
-0.0092532
-0.0098483
-0.012118
-0.0141268
-0.0124962
-0.014524
-0.0146962
0.00460319
0.00545247
0.00643876
0.00366866
0.00758419
0.0104619
0.00889993
0.00601316
0.00459702
0.00174103
-0.00102672
0.000504106
-0.00227299
-0.00330661
0.0230856
0.0257814
0.023987
0.0266533
0.02488
0.022174
0.0275282
0.0257801
0.0283983
0.026666
0.0240282
0.022282
0.0195478
0.016744
0.0178194
0.0150013
0.013334
0.000621865
0.00475987
-0.0037657
-0.0145878
-0.020297
-0.0180966
-0.00741754
0.00961243
0.00462556
0.000860793
0.000165126
0.00146971
-0.00395227
-0.000581841
-0.00949015
-0.0127712
-0.00831423
-0.0183295
-0.0191952
-0.0165784
-0.020262
-0.0195304
-0.0202598
-0.0137697
-0.0121564
-0.0168482
0.000581076
0.00254198
-0.00557203
0.018957
0.0208279
0.0115818
0.00305265
0.00169594
0.000347151
0.00345696
0.000739352
0.00213627
-0.00664581
-0.00865318
-0.00604947
-0.0166602
-0.0175076
-0.0157068
-0.0205397
-0.0205376
-0.0204724
-0.0161999
-0.0156713
-0.0176758
-0.00359024
-0.0027574
-0.00664324
0.0142892
0.015228
0.0105474
0.00519375
0.00282609
0.0026808
0.000433545
-0.00272016
-0.00170814
0.000695116
-0.000903042
-0.000176563
-0.00100212
-0.00351686
-0.00120084
-0.00606779
-0.00878512
-0.00703608
-0.00208377
-0.00541099
-0.00396077
-0.0121715
-0.0135807
-0.0111998
-0.0147946
-0.0157017
-0.0141208
-0.0105819
-0.0123966
-0.010595
-0.0195524
-0.0199276
-0.0189285
-0.0199388
-0.0194811
-0.0190132
-0.0180618
-0.0181986
-0.0170789
-0.0194504
-0.0191522
-0.0201028
-0.01844
-0.0172459
-0.0184712
-0.0201311
-0.0192382
-0.0195663
-0.0108293
-0.0101249
-0.013147
-0.00908436
-0.00765658
-0.0107413
-0.0147513
-0.0133792
-0.0155498
0.0050124
0.00592689
0.00146095
0.00699069
0.00822071
0.0038497
-0.00167327
-0.000303006
-0.00416022
0.0235404
0.0244327
0.019881
0.0253294
0.0262279
0.0218
0.0162227
0.0172786
0.0127256
0
0.0191632
0.0380406
0.048204
0.0504189
0.0479244
0.0431749
0.03851
0.0349085
0
0.0110186
0.0261472
0.038506
0.0470765
0.0525387
0.0552765
0.0551699
0.05251
0.00939441
0.0150472
0.00414075
0
0.0293894
0.0328992
0.0187067
0.0443131
0.0440706
0.032814
0.0500862
0.0491992
0.0432281
0.0495957
0.0505065
0.0501563
0.0456834
0.0493665
0.0542496
0.0407077
0.0469205
0.0555882
0.0366342
0.0437805
0.0540773
0.00571532
0.0246055
0.0393844
0.0472332
0.0502302
0.0501698
0.0482457
0.0454369
0.00546434
0.0073896
0.0020151
0
0.0243774
0.0269923
0.0199192
0.0170151
0.0414875
0.0419472
0.0363766
0.0355318
0.0493671
0.0487671
0.0458212
0.0462476
0.050131
0.0500041
0.0498187
0.0499076
0.046857
0.0480202
0.050406
0.0493045
0.0419187
0.0445842
0.0488373
0.0463728
0.0375371
0.0411034
0.0461984
0.0428145
0.0140509
0.0102109
0.0131507
0.00737547
0.00456907
0.00175634
0
0.0339869
0.0289612
0.029902
0.0224997
0.0219911
0.0148447
0.0465378
0.0419385
0.0415438
0.035785
0.0364329
0.0295962
0.0504193
0.0483473
0.0482617
0.0452545
0.0454113
0.0409833
0.0488488
0.0504536
0.0515678
0.051432
0.0502756
0.048707
0.0444427
0.0498168
0.0522859
0.0548504
0.0522143
0.0534782
0.0395669
0.0476041
0.050985
0.0554692
0.051855
0.0555236
0.0357733
0.0393676
0.0446323
0.0481639
0.0533317
0.0497322
0.0546999
0.00335158
0.0221006
0.0390158
0.0477042
0.0500692
0.0487221
0.0454838
0.0419546
0.0120033
0.00869735
0.00126418
0.0315062
0.0261027
0.0176375
0.044345
0.0391577
0.0333498
0.0494865
0.0469507
0.0436185
0.0497405
0.0510067
0.0493647
0.0472275
0.0523174
0.0519675
0.0436912
0.0514714
0.052129
0.0402464
0.0489831
0.0504025
0.00328384
0.00431842
0.00165821
0
0.0217813
0.0232188
0.0195677
0.0180624
0.0398463
0.040262
0.0373433
0.0367903
0.048847
0.0485579
0.0470286
0.0472468
0.0503092
0.0501227
0.0500188
0.050186
0.0474069
0.0478154
0.0490299
0.0486387
0.0425433
0.0437366
0.045931
0.0448071
0.0380134
0.0397759
0.0423828
0.0406966
0.0116393
0.0129962
0.00962617
0.00836539
0.00789912
0.0094182
0.00657013
0.00506567
0.000778847
0.00156282
0.000310989
0
0.0317546
0.0327431
0.0293051
0.028179
0.0268302
0.0275913
0.0240808
0.0233463
0.0174941
0.0188073
0.0154008
0.0140996
0.0455017
0.04546
0.0432109
0.0431453
0.0407158
0.0406071
0.0378381
0.0379721
0.0346958
0.0349289
0.0316699
0.0314654
0.050299
0.0499758
0.0491668
0.0494495
0.0478249
0.0476848
0.0462107
0.0463636
0.0449906
0.0447672
0.0426176
0.0428607
0.0492473
0.0493178
0.0498955
0.0498226
0.0503642
0.0507488
0.0506629
0.0502753
0.0495362
0.0496181
0.0488379
0.0487612
0.0450693
0.0458657
0.0476333
0.0468799
0.0500066
0.0510713
0.0522832
0.0511998
0.0504742
0.0511981
0.0517872
0.0510521
0.0401273
0.0416655
0.044136
0.0426825
0.0479305
0.0495333
0.0516765
0.0500468
0.0491106
0.0504814
0.0522225
0.0508271
0.0362006
0.0380245
0.0406767
0.0388922
0.0450403
0.0468088
0.049367
0.0475837
0.0465643
0.0482975
0.0507053
0.0489485
0.00732731
0.00528475
0.00649971
0.00373933
0.00261083
0
0.0269283
0.0245844
0.0258083
0.0222952
0.0210062
0.0160122
0.0429814
0.0405502
0.0407001
0.0379379
0.037728
0.0342425
0.0497802
0.0482818
0.0480314
0.0465667
0.0467959
0.0451937
0.0498928
0.0500632
0.0501405
0.050049
0.049969
0.0495804
0.0462816
0.0483843
0.0491139
0.0503036
0.0495837
0.0499261
0.0413058
0.045034
0.0464318
0.0485484
0.0471781
0.0478876
0.0370781
0.0415288
0.0432807
0.0458228
0.0440894
0.0448823
0.016572
0.0144803
0.0126074
0.0110724
0.0109054
0.0121458
0.00916861
0.00802647
0.00570195
0.00424503
0.0027897
0.00282329
0.00128031
0.000859633
0
0.0360918
0.0335848
0.030985
0.0302534
0.0280431
0.0281518
0.0243437
0.0244307
0.0206161
0.0204712
0.0198373
0.0167788
0.0163429
0.0129218
0.0474402
0.0453555
0.0430544
0.0431768
0.0403907
0.040101
0.0371746
0.0375622
0.0343286
0.034729
0.0349358
0.031233
0.0315914
0.0278968
0.0504588
0.0497318
0.0488038
0.048946
0.0476331
0.0477012
0.0461893
0.0461429
0.0442666
0.04437
0.0445478
0.0421325
0.0423632
0.0397728
0.0484073
0.0495424
0.0505002
0.0501189
0.0513078
0.0520612
0.0520061
0.0512331
0.0508152
0.0502353
0.0498432
0.0494532
0.0490611
0.0479143
0.04381
0.0468061
0.0496025
0.0485405
0.0523178
0.0537632
0.0550856
0.0535722
0.0545716
0.053227
0.0521093
0.053885
0.0527245
0.0530293
0.0390275
0.0432506
0.0472673
0.0456637
0.0512407
0.0530525
0.0553416
0.0534431
0.0555515
0.0536952
0.0520061
0.0555789
0.0538031
0.0554227
0.0353452
0.0371471
0.0398108
0.0415807
0.044212
0.0424475
0.0459737
0.0485814
0.0503433
0.0529268
0.0511565
0.0537173
0.0518936
0.0500778
0.0544061
0.0525316
0.0549552
0.00230491
0.0206504
0.0386015
0.0479592
0.0501864
0.0482433
0.0442714
0.0402306
0.0106034
0.00717805
0.00048768
0.0305216
0.02551
0.0164633
0.0443729
0.0393384
0.0332486
0.0497556
0.0470563
0.0438545
0.0495941
0.050534
0.0492156
0.0463806
0.0511508
0.0511438
0.0421684
0.0497994
0.0506661
0.0384578
0.0472039
0.0486311
0.00626377
0.00444558
0.0011644
0.0257397
0.0234429
0.0185198
0.0417781
0.0392772
0.0360491
0.0490534
0.0474564
0.0460434
0.0500004
0.0500802
0.0498035
0.0473598
0.0493632
0.0497721
0.043206
0.0468084
0.0475385
0.0393305
0.0436875
0.0444874
0.0154973
0.0135172
0.00871918
0.0117395
0.0100644
0.00607517
0.00317799
0.0026329
0.00033474
0.0348381
0.0323084
0.0280824
0.0295767
0.0263228
0.0224757
0.0211057
0.0184216
0.0142445
0.0464174
0.0442398
0.0419982
0.0417789
0.0388663
0.036182
0.0365018
0.033197
0.0299069
0.050118
0.0492958
0.048526
0.0482517
0.0469473
0.0452838
0.0456016
0.0433965
0.0412645
0.0489984
0.0500425
0.0501523
0.0509208
0.0516679
0.0507556
0.0499704
0.0496705
0.0484047
0.0453399
0.0482224
0.0488386
0.0509627
0.0536867
0.053419
0.051216
0.0529956
0.0524131
0.0411747
0.0452744
0.0460498
0.0492495
0.0532647
0.0535869
0.0502745
0.0537674
0.0538018
0.0375888
0.0420187
0.0428678
0.0463981
0.0507579
0.0515361
0.0479484
0.0522263
0.0528077
