FiniteElementSpace
FiniteElementCollection: H1_2D_P2
VDim: 2
Ordering: 0

0
1.16532
2.16875
2.9201
3.44452
3.81337
4.08574
4.30013
4.49234
0
0.815643
1.53463
2.10895
2.54186
2.8675
3.11868
3.32274
3.51082
0.589238
1.00483
0.416964
0
1.69646
1.87323
1.19119
2.57631
2.53484
1.84086
3.20642
3.00809
2.3412
3.64405
3.35026
2.7158
3.95896
3.60821
3.00071
4.198
3.81388
3.22475
4.39683
4.00196
3.41687
0.509827
1.46298
2.23038
2.7916
3.19209
3.48765
3.71557
3.90782
0.291262
0.549175
0.254289
0
1.43759
1.58241
1.23934
1.08683
2.38071
2.40682
2.05854
2.02424
3.0699
3.00217
2.66875
2.73089
3.54854
3.42045
3.1037
3.22909
3.8888
3.72494
3.42129
3.58382
4.14341
3.95765
3.66329
3.84824
4.34887
4.15246
3.8611
4.05747
0.881566
0.760988
0.916145
0.618592
0.467622
0.211607
0
1.9405
1.67455
1.71185
1.36735
1.33441
1.00694
2.75588
2.38897
2.32884
1.97959
2.04336
1.69254
3.33088
2.90438
2.77966
2.44517
2.57223
2.22931
3.73204
3.27405
3.11176
2.79418
2.95762
2.63187
4.02442
3.54981
3.36517
3.0614
3.24644
2.9362
4.25004
3.76558
3.56904
3.27449
3.47138
3.17298
4.44457
4.24715
3.95458
3.75647
3.46375
3.66265
3.37002
0.269942
1.34074
2.22303
2.87263
3.3287
3.65686
3.90443
4.10527
0.822366
0.694676
0.237718
1.81054
1.52868
1.12987
2.5759
2.19168
1.88346
3.12061
2.68002
2.45544
3.50524
3.03737
2.87194
3.78857
3.30759
3.1813
4.00847
3.52101
3.41961
4.1996
3.70932
3.61606
0.140534
0.279656
0.131695
0
1.30308
1.38956
1.21523
1.12637
2.27685
2.30252
2.12552
2.09711
2.99677
2.97193
2.80336
2.82617
3.49767
3.43917
3.27994
3.33738
3.85178
3.77323
3.621
3.69903
4.115
4.02416
3.87674
3.96727
4.32463
4.22711
4.08148
4.17889
0.736232
0.852137
0.686759
0.569111
0.636178
0.728713
0.581645
0.489495
0.126366
0.246458
0.120468
0
1.82047
1.87608
1.69824
1.63992
1.57033
1.60313
1.43287
1.40011
1.12335
1.18588
1.02406
0.961574
2.66812
2.66657
2.49317
2.49224
2.3113
2.29185
2.11893
2.13844
1.96756
1.9726
1.7991
1.79412
3.2701
3.22636
3.06271
3.10494
2.84918
2.79335
2.62719
2.68318
2.60324
2.56346
2.39341
2.4333
3.68893
3.61911
3.46367
3.53276
3.23383
3.15646
2.9982
3.0757
3.05685
2.98876
2.82667
2.89492
3.99224
3.90683
3.75729
3.84232
3.51923
3.42917
3.27749
3.36758
3.38639
3.30189
3.14711
3.23168
4.2243
4.1294
3.98333
4.07802
3.74082
3.64352
3.49643
3.59376
3.63613
3.5418
3.39276
3.48709
4.42069
4.32207
4.17601
4.27465
3.93117
3.83199
3.68594
3.78531
3.83759
3.7387
3.59264
3.69163
0.441087
0.40997
0.529517
0.382298
0.262121
0
1.56886
1.46321
1.52356
1.3526
1.29079
1.04641
2.4806
2.31679
2.31966
2.14613
2.14184
1.94976
3.13977
2.93886
2.89782
2.7315
2.77168
2.63389
3.59729
3.37551
3.30695
3.14875
3.21694
3.1194
3.9245
3.69149
3.60675
3.45503
3.53958
3.4676
4.17106
3.93138
3.83685
3.68975
3.78415
3.72857
4.3729
4.1289
4.0302
3.88449
3.98328
3.93582
1.02479
0.9558
0.883958
0.79203
0.80626
0.867771
0.717701
0.658244
0.518263
0.443604
0.352959
0.314618
0.226331
0.1087
0
2.05671
1.91924
1.77553
1.74351
1.62167
1.62562
1.45207
1.45036
1.28028
1.26505
1.23335
1.09996
1.07049
0.912041
2.8399
2.65511
2.46345
2.48349
2.26161
2.2209
2.04538
2.08779
1.91136
1.94439
1.96486
1.76785
1.79036
1.61472
3.38899
3.17603
2.95731
3.01337
2.7308
2.66204
2.49436
2.56406
2.39411
2.45835
2.51501
2.28625
2.3442
2.17019
3.77349
3.54526
3.31284
3.39026
3.0752
2.99039
2.83143
2.91664
2.75563
2.8377
2.91556
2.67454
2.75304
2.58764
4.05557
3.81887
3.57945
3.66959
3.3368
3.24239
3.09044
3.18502
3.0315
3.12417
3.21439
2.96895
3.05943
2.90239
4.27529
4.03316
3.78991
3.88721
3.54519
3.44608
3.29877
3.39801
3.24984
3.34839
3.4458
3.19915
3.29669
3.14617
4.46843
4.3697
4.2233
4.12458
3.97817
4.07711
3.87926
3.73282
3.63364
3.48725
3.58656
3.44027
3.53983
3.63938
3.39346
3.49317
3.34646
0.13484
1.25949
2.20181
2.90073
3.38937
3.73681
3.99613
4.20312
0.711557
0.609716
0.123751
1.75987
1.50307
1.07489
2.58132
2.21667
1.88493
3.16703
2.7394
2.49974
3.57679
3.11681
2.94275
3.87511
3.39886
3.26738
4.10398
3.61888
3.51482
4.29834
3.80861
3.71526
0.425178
0.396034
0.12905
1.51647
1.40871
1.16996
2.39935
2.23252
2.04758
3.03997
2.83614
2.70431
3.48693
3.26284
3.16917
3.80838
3.57374
3.50422
4.05144
3.81083
3.75675
4.25093
4.00677
3.95965
0.990524
0.920358
0.661671
0.846092
0.763736
0.55141
0.368339
0.335052
0.116598
1.98855
1.84838
1.6352
1.70015
1.53926
1.35889
1.29432
1.16884
0.970049
2.74818
2.56032
2.4033
2.36403
2.15559
2.01738
2.05708
1.86869
1.7093
3.2831
3.06751
2.95685
2.84515
2.61396
2.5122
2.62457
2.40237
2.28372
3.65983
3.42964
3.3494
3.19473
2.95413
2.87785
3.03305
2.79611
2.70836
3.93753
3.69953
3.63868
3.45856
3.21411
3.15506
3.33527
3.09231
3.02547
4.15434
3.9117
3.86229
3.66775
3.4222
3.37343
3.56809
3.32283
3.26989
4.34584
4.10075
4.05363
3.85553
3.61005
3.56316
3.76203
3.51652
3.46971
0
0.260045
0.871646
1.72848
2.6947
3.69424
4.70001
5.7001
6.68711
1
1.17822
1.62649
2.29458
3.10531
3.99795
4.93514
5.89908
6.87853
0.0936986
0.683234
1.061
0.5
0.525352
1.22489
1.36991
1.27901
1.99831
1.93808
2.20421
2.89377
2.68644
3.19271
3.84327
3.54427
4.19716
4.81641
4.46243
5.20142
5.79941
5.41442
6.19522
6.78306
6.38779
0.536015
0.917402
1.59023
2.43615
3.36429
4.32793
5.30731
6.29164
0.0508578
0.307286
0.499
0.25
0.381361
0.714772
0.790221
0.464398
1.06893
1.42962
1.4013
1.04244
1.96389
2.31679
2.21421
1.85922
2.94307
3.27647
3.12774
2.79157
3.94563
4.26134
4.08502
3.76721
4.95098
5.25352
5.06164
4.75721
5.94812
6.24303
6.04557
5.74909
0.16361
0.598112
0.919592
1.1097
0.785656
1.03343
0.75
0.689614
1.06294
1.41933
1.49069
1.13488
1.26536
1.49957
1.78981
2.14412
2.11134
1.76003
1.77605
2.44815
2.66298
2.99919
2.89297
2.56021
2.48664
3.4432
3.60293
3.92079
3.76955
3.45429
3.32265
4.44868
4.57179
4.87621
4.69787
4.39549
4.22903
5.45117
5.55328
5.84984
5.65615
5.36142
5.17403
6.44147
6.73495
6.53751
6.83109
6.63306
6.34019
6.14303
0.265539
0.578841
1.2297
2.08527
3.03308
4.01397
5.00539
5.9963
0.373379
0.841672
0.752443
0.870049
1.26925
1.01782
1.6401
1.94741
1.58347
2.55255
2.77731
2.3488
3.52129
3.68635
3.22506
4.50914
4.6352
4.15727
5.50146
5.6053
5.11834
6.48922
6.58569
6.09486
0.0312158
0.156246
0.255044
0.125
0.317599
0.478467
0.518795
0.360548
0.96847
1.14793
1.13435
0.955592
1.84546
2.02352
1.97147
1.79271
2.81869
2.98737
2.91206
2.74235
3.81991
3.97936
3.8905
3.73024
4.82555
4.97787
4.8813
4.72828
5.82422
5.97201
5.87275
5.72435
0.125132
0.266795
0.337147
0.198943
0.564138
0.717256
0.81089
0.657922
0.49426
0.622972
0.746963
0.625
0.605007
0.778312
0.790121
0.61848
0.988008
1.16432
1.20003
1.02414
0.734111
0.901797
0.966297
0.798977
1.38808
1.56861
1.53366
1.35301
1.6888
1.8677
1.85248
1.67402
1.31142
1.49107
1.49976
1.32057
2.32579
2.49948
2.43421
2.25953
2.54902
2.7198
2.66812
2.49773
2.10543
2.28092
2.24555
2.07048
3.31787
3.4817
3.39872
3.23397
3.48337
3.64453
3.56999
3.40914
3.0104
3.1762
3.11167
2.94621
4.32293
4.47855
4.3852
4.22886
4.44975
4.60349
4.51517
4.36168
3.96399
4.1211
4.0388
3.88196
5.32639
5.47604
5.37752
5.22717
5.43027
5.57935
5.48327
5.33441
4.93896
5.09002
4.99714
4.84633
6.31844
6.46524
6.36619
6.21897
6.4146
6.56166
6.46293
6.31598
5.92249
6.07028
5.9723
5.82469
0.0687647
0.283421
0.4194
0.514249
0.379952
0.375
0.450557
0.644241
0.814348
0.851416
0.682671
0.571842
1.17247
1.3282
1.50871
1.49433
1.31416
1.13219
2.08351
2.20043
2.37574
2.3245
2.1489
1.92781
3.06776
3.15457
3.31998
3.24573
3.07994
2.84213
4.07138
4.13759
4.29442
4.20635
4.04924
3.80495
5.07627
5.12947
5.28029
5.18443
5.03337
4.78665
6.07178
6.11973
6.26728
6.16862
6.02087
5.77416
0.208452
0.415838
0.637861
0.483663
0.878043
1.04572
1.1417
0.972157
1.08298
0.919763
0.7663
1.04459
0.889299
1.02095
0.875
0.778485
0.95424
1.142
0.964884
1.34245
1.52123
1.55687
1.37791
1.42844
1.24996
1.07412
1.31564
1.13878
1.21967
1.61307
1.74869
1.89305
1.71387
2.0447
2.2189
2.20181
2.02868
2.02343
1.84807
1.67032
1.85563
1.67844
1.69969
2.57115
2.67171
2.77793
2.60713
2.88771
3.05233
2.99848
2.83515
2.78894
2.62323
2.45374
2.58566
2.41747
2.3896
3.56867
3.64413
3.72291
3.56177
3.8033
3.95954
3.88339
3.72811
3.6565
3.49943
3.33929
3.43298
3.27398
3.21341
4.57437
4.63316
4.69402
4.54028
4.75556
4.90588
4.81629
4.66673
4.57991
4.42914
4.27618
4.34546
4.19332
4.11318
5.57574
5.62532
5.67633
5.52726
5.7275
5.87469
5.77748
5.63096
5.53513
5.38815
5.23977
5.29405
5.1464
5.05439
6.56435
6.71096
6.61212
6.75898
6.66033
6.51333
6.80713
6.70843
6.85493
6.7558
6.60951
6.51038
6.36417
6.2175
6.26532
6.11915
6.02094
0.140627
0.41656
1.05
1.90737
2.86463
3.85474
4.8531
5.84826
0.229515
0.684739
0.618753
0.696028
1.09213
0.847871
1.45961
1.76963
1.40416
2.37908
2.60817
2.17483
3.35771
3.52656
3.0608
4.35369
4.48245
4.00133
5.35167
5.45682
4.96808
6.34219
6.43883
5.94746
0.174543
0.396467
0.373036
0.545807
0.746032
0.62454
1.249
1.40999
1.22148
2.14096
2.26168
2.03756
3.1105
3.19971
2.96072
4.10407
4.17173
3.92697
5.10257
5.15681
4.90997
6.09558
6.14412
5.89754
0.31048
0.524826
0.448484
0.755412
1.00649
0.943325
0.63728
0.901918
0.880071
0.864889
1.04658
0.887394
1.24056
1.44778
1.31197
0.960654
1.19224
1.08996
1.6797
1.81985
1.61009
1.96805
2.12268
1.93711
1.58111
1.76182
1.59822
2.6206
2.72423
2.49093
2.83251
2.94314
2.72848
2.3886
2.51952
2.31723
3.60588
3.6832
3.44068
3.76301
3.84351
3.6134
3.29234
3.38627
3.16264
4.60342
4.66341
4.41727
4.72479
4.78612
4.54773
4.24122
4.31099
4.07616
5.60027
5.65073
5.40378
5.70198
5.75272
5.50943
5.21214
5.26713
5.02598
6.58815
6.63619
6.39035
6.68444
6.73224
6.48681
6.19312
6.2416
5.99684
