FiniteElementSpace
FiniteElementCollection: H1_2D_P2
VDim: 2
Ordering: 0

0
-0.00889452
-0.0160564
-0.0206021
-0.0224237
-0.0224157
-0.0218951
-0.0213723
-0.0206614
0
0.00251672
0.000348374
-0.00450868
-0.00980717
-0.0139451
-0.016266
-0.0169266
-0.016506
-0.00457592
-0.00299848
0.00180647
0
-0.0127687
-0.00783405
0.00192167
-0.0186834
-0.0126758
-0.00189405
-0.0218213
-0.0162794
-0.00722343
-0.02256
-0.0182985
-0.0120848
-0.0221595
-0.0191498
-0.0153382
-0.021644
-0.0192127
-0.0167712
-0.0210437
-0.0186648
-0.0168143
-0.00103378
-0.00531873
-0.0103479
-0.0146786
-0.0174701
-0.0188376
-0.0192696
-0.0189988
-0.00229516
-0.00250913
-0.00032902
0
-0.0108995
-0.00887528
-0.00412317
-0.00573785
-0.0174565
-0.0144307
-0.00910347
-0.011819
-0.0212958
-0.0182389
-0.0137243
-0.0165928
-0.0225387
-0.0200556
-0.0169241
-0.01937
-0.0222932
-0.0205578
-0.0185997
-0.0204113
-0.0217693
-0.020506
-0.0192326
-0.0205792
-0.0212161
-0.02006
-0.0191234
-0.0203336
-0.00677155
-0.00195984
-0.00035784
0.0023435
0.000264636
0.000894641
0
-0.0144908
-0.00656397
-0.00386049
0.00123777
-0.00181426
0.00236133
-0.0197324
-0.0115451
-0.00870181
-0.00317261
-0.00623815
-0.000708157
-0.0221915
-0.0155313
-0.0131088
-0.00854408
-0.0110432
-0.00586914
-0.0225113
-0.0179251
-0.0161244
-0.0130715
-0.0148106
-0.0109927
-0.0220252
-0.0190192
-0.0176835
-0.0158584
-0.0170699
-0.014701
-0.0215136
-0.0192624
-0.0180597
-0.0168874
-0.0180013
-0.0165674
-0.020855
-0.0197125
-0.0188453
-0.0175747
-0.0166814
-0.0179
-0.0168991
-0.000925041
-0.00732247
-0.0131746
-0.017482
-0.0197619
-0.0205042
-0.0205543
-0.0202083
-0.00413386
7.44904e-05
0.000178704
-0.01038
-0.0027797
-0.000996751
-0.0155736
-0.00747333
-0.00502388
-0.0188659
-0.0121176
-0.00989887
-0.0202667
-0.0155155
-0.014008
-0.020581
-0.0174159
-0.0166411
-0.0204329
-0.0180605
-0.0178772
-0.019896
-0.0177507
-0.0180045
-0.000997827
-0.00146381
-0.000329555
0
-0.00991328
-0.0090453
-0.00653314
-0.00724511
-0.0167777
-0.0152758
-0.0125082
-0.0138914
-0.0209707
-0.0193743
-0.0170539
-0.0185768
-0.0224946
-0.0211566
-0.0195791
-0.0208986
-0.0223568
-0.0214165
-0.0204633
-0.0214295
-0.0218319
-0.0211797
-0.0205696
-0.021256
-0.0212962
-0.0207244
-0.0202741
-0.0208664
-0.0056772
-0.00537568
-0.00332515
-0.00345167
-0.00147875
-0.000949432
0.000203009
-0.000391571
-0.000113691
-7.81736e-05
6.57436e-05
0
-0.0136488
-0.0123825
-0.00963469
-0.0107624
-0.00593658
-0.00468453
-0.0022805
-0.00357796
-0.00355078
-0.00257013
-0.000653163
-0.00168672
-0.0192304
-0.0176261
-0.015017
-0.0165238
-0.0109536
-0.00952573
-0.00685492
-0.00830895
-0.00847036
-0.00707871
-0.00443387
-0.00586118
-0.022025
-0.0205254
-0.0185683
-0.0200213
-0.0151179
-0.0138389
-0.0115901
-0.0128766
-0.0132111
-0.011828
-0.00930567
-0.0107055
-0.0225431
-0.0214025
-0.0201704
-0.021318
-0.0177084
-0.0167269
-0.0151752
-0.0161491
-0.0166144
-0.0154769
-0.0135702
-0.0147069
-0.0220921
-0.0213223
-0.0205728
-0.0213775
-0.018935
-0.0182179
-0.017253
-0.0179551
-0.0184575
-0.0176231
-0.016394
-0.017216
-0.0215799
-0.0209882
-0.0204726
-0.0210916
-0.0192714
-0.0186618
-0.0180387
-0.0186354
-0.019197
-0.0185547
-0.0177893
-0.0184165
-0.0209513
-0.0203875
-0.0199792
-0.0205632
-0.0189253
-0.0182996
-0.0178307
-0.0184508
-0.0191728
-0.0185652
-0.0180386
-0.018637
-0.00346275
-0.00169389
-0.00172588
-0.000643474
-0.000602903
0
-0.0118519
-0.00810372
-0.00707302
-0.00471321
-0.00569494
-0.0043357
-0.018092
-0.013816
-0.0123801
-0.00973021
-0.0111263
-0.00981007
-0.021579
-0.0178769
-0.0164617
-0.0142137
-0.0156035
-0.0146318
-0.0225598
-0.0199201
-0.0187724
-0.017209
-0.0183515
-0.0178317
-0.0222271
-0.0205352
-0.0197082
-0.018726
-0.0195627
-0.0193655
-0.021707
-0.0205332
-0.0198962
-0.0192567
-0.0199025
-0.0198741
-0.0211318
-0.0201367
-0.0195373
-0.0190652
-0.0196732
-0.0197805
-0.00784649
-0.00493748
-0.00246753
-0.00300818
-0.00011406
0.00102878
0.00247409
0.00115651
0.00212077
0.000985018
0.00025522
0.00140179
0.00049656
0.000333394
0
-0.0152938
-0.0111088
-0.00719745
-0.00845179
-0.00330773
-0.00180134
0.000816111
-0.000817114
0.00160757
6.62637e-06
-0.00138501
0.00217423
0.0006338
0.00247693
-0.0201897
-0.0160991
-0.0121198
-0.0135536
-0.00809003
-0.00664313
-0.00383571
-0.00536361
-0.00252415
-0.0041088
-0.00562658
-0.00128745
-0.00291022
-0.000161601
-0.0223238
-0.0191327
-0.0159185
-0.0172038
-0.0126242
-0.0114775
-0.00918418
-0.0103559
-0.00788958
-0.00916344
-0.0104788
-0.00654891
-0.00791838
-0.00518793
-0.0224682
-0.0203463
-0.0181214
-0.0191062
-0.0158317
-0.0150316
-0.0135228
-0.0142954
-0.0125919
-0.0134552
-0.0144215
-0.0115512
-0.0125139
-0.0104107
-0.0219596
-0.020583
-0.0190906
-0.0198103
-0.0175592
-0.0169633
-0.016076
-0.0166259
-0.0156128
-0.0161942
-0.0168661
-0.0150344
-0.0156639
-0.0143379
-0.0214447
-0.0203865
-0.0192427
-0.0198554
-0.0180672
-0.0174874
-0.016916
-0.0174667
-0.0168397
-0.0173773
-0.0179477
-0.0166809
-0.0172118
-0.0164295
-0.0207568
-0.0202026
-0.0198091
-0.0191974
-0.0187587
-0.0193797
-0.0181209
-0.0176634
-0.0170312
-0.016599
-0.0172083
-0.0167533
-0.0173518
-0.0179581
-0.0168633
-0.0174468
-0.0169206
-0.000506801
-0.00815471
-0.0146
-0.0189947
-0.021041
-0.0214271
-0.0212192
-0.0207979
-0.00441914
-0.00064405
-2.40386e-05
-0.0115855
-0.0041206
-0.00211138
-0.0170936
-0.00892054
-0.00646659
-0.0202906
-0.0133691
-0.011275
-0.0213687
-0.0164495
-0.0151042
-0.0213515
-0.0180948
-0.0174294
-0.0210421
-0.0186552
-0.0184929
-0.0204767
-0.0183794
-0.0186067
-0.0024711
-0.00112555
-0.000203849
-0.00991514
-0.00638257
-0.00501193
-0.0159175
-0.0117622
-0.0104747
-0.0197163
-0.016047
-0.0151315
-0.0212482
-0.0185736
-0.0181046
-0.0213996
-0.0196413
-0.0194711
-0.0211373
-0.0199036
-0.0198926
-0.020646
-0.0196085
-0.0197307
-0.00631827
-0.0036672
-0.00235945
-0.00129835
0.00112831
0.00110965
-0.000200151
0.000783756
0.000170433
-0.0131517
-0.00913479
-0.00776354
-0.00526588
-0.00129145
-0.00038295
-0.00305994
0.000347011
0.000862499
-0.0181207
-0.0141054
-0.0129779
-0.0101216
-0.00600217
-0.00473123
-0.0076939
-0.00350046
-0.00234244
-0.0207275
-0.0175317
-0.0168472
-0.014285
-0.0109266
-0.0097675
-0.0123624
-0.00854618
-0.007283
-0.0214221
-0.0192444
-0.0189494
-0.0169821
-0.0146765
-0.0138882
-0.0158251
-0.0129969
-0.0120071
-0.0212904
-0.0198467
-0.0197643
-0.018325
-0.0168061
-0.0164221
-0.0177981
-0.0159416
-0.0153606
-0.0209298
-0.0198221
-0.01988
-0.0186555
-0.0174852
-0.0174311
-0.018602
-0.0173045
-0.0170983
-0.020297
-0.019293
-0.0194608
-0.0182126
-0.017122
-0.0172858
-0.018513
-0.0174057
-0.0174743
0
-0.0100016
-0.0256165
-0.0435538
-0.0591657
-0.0701556
-0.0770694
-0.0818981
-0.0859082
0
-0.00839413
-0.0249539
-0.0427516
-0.057626
-0.0681067
-0.0751124
-0.0804491
-0.0850596
-0.00481579
-0.00827172
-0.00266659
0
-0.0171685
-0.025059
-0.016159
-0.0346267
-0.0434106
-0.0340187
-0.0518619
-0.0588797
-0.050711
-0.065265
-0.0695746
-0.0634022
-0.074002
-0.0763488
-0.0719276
-0.0796324
-0.0812833
-0.077897
-0.0839809
-0.0855414
-0.0828436
-0.00237328
-0.0161135
-0.0343674
-0.0516923
-0.0648264
-0.0733213
-0.0789365
-0.0834759
-0.00304548
-0.00328241
-0.000503362
0
-0.013378
-0.0165411
-0.0120042
-0.0089359
-0.0300938
-0.0345432
-0.0297099
-0.0253205
-0.0478133
-0.0518944
-0.0476716
-0.0435732
-0.0623706
-0.065165
-0.0620097
-0.0591484
-0.072194
-0.0737431
-0.0715565
-0.0699678
-0.0783988
-0.079327
-0.0776827
-0.0767693
-0.082958
-0.0837509
-0.0823974
-0.0816208
-0.0071311
-0.00502519
-0.0080767
-0.00519408
-0.00217996
-0.00106068
0
-0.0212787
-0.0204971
-0.0249154
-0.0204791
-0.0159663
-0.0120934
-0.0391372
-0.0389566
-0.0431247
-0.0384581
-0.0341743
-0.0294938
-0.0556565
-0.0554365
-0.0583761
-0.054309
-0.0512939
-0.0468491
-0.0678544
-0.067341
-0.068965
-0.0658789
-0.0642483
-0.0606557
-0.0756151
-0.0749063
-0.0757991
-0.0735837
-0.0727238
-0.0701127
-0.0807933
-0.080132
-0.0808892
-0.0791953
-0.0784583
-0.0765422
-0.0849718
-0.0857411
-0.0845178
-0.0853021
-0.083982
-0.0831701
-0.0816647
-0.00125707
-0.0125426
-0.0299186
-0.0478489
-0.0623142
-0.0719676
-0.0780915
-0.0827035
-0.00582205
-0.00480527
-0.000430788
-0.0208318
-0.0203583
-0.011837
-0.0391178
-0.0387213
-0.029548
-0.0556701
-0.0549829
-0.0473302
-0.0677096
-0.0667414
-0.061464
-0.0753313
-0.074329
-0.0709478
-0.0804983
-0.0796948
-0.0771665
-0.0847657
-0.0842531
-0.0820475
-0.00192595
-0.00202429
-0.000527638
0
-0.0116326
-0.0129284
-0.0106839
-0.00942283
-0.0278435
-0.0300162
-0.027611
-0.0254702
-0.0457079
-0.0478617
-0.0457367
-0.0435908
-0.0608084
-0.0623749
-0.0607708
-0.0591905
-0.0712068
-0.0721036
-0.070998
-0.0700873
-0.0777477
-0.0782573
-0.077443
-0.0769338
-0.082433
-0.0828374
-0.0821668
-0.0817669
-0.00590513
-0.00641616
-0.004477
-0.00398497
-0.00361747
-0.00483968
-0.00340107
-0.00218929
-5.74145e-05
-0.000389537
-4.42326e-05
0
-0.0191899
-0.0210473
-0.0186558
-0.0168357
-0.018277
-0.0203987
-0.0181357
-0.0160006
-0.0100839
-0.0118702
-0.00990348
-0.00811192
-0.0368901
-0.0391503
-0.036841
-0.034602
-0.0366746
-0.0388449
-0.0364619
-0.0342692
-0.0273783
-0.0296188
-0.0272276
-0.024968
-0.0537946
-0.0556969
-0.0538178
-0.0519108
-0.0536004
-0.0552366
-0.0531741
-0.0515164
-0.0455681
-0.0475194
-0.045255
-0.0432803
-0.0665985
-0.0678103
-0.0664746
-0.0652456
-0.0661201
-0.0670715
-0.0655298
-0.0645684
-0.0604838
-0.0617676
-0.059958
-0.0586573
-0.0748311
-0.0754902
-0.0745583
-0.0738924
-0.0741339
-0.0746376
-0.0735454
-0.0730457
-0.0705948
-0.0712782
-0.0699842
-0.0692983
-0.0802205
-0.0806544
-0.0799196
-0.0794899
-0.0795406
-0.0799219
-0.0790826
-0.0787083
-0.0770275
-0.0774382
-0.0764938
-0.0760907
-0.0844807
-0.084876
-0.0842624
-0.0838721
-0.0840014
-0.0843864
-0.0837168
-0.0833261
-0.0818448
-0.0822273
-0.0814727
-0.0810928
-0.00386174
-0.00221115
-0.00273833
-0.00132838
-0.000782819
0
-0.0152279
-0.0144991
-0.0162969
-0.0140181
-0.0122312
-0.00854911
-0.0323589
-0.0322323
-0.0344618
-0.0320424
-0.029813
-0.0251798
-0.0498682
-0.049903
-0.0518198
-0.0497142
-0.0477834
-0.0435105
-0.0638581
-0.0637787
-0.0650251
-0.0634564
-0.062192
-0.0590439
-0.0731254
-0.0728812
-0.0735532
-0.0724636
-0.0717857
-0.0697972
-0.0790258
-0.0787186
-0.0791428
-0.0783182
-0.0779003
-0.0765747
-0.0834737
-0.0832314
-0.0836183
-0.0829412
-0.0825566
-0.0814595
-0.00849816
-0.0073114
-0.0065804
-0.0053558
-0.00637131
-0.00817015
-0.00672283
-0.00492318
-0.00383385
-0.00233974
-0.00118079
-0.00172727
-0.000651983
-0.000530894
0
-0.0234252
-0.0230568
-0.0227612
-0.0206448
-0.022622
-0.0249087
-0.0227039
-0.0203831
-0.0182945
-0.0160173
-0.0138623
-0.0140884
-0.0119101
-0.010191
-0.0413623
-0.0413642
-0.041204
-0.0390503
-0.0409444
-0.0429479
-0.0406273
-0.0385913
-0.036254
-0.0340893
-0.0318667
-0.0317637
-0.0295045
-0.0272219
-0.0574497
-0.0574476
-0.0571964
-0.055582
-0.0567171
-0.0580341
-0.0560036
-0.0546749
-0.0525448
-0.051026
-0.0493444
-0.0488121
-0.0471068
-0.0448283
-0.0690409
-0.068873
-0.0684911
-0.0675533
-0.067885
-0.0685701
-0.0670221
-0.0663464
-0.064673
-0.063862
-0.0628932
-0.0620637
-0.0610955
-0.0591769
-0.0763601
-0.0760669
-0.0756432
-0.0751371
-0.0750788
-0.0754734
-0.0743617
-0.0739787
-0.0727731
-0.0723526
-0.0718592
-0.0710417
-0.0705613
-0.0691352
-0.0813517
-0.081065
-0.0807126
-0.0803243
-0.0802968
-0.0806739
-0.0798269
-0.079452
-0.078552
-0.0781874
-0.0778205
-0.0772273
-0.0768677
-0.0758376
-0.0854503
-0.0858269
-0.0852594
-0.0856467
-0.0850307
-0.084645
-0.0854258
-0.0847798
-0.0851764
-0.0845292
-0.0841189
-0.0834181
-0.083009
-0.0826134
-0.0822587
-0.0818593
-0.0810613
-0.00102967
-0.0111194
-0.0277331
-0.0457512
-0.0608224
-0.0711264
-0.0776087
-0.0823069
-0.0051274
-0.00342718
1.79055e-06
-0.0189093
-0.0181722
-0.00993744
-0.0368854
-0.0365704
-0.0272883
-0.0538392
-0.0534124
-0.0454272
-0.0665658
-0.0658557
-0.0602511
-0.074713
-0.0738612
-0.0703169
-0.0800795
-0.0793212
-0.0767758
-0.0843781
-0.083861
-0.0816644
-0.00295322
-0.00166829
-0.000225443
-0.014838
-0.0142224
-0.0103355
-0.0323091
-0.0321401
-0.0274892
-0.0499171
-0.0498335
-0.0456734
-0.0638497
-0.0636473
-0.0606573
-0.0730244
-0.0726947
-0.0708212
-0.0788834
-0.0785304
-0.0772496
-0.083359
-0.0830918
-0.0820126
-0.00785177
-0.00688466
-0.00396935
-0.00640702
-0.00647614
-0.00353661
-0.00116761
-0.00136854
-0.000207033
-0.0232379
-0.0228943
-0.0184414
-0.0226676
-0.022632
-0.0181745
-0.0138954
-0.013925
-0.00998695
-0.0413882
-0.0413001
-0.0367677
-0.0410836
-0.0407915
-0.036355
-0.0319487
-0.0318032
-0.0272034
-0.057482
-0.0573513
-0.0537368
-0.056985
-0.0563914
-0.0528857
-0.0495502
-0.0490986
-0.0450551
-0.0689837
-0.068709
-0.066326
-0.0682175
-0.0674889
-0.065138
-0.0632059
-0.0625148
-0.0596019
-0.0762292
-0.075872
-0.0743657
-0.0753793
-0.0747403
-0.0731839
-0.0721861
-0.0714795
-0.0695925
-0.0812164
-0.0808971
-0.0797401
-0.0805122
-0.0800677
-0.0788256
-0.0780815
-0.0775355
-0.0761813
-0.0853606
-0.0851488
-0.084136
-0.084907
-0.0846534
-0.0835693
-0.0827812
-0.0824388
-0.081271
