FiniteElementSpace
FiniteElementCollection: L2_2D_P3
VDim: 1
Ordering: 0

0.000315769
0.000187088
0.000294971
0.000425875
7.98156e-05
7.08625e-05
0.000145643
0.000214272
9.14662e-06
1.38826e-05
4.39083e-05
7.15423e-05
6.15502e-06
3.56164e-06
2.45677e-05
4.44399e-05
4.09965e-06
8.75702e-06
1.8993e-05
2.99975e-05
2.2797e-05
2.94652e-05
4.17774e-05
5.39259e-05
7.02615e-05
7.71683e-05
8.93696e-05
0.000101065
0.000124351
0.000129484
0.000139286
0.000149038
0.000259215
0.000283297
0.000316447
0.000343168
0.000260186
0.000280342
0.000308173
0.000330662
0.000267363
0.000282269
0.000303087
0.000320069
0.000276935
0.000287705
0.00030308
0.000315849
0.000695713
0.000726254
0.000767638
0.000800546
0.000614597
0.000638377
0.000670796
0.000696719
0.000520619
0.000536393
0.000558245
0.000575967
0.000457311
0.000467583
0.000482215
0.000494364
0.00117092
0.00119353
0.00122531
0.00125143
0.000976859
0.000992892
0.00101589
0.00103511
0.000753603
0.000762281
0.000775463
0.000786982
0.00060499
0.000608939
0.00061582
0.000622398
0.00134865
0.00133172
0.00131274
0.00130053
0.00108837
0.00107294
0.00105561
0.00104443
0.000794228
0.000780898
0.000765948
0.000756329
0.000602525
0.00059085
0.000577841
0.000569547
0.000852622
0.000798795
0.000732515
0.000684678
0.000678463
0.000635518
0.000582971
0.000545326
0.000486985
0.000456502
0.000419695
0.000393749
0.000366294
0.000344078
0.000317739
0.000299597
0.000158665
0.00013111
9.92054e-05
7.7847e-05
0.000133234
0.000111116
8.5667e-05
6.87462e-05
0.000107857
9.1542e-05
7.30178e-05
6.08899e-05
9.41806e-05
8.13485e-05
6.70041e-05
5.77922e-05
0.000100202
6.993e-05
3.89757e-05
2.17621e-05
5.13504e-05
3.53935e-05
2.1383e-05
1.58253e-05
5.11033e-05
4.66882e-05
4.62986e-05
5.00278e-05
9.47994e-05
9.50535e-05
9.98393e-05
0.000106925
0.000517188
0.000502796
0.000488503
0.000480624
0.0006462
0.0006218
0.000594768
0.000577409
0.000840586
0.00079911
0.000750268
0.000716597
0.00100766
0.000949893
0.000880356
0.000831294
7.63733e-05
0.000103088
0.000215795
0.000340823
0.000123916
0.000161507
0.000321399
0.000497468
0.000264026
0.000296505
0.000517487
0.000765644
0.000466459
0.000463594
0.000720128
0.00102346
9.47835e-05
0.000112338
0.000137684
0.000158965
0.000116337
0.000132146
0.000154923
0.000174004
0.000154338
0.000167005
0.000185443
0.000200997
0.000190711
0.000200249
0.000214538
0.000226845
0.000343851
0.000336344
0.000328286
0.000323372
0.000371158
0.000359154
0.000345255
0.000335891
0.00040776
0.000389331
0.000367215
0.000351691
0.000436621
0.000412866
0.000384027
0.000363529
0.000413245
0.000400658
0.000386933
0.000378345
0.000481421
0.000463117
0.000441872
0.000427504
0.000578492
0.000551521
0.000519086
0.000496257
0.000658368
0.000624015
0.000582161
0.00055229
0.000463995
0.000492128
0.000530302
0.000560683
0.000429586
0.000452214
0.000483054
0.000507695
0.000391682
0.00040751
0.000429353
0.000446999
0.000367549
0.000378464
0.000393863
0.000406541
0.000261359
0.000255784
0.000249693
0.000245909
0.000232702
0.000224553
0.000215162
0.000208893
0.000196587
0.000185674
0.000172841
0.000164063
0.000170089
0.00015752
0.000142725
0.000132595
0.000299171
0.000293149
0.000286605
0.000282558
0.000294677
0.000285203
0.000274204
0.000266783
0.000287688
0.000273796
0.000257202
0.000245627
0.000281635
0.000264429
0.00024372
0.000229157
0.000941323
0.000971069
0.00101172
0.00104431
0.000804859
0.000827225
0.000858087
0.000883041
0.000646715
0.000660599
0.000680237
0.000696455
0.000540422
0.000548676
0.000560893
0.000571353
0.00018894
0.000183093
0.000176692
0.000172681
0.000131627
0.000124972
0.000117515
0.000112689
7.30627e-05
6.66596e-05
5.95866e-05
5.50914e-05
4.11925e-05
3.60309e-05
3.0673e-05
2.75594e-05
0.000225485
0.000219901
0.000213809
0.000210028
0.000179257
0.000171949
0.000163653
0.000158215
0.000126224
0.000117678
0.000107905
0.000101438
9.14715e-05
8.27757e-05
7.29765e-05
6.66186e-05
0.00132952
0.00133613
0.00134748
0.00135828
0.0010884
0.00109142
0.00109782
0.00110462
0.000813388
0.000812612
0.000813783
0.000816331
0.000632206
0.00062916
0.000627187
0.000627176
0.00011064
0.000105021
9.88194e-05
9.48616e-05
5.1571e-05
4.70055e-05
4.19768e-05
3.87614e-05
1.08727e-05
8.58206e-06
6.22625e-06
4.82504e-06
9.22726e-06
9.41945e-06
1.00716e-05
1.07904e-05
0.000150211
0.000144167
0.00013749
0.000133229
8.86282e-05
8.27448e-05
7.61872e-05
7.19454e-05
3.50623e-05
3.07169e-05
2.60678e-05
2.32044e-05
1.56114e-05
1.3527e-05
1.17807e-05
1.10971e-05
0.00118247
0.00114171
0.00109199
0.00105647
0.000944795
0.000911254
0.000870587
0.000841736
0.000679229
0.000654223
0.000624278
0.000603352
0.000508433
0.000489278
0.000466715
0.000451274
5.60314e-05
5.41244e-05
5.27603e-05
5.26177e-05
1.69144e-05
1.68627e-05
1.75983e-05
1.88215e-05
4.36756e-06
5.66383e-06
7.70035e-06
9.57676e-06
2.62709e-05
2.76971e-05
2.95502e-05
3.1023e-05
7.63213e-05
7.2203e-05
6.7897e-05
6.53869e-05
2.55056e-05
2.30608e-05
2.06459e-05
1.93605e-05
4.7879e-07
2.16736e-07
2.01703e-07
4.11149e-07
1.50203e-05
1.64219e-05
1.82099e-05
1.95186e-05
0.000464085
0.000415751
0.000357102
0.000315508
0.000372353
0.000334215
0.000288262
0.000255943
0.000274218
0.000247441
0.000215653
0.000193702
0.000214671
0.000195193
0.000172523
0.000157259
5.80115e-05
5.67056e-05
5.64082e-05
5.72928e-05
4.09931e-05
4.09011e-05
4.2006e-05
4.38296e-05
3.38238e-05
3.37116e-05
3.46621e-05
3.6274e-05
4.04928e-05
3.90448e-05
3.82514e-05
3.85299e-05
5.32436e-05
5.2787e-05
5.34828e-05
5.50868e-05
2.61937e-05
2.73478e-05
2.98729e-05
3.26741e-05
1.91605e-05
2.06698e-05
2.33455e-05
2.60315e-05
3.68527e-05
3.71795e-05
3.81275e-05
3.9356e-05
1.8968e-05
1.2669e-05
6.40658e-06
3.06913e-06
1.97602e-05
1.37062e-05
7.56436e-06
4.14585e-06
2.15681e-05
1.56694e-05
9.5973e-06
6.10342e-06
2.35802e-05
1.76022e-05
1.14455e-05
7.8806e-06
2.2637e-05
1.79236e-05
1.30526e-05
1.01534e-05
1.93561e-05
1.52847e-05
1.11088e-05
8.64045e-06
1.57047e-05
1.22685e-05
8.78854e-06
6.76161e-06
1.33859e-05
1.02888e-05
7.19373e-06
5.42485e-06
5.05503e-05
4.65728e-05
4.27146e-05
4.07015e-05
4.12568e-05
3.82265e-05
3.54823e-05
3.42322e-05
3.40257e-05
3.13874e-05
2.90942e-05
2.81464e-05
3.23348e-05
2.93169e-05
2.65669e-05
2.53021e-05
0.000285855
0.000227005
0.000159879
0.000116021
0.00014783
0.000113796
7.81919e-05
5.77514e-05
6.53191e-05
5.51252e-05
4.88451e-05
4.96432e-05
6.5196e-05
6.743e-05
7.61612e-05
8.77045e-05
8.2782e-05
9.27928e-05
0.000108008
0.000121452
0.00012383
0.000140942
0.000166563
0.000188327
0.000225681
0.000250606
0.000288908
0.00032073
0.000335891
0.000367201
0.0004152
0.000454024
5.21581e-06
1.42923e-06
2.2298e-05
5.02178e-05
1.01683e-05
1.01808e-05
4.22411e-05
8.37684e-05
3.06752e-05
3.84289e-05
9.95382e-05
0.000172777
5.71939e-05
7.357e-05
0.000166788
0.000272743
3.65291e-05
4.8924e-05
6.81725e-05
8.52654e-05
6.05559e-05
7.27449e-05
9.13526e-05
0.000107653
0.000106691
0.00011717
0.000133246
0.000147349
0.000153239
0.000161201
0.000173922
0.000185373
0.00017881
0.000185191
0.000195782
0.000205542
0.000224565
0.000227882
0.000234284
0.000240684
0.000290448
0.000288636
0.000288274
0.000289436
0.000345397
0.000338822
0.000332324
0.000328838
0.000155495
0.000159264
0.000167213
0.000175475
0.000212405
0.000213531
0.000217745
0.000222928
0.000298942
0.000294754
0.000291912
0.000291599
0.00037397
0.000364409
0.000354637
0.000349079
0.000357628
0.000383936
0.00041981
0.000448488
0.000342471
0.000364018
0.000393513
0.000417168
0.000328626
0.000344103
0.00036554
0.000382909
0.000322099
0.000333031
0.0003485
0.00036126
0.000318134
0.000326774
0.000339213
0.000349617
0.000308325
0.000312925
0.000320029
0.000326294
0.000296036
0.000295662
0.000296282
0.000297582
0.000286844
0.000282887
0.00027891
0.000276743
0.000281349
0.000289981
0.000302517
0.000313071
0.000286703
0.000291473
0.000298893
0.000305464
0.00029368
0.000293439
0.000294321
0.000295878
0.000298856
0.000294794
0.000290768
0.000288622
0.000818088
0.00084881
0.000890558
0.00092385
0.000710113
0.000733643
0.000765858
0.000791722
0.000584767
0.000599914
0.000621058
0.000638322
0.00050026
0.000509753
0.000523463
0.000534978
0.000457918
0.000464764
0.000474973
0.000483763
0.000382233
0.000384757
0.000389259
0.000393618
0.000294988
0.000292963
0.0002915
0.000291257
0.000236935
0.000232277
0.000227403
0.000224558
0.000425133
0.000432787
0.000443962
0.000453426
0.000366434
0.000369735
0.000375171
0.00038019
0.00029746
0.000296015
0.000295253
0.00029551
0.000250365
0.000246016
0.000241514
0.000238935
0.00126338
0.00127914
0.00130221
0.00132184
0.00104342
0.0010538
0.00106963
0.0010835
0.000791456
0.000795932
0.0008038
0.000811369
0.000624598
0.000625363
0.000628231
0.000631835
0.000544247
0.000543414
0.0005441
0.00054595
0.000407768
0.000404585
0.00040205
0.000401303
0.000260062
0.000254861
0.000249491
0.000246402
0.000170397
0.000164461
0.000157978
0.00015391
0.000532841
0.00053469
0.000538749
0.000543092
0.000409049
0.000407684
0.00040742
0.000408342
0.000273227
0.000268862
0.000264533
0.00026221
0.000189035
0.000183299
0.000177083
0.000173226
0.00128939
0.00125992
0.00122474
0.00120023
0.00103477
0.00100973
0.000980006
0.000959426
0.000748548
0.000728933
0.000705899
0.000690171
0.000563143
0.000547366
0.000529105
0.000516871
0.000475971
0.000462117
0.000446215
0.000435674
0.00033205
0.000321493
0.000309635
0.000302001
0.000182892
0.000176155
0.00016892
0.000164562
9.83797e-05
9.41734e-05
8.99493e-05
8.76845e-05
0.000511952
0.000501201
0.000489258
0.000481673
0.000361626
0.000352611
0.0003427
0.000336494
0.000204338
0.000197586
0.000190293
0.000185838
0.000113834
0.000108794
0.00010346
0.000100297
0.000656679
0.00060316
0.000537553
0.000490457
0.000523477
0.000481108
0.000429512
0.000392764
0.000378707
0.00034894
0.000313195
0.000288171
0.000288853
0.000267325
0.000241965
0.000224639
0.000247076
0.000229396
0.000208836
0.000195028
0.00017767
0.000166076
0.000153092
0.000144822
0.00010839
0.000103048
9.78217e-05
9.5206e-05
7.14962e-05
6.9647e-05
6.87346e-05
6.92491e-05
0.000310121
0.000291795
0.000270331
0.000255781
0.00021763
0.000205519
0.000191824
0.000182981
0.000124382
0.000118772
0.000113163
0.000110234
7.38755e-05
7.20005e-05
7.10004e-05
7.14159e-05
6.77558e-05
5.18819e-05
3.44239e-05
2.35157e-05
6.07555e-05
4.746e-05
3.28487e-05
2.36956e-05
5.47963e-05
4.41339e-05
3.24743e-05
2.51833e-05
5.26481e-05
4.34079e-05
3.33778e-05
2.71514e-05
5.12637e-05
4.27072e-05
3.33947e-05
2.75775e-05
4.66587e-05
3.94315e-05
3.16366e-05
2.68082e-05
4.24221e-05
3.64759e-05
3.01563e-05
2.62993e-05
4.0574e-05
3.52566e-05
2.96687e-05
2.62987e-05
8.7551e-05
7.6344e-05
6.3895e-05
5.59584e-05
7.4041e-05
6.5505e-05
5.62257e-05
5.04707e-05
6.11169e-05
5.51889e-05
4.9012e-05
4.5399e-05
5.48224e-05
5.02305e-05
4.56461e-05
4.31355e-05
1.52279e-05
6.49682e-06
1.38177e-06
2.20826e-06
1.42871e-05
1.18359e-05
1.38957e-05
1.9394e-05
5.11478e-05
5.25481e-05
5.88419e-05
6.6921e-05
0.00010795
0.000109065
0.000114759
0.000122165
0.000143084
0.000143351
0.000147791
0.000154105
0.000208947
0.000207254
0.000208785
0.0002126
0.00031783
0.000310362
0.000304234
0.000302092
0.000417353
0.00040321
0.000388515
0.000379928
0.000129552
0.000129879
0.000135133
0.000142653
0.000197078
0.000197619
0.000203017
0.00021048
0.000325882
0.000321732
0.000321048
0.000323758
0.000454128
0.00044254
0.000432325
0.000427744
0.000468423
0.000451461
0.000432683
0.000420704
0.000561034
0.00053764
0.000510364
0.000491828
0.000695277
0.000661993
0.000621881
0.000593599
0.000806543
0.000764885
0.000714013
0.000677635
0.000867315
0.000820612
0.000763399
0.000722349
0.000984023
0.000927683
0.000858032
0.000807568
0.00115136
0.00108223
0.000996166
0.000933348
0.00129022
0.00121137
0.00111291
0.0010408
0.00108689
0.00102556
0.000949566
0.000894347
0.00122273
0.00115763
0.00107617
0.00101631
0.00139929
0.00133432
0.00125252
0.00119191
0.00152831
0.00146891
0.00139357
0.0013374
0.000396721
0.00042853
0.000479967
0.000522835
0.000538639
0.000570518
0.000623704
0.000670071
0.000810849
0.00082153
0.000855091
0.000888257
0.00110384
0.00107251
0.00106772
0.0010731
0.00123047
0.00119269
0.00116161
0.00114731
0.00152793
0.00143693
0.00133344
0.00126261
0.00187301
0.00172368
0.00154152
0.00141063
0.00211273
0.00191218
0.0016829
0.00152179
0.000581596
0.000649719
0.000920502
0.00122967
0.00079302
0.000808834
0.00126797
0.0018636
0.00208909
0.00146536
0.00190766
0.00261326
0.00475164
0.00244831
0.00253989
0.00306362
0.0001706
0.000191875
0.000221649
0.000246001
0.000184074
0.0002024
0.000228093
0.000249128
0.000208768
0.000222799
0.00024269
0.000259118
0.000232728
0.000243091
0.000258138
0.000270799
0.000244896
0.000253294
0.000265721
0.000276327
0.000264661
0.000269415
0.000276986
0.000283791
0.000291061
0.000290775
0.000291756
0.000293497
0.000311605
0.000307234
0.000302966
0.000300742
0.000209936
0.000217703
0.000229614
0.000240044
0.000243217
0.000247603
0.000254968
0.000261808
0.000289206
0.000288524
0.000289244
0.00029096
0.00032625
0.000321186
0.000316265
0.000313716
0.000320081
0.000313531
0.000306461
0.000302121
0.000330435
0.000319937
0.000307756
0.000299535
0.000343237
0.000327371
0.000308354
0.000295031
0.000352644
0.000332508
0.000308137
0.000290882
0.000355807
0.00033338
0.000306148
0.0002868
0.000358961
0.000332321
0.000299772
0.000276499
0.000366125
0.000333836
0.000294269
0.000265898
0.000374352
0.000337657
0.000292688
0.000260455
0.000450417
0.000423721
0.000391183
0.000367959
0.000473954
0.000441658
0.000402002
0.00037348
0.000509503
0.000469384
0.000419891
0.000384131
0.000540736
0.00049428
0.000436891
0.000395374
0.000373246
0.000363926
0.000353896
0.000347742
0.000419765
0.000405362
0.000388697
0.000377471
0.000484439
0.000462494
0.000436143
0.000417626
0.000536894
0.000508545
0.000474066
0.000449502
0.000563914
0.00053193
0.000492863
0.000464909
0.000613609
0.000574487
0.000526315
0.000491555
0.000686796
0.000637411
0.00057625
0.000531862
0.000749419
0.000691508
0.000619622
0.000567332
0.000700977
0.000662377
0.000615134
0.000581262
0.000782136
0.000735022
0.000676886
0.000634844
0.000901167
0.000841734
0.000767927
0.000714198
0.00100237
0.000932663
0.000845831
0.000782426
0.00057709
0.000606677
0.000646748
0.000678589
0.000520612
0.00054402
0.000575885
0.000601324
0.000455909
0.000471862
0.000493882
0.000511678
0.000412803
0.000423516
0.000438666
0.000451164
0.000390477
0.000398653
0.000410455
0.000420356
0.000348535
0.000352414
0.000358555
0.000364074
0.00029823
0.00029725
0.000297055
0.00029772
0.000262948
0.000258828
0.000254601
0.000252221
0.00035465
0.00036314
0.000375338
0.000385532
0.000329044
0.000333347
0.000340028
0.000345948
0.000297655
0.00029703
0.00029729
0.000298295
0.000275
0.000271015
0.000266964
0.000264718
0.000243362
0.000237826
0.000231782
0.000228031
0.000205121
0.000197432
0.000188633
0.000182812
0.000159094
0.000149408
0.000138161
0.000130583
0.000127025
0.000116446
0.000104222
9.60379e-05
0.000109706
9.88912e-05
8.64691e-05
7.82185e-05
7.80716e-05
6.73432e-05
5.52222e-05
4.73486e-05
4.4693e-05
3.49555e-05
2.44706e-05
1.81169e-05
2.58249e-05
1.75342e-05
9.27627e-06
4.89169e-06
0.000154981
0.000141709
0.00012611
0.000115454
0.000125926
0.000111753
9.51698e-05
8.3907e-05
9.32066e-05
7.84985e-05
6.15615e-05
5.0297e-05
7.27006e-05
5.80808e-05
4.1597e-05
3.09428e-05
0.000279819
0.000274095
0.000267848
0.000263969
0.000262378
0.000253653
0.000243546
0.000236753
0.000239199
0.000226913
0.000212329
0.000202237
0.000221295
0.000206556
0.000188975
0.000176745
0.000210238
0.00019431
0.000175296
0.000162059
0.000187639
0.000169796
0.000148468
0.000133606
0.000161586
0.000141642
0.000117916
0.000101486
0.000144792
0.000123555
9.84781e-05
8.1276e-05
0.000276599
0.000257682
0.000234863
0.000218777
0.000264584
0.000242667
0.000216114
0.000197314
0.00025158
0.00022589
0.000194759
0.000172723
0.000244146
0.000215697
0.000181304
0.000157034
0.00106099
0.00108816
0.00112567
0.00115602
0.000895362
0.000915328
0.000943249
0.000966096
0.000704061
0.000715846
0.000732908
0.000747276
0.000576071
0.000582507
0.00059249
0.00060134
0.000513361
0.000517374
0.000524127
0.000530441
0.000404513
0.000404722
0.000406406
0.000408748
0.000283273
0.000279757
0.000276477
0.000274923
0.000206417
0.000201013
0.00019522
0.00019169
0.000487798
0.000493459
0.000502234
0.000510008
0.000395227
0.000396731
0.000399999
0.000403481
0.000290403
0.000287681
0.000285374
0.000284525
0.000222361
0.000217337
0.000212018
0.000208845
0.000169862
0.000163877
0.000157297
0.000153136
0.000109547
0.000103238
9.61926e-05
9.16392e-05
5.22733e-05
4.69044e-05
4.10729e-05
3.7432e-05
2.56039e-05
2.20586e-05
1.86388e-05
1.68635e-05
1.65371e-05
1.44218e-05
1.28994e-05
1.25989e-05
1.09968e-05
1.24666e-05
1.56802e-05
1.90543e-05
3.17643e-05
3.96162e-05
5.13148e-05
6.13107e-05
7.08646e-05
8.50269e-05
0.00010516
0.00012177
2.76747e-05
2.35934e-05
1.97102e-05
1.77739e-05
1.05291e-05
9.32035e-06
9.30248e-06
1.04189e-05
9.83985e-06
1.39382e-05
2.10899e-05
2.7888e-05
2.72165e-05
3.66583e-05
5.10526e-05
6.36071e-05
0.000207429
0.00020173
0.00019551
0.000191638
0.000154828
0.000147854
0.000139995
0.000134884
9.76354e-05
9.01772e-05
8.17918e-05
7.6354e-05
6.29919e-05
5.61033e-05
4.86014e-05
4.39446e-05
4.65263e-05
4.03047e-05
3.37614e-05
2.99049e-05
2.09584e-05
1.67413e-05
1.29698e-05
1.1358e-05
3.75626e-06
3.50701e-06
5.21361e-06
8.03093e-06
3.93449e-06
7.81479e-06
1.52222e-05
2.2648e-05
7.37151e-05
6.52412e-05
5.58343e-05
4.98545e-05
4.32668e-05
3.58528e-05
2.80073e-05
2.33622e-05
1.50902e-05
1.01776e-05
5.92681e-06
4.29165e-06
3.12778e-06
1.01847e-06
7.58417e-07
2.43821e-06
0.00136048
0.00135595
0.00135296
0.0013529
0.00110521
0.00109942
0.00109452
0.00109277
0.000815357
0.000808505
0.000801887
0.000798563
0.000625402
0.000618106
0.000610706
0.000606625
0.000535154
0.000527809
0.000520218
0.00051589
0.000384386
0.000377229
0.000369675
0.000365212
0.000225013
0.000218537
0.000211574
0.00020733
0.000131789
0.000126159
0.000120054
0.000116276
0.00054558
0.000541627
0.000538357
0.000537261
0.000399744
0.000394586
0.000389564
0.000386978
0.00024385
0.000237915
0.000231626
0.000227864
0.000151025
0.000145102
0.000138626
0.000134557
9.22698e-05
8.72624e-05
8.18176e-05
7.84247e-05
3.67252e-05
3.31276e-05
2.92704e-05
2.68991e-05
3.8969e-06
2.63804e-06
1.44795e-06
8.21174e-07
1.10442e-05
1.19848e-05
1.33516e-05
1.44396e-05
2.6717e-05
2.90421e-05
3.20449e-05
3.42526e-05
8.00548e-05
8.5346e-05
9.1905e-05
9.65968e-05
0.000202917
0.000212915
0.000225207
0.000233978
0.00034228
0.000356633
0.000374329
0.000387025
1.88703e-05
2.07407e-05
2.34623e-05
2.56705e-05
5.84798e-05
6.41384e-05
7.15829e-05
7.72423e-05
0.000158313
0.00017025
0.000185621
0.000197148
0.000275433
0.000293349
0.000316364
0.000333625
0.000130267
0.000124319
0.000117732
0.000113509
6.91293e-05
6.38097e-05
5.78974e-05
5.40766e-05
2.12802e-05
1.79584e-05
1.44572e-05
1.23252e-05
1.04455e-05
9.61995e-06
9.23734e-06
9.38033e-06
1.3488e-05
1.44318e-05
1.62932e-05
1.81015e-05
3.75935e-05
4.26739e-05
4.98152e-05
5.55805e-05
0.000110805
0.000122917
0.000139124
0.000151751
0.000201898
0.000220805
0.000245854
0.000265235
1.22138e-05
1.18038e-05
1.223e-05
1.31975e-05
2.07818e-05
2.44132e-05
3.0091e-05
3.50672e-05
6.67965e-05
7.74459e-05
9.23182e-05
0.000104367
0.00013106
0.000148565
0.000172483
0.000191538
0.0010332
0.000983889
0.000923241
0.000879509
0.00082305
0.000783227
0.000734546
0.000699695
0.000589933
0.000561124
0.000526353
0.000501844
0.000441321
0.000419924
0.000394547
0.000377047
0.000371979
0.000354111
0.000333153
0.000318912
0.000258071
0.00024592
0.000232111
0.000223124
0.000142153
0.000136116
0.000129895
0.000126443
7.83922e-05
7.5983e-05
7.42155e-05
7.39773e-05
0.000428466
0.000412145
0.000393113
0.000380259
0.000296921
0.00028529
0.000272093
0.000263504
0.000161835
0.00015537
0.000148537
0.000144551
8.64216e-05
8.31594e-05
8.02132e-05
7.89955e-05
5.27127e-05
5.17433e-05
5.16797e-05
5.2621e-05
1.97721e-05
2.05771e-05
2.25237e-05
2.4775e-05
1.09083e-05
1.25331e-05
1.51492e-05
1.76162e-05
3.20349e-05
3.30357e-05
3.45554e-05
3.5975e-05
5.324e-05
5.32999e-05
5.34393e-05
5.36869e-05
0.000113906
0.000111204
0.00010744
0.000104459
0.000241749
0.000233433
0.000222032
0.000212955
0.000381541
0.00036717
0.000347716
0.000332351
4.96344e-05
5.06987e-05
5.18811e-05
5.26895e-05
0.000117237
0.000116906
0.000115888
0.000114715
0.000259593
0.000256061
0.000250407
0.000245326
0.000415184
0.000408004
0.000397295
0.000388113
6.39599e-05
6.0929e-05
5.80516e-05
5.66782e-05
1.87492e-05
1.75426e-05
1.67294e-05
1.66965e-05
6.91132e-07
1.31715e-06
2.42018e-06
3.49547e-06
2.03481e-05
2.19123e-05
2.38565e-05
2.52869e-05
4.34199e-05
4.52754e-05
4.73832e-05
4.87729e-05
0.000111972
0.000114017
0.000115966
0.000116918
0.000258158
0.000259838
0.000260785
0.000260566
0.000418797
0.000419682
0.000419224
0.000417646
3.53901e-05
3.76957e-05
4.04576e-05
4.23534e-05
9.88849e-05
0.00010291
0.000107533
0.000110561
0.000238072
0.000244504
0.000251764
0.000256425
0.000392812
0.000401253
0.000410778
0.0004169
0.000293242
0.000254127
0.000207492
0.000175112
0.000238778
0.000207824
0.000171186
0.000145963
0.000181898
0.000159879
0.00013421
0.000116864
0.000148659
0.00013224
0.000113463
0.000101079
0.000133053
0.000119236
0.000103613
9.34626e-05
0.000105163
9.54678e-05
8.48549e-05
7.82625e-05
7.79924e-05
7.23916e-05
6.67576e-05
6.37026e-05
6.41808e-05
6.07487e-05
5.77508e-05
5.65685e-05
0.000186939
0.000170855
0.000152376
0.000140148
0.000139844
0.000129103
0.000117217
0.000109758
9.33528e-05
8.80091e-05
8.27746e-05
8.01202e-05
6.90861e-05
6.66807e-05
6.5058e-05
6.50074e-05
5.69486e-05
5.43756e-05
5.2408e-05
5.19465e-05
4.40204e-05
4.25084e-05
4.1783e-05
4.21672e-05
3.64245e-05
3.50364e-05
3.44006e-05
3.48015e-05
3.80299e-05
3.57069e-05
3.38941e-05
3.34289e-05
3.92513e-05
3.60651e-05
3.31908e-05
3.19634e-05
4.58799e-05
4.03663e-05
3.45464e-05
3.11366e-05
6.93261e-05
5.89681e-05
4.7128e-05
3.93426e-05
9.95811e-05
8.39745e-05
6.56892e-05
5.32781e-05
4.64179e-05
4.36928e-05
4.12677e-05
4.03233e-05
6.55932e-05
5.94937e-05
5.27079e-05
4.84545e-05
0.000113505
0.000100758
8.55364e-05
7.50004e-05
0.000169547
0.000149764
0.000125718
0.000108688
5.58577e-05
5.53058e-05
5.59546e-05
5.75707e-05
3.41503e-05
3.50064e-05
3.72641e-05
3.9942e-05
2.74529e-05
2.83635e-05
3.04775e-05
3.28878e-05
3.9919e-05
3.93952e-05
3.95542e-05
4.04085e-05
5.1466e-05
4.94913e-05
4.77368e-05
4.71107e-05
8.55806e-05
7.97456e-05
7.28939e-05
6.8312e-05
0.000162068
0.000148728
0.000132172
0.000120215
0.00024794
0.000226701
0.000200057
0.000180535
5.38496e-05
5.28451e-05
5.19677e-05
5.17321e-05
0.000102672
9.80233e-05
9.2206e-05
8.8037e-05
0.000207338
0.000195542
0.000180284
0.000168788
0.000322657
0.000303293
0.000278198
0.000259187
2.01717e-06
1.03756e-06
3.47592e-07
2.58241e-07
2.89785e-06
1.6038e-06
5.18705e-07
1.9229e-07
4.40486e-06
2.58376e-06
1.00664e-06
4.52385e-07
5.8742e-06
3.44719e-06
1.50243e-06
8.68163e-07
6.27173e-06
3.68358e-06
1.44449e-06
6.64157e-07
6.74837e-06
3.88785e-06
1.3883e-06
4.49006e-07
7.45793e-06
4.26394e-06
1.45886e-06
3.38818e-07
8.04642e-06
4.64342e-06
1.63809e-06
3.93487e-07
2.40629e-05
1.81471e-05
1.20186e-05
8.42351e-06
2.3603e-05
1.81002e-05
1.23919e-05
9.01989e-06
2.33924e-05
1.82773e-05
1.29738e-05
9.82275e-06
2.35411e-05
1.85969e-05
1.34777e-05
1.04291e-05
7.84578e-06
4.51239e-06
1.5875e-06
3.95154e-07
6.60819e-06
3.70727e-06
1.23193e-06
3.24405e-07
5.14315e-06
2.82744e-06
9.45668e-07
4.09584e-07
4.15844e-06
2.27703e-06
8.47511e-07
6.02963e-07
3.52197e-06
1.91381e-06
8.69311e-07
7.98073e-07
1.81371e-06
9.94731e-07
4.12946e-07
3.83437e-07
4.8392e-07
2.2141e-07
6.93437e-08
1.41507e-07
1.08938e-07
2.52515e-08
7.93827e-08
2.34134e-07
1.1499e-05
8.7433e-06
6.04193e-06
4.54679e-06
7.3921e-06
5.39041e-06
3.4722e-06
2.44519e-06
3.85e-06
2.44892e-06
1.2017e-06
6.29873e-07
2.49836e-06
1.3302e-06
3.95736e-07
9.07506e-08
3.83684e-05
3.34519e-05
2.83238e-05
2.52568e-05
3.23372e-05
2.82469e-05
2.4067e-05
2.16308e-05
2.65618e-05
2.30815e-05
1.96018e-05
1.76344e-05
2.37323e-05
2.03574e-05
1.70056e-05
1.51341e-05
2.11003e-05
1.78633e-05
1.47264e-05
1.30517e-05
1.62499e-05
1.31412e-05
1.01346e-05
8.54356e-06
1.40562e-05
1.03471e-05
6.66876e-06
4.67525e-06
1.55904e-05
1.08554e-05
6.05767e-06
3.40038e-06
3.05996e-05
2.7249e-05
2.4131e-05
2.26387e-05
2.90061e-05
2.46305e-05
2.02409e-05
1.78343e-05
3.5367e-05
2.83765e-05
2.08317e-05
1.62218e-05
4.70663e-05
3.70286e-05
2.58635e-05
1.87678e-05
