FiniteElementSpace
FiniteElementCollection: H1_2D_P2
VDim: 2
Ordering: 0

0
0.983368
1.99091
3.01712
4.06091
5.11568
6.16219
7.179
8.16583
0
1.05759
2.08747
3.09479
4.0848
5.05987
6.02436
6.98879
7.96386
0.488473
1.02092
0.531949
0
1.48466
2.03942
1.57589
2.50175
3.05591
2.5935
3.53698
4.07302
3.59179
4.58784
5.08874
4.57404
5.64153
6.09491
5.54294
6.67505
7.08507
6.50571
7.67493
8.06539
7.47495
0.50916
1.53071
2.54768
3.56437
4.58144
5.59364
6.59192
7.57569
0.244126
0.500328
0.253327
0
1.23334
1.50879
1.27601
1.00352
2.24577
2.52552
2.29358
2.01609
3.2765
3.55134
3.31011
3.03725
4.32411
4.58513
4.3273
4.06757
5.37906
5.61768
5.34157
5.10254
6.41971
6.63307
6.34395
6.12838
7.42784
7.62491
7.33059
7.1315
0.734971
0.765311
1.03822
0.79561
0.51879
0.266343
0
1.7372
1.78515
2.06264
1.83244
1.55242
1.31766
2.75887
2.80178
3.07459
2.8447
2.56981
2.34112
3.79848
3.81868
4.07836
3.83878
3.57738
3.34381
4.85181
4.83531
5.07446
4.81735
4.57748
4.32987
5.9027
5.84478
6.06066
5.78377
5.56891
5.30169
6.92813
6.83891
7.03807
6.74693
6.55004
6.26493
7.92074
8.11554
7.82056
8.01493
7.71921
7.52607
7.23145
0.249888
1.25591
2.27053
3.294
4.32626
5.36053
6.38152
7.37871
0.751624
0.779254
0.2573
1.76218
1.80796
1.29589
2.78109
2.82247
2.31656
3.80922
3.8281
3.32622
4.84398
4.82626
4.32817
5.87371
5.81512
5.32202
6.88302
6.79414
6.30559
7.8704
7.7704
7.28199
0.122641
0.24749
0.124919
0
1.10818
1.24508
1.12965
0.993963
2.1182
2.25846
2.14324
2.00384
3.14667
3.28551
3.16555
3.02746
4.19243
4.32538
4.19688
4.06446
5.24746
5.36984
5.23162
5.1092
6.29121
6.40046
6.25515
6.14517
7.30366
7.40305
7.25525
7.15501
0.611467
0.743881
0.625883
0.494991
0.637284
0.772082
0.649223
0.513702
0.126166
0.255174
0.127578
0
1.61078
1.75006
1.63543
1.49713
1.65796
1.79646
1.6803
1.54146
1.14852
1.28583
1.16721
1.02943
2.63017
2.77026
2.65323
2.51393
2.67473
2.81203
2.69621
2.55865
2.16651
2.30497
2.18969
2.05093
3.66761
3.80409
3.68022
3.54441
3.69152
3.82332
3.70279
3.57079
3.183
3.31807
3.20046
3.06516
4.71981
4.84802
4.71457
4.58665
4.70842
4.8308
4.70194
4.57945
4.20017
4.3277
4.20333
4.07563
5.77231
5.88815
5.74585
5.6296
5.71933
5.8301
5.6921
5.58139
5.21524
5.33188
5.19832
5.08165
6.80187
6.90535
6.75824
6.65386
6.71553
6.81671
6.67212
6.57117
6.21956
6.32495
6.18319
6.07795
7.79796
7.89546
7.74773
7.64975
7.69814
7.79557
7.6482
7.551
7.2079
7.30644
7.16002
7.06174
0.366005
0.374996
0.504871
0.381085
0.251672
0
1.35884
1.38229
1.5199
1.4034
1.26612
1.01238
2.37362
2.39795
2.5367
2.42063
2.28217
2.02788
3.4066
3.4226
3.55794
3.43723
3.30214
3.04667
4.45592
4.45569
4.58337
4.4544
4.32686
4.07038
5.51044
5.48923
5.60571
5.46771
5.35112
5.09571
6.54766
6.5075
6.61249
6.46806
6.36274
6.11167
7.55158
7.50191
7.60027
7.45318
7.35462
7.10826
0.858952
0.877508
0.893193
0.758614
0.908909
1.04752
0.926839
0.787016
0.663943
0.524827
0.388032
0.39956
0.260877
0.131885
0
1.86391
1.88907
1.91231
1.77381
1.9354
2.07474
1.96014
1.81987
1.70437
1.56381
1.42429
1.44699
1.30641
1.18786
2.88785
2.90909
2.92884
2.79153
2.94859
3.0844
2.96988
2.83329
2.71925
2.58136
2.44326
2.46747
2.32854
2.21446
3.92959
3.93834
3.94585
3.81404
3.95329
4.08137
3.96191
3.8332
3.71541
3.58432
3.45185
3.46793
3.33473
3.21943
4.98378
4.97331
4.96209
4.83972
4.95044
5.06719
4.9387
4.82176
4.69579
4.57565
4.45289
4.45207
4.32885
4.20745
6.03268
6.00122
5.96998
5.85928
5.93797
6.04285
5.90408
5.79972
5.66339
5.55612
5.44555
5.42238
5.31197
5.18086
7.05383
7.00743
6.96209
6.86095
6.91611
7.01382
6.86777
6.77095
6.62625
6.52829
6.42787
6.38528
6.28565
6.14463
8.04332
8.14062
7.99298
8.09045
7.94297
7.84546
8.04024
7.89266
7.9895
7.84152
7.74496
7.597
7.50076
7.40401
7.35309
7.25705
7.11001
0.124123
1.1194
2.13104
3.15638
4.19486
5.23961
6.27305
7.27922
0.619275
0.643015
0.12678
1.62349
1.66903
1.15774
2.64199
2.68538
2.178
3.67415
3.69708
3.19164
4.71734
4.70519
4.2017
5.75905
5.70585
5.20685
6.77984
6.69401
6.20156
7.7727
7.67327
7.18412
0.37104
0.378144
0.125579
1.37099
1.393
1.13925
2.38609
2.4094
2.15499
3.41486
3.43
3.17437
4.45598
4.45512
4.19861
5.49986
5.47853
5.2235
6.5274
6.48778
6.23737
7.52654
7.47752
7.23154
0.868783
0.885507
0.631717
0.900884
0.91748
0.656124
0.384294
0.393122
0.128745
1.87684
1.90082
1.64684
1.92376
1.94745
1.692
1.41374
1.43529
1.17716
2.89875
2.91906
2.66408
2.93862
2.95895
2.70743
2.43185
2.45506
2.20177
3.93419
3.94218
3.68595
3.9495
3.95737
3.70885
3.44445
3.45962
3.20966
4.97866
4.96777
4.71157
4.9563
4.94456
4.69879
4.45362
4.45234
4.2052
6.01687
5.98563
5.73264
5.95413
5.92133
5.67798
5.45673
5.43412
5.18966
7.0304
6.98474
6.73687
6.93928
6.89234
6.6496
6.44815
6.40698
6.16428
8.01808
7.96796
7.72291
7.9179
7.86721
7.6228
7.42873
7.37884
7.13538
0
-0.0555358
-0.16065
-0.266235
-0.332701
-0.32344
-0.219087
-0.0389967
0.165283
1
0.919465
0.814015
0.712336
0.651561
0.662968
0.763267
0.938837
1.1447
-0.0174509
0.437172
0.959454
0.5
-0.105438
0.32671
0.868917
-0.2159
0.218996
0.76024
-0.306785
0.151922
0.674714
-0.339443
0.160505
0.646662
-0.282995
0.26441
0.701999
-0.135644
0.446651
0.843919
0.0634512
0.654763
1.04133
0.479736
0.38414
0.270082
0.178073
0.144897
0.200566
0.348484
0.551244
-0.00637738
0.233477
0.494388
0.25
-0.0794706
0.139837
0.411561
0.192088
-0.188584
0.0264883
0.297994
0.0829298
-0.288038
-0.0658238
0.196975
-0.024677
-0.338724
-0.0993486
0.145771
-0.0922079
-0.306281
-0.0433787
0.177455
-0.0836695
-0.179456
0.104897
0.30425
0.0207225
0.0119592
0.306983
0.498638
0.202868
-0.0344781
0.46018
0.679586
0.941106
0.721396
0.974468
0.75
-0.132721
0.355634
0.570454
0.841644
0.627202
0.895121
-0.241986
0.243557
0.464684
0.735273
0.514707
0.786679
-0.321869
0.162868
0.399766
0.661079
0.424896
0.691972
-0.334445
0.149708
0.409224
0.652029
0.393434
0.646619
-0.253795
0.229669
0.511864
0.729974
0.448888
0.67962
-0.0885136
0.396267
0.692098
0.889989
0.594868
0.801442
0.114697
0.409994
0.603571
0.899787
1.09323
0.79617
0.989584
0.246639
0.166885
0.0543461
-0.0468004
-0.0984381
-0.0666185
0.0606434
0.254645
0.214659
0.702178
0.73768
0.111635
0.599016
0.654317
-4.96378e-05
0.488696
0.542151
-0.0811532
0.410229
0.443231
-0.0945261
0.398408
0.394016
-0.0141389
0.477602
0.426045
0.152622
0.642145
0.551174
0.358996
0.848425
0.743762
-0.00291037
0.120923
0.249712
0.125
-0.0672112
0.0438883
0.179766
0.0685632
-0.174659
-0.0672245
0.0685852
-0.0389041
-0.277485
-0.167742
-0.0360889
-0.145728
-0.336359
-0.219072
-0.0959586
-0.21291
-0.315653
-0.187007
-0.0759218
-0.204109
-0.199858
-0.0598651
0.0400933
-0.0996848
-0.0136345
0.133139
0.228626
0.0816844
-0.0253937
0.0905222
0.224622
0.108602
0.47045
0.581589
0.71224
0.601111
0.498475
0.616663
0.744206
0.625
-0.118963
-0.0105204
0.12584
0.0172957
0.369981
0.477413
0.613198
0.505836
0.424643
0.533184
0.667232
0.558707
-0.229137
-0.121237
0.0130177
-0.0948694
0.256611
0.365942
0.501487
0.392274
0.312289
0.420019
0.556232
0.448598
-0.31483
-0.201927
-0.0739871
-0.186675
0.169974
0.286124
0.417071
0.301116
0.207632
0.319794
0.453603
0.341592
-0.337698
-0.215027
-0.0976758
-0.219915
0.146574
0.273479
0.39521
0.268611
0.148218
0.269373
0.396275
0.275369
-0.269134
-0.1345
-0.029489
-0.163738
0.214391
0.353108
0.462532
0.324163
0.168211
0.301165
0.416883
0.284275
-0.112442
0.0317221
0.128384
-0.0157756
0.371991
0.518943
0.618114
0.471337
0.283736
0.4273
0.530929
0.387661
0.0891623
0.236834
0.333076
0.18514
0.577489
0.725978
0.822363
0.673642
0.472505
0.621079
0.717776
0.569186
-0.0110152
0.240884
0.357195
0.48777
0.371034
0.375
-0.0922537
0.153549
0.26213
0.398032
0.289454
0.314966
-0.20236
0.0402896
0.148146
0.283902
0.176094
0.204812
-0.297837
-0.056737
0.0557599
0.187099
0.0747745
0.096902
-0.33979
-0.0995864
0.0222515
0.14465
0.0231728
0.0294007
-0.295416
-0.0557644
0.0780562
0.188251
0.0548671
0.0378651
-0.158031
0.0822804
0.226328
0.32587
0.182024
0.142094
0.0377024
0.2808
0.429018
0.52492
0.376485
0.324534
-0.0446013
0.203763
0.449057
0.337881
0.691267
0.799835
0.930676
0.822005
0.950708
0.840751
0.729881
0.967374
0.856825
0.983968
0.875
-0.14665
0.0973064
0.341186
0.233698
0.584741
0.692262
0.827829
0.720428
0.855364
0.74823
0.64094
0.882195
0.774962
0.907574
-0.254382
-0.012639
0.230996
0.121554
0.476405
0.588266
0.723517
0.611809
0.747537
0.637365
0.528286
0.77331
0.664374
0.80027
-0.327862
-0.0872503
0.15683
0.0404442
0.404441
0.525148
0.655777
0.535203
0.667413
0.549422
0.43364
0.682923
0.567288
0.7018
-0.329726
-0.0898656
0.154349
0.0270481
0.403076
0.53542
0.656789
0.52456
0.648662
0.519425
0.393056
0.645995
0.519743
0.648492
-0.237115
0.00262085
0.246368
0.107254
0.494071
0.637046
0.745976
0.603197
0.715298
0.574801
0.436724
0.690096
0.552162
0.670574
-0.0639936
0.177491
0.421195
0.274149
0.666846
0.815335
0.914121
0.765837
0.866552
0.719062
0.572522
0.822181
0.675877
0.781773
0.140101
0.287661
0.384649
0.53234
0.629351
0.481239
0.777256
0.874254
1.0223
1.11906
0.970872
1.06733
0.918766
0.769929
1.0154
0.866625
0.964035
0.124103
0.0565119
-0.0531113
-0.157084
-0.21663
-0.196341
-0.0803617
0.107287
0.100131
0.591817
0.621783
0.00349836
0.491716
0.546224
-0.108251
0.378896
0.434242
-0.194801
0.293126
0.330339
-0.218214
0.270324
0.271748
-0.149851
0.337914
0.291958
0.00760413
0.494751
0.406888
0.211074
0.699885
0.594986
0.115611
0.364921
0.374451
0.0307869
0.275976
0.302487
-0.0811697
0.161988
0.190395
-0.177633
0.0648421
0.0854865
-0.220191
0.022023
0.0256542
-0.176142
0.0656984
0.0455919
-0.038305
0.203682
0.161467
0.15913
0.402735
0.350375
0.0799403
0.326808
0.348065
0.570531
0.811306
0.831827
0.609457
0.849067
0.865353
-0.0246818
0.219273
0.248013
0.463015
0.706348
0.734416
0.519691
0.761775
0.787681
-0.133756
0.10895
0.134645
0.353484
0.599751
0.62437
0.406007
0.650723
0.678245
-0.20799
0.0343548
0.0476044
0.280185
0.529625
0.541825
0.31003
0.557933
0.577423
-0.210341
0.031693
0.0239157
0.278127
0.529265
0.521294
0.268314
0.518925
0.521837
-0.117763
0.124002
0.0919259
0.369717
0.619467
0.588296
0.311911
0.562752
0.543055
0.0564566
0.299083
0.249858
0.543795
0.790303
0.742053
0.44882
0.69697
0.655875
0.262376
0.506965
0.455214
0.75179
0.996702
0.944874
0.647332
0.892647
0.840815
