FiniteElementSpace
FiniteElementCollection: H1_2D_P2
VDim: 2
Ordering: 0

0
-0.00439116
-0.00765578
-0.010028
-0.0140215
-0.0239879
-0.0432348
-0.0697598
-0.0970085
0
-5.84652e-05
-0.00328487
-0.00671311
-0.00820031
-0.01009
-0.0184567
-0.0368714
-0.0616219
-0.00229614
-0.00207186
0.000405981
0
-0.00619901
-0.00545019
-0.00142384
-0.00885291
-0.00833453
-0.00518085
-0.0115741
-0.0107562
-0.00768138
-0.0179734
-0.01623
-0.00874691
-0.0324151
-0.0299605
-0.0130947
-0.0559694
-0.0529209
-0.0264636
-0.0836575
-0.0794507
-0.0489364
-0.00068854
-0.00373022
-0.00702093
-0.00947071
-0.0127664
-0.0218302
-0.0405294
-0.066188
-0.0011829
-0.00130034
-0.000214451
0
-0.00533936
-0.00487566
-0.00287903
-0.00309328
-0.00827558
-0.00796574
-0.00626446
-0.00652488
-0.0107243
-0.0105903
-0.00891058
-0.00924695
-0.0157717
-0.0153197
-0.0116269
-0.0124162
-0.0278909
-0.0268933
-0.0187288
-0.0199638
-0.0494098
-0.0479743
-0.0349673
-0.03632
-0.0767465
-0.0747979
-0.0595058
-0.0611196
-0.0033666
-0.00133254
-0.0011259
0.000306088
-0.000200543
0.000235904
0
-0.00696877
-0.00459694
-0.00438852
-0.00232108
-0.00262494
-0.000651466
-0.00942223
-0.00771015
-0.00744806
-0.00601117
-0.00607989
-0.00425646
-0.0126481
-0.0100641
-0.00928053
-0.00797553
-0.0084384
-0.00726899
-0.020694
-0.0142699
-0.0128978
-0.00926412
-0.0105128
-0.00842718
-0.0375449
-0.025572
-0.024035
-0.0154513
-0.0172222
-0.011334
-0.0627946
-0.0465529
-0.0449174
-0.0314035
-0.0334222
-0.022132
-0.0904211
-0.088212
-0.0728724
-0.0705927
-0.0552518
-0.0576154
-0.0427595
-0.000464852
-0.00399332
-0.00727187
-0.00988927
-0.0136915
-0.0231195
-0.0419054
-0.0679489
-0.00219212
-0.000575065
-2.43265e-05
-0.00572383
-0.00349534
-0.00182124
-0.00861696
-0.00681361
-0.00526228
-0.011409
-0.0088512
-0.0079835
-0.0173848
-0.0115097
-0.00980365
-0.0312992
-0.0202994
-0.0147746
-0.0544199
-0.0389555
-0.0284232
-0.081581
-0.0641064
-0.0511817
-0.000535643
-0.000732986
-0.000167858
0
-0.00487612
-0.00462691
-0.00354434
-0.00369565
-0.00797317
-0.00777569
-0.00690512
-0.00708141
-0.0103617
-0.0103382
-0.00956387
-0.00966499
-0.0148453
-0.0147445
-0.0130153
-0.0132416
-0.0258615
-0.0254604
-0.0214669
-0.0219462
-0.0462663
-0.045575
-0.0390468
-0.0396992
-0.0732585
-0.0722864
-0.0645255
-0.0653679
-0.00283401
-0.0027272
-0.00174472
-0.00173822
-0.000995623
-0.000955617
-0.000363878
-0.000445656
-7.40823e-05
-0.000119461
-5.65894e-06
0
-0.00659518
-0.00632641
-0.0053048
-0.00550703
-0.00416333
-0.00404901
-0.0030545
-0.00318113
-0.0024682
-0.00235378
-0.00145757
-0.00160194
-0.00913657
-0.00904046
-0.00829544
-0.00842144
-0.00737386
-0.00725475
-0.00645845
-0.00654704
-0.00586335
-0.00576287
-0.00483023
-0.00492091
-0.0120792
-0.0120578
-0.0109808
-0.0111144
-0.00975941
-0.00942776
-0.00864677
-0.00893126
-0.00862675
-0.00842985
-0.00772737
-0.00787954
-0.0192653
-0.0190251
-0.0162929
-0.0166468
-0.0134671
-0.0128358
-0.0109687
-0.0115905
-0.0111638
-0.0106721
-0.00952479
-0.00998172
-0.0349055
-0.0343521
-0.029018
-0.0295956
-0.0236205
-0.0228817
-0.0186797
-0.0194687
-0.017408
-0.0166932
-0.0137696
-0.0145067
-0.0593562
-0.058528
-0.0511576
-0.0518888
-0.0434906
-0.042734
-0.0361282
-0.0369454
-0.0323903
-0.0316553
-0.0261495
-0.0269497
-0.0870653
-0.0859675
-0.0782022
-0.0791791
-0.0695343
-0.0685023
-0.0608579
-0.0619071
-0.0561939
-0.055342
-0.0480198
-0.0489088
-0.00175178
-0.000864835
-0.00096563
-0.000423883
-0.000324264
0
-0.00578081
-0.00443766
-0.00428986
-0.0033007
-0.00341892
-0.00256129
-0.00856811
-0.00762486
-0.00749598
-0.00665053
-0.00676767
-0.00598313
-0.0111264
-0.010229
-0.0100319
-0.0091898
-0.00940418
-0.00879604
-0.0168121
-0.0144565
-0.0140171
-0.0121573
-0.0126419
-0.0115765
-0.030075
-0.0249281
-0.0243056
-0.0202017
-0.0208736
-0.0180537
-0.0526478
-0.0448858
-0.044198
-0.0376845
-0.0383779
-0.0330799
-0.0802189
-0.0713769
-0.0704778
-0.0628409
-0.0636999
-0.0569821
-0.0038874
-0.00264176
-0.00169236
-0.00173693
-0.000830319
-0.000619534
0.000155151
-0.000163281
0.000390459
7.60385e-05
-8.7348e-05
0.000354798
9.09912e-05
8.32311e-05
0
-0.00732221
-0.00613069
-0.00502678
-0.00515167
-0.00394175
-0.00384578
-0.002799
-0.00292363
-0.00186095
-0.00204491
-0.002212
-0.00101889
-0.00126079
-0.000329553
-0.00971799
-0.00893266
-0.00802953
-0.00816824
-0.00714355
-0.00705471
-0.0063805
-0.0063962
-0.00561108
-0.00562343
-0.00568002
-0.00472853
-0.00476094
-0.00377401
-0.0132932
-0.0118844
-0.0103931
-0.0107332
-0.00905927
-0.00867874
-0.00809237
-0.0083594
-0.00784087
-0.00801474
-0.008219
-0.00749254
-0.00759059
-0.00701031
-0.0222665
-0.0186062
-0.0151878
-0.0157926
-0.0121485
-0.011421
-0.00962945
-0.010313
-0.00897228
-0.00955782
-0.0101287
-0.00856796
-0.00904757
-0.0083075
-0.0403228
-0.0337355
-0.0276869
-0.0283761
-0.0220846
-0.0212074
-0.0168685
-0.0178238
-0.014192
-0.0150966
-0.0159229
-0.0121418
-0.0129853
-0.0106509
-0.0662678
-0.0577459
-0.0497017
-0.0504394
-0.0418903
-0.0409143
-0.034077
-0.0351875
-0.0288608
-0.0299358
-0.0308506
-0.0242164
-0.0252544
-0.0202086
-0.093741
-0.0925852
-0.0849211
-0.0838304
-0.0761848
-0.0772243
-0.0750399
-0.0673543
-0.0661109
-0.0584277
-0.0596852
-0.0520874
-0.0532965
-0.0543847
-0.0458213
-0.0469958
-0.0397706
-0.00025561
-0.00416691
-0.0074356
-0.00999245
-0.0139484
-0.023627
-0.042576
-0.068825
-0.00223411
-0.000680892
-3.86595e-05
-0.0059247
-0.00361216
-0.00196631
-0.00873254
-0.00691098
-0.00534738
-0.0115609
-0.00917655
-0.00816266
-0.0177723
-0.0121662
-0.0103044
-0.0318975
-0.0210941
-0.0155308
-0.0551754
-0.0397841
-0.0292258
-0.0825917
-0.0652053
-0.052101
-0.00123919
-0.000617458
-0.000109332
-0.00507411
-0.00385398
-0.002987
-0.00810351
-0.00713886
-0.00638183
-0.0107097
-0.0097124
-0.00910027
-0.0156411
-0.0132853
-0.0120762
-0.0274498
-0.0225113
-0.0193905
-0.0486837
-0.0412288
-0.0356589
-0.0757423
-0.0670874
-0.0603267
-0.00321517
-0.00214374
-0.00134264
-0.0012638
-0.000365845
-1.50795e-05
-0.000256007
0.000111931
3.23189e-05
-0.00671192
-0.00557218
-0.00472314
-0.00448653
-0.00338263
-0.0024757
-0.00276
-0.00163792
-0.00091947
-0.00934963
-0.00848625
-0.00783845
-0.00757717
-0.0067409
-0.00602313
-0.00616341
-0.00520154
-0.00430742
-0.0126151
-0.0111324
-0.0103693
-0.00969294
-0.00851794
-0.00819417
-0.00868422
-0.00781527
-0.00733798
-0.0204145
-0.0168579
-0.0148497
-0.0136124
-0.0108156
-0.00989757
-0.0110968
-0.00927838
-0.00885136
-0.036955
-0.030651
-0.0262611
-0.0248346
-0.0194318
-0.0163793
-0.0180041
-0.013967
-0.0121394
-0.0619309
-0.0536811
-0.0472734
-0.0457809
-0.0379983
-0.0324954
-0.0342323
-0.0275187
-0.0231485
-0.0893023
-0.0805536
-0.0738596
-0.071786
-0.0628922
-0.0564859
-0.0586147
-0.0501269
-0.0439186
0
-0.00439818
-0.00890319
-0.0113321
-0.012192
-0.0165
-0.030809
-0.058088
-0.0934031
0
-0.00342678
-0.00847103
-0.0110141
-0.0137468
-0.0241362
-0.0477895
-0.0824207
-0.119066
-0.00236599
-0.00364498
-0.00100085
0
-0.0067526
-0.00876009
-0.00615939
-0.0104642
-0.0110986
-0.0100468
-0.0117302
-0.0123449
-0.0119418
-0.0134876
-0.0191878
-0.0174958
-0.0220687
-0.0381575
-0.0342326
-0.0429297
-0.0696814
-0.0642137
-0.0753741
-0.106104
-0.101057
-0.00113914
-0.00640856
-0.0103207
-0.0115144
-0.0145753
-0.0269357
-0.0526585
-0.0879894
-0.00156041
-0.00162737
-0.000269409
0
-0.00556824
-0.00659606
-0.00504158
-0.00397698
-0.00977128
-0.0104103
-0.0096485
-0.00887016
-0.0115632
-0.0114839
-0.0113102
-0.0111703
-0.0126813
-0.0137134
-0.0132209
-0.0120291
-0.0189189
-0.024183
-0.0226371
-0.0174952
-0.0364542
-0.0476725
-0.0450326
-0.0342476
-0.0665403
-0.0817427
-0.078766
-0.0638733
-0.00331453
-0.00231113
-0.00345282
-0.0021117
-0.000935354
-0.000278461
0
-0.00788317
-0.0076678
-0.00862539
-0.00739737
-0.00625459
-0.00481009
-0.0109786
-0.0107907
-0.0110729
-0.0105807
-0.0102103
-0.00935371
-0.0119093
-0.0118188
-0.0129687
-0.0126685
-0.0117089
-0.0114319
-0.0147237
-0.0165289
-0.0214292
-0.0204076
-0.0158842
-0.015313
-0.0260178
-0.0321112
-0.0426212
-0.0406021
-0.0302775
-0.0287378
-0.0501739
-0.0609226
-0.0757784
-0.0731759
-0.0580896
-0.0557016
-0.0844092
-0.0997736
-0.0971615
-0.112557
-0.110143
-0.09438
-0.0917719
-0.000664476
-0.00529411
-0.00974363
-0.0113476
-0.0126678
-0.0204365
-0.0405629
-0.0726841
-0.00272933
-0.00209871
-0.000144982
-0.00780775
-0.00752516
-0.00487092
-0.0108759
-0.0107106
-0.00952247
-0.0116743
-0.0121979
-0.0113728
-0.0152857
-0.0182763
-0.0141542
-0.0287814
-0.0360221
-0.0254157
-0.0554846
-0.0667309
-0.0500099
-0.0908583
-0.103567
-0.0850572
-0.000994757
-0.00104864
-0.000286451
0
-0.00497729
-0.00543352
-0.00463212
-0.0041801
-0.00935917
-0.00977062
-0.00933165
-0.00890192
-0.011461
-0.0114298
-0.011269
-0.0112392
-0.012405
-0.0125909
-0.0123056
-0.0120397
-0.0176228
-0.0195821
-0.0188699
-0.0168979
-0.033524
-0.0384696
-0.0373022
-0.032471
-0.0622576
-0.0696385
-0.0682367
-0.0609944
-0.0028224
-0.00300335
-0.00215627
-0.00197175
-0.00169853
-0.00217707
-0.00148454
-0.00100324
-4.68453e-05
-0.000179116
1.54913e-05
0
-0.00732925
-0.00785952
-0.00721688
-0.00668403
-0.00705535
-0.00759488
-0.00690803
-0.00632504
-0.00434122
-0.00494357
-0.00416039
-0.00352909
-0.0107443
-0.0109266
-0.0106664
-0.0104451
-0.0105784
-0.0107527
-0.0104813
-0.0102693
-0.00923051
-0.00958921
-0.00910019
-0.00869463
-0.011814
-0.0117357
-0.0115657
-0.0115664
-0.0116465
-0.011988
-0.0119262
-0.0115988
-0.0112109
-0.0113351
-0.0112248
-0.0110843
-0.0140452
-0.0149058
-0.0144271
-0.0135071
-0.0154706
-0.017348
-0.0169907
-0.0151836
-0.0127311
-0.0136502
-0.0135011
-0.0126282
-0.0239387
-0.027326
-0.0263747
-0.0230392
-0.0294143
-0.0339899
-0.0330406
-0.0285326
-0.02081
-0.0239574
-0.0233149
-0.0202461
-0.0464603
-0.0528272
-0.0514982
-0.045281
-0.0567195
-0.0637649
-0.0623495
-0.0553043
-0.0414963
-0.0474463
-0.0462226
-0.0403121
-0.0798836
-0.0876735
-0.0863065
-0.0785935
-0.0925928
-0.100341
-0.0989985
-0.0911541
-0.0741943
-0.081871
-0.0804001
-0.0726782
-0.00194384
-0.00113067
-0.00134666
-0.00065795
-0.000425154
0
-0.0061637
-0.00595169
-0.00650104
-0.00573368
-0.00516045
-0.00379605
-0.0101415
-0.0101025
-0.010368
-0.0100107
-0.00970102
-0.00882026
-0.0116516
-0.0114151
-0.0114716
-0.0114065
-0.0113112
-0.0111253
-0.0130384
-0.0131326
-0.0140781
-0.0138308
-0.0128864
-0.0121387
-0.0203967
-0.0222063
-0.0254841
-0.0246786
-0.0214596
-0.0182652
-0.0395899
-0.0440238
-0.0501227
-0.0487586
-0.0427441
-0.0361395
-0.0709229
-0.0771943
-0.0848621
-0.0833721
-0.0757138
-0.0667567
-0.00384129
-0.00333915
-0.0029639
-0.00249684
-0.00276074
-0.00341846
-0.00275367
-0.00207679
-0.00152028
-0.000934372
-0.000481449
-0.000575184
-0.000175258
-8.89739e-05
0
-0.0084109
-0.0083601
-0.0082371
-0.00774078
-0.00809909
-0.00855202
-0.00795918
-0.00745983
-0.00679803
-0.00619939
-0.00557236
-0.0054958
-0.00482619
-0.00411787
-0.0111748
-0.0110412
-0.0109607
-0.0108309
-0.0109047
-0.0110539
-0.0108073
-0.0106569
-0.0103329
-0.0101389
-0.00989166
-0.00972511
-0.00944589
-0.00893914
-0.0120326
-0.011824
-0.0120461
-0.0117087
-0.0125396
-0.0133474
-0.0131548
-0.0124307
-0.0122702
-0.0118288
-0.0115291
-0.0116689
-0.0114102
-0.0112203
-0.0155376
-0.0163051
-0.0177649
-0.0158348
-0.0197524
-0.0227268
-0.0221625
-0.0192991
-0.0188519
-0.0166593
-0.0149433
-0.0163179
-0.0147138
-0.0144595
-0.0283052
-0.031407
-0.0350282
-0.0303759
-0.0392184
-0.0451044
-0.0440952
-0.0382194
-0.0373071
-0.0321733
-0.027736
-0.0313702
-0.0270076
-0.0263223
-0.0540549
-0.0596162
-0.0652504
-0.0581721
-0.0712144
-0.0790165
-0.0777724
-0.0698562
-0.0686467
-0.0610474
-0.0539712
-0.0598889
-0.0527505
-0.0516591
-0.0889414
-0.0966218
-0.0953604
-0.102931
-0.101668
-0.0940107
-0.109314
-0.10808
-0.115815
-0.114613
-0.10684
-0.105629
-0.0976825
-0.0897241
-0.0964323
-0.0883527
-0.0870932
-0.000532314
-0.00480226
-0.00935967
-0.0113461
-0.0122776
-0.0181484
-0.0353652
-0.0652674
-0.002467
-0.00156011
2.97912e-06
-0.00728504
-0.00697771
-0.00423461
-0.0107089
-0.0105329
-0.00916828
-0.0116412
-0.0117698
-0.011214
-0.0141396
-0.0161803
-0.0130832
-0.0250765
-0.031152
-0.0219968
-0.0489685
-0.0594685
-0.0437831
-0.0831322
-0.0957693
-0.077251
-0.0014991
-0.000850575
-0.000138084
-0.00606384
-0.00583852
-0.00447564
-0.0101325
-0.0100605
-0.00928635
-0.0115
-0.0113882
-0.0112266
-0.0129965
-0.0134194
-0.0124651
-0.0212102
-0.0233659
-0.019763
-0.0417776
-0.0463429
-0.0393408
-0.0740893
-0.0802758
-0.0711998
-0.00357734
-0.00313242
-0.00189783
-0.00283854
-0.00273222
-0.00147111
-0.000536685
-0.000493897
-1.12251e-05
-0.00840023
-0.00830288
-0.00713718
-0.00816834
-0.00803005
-0.00684827
-0.00564347
-0.00552292
-0.00412116
-0.0111016
-0.0109954
-0.0106227
-0.0109331
-0.0108665
-0.0104176
-0.00995508
-0.00981716
-0.00902518
-0.0118644
-0.0118918
-0.0115734
-0.0122684
-0.0128409
-0.0120987
-0.0114583
-0.0116046
-0.0112315
-0.0158217
-0.0169603
-0.0148792
-0.0187001
-0.0209087
-0.017885
-0.0143453
-0.0156058
-0.0139655
-0.0297907
-0.0331506
-0.0278214
-0.0370461
-0.0415603
-0.0350871
-0.0261358
-0.0294783
-0.0247567
-0.0568417
-0.0624074
-0.0540717
-0.0681755
-0.0744029
-0.0653971
-0.0512923
-0.0568253
-0.0488379
-0.0921872
-0.0985123
-0.0894482
-0.104854
-0.11134
-0.102289
-0.0865128
-0.0930289
-0.0836736
