FiniteElementSpace
FiniteElementCollection: L2_2D_P3
VDim: 1
Ordering: 0

0.00278511
0.00150264
0.00224382
0.00322817
0.00081028
0.00065953
0.00129046
0.00196621
0.00013187
0.000193943
0.000499238
0.000815612
9.43291e-05
9.28185e-05
0.000206869
0.000306536
0.000563434
0.000509068
0.000440132
0.000389096
0.000309837
0.00027533
0.000232354
0.000201125
0.000114675
9.72208e-05
7.71507e-05
6.37966e-05
7.18813e-05
6.04644e-05
4.92377e-05
4.32495e-05
0.000140603
0.000134394
0.000125676
0.000118568
5.43995e-05
5.10377e-05
4.63676e-05
4.26033e-05
6.05394e-06
5.00751e-06
3.83486e-06
3.09166e-06
1.87108e-05
1.82034e-05
1.81294e-05
1.85042e-05
9.06964e-05
9.04652e-05
8.95202e-05
8.83081e-05
2.94687e-05
2.95198e-05
2.92286e-05
2.87336e-05
7.55175e-07
7.29872e-07
7.10201e-07
7.03009e-07
1.66883e-05
1.61904e-05
1.58185e-05
1.57381e-05
7.13683e-05
6.88997e-05
6.53153e-05
6.23157e-05
2.32834e-05
2.23737e-05
2.10206e-05
1.98788e-05
1.85085e-06
1.93703e-06
2.16074e-06
2.43656e-06
1.51831e-05
1.52636e-05
1.56911e-05
1.62836e-05
2.08063e-05
1.76742e-05
1.39443e-05
1.13903e-05
5.49388e-06
4.5134e-06
3.59647e-06
3.20072e-06
8.11707e-06
8.64451e-06
9.76426e-06
1.09806e-05
2.6374e-05
2.71215e-05
2.86203e-05
3.01972e-05
2.67876e-06
3.62094e-06
5.31526e-06
6.97334e-06
9.92207e-06
1.10742e-05
1.30061e-05
1.4815e-05
2.59874e-05
2.67804e-05
2.82565e-05
2.97216e-05
4.31768e-05
4.32241e-05
4.37799e-05
4.45775e-05
2.28564e-05
2.22843e-05
2.16222e-05
2.11725e-05
2.4626e-05
2.34468e-05
2.20555e-05
2.10893e-05
2.82655e-05
2.61934e-05
2.37525e-05
2.2064e-05
3.21094e-05
2.92547e-05
2.59157e-05
2.36305e-05
0.00145108
0.00130143
0.0011126
0.000973647
0.000863625
0.00076797
0.000647942
0.000560307
0.000388592
0.000338376
0.000277497
0.00023473
0.000232215
0.000202241
0.000167525
0.000144818
0.00112618
0.00107485
0.00102124
0.000989431
0.00161337
0.00153774
0.00145469
0.00140192
0.00239211
0.00227462
0.00213894
0.00204742
0.00308237
0.00292533
0.00273961
0.0026111
0.000156922
0.000185301
0.000459053
0.000781456
0.000275899
0.00035567
0.000808021
0.00131472
0.000638204
0.000750058
0.0014715
0.00226474
0.0011802
0.00124317
0.00216294
0.00319295
0.000252329
0.000233582
0.000208996
0.000190176
0.000118393
0.000107144
9.26675e-05
8.18046e-05
2.80679e-05
2.33458e-05
1.79672e-05
1.44586e-05
2.53653e-05
2.28785e-05
2.09984e-05
2.05533e-05
0.000641602
0.000625929
0.000609203
0.000599054
0.000912672
0.000889579
0.000863683
0.000846882
0.00133321
0.00129806
0.00125712
0.0012293
0.00170306
0.00165707
0.00160253
0.00156473
0.00081005
0.000778062
0.00074345
0.000721962
0.0011584
0.00111431
0.00106457
0.00103199
0.00170517
0.00164162
0.00156747
0.00151695
0.00218693
0.00210642
0.00201101
0.00194489
0.000102074
0.000100564
9.7917e-05
9.53832e-05
3.44289e-05
3.37516e-05
3.24974e-05
3.12621e-05
1.52809e-06
1.3254e-06
1.09783e-06
9.52012e-07
1.82934e-05
1.78697e-05
1.7658e-05
1.7745e-05
0.000494459
0.00048622
0.000477192
0.000471555
0.00068877
0.000677287
0.000664361
0.000655987
0.000985978
0.000969645
0.000950794
0.000938182
0.00124564
0.00122518
0.00120123
0.00118493
0.000554626
0.000544557
0.000533701
0.00052705
0.000778608
0.000763905
0.000747395
0.000736702
0.00112236
0.00110041
0.00107492
0.00105772
0.00142299
0.00139465
0.00136121
0.00133819
8.45887e-05
8.36942e-05
8.19611e-05
8.02107e-05
2.77732e-05
2.75751e-05
2.70081e-05
2.63457e-05
9.5513e-07
9.99034e-07
1.08776e-06
1.18479e-06
1.48601e-05
1.45558e-05
1.4434e-05
1.45537e-05
0.000390461
0.000382574
0.000373701
0.000367973
0.000542914
0.000531994
0.000519434
0.000511081
0.000777283
0.000761843
0.000743717
0.000731346
0.000983279
0.000963984
0.000941064
0.000925197
0.000442106
0.000434236
0.000425485
0.000419918
0.000614778
0.000604077
0.000591935
0.000583993
0.000879352
0.0008645
0.000847302
0.000835759
0.00111109
0.00109275
0.00107126
0.00105662
4.77511e-05
4.41615e-05
3.94654e-05
3.58918e-05
1.45328e-05
1.31574e-05
1.14524e-05
1.02464e-05
3.82723e-06
4.03643e-06
4.57448e-06
5.21958e-06
1.90373e-05
1.95186e-05
2.05667e-05
2.17212e-05
0.00028714
0.000279704
0.00027121
0.000265636
0.000390706
0.000379495
0.000366272
0.000357214
0.000549879
0.000532784
0.000512151
0.000497612
0.000690002
0.00066769
0.000640461
0.000621024
0.000338345
0.000330577
0.000321762
0.000316017
0.00046809
0.000456853
0.000443747
0.000434886
0.00066792
0.000651379
0.000631653
0.000617939
0.00084396
0.000822793
0.000797251
0.000779245
3.13102e-06
1.98311e-06
1.03271e-06
7.41242e-07
2.88805e-06
3.07176e-06
3.8122e-06
4.779e-06
1.59316e-05
1.6825e-05
1.84988e-05
2.01842e-05
3.56089e-05
3.62998e-05
3.7761e-05
3.93221e-05
0.000190449
0.000183532
0.000175479
0.000170053
0.0002392
0.000229056
0.000216929
0.000208485
0.000312152
0.00029697
0.000278492
0.000265348
0.000375166
0.000355493
0.000331362
0.000314039
0.000238005
0.000230922
0.00022277
0.000217368
0.000313538
0.000302741
0.000289904
0.00028103
0.000428633
0.000412004
0.000391797
0.000377453
0.000529382
0.000507541
0.000480742
0.0004615
1.46079e-05
1.59291e-05
1.7869e-05
1.95162e-05
2.12087e-05
2.19583e-05
2.31677e-05
2.42612e-05
3.26569e-05
3.23733e-05
3.22996e-05
3.24532e-05
4.35974e-05
4.22936e-05
4.09751e-05
4.0237e-05
9.43651e-05
8.76042e-05
7.95391e-05
7.39082e-05
0.000105141
9.69543e-05
8.71353e-05
8.02435e-05
0.000119808
0.000109533
9.71599e-05
8.84431e-05
0.000131483
0.000119435
0.000104905
9.46569e-05
0.000142816
0.000135893
0.000127717
0.000122093
0.000169234
0.000159903
0.000148711
0.000140871
0.000207496
0.000194491
0.000178708
0.000167508
0.000239692
0.000223461
0.000203662
0.00018953
1.44092e-05
1.19658e-05
9.16672e-06
7.31355e-06
1.26942e-05
1.0107e-05
7.21393e-06
5.35401e-06
1.13938e-05
8.61997e-06
5.62079e-06
3.78107e-06
1.10951e-05
8.14597e-06
5.05316e-06
3.2502e-06
1.14291e-05
8.17506e-06
4.82467e-06
2.93819e-06
1.17466e-05
8.46415e-06
5.05861e-06
3.12051e-06
1.18408e-05
8.6088e-06
5.2229e-06
3.27143e-06
1.16798e-05
8.54788e-06
5.24473e-06
3.32444e-06
4.78252e-05
4.1979e-05
3.50751e-05
3.03101e-05
5.03367e-05
4.39778e-05
3.64684e-05
3.12892e-05
5.31686e-05
4.61252e-05
3.78148e-05
3.20937e-05
5.49897e-05
4.74103e-05
3.84826e-05
3.23532e-05
0.00229777
0.00205652
0.00174766
0.00151404
0.00142032
0.0012567
0.00104995
0.000897958
0.000650174
0.000570264
0.000473474
0.00040648
0.000334524
0.000298534
0.000261487
0.000241401
0.000268298
0.000251905
0.000232422
0.000219038
0.000217326
0.000224297
0.00023512
0.000245209
0.000412443
0.000441496
0.000487489
0.0005256
0.000724585
0.000778125
0.000856067
0.00091561
7.10388e-05
3.08388e-05
9.5143e-05
0.000182515
4.29118e-05
9.3972e-07
4.52323e-05
0.000120977
7.16896e-05
3.86764e-05
0.000137619
0.000279658
0.000117043
0.000115264
0.000320787
0.000568327
0.000367963
0.000336329
0.000295602
0.000264989
0.000188566
0.00016885
0.000143941
0.000125589
5.7906e-05
4.86308e-05
3.79897e-05
3.09593e-05
3.96333e-05
3.40867e-05
2.90589e-05
2.68029e-05
5.68365e-05
5.20599e-05
4.83828e-05
4.73953e-05
0.000134555
0.00012967
0.000126419
0.000126131
0.000336253
0.000326403
0.000317503
0.00031347
0.000564749
0.000547709
0.000530151
0.000520012
8.313e-05
7.30331e-05
6.39791e-05
5.99473e-05
0.000157342
0.000147841
0.000140187
0.000137618
0.000380682
0.000364713
0.000349627
0.000342071
0.000643309
0.000617521
0.000590562
0.000574609
0.000115965
0.000112698
0.000107764
0.000103494
4.1378e-05
3.97233e-05
3.72124e-05
3.50374e-05
2.88766e-06
2.42596e-06
1.90899e-06
1.58215e-06
1.85133e-05
1.81315e-05
1.80603e-05
1.83185e-05
4.24412e-05
4.1804e-05
4.15776e-05
4.18499e-05
0.000115765
0.000114088
0.000112869
0.000112649
0.000267179
0.000262968
0.000258892
0.000256816
0.000424829
0.000417765
0.000410302
0.000405875
4.25807e-05
4.19619e-05
4.19381e-05
4.24948e-05
0.000118463
0.000116902
0.000116049
0.00011626
0.00027935
0.000274928
0.000270848
0.000268956
0.000448921
0.00044106
0.00043288
0.000428127
8.79392e-05
8.75614e-05
8.6454e-05
8.51412e-05
2.86832e-05
2.8702e-05
2.83863e-05
2.78873e-05
7.67879e-07
7.8327e-07
8.20449e-07
8.62047e-07
1.56439e-05
1.52086e-05
1.49116e-05
1.48875e-05
3.57483e-05
3.48719e-05
3.41487e-05
3.39117e-05
9.55965e-05
9.35267e-05
9.15382e-05
9.05508e-05
0.000216166
0.000211874
0.000207342
0.000204674
0.000339908
0.000333408
0.000326245
0.000321748
3.80524e-05
3.71111e-05
3.63146e-05
3.6026e-05
0.000101567
9.94432e-05
9.74082e-05
9.63996e-05
0.000229496
0.000225174
0.000220643
0.000218
0.000360871
0.000354361
0.000347235
0.0003428
6.06411e-05
5.74672e-05
5.3124e-05
4.96729e-05
1.93121e-05
1.80906e-05
1.64478e-05
1.51796e-05
2.64623e-06
2.77396e-06
3.12155e-06
3.55214e-06
1.66384e-05
1.69272e-05
1.76704e-05
1.85457e-05
3.26543e-05
3.27138e-05
3.32631e-05
3.40681e-05
7.78894e-05
7.69137e-05
7.63139e-05
7.63869e-05
0.000166965
0.000163601
0.000160154
0.000158246
0.000257283
0.000251332
0.000244714
0.000240531
3.19385e-05
3.1728e-05
3.18973e-05
3.23834e-05
8.06838e-05
7.93819e-05
7.83594e-05
7.81042e-05
0.000177993
0.000174325
0.000170516
0.000168347
0.000277309
0.00027114
0.000264285
0.000259948
1.00764e-05
7.80837e-06
5.33358e-06
3.83318e-06
3.02312e-06
2.57207e-06
2.43994e-06
2.71171e-06
1.15721e-05
1.23018e-05
1.37405e-05
1.52376e-05
3.09244e-05
3.16996e-05
3.32649e-05
3.49099e-05
4.48535e-05
4.53714e-05
4.66329e-05
4.80677e-05
7.65311e-05
7.60219e-05
7.60194e-05
7.65404e-05
0.000131512
0.000128668
0.000125765
0.00012417
0.000183709
0.000178346
0.000172298
0.000168402
4.09262e-05
4.14765e-05
4.27651e-05
4.42151e-05
7.61064e-05
7.56743e-05
7.57826e-05
7.64016e-05
0.000139681
0.000136884
0.000134078
0.000132591
0.000201406
0.000196004
0.000189958
0.000186105
7.94209e-06
9.37251e-06
1.15858e-05
1.3546e-05
1.57206e-05
1.6892e-05
1.87542e-05
2.04306e-05
3.02456e-05
3.06339e-05
3.151e-05
3.24528e-05
4.46524e-05
4.4102e-05
4.38201e-05
4.39235e-05
5.2768e-05
5.16479e-05
5.06442e-05
5.02085e-05
6.77808e-05
6.54829e-05
6.29996e-05
6.14717e-05
8.99252e-05
8.5728e-05
8.08797e-05
7.76237e-05
0.000108801
0.000102879
9.58943e-05
9.10878e-05
5.32645e-05
5.27909e-05
5.26843e-05
5.29854e-05
7.27653e-05
7.10965e-05
6.94817e-05
6.86641e-05
0.000102601
9.88435e-05
9.46155e-05
9.18787e-05
0.000128726
0.000122976
0.000116266
0.000111717
2.07781e-05
1.89957e-05
1.68446e-05
1.53238e-05
2.03813e-05
1.81996e-05
1.56026e-05
1.37918e-05
2.09093e-05
1.81505e-05
1.49289e-05
1.27326e-05
2.21327e-05
1.88642e-05
1.51127e-05
1.26132e-05
2.27874e-05
1.92796e-05
1.52471e-05
1.25566e-05
2.38106e-05
1.99384e-05
1.54936e-05
1.25331e-05
2.54367e-05
2.10865e-05
1.61072e-05
1.28056e-05
2.69159e-05
2.21994e-05
1.68116e-05
1.32515e-05
3.41412e-05
3.08959e-05
2.70839e-05
2.44624e-05
3.74834e-05
3.35739e-05
2.89679e-05
2.57908e-05
4.21895e-05
3.73815e-05
3.17103e-05
2.77974e-05
4.60686e-05
4.05501e-05
3.40405e-05
2.95528e-05
0.000907163
0.000809924
0.000688223
0.000599337
0.000522659
0.0004613
0.000385737
0.000331429
0.000218199
0.000186528
0.000150043
0.000125646
0.00013483
0.000113652
9.18806e-05
7.93861e-05
0.000135125
0.000116791
9.90659e-05
8.98512e-05
0.000200489
0.0001841
0.00016986
0.000163882
0.00045225
0.000427354
0.000403463
0.000391095
0.000763624
0.000724641
0.000683686
0.000659228
0.000213156
0.000186418
0.000159129
0.000143734
0.000250436
0.000230881
0.000215332
0.000210388
0.000526033
0.000499766
0.000478076
0.000469944
0.000901607
0.000857626
0.000814477
0.000790802
0.000957811
0.000911525
0.000860995
0.000829249
0.00136074
0.00129933
0.00122979
0.00118404
0.00199412
0.00190901
0.00180957
0.00174176
0.00254903
0.00244413
0.00231971
0.00223346
0.00286413
0.00274757
0.0026088
0.00251221
0.00348861
0.00334928
0.00318194
0.00306431
0.00437428
0.00420461
0.0039992
0.00385356
0.00509893
0.00490613
0.00467189
0.00450519
0.00344183
0.00327516
0.00307404
0.00293188
0.00409253
0.00392258
0.00371634
0.00356959
0.00496371
0.00480509
0.00461296
0.00447629
0.00562661
0.00549323
0.00533219
0.00521815
0.000916766
0.000975759
0.00107258
0.00115228
0.00140921
0.00147441
0.00158538
0.00168353
0.0023477
0.00237149
0.0024468
0.0025211
0.00333437
0.0032652
0.0032515
0.00325547
0.0038463
0.00374725
0.00365429
0.00360248
0.00492379
0.00467478
0.00438658
0.00418727
0.00622704
0.00581618
0.00531972
0.00496631
0.00715249
0.00660104
0.00598867
0.00556763
0.00150893
0.00173156
0.00275279
0.00389615
0.00219571
0.00235465
0.00396324
0.00591059
0.00575293
0.00435535
0.00605483
0.00835883
0.0124912
0.00715116
0.00805588
0.00989601
0.000182546
0.000171555
0.000156754
0.000145134
7.771e-05
7.14254e-05
6.31036e-05
5.66836e-05
1.31292e-05
1.08454e-05
8.26795e-06
6.61277e-06
2.01058e-05
1.90452e-05
1.85351e-05
1.87846e-05
4.30816e-05
4.2119e-05
4.19588e-05
4.26355e-05
0.000120841
0.000119095
0.000118361
0.000118915
0.000292767
0.000287693
0.000283203
0.000281301
0.000477218
0.000467862
0.000458249
0.000452757
4.62567e-05
4.41611e-05
4.3057e-05
4.33919e-05
0.00012482
0.0001222
0.00012092
0.000121468
0.000309983
0.000303379
0.000297595
0.000295185
0.000513461
0.00050139
0.000489045
0.000482022
0.00059271
0.00058057
0.000567573
0.00055967
0.000837343
0.000819383
0.000799234
0.000786176
0.00121449
0.00118722
0.00115549
0.00113399
0.00154512
0.00150954
0.0014674
0.00143827
0.00173425
0.00169393
0.00164587
0.00161237
0.00210814
0.0020587
0.00199916
0.00195718
0.00263496
0.00257282
0.00249725
0.00244344
0.00306484
0.00299254
0.00290417
0.0028409
0.00191448
0.00186231
0.00180003
0.00175653
0.00233211
0.0022679
0.00219038
0.00213558
0.00292177
0.00284034
0.00274106
0.00267014
0.00340344
0.00330791
0.00319081
0.00310669
0.000709526
0.000687745
0.00066441
0.00065014
0.0010145
0.000983235
0.000948118
0.000925255
0.00149085
0.00144413
0.00138966
0.00135261
0.00191087
0.00185032
0.00177853
0.00172874
0.00215064
0.00208224
0.00200061
0.0019436
0.00262498
0.00254096
0.00243959
0.00236795
0.00329787
0.0031911
0.00306097
0.002968
0.00384964
0.00372385
0.00356968
0.00345892
0.00246093
0.00237098
0.00226373
0.00218893
0.00300442
0.00289544
0.00276423
0.00267171
0.00377931
0.00364263
0.00347647
0.00335812
0.00441742
0.00425758
0.00406219
0.00392222
9.46503e-05
9.4084e-05
9.26813e-05
9.11051e-05
3.10019e-05
3.08458e-05
3.02741e-05
2.95581e-05
9.59262e-07
8.72483e-07
7.77443e-07
7.16493e-07
1.76632e-05
1.71768e-05
1.68402e-05
1.68e-05
4.01727e-05
3.92722e-05
3.8554e-05
3.83423e-05
0.000107205
0.000105152
0.00010325
0.00010237
0.000242528
0.000238252
0.000233836
0.000231321
0.000381757
0.000375216
0.000368121
0.00036376
4.17058e-05
4.09293e-05
4.04237e-05
4.04114e-05
0.000112035
0.000110153
0.000108543
0.000107936
0.000255066
0.000250857
0.000246623
0.000244312
0.000402849
0.000396166
0.000389003
0.000384671
0.000467932
0.000459977
0.000451195
0.000445658
0.000650892
0.000640001
0.000627703
0.000619708
0.000930871
0.000915651
0.000898085
0.000886339
0.00117573
0.00115686
0.0011348
0.00111983
0.00131629
0.00129538
0.00127082
0.00125403
0.0015975
0.00157275
0.00154349
0.00152334
0.00199819
0.00196849
0.00193315
0.00190863
0.00232972
0.00229635
0.00225653
0.00222881
0.00139452
0.00137174
0.00134493
0.00132656
0.00169133
0.0016642
0.00163203
0.0016098
0.00211239
0.00207959
0.00204045
0.00201318
0.0024591
0.00242209
0.00237775
0.00234675
0.000522782
0.000513905
0.000504258
0.000498293
0.000730409
0.000717739
0.0007035
0.000694283
0.00104825
0.00102978
0.00100842
0.000994069
0.00132591
0.00130243
0.00127484
0.00125597
0.00148495
0.00145864
0.00142753
0.00140611
0.00180095
0.0017693
0.00173157
0.00170532
0.00224756
0.00220882
0.00216229
0.00212962
0.00261373
0.0025696
0.00251637
0.00247884
0.00159505
0.00156309
0.00152513
0.0014988
0.00193593
0.00189708
0.00185048
0.00181782
0.00241651
0.00236828
0.00230994
0.00226864
0.00280924
0.0027537
0.0026862
0.00263819
7.93197e-05
7.76727e-05
7.50385e-05
7.26665e-05
2.60957e-05
2.55601e-05
2.46085e-05
2.37007e-05
1.3095e-06
1.37368e-06
1.51888e-06
1.68898e-06
1.46332e-05
1.45088e-05
1.46382e-05
1.49708e-05
3.23432e-05
3.18627e-05
3.16619e-05
3.1843e-05
8.47277e-05
8.31033e-05
8.16676e-05
8.1094e-05
0.000190043
0.000186094
0.000181949
0.00017954
0.000297914
0.000291571
0.000284531
0.000280078
3.37113e-05
3.29972e-05
3.24841e-05
3.24127e-05
8.98213e-05
8.7927e-05
8.6151e-05
8.5319e-05
0.000202884
0.000198718
0.000194319
0.000191733
0.000318864
0.00031241
0.000305267
0.000300759
0.000364399
0.00035654
0.000347658
0.000341894
0.000505939
0.000494834
0.00048197
0.000473341
0.000723809
0.000707804
0.000688861
0.000675807
0.000915573
0.000895339
0.000871107
0.000854171
0.00102621
0.00100354
0.000976253
0.000957075
0.00125011
0.00122259
0.00118924
0.0011656
0.00157463
0.00154041
0.00149866
0.00146884
0.00184793
0.00180833
0.00175984
0.00172504
0.00110202
0.00108052
0.00105487
0.001037
0.00134178
0.00131598
0.00128497
0.0012632
0.001688
0.00165635
0.00161807
0.001591
0.00197846
0.00194223
0.00189824
0.00186699
0.000416367
0.000408492
0.000399681
0.000394031
0.000579063
0.00056831
0.00055603
0.000547935
0.000828767
0.000813772
0.000796304
0.000784492
0.00104787
0.00102929
0.00100739
0.000992371
0.001174
0.0011534
0.001129
0.00111216
0.001428
0.0014035
0.00137429
0.00135398
0.00179324
0.00176356
0.00172797
0.00170304
0.00209835
0.00206471
0.00202423
0.00199577
0.00124431
0.00122401
0.00120011
0.00118373
0.00151174
0.00148773
0.00145927
0.00143963
0.00189456
0.00186571
0.00183133
0.00180742
0.00221286
0.0021804
0.00214158
0.00211451
3.393e-05
3.03396e-05
2.58373e-05
2.25616e-05
9.62979e-06
8.32772e-06
6.86226e-06
5.95045e-06
5.58285e-06
5.92677e-06
6.72867e-06
7.64424e-06
2.23296e-05
2.29705e-05
2.42824e-05
2.56824e-05
3.73466e-05
3.78146e-05
3.89668e-05
4.02926e-05
7.58774e-05
7.53757e-05
7.53955e-05
7.59505e-05
0.000148031
0.000145144
0.000142256
0.000140733
0.000219402
0.000213871
0.000207707
0.000203803
3.45011e-05
3.47967e-05
3.56884e-05
3.67865e-05
7.63502e-05
7.56558e-05
7.54232e-05
7.57825e-05
0.000157021
0.000153933
0.000150814
0.000149137
0.000237979
0.000232253
0.000225883
0.000221857
0.000262302
0.000255056
0.00024675
0.000241277
0.000351907
0.000340863
0.000327779
0.000318772
0.000489168
0.000472171
0.000451574
0.000436996
0.000609751
0.00058745
0.000560142
0.000540575
0.000679018
0.000653581
0.0006223
0.000599778
0.000819301
0.000787434
0.000747975
0.000719336
0.00102459
0.000983432
0.000932151
0.000894674
0.0011992
0.00115023
0.00108901
0.00104411
0.000770722
0.000745336
0.000714218
0.000691889
0.000934432
0.000902771
0.000863684
0.000835403
0.00117364
0.00113298
0.00108244
0.00104562
0.00137677
0.00132859
0.0012685
0.00122454
0.000312526
0.000304905
0.000296229
0.000290554
0.000429565
0.000418288
0.000405055
0.000396045
0.000609752
0.000592823
0.000572498
0.000558261
0.000768509
0.000746602
0.00072
0.000701113
0.000860096
0.000835274
0.000804991
0.000783373
0.00104588
0.00101515
0.000977373
0.00095018
0.00131677
0.00127762
0.00122919
0.00119406
0.00154629
0.00150018
0.00144294
0.00140124
0.00094556
0.000921702
0.000892775
0.000872268
0.0011515
0.00112223
0.00108648
0.00106093
0.00145095
0.00141408
0.00136875
0.00133608
0.00170398
0.0016609
0.00160773
0.00156925
7.12226e-07
7.18497e-07
1.26527e-06
2.10689e-06
5.31197e-06
6.08601e-06
7.58571e-06
9.11774e-06
2.09279e-05
2.18693e-05
2.35893e-05
2.52886e-05
3.99118e-05
4.037e-05
4.15066e-05
4.27929e-05
5.1657e-05
5.16769e-05
5.22585e-05
5.31306e-05
7.55049e-05
7.43673e-05
7.34895e-05
7.32801e-05
0.000113504
0.000110154
0.000106505
0.000104259
0.000147721
0.000142157
0.000135743
0.000131471
4.86299e-05
4.89774e-05
5.00123e-05
5.12615e-05
7.65476e-05
7.58026e-05
7.54711e-05
7.57157e-05
0.000122975
0.000119942
0.000116751
0.000114898
0.000165943
0.000160521
0.000154344
0.000150303
0.000166741
0.000159829
0.000151724
0.000146206
0.000203598
0.000193836
0.000182144
0.000173976
0.000257985
0.000243814
0.000226584
0.000214336
0.000304451
0.000286375
0.000264248
0.000248399
0.000330146
0.000309779
0.000284782
0.000266824
0.000380736
0.000355696
0.000324806
0.000302488
0.000454455
0.00042256
0.000383041
0.000354351
0.000516968
0.000479232
0.000432374
0.000398275
0.000410558
0.000388236
0.000360766
0.000340977
0.000481102
0.000453346
0.000418993
0.000394082
0.000584256
0.000548545
0.000504126
0.000471738
0.000671984
0.000629505
0.000576534
0.000537801
0.000214125
0.000207154
0.00019909
0.000193707
0.000275897
0.000265407
0.000252896
0.000244215
0.00036931
0.000353296
0.00033381
0.000319956
0.000450632
0.000429683
0.000403964
0.000385487
0.000496796
0.000472925
0.000443514
0.000422297
0.000589542
0.000559667
0.000522628
0.000495717
0.000725358
0.000686719
0.000638555
0.000603348
0.000840992
0.000794918
0.000737322
0.000695089
0.000586986
0.000562057
0.000531351
0.000509203
0.0007033
0.000672029
0.000633255
0.000605074
0.000873653
0.000833163
0.000782666
0.000745725
0.00101868
0.0009704
0.000910001
0.000865666
2.03291e-05
2.09269e-05
2.18199e-05
2.25841e-05
2.46727e-05
2.45834e-05
2.46226e-05
2.47592e-05
3.22137e-05
3.10561e-05
2.97952e-05
2.90006e-05
3.94578e-05
3.73338e-05
3.49184e-05
3.33167e-05
4.33289e-05
4.06987e-05
3.76559e-05
3.55969e-05
4.99541e-05
4.64142e-05
4.22565e-05
3.93952e-05
5.92455e-05
5.44126e-05
4.86827e-05
4.47024e-05
6.68599e-05
6.09585e-05
5.39361e-05
4.90422e-05
4.95725e-05
4.77012e-05
4.56696e-05
4.44038e-05
6.01921e-05
5.72361e-05
5.38546e-05
5.16021e-05
7.53879e-05
7.07988e-05
6.5402e-05
6.16911e-05
8.80388e-05
8.20365e-05
7.49056e-05
6.99485e-05
7.04935e-05
6.40537e-05
5.63763e-05
5.1016e-05
7.62463e-05
6.88615e-05
6.00413e-05
5.38756e-05
8.36131e-05
7.48914e-05
6.44647e-05
5.71759e-05
8.91314e-05
7.93065e-05
6.75654e-05
5.93671e-05
9.14975e-05
8.10936e-05
6.86718e-05
6.00108e-05
9.50087e-05
8.35298e-05
6.98362e-05
6.03065e-05
9.9171e-05
8.61108e-05
7.0572e-05
5.98048e-05
0.000102081
8.7688e-05
7.0616e-05
5.88398e-05
0.000137195
0.000124166
0.00010845
9.73658e-05
0.000147223
0.000132285
0.000114241
0.000101506
0.000160999
0.000143256
0.000121817
0.00010669
0.000172109
0.000151986
0.000127685
0.000110558
0.00011863
0.000111735
0.00010354
9.78526e-05
0.000136306
0.000127487
0.0001169
0.000109469
0.000161265
0.000149561
0.000135402
0.000125381
0.000181814
0.000167613
0.000150373
0.000138129
0.00019252
0.000176895
0.000157905
0.000144403
0.000212533
0.000194072
0.000171566
0.000155517
0.000241063
0.000218435
0.000190786
0.000171028
0.00026481
0.000238636
0.000206627
0.000183737
0.000257087
0.000238985
0.000216859
0.000201033
0.000290679
0.000268794
0.00024193
0.000222627
0.000339283
0.000311843
0.000278039
0.00025366
0.000380252
0.000348077
0.000308375
0.000279692
6.27741e-06
3.64156e-06
1.20665e-06
2.41841e-07
4.14671e-06
2.33317e-06
7.48057e-07
2.49218e-07
2.58991e-06
1.43001e-06
5.01963e-07
3.72341e-07
2.09199e-06
1.23514e-06
4.92223e-07
4.48623e-07
1.87084e-06
1.08986e-06
5.35876e-07
5.45523e-07
1.84643e-06
1.03394e-06
4.71098e-07
4.62068e-07
1.8982e-06
1.02124e-06
4.35446e-07
4.26449e-07
2.01164e-06
1.0608e-06
4.47788e-07
4.56874e-07
1.09404e-05
7.93097e-06
4.76235e-06
2.91446e-06
1.07745e-05
7.75895e-06
4.60399e-06
2.78193e-06
1.09024e-05
7.80806e-06
4.59888e-06
2.76852e-06
1.1268e-05
8.06068e-06
4.75245e-06
2.87942e-06
2.07722e-06
1.0845e-06
4.71632e-07
5.0868e-07
2.25543e-06
1.12405e-06
4.45683e-07
5.08352e-07
2.4655e-06
1.16577e-06
4.47142e-07
6.13884e-07
2.60913e-06
1.19597e-06
4.83614e-07
7.8168e-07
2.57244e-06
1.12522e-06
3.82909e-07
8.26357e-07
2.30105e-06
9.53505e-07
2.43006e-07
5.72438e-07
1.49485e-06
5.84538e-07
5.4984e-08
2.42645e-07
8.98759e-07
4.05175e-07
3.2432e-08
8.89691e-08
1.14803e-05
8.43013e-06
5.1998e-06
3.29718e-06
1.06716e-05
7.8006e-06
4.7422e-06
2.92119e-06
8.74407e-06
6.20251e-06
3.54903e-06
2.01887e-06
6.82352e-06
4.61926e-06
2.42548e-06
1.26458e-06
2.75531e-05
2.2691e-05
1.71243e-05
1.34363e-05
2.83755e-05
2.33473e-05
1.75846e-05
1.3763e-05
2.9e-05
2.379e-05
1.78157e-05
1.38528e-05
2.91404e-05
2.38155e-05
1.77158e-05
1.36765e-05
2.89125e-05
2.35698e-05
1.74672e-05
1.34399e-05
2.78527e-05
2.25404e-05
1.64934e-05
1.25217e-05
2.53559e-05
2.00991e-05
1.41964e-05
1.03957e-05
2.27411e-05
1.75602e-05
1.18499e-05
8.27412e-06
5.54757e-05
4.76484e-05
3.84468e-05
3.21466e-05
5.55216e-05
4.72918e-05
3.76464e-05
3.10728e-05
5.45945e-05
4.57694e-05
3.5501e-05
2.85757e-05
5.32141e-05
4.38998e-05
3.31481e-05
2.5979e-05
