FiniteElementSpace
FiniteElementCollection: H1_2D_P2
VDim: 2
Ordering: 0

0
0.937781
1.88074
2.80406
3.69526
4.55312
5.38705
6.21128
7.03426
0
1.10753
2.16513
3.1769
4.14448
5.06314
5.93535
6.77541
7.60236
0.467081
1.02561
0.558435
0
1.41047
2.02645
1.64273
2.3459
2.99441
2.67633
3.25402
3.92406
3.66654
4.12798
4.81175
4.61007
4.97218
5.66347
5.50439
5.79959
6.49437
6.35819
6.62285
7.31893
7.18942
0.512973
1.52997
2.51481
3.4644
4.37305
5.24129
6.08045
6.90691
0.234136
0.492717
0.254948
0
1.1742
1.47196
1.27879
0.983948
2.11409
2.43161
2.27168
1.955
3.03011
3.36051
3.23066
2.90047
3.91264
4.25193
4.14988
3.81103
4.7633
5.10798
5.02757
4.68381
5.5935
5.94079
5.87247
5.52629
6.41707
6.76512
6.70073
6.35333
0.701834
0.770306
1.06598
0.834594
0.533622
0.278878
0
1.6461
1.77919
2.09613
1.9054
1.58632
1.37685
2.57594
2.75576
3.08639
2.92795
2.59617
2.42207
3.47573
3.69556
4.03501
3.90702
3.56625
3.42313
4.34141
4.59364
4.9379
4.83815
4.49218
4.37885
5.18002
5.45317
5.7995
5.72103
5.37311
5.28517
6.00547
6.28767
6.63486
6.56735
6.2193
6.14763
6.8286
7.1766
7.11299
7.461
7.39589
7.0483
6.98267
0.247067
1.22848
2.1942
3.13164
4.03267
4.89675
5.7339
6.55927
0.73856
0.801424
0.263318
1.7142
1.84247
1.32755
2.66708
2.84253
2.34736
3.58698
3.80206
3.32767
4.46893
4.71644
4.26505
5.31774
5.58728
5.15673
6.14721
6.42747
6.01008
6.97086
7.25473
6.84173
0.118507
0.241595
0.123903
0
1.05597
1.20199
1.10634
0.961644
1.99759
2.15452
2.07481
1.91829
2.91735
3.08123
3.01634
2.85261
3.80421
3.97306
3.92215
3.75353
4.65838
4.83042
4.79051
4.61887
5.49033
5.66398
5.6302
5.45699
6.31417
6.48828
6.45632
6.28245
0.584268
0.721112
0.615646
0.480873
0.641864
0.785713
0.667951
0.52298
0.12672
0.258967
0.129624
0
1.52838
1.68063
1.59325
1.44177
1.65483
1.81096
1.71472
1.55824
1.15246
1.30321
1.19712
1.04576
2.46115
2.62185
2.5496
2.38911
2.63557
2.79935
2.71966
2.55568
2.14932
2.30969
2.22205
2.06144
3.36515
3.53173
3.47404
3.30762
3.58031
3.74903
3.68451
3.51555
3.11284
3.27938
3.20736
3.04061
4.23492
4.40559
4.36071
4.19037
4.48366
4.65522
4.60466
4.43282
4.0373
4.20768
4.1504
3.97975
5.07622
5.24923
5.21303
5.04046
5.34744
5.52033
5.48045
5.30733
4.91994
5.0923
5.04764
4.875
5.90254
6.07654
6.04405
5.87043
6.18414
6.35761
6.3235
6.14993
5.76811
5.94134
5.90498
5.73157
6.72573
6.89973
6.868
6.69404
7.00996
7.18392
7.15152
6.97765
6.59758
6.77127
6.73835
6.56465
0.350301
0.369863
0.50314
0.383851
0.251168
0
1.29238
1.35037
1.50128
1.40463
1.25397
1.00511
2.2302
2.31314
2.47348
2.39351
2.23321
1.99101
3.14234
3.24637
3.41274
3.34785
3.18143
2.94772
4.02056
4.14259
4.31279
4.2618
4.09157
3.86784
4.86789
5.00257
5.17488
5.13468
4.96243
4.74806
5.69658
5.83742
6.01077
5.97657
5.80335
5.59508
6.51996
6.66221
6.83607
6.80384
6.63008
6.42394
0.819693
0.861347
0.898227
0.754744
0.934085
1.08648
0.971522
0.817625
0.696832
0.545401
0.398561
0.419353
0.269789
0.136663
0
1.76356
1.83479
1.90307
1.747
1.96961
2.13065
2.03562
1.8739
1.77445
1.61441
1.45727
1.51021
1.35201
1.24264
2.69025
2.78404
2.87538
2.71169
2.96478
3.1318
3.05276
2.88537
2.80247
2.63635
2.47206
2.54953
2.38478
2.29394
3.58576
3.69931
3.81014
3.64156
3.91889
4.0899
4.02614
3.8547
3.78715
3.61656
3.4473
3.54519
3.37556
3.30036
4.44747
4.57663
4.70299
4.53158
4.82751
5.00058
4.95103
4.77738
4.7245
4.55124
4.37898
4.49485
4.32208
4.26206
5.28362
5.42215
5.5585
5.38568
5.69361
5.86739
5.82847
5.65414
5.61302
5.43876
5.26521
5.39512
5.22098
5.17452
6.10837
6.2503
6.39107
6.21756
6.53125
6.70509
6.67149
6.49735
6.46292
6.28869
6.11484
6.25311
6.0788
6.04173
6.93144
7.10542
7.07372
7.24779
7.21598
7.04196
7.39001
7.3579
7.53182
7.4991
7.32538
7.29267
7.11887
6.94504
7.08609
6.91218
6.87912
0.12208
1.08187
2.0366
2.96719
3.86358
4.72485
5.56056
6.38537
0.60092
0.654675
0.12807
1.56133
1.68488
1.1748
2.50572
2.67781
2.18584
3.41996
3.63263
3.16032
4.29823
4.54435
4.09406
5.14498
5.41406
4.98394
5.97351
6.25387
5.83662
6.7969
7.0808
6.668
0.361029
0.377118
0.125419
1.32197
1.37782
1.12973
2.27203
2.3536
2.11235
3.19471
3.2974
3.06487
4.08198
4.20249
3.98003
4.93561
5.06888
4.8555
5.76726
5.90715
5.69934
6.59117
6.73309
6.52704
0.841371
0.880112
0.629053
0.916074
0.952478
0.681915
0.39087
0.408107
0.131728
1.79962
1.86922
1.62435
1.93648
2.00261
1.74451
1.43102
1.48359
1.21965
2.73749
2.82999
2.59285
2.92029
3.00892
2.76119
2.43297
2.51089
2.25804
3.64292
3.75502
3.52747
3.86474
3.97267
3.736
3.3978
3.49641
3.25402
4.51246
4.6401
4.42248
4.76543
4.88934
4.66468
4.32059
4.43704
4.20637
5.35322
5.49054
5.28047
5.62615
5.76101
5.54673
5.20008
5.33019
5.11113
6.17951
6.32079
6.11423
6.4612
6.60132
6.39315
6.04576
6.18392
5.97331
7.00257
7.14488
6.93903
7.28699
7.42861
7.22214
6.87448
7.01556
6.8087
0
-0.111237
-0.353362
-0.690999
-1.11055
-1.60209
-2.14795
-2.72246
-3.2992
1
0.843745
0.576395
0.209634
-0.241911
-0.763199
-1.32814
-1.9064
-2.47609
-0.0366846
0.381242
0.928621
0.5
-0.218865
0.121848
0.724157
-0.511383
-0.23213
0.404258
-0.891053
-0.66912
-0.00623837
-1.34819
-1.17773
-0.49523
-1.8697
-1.73582
-1.04216
-2.43337
-2.31444
-1.61732
-3.01199
-2.88834
-2.19303
0.465654
0.264736
-0.0442912
-0.440751
-0.915594
-1.45235
-2.02437
-2.60307
-0.0161525
0.219852
0.492321
0.25
-0.161407
0.0259495
0.326573
0.138874
-0.429578
-0.275473
0.0415626
-0.113163
-0.788531
-0.66389
-0.333897
-0.459366
-1.22721
-1.13047
-0.790228
-0.88808
-1.73436
-1.66041
-1.3137
-1.38888
-2.28999
-2.22891
-1.87969
-1.94163
-2.86735
-2.80775
-2.45909
-2.51866
-0.0692171
0.427925
0.615975
0.890939
0.70114
0.956716
0.75
-0.283005
0.196345
0.351637
0.653498
0.497384
0.787825
-0.598574
-0.13556
-0.00917231
0.309676
0.182229
0.493227
-0.998442
-0.552552
-0.453695
-0.121715
-0.221546
0.104276
-1.47325
-1.04489
-0.969019
-0.6276
-0.703753
-0.366533
-2.00771
-1.59322
-1.53113
-1.18452
-1.24608
-0.90155
-2.57767
-2.16942
-2.11026
-1.76204
-1.82034
-1.47255
-3.15609
-3.09382
-2.74615
-2.6825
-2.33503
-2.39818
-2.05012
0.244186
0.0859453
-0.191544
-0.559102
-1.00712
-1.52321
-2.08474
-2.66346
0.18396
0.663184
0.73058
-0.0405605
0.427627
0.560404
-0.364788
0.0892097
0.269759
-0.773603
-0.335246
-0.112801
-1.25784
-0.834685
-0.576635
-1.80003
-1.38785
-1.10631
-2.37368
-1.9654
-1.67544
-2.95127
-2.54083
-2.2546
-0.00871293
0.115737
0.249684
0.125
-0.135401
-0.0369259
0.113338
0.0147498
-0.390774
-0.309952
-0.151648
-0.232628
-0.739142
-0.67328
-0.508597
-0.574626
-1.16833
-1.11677
-0.947046
-0.998874
-1.66782
-1.62861
-1.45566
-1.49525
-2.21878
-2.18738
-2.01303
-2.04477
-2.79493
-2.76549
-2.5911
-2.62065
-0.0517211
0.0585073
0.20316
0.0929321
0.447989
0.546568
0.683361
0.584584
0.498811
0.612742
0.741219
0.625
-0.250155
-0.161112
-0.00651947
-0.0957328
0.231332
0.312682
0.463315
0.381819
0.354855
0.444322
0.589175
0.499528
-0.554328
-0.481108
-0.319467
-0.392839
-0.0892558
-0.0226261
0.136399
0.0695436
0.0824156
0.156267
0.31142
0.237389
-0.944153
-0.885542
-0.718142
-0.77696
-0.496044
-0.44343
-0.277787
-0.330659
-0.282371
-0.222841
-0.0603369
-0.120123
-1.41023
-1.36525
-1.19368
-1.23898
-0.979773
-0.93942
-0.768767
-0.809277
-0.729124
-0.683008
-0.514622
-0.56096
-1.9384
-1.9038
-1.72995
-1.76493
-1.52254
-1.49032
-1.31675
-1.34896
-1.24535
-1.20971
-1.03732
-1.07304
-2.50544
-2.47575
-2.30124
-2.33119
-2.09687
-2.06735
-1.89287
-1.92226
-1.80763
-1.77743
-1.60319
-1.6333
-3.08414
-3.05375
-2.87962
-2.90996
-2.67473
-2.64352
-2.46963
-2.50065
-2.38683
-2.35685
-2.18251
-2.21233
-0.0247353
0.233595
0.344102
0.480517
0.369484
0.375
-0.189295
0.0567949
0.146113
0.296512
0.20712
0.261041
-0.46981
-0.232827
-0.159293
-0.000677396
-0.0743721
0.00499818
-0.839183
-0.610874
-0.551825
-0.386697
-0.44598
-0.345206
-1.28717
-1.06828
-1.02267
-0.852399
-0.89827
-0.778162
-1.80168
-1.59148
-1.55619
-1.38272
-1.41822
-1.28302
-2.36154
-2.15672
-2.12661
-1.95196
-1.98215
-1.83862
-2.93973
-2.73569
-2.70544
-2.53118
-2.56131
-2.41657
-0.0891833
0.162464
0.405648
0.307089
0.640689
0.730687
0.868506
0.777935
0.911004
0.815662
0.716887
0.943862
0.845003
0.972994
0.875
-0.317451
-0.0761224
0.15984
0.0785972
0.39039
0.464626
0.615725
0.541217
0.689661
0.611479
0.529778
0.756905
0.674884
0.816811
-0.644151
-0.411427
-0.183189
-0.24961
0.0406834
0.100742
0.260336
0.19997
0.357664
0.293791
0.226692
0.449458
0.382068
0.535553
-1.05392
-0.830259
-0.610254
-0.662608
-0.393891
-0.347338
-0.18123
-0.228003
-0.0633604
-0.113404
-0.166542
0.0496615
-0.00376373
0.157619
-1.53722
-1.32293
-1.11089
-1.15104
-0.901454
-0.865718
-0.695018
-0.730727
-0.560974
-0.599056
-0.639693
-0.430387
-0.471132
-0.30368
-2.07758
-1.87062
-1.66433
-1.69648
-1.45933
-1.42939
-1.2562
-1.28589
-1.11315
-1.14379
-1.17592
-0.9716
-1.00357
-0.832056
-2.65004
-2.44617
-2.24195
-2.27155
-2.03788
-2.00828
-1.83429
-1.86362
-1.68971
-1.71868
-1.74785
-1.54492
-1.5738
-1.40028
-3.22781
-3.19651
-3.02266
-2.99112
-2.81735
-2.84873
-2.78547
-2.61179
-2.57938
-2.40568
-2.43802
-2.26415
-2.29565
-2.3265
-2.12169
-2.15236
-1.97835
0.122173
-0.010161
-0.270587
-0.623321
-1.05727
-1.56153
-2.1159
-2.6931
0.0769781
0.566768
0.620919
-0.127637
0.34805
0.47289
-0.436314
0.0241329
0.197543
-0.83065
-0.386437
-0.170836
-1.30163
-0.873889
-0.621438
-1.83408
-1.4194
-1.14102
-2.4034
-1.9948
-1.70525
-2.98196
-2.5722
-2.28466
0.105923
0.358427
0.37509
-0.0654826
0.177467
0.235015
-0.350718
-0.116149
-0.0339796
-0.724503
-0.498277
-0.394953
-1.17735
-0.959952
-0.837663
-1.69643
-1.48688
-1.35025
-2.25917
-2.05429
-1.91024
-2.8378
-2.63347
-2.48899
0.037675
0.285118
0.326824
0.524134
0.755445
0.798023
0.600011
0.831281
0.859174
-0.196132
0.0425386
0.113143
0.275785
0.503689
0.577169
0.41394
0.64408
0.703791
-0.527222
-0.296755
-0.203785
-0.0707147
0.151027
0.247568
0.113597
0.338635
0.424078
-0.941628
-0.719803
-0.60661
-0.501615
-0.287091
-0.170093
-0.276121
-0.0579487
0.0491442
-1.42981
-1.2166
-1.08638
-1.00582
-0.797833
-0.664446
-0.745637
-0.534598
-0.408694
-1.97405
-1.76735
-1.62607
-1.56163
-1.3575
-1.21464
-1.27904
-1.07341
-0.934313
-2.54818
-2.34407
-2.19904
-2.13988
-1.93601
-1.79116
-1.84979
-1.6462
-1.50151
-3.12527
-2.92003
-2.7772
-2.71461
-2.50883
-2.36696
-2.42885
-2.22412
-2.08041
