FiniteElementSpace
FiniteElementCollection: H1_2D_P2
VDim: 2
Ordering: 0

0
-0.00331914
-0.00651914
-0.00908034
-0.00940296
-0.00774726
-0.00521475
-0.00218819
0.00166107
0
-0.00219156
-0.00359301
-0.00114442
0.00504292
0.0123425
0.0184205
0.0230905
0.0273827
-0.00180643
-0.00276642
-0.000954674
0
-0.00488269
-0.00525957
-0.00324754
-0.00801236
-0.00544263
-0.00292381
-0.00954908
-0.00236427
0.00161533
-0.00874918
0.00231215
0.00874118
-0.00654105
0.00665775
0.0155985
-0.00377936
0.0104111
0.0208676
-0.000379571
0.0143111
0.0252372
-0.00121854
-0.00415223
-0.00576953
-0.00424967
-7.73651e-05
0.00458714
0.00855927
0.0123346
-0.000961064
-0.00144611
-0.000453739
0
-0.00408733
-0.00462158
-0.00347866
-0.0030867
-0.0073024
-0.00704292
-0.00560842
-0.00603024
-0.00939417
-0.00698864
-0.00494756
-0.00739495
-0.0091299
-0.00438908
-0.00125128
-0.00591507
-0.00716272
-0.00089535
0.00347275
-0.00265335
-0.00451263
0.00244748
0.00762345
0.000798632
-0.00131398
0.00599576
0.0113601
0.00414457
-0.00256343
-0.00201666
-0.00243775
-0.00155112
-0.00110224
-0.000473785
0
-0.00570095
-0.00475971
-0.00439025
-0.0035326
-0.00363226
-0.00278174
-0.00861406
-0.00571787
-0.00333679
-0.0021699
-0.00435521
-0.00339651
-0.00954829
-0.0033768
0.001273
0.00326985
-0.00137896
0.000129123
-0.00828172
0.00112083
0.00727171
0.010573
0.00426952
0.00688314
-0.00589055
0.00564841
0.0124911
0.0170631
0.0100427
0.014023
-0.00300742
0.00948246
0.0167005
0.0219964
0.0146644
0.0196827
0.000618952
0.0079742
0.013322
0.0207878
0.0263062
0.0187399
0.0241676
-0.00056258
-0.00386043
-0.00660543
-0.00728484
-0.00519299
-0.00176913
0.00162405
0.00504636
-0.00229121
-0.00178168
-0.000421214
-0.00535567
-0.00409036
-0.00306543
-0.00731236
-0.0039717
-0.00448902
-0.00652364
-0.000118966
-0.00246376
-0.00353367
0.00578787
0.00275089
-3.92842e-05
0.0113071
0.00869535
0.00328269
0.0156895
0.0136049
0.00698659
0.0197642
0.0177148
-0.000390134
-0.000705388
-0.000192897
0
-0.00369989
-0.00400037
-0.00347522
-0.00321916
-0.0069182
-0.00700326
-0.00633288
-0.00632161
-0.00925715
-0.00837462
-0.00736375
-0.00827962
-0.00928086
-0.00715932
-0.00556616
-0.00766643
-0.00746004
-0.00443839
-0.00221072
-0.00517652
-0.00486705
-0.00141877
0.00121231
-0.00217998
-0.00175839
0.00188055
0.00458991
0.000994023
-0.00218342
-0.00243117
-0.00187713
-0.00160902
-0.00162312
-0.00189413
-0.00144505
-0.00115272
-0.000160741
-0.000432832
-0.00015279
0
-0.00529022
-0.00557043
-0.00499389
-0.00478734
-0.00446674
-0.00442346
-0.00387796
-0.00388848
-0.00312677
-0.00326761
-0.00275673
-0.00259792
-0.00832923
-0.00801001
-0.00720011
-0.00757695
-0.00577122
-0.00485648
-0.00419505
-0.00507123
-0.00545536
-0.00505411
-0.0044669
-0.00482662
-0.00956745
-0.0080532
-0.00677569
-0.00829554
-0.00383298
-0.001762
-0.000768331
-0.00282908
-0.0052217
-0.00372031
-0.00292868
-0.00440336
-0.00852466
-0.00588955
-0.00396603
-0.00655831
0.000520742
0.00344642
0.005031
0.00208647
-0.00181783
0.000738479
0.00200403
-0.00055853
-0.00621885
-0.00293543
-0.00046498
-0.0036888
0.00512443
0.00847358
0.0106853
0.00731038
0.00289738
0.00607876
0.00799226
0.00478547
-0.00339871
0.000156425
0.0028627
-0.000643696
0.0090213
0.0125795
0.01518
0.0116064
0.00714525
0.0106095
0.0130559
0.00957019
0.000111349
0.00382275
0.0064876
0.00282371
0.0128284
0.0165271
0.0192537
0.0155251
0.0108824
0.014528
0.0172065
0.013548
-0.00141468
-0.00100253
-0.00131797
-0.000818218
-0.000499828
0
-0.00448126
-0.00424306
-0.00440309
-0.00382164
-0.00368107
-0.0029317
-0.00766954
-0.00684357
-0.00643264
-0.00571424
-0.00613221
-0.00566796
-0.0094915
-0.00715902
-0.00563748
-0.00462237
-0.00613826
-0.00644358
-0.00895133
-0.00479926
-0.00223278
-0.000669576
-0.00322625
-0.00414866
-0.00685563
-0.00133037
0.00185675
0.00403627
0.000861504
-0.000163077
-0.00415021
0.00203519
0.00551024
0.00809405
0.00463262
0.00373851
-0.000854531
0.00551516
0.00916147
0.0118446
0.00820244
0.00727975
-0.00294076
-0.00269296
-0.00239744
-0.00214978
-0.00211247
-0.00229737
-0.00187129
-0.00166739
-0.00124006
-0.00104365
-0.000754702
-0.000697455
-0.000439749
-0.000236345
0
-0.00611256
-0.00570298
-0.00502589
-0.00507765
-0.00426283
-0.00397256
-0.00359268
-0.00378612
-0.00341495
-0.00341099
-0.00335927
-0.0030332
-0.00289639
-0.00249724
-0.00886583
-0.00737763
-0.0056082
-0.00654138
-0.00368514
-0.00224866
-0.0016904
-0.0030731
-0.00258202
-0.0036351
-0.00445249
-0.00319538
-0.00393103
-0.00352816
-0.00949247
-0.00623539
-0.00288556
-0.00496407
0.000563312
0.0031372
0.00414439
0.00155647
0.00242406
0.000101835
-0.00194578
0.000847662
-0.00118006
-0.000537256
-0.00802139
-0.00309519
0.00171895
-0.00120202
0.00653588
0.00978466
0.0114677
0.0081579
0.00966294
0.00648296
0.00350775
0.00781278
0.00479517
0.00595757
-0.00555559
0.00038167
0.00615913
0.00281559
0.0119087
0.0154347
0.0177549
0.0141636
0.016345
0.0127987
0.00937915
0.0148249
0.011337
0.0131955
-0.00260424
0.00370944
0.00994506
0.00638707
0.0161956
0.0198778
0.0225463
0.0188236
0.0214375
0.0177458
0.0141402
0.0202836
0.0166231
0.0190627
0.00114084
0.00483775
0.00748527
0.0111314
0.0138138
0.0101469
0.0175322
0.0202717
0.0240831
0.0268427
0.0230318
0.0257697
0.0219797
0.0182261
0.0247024
0.0209268
0.02363
-0.00023699
-0.00360915
-0.00667383
-0.00834915
-0.00742614
-0.00480957
-0.00180051
0.00143061
-0.0020254
-0.00152759
-0.000152576
-0.00518092
-0.00416954
-0.00293751
-0.00781289
-0.00499351
-0.00496468
-0.00819363
-0.00231516
-0.00408944
-0.00623076
0.00276712
8.09627e-05
-0.00331234
0.00790054
0.00543898
-0.000247526
0.0120947
0.0100961
0.00331714
0.016027
0.0140359
-0.00117566
-0.000894425
-0.000171782
-0.00439321
-0.00404636
-0.00330963
-0.00730604
-0.00630489
-0.0059184
-0.00835629
-0.005911
-0.00631629
-0.00686876
-0.00273621
-0.00369854
-0.00406439
0.00136333
0.000352048
-0.00103361
0.00507254
0.00418844
0.00234494
0.00867771
0.00773678
-0.00282738
-0.0025461
-0.00174061
-0.00225071
-0.00198348
-0.00135324
-0.000777733
-0.000737244
-0.000160998
-0.00595246
-0.00538602
-0.00474847
-0.00464436
-0.0039054
-0.00361897
-0.00358622
-0.00316753
-0.00260388
-0.00816628
-0.00651859
-0.00651215
-0.00465944
-0.002693
-0.00338753
-0.00509055
-0.00381589
-0.0039821
-0.0078763
-0.00457193
-0.0053205
-0.00117468
0.00233396
0.000810177
-0.00329887
-0.000563633
-0.0017434
-0.00553719
-0.000682061
-0.00172015
0.00412025
0.00897924
0.00732446
0.00140861
0.00563811
0.00395947
-0.00255807
0.00328116
0.00234077
0.00902973
0.0148104
0.0134934
0.00670284
0.0120799
0.0105715
0.000569789
0.00683048
0.00594771
0.0130632
0.0193523
0.0182889
0.0111121
0.0171914
0.0160383
0.00433434
0.0106396
0.0096525
0.0170253
0.0235549
0.0225063
0.0150248
0.0214524
0.020402
0
-0.00466357
-0.00861441
-0.016842
-0.0309558
-0.0501827
-0.072863
-0.0974612
-0.123074
0
-0.0010766
-0.00396145
-0.0101508
-0.022819
-0.0424329
-0.0667123
-0.0927651
-0.118748
-0.00311231
-0.00291426
0.000116712
0
-0.00632416
-0.00597615
-0.00234516
-0.0120202
-0.0128616
-0.00640403
-0.0231741
-0.0261938
-0.0155661
-0.0400283
-0.0457942
-0.0318564
-0.0611974
-0.0695261
-0.0541839
-0.0849985
-0.0950299
-0.0796632
-0.11017
-0.120929
-0.10582
-0.00151171
-0.00422987
-0.00871199
-0.01867
-0.0353175
-0.0573057
-0.0821717
-0.107968
-0.00215799
-0.00233849
-0.000734837
0
-0.00544889
-0.00529315
-0.00355558
-0.00382339
-0.0101539
-0.0102677
-0.00718994
-0.00726346
-0.0198201
-0.0207173
-0.0155505
-0.0146896
-0.0353431
-0.0374781
-0.0305687
-0.0283592
-0.0555961
-0.0591546
-0.0514415
-0.0478376
-0.0788819
-0.083577
-0.0758109
-0.0711482
-0.103786
-0.10909
-0.101494
-0.0962592
-0.00390738
-0.00224328
-0.00199838
-0.000463699
-0.000694759
0.000500605
0
-0.00735709
-0.00501202
-0.00484158
-0.00308136
-0.00321999
-0.00169376
-0.0142439
-0.0105903
-0.0113455
-0.00808779
-0.0074021
-0.00504815
-0.026892
-0.022221
-0.0243684
-0.018961
-0.0169659
-0.0126341
-0.0449842
-0.0404057
-0.0440054
-0.0369733
-0.0334642
-0.0271262
-0.0669609
-0.0633465
-0.0680378
-0.0603748
-0.0556503
-0.0481867
-0.0911959
-0.0885845
-0.0938445
-0.0862088
-0.0808496
-0.0731541
-0.116613
-0.122012
-0.114452
-0.119837
-0.112277
-0.106855
-0.0993098
-0.00136008
-0.0045308
-0.00860783
-0.0174983
-0.032747
-0.0533945
-0.0773211
-0.102659
-0.00311152
-0.00136766
-0.000143475
-0.00618024
-0.00394554
-0.00259489
-0.0122851
-0.00917846
-0.00597384
-0.0243422
-0.0204456
-0.0139348
-0.04252
-0.0385741
-0.0287171
-0.0650832
-0.0617727
-0.0497128
-0.0898951
-0.087336
-0.0744078
-0.115559
-0.11333
-0.100357
-0.00138002
-0.00174328
-0.000760545
0
-0.00505031
-0.00500202
-0.00417414
-0.00425672
-0.00934431
-0.00936846
-0.00789916
-0.00793585
-0.0182829
-0.0186082
-0.0160431
-0.0157229
-0.033111
-0.0339857
-0.0305088
-0.0295963
-0.052865
-0.0544625
-0.0505886
-0.048969
-0.0758595
-0.0780991
-0.0742228
-0.0719969
-0.100617
-0.10323
-0.0994549
-0.0968676
-0.00352265
-0.00352277
-0.00273635
-0.00274044
-0.00188456
-0.00180359
-0.0010326
-0.00110178
-0.000367147
-0.00044372
-1.25593e-05
0
-0.00681604
-0.00677307
-0.00571622
-0.00581816
-0.00460258
-0.00446021
-0.00356604
-0.00371335
-0.00323462
-0.00306992
-0.00229689
-0.00245465
-0.0130847
-0.0132313
-0.0112297
-0.0111212
-0.00960441
-0.00984675
-0.00824417
-0.00802235
-0.00654814
-0.00655139
-0.00537472
-0.0053838
-0.0249886
-0.0255566
-0.0224801
-0.0218887
-0.0203923
-0.0212939
-0.0186497
-0.0177777
-0.0141532
-0.0147024
-0.012586
-0.0120641
-0.0424748
-0.0437032
-0.0399626
-0.0386981
-0.0378217
-0.039458
-0.0359762
-0.0343566
-0.0283329
-0.0296065
-0.0264909
-0.025243
-0.0640609
-0.0660059
-0.0620999
-0.0601517
-0.0603064
-0.0625382
-0.058691
-0.0564539
-0.0485881
-0.0505504
-0.0468273
-0.0448704
-0.0880884
-0.0905513
-0.0867293
-0.0842902
-0.0853728
-0.0879485
-0.0840887
-0.0814967
-0.0726572
-0.075093
-0.0712118
-0.0687631
-0.113387
-0.116091
-0.112321
-0.109636
-0.111209
-0.113888
-0.110095
-0.107406
-0.0982602
-0.100918
-0.0971009
-0.0944276
-0.00267287
-0.00188218
-0.00192608
-0.00112624
-0.00103518
0
-0.00587146
-0.00490059
-0.00475999
-0.00388362
-0.00404533
-0.00337277
-0.0110425
-0.00939537
-0.00946235
-0.00790946
-0.00787838
-0.00660637
-0.0214504
-0.019057
-0.0196473
-0.0170565
-0.0164809
-0.0137362
-0.0376507
-0.0350719
-0.036355
-0.0328986
-0.0316122
-0.0272292
-0.0583755
-0.0562515
-0.058206
-0.0543491
-0.0523887
-0.0467816
-0.0819295
-0.08044
-0.0828678
-0.0789833
-0.0765558
-0.0703228
-0.106972
-0.105871
-0.108533
-0.10473
-0.102077
-0.0956434
-0.00428745
-0.00347117
-0.00258473
-0.0026821
-0.001689
-0.00154389
-0.00077284
-0.000928316
-0.000167451
-0.00028825
-0.000390431
0.000343338
0.000190345
0.000430025
0
-0.00795263
-0.00669277
-0.00546697
-0.00558924
-0.00436844
-0.00436279
-0.00350051
-0.00348175
-0.0027006
-0.00276142
-0.00289936
-0.00201426
-0.00213679
-0.00138586
-0.0154945
-0.0134378
-0.0116754
-0.0114038
-0.0102111
-0.0107066
-0.00906792
-0.00858975
-0.0072008
-0.00685914
-0.00664789
-0.00568847
-0.0054684
-0.00447542
-0.0288823
-0.0263032
-0.024156
-0.023234
-0.0223524
-0.0235627
-0.0208309
-0.0196698
-0.0172035
-0.0162297
-0.0153945
-0.0140411
-0.0132454
-0.0113364
-0.0475556
-0.0451468
-0.0430651
-0.041424
-0.0412522
-0.0431947
-0.0396622
-0.0377482
-0.0343678
-0.0326333
-0.0310428
-0.0294389
-0.0278928
-0.0249161
-0.0698965
-0.0681005
-0.0664211
-0.0641957
-0.0648899
-0.0673538
-0.063528
-0.0610517
-0.057258
-0.0548943
-0.0526556
-0.0511576
-0.0489262
-0.0452755
-0.0943213
-0.0930722
-0.091804
-0.0892362
-0.0905886
-0.0932886
-0.089487
-0.0867545
-0.0829333
-0.0802371
-0.0776215
-0.0764025
-0.0737605
-0.0699227
-0.119854
-0.122547
-0.118796
-0.12147
-0.117693
-0.115011
-0.120384
-0.116571
-0.119287
-0.115493
-0.112789
-0.109054
-0.106325
-0.103608
-0.10257
-0.0998189
-0.0960399
-0.00101065
-0.00462477
-0.00861439
-0.017116
-0.0317493
-0.0516896
-0.0750356
-0.100044
-0.00314299
-0.00145672
-0.000191218
-0.00627338
-0.00406917
-0.00276256
-0.0121295
-0.00888801
-0.0059335
-0.0236754
-0.0194811
-0.0133297
-0.0411665
-0.0368658
-0.0273746
-0.0630602
-0.059476
-0.0476797
-0.087413
-0.0847179
-0.0719169
-0.112859
-0.110648
-0.097672
-0.00228267
-0.00149799
-0.000552932
-0.00539697
-0.00439262
-0.00370762
-0.0102017
-0.00862842
-0.00720673
-0.0201995
-0.0180116
-0.0150565
-0.0363039
-0.0339409
-0.0293742
-0.0572848
-0.0552735
-0.0495565
-0.0811848
-0.0797034
-0.0734278
-0.106428
-0.105302
-0.0988574
-0.00389241
-0.00303232
-0.00231384
-0.00213548
-0.00124072
-0.000606895
-0.000761396
-1.3681e-05
0.000184447
-0.00732376
-0.00606982
-0.00515536
-0.00489576
-0.00389884
-0.00310633
-0.00338313
-0.00244188
-0.00184043
-0.0144282
-0.0125199
-0.0103863
-0.0109046
-0.00959721
-0.00767889
-0.00724595
-0.00612483
-0.00488415
-0.0275316
-0.025182
-0.0213891
-0.0232154
-0.0215597
-0.0178921
-0.0161852
-0.0146804
-0.0119211
-0.0463059
-0.0440693
-0.0388512
-0.042128
-0.0404325
-0.035146
-0.0319353
-0.0302132
-0.0256739
-0.0689861
-0.0672441
-0.0611816
-0.0656354
-0.0641873
-0.0579521
-0.0534769
-0.0518835
-0.0460276
-0.0937034
-0.0924358
-0.0860461
-0.0911857
-0.0900207
-0.0834924
-0.0782873
-0.0769921
-0.0705464
-0.11933
-0.118249
-0.111769
-0.117131
-0.11602
-0.109561
-0.104163
-0.103076
-0.0965553
