FiniteElementSpace
FiniteElementCollection: L2_2D_P3
VDim: 1
Ordering: 0

0.0176673
0.0109947
0.0134757
0.0168451
0.00806645
0.00660545
0.00988587
0.0137208
0.0029004
0.00340322
0.00618531
0.00928919
0.00186753
0.00229719
0.00407245
0.00593038
0.0053539
0.00489106
0.004337
0.00394907
0.0043418
0.00396264
0.00351374
0.00320326
0.00321805
0.00293673
0.00261047
0.0023902
0.00251788
0.00230182
0.00205705
0.00189657
0.000849204
0.0007155
0.000558826
0.000452304
0.000720805
0.000611573
0.000484943
0.000399899
0.000604106
0.00052206
0.000429057
0.000368249
0.000553842
0.000488447
0.00041635
0.000370831
6.62097e-06
1.54458e-05
3.40972e-05
5.37853e-05
1.33613e-05
1.59559e-05
2.54754e-05
3.73427e-05
4.26094e-05
3.82512e-05
3.78534e-05
4.1399e-05
7.79357e-05
6.89109e-05
6.21627e-05
6.05832e-05
0.000399316
0.000424392
0.000456934
0.000481616
0.000263507
0.000280671
0.000302984
0.000319894
0.000138938
0.000147527
0.000158917
0.000167649
7.86174e-05
8.18671e-05
8.65908e-05
9.0431e-05
0.00056737
0.000556809
0.000541562
0.00052881
0.00038332
0.000376838
0.000367173
0.000358898
0.000204962
0.000202339
0.000198114
0.000194318
0.00011038
0.000109773
0.000108511
0.000107243
0.000264336
0.000240308
0.000210489
0.000188865
0.000184754
0.000168396
0.000148288
0.000133882
0.000110072
0.000101351
9.09894e-05
8.38862e-05
7.32062e-05
6.8716e-05
6.38126e-05
6.08468e-05
1.98079e-05
1.45555e-05
9.06737e-06
5.88394e-06
1.77301e-05
1.36437e-05
9.46488e-06
7.10528e-06
1.87862e-05
1.55921e-05
1.24314e-05
1.07215e-05
2.24795e-05
1.94761e-05
1.65471e-05
1.49927e-05
0.00914891
0.00863793
0.00803927
0.00763021
0.00763616
0.00715148
0.00658775
0.00620548
0.00584139
0.00541415
0.00492263
0.00459359
0.00464138
0.0042686
0.00384553
0.00356698
0.00110578
0.00101739
0.000939755
0.000907323
0.000847154
0.000788535
0.000740248
0.000723499
0.00108547
0.00101303
0.000934224
0.000886132
0.00175906
0.00163191
0.00147209
0.0013566
9.11707e-05
4.6913e-05
0.00032921
0.000645807
9.00982e-05
8.62405e-06
0.000191896
0.000439231
0.000200819
0.000161533
0.000450582
0.000799952
0.000603231
0.00054421
0.00104196
0.00162076
0.00247542
0.00220132
0.00187208
0.00164101
0.00202244
0.0018002
0.00153613
0.00135299
0.00154122
0.00137812
0.00118848
0.00106021
0.00126056
0.00113536
0.000993636
0.00090085
0.000538654
0.000506947
0.0004801
0.000469945
0.000459349
0.000431895
0.000409357
0.000401648
0.000462732
0.000427112
0.000393618
0.000377401
0.000552119
0.00049892
0.00044337
0.000411033
0.000740052
0.000696101
0.000659981
0.000647642
0.000614882
0.000581368
0.000555242
0.000547953
0.000716641
0.000671042
0.000626038
0.000602271
0.00101793
0.000940574
0.000853234
0.000796766
0.000139164
9.68413e-05
5.3396e-05
2.91234e-05
0.00014335
0.000106113
6.78066e-05
4.62411e-05
0.000171509
0.000139606
0.000106894
8.84584e-05
0.000208871
0.000179733
0.000150102
0.000133532
0.000260109
0.000242292
0.000225717
0.00021768
0.000226283
0.000211819
0.000199474
0.00019458
0.000182857
0.000171679
0.000163929
0.000162814
0.000150748
0.000141276
0.000136392
0.00013798
0.000383346
0.00035934
0.000338016
0.000328766
0.000327251
0.000306308
0.000288607
0.000281881
0.000282526
0.000259801
0.000240134
0.000232209
0.000271052
0.000242408
0.000215988
0.000203654
0.00016687
0.000195261
0.000235323
0.000268197
0.000108431
0.000126732
0.000153213
0.000175337
6.66707e-05
7.40252e-05
8.59743e-05
9.67372e-05
5.71136e-05
5.75821e-05
6.05893e-05
6.45016e-05
9.7806e-05
8.96572e-05
8.1577e-05
7.71094e-05
0.000116281
0.000111141
0.000106992
0.000105568
0.000154316
0.000154857
0.000158259
0.000162765
0.000194888
0.00020109
0.000212091
0.000222604
0.000165616
0.000153039
0.000140876
0.000134471
0.000157674
0.000148647
0.000141031
0.000138067
0.00014861
0.000145381
0.0001455
0.000148625
0.000143486
0.000145599
0.000153039
0.000162067
0.000555474
0.000564044
0.000573482
0.000579344
0.000371334
0.000377776
0.00038478
0.000389039
0.00019482
0.000198712
0.000202896
0.00020538
0.000102628
0.00010478
0.000107101
0.000108467
3.3746e-05
3.21289e-05
3.09654e-05
3.07672e-05
8.39808e-05
8.24229e-05
8.15523e-05
8.17508e-05
0.000185273
0.000184118
0.000184044
0.000185069
0.000290395
0.000289775
0.000290598
0.000292465
5.46357e-05
5.01586e-05
4.57985e-05
4.34653e-05
9.42101e-05
9.14497e-05
8.9455e-05
8.90529e-05
0.000173436
0.000174212
0.000177033
0.000180502
0.000255712
0.000260149
0.000267929
0.000275353
0.00044691
0.000423909
0.000393922
0.000371048
0.000305821
0.000290607
0.00027075
0.000255616
0.000169704
0.000162205
0.000152495
0.000145204
9.84034e-05
9.51778e-05
9.11777e-05
8.83672e-05
4.05936e-05
4.12821e-05
4.31495e-05
4.53889e-05
7.75861e-05
7.61442e-05
7.54234e-05
7.58133e-05
0.000154538
0.000148956
0.000143113
0.000139777
0.000235472
0.000225685
0.000214592
0.0002074
3.13341e-05
3.15418e-05
3.26458e-05
3.41689e-05
7.98933e-05
7.87127e-05
7.82383e-05
7.87228e-05
0.000179071
0.000175387
0.000171945
0.000170373
0.000282487
0.000276358
0.000269943
0.000266255
0.000104819
8.91699e-05
7.07899e-05
5.827e-05
7.69984e-05
6.59824e-05
5.32898e-05
4.48487e-05
5.37358e-05
4.72183e-05
4.00922e-05
3.56782e-05
4.52755e-05
4.11121e-05
3.69323e-05
3.4676e-05
5.21002e-05
4.9867e-05
4.81049e-05
4.76127e-05
6.02751e-05
5.68063e-05
5.3521e-05
5.19293e-05
7.87084e-05
7.25998e-05
6.60724e-05
6.21512e-05
9.8786e-05
8.98613e-05
7.98828e-05
7.34883e-05
5.12722e-05
5.09879e-05
5.17548e-05
5.32545e-05
7.26561e-05
7.03738e-05
6.86688e-05
6.83696e-05
0.000118394
0.000112049
0.00010529
0.000101297
0.000167137
0.000156564
0.000144534
0.000136679
7.17136e-07
4.61727e-07
4.13614e-07
5.72605e-07
1.91648e-06
1.3123e-06
8.23664e-07
6.40369e-07
4.25754e-06
3.0783e-06
1.95367e-06
1.35324e-06
6.64651e-06
4.87134e-06
3.15789e-06
2.24172e-06
1.1437e-05
8.34193e-06
5.1992e-06
3.39294e-06
1.12154e-05
8.15747e-06
5.03723e-06
3.23816e-06
1.09447e-05
7.91947e-06
4.81688e-06
3.02471e-06
1.07268e-05
7.72021e-06
4.63391e-06
2.85534e-06
3.66843e-05
3.2833e-05
2.8789e-05
2.63585e-05
3.78676e-05
3.36473e-05
2.91618e-05
2.64265e-05
4.11576e-05
3.60491e-05
3.05167e-05
2.70704e-05
4.49703e-05
3.88665e-05
3.2174e-05
2.79506e-05
0.0123986
0.0112499
0.010008
0.0091923
0.0103128
0.00943555
0.00842553
0.00774519
0.00768371
0.00711515
0.00647464
0.00605466
0.00575429
0.00544523
0.00511879
0.00492638
0.00485823
0.00463703
0.00445037
0.0043329
0.00324811
0.00317278
0.00313297
0.00313221
0.00180819
0.00182627
0.00187353
0.00192587
0.0011599
0.00121003
0.00127894
0.00132638
0.00140499
0.00160889
0.00313978
0.00473135
0.000690173
0.000874925
0.00197316
0.0031235
0.000241975
0.000313975
0.000920997
0.0015956
0.000114939
9.74649e-05
0.000439937
0.000859862
0.00374286
0.00337885
0.00294127
0.00263359
0.00303964
0.00274363
0.00239163
0.0021471
0.00227289
0.00205529
0.00180196
0.00163023
0.00180759
0.0016412
0.00145234
0.00132822
0.00158308
0.00144143
0.00128307
0.00118098
0.00120348
0.00110228
0.000993674
0.000927388
0.000853141
0.000790984
0.000730192
0.000698214
0.000704488
0.000660352
0.00062147
0.000605133
0.0021817
0.0019971
0.00179102
0.00165839
0.00161652
0.00148408
0.00134202
0.00125536
0.00108286
0.00100272
0.000924238
0.000882844
0.000846635
0.000792178
0.000744288
0.000724301
0.000401896
0.000319474
0.000226406
0.000166167
0.000360016
0.00029135
0.000214536
0.00016536
0.00033847
0.000284811
0.000225984
0.000189249
0.000346461
0.000301634
0.000253675
0.000224664
0.000346724
0.000306477
0.000263878
0.000238471
0.000334118
0.000301638
0.000268195
0.000249013
0.000327867
0.000302397
0.000277476
0.000264289
0.0003306
0.000308008
0.000286874
0.000276565
0.00052616
0.000469023
0.000406928
0.00036845
0.000467599
0.000423972
0.000378244
0.000351308
0.000419371
0.000387944
0.000357246
0.000341092
0.000404368
0.000377908
0.000353617
0.000342272
6.55187e-05
8.75441e-05
0.000121286
0.000150865
4.44232e-05
5.74231e-05
7.86767e-05
9.81008e-05
4.30723e-05
4.6189e-05
5.3998e-05
6.2645e-05
5.87433e-05
5.55168e-05
5.4939e-05
5.70308e-05
6.73064e-05
6.15836e-05
5.75922e-05
5.69378e-05
7.90443e-05
7.031e-05
6.21433e-05
5.8089e-05
0.000100875
9.00335e-05
7.90554e-05
7.27879e-05
0.000121606
0.0001105
9.93029e-05
9.2956e-05
9.42232e-05
8.34988e-05
7.42682e-05
7.05668e-05
0.000114716
0.000102205
9.0229e-05
8.40835e-05
0.000141983
0.00012836
0.000114743
0.000107168
0.000162468
0.000148896
0.000135446
0.000128059
0.000493136
0.000510954
0.000533006
0.000548906
0.000327736
0.000340273
0.000355693
0.000366709
0.000171533
0.000178248
0.000186503
0.000192351
9.19039e-05
9.49405e-05
9.87723e-05
0.000101513
6.10774e-05
6.25406e-05
6.44953e-05
6.59329e-05
2.25694e-05
2.18675e-05
2.12956e-05
2.10308e-05
9.17087e-06
6.7089e-06
4.2316e-06
2.81203e-06
2.50677e-05
2.20603e-05
1.91394e-05
1.75876e-05
5.58773e-05
5.68913e-05
5.88186e-05
6.06089e-05
2.79901e-05
2.60375e-05
2.42974e-05
2.34397e-05
2.22732e-05
1.80534e-05
1.36655e-05
1.10229e-05
3.95626e-05
3.47961e-05
2.9934e-05
2.71136e-05
0.000520237
0.000502179
0.000477813
0.000458607
0.000353533
0.000341854
0.000325938
0.000313304
0.000192038
0.0001866
0.000179086
0.000173088
0.00010662
0.000104592
0.000101767
9.95512e-05
7.27899e-05
7.21087e-05
7.11662e-05
7.04862e-05
2.87694e-05
2.96557e-05
3.09956e-05
3.22386e-05
8.78833e-06
1.03909e-05
1.29893e-05
1.54372e-05
2.03447e-05
2.1578e-05
2.39295e-05
2.63653e-05
7.29275e-05
7.30829e-05
7.2989e-05
7.27464e-05
2.46958e-05
2.56428e-05
2.68927e-05
2.79121e-05
2.69378e-06
3.82418e-06
5.70775e-06
7.5094e-06
1.5115e-05
1.58166e-05
1.74063e-05
1.91845e-05
0.000177201
0.000156567
0.00013159
0.000113968
0.000126167
0.000111915
9.49082e-05
8.31191e-05
7.99626e-05
7.20245e-05
6.29612e-05
5.7033e-05
5.89581e-05
5.44621e-05
4.97753e-05
4.71121e-05
5.1146e-05
4.8047e-05
4.5114e-05
4.37403e-05
3.9849e-05
3.85634e-05
3.79218e-05
3.82436e-05
3.85217e-05
3.81702e-05
3.87546e-05
4.00174e-05
4.73045e-05
4.66382e-05
4.68883e-05
4.7951e-05
5.8981e-05
5.62089e-05
5.35091e-05
5.22009e-05
3.94129e-05
3.88273e-05
3.89567e-05
3.97937e-05
3.3387e-05
3.39896e-05
3.57338e-05
3.7852e-05
4.29315e-05
4.32556e-05
4.47466e-05
4.67521e-05
4.71989e-06
2.89929e-06
1.32536e-06
7.08028e-07
6.15953e-06
4.41256e-06
2.83298e-06
2.11275e-06
9.69581e-06
7.73928e-06
5.86886e-06
4.89148e-06
1.37323e-05
1.13319e-05
8.96678e-06
7.66668e-06
1.55206e-05
1.29024e-05
1.02333e-05
8.68146e-06
1.73685e-05
1.45434e-05
1.1614e-05
9.86471e-06
2.04515e-05
1.71742e-05
1.37129e-05
1.15961e-05
2.33777e-05
1.96172e-05
1.55962e-05
1.31023e-05
2.4363e-05
2.14076e-05
1.84938e-05
1.69101e-05
2.60824e-05
2.32453e-05
2.04412e-05
1.89025e-05
3.02985e-05
2.71982e-05
2.40597e-05
2.2268e-05
3.50545e-05
3.14466e-05
2.7696e-05
2.54716e-05
0.00730676
0.00674107
0.0060707
0.0056065
0.00594473
0.00547438
0.0049226
0.00454493
0.00440507
0.00404944
0.00364025
0.00336659
0.00342226
0.00314609
0.002835
0.00263256
0.00295057
0.00271309
0.00244884
0.0022796
0.00215609
0.00198261
0.00179699
0.00168412
0.00138623
0.00128024
0.00117614
0.0011209
0.00103128
0.000960525
0.000897627
0.000870698
0.0040416
0.00369887
0.00331841
0.0030755
0.00292919
0.0026783
0.00241026
0.00224746
0.0018319
0.00167748
0.0015246
0.00144206
0.00131108
0.00120749
0.00111207
0.00106754
0.000878258
0.000822109
0.000775387
0.000758843
0.000704184
0.000665785
0.000636286
0.000628591
0.000864926
0.000815649
0.000765423
0.000737498
0.00131945
0.00123195
0.00112806
0.00105697
0.0016283
0.00151141
0.00136793
0.00126599
0.00241743
0.00222481
0.00198081
0.00180102
0.00404899
0.00369919
0.00325207
0.00291922
0.00581086
0.00528957
0.00462482
0.00413095
0.00218333
0.00203725
0.0018377
0.00168151
0.00330953
0.00307653
0.00276201
0.00251686
0.00560154
0.00520106
0.00466664
0.00425287
0.00805791
0.00748042
0.00672011
0.00613756
0.000991737
0.00105532
0.00110304
0.00111056
0.000750495
0.00078805
0.000826267
0.000844302
0.00111385
0.00111804
0.00112493
0.00112562
0.00214682
0.00202569
0.00193655
0.0018864
0.0026927
0.00254958
0.00240178
0.00231645
0.00449532
0.00417074
0.00374764
0.00342931
0.00788769
0.00724996
0.00639427
0.00573168
0.0112546
0.010367
0.00918572
0.00825305
0.000785314
0.00114355
0.00192694
0.00250654
0.000950159
0.00141199
0.00336933
0.00555766
0.00588841
0.00402482
0.00713952
0.0110435
0.0211908
0.00911058
0.0115389
0.0162489
0.00152518
0.00132788
0.00109263
0.000929099
0.00126209
0.001102
0.00091318
0.000783508
0.000995183
0.000877019
0.000740711
0.000649499
0.00085094
0.000759108
0.000656074
0.000589443
0.00077862
0.000699637
0.000612382
0.00055706
0.000647546
0.0005894
0.000527669
0.000490608
0.000532635
0.000493582
0.000455442
0.000435412
0.000489288
0.000458226
0.000430203
0.000417659
0.00112358
0.00101676
0.000897704
0.000821286
0.000887379
0.000810412
0.000728066
0.000678057
0.000674211
0.000625221
0.000577351
0.000552208
0.000587928
0.000551175
0.000518492
0.0005044
0.000456601
0.000429017
0.000405105
0.000395401
0.000389788
0.000365528
0.000345268
0.000337896
0.000362303
0.000333089
0.000306545
0.000294559
0.000389148
0.000348657
0.000308427
0.000286786
0.000399451
0.000351856
0.00030284
0.000274898
0.000434409
0.000369479
0.000298731
0.000254953
0.000577365
0.000478297
0.000365682
0.000292019
0.000764722
0.0006306
0.000475523
0.000371917
0.000603373
0.0005388
0.000468745
0.000425652
0.000739841
0.000647009
0.000540896
0.000470987
0.00107691
0.000929273
0.000754769
0.000635059
0.00146315
0.00125929
0.00101553
0.000846027
0.000631517
0.0005947
0.000564136
0.0005533
0.000534697
0.00050423
0.00047979
0.000472127
0.000582195
0.000540858
0.000500954
0.000480677
0.000762224
0.000696269
0.000624606
0.000580486
0.000874097
0.00079183
0.000698865
0.000638577
0.00116274
0.00103906
0.000892495
0.000791739
0.00179229
0.00158754
0.0013385
0.00116213
0.00248099
0.00219202
0.00183806
0.00158533
0.0012138
0.00111436
0.000997641
0.0009185
0.0017157
0.0015593
0.0013679
0.00123162
0.00276486
0.00249373
0.00215577
0.0019102
0.00389677
0.00350347
0.00301198
0.00265378
1.99212e-05
7.65047e-06
1.02033e-06
3.09641e-06
3.76673e-05
2.38379e-05
1.39069e-05
1.24118e-05
7.96678e-05
6.38991e-05
5.03184e-05
4.50746e-05
0.000124092
0.00010664
9.04614e-05
8.28448e-05
0.000143329
0.000125564
0.000108601
0.000100074
0.000165388
0.000147927
0.000130777
0.000121626
0.000192205
0.000175347
0.000158669
0.000149596
0.000210553
0.000194291
0.000178474
0.000170099
0.000223723
0.000196337
0.000168501
0.000152905
0.000236263
0.000212304
0.000188177
0.000174796
0.000253319
0.000232594
0.000212235
0.000201344
0.000266354
0.000247116
0.000228765
0.000219427
0.0002094
0.000194311
0.000179982
0.000172715
0.000188145
0.000176576
0.000166728
0.000162827
0.000159023
0.000152341
0.000149099
0.000150462
0.000136384
0.000133692
0.000136136
0.000142242
0.000117664
0.000117796
0.000124183
0.000133532
7.67661e-05
8.32991e-05
9.8278e-05
0.000114464
4.32032e-05
5.78176e-05
8.41163e-05
0.000109655
3.48387e-05
5.55924e-05
9.08162e-05
0.000123954
0.000125018
0.000116943
0.000114223
0.000117755
6.92935e-05
6.43594e-05
6.61452e-05
7.35161e-05
2.05183e-05
1.8028e-05
2.4144e-05
3.57949e-05
3.4628e-06
1.76046e-06
1.02252e-05
2.4747e-05
0.000317994
0.000297217
0.000278317
0.000269616
0.000272617
0.000254988
0.000239978
0.000234111
0.000223207
0.000206606
0.00019331
0.000189063
0.000193472
0.000175286
0.000160738
0.000156174
0.000168331
0.000149437
0.000134393
0.000129803
0.000115458
9.47903e-05
7.80336e-05
7.26753e-05
8.20519e-05
5.5271e-05
3.2143e-05
2.32267e-05
8.55805e-05
5.13887e-05
2.0446e-05
7.02171e-06
0.000256919
0.000224739
0.000194194
0.000179112
0.000231641
0.000190916
0.000150006
0.000127685
0.000257073
0.000198228
0.000135815
9.87647e-05
0.000323423
0.000245475
0.00016065
0.000108416
0.000285149
0.000314168
0.000353288
0.00038409
0.00018654
0.000205931
0.000232351
0.000253302
0.000101696
0.000110681
0.000123555
0.00013413
6.56311e-05
6.81333e-05
7.2734e-05
7.7088e-05
5.29791e-05
5.28075e-05
5.3962e-05
5.57063e-05
3.81348e-05
3.45001e-05
3.12091e-05
2.96067e-05
4.16535e-05
3.54571e-05
2.90231e-05
2.51697e-05
6.03515e-05
5.36385e-05
4.67321e-05
4.2672e-05
5.54033e-05
5.30805e-05
5.23935e-05
5.34296e-05
5.44695e-05
4.86238e-05
4.32592e-05
4.06468e-05
6.76883e-05
5.92964e-05
5.06812e-05
4.56311e-05
8.76406e-05
7.88142e-05
6.97936e-05
6.45542e-05
7.32723e-05
6.70538e-05
6.08842e-05
5.74675e-05
0.000103333
9.95543e-05
9.66332e-05
9.57818e-05
0.000163693
0.000164718
0.00016823
0.000172468
0.000226746
0.000232652
0.000242719
0.000252142
0.000265182
0.000274296
0.000288656
0.000301467
0.000349555
0.000365848
0.000389601
0.000409679
0.00049326
0.000519909
0.0005574
0.000588233
0.00063143
0.000666803
0.000715953
0.00075597
0.000218606
0.000228554
0.00024456
0.000259018
0.000270747
0.000289092
0.000316073
0.000339016
0.000367435
0.000397823
0.000440776
0.000476222
0.000465861
0.000506365
0.000562846
0.000608957
0.000128502
0.000118236
0.000108156
0.000102688
0.000134049
0.000127167
0.000121457
0.000119327
0.000148197
0.000147357
0.000149671
0.000153832
0.000165166
0.000170187
0.000180409
0.000190856
0.000173295
0.000182234
0.000197715
0.000212323
0.000191225
0.000208978
0.000236006
0.000259564
0.000238527
0.000268751
0.000312399
0.000349032
0.000295494
0.000336101
0.000393734
0.000441475
0.000136811
0.000142563
0.000154943
0.000167925
0.000122235
0.000136207
0.000159431
0.000180881
0.000123678
0.00014893
0.000187386
0.000220982
0.000142799
0.000177237
0.000228305
0.000272104
0.000580453
0.000579136
0.000575601
0.000571516
0.000390088
0.000389899
0.000388175
0.000385736
0.000206201
0.000206825
0.000206656
0.000205789
0.00010905
0.000109907
0.000110436
0.000110403
7.06977e-05
7.15789e-05
7.23394e-05
7.2638e-05
2.17642e-05
2.24833e-05
2.33836e-05
2.40565e-05
5.24109e-08
3.16176e-07
1.05637e-06
1.93703e-06
1.34895e-05
1.32711e-05
1.36648e-05
1.44961e-05
6.64767e-05
6.78417e-05
6.93388e-05
7.02297e-05
2.0787e-05
2.09643e-05
2.126e-05
2.14995e-05
1.94702e-06
9.95399e-07
2.51901e-07
2.9472e-08
1.65479e-05
1.50739e-05
1.39322e-05
1.3623e-05
3.057e-05
3.00144e-05
3.01357e-05
3.0885e-05
8.1458e-05
8.01754e-05
7.95821e-05
7.99618e-05
0.000184668
0.000182233
0.000180426
0.000180098
0.000291982
0.000288496
0.00028553
0.000284471
0.000359246
0.000355095
0.00035139
0.000349859
0.00050641
0.000500874
0.000495513
0.000492829
0.000741586
0.000733808
0.000725824
0.000721355
0.000956584
0.00094673
0.000936327
0.000930217
0.000356194
0.000355936
0.000357352
0.000359769
0.00050023
0.000500847
0.000503529
0.00050702
0.000731213
0.000732957
0.000737387
0.000742439
0.000943065
0.000945647
0.000951447
0.000957762
4.15905e-05
3.86549e-05
3.59776e-05
3.47319e-05
8.8016e-05
8.59795e-05
8.46535e-05
8.45953e-05
0.000181196
0.000181177
0.000182725
0.00018507
0.000277835
0.000279976
0.000284528
0.000289328
0.000338115
0.000341673
0.000348186
0.000354583
0.000470164
0.000476922
0.0004877
0.000497456
0.000683727
0.000695049
0.000712035
0.000726765
0.000881018
0.000896135
0.000918335
0.00093728
0.000306664
0.0003135
0.000324517
0.000334515
0.000418382
0.000430593
0.000448676
0.000464166
0.000602155
0.000622117
0.000650543
0.000674176
0.000774264
0.000800744
0.000837936
0.000868513
0.000357807
0.000332829
0.000301091
0.0002775
0.000247035
0.000230258
0.00020904
0.000193374
0.000141166
0.000132556
0.000121907
0.000114277
8.68167e-05
8.27479e-05
7.80511e-05
7.5006e-05
6.55107e-05
6.32798e-05
6.09908e-05
5.97957e-05
3.69542e-05
3.70143e-05
3.7768e-05
3.89391e-05
2.57139e-05
2.70194e-05
2.95424e-05
3.21726e-05
3.58993e-05
3.69244e-05
3.92328e-05
4.18111e-05
7.02454e-05
6.87354e-05
6.70413e-05
6.60464e-05
3.31398e-05
3.37131e-05
3.48827e-05
3.61862e-05
1.69789e-05
1.86359e-05
2.14552e-05
2.41952e-05
2.78057e-05
2.91478e-05
3.17509e-05
3.44711e-05
4.64895e-05
4.68615e-05
4.84099e-05
5.04704e-05
7.57535e-05
7.39581e-05
7.28413e-05
7.29726e-05
0.00013738
0.000131272
0.000124793
0.000121004
0.000202579
0.000192037
0.000180014
0.000172149
0.00024286
0.00022944
0.000213812
0.000203292
0.000330658
0.000310962
0.000287376
0.000270915
0.000473608
0.000444162
0.000408238
0.00038259
0.000605892
0.00056772
0.000520765
0.000486915
0.000285885
0.000273374
0.000258873
0.000249172
0.000395961
0.000377525
0.000355504
0.000340183
0.000573468
0.000545878
0.000512274
0.000488324
0.000736647
0.000700902
0.000656987
0.000625367
3.5076e-05
3.57081e-05
3.74158e-05
3.94597e-05
7.87762e-05
7.75404e-05
7.7028e-05
7.75252e-05
0.000168776
0.000164014
0.000159194
0.000156599
0.000262981
0.000254691
0.000245496
0.000239713
0.000321909
0.000311341
0.000299315
0.000291461
0.000450701
0.000435196
0.000416922
0.000404412
0.000657142
0.000634025
0.000606159
0.000586533
0.000846141
0.00081625
0.00077986
0.00075392
0.000347298
0.000339596
0.000331266
0.000326207
0.000489027
0.000477945
0.000465379
0.000457197
0.000715523
0.000699199
0.000680116
0.000667168
0.000922493
0.000901481
0.000876582
0.00085939
5.21003e-05
4.19457e-05
3.05171e-05
2.31395e-05
4.06486e-05
3.3272e-05
2.51635e-05
2.00857e-05
3.31914e-05
2.83799e-05
2.33694e-05
2.04621e-05
3.29914e-05
2.93712e-05
2.58239e-05
2.3961e-05
3.34616e-05
3.03063e-05
2.72954e-05
2.57862e-05
3.3144e-05
3.06386e-05
2.83935e-05
2.74045e-05
3.71815e-05
3.47823e-05
3.26564e-05
3.17405e-05
4.36081e-05
4.07499e-05
3.80701e-05
3.67622e-05
4.2499e-05
3.92833e-05
3.62608e-05
3.48282e-05
3.78108e-05
3.58556e-05
3.43835e-05
3.40642e-05
3.99808e-05
3.85683e-05
3.77832e-05
3.7971e-05
4.77534e-05
4.59583e-05
4.47283e-05
4.46144e-05
4.64178e-05
4.32209e-05
4.01303e-05
3.85315e-05
5.02483e-05
4.62731e-05
4.22338e-05
3.99612e-05
5.93988e-05
5.36947e-05
4.75652e-05
4.38213e-05
6.9566e-05
6.19848e-05
5.35971e-05
4.8273e-05
7.45101e-05
6.57687e-05
5.60013e-05
4.97253e-05
8.45863e-05
7.33753e-05
6.05983e-05
5.21861e-05
0.000103997
8.86001e-05
7.07519e-05
5.87671e-05
0.00012379
0.000104439
8.18245e-05
6.65026e-05
0.000109992
9.92667e-05
8.70888e-05
7.91238e-05
0.000133797
0.000119174
0.000102159
9.06777e-05
0.00017572
0.000154761
0.000129903
0.000112742
0.000216465
0.000189655
0.000157578
0.000135207
5.35205e-05
5.23221e-05
5.19298e-05
5.25378e-05
6.76682e-05
6.48034e-05
6.23475e-05
6.14548e-05
9.85725e-05
9.2241e-05
8.54901e-05
8.14753e-05
0.000131812
0.000121831
0.000110558
0.000103257
0.00015147
0.000139127
0.000124929
0.000115501
0.000193869
0.000176384
0.00015573
0.000141545
0.000265572
0.000239908
0.000209009
0.000187293
0.000333586
0.000300478
0.000260273
0.000231729
0.000196798
0.000183481
0.000168024
0.000157656
0.000261225
0.00024192
0.000218895
0.000202904
0.000367678
0.000338983
0.000304115
0.000279341
0.000467164
0.000430006
0.000384478
0.000351814
7.59563e-07
4.06949e-07
1.31064e-07
1.24766e-07
5.57909e-07
2.31932e-07
1.55545e-08
6.94703e-08
9.24745e-07
3.74807e-07
2.87671e-08
6.51046e-08
1.56697e-06
6.93829e-07
1.28544e-07
9.66003e-08
1.49722e-06
5.83651e-07
6.47005e-08
1.42619e-07
1.7283e-06
7.00186e-07
7.00685e-08
8.78236e-08
2.06893e-06
8.81018e-07
1.01598e-07
4.15084e-08
2.36144e-06
1.0437e-06
1.43524e-07
2.15541e-08
7.47283e-06
5.43274e-06
3.38893e-06
2.2356e-06
8.44656e-06
6.163e-06
3.86071e-06
2.54838e-06
9.89733e-06
7.23452e-06
4.54192e-06
2.99978e-06
1.11877e-05
8.18055e-06
5.13448e-06
3.38621e-06
2.3517e-06
1.02867e-06
1.28649e-07
1.72548e-08
2.2053e-06
9.50254e-07
1.12151e-07
3.46736e-08
2.01907e-06
8.53066e-07
1.05489e-07
8.41448e-08
1.88814e-06
7.8925e-07
1.18355e-07
1.4958e-07
1.92054e-06
8.41552e-07
1.43842e-07
1.10109e-07
1.46867e-06
6.54826e-07
1.07367e-07
1.04436e-07
7.65614e-07
3.19154e-07
3.20847e-08
1.01215e-07
3.43751e-07
1.28777e-07
1.24919e-08
1.1968e-07
1.02376e-05
7.37591e-06
4.47505e-06
2.83265e-06
8.58135e-06
6.10409e-06
3.59019e-06
2.16469e-06
6.27141e-06
4.1926e-06
2.17164e-06
1.11782e-06
4.51215e-06
2.70751e-06
1.09947e-06
4.17705e-07
2.41679e-05
2.02482e-05
1.60359e-05
1.34083e-05
2.41687e-05
2.0171e-05
1.58616e-05
1.31671e-05
2.46352e-05
2.03745e-05
1.57625e-05
1.28734e-05
2.53032e-05
2.07188e-05
1.57497e-05
1.26428e-05
2.48134e-05
2.01478e-05
1.51398e-05
1.20572e-05
2.31593e-05
1.83926e-05
1.32832e-05
1.0154e-05
2.17472e-05
1.64943e-05
1.0923e-05
7.59356e-06
2.12655e-05
1.54216e-05
9.30637e-06
5.75611e-06
4.60817e-05
3.94271e-05
3.21217e-05
2.75141e-05
4.7835e-05
4.00623e-05
3.14402e-05
2.59419e-05
5.29832e-05
4.31021e-05
3.20375e-05
2.49245e-05
5.91436e-05
4.71724e-05
3.37145e-05
2.50435e-05
