FiniteElementSpace
FiniteElementCollection: H1_2D_P2
VDim: 2
Ordering: 0

0
1.12578
2.1258
3.04141
3.9342
4.8412
5.77689
6.74129
7.72269
0
0.856177
1.7259
2.6203
3.55844
4.5407
5.54562
6.54696
7.53321
0.575292
0.998612
0.426589
0
1.64074
1.9297
1.28921
2.58983
2.83006
2.16861
3.48772
3.7434
3.08328
4.38459
4.68839
4.04502
5.30519
5.66001
5.04212
6.25593
6.64394
6.04796
7.23115
7.62816
7.04176
0.506428
1.47128
2.38053
3.28328
4.21184
5.17173
6.1513
7.13659
0.287308
0.538064
0.253325
0
1.3875
1.5548
1.23712
1.0608
2.35988
2.48366
2.15565
2.02643
3.26484
3.38385
3.05596
2.93407
4.15873
4.29717
3.97656
3.83736
5.07224
5.23843
4.92932
4.76425
6.01554
6.20424
5.90539
5.71883
6.98581
7.18428
6.89034
6.69326
0.854922
0.755135
0.933006
0.640891
0.472922
0.21372
0
1.88647
1.70186
1.83106
1.50699
1.38475
1.07232
2.81669
2.60511
2.72637
2.39316
2.2767
1.94631
3.71067
3.51235
3.65083
3.31934
3.18374
2.85028
4.61202
4.44916
4.61378
4.29192
4.12794
3.80042
5.54008
5.41538
5.60182
5.29383
5.106
4.79093
6.49791
6.39754
6.59473
6.29796
6.0987
5.7971
7.47695
7.67546
7.38256
7.58078
7.28776
7.08886
6.79488
0.266028
1.31106
2.25634
3.15872
4.06638
5.0005
5.96099
6.93863
0.80331
0.703975
0.24016
1.79292
1.6083
1.15982
2.70929
2.50077
2.05366
3.60993
3.41601
2.95392
4.52979
4.3699
3.88818
5.47792
5.35363
4.85926
6.44839
6.34691
5.85026
7.42996
7.33509
6.84207
0.139663
0.275099
0.130555
0
1.25776
1.34863
1.1868
1.0926
2.24342
2.30749
2.14177
2.0755
3.15323
3.21118
3.04637
2.98712
4.04632
4.11216
3.95166
3.88531
4.95648
5.03633
4.88216
4.80259
5.89599
5.98849
5.83977
5.74804
6.86342
6.96243
6.81589
6.71752
0.716097
0.828361
0.671686
0.555725
0.631434
0.730401
0.588645
0.490517
0.126144
0.2472
0.121364
0
1.76447
1.83908
1.6745
1.59714
1.58697
1.6557
1.49667
1.42874
1.11846
1.19927
1.04668
0.966652
2.70357
2.76236
2.59663
2.53612
2.49281
2.55316
2.38858
2.32893
2.04286
2.10506
1.94234
1.8809
3.59915
3.65978
3.49674
3.43522
3.39758
3.46413
3.29956
3.23351
2.94286
3.00501
2.83989
2.77835
4.4981
4.57068
4.41325
4.34057
4.33025
4.40937
4.24866
4.16974
3.85972
3.93225
3.7692
3.69703
5.42239
5.50913
5.35799
5.27186
5.29342
5.38433
5.22972
5.13869
4.80865
4.89412
4.73635
4.65091
6.37673
6.47342
6.32621
6.23034
6.27439
6.37211
6.22284
6.12486
5.78262
5.87767
5.72603
5.63075
7.35402
7.45353
7.30713
7.20787
7.25961
7.35881
7.21204
7.11268
6.76715
6.86614
6.71847
6.61924
0.43262
0.402613
0.521926
0.380233
0.259519
0
1.51512
1.43369
1.51305
1.3547
1.27411
1.02968
2.47529
2.37026
2.43195
2.26817
2.20589
1.97801
3.3763
3.27119
3.3333
3.16942
3.10709
2.88184
4.27148
4.18155
4.25428
4.09394
4.02123
3.79012
5.18847
5.11926
5.20501
5.05036
4.9648
4.72617
6.13552
6.08249
6.17782
6.02829
5.93322
5.68942
7.1084
7.06143
7.16048
7.01349
6.91455
6.66867
0.99153
0.932991
0.877524
0.779095
0.818779
0.89651
0.7484
0.674526
0.533613
0.451947
0.356868
0.319822
0.229581
0.109162
0
2.00685
1.91019
1.81607
1.74738
1.71975
1.77958
1.61628
1.55894
1.39797
1.33849
1.27249
1.18066
1.11778
0.964142
2.92925
2.82174
2.7175
2.65701
2.61336
2.6738
2.50639
2.44756
2.28058
2.2234
2.16509
2.0572
2.0009
1.83589
3.82233
3.72346
3.62762
3.56088
3.5331
3.60468
3.43851
3.36781
3.20092
3.13373
3.06853
2.96639
2.90244
2.73492
4.72638
4.64679
4.56855
4.48929
4.49162
4.57703
4.4161
4.33075
4.1682
4.08638
4.00777
3.9224
3.84427
3.67907
5.65825
5.59821
5.53758
5.44662
5.47767
5.57339
5.41974
5.32341
5.16794
5.07377
4.9825
4.91643
4.82484
4.66566
6.61944
6.57075
6.52073
6.42303
6.47087
6.57059
6.42259
6.32213
6.17308
6.073
5.97449
5.92262
5.82334
5.67142
7.59987
7.6991
7.55274
7.65184
7.5054
7.40629
7.60446
7.458
7.55702
7.41053
7.3114
7.16486
7.06519
6.96553
6.91844
6.81827
6.67105
0.133498
1.22161
2.19198
3.09919
3.99856
4.91923
5.86809
6.83989
0.693065
0.610882
0.12409
1.71886
1.54249
1.08339
2.64948
2.44096
1.99307
3.5474
3.34854
2.89147
4.4554
4.2893
3.81435
5.39028
5.26139
4.77233
6.35174
6.24849
5.75416
7.33069
7.2358
6.74273
0.416485
0.39108
0.128278
1.47377
1.39422
1.15263
2.42216
2.3191
2.09224
3.32316
3.22005
2.99438
4.22616
4.13751
3.90544
5.15387
5.08472
4.84528
6.10925
6.05543
5.81121
7.0851
7.03752
6.79159
0.961541
0.905195
0.651348
0.849001
0.785603
0.563283
0.369313
0.340607
0.117876
1.95791
1.8631
1.63074
1.76848
1.66921
1.44872
1.31436
1.22819
1.00723
2.87488
2.76941
2.54455
2.6656
2.5604
2.33525
2.21699
2.11198
1.89013
3.7724
3.67528
3.4469
3.58029
3.48589
3.25042
3.11901
3.01774
2.7878
4.68641
4.6075
4.37155
4.52992
4.45367
4.2083
4.05072
3.96502
3.72414
5.62838
5.56788
5.32566
5.50746
5.44838
5.19853
5.01625
4.94919
4.70077
6.59535
6.54581
6.30036
6.4957
6.44645
6.19765
6.00125
5.94823
5.69839
7.57635
7.5291
7.28341
7.48169
7.43428
7.18838
6.98946
6.94183
6.69453
0
0.236939
0.640532
1.08819
1.49637
1.82723
2.07759
2.27443
2.45895
1
1.18864
1.54934
1.98852
2.41687
2.77562
3.04653
3.25321
3.44092
0.097739
0.69088
1.07277
0.5
0.42546
1.08745
1.35261
0.865409
1.54019
1.76532
1.30043
1.9638
2.20854
1.67244
2.31
2.60714
1.96139
2.56832
2.92144
2.18014
2.76605
3.1552
2.36592
2.95002
3.34671
0.553594
0.875074
1.31308
1.75948
2.14818
2.44922
2.67192
2.85701
0.0541841
0.319032
0.510745
0.25
0.326599
0.646007
0.778373
0.458276
0.752584
1.0878
1.19941
0.861173
1.19604
1.53081
1.65131
1.31398
1.58703
1.9125
2.0587
1.73176
1.89677
2.20753
2.38234
2.07099
2.13025
2.42728
2.6217
2.32476
2.32021
2.61165
2.81155
2.5209
0.159583
0.615087
0.934601
1.12366
0.804594
1.03878
0.75
0.530856
0.978758
1.31761
1.44776
1.11129
1.26562
0.977655
1.42709
1.76557
1.87671
1.53962
1.65572
1.40071
1.86388
2.19235
2.31462
1.98574
2.09951
1.75251
2.23197
2.54483
2.69423
2.37976
2.51456
2.0215
2.51104
2.80879
2.98635
2.68709
2.85131
2.22797
2.71977
3.01003
3.20515
2.91444
3.10258
2.41205
2.70447
2.90302
3.19548
3.39347
3.10192
3.30016
0.273738
0.547517
0.973877
1.42403
1.82484
2.14189
2.37751
2.56628
0.381104
0.862496
0.763475
0.751271
1.21167
1.01827
1.20156
1.65275
1.42744
1.63359
2.09114
1.87691
1.99456
2.46518
2.28871
2.26831
2.75027
2.61873
2.47481
2.96309
2.86327
2.65756
3.14825
3.05606
0.0326248
0.161952
0.259537
0.125
0.280423
0.435772
0.501572
0.346193
0.696383
0.862608
0.917279
0.750056
1.14251
1.31008
1.36936
1.20097
1.54235
1.70645
1.77895
1.61449
1.86264
2.01997
2.10711
1.94975
2.10431
2.2543
2.35156
2.20167
2.29736
2.44334
2.54364
2.39783
0.126477
0.268831
0.348004
0.206971
0.58238
0.737069
0.831606
0.676918
0.500859
0.635011
0.75273
0.625
0.477499
0.640095
0.697934
0.5346
0.926168
1.09466
1.16067
0.992391
0.733323
0.897261
0.975131
0.811372
0.921696
1.08933
1.14478
0.976155
1.37012
1.54001
1.59614
1.42631
1.14312
1.31324
1.37213
1.20218
1.35113
1.51747
1.58274
1.41581
1.81219
1.97793
2.03892
1.87297
1.59606
1.7644
1.82149
1.65308
1.71315
1.87416
1.95423
1.79306
2.19079
2.34909
2.42319
2.26448
2.01191
2.1742
2.24117
2.07854
1.99198
2.14546
2.23849
2.08507
2.48073
2.63107
2.7193
2.56861
2.34687
2.50102
2.58249
2.42792
2.20426
2.35164
2.45128
2.30404
2.69609
2.84161
2.93903
2.79342
2.59545
2.74279
2.83649
2.68891
2.38889
2.53478
2.63451
2.4888
2.87992
3.02566
3.125
2.97951
2.78885
2.93389
3.03311
2.88817
0.0734332
0.294172
0.434432
0.529563
0.390325
0.375
0.375056
0.595769
0.759544
0.825715
0.661741
0.573163
0.809006
1.03078
1.20017
1.25612
1.08621
0.973704
1.24873
1.47787
1.6454
1.70581
1.53781
1.42711
1.63041
1.86936
2.03086
2.10414
1.94225
1.8482
1.92967
2.17534
2.32888
2.41644
2.26265
2.19104
2.1555
2.40272
2.54989
2.64716
2.49996
2.44695
2.34303
2.58893
2.73439
2.83425
2.68902
2.64363
0.196481
0.417993
0.651354
0.496468
0.896955
1.06041
1.15456
0.991359
1.09641
0.93654
0.78185
1.05346
0.898021
1.02297
0.875
0.585299
0.805763
1.03259
0.864217
1.26405
1.43345
1.49786
1.32949
1.39929
1.23146
1.06373
1.308
1.14114
1.22579
1.03321
1.25801
1.48382
1.31421
1.70927
1.87746
1.93265
1.76507
1.82089
1.65272
1.48332
1.71022
1.5417
1.60204
1.44915
1.68328
1.91443
1.74908
2.14231
2.30516
2.36629
2.20342
2.26203
2.09765
1.9317
2.15435
1.98868
2.0442
1.79053
2.03347
2.2717
2.11381
2.50573
2.66073
2.73566
2.58024
2.65141
2.494
2.33493
2.56154
2.40219
2.46634
2.05001
2.29704
2.54021
2.39014
2.78008
2.92798
3.01701
2.86869
2.95453
2.8047
2.65358
2.88707
2.73549
2.81419
2.25132
2.49799
2.74305
2.59751
2.98673
3.13169
3.22936
3.08425
3.18045
3.03502
2.88922
3.12927
2.98319
3.07503
2.43537
2.5817
2.68088
2.82726
2.92638
2.78032
3.07275
3.17174
3.31819
3.41708
3.27082
3.37001
3.22429
3.07897
3.32343
3.17813
3.27677
0.143436
0.389648
0.806119
1.2559
1.66112
1.98552
2.22839
2.42062
0.235765
0.705046
0.625365
0.586664
1.04275
0.853017
1.03287
1.48316
1.25736
1.46719
1.92595
1.70902
1.8343
2.30751
2.12702
2.11582
2.60045
2.46517
2.32806
2.81777
2.7163
2.5117
3.00249
2.91109
0.182292
0.409869
0.378872
0.484202
0.709643
0.616139
0.919353
1.1431
1.02968
1.36341
1.59204
1.48279
1.75044
1.98725
1.89588
2.05313
2.29641
2.22753
2.27949
2.52526
2.47389
2.46604
2.71167
2.66637
0.30578
0.533153
0.463438
0.772611
1.0243
0.962048
0.653397
0.915147
0.884121
0.694646
0.918474
0.811155
1.14787
1.38083
1.27962
0.943803
1.18523
1.09946
1.14541
1.37086
1.25726
1.59669
1.82134
1.70881
1.36961
1.59696
1.48714
1.56659
1.79924
1.69776
2.02881
2.25484
2.15099
1.81908
2.04351
1.93329
1.91264
2.15313
2.07305
2.38923
2.62121
2.53784
2.22004
2.44878
2.3543
2.17405
2.41906
2.3601
2.66053
2.89889
2.83732
2.53548
2.77077
2.69883
2.37486
2.62071
2.57394
2.86505
3.10814
3.05991
2.76846
3.00948
2.95606
2.5581
2.80365
2.75726
3.04908
3.29439
3.24748
2.95667
3.2012
3.15499
