FiniteElementSpace
FiniteElementCollection: H1_2D_P2
VDim: 2
Ordering: 0

0
0.00429641
-0.00381649
-0.0196073
-0.0286031
-0.0302355
-0.0279418
-0.0202276
-0.0092313
0
-0.0109523
-0.0209453
-0.0285318
-0.0315854
-0.031614
-0.0286089
-0.0202358
-0.0086104
0.00307229
-0.00259675
-0.00559625
0
0.00201913
-0.0117515
-0.0160902
-0.0118012
-0.0243329
-0.0252392
-0.0253643
-0.0304954
-0.0305909
-0.0299677
-0.0312352
-0.031867
-0.0296488
-0.0287669
-0.0306616
-0.0247888
-0.0205688
-0.0251208
-0.0147815
-0.00894941
-0.014472
-0.000718358
-0.00618837
-0.018354
-0.0284228
-0.0312274
-0.0305581
-0.0254327
-0.0147666
0.00148601
0.00102057
-0.000223721
0
0.00363101
-0.00219652
-0.00413627
0.000720807
-0.00767889
-0.0151347
-0.0150216
-0.00787023
-0.0228067
-0.0269253
-0.0266498
-0.0220072
-0.029463
-0.0306415
-0.0309798
-0.0295843
-0.030058
-0.0301972
-0.0310028
-0.0307987
-0.0265555
-0.0252347
-0.0273057
-0.0284756
-0.0175675
-0.0148088
-0.0177298
-0.0204886
0.0040681
-0.00149388
-0.00625502
-0.00829379
-0.00274659
-0.00283004
0
-0.000507751
-0.00875426
-0.015903
-0.0185635
-0.0105449
-0.013551
-0.0158708
-0.0215233
-0.0265654
-0.0270344
-0.0216587
-0.02319
-0.0272734
-0.0296777
-0.031216
-0.031199
-0.0297328
-0.0297135
-0.0302082
-0.0313043
-0.0315101
-0.0318096
-0.0316519
-0.0317968
-0.0289603
-0.0298348
-0.0288231
-0.0297994
-0.0307201
-0.0312477
-0.0226618
-0.0231675
-0.0204851
-0.0228309
-0.0254037
-0.0270533
-0.0119748
-0.00909327
-0.0118009
-0.00877838
-0.0115097
-0.0146466
-0.017416
0.000467372
-0.000374112
-0.0114216
-0.0247611
-0.03026
-0.0306081
-0.0270575
-0.0177119
0.00115163
-0.00445803
-0.00105249
-0.00473106
-0.0131107
-0.00826197
-0.0187423
-0.0242935
-0.0188052
-0.0285083
-0.0306495
-0.0283852
-0.0308083
-0.0316446
-0.0315243
-0.0295068
-0.0299425
-0.0312203
-0.0230262
-0.0231075
-0.0273157
-0.0118997
-0.0116623
-0.0176272
0.000560545
0.00091183
0.00015906
0
0.00408328
0.001564
0.000262346
0.00244131
-0.00569697
-0.00958668
-0.00960888
-0.00588914
-0.0212905
-0.0237898
-0.0234555
-0.0208181
-0.0290851
-0.029865
-0.0299655
-0.0290959
-0.0301734
-0.0303508
-0.0307282
-0.0305299
-0.0272987
-0.0268411
-0.0278167
-0.0282411
-0.0189201
-0.0176558
-0.0191233
-0.0203827
0.00365545
0.00254147
0.00114994
0.00197993
-0.00107066
-0.00290019
-0.00360185
-0.00166031
-8.66948e-05
-0.000598234
-0.000392712
0
0.000866723
-0.00267329
-0.00337878
-0.000148817
-0.00741032
-0.0108543
-0.011795
-0.0082807
-0.0033059
-0.00611259
-0.00722758
-0.00434405
-0.0138674
-0.0173245
-0.016968
-0.0134948
-0.019971
-0.0229074
-0.0230112
-0.0199843
-0.0133641
-0.0168694
-0.0173488
-0.0137636
-0.0264016
-0.0278928
-0.0277864
-0.0261478
-0.0291101
-0.0301983
-0.0302393
-0.0291119
-0.0255566
-0.0275457
-0.0275322
-0.0254654
-0.030116
-0.030517
-0.0307486
-0.0303103
-0.0312851
-0.0314961
-0.0316639
-0.0314634
-0.0307728
-0.0312796
-0.031397
-0.0308875
-0.0293445
-0.0292618
-0.0298912
-0.0299461
-0.0302354
-0.0299174
-0.0303698
-0.0306652
-0.0311421
-0.0311348
-0.0313875
-0.0313942
-0.0237698
-0.0228749
-0.0241757
-0.0250461
-0.0243458
-0.0231628
-0.0243005
-0.0254472
-0.0280869
-0.0273415
-0.0281192
-0.0288256
-0.0133727
-0.0119367
-0.0133479
-0.0148019
-0.013277
-0.011736
-0.0131482
-0.0147156
-0.0191724
-0.017693
-0.0190789
-0.0205471
0.0023487
0.000781128
0.000146305
-0.00043673
0.000121454
0
0.00294686
-0.00119269
-0.0041884
-0.00509644
-0.00225187
-0.000935923
-0.00973098
-0.0132748
-0.016747
-0.0166932
-0.0132214
-0.00980843
-0.0241747
-0.0259186
-0.027688
-0.0276031
-0.0257173
-0.0231791
-0.0297529
-0.030482
-0.0309502
-0.0311285
-0.0306355
-0.0300554
-0.0298859
-0.030434
-0.0304015
-0.030811
-0.0308263
-0.0310352
-0.0257218
-0.0261962
-0.0253624
-0.0264198
-0.0272113
-0.0286502
-0.0161829
-0.0162686
-0.0147976
-0.0162562
-0.0177364
-0.0205498
0.00429052
0.00101336
-0.00199785
-0.000170951
-0.00533707
-0.00842666
-0.00963193
-0.00623122
-0.00694689
-0.00404806
-0.0018845
-0.00423744
-0.00177264
-0.00126791
0
-0.00207562
-0.00623489
-0.010207
-0.00673887
-0.0144845
-0.0182726
-0.01977
-0.0156482
-0.0173386
-0.0131122
-0.00936783
-0.0148306
-0.0107062
-0.0122613
-0.0178028
-0.0204304
-0.0229816
-0.0201387
-0.0254794
-0.027603
-0.0278186
-0.0256783
-0.0261693
-0.0234091
-0.0202472
-0.0242419
-0.0208989
-0.0220888
-0.0280069
-0.0291037
-0.0301345
-0.0291082
-0.0309701
-0.0314549
-0.0314138
-0.0309942
-0.0309224
-0.0302413
-0.0291148
-0.0301847
-0.0291253
-0.0291581
-0.0302464
-0.0308252
-0.0312886
-0.0310729
-0.0315944
-0.0315825
-0.031728
-0.0317478
-0.0318516
-0.0317861
-0.0316071
-0.0318453
-0.0316989
-0.0317076
-0.0284975
-0.0290373
-0.0293471
-0.0296976
-0.0294284
-0.0287542
-0.0292477
-0.0299058
-0.0302675
-0.0307204
-0.0310003
-0.0309838
-0.031258
-0.0314527
-0.0214798
-0.0217933
-0.0219043
-0.0231225
-0.0218319
-0.0203819
-0.021568
-0.0229988
-0.0240192
-0.0252979
-0.0264094
-0.0261347
-0.027223
-0.0278786
-0.0105888
-0.00915978
-0.0104786
-0.00902489
-0.0103548
-0.0118553
-0.00886648
-0.010203
-0.00869046
-0.0100464
-0.0115836
-0.0129854
-0.0145629
-0.016145
-0.0159524
-0.017534
-0.0188485
0.000303465
0.00210661
-0.00769373
-0.0223801
-0.029528
-0.0304661
-0.027591
-0.0190421
0.00233458
-0.00226229
-0.00021158
-0.00131335
-0.00951961
-0.00518212
-0.015439
-0.0214799
-0.0153021
-0.0270957
-0.0297096
-0.0265674
-0.0304397
-0.031497
-0.0311146
-0.0296433
-0.0303301
-0.0312872
-0.0240053
-0.0243505
-0.0281339
-0.0133635
-0.0132192
-0.019143
0.00150219
0.000167107
3.77732e-05
0.000814425
-0.00314082
-0.00151909
-0.0115338
-0.014985
-0.011485
-0.02505
-0.0267737
-0.0245164
-0.0301221
-0.0308209
-0.0303847
-0.0301803
-0.0306448
-0.0309546
-0.0259932
-0.0263374
-0.0279813
-0.0162373
-0.0162751
-0.0191662
0.00258365
-0.000490954
3.8115e-05
-0.00358877
-0.00732365
-0.00514408
-0.00109501
-0.00293198
-0.000639539
-0.00420516
-0.00821766
-0.00539051
-0.012274
-0.0169543
-0.0143665
-0.00714505
-0.0118935
-0.00955374
-0.0191298
-0.0217133
-0.0184735
-0.0242387
-0.0266855
-0.0245786
-0.0184371
-0.0221749
-0.0195919
-0.0285569
-0.0296344
-0.0284627
-0.0305859
-0.0312551
-0.0306573
-0.0283908
-0.0297298
-0.028413
-0.0305468
-0.0310743
-0.031033
-0.0314629
-0.0316818
-0.0317815
-0.0313934
-0.0317589
-0.031599
-0.0287974
-0.0292201
-0.0300886
-0.0294176
-0.0293748
-0.030351
-0.0309303
-0.031019
-0.0314425
-0.0216643
-0.0218723
-0.0242881
-0.0218909
-0.0217254
-0.0241924
-0.0264447
-0.0263091
-0.0280374
-0.0105325
-0.0104204
-0.0133198
-0.0102819
-0.010122
-0.0130675
-0.0162123
-0.0160567
-0.0189805
0
0.0122947
0.0343023
0.0458859
0.0449861
0.0414412
0.0374248
0.0336145
0.0320611
0
0.0114565
0.0278685
0.039853
0.0435014
0.0432177
0.0430705
0.0435541
0.0431782
0.00391676
0.0106837
0.00541971
0
0.0234554
0.0315175
0.0195059
0.0421453
0.0436243
0.0349558
0.0462878
0.0444467
0.0425168
0.0432334
0.0423262
0.0435263
0.0395256
0.0401761
0.0430055
0.0353352
0.0384855
0.0433361
0.0325352
0.037532
0.0434918
0.00269946
0.0211623
0.0393565
0.0448744
0.0434353
0.0412283
0.0392399
0.0379246
0.00166184
0.00294382
0.000353773
0
0.0177162
0.0222122
0.0157651
0.011269
0.0387155
0.0408081
0.035858
0.0329028
0.0464055
0.0456865
0.0445471
0.0448528
0.0441222
0.0433545
0.0439705
0.0447914
0.0405079
0.0403205
0.0417743
0.0418518
0.0363573
0.0372848
0.0396884
0.0387576
0.0329874
0.0352611
0.0381822
0.0360839
0.00757664
0.00624206
0.0106534
0.00810315
0.00344542
0.00344251
0
0.0291111
0.0265252
0.0299621
0.0237577
0.0202678
0.0153298
0.0445175
0.0419344
0.0420606
0.0377
0.0375684
0.0316492
0.0457522
0.0447878
0.0439913
0.0431737
0.0438321
0.0414379
0.0423427
0.0428816
0.0428028
0.0433815
0.043483
0.0435909
0.0384922
0.0406929
0.0416284
0.0430025
0.0421554
0.043082
0.0344068
0.0388378
0.0409352
0.0434687
0.0412396
0.0431915
0.0322425
0.0347855
0.0377086
0.0403254
0.0433464
0.0406344
0.0435655
0.00056747
0.0165871
0.0373146
0.0455826
0.0440954
0.0410923
0.0379983
0.0356241
0.00661233
0.00663102
0.00109863
0.0277699
0.0252573
0.0152955
0.0433067
0.0402079
0.0341257
0.0453646
0.0440436
0.0432216
0.0426041
0.0431474
0.04378
0.0395384
0.041874
0.0424679
0.0366406
0.0410823
0.0414185
0.0349869
0.040476
0.0407878
0.000885226
0.00100479
5.23948e-05
0
0.0149351
0.017114
0.0138656
0.0117309
0.0366304
0.038013
0.0352142
0.0335929
0.0462471
0.046018
0.045309
0.0453885
0.0445607
0.0441227
0.0444528
0.0449096
0.0409799
0.040783
0.0414734
0.041635
0.0368887
0.0371711
0.0383737
0.0380774
0.0332793
0.0343233
0.0358417
0.0348647
0.00558441
0.00702727
0.00463533
0.00335076
0.00434575
0.00632866
0.00492764
0.00293091
-0.000106221
0.000580877
0.00037232
0
0.0263198
0.0284228
0.0250224
0.022807
0.0238695
0.0259033
0.0227801
0.0206972
0.0131645
0.0154806
0.0129168
0.0105883
0.0434739
0.0439248
0.0421823
0.0414822
0.0407588
0.0411336
0.0389861
0.0385248
0.0337819
0.0350458
0.0321225
0.0307766
0.0460624
0.0455834
0.0455671
0.0460132
0.0448713
0.0444366
0.0439776
0.0443856
0.0441699
0.0439291
0.0427167
0.0428981
0.042788
0.0424698
0.0429797
0.0432993
0.0431594
0.0430176
0.0433179
0.0434629
0.0442197
0.0438816
0.0439001
0.044231
0.0390149
0.038997
0.0399303
0.0399036
0.0409588
0.0412848
0.0420104
0.0416948
0.0420497
0.0421247
0.0426332
0.0425679
0.0348566
0.0355334
0.0369527
0.0363117
0.0390326
0.0399493
0.0411589
0.0402317
0.0399279
0.0405488
0.0415191
0.0409009
0.032371
0.0336214
0.0351136
0.0339126
0.0378116
0.0390821
0.0405554
0.0392678
0.0383279
0.0394723
0.040862
0.0396979
0.00257835
0.00157641
0.00271641
0.00136093
0.000358986
0
0.0205684
0.0193838
0.0216656
0.0184463
0.0161363
0.0109163
0.0405716
0.0391844
0.0401065
0.0377181
0.0366033
0.0322171
0.0464176
0.0457003
0.045307
0.0447724
0.0450943
0.0442688
0.0436782
0.0437276
0.0434
0.0437071
0.0440437
0.0446357
0.0400236
0.0407081
0.0407667
0.0415003
0.0414269
0.0420852
0.0358378
0.0376342
0.0382595
0.0394586
0.0388384
0.0394601
0.0327398
0.0354309
0.0365932
0.0380479
0.0369044
0.0372855
0.00981683
0.00883606
0.00836571
0.00634424
0.00855203
0.0109215
0.00970804
0.00720006
0.00667867
0.00427025
0.00217475
0.00434231
0.00206784
0.00219837
0
0.0317917
0.03041
0.0290859
0.0271415
0.0276616
0.029015
0.025843
0.0245528
0.0216384
0.0198689
0.0177614
0.0173983
0.0152321
0.0133466
0.0453292
0.0441927
0.0428824
0.0426491
0.0412248
0.0410697
0.0388446
0.0390942
0.0363959
0.036412
0.0359414
0.0333641
0.0330238
0.0298075
0.0453895
0.0451002
0.0446403
0.0450983
0.0440426
0.0437466
0.043371
0.0436244
0.0428897
0.0432168
0.0435842
0.0420321
0.0424068
0.0407086
0.0418944
0.0422285
0.0426037
0.042743
0.0429749
0.0430216
0.0432981
0.0432694
0.043459
0.0435031
0.0436388
0.0435719
0.043681
0.043569
0.0379613
0.0391467
0.0404315
0.0401078
0.0417466
0.0423532
0.0430285
0.0424495
0.0429945
0.0425958
0.0423082
0.0430348
0.0427903
0.0431436
0.0339916
0.0363505
0.0386553
0.0377385
0.0410082
0.0422163
0.0435193
0.042252
0.0434063
0.0422724
0.0413256
0.0432632
0.0422993
0.0431261
0.0321426
0.0334236
0.0348791
0.0361567
0.0376153
0.0363468
0.0389192
0.0403978
0.0417434
0.0432605
0.0418958
0.0434262
0.0420391
0.0407119
0.0435393
0.0421479
0.0435703
0.00035635
0.0143571
0.0359152
0.0457987
0.0445243
0.0412121
0.0376207
0.0345775
0.00503706
0.00451211
3.48768e-05
0.0256487
0.0233223
0.0129753
0.0428357
0.0399358
0.0329985
0.0458401
0.0444508
0.0434939
0.0428847
0.0432419
0.0440687
0.0394533
0.0414869
0.042345
0.0359104
0.0400863
0.0407205
0.0337532
0.0391726
0.0395822
0.00199043
0.00135915
-9.72185e-05
0.0199445
0.0188846
0.0134655
0.0398782
0.0384718
0.0345101
0.0460834
0.0452644
0.0447693
0.0437127
0.0437252
0.0443499
0.0403472
0.041097
0.0417564
0.0367334
0.0385425
0.0391448
0.0341019
0.0367403
0.0370859
0.0092688
0.00852983
0.00439612
0.00836425
0.00897724
0.00563424
0.00161195
0.00308876
0.00100703
0.0310864
0.0297485
0.0244323
0.0283989
0.0268262
0.0222231
0.01807
0.0175295
0.0130227
0.0447756
0.0435669
0.0414969
0.0421134
0.0401631
0.0378388
0.036889
0.0347988
0.0310855
0.0452679
0.0448896
0.0452436
0.0443575
0.0437138
0.0434617
0.0442169
0.0428675
0.0418083
0.0420537
0.0424142
0.043072
0.0427926
0.043145
0.0433901
0.0436777
0.0436019
0.0437317
0.0385376
0.0397817
0.0404366
0.0410891
0.0423952
0.0425162
0.0419077
0.0426873
0.0429022
0.0351839
0.037503
0.0379909
0.03982
0.0422374
0.0422628
0.0403858
0.0422837
0.0423216
0.0335134
0.0362456
0.0364623
0.0389968
0.0418182
0.0419708
0.0393675
0.0420986
0.0421871
