FiniteElementSpace
FiniteElementCollection: L2_2D_P3
VDim: 1
Ordering: 0

0.00141529
0.00116781
0.00233763
0.00352942
0.000723704
0.000795395
0.00186644
0.00303166
0.00040737
0.000538427
0.00131399
0.0021875
0.000429174
0.000459526
0.000942953
0.00149208
0.00637814
0.00662067
0.00699912
0.00733852
0.00498682
0.005177
0.00547933
0.00575427
0.00342256
0.00355167
0.00376449
0.00396301
0.00242796
0.00251681
0.002669
0.00281448
0.0103606
0.0104276
0.010626
0.010864
0.00818533
0.00823511
0.00839549
0.00859257
0.00569464
0.00572456
0.00583987
0.00598755
0.00406874
0.00408707
0.00417133
0.00428277
0.0108291
0.0105861
0.0103798
0.0103056
0.00857164
0.00837181
0.00820677
0.00815256
0.00598358
0.00583571
0.00571945
0.00568826
0.00429033
0.00418033
0.00409755
0.0040801
0.00719993
0.0068594
0.00647579
0.00622656
0.00567213
0.00539769
0.00509299
0.00489875
0.00394355
0.00374685
0.00353422
0.00340367
0.00283391
0.00269055
0.00253969
0.00245087
0.00307957
0.00286261
0.00260212
0.00241904
0.00241511
0.00224277
0.00203821
0.00189625
0.00168206
0.00156079
0.00142
0.00132482
0.00122881
0.0011408
0.00104128
0.000976195
0.000798082
0.000714463
0.000613395
0.000541949
0.00063088
0.000564884
0.000485977
0.000430848
0.000455448
0.000408865
0.000354433
0.000317373
0.00035535
0.000320654
0.000281282
0.000255398
7.13534e-05
5.67138e-05
4.02122e-05
2.95304e-05
6.22671e-05
5.0133e-05
3.65806e-05
2.78821e-05
5.6039e-05
4.63037e-05
3.56354e-05
2.89195e-05
5.58547e-05
4.71855e-05
3.78765e-05
3.21493e-05
0.00417642
0.00443625
0.00481758
0.00514324
0.00329501
0.00348137
0.00376172
0.00400601
0.00229909
0.00240793
0.00258048
0.00273692
0.00166457
0.00172761
0.00183543
0.00193826
0.000201194
0.000207335
0.000216763
0.000225141
0.000301693
0.00030143
0.000299473
0.000296945
0.000731075
0.000734152
0.000732344
0.000726253
0.00129154
0.00131159
0.0013287
0.00133356
0.000775344
0.00052159
0.000322087
0.000238053
0.00075349
0.000523317
0.000382625
0.000353527
0.000668428
0.000516169
0.000582237
0.000753014
0.000611824
0.000532569
0.000839948
0.00125931
0.0085783
0.00876686
0.00910108
0.00942662
0.00674882
0.00689622
0.00716493
0.00743107
0.00466828
0.00476759
0.00495876
0.00515386
0.00332354
0.00339155
0.00352964
0.00367428
0.000168882
0.000162822
0.000156316
0.000152102
0.000173626
0.000167679
0.000153195
0.000136686
0.000735635
0.000750156
0.000746771
0.000726249
0.00165734
0.00170578
0.00173143
0.00172057
0.000214706
0.000207538
0.000201887
0.000200159
0.000261715
0.000254128
0.00024201
0.000230792
0.000736907
0.000749546
0.000754017
0.000747434
0.00145734
0.00150458
0.00154551
0.00155932
0.0112078
0.0111133
0.0111101
0.0111996
0.00887255
0.00879201
0.00879017
0.00886788
0.00619171
0.00612847
0.00612829
0.00619125
0.00443473
0.00438572
0.00438667
0.00443715
0.000109569
0.000112637
0.000114786
0.000115117
3.67879e-05
4.66828e-05
4.77106e-05
3.94984e-05
0.000658629
0.000683973
0.000682367
0.000654711
0.00178217
0.00182364
0.00181889
0.00177035
0.000124872
0.000122884
0.000119302
0.000115605
8.22355e-05
8.26982e-05
7.2713e-05
5.68154e-05
0.00069389
0.000713174
0.000707063
0.000677925
0.00176103
0.00180814
0.00181691
0.00178213
0.00933882
0.00900851
0.00866524
0.00846762
0.00737818
0.00710966
0.00683559
0.00668237
0.00514162
0.00494658
0.00475396
0.0046524
0.00368868
0.00354541
0.00340818
0.00334017
0.000196076
0.000200522
0.000208885
0.000217724
0.000157522
0.000172286
0.000186408
0.000193725
0.000693932
0.000708381
0.000706767
0.000690877
0.00162572
0.00162567
0.00158992
0.00153716
0.000137621
0.000143581
0.000150972
0.000156741
6.87376e-05
8.50422e-05
9.65767e-05
9.82955e-05
0.000666147
0.000691337
0.000693809
0.000673183
0.00174209
0.00176777
0.00174926
0.00169671
0.00497467
0.00468282
0.00434007
0.00410526
0.00390794
0.00367457
0.00340394
0.00322126
0.0027143
0.00254883
0.00236144
0.00223865
0.00196044
0.00184037
0.00170789
0.00162409
0.000271185
0.000264633
0.000262657
0.000266216
0.000283597
0.00028014
0.000278929
0.000280649
0.000600818
0.000584716
0.000562423
0.000544822
0.00109929
0.00105851
0.00100047
0.000953217
0.000250585
0.000249835
0.000254115
0.000261716
0.000245029
0.000251334
0.000259355
0.000265675
0.000683191
0.00068089
0.000668383
0.000652372
0.00140623
0.0013804
0.00132878
0.00127713
0.00169153
0.00154847
0.00137512
0.0012521
0.00132785
0.00121476
0.0010792
0.000984121
0.0009343
0.000854941
0.000761886
0.000698229
0.000698067
0.000640085
0.000573944
0.00053018
0.00020575
0.000194885
0.000186143
0.000183388
0.000212739
0.000201333
0.000191187
0.000186866
0.000318228
0.00029781
0.000275461
0.000261535
0.000476921
0.000442722
0.000402455
0.00037493
0.00025158
0.000241431
0.000234641
0.000234234
0.000265483
0.000255787
0.000247939
0.000245536
0.000464831
0.000443008
0.000417569
0.000400516
0.00076749
0.000725454
0.000672673
0.000634138
0.000297822
0.000256548
0.000207568
0.000173713
0.000240872
0.000208054
0.00016955
0.000143262
0.000185013
0.000161183
0.000133892
0.000115762
0.000157035
0.000138374
0.000117625
0.000104319
9.94116e-05
9.12464e-05
8.34061e-05
7.93464e-05
9.51249e-05
8.69074e-05
7.89067e-05
7.46657e-05
0.0001054
9.4895e-05
8.40108e-05
7.76541e-05
0.00012556
0.000111557
9.63694e-05
8.69285e-05
0.00015154
0.000141753
0.000133088
0.000129366
0.00015113
0.000140854
0.000131295
0.000126718
0.000194508
0.000178885
0.000162378
0.000152531
0.000262481
0.000238978
0.000212504
0.000195294
5.37215e-06
3.39917e-06
1.53877e-06
6.41338e-07
6.59425e-06
4.39699e-06
2.23454e-06
1.08813e-06
9.26812e-06
6.62186e-06
3.95041e-06
2.4494e-06
1.21879e-05
9.0168e-06
5.81545e-06
3.99856e-06
1.7017e-05
1.33575e-05
9.59797e-06
7.37178e-06
1.5177e-05
1.18256e-05
8.39675e-06
6.37816e-06
1.3138e-05
1.00589e-05
6.93314e-06
5.11799e-06
1.18483e-05
8.88562e-06
5.9069e-06
4.20752e-06
5.30437e-05
4.6706e-05
4.01752e-05
3.63284e-05
4.89455e-05
4.29204e-05
3.6733e-05
3.31078e-05
4.73974e-05
4.10286e-05
3.44153e-05
3.04927e-05
4.90529e-05
4.18434e-05
3.42434e-05
2.96594e-05
0.00314935
0.00335804
0.00368814
0.00397701
0.00265237
0.00277988
0.00297916
0.00315643
0.00196191
0.00202861
0.00213578
0.00223382
0.0014358
0.00149052
0.00157212
0.0016439
0.00112471
0.00118458
0.00127366
0.00134724
0.000674695
0.00071584
0.000780373
0.000837762
0.000296142
0.000314482
0.000347267
0.000379645
0.00017547
0.000182622
0.000199118
0.000217485
0.00047831
0.000450139
0.000773606
0.00117383
0.000584206
0.000462884
0.000552972
0.000739525
0.000708668
0.000497928
0.000377711
0.000366822
0.000765958
0.000522504
0.000329254
0.000247576
0.00749632
0.00772069
0.00808843
0.0084296
0.00588078
0.00605669
0.00635142
0.00662902
0.00405288
0.00417217
0.00438076
0.00458264
0.00288004
0.00296212
0.00311203
0.00326078
0.00233257
0.00239696
0.00251891
0.00264235
0.00144487
0.001479
0.00155426
0.00163634
0.000624256
0.000630536
0.00065773
0.000693653
0.000280702
0.000275879
0.000277648
0.000285169
0.00196631
0.00203595
0.00215915
0.00227926
0.00122129
0.00125903
0.00133447
0.00141322
0.000545647
0.000553746
0.000580923
0.000614997
0.000277554
0.000273303
0.000275638
0.000283512
0.0109275
0.0109158
0.0110182
0.0111874
0.00864438
0.00863062
0.00871383
0.00885568
0.00602541
0.0060099
0.00607036
0.00617899
0.00431112
0.00429664
0.0043414
0.00442482
0.00350317
0.00348893
0.00352616
0.00359774
0.00217375
0.00215769
0.00218203
0.00223567
0.000888366
0.000875968
0.000886322
0.000914783
0.000288137
0.000283898
0.000286077
0.000293688
0.00330344
0.00331603
0.00338542
0.00347972
0.00204691
0.00204785
0.002092
0.00215926
0.000839841
0.000833645
0.000850837
0.000883706
0.00028454
0.000280061
0.000281963
0.000289346
0.0101998
0.0099035
0.00961742
0.00947362
0.00806734
0.00782531
0.0075965
0.00748637
0.00562771
0.0054505
0.00528932
0.00521832
0.00403621
0.00390533
0.00379039
0.00374431
0.0032872
0.0031782
0.00308521
0.00305102
0.00205705
0.0019831
0.0019268
0.00191384
0.000873487
0.000840803
0.000822549
0.000826944
0.000326142
0.000320997
0.000323063
0.000331572
0.00349245
0.00340028
0.00333342
0.00332263
0.00217948
0.00211533
0.00207514
0.00207725
0.000909055
0.000879671
0.000867295
0.0008775
0.000314222
0.000309789
0.000312398
0.000321015
0.00606667
0.0057451
0.00537404
0.00512532
0.00477223
0.00451411
0.00422026
0.00402651
0.00331525
0.00313129
0.00292705
0.00279673
0.00238703
0.00225333
0.00210872
0.00201987
0.00195359
0.00184358
0.0017269
0.00165729
0.00125137
0.00117987
0.00110882
0.00107069
0.000606489
0.000574575
0.000548195
0.000539238
0.000339342
0.000328466
0.000323419
0.000326526
0.00231466
0.00219648
0.00207467
0.00200532
0.0014702
0.00139302
0.00131899
0.00128193
0.000683261
0.000649519
0.000623108
0.000615929
0.000345251
0.000335934
0.000333116
0.000338165
0.00231969
0.00214098
0.00192511
0.00177239
0.00181921
0.00167764
0.00150851
0.00139029
0.0012719
0.00117248
0.0010563
0.000977122
0.000937963
0.000865646
0.000783371
0.000729119
0.000782805
0.000723216
0.000656631
0.000613725
0.000533594
0.000494302
0.000452636
0.000427657
0.000320831
0.000300143
0.000280968
0.000271929
0.000249319
0.000236322
0.000226029
0.000223003
0.00101812
0.000945745
0.000865379
0.000814045
0.000679666
0.000632357
0.000582587
0.000553125
0.000384748
0.000361061
0.000339493
0.000329754
0.000279027
0.000265786
0.000255964
0.00025393
0.000506312
0.000445939
0.000373451
0.000322625
0.000403559
0.000355823
0.00029914
0.000259872
0.00029847
0.000264448
0.000224996
0.000198384
0.000241203
0.000215372
0.000186301
0.00016738
0.000214094
0.000192137
0.000167847
0.000152374
0.000168239
0.000152412
0.000135672
0.000125632
0.00013392
0.000123097
0.000112554
0.000107
0.00012794
0.000118553
0.000109829
0.00010562
0.000308477
0.000279375
0.000246939
0.000226085
0.000231409
0.000211136
0.000189607
0.000176639
0.000170871
0.000158045
0.000145722
0.000139417
0.000156479
0.000146069
0.000136734
0.000132599
2.50025e-05
1.83025e-05
1.11779e-05
6.93026e-06
2.41918e-05
1.82275e-05
1.1881e-05
8.06467e-06
2.56745e-05
2.02312e-05
1.44651e-05
1.09849e-05
2.88984e-05
2.34239e-05
1.76738e-05
1.42252e-05
2.98761e-05
2.4462e-05
1.87407e-05
1.52684e-05
2.99833e-05
2.48879e-05
1.95268e-05
1.62782e-05
3.13828e-05
2.63737e-05
2.11302e-05
1.79612e-05
3.35032e-05
2.82907e-05
2.28394e-05
1.95445e-05
5.519e-05
4.70904e-05
3.84243e-05
3.31036e-05
5.19483e-05
4.49208e-05
3.75183e-05
3.30505e-05
5.12872e-05
4.49255e-05
3.83368e-05
3.44359e-05
5.36662e-05
4.72356e-05
4.06006e-05
3.66868e-05
0.00528909
0.00553146
0.00589803
0.0062192
0.00412112
0.0043105
0.00460168
0.00486017
0.00281701
0.00294504
0.0031484
0.00333339
0.00199627
0.00208404
0.0022286
0.00236339
0.00161982
0.00168777
0.00180354
0.00191392
0.00101102
0.00104815
0.00111846
0.00118988
0.000468455
0.000477916
0.000504227
0.000535618
0.000266909
0.000265104
0.000269687
0.000278753
0.00136085
0.00140834
0.00149168
0.00157269
0.000849137
0.000876358
0.000928142
0.000981015
0.000390952
0.00040293
0.00042817
0.000455492
0.000227611
0.000235009
0.000248632
0.000262694
0.000226218
0.000221246
0.000218692
0.000219623
0.00029407
0.000287285
0.000277782
0.00026989
0.000726128
0.000736135
0.000741567
0.000739226
0.00134392
0.00138545
0.00142623
0.00144563
0.00175862
0.00182556
0.0018959
0.00193492
0.00275944
0.00288386
0.00302581
0.00311711
0.00459829
0.00483804
0.00512613
0.00532534
0.00647483
0.00683938
0.00728909
0.00761023
0.00164307
0.00167845
0.00171654
0.00173754
0.00242675
0.00252086
0.00263342
0.00271014
0.00376804
0.00399378
0.00427872
0.004487
0.00506028
0.00543773
0.00592638
0.00629428
0.00016431
0.000168359
0.000179377
0.000192878
0.00027215
0.000279282
0.000290599
0.000301311
0.000673862
0.000696914
0.000725552
0.000746228
0.00120266
0.0012379
0.0012845
0.00131808
0.00156122
0.00159807
0.00163908
0.00166658
0.00222008
0.0022764
0.00234714
0.00239875
0.00306446
0.00323222
0.00345765
0.00363201
0.00363913
0.00396964
0.00443855
0.00481156
0.000579001
0.000545767
0.00103127
0.0016261
0.000590296
0.000650931
0.00150157
0.00254757
0.00116306
0.00100166
0.00218747
0.00362936
0.00240954
0.00152631
0.00275576
0.00416902
0.00955622
0.00969157
0.00996875
0.0102598
0.00753597
0.00764072
0.00786421
0.00810344
0.00522937
0.00529847
0.00545828
0.00563531
0.00372994
0.00377644
0.00389249
0.00402472
0.00302559
0.00306116
0.0031563
0.00326727
0.00187284
0.00188844
0.00194823
0.002025
0.000776059
0.000775276
0.000797734
0.000833364
0.00028275
0.000278044
0.000279768
0.000287083
0.00269355
0.0027466
0.00285937
0.00298002
0.00166686
0.00169366
0.00176386
0.0018455
0.000702407
0.000705821
0.000731601
0.000768194
0.000281825
0.000276973
0.000278637
0.000286009
0.000144904
0.000140601
0.000135101
0.000130697
0.000125454
0.000122087
0.000108827
9.16612e-05
0.000717535
0.000733955
0.000728139
0.000702109
0.00172137
0.00176937
0.00178621
0.0017625
0.00246324
0.00253422
0.00257146
0.00255549
0.00428321
0.00439999
0.00448851
0.00450552
0.0078164
0.0080341
0.00823597
0.00832488
0.0116034
0.0119336
0.012269
0.0124487
0.00232682
0.0024004
0.00245111
0.00245294
0.00396213
0.00408967
0.00420338
0.00424798
0.00709938
0.00734169
0.00759075
0.00772701
0.0104267
0.0107961
0.0112013
0.0114483
0.000193334
0.000186244
0.000179662
0.00017638
0.000220463
0.000213215
0.000199336
0.000185048
0.000742461
0.000756006
0.000756574
0.00074306
0.00156784
0.00161632
0.00165063
0.00165296
0.00215589
0.00223042
0.00229271
0.00231138
0.00358471
0.0037177
0.00385015
0.00391797
0.0062921
0.00654518
0.00682372
0.00699441
0.00913165
0.00951578
0.00995892
0.0102495
0.00195896
0.00203238
0.00210287
0.00213541
0.00317226
0.00330529
0.00344881
0.00353369
0.00544317
0.00569505
0.0059864
0.00617817
0.00779855
0.00817798
0.00863212
0.00894476
0.0111747
0.0110007
0.0108915
0.0108974
0.008848
0.0087035
0.00861633
0.00862661
0.0061775
0.00606871
0.00600772
0.00602255
0.00442758
0.00434567
0.0043027
0.00431843
0.00360241
0.00353308
0.00349867
0.00351501
0.00224318
0.00219282
0.00217273
0.00219206
0.000924301
0.00089968
0.000894455
0.00091098
0.000303137
0.000299033
0.000301722
0.000310094
0.00360616
0.00356368
0.00356514
0.00360987
0.00224134
0.00220757
0.00220974
0.00224685
0.000917332
0.000898567
0.000901178
0.000923997
0.000294264
0.000290186
0.000292673
0.000300649
0.00011827
0.00012325
0.000128351
0.00013146
4.30497e-05
5.69405e-05
6.38429e-05
6.07675e-05
0.000656956
0.00068346
0.000684577
0.000660274
0.0017698
0.00180488
0.00179363
0.00174222
0.00261744
0.00265393
0.00263193
0.00256293
0.0047106
0.0047343
0.00468617
0.0045898
0.00886481
0.00886385
0.00875915
0.00860124
0.0134007
0.013364
0.0131931
0.01297
0.00263821
0.00268787
0.00268086
0.00262069
0.00475123
0.00480441
0.00479227
0.00472071
0.00894356
0.00900883
0.00898725
0.00888921
0.0135215
0.0135948
0.0135633
0.0134421
0.000112192
0.000112793
0.000111879
0.000109817
5.08041e-05
5.59297e-05
5.09657e-05
3.82111e-05
0.000672085
0.000694661
0.000690229
0.000660667
0.00177998
0.00182519
0.00182688
0.00178374
0.00261953
0.00267909
0.00268704
0.00263892
0.00468955
0.00476875
0.00479265
0.00474946
0.00877978
0.00890664
0.00896843
0.00893532
0.0132315
0.0134089
0.0135173
0.0135046
0.00256123
0.00262771
0.0026505
0.00261742
0.00453035
0.00463095
0.00468901
0.00467603
0.00839214
0.00857091
0.00870914
0.00874018
0.0125683
0.0128337
0.0130682
0.013159
0.00831422
0.00796969
0.0075942
0.00736136
0.00655975
0.00628091
0.00598183
0.00580055
0.00456581
0.00436469
0.00415518
0.00403378
0.00327745
0.00313034
0.00298137
0.00289916
0.0026733
0.00255172
0.00243132
0.00236751
0.00168709
0.00160702
0.00153391
0.00150114
0.000756172
0.000721496
0.000696278
0.000691881
0.000343927
0.000336224
0.000335493
0.000342202
0.00300602
0.00288722
0.0027762
0.00272407
0.00188791
0.0018087
0.00174134
0.00171658
0.000821079
0.00078667
0.000764121
0.000763588
0.000336835
0.000330576
0.000331525
0.000339415
0.000226125
0.000228269
0.000235105
0.00024384
0.000205209
0.000216304
0.000228199
0.00023574
0.000696661
0.00070292
0.000696259
0.000680783
0.00152928
0.00151555
0.00147113
0.00141869
0.00213279
0.00210022
0.00202538
0.00194567
0.00361382
0.00352718
0.00337647
0.00323448
0.00646341
0.00626478
0.00595795
0.00568963
0.00948265
0.00915502
0.00867356
0.00826788
0.00231305
0.00229715
0.00223291
0.00215296
0.00400506
0.00394
0.00380496
0.00366551
0.00729725
0.00712868
0.00684447
0.00658092
0.0108234
0.0105321
0.0100777
0.0096776
0.000164954
0.000170741
0.0001793
0.000187104
0.000109302
0.000125924
0.000139988
0.000145337
0.000681069
0.000702132
0.000703744
0.000686117
0.00169557
0.00170918
0.00168238
0.00162956
0.00245522
0.0024576
0.00240637
0.00232795
0.00432887
0.00429098
0.00417937
0.00404846
0.00800926
0.00788593
0.00764454
0.00740116
0.0119872
0.0117593
0.0113674
0.0109996
0.00255672
0.0025771
0.00254022
0.0024653
0.00456791
0.00456047
0.00447848
0.00436207
0.00854561
0.00847978
0.00829968
0.00809209
0.0128735
0.0127329
0.0124378
0.01213
0.00396926
0.00371357
0.00340939
0.0031978
0.00311479
0.00291105
0.00267155
0.00250721
0.00216498
0.00202113
0.00185586
0.00174553
0.00157101
0.0014667
0.00134992
0.00127457
0.00129461
0.0012089
0.00111469
0.00105539
0.000849756
0.000794022
0.000736133
0.000702566
0.000454753
0.000428083
0.000404369
0.000394296
0.000305159
0.000292192
0.000283437
0.000282808
0.00160908
0.0015104
0.00140355
0.00133774
0.0010419
0.000977855
0.000912557
0.000875859
0.000529378
0.000499901
0.000474506
0.000464637
0.000325764
0.000313612
0.000306499
0.000307636
0.000265831
0.000257106
0.000252386
0.000253807
0.000280631
0.000273459
0.000268393
0.000267813
0.000536944
0.000516913
0.000492119
0.000474422
0.000931886
0.000888943
0.000832245
0.000788879
0.0011978
0.00113822
0.00105887
0.000997607
0.0018343
0.00173282
0.00159792
0.00149351
0.00300797
0.00282697
0.00258815
0.00240431
0.00419765
0.00393369
0.00358788
0.00332336
0.00144089
0.00138142
0.00129732
0.00122904
0.00226498
0.0021574
0.00200883
0.00188997
0.00379749
0.00359665
0.0033249
0.00311097
0.00536611
0.00506583
0.00466477
0.00435261
0.000266143
0.000262353
0.000263523
0.000269267
0.000271896
0.000273104
0.000276472
0.000280656
0.000650891
0.000640845
0.00062282
0.000605911
0.00126046
0.0012254
0.00116905
0.00111904
0.00168595
0.0016309
0.00154574
0.0014719
0.00271955
0.00261167
0.00245485
0.00232408
0.00466195
0.00444932
0.00415229
0.003912
0.00667227
0.00634523
0.00589791
0.00554243
0.00192056
0.00187458
0.00179254
0.00171486
0.00317717
0.00307609
0.00291819
0.00277934
0.00556634
0.0053535
0.00504337
0.0047838
0.00806831
0.00773019
0.00725337
0.00686458
0.00118832
0.00107713
0.000942348
0.000846714
0.000935051
0.000847272
0.000742013
0.000668188
0.000664579
0.000602898
0.000530569
0.000481101
0.000505621
0.000460222
0.000408478
0.000374273
0.000431559
0.000393809
0.000351553
0.000324245
0.000311498
0.00028584
0.000258522
0.000242024
0.00021394
0.000198776
0.000184369
0.00017718
0.000186687
0.000175255
0.000165366
0.000161393
0.000588241
0.000540296
0.000486582
0.000451839
0.000411402
0.000379385
0.000345305
0.000324747
0.000263823
0.000246014
0.000229281
0.000221142
0.000217998
0.000205655
0.000195392
0.000191752
0.00017882
0.000168362
0.000159498
0.000156138
0.000181824
0.000170766
0.00016069
0.000156108
0.000252287
0.000234074
0.000214527
0.000202638
0.000359461
0.000330575
0.000297349
0.000275222
0.000426462
0.000390564
0.000348332
0.000319447
0.000581249
0.000528898
0.000465487
0.000420658
0.000868789
0.00078682
0.000685806
0.000613047
0.00115687
0.00104573
0.000908024
0.00080825
0.000578315
0.000534892
0.00048264
0.000446024
0.000814725
0.000749311
0.000668572
0.000610365
0.00124894
0.00114367
0.00101201
0.000915733
0.0016827
0.00153781
0.00135602
0.00122261
0.000230728
0.000219905
0.000211799
0.00021
0.00024165
0.000230607
0.000221116
0.000217478
0.000390269
0.000368477
0.000344001
0.000328271
0.000613969
0.000575131
0.000528099
0.000494982
0.000759539
0.00070904
0.000646664
0.000601769
0.00110202
0.00102324
0.00092399
0.000850941
0.00172884
0.00159821
0.00143228
0.00130905
0.00235606
0.00217323
0.00194085
0.00176811
0.00096783
0.000911594
0.000839844
0.000786555
0.00144333
0.00135204
0.0012342
0.00114545
0.00231518
0.00215859
0.00195615
0.00180326
0.0031921
0.00296867
0.00268063
0.00246361
0.000157653
0.000131558
0.000101182
8.06819e-05
0.000130899
0.000109881
8.56876e-05
6.95549e-05
0.000106782
9.09802e-05
7.32145e-05
6.16738e-05
9.70161e-05
8.40118e-05
6.97801e-05
6.08269e-05
9.18678e-05
8.02377e-05
6.76508e-05
5.98347e-05
8.10468e-05
7.16984e-05
6.18649e-05
5.59746e-05
7.48557e-05
6.71699e-05
5.93809e-05
5.49459e-05
7.64384e-05
6.89901e-05
6.15376e-05
5.73697e-05
0.000143448
0.000127259
0.000109531
9.83761e-05
0.000119034
0.000106804
9.39184e-05
8.62133e-05
0.000102201
9.30663e-05
8.40086e-05
7.90606e-05
0.000101249
9.2843e-05
8.4735e-05
8.05037e-05
7.53504e-05
6.80504e-05
6.07646e-05
5.67042e-05
7.07206e-05
6.35828e-05
5.64411e-05
5.24489e-05
7.30046e-05
6.47107e-05
5.61327e-05
5.11079e-05
8.11117e-05
7.08668e-05
5.99328e-05
5.32597e-05
8.43905e-05
7.30224e-05
6.07347e-05
5.31207e-05
9.1187e-05
7.73827e-05
6.20189e-05
5.21581e-05
0.00011223
9.34983e-05
7.21009e-05
5.79604e-05
0.000137464
0.000113695
8.62207e-05
6.78333e-05
0.000136203
0.000120057
0.000102222
9.08781e-05
0.000159771
0.000138842
0.00011495
9.91466e-05
0.000212109
0.000182215
0.000147202
0.000123362
0.00026862
0.00022983
0.000183906
0.000152267
0.0001249
0.000115904
0.000107607
0.000103667
0.000122011
0.000112728
0.000103908
9.94696e-05
0.000145626
0.000132643
0.00011909
0.000111119
0.000185163
0.000166703
0.000146311
0.000133357
0.000208055
0.000186134
0.000161399
0.000145267
0.000259787
0.000229993
0.000195241
0.000171673
0.000363082
0.000318968
0.000266286
0.000229609
0.00046982
0.000411651
0.00034154
0.00029224
0.000303736
0.000275149
0.000242217
0.000220217
0.000398104
0.00035777
0.000309805
0.000276563
0.000577675
0.000516191
0.000441551
0.000388639
0.000759348
0.000677135
0.000576587
0.000504735
3.87731e-07
2.26456e-07
1.55676e-07
2.0363e-07
7.363e-07
4.39738e-07
1.90857e-07
1.5339e-07
1.7556e-06
1.09096e-06
5.27716e-07
3.94448e-07
3.01908e-06
1.82501e-06
9.44735e-07
7.70215e-07
3.43611e-06
2.09051e-06
9.30835e-07
5.83486e-07
4.03716e-06
2.40982e-06
9.54054e-07
4.07781e-07
4.93518e-06
2.93936e-06
1.11792e-06
3.38287e-07
5.69253e-06
3.44303e-06
1.36394e-06
4.18889e-07
1.3132e-05
9.83133e-06
6.48588e-06
4.56407e-06
1.41081e-05
1.07765e-05
7.37627e-06
5.39434e-06
1.56936e-05
1.22098e-05
8.63689e-06
6.53044e-06
1.71584e-05
1.3463e-05
9.66501e-06
7.41544e-06
5.66149e-06
3.42494e-06
1.3623e-06
4.29225e-07
4.82889e-06
2.8751e-06
1.10481e-06
3.62954e-07
3.84874e-06
2.29287e-06
9.25756e-07
4.46665e-07
3.19721e-06
1.9386e-06
8.90272e-07
6.29946e-07
2.75234e-06
1.65835e-06
8.98794e-07
8.14585e-07
1.48082e-06
9.24182e-07
4.77964e-07
4.17508e-07
5.00222e-07
3.0294e-07
1.48553e-07
1.56397e-07
2.17334e-07
1.34859e-07
1.29501e-07
1.98809e-07
1.07428e-05
7.95661e-06
5.16972e-06
3.60218e-06
7.66677e-06
5.46295e-06
3.26348e-06
2.04256e-06
4.92668e-06
3.22502e-06
1.58179e-06
7.35085e-07
3.76086e-06
2.3049e-06
9.76352e-07
3.76763e-07
3.31736e-05
2.80204e-05
2.26352e-05
1.93825e-05
3.01569e-05
2.53631e-05
2.03716e-05
1.73717e-05
2.76322e-05
2.29554e-05
1.80854e-05
1.51665e-05
2.67213e-05
2.18753e-05
1.68183e-05
1.37913e-05
2.52693e-05
2.04657e-05
1.54916e-05
1.25572e-05
2.13701e-05
1.67613e-05
1.19596e-05
9.11803e-06
1.91791e-05
1.42536e-05
9.10085e-06
6.06948e-06
1.96025e-05
1.40834e-05
8.31102e-06
4.94755e-06
4.86786e-05
4.10739e-05
3.30308e-05
2.81719e-05
4.7222e-05
3.88278e-05
2.97651e-05
2.41604e-05
5.1601e-05
4.11219e-05
2.95631e-05
2.22544e-05
5.95728e-05
4.67742e-05
3.25077e-05
2.33963e-05
