FiniteElementSpace
FiniteElementCollection: H1_2D_P2
VDim: 2
Ordering: 0

0
1.09103
2.17597
3.10638
3.75003
4.1052
4.26947
4.34387
4.39669
0
0.902139
1.71767
2.38751
2.85845
3.13666
3.27725
3.34638
3.39821
0.538191
1.00084
0.461045
0
1.64242
1.96234
1.32357
2.67088
2.77291
2.07517
3.46769
3.33071
2.64903
3.95858
3.63964
3.01887
4.20422
3.78308
3.21992
4.3128
3.84816
3.31692
4.37014
3.89779
3.37199
0.500751
1.49234
2.39459
3.08601
3.51188
3.72613
3.82086
3.87208
0.265306
0.521306
0.250173
0
1.3678
1.57062
1.24837
1.04859
2.42962
2.53708
2.18426
2.07299
3.29686
3.2817
2.93802
2.94435
3.86289
3.73956
3.42868
3.5451
4.15976
3.9681
3.68729
3.87612
4.29322
4.06815
3.80378
4.02838
4.35722
4.12128
3.86017
4.09667
0.813965
0.751239
0.950729
0.683735
0.479359
0.233959
0
1.91266
1.73099
1.84404
1.5246
1.40927
1.11572
2.89718
2.59137
2.58903
2.23743
2.2417
1.90157
3.61861
3.21677
3.10347
2.76015
2.87703
2.52482
4.03875
3.58169
3.39387
3.08261
3.27282
2.94445
4.24027
3.75761
3.53286
3.2513
3.47711
3.18207
4.32935
3.83534
3.59805
3.33249
3.57048
3.29881
4.38322
4.14725
3.88444
3.64803
3.38489
3.62226
3.35933
0.258135
1.31102
2.31104
3.12224
3.65035
3.92685
4.05021
4.10908
0.784972
0.716031
0.241904
1.82537
1.63042
1.18222
2.74882
2.42236
2.04838
3.42251
2.9978
2.74076
3.81426
3.33874
3.1948
4.00146
3.50781
3.43955
4.08331
3.58507
3.55341
4.13387
3.63474
3.61022
0.130469
0.262032
0.127691
0
1.22958
1.34029
1.18005
1.07064
2.30425
2.37133
2.19337
2.12545
3.20414
3.21059
3.03557
3.0264
3.80877
3.7576
3.59982
3.64857
4.13387
4.04404
3.90277
3.99147
4.28194
4.1721
4.03985
4.1494
4.35063
4.23321
4.10294
4.2204
0.675812
0.800256
0.653103
0.530455
0.626048
0.733633
0.597854
0.490057
0.124997
0.246063
0.122161
0
1.77828
1.86996
1.69874
1.60743
1.61244
1.68144
1.52067
1.4513
1.12494
1.21558
1.06695
0.975894
2.78614
2.82403
2.64487
2.60499
2.49477
2.50852
2.33367
2.3196
2.0746
2.11755
1.94746
1.90417
3.54572
3.52159
3.35443
3.37573
3.15351
3.10921
2.93931
2.98346
2.85756
2.84129
2.66678
2.68278
4.00053
3.92739
3.77863
3.85001
3.54836
3.46167
3.3072
3.39396
3.38162
3.31349
3.15085
3.21895
4.2232
4.12143
3.98567
4.08682
3.7427
3.6335
3.49324
3.60257
3.66466
3.56453
3.4178
3.51804
4.32138
4.20654
4.07602
4.19077
3.82836
3.7105
3.57803
3.69607
3.79396
3.67911
3.54363
3.65862
4.37662
4.25853
4.1275
4.24572
3.87817
3.75962
3.62842
3.74724
3.85423
3.73533
3.60419
3.72331
0.401339
0.389604
0.511251
0.375432
0.254253
0
1.50554
1.4413
1.5322
1.3709
1.2803
1.02521
2.55205
2.42572
2.467
2.29099
2.24872
2.01862
3.38487
3.20431
3.18525
3.01416
3.03151
2.85996
3.91284
3.69687
3.62695
3.47204
3.54083
3.43927
4.18315
3.94856
3.84792
3.70772
3.80799
3.75892
4.30345
4.0596
3.94487
3.81271
3.92746
3.90631
4.36368
4.11517
3.99675
3.8661
3.98475
3.97261
0.952447
0.916839
0.876214
0.768489
0.833705
0.925994
0.79348
0.699229
0.572915
0.469468
0.360711
0.348046
0.237617
0.118808
0
2.0454
1.95023
1.8477
1.77902
1.73827
1.78195
1.62216
1.57814
1.42498
1.36663
1.29638
1.22041
1.14882
1.00957
3.00414
2.84872
2.68411
2.67135
2.50749
2.49092
2.31396
2.33227
2.15771
2.16043
2.1465
1.98967
1.97654
1.81079
3.68679
3.48605
3.27578
3.32103
3.05246
2.98355
2.81082
2.88173
2.70615
2.76587
2.81081
2.58849
2.63559
2.45771
4.0736
3.84669
3.61205
3.69912
3.36756
3.26683
3.11075
3.21251
3.05198
3.14795
3.23539
2.98301
3.07199
2.90289
4.25563
4.01564
3.77102
3.88022
3.52097
3.40575
3.26488
3.38043
3.23634
3.34959
3.45926
3.20185
3.31212
3.16035
4.33679
4.09016
3.84191
3.9596
3.59171
3.47239
3.33959
3.45905
3.32496
3.44409
3.56232
3.30822
3.42664
3.28851
4.38989
4.27194
4.14044
4.02255
3.89096
4.00918
3.77294
3.64127
3.52309
3.39149
3.50981
3.37837
3.49715
3.61622
3.36564
3.48486
3.35291
0.129008
1.20566
2.24978
3.12088
3.70528
4.01909
4.16132
4.22688
0.665211
0.611931
0.12361
1.73943
1.56717
1.09614
2.71651
2.41578
2.01214
3.4511
3.04835
2.76403
3.89048
3.42931
3.26804
4.10505
3.61884
3.54243
4.19895
3.70354
3.66938
4.25205
3.75335
3.72938
0.396072
0.382651
0.126396
1.47431
1.40675
1.15304
2.48988
2.35947
2.135
3.29562
3.11062
2.94792
3.80581
3.58573
3.49206
4.06655
3.829
3.7847
4.18186
3.93657
3.91743
4.23946
3.99073
3.97874
0.93545
0.896969
0.639891
0.855004
0.813036
0.584664
0.368113
0.35373
0.12066
1.99877
1.89986
1.65637
1.79384
1.68108
1.47324
1.33403
1.25842
1.03796
2.92745
2.76771
2.57103
2.59753
2.41326
2.2479
2.22009
2.06988
1.88046
3.58743
3.38229
3.25537
3.16602
2.93433
2.82555
2.91441
2.7025
2.56499
3.96099
3.73046
3.66468
3.49118
3.24086
3.18157
3.3554
3.11145
3.02937
4.13616
3.89396
3.86494
3.64672
3.39371
3.36577
3.58452
3.33176
3.29052
4.21365
3.96626
3.95251
3.71706
3.46587
3.45183
3.68797
3.43573
3.41668
4.26515
4.01573
4.00288
3.76615
3.51637
3.50341
3.74126
3.49099
3.47868
0
0.082546
0.44027
1.13874
2.09148
3.14278
4.19407
5.21852
6.22174
1
1.06277
1.32235
1.8236
2.53373
3.38261
4.31062
5.28277
6.2774
0.0186292
0.545133
1.01632
0.5
0.219347
0.850061
1.1629
0.748976
1.45693
1.54333
1.5933
2.30045
2.15673
2.61306
3.25871
2.94515
3.67128
4.25148
3.83941
4.70971
5.25055
4.79264
5.7218
6.24963
5.7786
0.494029
0.660541
1.11714
1.85687
2.77178
3.75339
4.75084
5.75022
0.00942251
0.251534
0.488566
0.25
0.141006
0.434161
0.594062
0.308387
0.583815
0.927398
0.974004
0.639322
1.3592
1.72034
1.65038
1.29255
2.35044
2.68897
2.53351
2.19184
3.40756
3.71008
3.50542
3.19793
4.45279
4.72888
4.50107
4.22097
5.47074
5.73544
5.50041
5.23354
0.0423594
0.512372
0.795363
1.0333
0.74864
1.01036
0.75
0.31884
0.745643
1.07584
1.23497
0.901741
1.10571
0.934559
1.27858
1.6331
1.67637
1.32085
1.42518
1.83829
2.07426
2.41525
2.34035
2.00242
1.98408
2.87762
3.01388
3.32165
3.16109
2.85845
2.7357
3.93353
4.00218
4.28248
4.07347
3.7978
3.60894
4.96491
5.00068
5.26763
5.03684
4.773
4.55046
5.97199
6.23548
5.99997
6.26375
6.02784
5.76499
5.53013
0.244351
0.361884
0.77313
1.49976
2.43819
3.45396
4.47534
5.48479
0.272168
0.765176
0.74373
0.526395
0.979979
0.840508
1.10108
1.46908
1.18954
1.95183
2.20427
1.81144
2.94263
3.08806
2.63378
3.96584
4.03928
3.55844
4.98159
5.01989
4.52714
5.98561
6.0143
5.51605
0.00646484
0.125998
0.245738
0.125
0.109307
0.250177
0.332869
0.194233
0.509169
0.677166
0.703617
0.538488
1.24701
1.42822
1.39433
1.21437
2.22035
2.39322
2.31435
2.14051
3.27526
3.42992
3.3259
3.16945
4.32365
4.46349
4.34826
4.20688
5.34479
5.47747
5.35924
5.22566
0.0285156
0.156075
0.260014
0.134031
0.501511
0.637057
0.755311
0.619727
0.491972
0.614694
0.745526
0.625
0.26628
0.421315
0.477717
0.325464
0.700726
0.860652
0.938716
0.779031
0.567493
0.715273
0.816011
0.668372
0.839198
1.01653
1.01189
0.836885
1.19567
1.37203
1.39295
1.21702
0.909618
1.07968
1.1305
0.960794
1.71455
1.89386
1.83487
1.65559
1.96435
2.13839
2.10211
1.92853
1.55191
1.72955
1.72061
1.54342
2.74518
2.90915
2.81552
2.64998
2.89243
3.05082
2.97271
2.81483
2.41623
2.58319
2.52368
2.3572
3.80261
3.94898
3.83802
3.68991
3.8777
4.02084
3.9183
3.77568
3.38187
3.53196
3.43969
3.29013
4.83751
4.97281
4.85534
4.71879
4.87576
5.01042
4.89633
4.76206
4.37625
4.51425
4.40464
4.26711
5.84698
5.97867
5.86058
5.72841
5.87511
6.0072
5.88961
5.75768
5.37548
5.50832
5.39176
5.2592
0.0122952
0.246411
0.371412
0.489754
0.36517
0.375
0.177508
0.395584
0.545736
0.625046
0.476403
0.425257
0.663629
0.847748
1.02072
1.04324
0.871967
0.743061
1.47465
1.60852
1.78745
1.75214
1.5738
1.37336
2.48139
2.56313
2.72968
2.65209
2.48505
2.24523
3.53958
3.58204
3.73137
3.62928
3.47926
3.22781
4.58147
4.60221
4.73967
4.62594
4.48798
4.23596
5.5964
5.61018
5.74276
5.62532
5.4925
5.24191
0.0602154
0.288215
0.526833
0.390845
0.778494
0.926629
1.04646
0.897109
1.02336
0.880818
0.744908
1.01208
0.875886
1.00756
0.875
0.376668
0.580237
0.79543
0.634384
1.02571
1.19602
1.27682
1.10443
1.19712
1.02941
0.869074
1.13255
0.970408
1.08257
1.03435
1.1947
1.36577
1.18836
1.54923
1.7263
1.74835
1.57027
1.60811
1.42932
1.25306
1.48245
1.30437
1.37192
1.96398
2.07091
2.18639
2.01201
2.30874
2.47418
2.43593
2.27161
2.24729
2.07845
1.90548
2.06901
1.89617
1.90232
3.01019
3.07014
3.13601
2.97766
3.20442
3.35265
3.27121
3.12499
3.05238
2.90204
2.74543
2.83958
2.68474
2.63374
4.06402
4.0935
4.12678
3.9837
4.16068
4.29713
4.19169
4.05697
3.95603
3.81921
3.67783
3.7237
3.58427
3.49522
5.0919
5.10766
5.12562
4.99098
5.14366
5.27557
5.15961
5.0288
4.91451
4.78331
4.64993
4.67128
4.53934
4.43023
6.09689
6.22852
6.11056
6.24251
6.12481
5.99274
6.25674
6.13904
6.27067
6.15261
6.02121
5.90315
5.77201
5.64046
5.65424
5.52338
5.40629
0.12524
0.219848
0.605104
1.31941
2.26623
3.29971
4.33535
5.35168
0.143143
0.626752
0.617791
0.370717
0.81758
0.689803
0.924265
1.29241
1.01793
1.7735
2.03223
1.63477
2.77935
2.93235
2.4694
3.81958
3.8981
3.41077
4.84595
4.88618
4.39058
5.85361
5.88242
5.38373
0.128433
0.366724
0.367981
0.285281
0.508723
0.448645
0.754402
0.94392
0.805004
1.54035
1.67912
1.47179
2.5212
2.60687
2.36443
3.56001
3.60526
3.35342
4.5913
4.61387
4.36201
5.60304
5.61766
5.36725
0.173013
0.406061
0.379368
0.650864
0.91018
0.887424
0.615755
0.877138
0.875395
0.477164
0.686201
0.587597
0.908407
1.14818
1.06492
0.744993
0.997988
0.946705
1.11326
1.27881
1.10227
1.45579
1.64652
1.49789
1.14611
1.36485
1.24815
2.01628
2.12767
1.89851
2.2468
2.37183
2.17379
1.82757
1.98588
1.80963
3.03922
3.10252
2.85333
3.17012
3.23828
3.01288
2.6984
2.79263
2.57856
4.07809
4.10985
3.85752
4.14386
4.17677
3.93777
3.65361
3.70136
3.46801
5.09937
5.11649
4.86537
5.13476
5.15204
4.90588
4.63808
4.66112
4.41799
6.10362
6.11764
5.86778
6.13198
6.14594
5.89655
5.63298
5.64761
5.39936
