FiniteElementSpace
FiniteElementCollection: H1_2D_P2
VDim: 2
Ordering: 0

0
-0.00578564
0.000624099
0.0155281
0.0151264
-0.00960998
-0.0446564
-0.0784872
-0.11092
0
0.00927488
0.016386
0.0121972
-0.0098603
-0.0441138
-0.0810784
-0.116438
-0.149776
-0.00360183
0.00114931
0.00457186
0
-0.00456718
0.0084822
0.0135483
0.0083851
0.0154717
0.0163692
0.0185224
0.00462071
0.00331004
0.00519659
-0.0259786
-0.0261346
-0.0268941
-0.0629151
-0.0626574
-0.061892
-0.097653
-0.0990502
-0.0947395
-0.130561
-0.133273
9.40098e-05
0.00396053
0.0131834
0.0129646
-0.0089481
-0.044461
-0.0806649
-0.114134
-0.0017173
-0.00161757
-2.00516e-06
0
-0.00567551
1.66123e-06
0.00230708
-0.00213733
0.00435354
0.0112731
0.0109605
0.00497819
0.0177292
0.0161246
0.0149224
0.0159709
0.0109067
-0.00173346
-0.00160373
0.0101308
-0.0180874
-0.0356695
-0.0351493
-0.0177341
-0.0533631
-0.0713295
-0.0718921
-0.0538133
-0.0866355
-0.104457
-0.105934
-0.0881247
-0.00502623
0.000443303
0.00469295
0.0069327
0.00198424
0.00221903
0
-0.00243215
0.00606734
0.0119576
0.01523
0.00812612
0.0115155
0.0122678
0.0147994
0.014208
0.0148604
0.0146938
0.0168267
0.0176829
0.0095201
-0.00184933
-0.00280152
0.00883019
0.00833853
-0.00174449
-0.0171614
-0.034682
-0.0349924
-0.0169175
-0.0176984
-0.0358033
-0.0537521
-0.0720058
-0.0719099
-0.0534327
-0.0533686
-0.0702545
-0.0892428
-0.107077
-0.10782
-0.0899027
-0.090132
-0.102823
-0.120749
-0.122317
-0.140214
-0.14156
-0.123722
-0.124913
-0.000689324
-0.0014447
0.00812334
0.0167589
0.00484799
-0.026587
-0.0626687
-0.0963282
-0.00215438
0.00327224
0.000758879
0.00218685
0.0100598
0.00631195
0.0140239
0.0149814
0.0135928
0.0139221
0.00412284
0.0121902
-0.00935617
-0.0255777
-0.0089313
-0.0447889
-0.0627866
-0.0440233
-0.0798048
-0.0985724
-0.081049
-0.11256
-0.131971
-0.115445
-0.000653019
-0.00113972
-0.000234442
0
-0.00585194
-0.00345848
-0.00188229
-0.0038808
0.00242755
0.0063991
0.00652664
0.00295563
0.0167958
0.0173552
0.0165289
0.0158823
0.0132214
0.00789579
0.00766576
0.0126667
-0.0137935
-0.0223521
-0.0221174
-0.0136845
-0.0490334
-0.0580313
-0.0582643
-0.04925
-0.0825693
-0.0914906
-0.0922381
-0.0833198
-0.00438144
-0.00352754
-0.00194769
-0.00255674
0.000230451
0.00179381
0.00261918
0.000983221
5.73641e-06
0.000348357
0.000282007
0
-0.00362692
1.86347e-05
0.00100719
-0.00215994
0.00496405
0.00799481
0.00908604
0.00596371
0.00166762
0.00422883
0.0054769
0.00284699
0.0103824
0.0132952
0.0127245
0.00998802
0.0140877
0.0149455
0.0149538
0.0139563
0.00973146
0.0122587
0.0128233
0.0101722
0.0183246
0.0158639
0.0152237
0.0174101
0.0114271
0.00697087
0.00663984
0.0110369
0.0153619
0.0136756
0.0133605
0.0149301
0.00186194
-0.00555704
-0.00543216
0.00173497
-0.0129626
-0.0212716
-0.0211778
-0.0128122
0.00166195
-0.00512906
-0.00526435
0.00153439
-0.0313507
-0.0403114
-0.0402339
-0.0312973
-0.0491161
-0.0582583
-0.0581218
-0.0489189
-0.0305333
-0.0395371
-0.0393338
-0.030257
-0.0660931
-0.0750452
-0.0755884
-0.0666265
-0.0849763
-0.0939206
-0.0942596
-0.0852961
-0.067428
-0.0764792
-0.0765504
-0.0674616
-0.0987816
-0.107673
-0.108507
-0.0995963
-0.118223
-0.127158
-0.127846
-0.11894
-0.101806
-0.110701
-0.111275
-0.102377
-0.00271754
-0.0011848
-0.000750272
2.3136e-05
-0.000341723
0
-0.0052537
-0.000817539
0.00201124
0.00307254
0.000450327
-0.000482614
0.00636347
0.00972237
0.0123143
0.0121246
0.00961464
0.00678829
0.0183293
0.0166317
0.0146499
0.0141252
0.0159475
0.0158253
0.00822616
0.0017047
-0.00527549
-0.00515119
0.00170064
0.00746602
-0.0224685
-0.0311127
-0.0400506
-0.0397979
-0.0308424
-0.0218181
-0.0576514
-0.0670231
-0.0760091
-0.0763033
-0.0672886
-0.0583667
-0.0906907
-0.100399
-0.109305
-0.11004
-0.101143
-0.0929023
-0.00550621
-0.00222297
0.000745377
-0.000847302
0.00396055
0.00679911
0.00811192
0.00495539
0.00574953
0.00316343
0.00135831
0.00340321
0.00136076
0.000960961
0
-0.00100728
0.00351988
0.00724928
0.00417058
0.0110255
0.013991
0.0158843
0.012428
0.0144428
0.0106094
0.00719803
0.0125659
0.00869872
0.010414
0.014014
0.015122
0.0152709
0.0145085
0.0147382
0.0133035
0.0136757
0.0149484
0.0157522
0.0154813
0.0142262
0.0167189
0.015087
0.016706
0.0166265
0.0122216
0.00724496
0.0118206
0.00128528
-0.00562256
-0.00622308
0.000890304
0.000381514
0.00627638
0.0106782
0.00596564
0.0104267
0.0104161
-0.00558283
-0.0134686
-0.0215102
-0.0132072
-0.0300874
-0.0392925
-0.0395309
-0.030138
-0.0305228
-0.0213401
-0.0128258
-0.0218542
-0.0130985
-0.013694
-0.0402469
-0.0493185
-0.0583533
-0.0492653
-0.0674158
-0.0765435
-0.0765096
-0.067336
-0.0672944
-0.0580101
-0.0487275
-0.0580164
-0.0486292
-0.0487337
-0.0743848
-0.0839815
-0.0934663
-0.0845374
-0.102844
-0.111758
-0.112149
-0.103201
-0.103456
-0.0944842
-0.0854993
-0.0946112
-0.0855978
-0.0856236
-0.106856
-0.115808
-0.116633
-0.125671
-0.12643
-0.117446
-0.135403
-0.136098
-0.144985
-0.145682
-0.13676
-0.137425
-0.12849
-0.119591
-0.129106
-0.120175
-0.120693
-0.000380185
-0.0037759
0.00463489
0.0167829
0.0104705
-0.0179689
-0.0536636
-0.0874155
-0.00310784
0.00136533
0.000123118
-0.00117728
0.00694961
0.00349412
0.011707
0.0145572
0.0112437
0.0168465
0.00917915
0.0144668
-0.00178728
-0.0169604
-0.00165659
-0.0358071
-0.0535998
-0.0348724
-0.0708563
-0.0896308
-0.0719945
-0.103635
-0.123047
-0.106553
-0.00189898
-0.000569344
-0.000113619
-0.00292302
0.00115183
-9.24767e-05
0.00820255
0.0110029
0.00819438
0.0175777
0.0154847
0.016051
0.00497541
-0.0016513
0.00474833
-0.0268053
-0.0354352
-0.0262934
-0.0623524
-0.0716734
-0.0628516
-0.095549
-0.10523
-0.0970351
-0.00379312
-0.000729677
-0.00084978
0.00228377
0.00587026
0.00405549
0.000641346
0.00227234
0.000484727
0.00140466
0.00543522
0.0030222
0.00907799
0.0132534
0.0115393
0.00505403
0.00965823
0.00774411
0.014708
0.015297
0.0134976
0.0150777
0.0142719
0.0153415
0.0131748
0.0153849
0.0146108
0.0144722
0.00982828
0.0134279
0.00441537
-0.00223574
0.00373085
0.0125322
0.00850824
0.0120214
-0.00953538
-0.0174445
-0.00913891
-0.025713
-0.0346824
-0.0256827
-0.00885814
-0.0171372
-0.00925288
-0.0447973
-0.0538347
-0.0446652
-0.06288
-0.0719575
-0.0626847
-0.0442244
-0.0533212
-0.0439476
-0.079198
-0.0887376
-0.0802952
-0.0981676
-0.107499
-0.098864
-0.0809121
-0.0900628
-0.0810914
-0.11172
-0.121543
-0.113374
-0.131279
-0.140885
-0.132628
-0.114827
-0.124343
-0.115983
0
-0.0124976
-0.0357742
-0.0426289
-0.0181432
0.0217498
0.0603852
0.0978815
0.1365
0
-0.0105515
-0.0307594
-0.0452018
-0.0379185
-0.0107719
0.0250547
0.0639172
0.103684
-0.00431369
-0.0104334
-0.0041884
0
-0.0241589
-0.0344179
-0.0200388
-0.0430178
-0.0464006
-0.0400239
-0.0337887
-0.0296868
-0.0446005
0.00131903
0.00505003
-0.0261098
0.0415122
0.0425173
0.00659549
0.0789727
0.0807206
0.0442185
0.117201
0.119983
0.0838909
-0.00243817
-0.0220584
-0.0436152
-0.0414682
-0.0133474
0.0238351
0.0613717
0.100452
-0.00214226
-0.00302395
-0.000280316
0
-0.0180765
-0.022983
-0.0159333
-0.0112064
-0.0401931
-0.0435616
-0.0396497
-0.0351427
-0.0392108
-0.0381686
-0.0448908
-0.044942
-0.00869179
-0.00650711
-0.0219209
-0.0244719
0.0317574
0.0323884
0.0144507
0.0130103
0.0696685
0.0700506
0.0518963
0.0512549
0.10751
0.108818
0.0905672
0.0892434
-0.00781927
-0.00587373
-0.0101599
-0.00690891
-0.00275458
-0.00243838
0
-0.0302445
-0.0283846
-0.033158
-0.0254028
-0.0211419
-0.0149968
-0.0438932
-0.045945
-0.0466911
-0.0432595
-0.0426959
-0.0357511
-0.0266436
-0.0363102
-0.0340924
-0.0419839
-0.0436816
-0.0456763
0.0115512
-0.00427382
-0.00267374
-0.0187783
-0.0197052
-0.0325611
0.0510312
0.0331813
0.033893
0.0157226
0.015407
-0.00226795
0.0883663
0.0709784
0.0722991
0.0540131
0.0528152
0.0345596
0.126876
0.128259
0.110283
0.111794
0.0938629
0.092161
0.0738923
-0.000773202
-0.016808
-0.040066
-0.0425459
-0.0158391
0.0227681
0.0606248
0.0990078
-0.00653284
-0.00591487
-0.000677231
-0.0292703
-0.0272327
-0.0153267
-0.0452608
-0.0455232
-0.0384559
-0.0320374
-0.0396194
-0.0460767
0.00319531
-0.0113991
-0.0273602
0.0418675
0.0246065
0.0062976
0.0795841
0.062489
0.0432874
0.118584
0.102068
0.0822098
-0.00124926
-0.0013546
-0.000217642
0
-0.0151874
-0.0173811
-0.0139106
-0.0117809
-0.0381637
-0.0401415
-0.0377557
-0.0354461
-0.0411996
-0.0410009
-0.0440012
-0.0438825
-0.0135163
-0.0124282
-0.0202654
-0.0214707
0.0267862
0.0271478
0.017903
0.017249
0.0650295
0.0650958
0.0559371
0.0557544
0.102683
0.103255
0.0941153
0.093548
-0.00589779
-0.00709655
-0.00462296
-0.00358941
-0.00401001
-0.00579751
-0.00419675
-0.00247025
0.000115698
-0.00035131
-0.000152831
0
-0.0272338
-0.0297249
-0.0261452
-0.0235224
-0.0252269
-0.027864
-0.0241798
-0.0216114
-0.0130846
-0.0155993
-0.0126453
-0.0102295
-0.0437307
-0.0446456
-0.0446539
-0.0433291
-0.045
-0.0459085
-0.0443003
-0.0433156
-0.0371635
-0.0391864
-0.0359113
-0.0338855
-0.0304219
-0.0294971
-0.0353039
-0.0361215
-0.0390886
-0.0380832
-0.0418452
-0.0427203
-0.0458881
-0.0456494
-0.0466054
-0.0467219
0.00642602
0.00722793
-0.00168439
-0.00275042
-0.00885626
-0.00784641
-0.0156181
-0.0165575
-0.0259246
-0.0246986
-0.0308583
-0.0319777
0.0462995
0.0463678
0.0371431
0.0368521
0.0285114
0.0289045
0.019996
0.0196347
0.00974742
0.0103863
0.00178866
0.00119271
0.0836543
0.0839497
0.074802
0.0744742
0.0661578
0.0667247
0.0576341
0.0570875
0.0471977
0.0475909
0.0385749
0.0382103
0.122044
0.122745
0.113711
0.113017
0.10538
0.106166
0.0971272
0.096298
0.0856344
0.0863791
0.0772455
0.0764999
-0.00304375
-0.00173839
-0.00263225
-0.00119374
-0.00042557
0
-0.0210778
-0.0198508
-0.0225049
-0.0189436
-0.016331
-0.0107587
-0.0418432
-0.0420191
-0.0436746
-0.0418144
-0.0399202
-0.0348166
-0.0367499
-0.0405934
-0.0399501
-0.0434071
-0.0438479
-0.0457924
-0.00373553
-0.0112387
-0.0100193
-0.0177147
-0.0189862
-0.027198
0.0366695
0.0275968
0.0280675
0.0191468
0.0185562
0.00896572
0.0743122
0.0653269
0.0656877
0.0566193
0.0562329
0.046854
0.112351
0.103912
0.104626
0.0955103
0.0947769
0.0849675
-0.0100152
-0.008736
-0.00802309
-0.00612263
-0.00791255
-0.0102502
-0.00862126
-0.00626529
-0.00543361
-0.00331613
-0.00158938
-0.00319106
-0.00137492
-0.00152711
0
-0.0331179
-0.0322931
-0.0314697
-0.0288372
-0.030244
-0.0321443
-0.0281
-0.026428
-0.022697
-0.0206201
-0.0181762
-0.0174571
-0.0151167
-0.0126849
-0.0435502
-0.0453616
-0.0464131
-0.0457092
-0.0463211
-0.0462235
-0.0444028
-0.0446837
-0.0417857
-0.041642
-0.0407292
-0.0379943
-0.0373489
-0.0333191
-0.0225464
-0.0284116
-0.0331605
-0.0343015
-0.0370218
-0.0360706
-0.0401226
-0.0409287
-0.0434798
-0.0443289
-0.0450935
-0.0453326
-0.0461167
-0.0456282
0.0166689
0.0081012
0.000368794
-0.000616936
-0.00707712
-0.00663526
-0.0148444
-0.0150186
-0.022538
-0.0228697
-0.0236301
-0.0294566
-0.0299691
-0.0353879
0.0557241
0.0465681
0.0378471
0.037487
0.0292376
0.0295248
0.0203671
0.0202334
0.0111329
0.0110848
0.0108385
0.00212879
0.00210592
-0.00656924
0.0931071
0.0843985
0.0758339
0.0752623
0.067379
0.0681109
0.058953
0.0582594
0.0490996
0.0485356
0.0480336
0.0393708
0.038957
0.0297876
0.131685
0.132401
0.123429
0.124118
0.11515
0.114425
0.115875
0.106963
0.107744
0.0988162
0.0979793
0.0888859
0.0880319
0.0871854
0.0788927
0.0780531
0.0688986
-0.000614973
-0.0144843
-0.0379579
-0.0427077
-0.0170534
0.022221
0.0604252
0.0983902
-0.00518154
-0.00399156
6.85407e-05
-0.0266492
-0.0247367
-0.0128153
-0.0442437
-0.0448189
-0.0366539
-0.0330111
-0.0405993
-0.0464188
0.00221955
-0.0122571
-0.0284643
0.0416312
0.0242661
0.00577706
0.0791971
0.0618882
0.0428883
0.11789
0.101245
0.0814301
-0.00230891
-0.00136106
1.97579e-05
-0.0204104
-0.0193694
-0.0134472
-0.0419546
-0.041991
-0.0375088
-0.0388023
-0.0421311
-0.0450702
-0.00764678
-0.0145758
-0.0232075
0.0320261
0.0233233
0.0137666
0.0697757
0.0609475
0.0515375
0.108133
0.0997016
0.0898624
-0.00930206
-0.0083087
-0.00422663
-0.007885
-0.00813914
-0.0046607
-0.0012551
-0.00222904
-0.000621504
-0.0326824
-0.0319044
-0.025683
-0.0309339
-0.029322
-0.0235093
-0.0185498
-0.0178088
-0.0125886
-0.044536
-0.0460011
-0.0449232
-0.0465437
-0.045649
-0.0433331
-0.0414199
-0.0396285
-0.0348334
-0.0256379
-0.0309094
-0.0373261
-0.0351945
-0.0386679
-0.0428201
-0.0444068
-0.0454279
-0.0463771
0.0122463
0.0041641
-0.00535508
-0.00335611
-0.0108811
-0.0190232
-0.0207165
-0.0265277
-0.0331591
0.0510724
0.0421729
0.0327866
0.0335503
0.024862
0.0156406
0.0150061
0.00657117
-0.00230047
0.0887332
0.0800995
0.0704587
0.0715968
0.0631712
0.0533801
0.0523228
0.043728
0.0342232
0.127575
0.119282
0.109537
0.111045
0.102901
0.0930161
0.0913389
0.0830425
0.073074
