FiniteElementSpace
FiniteElementCollection: L2_2D_P3
VDim: 1
Ordering: 0

0.00487512
0.00299025
0.00420573
0.00568354
0.00210752
0.00176346
0.00313377
0.00472617
0.000684413
0.000875651
0.00196954
0.00321908
0.000460812
0.00057249
0.00125385
0.0020138
0.00442531
0.00438782
0.0043605
0.004356
0.00353179
0.00349885
0.00347479
0.00347076
0.00250117
0.00247434
0.00245485
0.00245171
0.00182077
0.00179886
0.00178298
0.00178047
0.00382884
0.00374951
0.00366423
0.00361257
0.00303928
0.00297443
0.0029058
0.00286523
0.00213649
0.00208894
0.00204008
0.00201254
0.00154618
0.00151073
0.00147535
0.00145643
0.00267363
0.00258286
0.002476
0.00240269
0.00211837
0.00204586
0.00196151
0.00190448
0.00149004
0.00143896
0.0013809
0.00134282
0.00108414
0.00104753
0.00100707
0.000981559
0.00142855
0.0013461
0.00124528
0.00117304
0.00114285
0.00107806
0.000999596
0.000944001
0.000827186
0.000782799
0.00073018
0.000693846
0.000628695
0.000597832
0.00056235
0.000538808
0.000370135
0.00031991
0.000260348
0.000219277
0.000320605
0.000280404
0.000233133
0.000200865
0.000273704
0.000244668
0.000211186
0.000188875
0.000250465
0.00022852
0.000203871
0.000188002
2.25212e-06
1.9291e-06
3.68919e-06
6.65821e-06
9.06216e-06
6.39204e-06
4.82071e-06
5.00021e-06
2.41225e-05
1.87922e-05
1.35982e-05
1.08502e-05
3.87922e-05
3.15798e-05
2.39827e-05
1.9413e-05
2.40943e-05
2.1437e-05
1.8109e-05
1.56927e-05
1.17919e-05
1.05795e-05
9.09307e-06
8.07069e-06
3.22893e-06
3.14489e-06
3.17898e-06
3.37087e-06
9.90989e-07
1.35712e-06
2.08293e-06
2.88576e-06
0.0043208
0.00435337
0.00441551
0.00447793
0.00354893
0.00354756
0.00356388
0.00358991
0.00261383
0.00258512
0.00256307
0.00255765
0.00196663
0.00192766
0.00189005
0.00187109
8.21336e-05
8.06328e-05
8.07269e-05
8.18875e-05
5.85751e-06
5.13373e-06
3.91243e-06
2.65123e-06
0.000158826
0.000153124
0.00014159
0.00012968
0.000476245
0.000464383
0.000441173
0.000417373
0.000254364
0.000107237
3.73958e-05
3.86029e-05
0.000260317
0.000110955
2.48547e-05
7.77853e-06
0.000257816
0.000143982
0.00014519
0.000204967
0.000295819
0.00021499
0.000354588
0.000552759
0.00421492
0.00415555
0.00409861
0.0040705
0.00335326
0.00330377
0.00325717
0.00323506
0.0023637
0.00232632
0.00229231
0.0022774
0.0017135
0.0016849
0.00165968
0.00164952
7.10719e-05
6.94184e-05
6.89254e-05
6.98369e-05
4.66226e-06
5.56741e-06
6.41816e-06
6.84076e-06
0.000124044
0.000126423
0.000125864
0.000122697
0.000387653
0.000389453
0.000385097
0.00037675
7.65247e-05
7.43086e-05
7.30691e-05
7.33766e-05
2.31183e-06
2.77434e-06
2.91502e-06
2.66775e-06
0.000126107
0.00012886
0.000128455
0.000125113
0.000405446
0.000408887
0.000406125
0.000398517
0.00329046
0.00320042
0.00309793
0.00303059
0.00260777
0.0025351
0.0024535
0.00240083
0.0018308
0.00177863
0.00172154
0.00168597
0.00132552
0.0012874
0.0012468
0.00122256
7.28749e-05
7.21661e-05
7.31154e-05
7.53421e-05
2.44144e-05
2.57739e-05
2.79857e-05
3.01014e-05
0.000118029
0.00011809
0.000116406
0.000113919
0.000319569
0.000315157
0.000305757
0.000296001
6.98918e-05
6.86397e-05
6.87601e-05
7.02326e-05
1.21029e-05
1.34239e-05
1.51331e-05
1.6484e-05
0.00012197
0.000123621
0.000122884
0.000120221
0.000360443
0.000359642
0.000353143
0.00034418
0.00204404
0.00195682
0.00185168
0.00177751
0.00162318
0.00155415
0.0014718
0.00141443
0.00115107
0.00110324
0.00104744
0.0010096
0.000849002
0.000815374
0.00077727
0.000752425
9.62661e-05
9.70256e-05
0.00010035
0.000104798
5.66308e-05
5.7945e-05
6.13221e-05
6.53194e-05
9.34696e-05
9.10213e-05
8.86559e-05
8.76652e-05
0.000193985
0.000184936
0.000173391
0.000164983
8.11663e-05
8.11413e-05
8.31572e-05
8.63616e-05
3.92037e-05
4.03947e-05
4.29493e-05
4.57888e-05
0.000107869
0.000106181
0.000103496
0.000101249
0.000261857
0.000254179
0.000242501
0.000232534
0.000848968
0.000776766
0.000688627
0.000625668
0.000693098
0.000636438
0.000567916
0.000519501
0.000526282
0.000487292
0.000441136
0.000409361
0.000425556
0.000398096
0.000366592
0.00034577
0.00014467
0.000144745
0.000147832
0.000152559
0.000107893
0.00010885
0.000112957
0.000118375
8.66388e-05
8.56274e-05
8.72376e-05
9.08091e-05
9.21308e-05
8.7084e-05
8.36891e-05
8.36356e-05
0.000119074
0.000120262
0.000124526
0.000129988
7.98464e-05
8.14728e-05
8.5952e-05
9.13247e-05
8.38884e-05
8.1999e-05
8.159e-05
8.30182e-05
0.000131922
0.000124
0.000115642
0.000110952
8.24997e-05
6.17874e-05
3.96313e-05
2.63672e-05
8.88964e-05
7.04463e-05
5.05215e-05
3.83761e-05
0.000103755
8.77482e-05
7.03479e-05
5.95849e-05
0.000119215
0.000104585
8.86751e-05
7.87952e-05
0.000134044
0.000126228
0.000118441
0.000114151
0.000119332
0.000113707
0.00010874
0.000106588
0.000100043
9.70907e-05
9.57163e-05
9.64045e-05
8.54042e-05
8.43544e-05
8.56735e-05
8.85957e-05
0.000156467
0.000152922
0.00015119
0.000152034
0.000127558
0.00012567
0.00012608
0.000128552
9.72363e-05
9.58995e-05
9.72394e-05
0.00010059
8.01515e-05
7.79428e-05
7.85049e-05
8.15375e-05
2.14855e-05
2.32432e-05
2.56313e-05
2.75272e-05
9.678e-06
1.04769e-05
1.16868e-05
1.27364e-05
3.8122e-06
3.25439e-06
2.89783e-06
2.89904e-06
4.50265e-06
2.84852e-06
1.32241e-06
6.18623e-07
3.28062e-05
2.87634e-05
2.4571e-05
2.21546e-05
4.31139e-05
3.91559e-05
3.49892e-05
3.25314e-05
6.04692e-05
5.66473e-05
5.25585e-05
5.00881e-05
7.70957e-05
7.33778e-05
6.93704e-05
6.69218e-05
8.07445e-05
7.25033e-05
6.35044e-05
5.77855e-05
8.2188e-05
7.55851e-05
6.86173e-05
6.43803e-05
8.53114e-05
8.12045e-05
7.74089e-05
7.55492e-05
8.89363e-05
8.70208e-05
8.60755e-05
8.64049e-05
4.98891e-06
3.63187e-06
2.20269e-06
1.34678e-06
2.87821e-06
2.00069e-06
1.13793e-06
6.72402e-07
2.80473e-06
2.28047e-06
1.85904e-06
1.71915e-06
4.49774e-06
4.05473e-06
3.7639e-06
3.74527e-06
1.29668e-05
1.14202e-05
9.98746e-06
9.32817e-06
1.38086e-05
1.16646e-05
9.5851e-06
8.52951e-06
1.57557e-05
1.25934e-05
9.40926e-06
7.67571e-06
1.80328e-05
1.38908e-05
9.64351e-06
7.25786e-06
1.63486e-05
1.54884e-05
1.49577e-05
1.50535e-05
2.40578e-05
2.2261e-05
2.05476e-05
1.97662e-05
3.72465e-05
3.39003e-05
3.02419e-05
2.80254e-05
4.99596e-05
4.51524e-05
3.96734e-05
3.61216e-05
0.00445835
0.00434839
0.00425826
0.00421442
0.00373924
0.00364957
0.00355177
0.00349088
0.0027486
0.00269991
0.00264927
0.00261941
0.00197565
0.00198232
0.00199781
0.00201486
0.0015857
0.00160394
0.00165166
0.00169084
0.000955557
0.000989878
0.0010495
0.00110159
0.000386294
0.000414532
0.000459811
0.00049988
0.000129151
0.0001441
0.000168592
0.000189057
0.000379898
0.000418246
0.00095829
0.00156251
0.000264337
0.00025618
0.000575001
0.000960197
0.000235198
0.00015034
0.000233187
0.000388435
0.000247489
0.000116861
8.1623e-05
0.000119732
0.00434177
0.00429328
0.00425122
0.00423511
0.00345872
0.00341764
0.00338264
0.00336992
0.00244252
0.00241075
0.00238452
0.00237598
0.00177335
0.00174851
0.00172856
0.00172273
0.00145666
0.00143518
0.00141833
0.00141389
0.000937452
0.000921678
0.000910241
0.000908407
0.000422645
0.000413873
0.000408385
0.000408694
0.000162376
0.000158415
0.000156299
0.000157012
0.00149838
0.0014789
0.00146486
0.00146275
0.000967854
0.000952798
0.000942474
0.000941628
0.000438819
0.000429901
0.000424333
0.000424657
0.000169608
0.000165296
0.000162737
0.000163123
0.00357469
0.00348856
0.00339287
0.00333204
0.00283496
0.00276503
0.00268847
0.00264078
0.00199105
0.00194035
0.00188632
0.001854
0.0014407
0.00140328
0.00136451
0.00134236
0.00118166
0.00115055
0.00111902
0.00110167
0.000759578
0.000738771
0.000719063
0.000709556
0.000345985
0.000336199
0.000328439
0.00032628
0.0001405
0.000137101
0.000135545
0.000136576
0.00126799
0.00123831
0.00120937
0.00119456
0.000814161
0.000793944
0.000775591
0.000767569
0.000368147
0.000358275
0.00035073
0.000348981
0.000145491
0.000141827
0.00013999
0.000140848
0.00235799
0.00226881
0.00216246
0.00208838
0.00186959
0.00179869
0.00171508
0.00165762
0.00131903
0.00126952
0.00121244
0.00117431
0.000964879
0.000929744
0.000890382
0.000865093
0.000798522
0.000770156
0.000739068
0.000719712
0.000527591
0.000510071
0.000492192
0.000482263
0.000263975
0.000257212
0.000252092
0.000251022
0.000133848
0.000132508
0.000133461
0.000136338
0.000893484
0.000863704
0.000831491
0.000811804
0.000583288
0.000564505
0.000545529
0.00053516
0.00028139
0.000273693
0.000267624
0.000266013
0.000132691
0.000130762
0.000130948
0.000133224
0.00113152
0.00105303
0.000956886
0.000887905
0.000912158
0.000850597
0.000775903
0.000722894
0.000672798
0.000630658
0.000580604
0.000545984
0.000524566
0.00049521
0.000461414
0.000438966
0.000454147
0.000430781
0.00040451
0.000387623
0.000335987
0.000321999
0.000307485
0.000299258
0.000219312
0.000214411
0.000211276
0.000211433
0.000159049
0.000158596
0.000161026
0.000165294
0.00053495
0.000510423
0.000482883
0.000465196
0.000379963
0.000365412
0.000350337
0.000341803
0.000227869
0.000222977
0.000219892
0.000220117
0.000150619
0.000150415
0.000153073
0.000157452
0.000198341
0.000162826
0.00012213
9.52701e-05
0.000184369
0.000154999
0.000121519
9.95427e-05
0.000176908
0.000154306
0.000128881
0.000112452
0.000178613
0.000160194
0.00013983
0.000126956
0.000178127
0.000161824
0.000143945
0.000132759
0.000170486
0.000157731
0.000144114
0.000135902
0.000162495
0.000153417
0.000144331
0.000139374
0.000157699
0.000150706
0.000144291
0.000141337
0.000238145
0.000219618
0.000199144
0.000186254
0.000211366
0.000198268
0.000184473
0.000176387
0.000183961
0.000176292
0.000169274
0.000166141
0.000168562
0.000163777
0.000160454
0.000160101
8.64286e-06
1.13074e-05
1.56679e-05
1.96489e-05
5.39424e-06
5.82257e-06
7.22454e-06
8.89203e-06
9.30358e-06
7.10613e-06
5.17387e-06
4.33678e-06
1.65606e-05
1.24904e-05
8.32064e-06
5.91194e-06
2.07925e-05
1.59706e-05
1.08633e-05
7.7648e-06
2.81568e-05
2.25341e-05
1.64256e-05
1.25879e-05
3.94655e-05
3.31343e-05
2.61978e-05
2.17929e-05
4.89617e-05
4.23487e-05
3.51248e-05
3.05567e-05
4.59509e-05
3.80473e-05
2.95039e-05
2.4168e-05
5.57782e-05
4.73429e-05
3.80459e-05
3.20774e-05
6.85113e-05
5.97694e-05
5.00776e-05
4.38016e-05
7.78295e-05
6.9138e-05
5.95583e-05
5.33978e-05
1.41389e-05
1.1392e-05
8.20086e-06
6.06563e-06
7.3614e-06
5.94507e-06
4.37731e-06
3.4106e-06
3.39346e-06
3.06793e-06
2.8797e-06
2.94569e-06
3.27948e-06
3.42269e-06
3.86844e-06
4.44055e-06
3.95505e-06
4.22793e-06
4.84244e-06
5.54324e-06
5.38341e-06
5.63842e-06
6.27104e-06
7.01939e-06
8.99729e-06
8.90478e-06
9.1788e-06
9.72617e-06
1.28993e-05
1.23206e-05
1.20556e-05
1.2264e-05
1.00664e-06
1.50763e-06
2.44287e-06
3.43017e-06
2.46769e-06
2.89303e-06
3.79562e-06
4.80893e-06
7.25937e-06
7.28382e-06
7.77338e-06
8.55264e-06
1.27881e-05
1.23199e-05
1.22549e-05
1.26754e-05
0.00446761
0.00444009
0.00442608
0.00443204
0.00357976
0.00355268
0.00353644
0.00353854
0.00254902
0.00252456
0.00250827
0.00250766
0.00186399
0.00184301
0.00182837
0.00182685
0.00153895
0.00151965
0.00150587
0.00150399
0.00100082
0.000984915
0.000973582
0.00097201
0.000458154
0.000448304
0.000441622
0.000441138
0.000179034
0.000174168
0.00017089
0.000170736
0.00163793
0.00160102
0.00156463
0.00154561
0.0010664
0.00104093
0.00101738
0.00100651
0.000485857
0.000473693
0.000464316
0.000461869
0.000187339
0.000182986
0.000180509
0.000180993
8.08397e-05
7.84661e-05
7.70048e-05
7.70793e-05
2.54929e-06
2.83434e-06
2.6866e-06
2.17346e-06
0.000129641
0.000131659
0.000130151
0.000125859
0.000416563
0.000419097
0.000414855
0.000405853
0.000641152
0.000643147
0.000636579
0.000624585
0.00120613
0.00120522
0.00119269
0.0011745
0.00225505
0.00224928
0.00222664
0.00219786
0.00332028
0.00330979
0.00327793
0.00323978
0.000713183
0.000699464
0.000671768
0.000642942
0.00128418
0.00127122
0.00124223
0.00121094
0.00231102
0.00230943
0.00229154
0.0022658
0.00332929
0.00334568
0.00334914
0.00333795
5.20578e-05
6.13235e-05
7.34032e-05
8.20286e-05
8.96398e-06
9.03061e-06
8.18149e-06
6.5575e-06
0.000192712
0.000189424
0.000181093
0.000171652
0.000553588
0.000540217
0.000523021
0.000507015
0.000813568
0.000798578
0.00077161
0.000745813
0.00145079
0.00141262
0.00135149
0.00129683
0.00245876
0.0024186
0.00235153
0.00228847
0.00332308
0.00331785
0.00330367
0.0032769
0.000312369
0.000278281
0.000536535
0.00085157
0.000360312
0.000428219
0.00103736
0.00175889
0.0012018
0.000965244
0.0019629
0.00314616
0.00326682
0.00181461
0.00287752
0.00421504
0.0040439
0.00397384
0.00390194
0.00386157
0.00321342
0.00315565
0.00309739
0.00306565
0.00226172
0.00221882
0.0021769
0.00215539
0.00163788
0.00160552
0.00157487
0.00156011
0.00134346
0.00131617
0.00129095
0.00127946
0.000862528
0.000843578
0.000827366
0.000821365
0.000388555
0.00037895
0.000372027
0.000370963
0.000150895
0.000147102
0.000145148
0.000145948
0.0014062
0.00138184
0.00136091
0.00135309
0.000903411
0.00088611
0.000872421
0.000868651
0.000406555
0.000397422
0.000391318
0.000391042
0.000156438
0.000152597
0.000150614
0.000151412
7.00223e-05
6.85576e-05
6.83502e-05
6.95207e-05
7.669e-06
8.81191e-06
1.01108e-05
1.09957e-05
0.00012296
0.000125073
0.000124497
0.000121596
0.000375381
0.00037604
0.000370731
0.000362096
0.000571039
0.000569828
0.000560655
0.000547998
0.00106181
0.00105459
0.00103563
0.001014
0.00197873
0.00195989
0.00192261
0.00188459
0.00291655
0.00288521
0.00282919
0.00277503
0.000592478
0.000593085
0.000585658
0.000573812
0.00110646
0.00110272
0.00108756
0.00106822
0.0020659
0.00205397
0.00202471
0.00199202
0.00304634
0.0030257
0.00298245
0.00293707
7.31418e-05
7.12509e-05
7.04321e-05
7.10728e-05
2.97027e-06
3.63669e-06
4.08737e-06
4.12315e-06
0.000125179
0.00012776
0.000127252
0.000123939
0.000397619
0.000400332
0.000396826
0.000388837
0.000609671
0.000611729
0.000605804
0.000594767
0.00114194
0.00114097
0.00112895
0.00111161
0.00213366
0.00212718
0.00210442
0.0020762
0.00314504
0.00313284
0.00309989
0.00306179
0.000623475
0.000626587
0.000621808
0.000611449
0.00117145
0.00117219
0.00116213
0.00114607
0.00219107
0.00218735
0.00216786
0.00214186
0.00322903
0.00322058
0.0031921
0.00315708
0.00298685
0.0028955
0.00278958
0.00271828
0.00236631
0.00229298
0.00220902
0.0021534
0.00166194
0.00160981
0.00155154
0.00151418
0.0012053
0.00116757
0.00112654
0.00110127
0.00099074
0.00095981
0.00092689
0.00090725
0.000641658
0.000621744
0.000601911
0.00059134
0.000301399
0.000292801
0.00028588
0.000283845
0.000133649
0.000131151
0.000130634
0.000132386
0.00108794
0.00105646
0.00102365
0.00100472
0.000701184
0.000680519
0.000660358
0.00065002
0.000323296
0.000313961
0.000306433
0.000304189
0.000136392
0.000133392
0.000132283
0.000133615
7.62774e-05
7.58921e-05
7.73402e-05
8.00214e-05
3.15943e-05
3.28613e-05
3.52208e-05
3.76708e-05
0.000113815
0.000112944
0.000110673
0.000108235
0.000292677
0.000286479
0.000275738
0.000265724
0.000429104
0.000418514
0.000401286
0.000385758
0.000770043
0.000747993
0.000714717
0.000686076
0.0014055
0.00136217
0.0012996
0.00124741
0.00205237
0.0019872
0.0018951
0.00181956
0.00047381
0.000465488
0.000450047
0.000434985
0.000859388
0.00084052
0.000809981
0.000782345
0.00157786
0.00153903
0.00148048
0.00142994
0.00230999
0.00225031
0.00216314
0.00208969
7.0793e-05
6.97946e-05
7.03023e-05
7.21281e-05
1.78024e-05
1.91958e-05
2.12111e-05
2.29749e-05
0.000120567
0.000121515
0.000120392
0.000117861
0.000342075
0.000339533
0.000331623
0.000322263
0.000512362
0.000506518
0.000493179
0.000478843
0.000938537
0.000923407
0.000896382
0.000870376
0.0017335
0.00170051
0.00164777
0.00160028
0.00254496
0.00249302
0.00241377
0.00234469
0.000544608
0.000541205
0.000530025
0.000516527
0.00100611
0.000994978
0.000971936
0.000948004
0.00186801
0.00184187
0.00179643
0.00175324
0.00274909
0.00270685
0.00263827
0.00257581
0.00173373
0.00164865
0.00154518
0.00147149
0.00138059
0.00131351
0.00123276
0.00117591
0.00098697
0.000940807
0.000886426
0.000849137
0.000736934
0.000704713
0.000667876
0.000643592
0.000619216
0.000593534
0.000564845
0.000546531
0.000426173
0.000410848
0.000395019
0.000386084
0.000237577
0.000232315
0.000228821
0.000228777
0.000143041
0.000142671
0.00014501
0.000149063
0.000707017
0.00068006
0.000650197
0.000631333
0.000475231
0.000458904
0.000442122
0.000432707
0.000249423
0.000243507
0.00023929
0.000238777
0.000137311
0.000136521
0.000138231
0.000141732
0.000106789
0.000107866
0.000111789
0.000116845
6.73589e-05
6.88559e-05
7.28244e-05
7.75489e-05
8.74301e-05
8.51294e-05
8.35923e-05
8.37178e-05
0.000161073
0.000152289
0.000141987
0.000135204
0.000218451
0.000204794
0.000187991
0.000176135
0.000366343
0.000340839
0.000308395
0.000284425
0.000656663
0.000610332
0.00055069
0.00050589
0.000960234
0.00089353
0.000807518
0.000742707
0.000271268
0.000257229
0.000238894
0.000225094
0.000467197
0.000440916
0.000406213
0.000379584
0.000841727
0.000793786
0.000730457
0.000681657
0.00122767
0.00115842
0.00106722
0.000997047
8.77561e-05
8.81231e-05
9.0777e-05
9.45795e-05
4.74085e-05
4.86068e-05
5.14908e-05
5.48397e-05
0.000100732
9.84889e-05
9.57378e-05
9.39497e-05
0.000228336
0.000219668
0.000207674
0.000198209
0.000325781
0.000312176
0.000293315
0.00027829
0.000570668
0.00054477
0.000509252
0.000481009
0.00103194
0.000984025
0.000919055
0.000867742
0.00150351
0.0014337
0.00133979
0.00126608
0.000379185
0.000366772
0.00034833
0.000332765
0.000672799
0.000648352
0.000613356
0.000584474
0.00122169
0.00117533
0.00111062
0.00105818
0.00178083
0.00171235
0.0016181
0.00154255
0.000590976
0.00052818
0.000452278
0.000398708
0.000492937
0.000443393
0.000384061
0.000342641
0.000391632
0.000357008
0.000316411
0.000288797
0.000333454
0.000308454
0.000280013
0.000261417
0.000304815
0.00028437
0.000261594
0.000247128
0.00025228
0.000238956
0.000225047
0.000217058
0.000199373
0.000193045
0.000187925
0.000186417
0.000170715
0.00016796
0.00016741
0.000169338
0.000377163
0.000355119
0.000330405
0.000314585
0.000293627
0.000280032
0.000265902
0.000257866
0.00021045
0.00020508
0.000201291
0.000200901
0.000166581
0.000165305
0.000166713
0.000170209
0.000153744
0.000152303
0.000153419
0.000156592
0.000120082
0.000119893
0.000122585
0.000126924
9.18181e-05
9.08555e-05
9.27119e-05
9.65507e-05
8.29767e-05
7.94775e-05
7.83682e-05
8.02027e-05
7.78612e-05
7.22949e-05
6.87332e-05
6.88789e-05
7.40381e-05
6.33108e-05
5.34265e-05
4.90443e-05
9.77346e-05
7.72636e-05
5.55564e-05
4.27979e-05
0.000140127
0.000109699
7.5987e-05
5.47844e-05
9.82886e-05
9.00913e-05
8.27708e-05
7.98564e-05
0.000122373
0.000106481
8.94511e-05
7.93507e-05
0.000196159
0.000166376
0.000132004
0.000109215
0.000288361
0.000244752
0.000193243
0.000158013
0.000132264
0.000133181
0.000137259
0.000142696
9.37613e-05
9.52767e-05
9.99067e-05
0.000105603
8.36399e-05
8.22533e-05
8.3006e-05
8.56833e-05
0.000108522
0.000101916
9.59743e-05
9.36311e-05
0.000129498
0.000118905
0.000107856
0.00010168
0.000189633
0.000169377
0.000145912
0.00013037
0.000326855
0.000289482
0.000244252
0.000212477
0.00048127
0.000427068
0.000360602
0.000313115
0.000170277
0.000157801
0.000143486
0.000134231
0.000272358
0.00024886
0.000220177
0.000199931
0.000482792
0.000439914
0.000386238
0.000347081
0.000708559
0.000646729
0.000568807
0.00051146
2.0896e-05
1.25802e-05
5.36919e-06
2.59152e-06
3.29665e-05
2.38567e-05
1.50831e-05
1.06648e-05
5.38954e-05
4.38596e-05
3.344e-05
2.73809e-05
7.27121e-05
6.1896e-05
5.03171e-05
4.32366e-05
8.11829e-05
7.02197e-05
5.83026e-05
5.08416e-05
9.0746e-05
8.01087e-05
6.84334e-05
6.10047e-05
0.000101927
9.18889e-05
8.0892e-05
7.38917e-05
0.000109232
9.97725e-05
8.95378e-05
8.31193e-05
0.000125551
0.000111769
9.67365e-05
8.73441e-05
0.000129841
0.00011781
0.000104768
9.66633e-05
0.000134574
0.000124525
0.000113871
0.000107428
0.000137328
0.000128561
0.000119552
0.000114341
0.000109476
0.000100742
9.1438e-05
8.5721e-05
0.000103134
9.64859e-05
8.98288e-05
8.60897e-05
9.47643e-05
9.10613e-05
8.82499e-05
8.74709e-05
8.85056e-05
8.72372e-05
8.76951e-05
8.9504e-05
8.24268e-05
8.28624e-05
8.56204e-05
8.9262e-05
6.92373e-05
7.34574e-05
8.10928e-05
8.84502e-05
6.00988e-05
6.92658e-05
8.35125e-05
9.60986e-05
5.99984e-05
7.30821e-05
9.27236e-05
0.000109699
7.37134e-05
7.39328e-05
7.70707e-05
8.15202e-05
4.91492e-05
5.20576e-05
5.88488e-05
6.62291e-05
2.56625e-05
3.16708e-05
4.29539e-05
5.41533e-05
1.49304e-05
2.30647e-05
3.76695e-05
5.18632e-05
0.000150233
0.000144362
0.00013939
0.000137524
0.000127745
0.000123883
0.000121516
0.000121638
0.000100604
9.85323e-05
9.86865e-05
0.000100885
8.17774e-05
8.04163e-05
8.18072e-05
8.51956e-05
6.77044e-05
6.66966e-05
6.87796e-05
7.28809e-05
3.94206e-05
3.89215e-05
4.19844e-05
4.70922e-05
1.42437e-05
1.32707e-05
1.64226e-05
2.21609e-05
4.88089e-06
2.65245e-06
4.95749e-06
1.06691e-05
6.81567e-05
6.51108e-05
6.48419e-05
6.74408e-05
4.65481e-05
4.12163e-05
3.83746e-05
3.93228e-05
3.67174e-05
2.63441e-05
1.77914e-05
1.50352e-05
4.47292e-05
2.88047e-05
1.39592e-05
7.11265e-06
2.78928e-05
2.71237e-05
2.60347e-05
2.51555e-05
1.29804e-05
1.27675e-05
1.24562e-05
1.22255e-05
2.85137e-06
2.82761e-06
2.92981e-06
3.15108e-06
3.20414e-07
1.54015e-07
2.79905e-07
6.76904e-07
3.67792e-07
1.07402e-07
1.87278e-07
6.06163e-07
2.64399e-06
2.06909e-06
1.83673e-06
2.09059e-06
9.09072e-06
7.96262e-06
7.14937e-06
7.0623e-06
1.62187e-05
1.46003e-05
1.32456e-05
1.28161e-05
5.99136e-06
3.86862e-06
1.81736e-06
7.74679e-07
1.03587e-05
7.59654e-06
4.80933e-06
3.27521e-06
1.91377e-05
1.56532e-05
1.20669e-05
1.00258e-05
2.77068e-05
2.37794e-05
1.97142e-05
1.7378e-05
2.08839e-05
1.89594e-05
1.72422e-05
1.65609e-05
3.10774e-05
2.85621e-05
2.60475e-05
2.47366e-05
4.8342e-05
4.48489e-05
4.10382e-05
3.8718e-05
6.48979e-05
6.04697e-05
5.54451e-05
5.21954e-05
7.52067e-05
7.01549e-05
6.43147e-05
6.04351e-05
9.77443e-05
9.14747e-05
8.38876e-05
7.85573e-05
0.000136442
0.000127874
0.000117263
0.000109589
0.00017427
0.000163348
0.000149748
0.00013983
8.72853e-05
8.36831e-05
7.97836e-05
7.73856e-05
0.000109337
0.000106182
0.000102569
0.000100176
0.000148509
0.000145515
0.000141934
0.000139436
0.000187647
0.000184479
0.000180638
0.000177916
5.3517e-05
4.70579e-05
4.00424e-05
3.56409e-05
6.08405e-05
5.52905e-05
4.93476e-05
4.5687e-05
7.32541e-05
6.91482e-05
6.4965e-05
6.25663e-05
8.52847e-05
8.24761e-05
7.9923e-05
7.87329e-05
9.20882e-05
9.02363e-05
8.88874e-05
8.85932e-05
0.000106591
0.000107033
0.000108348
0.000109865
0.000135662
0.000138992
0.000143874
0.000147993
0.000166788
0.000172346
0.000180094
0.000186399
8.97467e-05
8.94015e-05
9.0505e-05
9.24151e-05
9.12093e-05
9.44542e-05
0.000100004
0.000105164
0.000102148
0.000110165
0.000121858
0.000131702
0.000118337
0.000130206
0.000146998
0.000160837
8.88686e-07
7.32105e-07
5.01582e-07
4.02503e-07
5.20382e-07
4.13482e-07
4.37147e-07
6.83138e-07
1.71143e-06
1.28508e-06
1.31208e-06
1.95543e-06
3.62165e-06
2.65854e-06
2.41528e-06
3.32899e-06
4.8976e-06
3.60451e-06
2.68396e-06
2.75138e-06
5.74124e-06
4.07299e-06
2.61322e-06
2.14531e-06
6.96994e-06
4.89731e-06
2.85009e-06
1.82256e-06
7.99532e-06
5.70885e-06
3.31078e-06
1.95869e-06
5.67628e-06
5.24712e-06
5.02793e-06
5.10794e-06
7.19679e-06
6.66882e-06
6.35157e-06
6.37992e-06
9.7954e-06
8.92623e-06
8.25165e-06
8.0748e-06
1.21283e-05
1.0862e-05
9.76459e-06
9.33906e-06
7.89686e-06
5.62083e-06
3.19539e-06
1.83173e-06
7.02234e-06
4.9959e-06
2.78997e-06
1.58098e-06
6.09763e-06
4.45987e-06
2.61657e-06
1.70829e-06
5.58631e-06
4.26062e-06
2.72852e-06
2.12806e-06
4.8475e-06
3.6237e-06
2.42432e-06
2.36685e-06
4.63311e-06
3.18609e-06
1.80873e-06
1.48719e-06
5.71305e-06
3.50868e-06
1.43691e-06
6.41747e-07
7.79675e-06
4.68679e-06
1.77547e-06
5.33033e-07
1.91041e-05
1.44053e-05
9.49296e-06
6.64284e-06
2.19273e-05
1.62355e-05
1.01936e-05
6.6068e-06
2.75677e-05
2.04091e-05
1.27008e-05
8.02853e-06
3.35337e-05
2.5117e-05
1.59805e-05
1.03785e-05
1.50787e-05
1.41122e-05
1.33926e-05
1.3289e-05
1.92571e-05
1.73561e-05
1.55052e-05
1.45982e-05
2.66063e-05
2.31853e-05
1.95017e-05
1.73001e-05
3.3829e-05
2.90075e-05
2.3641e-05
2.0256e-05
3.79602e-05
3.2243e-05
2.58086e-05
2.16765e-05
4.72854e-05
3.96633e-05
3.09216e-05
2.51631e-05
6.35742e-05
5.28125e-05
4.03176e-05
3.19408e-05
7.96516e-05
6.5912e-05
4.98873e-05
3.90703e-05
5.77282e-05
5.19323e-05
4.52237e-05
4.07712e-05
7.49069e-05
6.70278e-05
5.76339e-05
5.11556e-05
0.00010428
9.28569e-05
7.90296e-05
6.92884e-05
0.000132903
0.000118043
9.99773e-05
8.71593e-05
