FiniteElementSpace
FiniteElementCollection: H1_2D_P2
VDim: 2
Ordering: 0

0
1.09293
2.15163
3.13064
4.01344
4.81093
5.55872
6.30598
7.07457
0
0.915878
1.79981
2.63445
3.41573
4.15867
4.89809
5.66253
6.43805
0.545965
1.00808
0.461749
0
1.6301
1.98272
1.36302
2.65283
2.89064
2.22397
3.58396
3.72123
3.03131
4.42121
4.48783
3.79019
5.18791
5.22761
4.52629
5.92988
5.9829
5.27702
6.68829
6.75629
6.0509
0.50496
1.50212
2.44628
3.31531
4.11077
4.858
5.60187
6.36912
0.271054
0.525178
0.251904
0
1.36313
1.56703
1.25652
1.05112
2.40501
2.55073
2.21681
2.06828
3.36036
3.45062
3.10541
3.01178
4.21985
4.26626
3.91785
3.86803
5.00062
5.02229
4.67338
4.64916
5.7439
5.76522
5.41394
5.39233
6.49643
6.52894
6.17558
6.14424
0.820202
0.757349
0.963274
0.689487
0.484304
0.232799
0
1.89314
1.74435
1.89375
1.58288
1.43449
1.14055
2.89478
2.67093
2.76554
2.43094
2.33799
2.01356
3.80158
3.5205
3.57118
3.22495
3.17623
2.83453
4.61804
4.30055
4.32501
3.97488
3.95279
3.60399
5.37366
5.04249
5.06321
4.71141
4.69321
4.34225
6.11715
5.79156
5.82219
5.46913
5.43923
5.08661
6.88115
6.91581
6.56293
6.59693
6.24474
6.20955
5.85665
0.259893
1.31062
2.31206
3.23396
4.06935
4.83654
5.57813
6.33604
0.789156
0.72441
0.243848
1.81977
1.66583
1.20014
2.78402
2.55389
2.11788
3.6619
3.37556
2.97296
4.45932
4.13976
3.76344
5.20728
4.87766
4.50924
5.95391
5.62993
5.25032
6.72244
6.40345
6.01559
0.133181
0.264969
0.12838
0
1.2284
1.33704
1.18122
1.07216
2.279
2.35874
2.19078
2.11016
3.24628
3.29733
3.12357
3.0714
4.11731
4.14461
3.96927
3.9408
4.90613
4.91834
4.7431
4.72987
5.65124
5.66074
5.4851
5.47522
6.40101
6.41627
6.23998
6.22506
0.683177
0.80477
0.657404
0.53554
0.631317
0.741086
0.604443
0.494832
0.125632
0.247997
0.1228
0
1.76217
1.85666
1.6939
1.59875
1.62369
1.70555
1.55056
1.46871
1.13262
1.22867
1.08199
0.985943
2.77457
2.8396
2.66806
2.60199
2.55922
2.61301
2.44647
2.39272
2.10032
2.1679
2.0063
1.93875
3.69352
3.73184
3.55692
3.51743
3.41848
3.44859
3.27637
3.24636
2.99864
3.03979
2.86977
2.8287
4.52016
4.53856
4.36323
4.34369
4.20601
4.22053
4.04654
4.03221
3.82003
3.84113
3.6677
3.64674
5.28092
5.29016
5.11483
5.10482
4.95021
4.96017
4.78534
4.77577
4.58078
4.59155
4.4172
4.40673
6.02332
6.03539
5.85936
5.84733
5.6965
5.71066
5.53436
5.52048
5.3206
5.3321
5.15655
5.14544
6.78463
6.80193
6.62565
6.60872
6.46603
6.48314
6.30654
6.28926
6.07911
6.09549
5.91878
5.90245
0.408683
0.39256
0.515011
0.378413
0.255866
0
1.49708
1.43925
1.53486
1.37971
1.2838
1.02977
2.52965
2.43205
2.49888
2.33214
2.2648
2.02584
3.47293
3.34297
3.38331
3.21096
3.17005
2.95159
4.32114
4.16832
4.1887
4.01474
3.99383
3.79492
5.09451
4.92957
4.9401
4.76576
4.75497
4.56856
5.83675
5.67149
5.68343
5.50769
5.49591
5.30985
6.5922
6.43238
6.44904
6.27228
6.25579
6.06351
0.956839
0.92041
0.882964
0.773333
0.844054
0.939963
0.802858
0.70726
0.575777
0.473276
0.36412
0.347376
0.238781
0.11807
0
2.02301
1.94459
1.86405
1.78238
1.78024
1.84751
1.69172
1.625
1.47329
1.39931
1.31766
1.25208
1.17082
1.02845
3.01349
2.8986
2.78141
2.72786
2.66025
2.70088
2.53312
2.49329
2.32788
2.28182
2.22845
2.11919
2.06652
1.90709
3.90822
3.76559
3.6214
3.59152
3.47381
3.49427
3.32067
3.3011
3.1285
3.10464
3.0751
2.93332
2.90463
2.73491
4.71494
4.55459
4.39446
4.38006
4.23256
4.2424
4.06684
4.05797
3.88269
3.87221
3.85845
3.69732
3.68449
3.51015
5.46621
5.29975
5.13494
5.1248
4.97026
4.98079
4.80452
4.79479
4.61867
4.61011
4.60121
4.43417
4.42621
4.25044
6.21135
6.04887
5.88704
5.87264
5.72589
5.7422
5.56569
5.54941
5.37287
5.35807
5.34454
5.18157
5.1685
4.9921
6.97783
6.99539
6.81921
6.83608
6.65971
6.64273
6.67655
6.50024
6.51742
6.34146
6.32398
6.1479
6.13007
6.11253
5.9538
5.93595
5.75953
0.130049
1.20495
2.2351
3.1851
4.04332
4.82441
5.56788
6.32049
0.670337
0.618072
0.124304
1.72822
1.58756
1.10761
2.72152
2.50344
2.05385
3.62534
3.348
2.93481
4.44162
4.12668
3.74438
5.19758
4.8679
4.49926
5.94116
5.61536
5.23857
6.70526
6.38622
5.99885
0.400452
0.385385
0.126981
1.46833
1.40973
1.15712
2.48106
2.38246
2.14591
3.4081
3.27732
3.06148
4.24471
4.09174
3.89491
5.01178
4.84764
4.66198
5.75387
5.58947
5.40272
6.51236
6.35232
6.1595
0.938739
0.901818
0.644379
0.863743
0.823805
0.590385
0.371464
0.35601
0.121078
1.984
1.90465
1.65909
1.82263
1.73667
1.51253
1.34905
1.28538
1.05565
2.95624
2.84038
2.61402
2.72143
2.59757
2.38804
2.28086
2.17464
1.95746
3.83699
3.6938
3.48803
3.54815
3.39807
3.2033
3.14363
3.00509
2.80323
4.63462
4.47462
4.28478
4.31385
4.15031
3.9653
3.93705
3.77863
3.58972
5.38267
5.21724
5.03246
5.05266
4.88759
4.70231
4.68368
4.5181
4.33434
6.13002
5.96788
5.77782
5.80637
5.64565
5.45353
5.42607
5.26305
5.07441
6.89868
6.7395
6.54587
6.57992
6.42075
6.22709
6.19232
6.033
5.83899
0
0.116202
0.414384
0.889429
1.49277
2.16695
2.85188
3.50748
4.14122
1
1.08958
1.34008
1.7479
2.28423
2.91416
3.59308
4.26712
4.91266
0.0424194
0.582637
1.02855
0.5
0.240895
0.8595
1.19391
0.63249
1.30515
1.52588
1.17853
1.87994
2.0021
1.82481
2.53729
2.58991
2.51151
3.22368
3.25092
3.18403
3.88954
3.93351
3.82515
4.52766
4.59265
0.514168
0.698171
1.06341
1.57922
2.20143
2.88044
3.56103
4.21028
0.0241845
0.273927
0.497977
0.25
0.172263
0.465234
0.634551
0.345007
0.518192
0.844134
0.956401
0.632848
1.03039
1.37577
1.4385
1.09381
1.65703
2.01088
2.03847
1.68366
2.33938
2.69498
2.70841
2.35044
3.0191
3.37297
3.39336
3.03756
3.66676
4.01836
4.05067
3.69926
0.0729378
0.542543
0.830311
1.05355
0.765433
1.01497
0.75
0.321757
0.77327
1.09493
1.26187
0.940624
1.13642
0.75651
1.17988
1.52321
1.6326
1.29051
1.42822
1.33296
1.7266
2.08049
2.13994
1.7882
1.87124
1.9951
2.36799
2.72579
2.75006
2.39494
2.43442
2.68255
3.05247
3.40928
3.42179
3.06633
3.0814
3.34672
3.72642
4.07879
4.10135
3.74807
3.7639
3.98322
4.33481
4.36899
4.72004
4.75316
4.40155
4.4308
0.255844
0.399037
0.733333
1.23115
1.84528
2.52254
3.20637
3.85946
0.30331
0.792096
0.750386
0.543307
1.01241
0.879864
0.964545
1.40252
1.1878
1.52688
1.93124
1.65198
2.17957
2.55872
2.23529
2.8669
3.23795
2.8953
3.53722
3.91453
3.57952
4.17662
4.56101
4.24099
0.0152285
0.138905
0.251585
0.125
0.142604
0.284609
0.370483
0.22956
0.464896
0.624787
0.681757
0.522618
0.95894
1.12992
1.16152
0.990731
1.57439
1.75045
1.76391
1.58747
2.25315
2.43052
2.43639
2.25817
2.93579
3.11276
3.12222
2.94462
3.58727
3.76334
3.77956
3.6036
0.0560729
0.187085
0.287092
0.157251
0.526897
0.665939
0.777321
0.638345
0.496468
0.622838
0.748269
0.625
0.279783
0.431516
0.502805
0.352034
0.734309
0.89163
0.975163
0.818136
0.607124
0.755902
0.853687
0.705131
0.693308
0.859607
0.903182
0.737362
1.12051
1.29028
1.3454
1.17596
0.906654
1.07102
1.14011
0.976068
1.255
1.42913
1.45057
1.27633
1.65212
1.82836
1.85891
1.68305
1.37086
1.54449
1.58663
1.41335
1.90969
2.08674
2.0949
1.91719
2.28431
2.46317
2.47637
2.29791
1.9586
2.1365
2.15724
1.97974
2.59721
2.77451
2.78106
2.60291
2.96651
3.14531
3.15212
2.97343
2.62268
2.80184
2.8103
2.63144
3.26565
3.44216
3.45538
3.27862
3.64401
3.82062
3.83157
3.6547
3.30874
3.48659
3.49457
3.31661
3.90419
4.08009
4.09753
3.92196
4.28971
4.46501
4.48138
4.30597
3.97033
4.14592
4.16013
3.98428
0.0317622
0.263545
0.392788
0.504506
0.37565
0.375
0.204985
0.430626
0.580578
0.664914
0.515643
0.46265
0.574044
0.787484
0.952807
1.00868
0.843855
0.745119
1.1036
1.3026
1.47676
1.50798
1.33403
1.19862
1.74053
1.92763
2.10569
2.11945
1.94133
1.78119
2.42554
2.60878
2.78756
2.79437
2.61525
2.44355
3.10187
3.28996
3.46711
3.47747
3.29993
3.13062
3.74603
3.93903
4.11444
4.13063
3.9552
3.79455
0.0929209
0.322607
0.56111
0.421736
0.809787
0.958385
1.07024
0.921224
1.03971
0.895474
0.756495
1.02031
0.881177
1.00931
0.875
0.366596
0.586671
0.815024
0.657196
1.05236
1.21622
1.29974
1.13576
1.22662
1.06581
0.908861
1.16388
1.00663
1.1117
0.821886
1.02812
1.24146
1.0713
1.46182
1.63473
1.68923
1.51661
1.57816
1.40712
1.23797
1.47591
1.30682
1.38296
1.41223
1.60461
1.80257
1.62607
2.00513
2.18203
2.21132
2.03513
2.07019
1.89456
1.7192
1.93577
1.7609
1.80861
2.08089
2.26479
2.45236
2.27339
2.6419
2.82011
2.83167
2.65442
2.66945
2.49234
2.31456
2.51154
2.33464
2.35863
2.76747
2.95243
3.13822
2.95961
3.3237
3.5015
3.50745
3.33018
3.33625
3.1589
2.98069
3.16594
2.98857
2.99744
3.42733
3.6185
3.80825
3.63196
3.99693
4.17307
4.18452
4.00813
4.01769
3.84104
3.66403
3.84892
3.67201
3.67861
4.06222
4.23812
4.25571
4.43134
4.44828
4.27289
4.62387
4.64051
4.81625
4.83302
4.65705
4.67304
4.4971
4.32145
4.51193
4.33595
4.34922
0.131997
0.255507
0.572345
1.05936
1.66843
2.34429
3.02896
3.68365
0.170595
0.650691
0.621465
0.390276
0.853499
0.72908
0.797314
1.23199
1.02227
1.35198
1.75491
1.47795
2.00167
2.38011
2.0575
2.68885
3.05939
2.71643
3.36067
3.73794
3.4018
4.00104
4.38557
4.06533
0.14674
0.382714
0.373161
0.316776
0.546633
0.487643
0.679806
0.897096
0.793172
1.20227
1.40453
1.26536
1.8334
2.02304
1.86069
2.51677
2.70138
2.52926
3.19598
3.3838
3.21551
3.84275
4.03496
3.87509
0.206729
0.440679
0.405774
0.684086
0.938426
0.906935
0.629034
0.886946
0.877256
0.475632
0.699774
0.617449
0.932512
1.17471
1.09947
0.785603
1.03488
0.981148
0.924101
1.13391
1.01091
1.35077
1.57463
1.46076
1.12228
1.3558
1.26029
1.50766
1.70295
1.55064
1.90334
2.10783
1.96402
1.61289
1.82684
1.69685
2.17228
2.35822
2.18918
2.54698
2.73686
2.57288
2.21667
2.4129
2.25766
2.85979
3.04529
2.87367
3.23108
3.41589
3.24449
2.88754
3.07356
2.90405
3.52312
3.71352
3.54982
3.90272
4.09088
3.92485
3.57091
3.75675
3.5869
4.1591
4.35207
4.19372
4.5444
4.73671
4.57719
4.22611
4.41671
4.25476
