FiniteElementSpace
FiniteElementCollection: H1_2D_P2
VDim: 2
Ordering: 0

0
0.0045515
0.00498953
0.00207319
0.00310956
0.00775275
0.0108828
0.0129801
0.0168819
0
0.0011028
-0.000851678
-0.000738351
-0.00303202
-0.0163872
-0.0285549
-0.0269168
-0.0210484
0.00244307
0.00309849
0.000950105
0
0.00552675
0.00214508
0.000287279
0.00345396
0.000715604
-0.00122057
0.00185871
0.000466065
-0.000745681
0.00535523
-0.00433658
-0.00852513
0.00964334
-0.00955366
-0.0240036
0.0118255
-0.00731828
-0.0291252
0.014636
-0.00222165
-0.0237848
0.00163666
0.00316167
0.00108226
0.00081366
-0.00122262
-0.00767633
-0.00925193
-0.00473519
0.00117261
0.00208447
0.000631493
0
0.00522205
0.00440345
0.00330794
0.0039539
0.0042808
0.00223533
0.00155291
0.0035165
0.00178151
0.00167217
0.00075517
0.00153685
0.0041588
0.00234718
-0.000176729
0.00219661
0.00878387
0.000566714
-0.00609121
0.00165241
0.0113571
0.000919918
-0.00966277
0.000136313
0.013736
0.00496711
-0.00605221
0.00269223
0.00358869
0.00252459
0.00213213
0.00113491
0.00124901
0.000613639
0
0.0054375
0.00273135
0.000728464
-0.000318423
0.00181047
0.000803959
0.00266867
0.000803309
-0.000142022
-0.00102875
-7.45546e-05
-0.00117409
0.00231523
0.00076072
-0.00146071
-0.00151256
-0.000171569
-0.000562951
0.00658616
-0.00264803
-0.0103076
-0.0122919
-0.00494569
-0.00538215
0.0103316
-0.0088774
-0.0189217
-0.02678
-0.0157011
-0.0204261
0.0123518
-0.00842711
-0.0171372
-0.0282501
-0.0191317
-0.0292973
0.0156876
0.00737841
-0.00344386
-0.0117252
-0.022327
-0.0143301
-0.0253613
0.000828659
0.00437413
0.00285202
0.00151563
0.0023644
0.00109392
0.000377022
0.00379373
0.0031675
0.00183277
0.000492516
0.00408233
0.00130088
0.0021176
0.00177775
-0.000181245
0.00023674
0.00193139
-0.000580383
-8.34146e-05
0.00210173
-0.00747751
-0.00291049
0.00021331
-0.0176807
-0.013153
0.00171338
-0.0183227
-0.0193812
0.00617911
-0.0129759
-0.0157554
0.000409889
0.000970223
0.00026901
0
0.00493059
0.00483353
0.00421249
0.00429592
0.00465842
0.00353917
0.00318707
0.00423142
0.00188212
0.00173208
0.00150116
0.00185129
0.00360895
0.00339063
0.00229859
0.00279351
0.00828842
0.0048547
0.00137823
0.00468641
0.0111251
0.00571088
0.000217139
0.00533147
0.0133416
0.00875926
0.00323101
0.00779886
0.00303041
0.0034177
0.00265798
0.00228381
0.00211377
0.00217857
0.00157225
0.00143376
0.000218002
0.000556604
0.000180296
0
0.00553119
0.00475609
0.00428098
0.00498305
0.00297497
0.00203048
0.00157317
0.00250067
0.00324936
0.0027251
0.00216434
0.00262301
0.00304438
0.00223352
0.00198247
0.00282843
0.000918162
0.000303396
-0.000151301
0.000503257
0.00184126
0.00090102
0.00046509
0.00144823
0.00204008
0.00225806
0.00179485
0.00188013
0.000809804
7.5357e-05
-0.000325409
0.000303801
0.000726318
0.000319006
-0.000104936
0.00027332
0.00597347
0.00439227
0.00225255
0.00394955
-0.00189362
-0.00505965
-0.00615944
-0.0030848
0.000192805
-0.00154901
-0.00211119
-0.000507793
0.0100075
0.00509814
0.000360749
0.00496386
-0.00833566
-0.0132762
-0.0167756
-0.0116832
-0.00522044
-0.00961571
-0.0117481
-0.00731657
0.0120781
0.00695624
0.0012894
0.00625411
-0.00888324
-0.0133878
-0.018786
-0.0142016
-0.00967762
-0.0145277
-0.019247
-0.0142388
0.0151444
0.010962
0.00556942
0.00981819
-0.00408316
-0.0082284
-0.0136389
-0.00954993
-0.00669788
-0.0109198
-0.0164605
-0.0122426
0.00183505
0.00146733
0.00186057
0.0011242
0.000728569
0
0.00542465
0.00443635
0.0037957
0.00327615
0.00386004
0.00354636
0.00387059
0.00253011
0.00165893
0.0012972
0.00219957
0.0028302
0.00177051
0.00157619
0.00128968
0.000790537
0.00116978
0.00114692
0.00474625
0.00238248
0.000600433
-0.00064923
0.0011459
0.00138889
0.0092359
0.000816898
-0.0036138
-0.00691961
-0.00253498
-0.00135159
0.0115876
0.000613603
-0.00422811
-0.00951643
-0.0047164
-0.00478688
0.0141682
0.00437373
0.000107554
-0.00539482
-0.00114786
-0.00234504
0.00410313
0.00360272
0.0028554
0.00285998
0.00202061
0.0016255
0.00115
0.00148527
0.00106043
0.00109429
0.000873874
0.00079556
0.000509616
0.000332188
0
0.00525309
0.0038211
0.00244852
0.00341244
0.00101334
-3.46215e-05
-0.00060428
0.000522408
-1.35735e-05
0.0010766
0.00199667
0.000567212
0.00147942
0.000986178
0.00233704
0.00162964
0.000739232
0.00129902
-0.00017287
-0.000492888
-0.000887273
-0.000633482
-0.00115165
-0.000652235
5.53786e-05
-0.00123523
-0.000453976
-0.00104742
0.00267428
0.00206976
0.000651064
0.0014013
-0.000953849
-0.00232368
-0.00216982
-0.00113271
-0.00104408
-0.00054328
-9.77974e-05
-0.000596036
-0.000395915
-0.000623867
0.00718291
0.00189749
-0.00347074
-0.000256414
-0.00887146
-0.0133273
-0.0143181
-0.00989223
-0.0103426
-0.00677056
-0.00385783
-0.00685859
-0.00420575
-0.00410028
0.010621
0.000136526
-0.0092858
-0.00440562
-0.0183994
-0.0236735
-0.0278015
-0.0221625
-0.0255106
-0.0197915
-0.014483
-0.022297
-0.0167455
-0.0184382
0.0126516
0.00218368
-0.00790002
-0.00340412
-0.0177653
-0.022021
-0.0276251
-0.0232653
-0.028761
-0.0240907
-0.019337
-0.0293155
-0.0242858
-0.0290534
0.0162703
0.0121633
0.00678771
0.002577
-0.00282407
0.00136554
-0.00699327
-0.0123434
-0.0164117
-0.0216623
-0.0176719
-0.0230341
-0.0190725
-0.0150403
-0.0245637
-0.0205649
-0.0261522
0.000311436
0.00461168
0.0038968
0.00175739
0.0030905
0.00478265
0.0055016
0.00826571
0.00287607
0.00183791
0.000193812
0.00491293
0.00228889
0.00271726
0.00250956
0.0003794
0.00116233
0.00204388
0.000225938
0.000295304
0.00418823
-0.00402524
-0.000967175
0.00502316
-0.0125513
-0.00847816
0.00658633
-0.0138461
-0.0144657
0.0103801
-0.00887916
-0.0115947
0.0016523
0.00129014
0.000243439
0.00495765
0.00387269
0.00375118
0.00317712
0.00191168
0.00251191
0.00177387
0.00122432
0.00114134
0.00368018
0.00091269
0.00130148
0.00491159
-0.00309979
-0.00194425
0.00596213
-0.00451984
-0.00480709
0.00927734
-0.000523705
-0.00175846
0.00389526
0.00324702
0.00239362
0.00244238
0.00158999
0.00131668
0.00098776
0.000817956
0.000187385
0.00452338
0.00313704
0.00363738
0.0017442
0.000234569
0.000809876
0.00265019
0.00130539
0.0015885
0.00201163
0.00119878
0.00145414
0.000272544
-0.000570053
-0.000666968
0.000679323
-0.000583619
-0.0002691
0.00251145
0.00141767
0.00135399
-0.000164175
-0.0016447
-0.000771104
0.000329044
-0.000426146
-0.000427105
0.00455729
-0.000782682
0.000207656
-0.00616669
-0.0115888
-0.00827307
-0.00225654
-0.00540646
-0.00317519
0.00519929
-0.00465172
-0.00405486
-0.0138416
-0.0230328
-0.0210775
-0.0106952
-0.0183367
-0.0150608
0.00736144
-0.00289772
-0.00385182
-0.0128467
-0.0226819
-0.0237441
-0.0144345
-0.0242802
-0.0240901
0.0115608
0.00198032
0.000738439
-0.00760273
-0.0170269
-0.0183546
-0.0102342
-0.0198135
-0.0213071
0
0.00674885
0.0149691
0.019332
0.0194318
0.0331492
0.0690565
0.111691
0.150668
0
0.00127312
0.00975647
0.0177455
0.0187554
0.0309481
0.0697038
0.116155
0.155548
0.00383992
0.00390069
-0.000602838
0
0.0106799
0.0125848
0.00482787
0.0181869
0.0189048
0.0146635
0.0190043
0.0180337
0.0185197
0.0234329
0.0300244
0.0217939
0.0489566
0.0687132
0.0475477
0.0906284
0.114333
0.0935679
0.131608
0.153286
0.136582
0.00148985
0.00771961
0.0168896
0.0185553
0.0208119
0.0467012
0.0921859
0.134428
0.00258674
0.00268615
0.000646418
0
0.0086017
0.00913981
0.00562531
0.00530938
0.0168019
0.0176643
0.0149347
0.0137723
0.0192421
0.0188191
0.0189358
0.0192909
0.020822
0.021586
0.0187863
0.0184996
0.0403578
0.0472874
0.0374906
0.0308949
0.0798172
0.0915179
0.0804919
0.0687044
0.121792
0.133148
0.124619
0.113209
0.0051712
0.00254286
0.00254095
0.000129829
0.000356717
-0.000858234
0
0.0128618
0.0100985
0.0112812
0.00718154
0.00630034
0.00283837
0.0190259
0.0182434
0.0183738
0.016513
0.0159075
0.0123351
0.0189459
0.018111
0.0180849
0.0185166
0.0184142
0.0183621
0.0275011
0.0244797
0.0300937
0.025454
0.0208899
0.0196945
0.0586467
0.0572769
0.0690656
0.0581597
0.0468422
0.0383598
0.101289
0.103513
0.115284
0.105123
0.0928498
0.0816567
0.141209
0.152015
0.143902
0.154433
0.146183
0.135557
0.126621
0.0015405
0.00706876
0.0159285
0.0192171
0.0194139
0.0382675
0.0801429
0.123382
0.00387016
0.00126938
-0.000123647
0.0114322
0.00871238
0.00421609
0.018804
0.0174814
0.013767
0.0184433
0.0180926
0.0186195
0.0253445
0.0245494
0.0188641
0.0575919
0.0575059
0.0375803
0.10258
0.104331
0.0809946
0.142628
0.145081
0.125672
0.00164831
0.00205485
0.000881683
0
0.00763667
0.00781764
0.00614837
0.00602427
0.0159331
0.0163802
0.0148885
0.0143618
0.0193286
0.0192812
0.0193109
0.0193744
0.0199929
0.0200097
0.0188248
0.018908
0.0365672
0.0391059
0.0343641
0.0318058
0.0744176
0.0799919
0.0744091
0.0688364
0.116783
0.122646
0.11835
0.112519
0.00447507
0.00452683
0.00325212
0.00327498
0.00198391
0.00189276
0.000772165
0.000911679
0.000321545
0.000252699
-0.000127894
0
0.0117654
0.0121235
0.0102684
0.00988422
0.00888325
0.00941799
0.00747428
0.0070138
0.00471627
0.00491697
0.00332683
0.00321138
0.0186808
0.0189735
0.0183138
0.0179659
0.0176485
0.0178849
0.0167748
0.0164254
0.0137926
0.0143768
0.0125507
0.0119536
0.0189337
0.0186828
0.0186035
0.0189373
0.0183149
0.0180546
0.0182422
0.0184605
0.0189868
0.0187739
0.018568
0.0186515
0.0252739
0.0262256
0.0232543
0.0223518
0.0224252
0.0244087
0.0224959
0.02075
0.018279
0.0187369
0.0183465
0.0179898
0.0536907
0.0580104
0.0523096
0.0479539
0.0518497
0.0573319
0.0520281
0.046694
0.0335266
0.0374426
0.0335989
0.0299562
0.0959901
0.102002
0.0970962
0.0911227
0.0979049
0.103928
0.0986495
0.0925119
0.0745885
0.0807215
0.0750142
0.0688492
0.13643
0.141941
0.137913
0.13242
0.139195
0.144501
0.140353
0.135008
0.119539
0.125162
0.120546
0.114822
0.00322817
0.00212188
0.00208628
0.00104767
0.00107483
0
0.00961426
0.00806983
0.00842366
0.00663033
0.00633978
0.00459979
0.0175616
0.0168609
0.0173038
0.0159749
0.0154501
0.0131868
0.0191274
0.0190381
0.0186815
0.0187763
0.0190908
0.0191243
0.0219574
0.0203225
0.0210827
0.019617
0.0190089
0.0182049
0.0445021
0.0425943
0.0468874
0.0419001
0.0377513
0.0303229
0.0852352
0.0858554
0.091861
0.086369
0.0803023
0.0686634
0.126736
0.12831
0.133813
0.129575
0.124031
0.113803
0.00591983
0.00455185
0.00317986
0.00320494
0.0018588
0.00189092
0.000653561
0.000677451
-0.000281827
-0.000159342
6.02396e-05
-0.00078303
-0.000516887
-0.000626615
0
0.0139367
0.0126104
0.0113425
0.0107647
0.00999082
0.0105523
0.0084528
0.00796842
0.00596373
0.00557084
0.00521059
0.00377987
0.00352022
0.00200186
0.0192449
0.0191251
0.0186583
0.018554
0.0180135
0.0180743
0.017218
0.0170283
0.0156672
0.015325
0.0148954
0.0135517
0.0130911
0.0110633
0.0190995
0.0183912
0.0179981
0.0182452
0.0180201
0.0183337
0.018575
0.0182415
0.018516
0.0184312
0.0185543
0.0184869
0.0184823
0.0181315
0.0301259
0.0278937
0.0270132
0.0247796
0.0270771
0.0304234
0.0279436
0.0248948
0.0233925
0.0212329
0.0196947
0.0205603
0.019177
0.0191008
0.0637891
0.0630788
0.062921
0.0573567
0.0632071
0.0693537
0.0638466
0.0577849
0.0526957
0.0471292
0.042008
0.042735
0.037887
0.0344
0.10653
0.10795
0.108988
0.103071
0.109878
0.115728
0.110717
0.10473
0.0994114
0.0932032
0.0869534
0.0876474
0.0813088
0.0756635
0.14595
0.151341
0.147319
0.15267
0.148589
0.143279
0.153871
0.149766
0.154983
0.150889
0.145643
0.141418
0.136082
0.13067
0.131661
0.126158
0.121462
0.00121963
0.0068824
0.015413
0.0193773
0.0193263
0.0352516
0.0743977
0.117631
0.00387384
0.00136489
8.74344e-05
0.010992
0.00818692
0.00401473
0.0185467
0.0172368
0.0131951
0.0187758
0.0182429
0.018782
0.0240858
0.0223567
0.0182335
0.0528599
0.0518703
0.0334647
0.0966024
0.0982775
0.0747705
0.137203
0.139786
0.120058
0.00268229
0.00157553
0.00058572
0.00882087
0.00734311
0.00542605
0.0172385
0.0164409
0.0143539
0.0191216
0.0189122
0.0191701
0.021007
0.0198653
0.0184752
0.0433582
0.0421286
0.0338116
0.0855769
0.08611
0.074469
0.127573
0.12897
0.118977
0.00523801
0.0038627
0.00261747
0.00250772
0.00123647
0.000216088
0.000547591
-0.0003991
-0.000345364
0.0132565
0.0119799
0.00957202
0.0106833
0.0092498
0.00673374
0.0059203
0.00449538
0.00265244
0.019246
0.0189208
0.0180103
0.0183537
0.0176378
0.0162557
0.0154619
0.0142631
0.0118439
0.018711
0.018148
0.0184408
0.0179506
0.0182227
0.0183292
0.0186516
0.0184978
0.018352
0.0288012
0.0273174
0.0227143
0.0269405
0.0274106
0.0228381
0.0195608
0.020023
0.0186298
0.0633569
0.0629383
0.0519866
0.0630143
0.0634879
0.0523065
0.0418687
0.0422993
0.0339118
0.107309
0.108499
0.0975184
0.109443
0.110302
0.0990279
0.0866475
0.0872883
0.0753146
0.146646
0.147968
0.138573
0.149186
0.150332
0.140897
0.130138
0.131177
0.121014
