FiniteElementSpace
FiniteElementCollection: L2_2D_P3
VDim: 1
Ordering: 0

0.0489516
0.0323788
0.0352041
0.0403997
0.0255126
0.0209608
0.0266063
0.033611
0.0115023
0.0121916
0.0178061
0.0241109
0.00793312
0.00892879
0.0128178
0.0168261
0.00797177
0.00694681
0.00572272
0.00487063
0.00693483
0.00606512
0.00503623
0.00432716
0.00583272
0.00514222
0.00433973
0.00379732
0.00519659
0.00462071
0.00396548
0.00353314
0.000288269
0.00019969
0.00010951
5.94747e-05
0.000390481
0.000297555
0.000198565
0.000139096
0.000564283
0.000466829
0.000359869
0.000292295
0.000720351
0.000619026
0.000507373
0.00043609
0.000119239
0.000134692
0.00015483
0.000170034
3.60025e-05
4.31776e-05
5.30884e-05
6.0897e-05
1.26251e-05
1.01125e-05
8.25139e-06
7.68877e-06
5.04964e-05
4.19202e-05
3.28578e-05
2.72978e-05
0.000330598
0.000351113
0.000376455
0.000394631
0.000157955
0.000170629
0.000186289
0.000197491
3.12828e-05
3.60051e-05
4.20205e-05
4.64164e-05
6.12605e-06
6.48212e-06
7.30285e-06
8.11661e-06
0.000741645
0.000773119
0.000809677
0.000833972
0.000407525
0.000427392
0.000449946
0.000464423
0.000130776
0.000139598
0.000149307
0.000155174
2.85687e-05
3.14476e-05
3.44161e-05
3.58845e-05
0.000841029
0.000808425
0.000761852
0.000723444
0.000485087
0.000468251
0.00044323
0.000422047
0.000185773
0.000182428
0.000176643
0.000171433
6.531e-05
6.7792e-05
7.08643e-05
7.34255e-05
0.000160245
0.000127723
9.10051e-05
6.72426e-05
0.00010641
8.60366e-05
6.39491e-05
5.0432e-05
7.60836e-05
6.57176e-05
5.59264e-05
5.12104e-05
8.06158e-05
7.39626e-05
6.89213e-05
6.77499e-05
0.0186141
0.0170477
0.015173
0.013863
0.0163463
0.0148632
0.0131097
0.0119002
0.0136506
0.0123186
0.0107695
0.00972111
0.0118688
0.0106659
0.00929272
0.00838315
0.00543472
0.00489765
0.00437924
0.00410991
0.00421989
0.00381963
0.0034549
0.00328424
0.00352802
0.00317353
0.0028482
0.00269405
0.00380568
0.00336338
0.00292016
0.00267655
0.000498964
0.00112629
0.0028237
0.004292
0.000193631
0.00064239
0.00193177
0.00312859
5.03635e-05
0.000510705
0.00160817
0.00265495
0.00060979
0.00101153
0.00210967
0.00319183
0.00222183
0.00182729
0.0013699
0.00106356
0.00210866
0.00176521
0.00136813
0.00110242
0.00204632
0.00175959
0.00143123
0.00121324
0.00206352
0.00180988
0.00152391
0.00133702
0.00167474
0.00154938
0.00142323
0.00135166
0.00140802
0.00131433
0.00122829
0.00118666
0.00108769
0.0010267
0.000984117
0.000976527
0.000865057
0.000822476
0.000806616
0.000821647
0.00289756
0.00265831
0.00242395
0.00229703
0.00233748
0.00214587
0.00196813
0.00188098
0.00182619
0.001655
0.00150413
0.00143779
0.00161871
0.00142722
0.00125649
0.00117971
5.34034e-06
1.20345e-05
2.76005e-05
4.43075e-05
2.22226e-05
1.42405e-05
1.03374e-05
1.18393e-05
0.000107149
8.32755e-05
5.89674e-05
4.49709e-05
0.000209246
0.000175529
0.000139292
0.000116712
0.000703528
0.000678287
0.000654738
0.000643089
0.000815494
0.00080405
0.000798261
0.000800155
0.000989658
0.000998991
0.00102032
0.00104314
0.00114683
0.00117402
0.00121892
0.00126007
0.00101559
0.000952382
0.000889014
0.000853187
0.000969885
0.000930308
0.000897018
0.000883784
0.000915427
0.000908279
0.000917229
0.000936488
0.000880264
0.000899201
0.000942911
0.0009895
0.000225617
0.000238968
0.000255079
0.000266304
9.28287e-05
0.000101038
0.000111047
0.000118063
1.07779e-05
1.28312e-05
1.55713e-05
1.76129e-05
1.22229e-05
1.04238e-05
8.63956e-06
7.61696e-06
0.000563335
0.000558495
0.000555158
0.000554836
0.000800116
0.000797675
0.000798015
0.000800958
0.00116904
0.00117089
0.00117748
0.00118575
0.0014964
0.00150224
0.00151452
0.00152752
0.000595786
0.000587171
0.000580514
0.0005787
0.000794523
0.000791833
0.000793218
0.000797869
0.00110257
0.0011093
0.00112343
0.00113825
0.0013764
0.00139142
0.00141673
0.00144042
0.000504469
0.000536109
0.000575275
0.000603428
0.00026402
0.000283437
0.000307281
0.000324215
7.26203e-05
8.04992e-05
9.01982e-05
9.70271e-05
1.36929e-05
1.56001e-05
1.81406e-05
1.99657e-05
0.000525964
0.000519413
0.000514389
0.000513193
0.000799419
0.00079406
0.000791504
0.000792922
0.00123677
0.00123471
0.00123752
0.00124389
0.00163071
0.00163249
0.00164103
0.00165236
0.000544659
0.000540155
0.000537246
0.000537278
0.000800989
0.0007982
0.000798196
0.000800987
0.00120431
0.00120521
0.00121081
0.00121853
0.00156373
0.00156846
0.00157963
0.00159206
0.00091156
0.00091846
0.000920873
0.00091766
0.000514093
0.000520332
0.000523519
0.00052215
0.000179133
0.000183975
0.000187538
0.000188146
4.52887e-05
4.86378e-05
5.16682e-05
5.2958e-05
0.000415826
0.000400622
0.000385906
0.000378534
0.000686162
0.000664118
0.000641811
0.000629603
0.00113478
0.00110293
0.00106933
0.00104958
0.00154969
0.0015098
0.00146663
0.00144028
0.000487578
0.000476063
0.000465356
0.000460371
0.000772236
0.00075925
0.000747833
0.000743239
0.00123616
0.00122234
0.00121119
0.00120785
0.00165964
0.00164606
0.00163609
0.00163432
0.000513572
0.000461169
0.000395431
0.000347426
0.00030746
0.000277451
0.00024028
0.000213654
0.00014216
0.000131863
0.000120373
0.000113388
8.44346e-05
8.31381e-05
8.37927e-05
8.64324e-05
0.000268623
0.000256769
0.000246988
0.000244038
0.000390032
0.000365704
0.000340665
0.000326753
0.000600465
0.000555259
0.000504503
0.000471995
0.000801297
0.00073664
0.000661804
0.000611804
0.000332171
0.000318223
0.000305743
0.000300717
0.000544516
0.000518502
0.000491491
0.000476183
0.000903797
0.000858666
0.000808216
0.000776028
0.00124086
0.00117866
0.00110701
0.00105936
9.72762e-06
5.50837e-06
1.96791e-06
5.95035e-07
1.22245e-05
7.70907e-06
3.74401e-06
1.94934e-06
2.42455e-05
1.80359e-05
1.22324e-05
9.22247e-06
4.02675e-05
3.15601e-05
2.31456e-05
1.85582e-05
9.60785e-05
7.76479e-05
5.85587e-05
4.72441e-05
9.82704e-05
7.81081e-05
5.71723e-05
4.47882e-05
0.000103341
8.00843e-05
5.58841e-05
4.16277e-05
0.000108992
8.2756e-05
5.54434e-05
3.94223e-05
0.00020506
0.000188864
0.000172805
0.000164258
0.000245544
0.000222101
0.00019736
0.000182755
0.000317821
0.000281686
0.000241732
0.00021651
0.00038803
0.000339696
0.00028512
0.000249698
0.0289077
0.0253599
0.0215116
0.0189819
0.0249318
0.0221601
0.0189773
0.0168377
0.0199488
0.0180096
0.0158118
0.0143631
0.0162105
0.0149585
0.0135903
0.0127412
0.0144043
0.0134439
0.0124818
0.0118457
0.0109127
0.0104194
0.00996199
0.00971555
0.00761005
0.00748763
0.00742044
0.00743159
0.00593698
0.00598198
0.00607587
0.00614599
0.00629974
0.00683831
0.0104974
0.0141912
0.00368458
0.00443605
0.00752339
0.0105498
0.00162706
0.00237041
0.00467638
0.00691054
0.000764349
0.00140592
0.00320059
0.00494698
0.0044648
0.00379874
0.00301038
0.00246815
0.00399869
0.00343182
0.00276565
0.00231064
0.00354397
0.00308911
0.00256258
0.0022085
0.00331946
0.00293332
0.00249506
0.00220658
0.00317803
0.00282845
0.00243459
0.00217722
0.00287171
0.00258512
0.00226804
0.0020651
0.00255115
0.00232663
0.00208773
0.00194189
0.00237121
0.00217704
0.00197914
0.00186502
0.0048555
0.0043372
0.00375346
0.00337244
0.00420387
0.00378598
0.00332513
0.00303189
0.00353669
0.00321831
0.00288243
0.00268033
0.00318496
0.00291392
0.00264139
0.00248779
4.24742e-05
1.94952e-05
3.95269e-06
2.59976e-06
0.000116268
7.97632e-05
4.50727e-05
2.77706e-05
0.000260864
0.000209922
0.000155773
0.000122849
0.000398486
0.000338243
0.000272718
0.000231414
0.000462215
0.000399849
0.000331371
0.000287621
0.000561405
0.000500227
0.000432923
0.000389737
0.000691698
0.000636021
0.000576172
0.000538847
0.000789566
0.000741088
0.000691319
0.000662189
0.00078439
0.000684088
0.000572997
0.00050147
0.000863881
0.000770429
0.000667161
0.000600653
0.000955932
0.000873414
0.000784278
0.000728342
0.00101532
0.000942649
0.000867165
0.000822186
0.000177238
0.000190783
0.000207473
0.000219369
6.47353e-05
7.24271e-05
8.21017e-05
8.90998e-05
7.3485e-06
7.89144e-06
9.06088e-06
1.01716e-05
2.43405e-05
2.03324e-05
1.61379e-05
1.35835e-05
5.0794e-05
4.50121e-05
3.88524e-05
3.50508e-05
0.000132419
0.000124504
0.000116152
0.000111137
0.000299817
0.000291301
0.000282889
0.000278398
0.000471427
0.000464187
0.000457926
0.000455463
8.41734e-05
7.34045e-05
6.18514e-05
5.46532e-05
0.000172703
0.000159717
0.000145823
0.000137268
0.000338414
0.000325383
0.000312163
0.000304695
0.000500418
0.000489593
0.000479763
0.00047529
0.000406531
0.000432904
0.000465717
0.000489448
0.000204539
0.000220728
0.000240802
0.000255225
4.90719e-05
5.54306e-05
6.34511e-05
6.92626e-05
8.52551e-06
9.71854e-06
1.15429e-05
1.3028e-05
1.2948e-05
1.20415e-05
1.14727e-05
1.14092e-05
6.72044e-05
6.33206e-05
5.9612e-05
5.77443e-05
0.000227393
0.000221749
0.000216625
0.000214372
0.000415099
0.000409569
0.000405187
0.000403966
1.65155e-05
1.50819e-05
1.38874e-05
1.34136e-05
7.85721e-05
7.46002e-05
7.07512e-05
6.87712e-05
0.000241756
0.00023639
0.000231501
0.000229341
0.000426665
0.000421607
0.000417651
0.000416623
0.000846959
0.000869329
0.000892645
0.000905835
0.000472201
0.000487129
0.000502198
0.000510212
0.000158399
0.000165913
0.00017327
0.000176899
3.67242e-05
3.99154e-05
4.28794e-05
4.40914e-05
8.31424e-06
9.20224e-06
9.99871e-06
1.02163e-05
1.85392e-05
1.54061e-05
1.25469e-05
1.11971e-05
0.00014908
0.000140987
0.000133424
0.000129836
0.00033172
0.000319993
0.000308708
0.000303049
8.59512e-06
8.72282e-06
8.78008e-06
8.56993e-06
3.08628e-05
2.67761e-05
2.26969e-05
2.03944e-05
0.000172656
0.000164473
0.000156579
0.00015255
0.000361402
0.000350984
0.000341083
0.000336216
0.000699644
0.000652344
0.000589816
0.000541712
0.000409729
0.000383694
0.000349086
0.000322475
0.000169288
0.000161854
0.000152344
0.000145587
7.60339e-05
7.70271e-05
7.9388e-05
8.24195e-05
5.13427e-05
5.49709e-05
6.13027e-05
6.77567e-05
4.34528e-05
4.7922e-05
5.63647e-05
6.51495e-05
0.000113505
0.000113571
0.000117709
0.000124245
0.000223274
0.000216241
0.000212201
0.000213292
3.21188e-05
3.6104e-05
4.19365e-05
4.72012e-05
2.18189e-05
2.52661e-05
3.18141e-05
3.86493e-05
0.000106715
0.00010494
0.000106436
0.000110697
0.000240305
0.000231491
0.000224956
0.000223943
5.61836e-05
3.98232e-05
2.29379e-05
1.32882e-05
4.3804e-05
3.2316e-05
2.09899e-05
1.49194e-05
4.73652e-05
3.89578e-05
3.12732e-05
2.76296e-05
6.44431e-05
5.59778e-05
4.83483e-05
4.48123e-05
7.51386e-05
6.6172e-05
5.78264e-05
5.36771e-05
8.85985e-05
7.8864e-05
6.96519e-05
6.49336e-05
0.000115763
0.000102963
9.02549e-05
8.32376e-05
0.000143642
0.000126967
0.000109818
9.98642e-05
8.84448e-05
8.27715e-05
7.88791e-05
7.84765e-05
0.000100588
9.53275e-05
9.20381e-05
9.21385e-05
0.00013792
0.000129683
0.000122994
0.000120851
0.000181978
0.000168982
0.000156716
0.00015078
0.0129829
0.0115231
0.00978291
0.00857214
0.0111757
0.00992228
0.00844277
0.00742467
0.00916899
0.0081625
0.00699612
0.00621023
0.00792979
0.00709047
0.00613792
0.00551187
0.00730169
0.00654454
0.00569386
0.00514097
0.00614112
0.0055292
0.00485731
0.00443283
0.00494779
0.00448571
0.00400169
0.00371404
0.00433042
0.0039421
0.00355569
0.00334208
0.0109486
0.00981008
0.0085351
0.00771218
0.0090256
0.00810673
0.00710385
0.00647651
0.0070273
0.00634223
0.00562749
0.00520639
0.00598351
0.00542191
0.00486081
0.00455073
0.00390423
0.00355611
0.00321963
0.00304218
0.00311041
0.00283647
0.00258403
0.00246213
0.00253404
0.0022813
0.00205216
0.0019449
0.00249609
0.00219065
0.00190045
0.00175194
0.00235515
0.00203663
0.00172556
0.00155971
0.00229624
0.00190768
0.00150346
0.0012677
0.00301806
0.00241475
0.00174982
0.0013317
0.00422888
0.00335825
0.00237895
0.0017474
0.0037215
0.00329157
0.00282732
0.00254522
0.00415441
0.00358707
0.00294534
0.00252947
0.00627099
0.00529961
0.00416218
0.0033932
0.00925165
0.00775829
0.00600308
0.00480809
0.00547898
0.00559689
0.00563669
0.00556893
0.00426884
0.00428183
0.00429169
0.00428126
0.00383054
0.00373463
0.00365446
0.00361112
0.00495521
0.00452567
0.00420271
0.00404494
0.00522114
0.00463616
0.0041476
0.00396249
0.00682412
0.00597721
0.00503341
0.00443675
0.0120116
0.0102834
0.00817088
0.00669299
0.018741
0.0159461
0.0124783
0.0100044
0.000885366
0.00273406
0.004396
0.00440447
0.000862529
0.00216393
0.00528459
0.00817118
0.0104388
0.00700058
0.0118776
0.0175961
0.0502304
0.0192855
0.0215724
0.029898
0.000930841
0.000723938
0.000493595
0.000347332
0.000988807
0.000798403
0.000584676
0.000446904
0.001114
0.000941745
0.000747962
0.000621956
0.00124295
0.00108008
0.000898356
0.000780859
0.00128523
0.00113019
0.000957116
0.000844909
0.00130927
0.00117182
0.00101957
0.000921501
0.00133048
0.00121355
0.00108738
0.00100846
0.0013373
0.00123409
0.00112679
0.00106283
0.00204416
0.00181001
0.00154703
0.00137563
0.00195084
0.0017523
0.00153233
0.00139095
0.00184555
0.00168365
0.00150995
0.0014024
0.00177743
0.00163548
0.00148901
0.00140279
0.00129272
0.00120191
0.00111018
0.00105773
0.00114322
0.00108027
0.00102399
0.000998126
0.00095352
0.000925159
0.000914278
0.000923579
0.000814288
0.00081118
0.000834723
0.000871668
0.000716546
0.000730385
0.000776472
0.000831194
0.000516007
0.000565739
0.000658121
0.000748395
0.000350822
0.000441248
0.000588322
0.000722292
0.000304673
0.000422491
0.000608042
0.000773969
0.000708515
0.000680052
0.000683211
0.000713535
0.000392952
0.000392261
0.00043197
0.000491162
0.00011759
0.000139451
0.000212458
0.000300822
1.64845e-05
4.63216e-05
0.000135278
0.000240532
0.00219057
0.00201935
0.001849
0.00175426
0.00179169
0.00165718
0.00153243
0.00147114
0.00136119
0.0012537
0.0011653
0.00113279
0.00110423
0.00100047
0.000921379
0.000899349
0.000911622
0.000815939
0.000747536
0.000734289
0.000545553
0.000458784
0.000403169
0.000401517
0.000293089
0.000189289
0.000118762
0.000112186
0.000277068
0.00013946
3.50673e-05
1.08419e-05
0.00142581
0.00123413
0.00106122
0.000982314
0.00112349
0.000909107
0.000707647
0.000609228
0.00113905
0.000836487
0.000532103
0.000365478
0.0014754
0.00106031
0.000627427
0.000376916
5.33085e-05
6.89184e-05
9.15574e-05
0.000110319
1.35401e-05
1.73107e-05
2.48281e-05
3.22466e-05
3.80733e-05
2.8634e-05
1.96877e-05
1.5033e-05
0.000104534
8.69505e-05
6.82381e-05
5.66875e-05
0.000147643
0.000127327
0.00010539
9.16115e-05
0.000243302
0.000220857
0.000196563
0.000181312
0.000404093
0.000382533
0.000360084
0.00034678
0.000551508
0.000533456
0.00051614
0.00050719
0.000263465
0.000226767
0.000186821
0.000161514
0.000364474
0.000326457
0.000284918
0.000258484
0.000514914
0.000479415
0.000441713
0.000418624
0.000641413
0.000611077
0.00058072
0.000563706
0.000633245
0.000618644
0.000606081
0.000600977
0.000796643
0.000791398
0.000791107
0.000795553
0.00104958
0.00105881
0.00107764
0.00109702
0.00127524
0.00129706
0.00133263
0.00136509
0.00140586
0.0014351
0.00148046
0.00152056
0.00167725
0.00172142
0.0017861
0.00184105
0.00210366
0.00216603
0.00225476
0.00232849
0.00249037
0.00256547
0.00267129
0.00275854
0.00123635
0.00127435
0.00133341
0.00138553
0.001424
0.00148452
0.00157237
0.00164633
0.00174339
0.00183214
0.00195687
0.00205935
0.00205124
0.00216069
0.00231289
0.00243685
0.000824876
0.000783498
0.000742998
0.000721015
0.000867088
0.000844486
0.000827945
0.000824037
0.000937389
0.00094207
0.00096099
0.000984318
0.00100559
0.00103321
0.00108242
0.00112934
0.00104054
0.00108239
0.00115025
0.00121161
0.00111516
0.00118728
0.00129369
0.00138421
0.00128879
0.00139901
0.00155512
0.00168403
0.00148716
0.00162576
0.00181951
0.00197792
0.000850254
0.00088587
0.000951539
0.00101523
0.000789541
0.00086088
0.000972191
0.00107052
0.000791368
0.000906653
0.00107569
0.00121899
0.000861946
0.00100944
0.00122174
0.00139945
0.000273136
0.000288939
0.000308168
0.000321713
0.000122247
0.000132089
0.000144117
0.000152598
1.88399e-05
2.2122e-05
2.63251e-05
2.9389e-05
7.07577e-06
6.50044e-06
6.15714e-06
6.12937e-06
2.2714e-05
2.05321e-05
1.84073e-05
1.72598e-05
9.15731e-05
8.71423e-05
8.2699e-05
8.02643e-05
0.000257067
0.000251472
0.000246236
0.00024377
0.000438823
0.000433671
0.000429507
0.000428251
3.29671e-05
2.95811e-05
2.60517e-05
2.39381e-05
0.000108168
0.000102663
9.69692e-05
9.36711e-05
0.000275228
0.000268783
0.000262577
0.000259449
0.000452934
0.000447204
0.000442409
0.00044074
0.000553421
0.000548928
0.000545926
0.000545797
0.000800833
0.000798209
0.000798247
0.000800928
0.0011879
0.00118895
0.0011945
0.00120198
0.00153178
0.00153646
0.00154726
0.00155917
0.00173046
0.00173725
0.00175111
0.00176559
0.00213162
0.00214248
0.00216226
0.00218177
0.00271234
0.00272862
0.00275629
0.00278248
0.00319988
0.0032202
0.0032538
0.00328504
0.00168574
0.00169382
0.0017093
0.00172496
0.00206988
0.00208193
0.00210317
0.0021237
0.00263064
0.00264725
0.00267519
0.00270146
0.00310573
0.00312504
0.00315713
0.00318705
0.000575856
0.00056999
0.000565822
0.000565191
0.000797645
0.000795431
0.000796492
0.000800268
0.00114221
0.00114606
0.00115561
0.00116639
0.00144803
0.00145731
0.00147438
0.00149126
0.00162524
0.00163754
0.00165881
0.0016791
0.00198733
0.00200508
0.0020339
0.00206036
0.0025236
0.00254729
0.00258455
0.00261804
0.00298463
0.00301164
0.00305384
0.00309159
0.00153528
0.00155502
0.00158671
0.00161545
0.0018626
0.0018914
0.00193508
0.00197328
0.00235822
0.00239746
0.00245531
0.00250484
0.00279339
0.00283926
0.00290633
0.00296336
0.000620484
0.000654569
0.000695921
0.000724944
0.000334151
0.000355226
0.00038043
0.000397759
0.000100807
0.00010965
0.000120075
0.000127022
2.07074e-05
2.31683e-05
2.60601e-05
2.78312e-05
9.72624e-06
9.43896e-06
9.2687e-06
9.12687e-06
4.39471e-05
3.96803e-05
3.54274e-05
3.30473e-05
0.00019414
0.000186708
0.000179596
0.000176028
0.000384862
0.000376333
0.000368581
0.000365133
1.10179e-05
1.04587e-05
1.01915e-05
1.02064e-05
5.60396e-05
5.19772e-05
4.80335e-05
4.59542e-05
0.000212134
0.000205721
0.000199755
0.000196955
0.000402074
0.000395342
0.000389642
0.000387576
0.000510744
0.0005019
0.000494264
0.000491331
0.000791502
0.000782887
0.000776619
0.000775573
0.00124479
0.00123805
0.00123545
0.00123817
0.00165579
0.00165171
0.00165338
0.00166
0.00189531
0.00189311
0.00189774
0.00190703
0.00238457
0.00238715
0.0023991
0.00241485
0.00310178
0.00311289
0.00313735
0.00316376
0.00371035
0.00372986
0.0037664
0.00380294
0.00185938
0.00186367
0.00187594
0.00189048
0.00232355
0.00233379
0.00235478
0.00237675
0.00299894
0.00301918
0.00305442
0.00308825
0.00356795
0.00359763
0.00364614
0.0036909
0.000536193
0.000531101
0.000527659
0.000527454
0.000801148
0.000797652
0.000797064
0.000799659
0.00122118
0.00122143
0.00122664
0.0012344
0.00159726
0.00160159
0.00161276
0.00162559
0.00181494
0.00182183
0.00183674
0.00185274
0.00225468
0.00226737
0.00229065
0.00231371
0.00289089
0.0029129
0.00294937
0.00298333
0.00342405
0.00345453
0.00350287
0.00354658
0.00177143
0.00177849
0.00179304
0.00180831
0.00219017
0.00220216
0.00222383
0.00224512
0.00279467
0.00281408
0.00284631
0.00287639
0.00330042
0.00332616
0.00336737
0.00340488
0.000913433
0.000900639
0.000877879
0.000855984
0.000520665
0.00051557
0.000504356
0.000492429
0.000189043
0.000190076
0.00018897
0.000186399
5.47543e-05
5.79473e-05
6.10981e-05
6.29067e-05
1.8247e-05
2.14687e-05
2.55987e-05
2.88704e-05
1.06131e-05
1.17818e-05
1.48992e-05
1.86271e-05
0.000111565
0.000107086
0.00010476
0.000105759
0.000266321
0.000255523
0.000246111
0.000242564
1.07666e-05
1.27752e-05
1.50006e-05
1.64067e-05
1.04411e-05
9.16015e-06
8.80891e-06
9.54091e-06
0.000127082
0.000120261
0.000114602
0.000112727
0.000298469
0.00028656
0.000275366
0.000270097
0.000372998
0.000357825
0.000343495
0.000336768
0.000620068
0.00059512
0.000569331
0.000554753
0.0010339
0.000994038
0.0009503
0.000923065
0.00141926
0.00136649
0.00130689
0.00126824
0.00164804
0.00158768
0.00151882
0.00147354
0.00212687
0.00205133
0.00196378
0.00190492
0.0028514
0.00275474
0.00264126
0.00256371
0.00348497
0.00337122
0.00323685
0.00314433
0.00179498
0.00175053
0.00170204
0.00167206
0.00230557
0.00225243
0.00219376
0.00215681
0.00307158
0.00300708
0.00293522
0.00288939
0.00373612
0.00366306
0.00358142
0.00352914
0.000455391
0.000441531
0.00042818
0.000421499
0.000737578
0.00071981
0.000702662
0.000694058
0.00120168
0.00117906
0.00115703
0.00114578
0.00162812
0.00160206
0.00157645
0.00156317
0.00187902
0.00185123
0.00182394
0.00180984
0.00239824
0.00236772
0.00233807
0.00232304
0.00317119
0.0031382
0.00310694
0.0030919
0.00383686
0.00380298
0.0037719
0.00375803
0.00190759
0.00189448
0.00188567
0.00188525
0.00241743
0.00240622
0.00240106
0.00240432
0.00317066
0.00316382
0.00316588
0.00317585
0.00381461
0.00381271
0.00382247
0.00383932
0.000320839
0.000274325
0.000218722
0.000180188
0.000199064
0.000171397
0.000139209
0.000117709
0.000109181
9.79132e-05
8.64809e-05
8.03806e-05
8.69703e-05
8.29182e-05
8.09203e-05
8.20581e-05
8.6189e-05
8.44919e-05
8.55448e-05
8.89895e-05
9.25337e-05
9.22536e-05
9.53686e-05
0.000100535
0.000139522
0.00013622
0.000136075
0.000139245
0.000202932
0.000193944
0.000187153
0.000185811
7.16242e-05
7.33109e-05
7.80809e-05
8.40221e-05
7.01581e-05
7.34432e-05
8.08642e-05
8.92252e-05
0.000127621
0.000127364
0.000131207
0.000137583
0.000213306
0.000206489
0.000202717
0.000203971
0.000240654
0.000227433
0.000215581
0.000210702
0.000317371
0.000293823
0.000269413
0.000255592
0.000452223
0.000410965
0.00036494
0.000335677
0.000582096
0.000524043
0.000457471
0.000413495
0.00065689
0.000588327
0.000508901
0.000455717
0.000815226
0.000724335
0.000617258
0.000543993
0.00107148
0.000946379
0.000796978
0.000693016
0.00130793
0.0011525
0.000965613
0.000834502
0.000919891
0.000843156
0.000753345
0.000692433
0.00117117
0.001069
0.000947304
0.000862881
0.00156755
0.00142733
0.00125801
0.00113854
0.00192644
0.00175317
0.00154251
0.00139264
0.000297371
0.000284964
0.000274581
0.000271285
0.000466131
0.000440637
0.000414293
0.000399547
0.000754927
0.000708088
0.000655405
0.00062156
0.00102811
0.000961767
0.000884823
0.000833249
0.00119069
0.00111242
0.00102062
0.000958165
0.00153419
0.0014311
0.00130805
0.00122242
0.00206644
0.00192698
0.00175826
0.00163886
0.00254154
0.00237109
0.00216349
0.0020154
0.00144155
0.00136909
0.00128472
0.00122778
0.00186369
0.00177022
0.00165952
0.00158313
0.00250912
0.00238554
0.0022372
0.00213313
0.00307876
0.00293007
0.0027504
0.00262335
3.51698e-07
2.682e-07
5.8821e-07
1.10666e-06
1.54717e-06
8.01072e-07
4.92022e-07
9.65116e-07
7.33062e-06
4.33898e-06
2.47191e-06
2.95015e-06
1.52118e-05
8.88039e-06
5.08859e-06
5.6983e-06
1.90143e-05
1.12917e-05
5.32234e-06
4.43672e-06
2.36659e-05
1.39507e-05
5.77743e-06
3.28408e-06
3.05687e-05
1.82434e-05
7.25542e-06
2.79697e-06
3.63927e-05
2.22088e-05
9.15678e-06
3.26327e-06
4.85205e-05
3.8588e-05
2.88426e-05
2.33884e-05
5.91235e-05
4.77312e-05
3.6334e-05
2.97926e-05
7.59955e-05
6.17653e-05
4.72443e-05
3.87375e-05
9.10902e-05
7.39748e-05
5.63087e-05
4.58575e-05
3.73745e-05
2.28576e-05
9.38892e-06
3.20695e-06
3.48034e-05
2.11424e-05
8.456e-06
2.75969e-06
3.18028e-05
1.95849e-05
8.18892e-06
3.30059e-06
2.98843e-05
1.88727e-05
8.62474e-06
4.51584e-06
2.76721e-05
1.73073e-05
8.59186e-06
5.73001e-06
2.24094e-05
1.38022e-05
6.0605e-06
3.19317e-06
1.80622e-05
1.04236e-05
3.71859e-06
1.30124e-06
1.64486e-05
9.11042e-06
3.17903e-06
1.37835e-06
0.000109592
8.21417e-05
5.35614e-05
3.68648e-05
0.000107888
7.88655e-05
4.85848e-05
3.09312e-05
0.00011005
7.80396e-05
4.47913e-05
2.56722e-05
0.000114926
8.01331e-05
4.42677e-05
2.39913e-05
0.000155883
0.000137001
0.0001173
0.000105646
0.000171755
0.000148692
0.000124101
0.000109153
0.000200792
0.000170361
0.000137192
0.000116498
0.000229321
0.000191824
0.000150463
0.000124305
0.000241945
0.000200461
0.000154673
0.000125741
0.000266292
0.000216416
0.000160893
0.000125468
0.000312183
0.000248308
0.000176709
0.000130737
0.000358486
0.000281581
0.000195147
0.000139569
0.000425819
0.00036995
0.000306433
0.00026485
0.000504787
0.000432826
0.000349834
0.000294508
0.000638188
0.000540744
0.00042698
0.000350012
0.000764819
0.000644244
0.000502627
0.000406143
