FiniteElementSpace
FiniteElementCollection: H1_2D_P2
VDim: 2
Ordering: 0

0
1.16469
2.12167
3.0222
3.94378
4.88671
5.83898
6.80222
7.78637
0
0.813297
1.6953
2.65711
3.6813
4.74773
5.83758
6.9021
7.91267
0.611398
0.999599
0.398132
0
1.65982
1.9082
1.24496
2.57149
2.83582
2.1665
3.47942
3.8093
3.1632
4.41355
4.81549
4.20981
5.36196
5.8392
5.29225
6.31849
6.85417
6.37627
7.29185
7.8509
7.41306
0.515312
1.45707
2.36601
3.31761
4.30905
5.32665
6.34922
7.35411
0.308008
0.557945
0.258272
0
1.41804
1.55562
1.23026
1.07911
2.34708
2.46631
2.13578
2.01214
3.24987
3.39703
3.07534
2.92712
4.17813
4.36011
4.05825
3.87523
5.12411
5.34424
5.07066
4.85027
6.07834
6.33561
6.09474
5.84002
7.04625
7.32456
7.10466
6.83021
0.896427
0.762249
0.915205
0.60363
0.469631
0.197509
0
1.89339
1.68242
1.80417
1.46759
1.35605
1.02701
2.79624
2.59933
2.74635
2.4096
2.26702
1.92829
3.71079
3.56235
3.74496
3.42089
3.24
2.90848
4.64981
4.56153
4.78152
4.4777
4.25926
3.9443
5.60023
5.58301
5.83798
5.56527
5.30928
5.01946
6.5597
6.60239
6.87717
6.64104
6.362
6.10821
7.53879
7.81948
7.60276
7.88158
7.66384
7.38283
7.15936
0.275662
1.3213
2.23877
3.16095
4.11693
5.09689
6.08793
7.07734
0.825743
0.693819
0.240619
1.78507
1.5786
1.13539
2.69561
2.50471
2.03352
3.6352
3.49122
2.99158
4.60462
4.5195
4.00102
5.59204
5.57386
5.04495
6.58302
6.62083
6.1009
7.57201
7.63278
7.13109
0.147671
0.288997
0.133931
0
1.293
1.36837
1.20139
1.12052
2.23458
2.29194
2.12542
2.06582
3.13581
3.20489
3.04375
2.97404
4.06081
4.14715
3.99589
3.90911
5.00536
5.11035
4.97348
4.86823
5.95857
6.08362
5.964
5.83983
6.92404
7.06244
6.95377
6.81691
0.755962
0.859575
0.693824
0.582785
0.640145
0.729504
0.58215
0.493989
0.12797
0.250227
0.121481
0
1.7774
1.83806
1.67078
1.60649
1.5698
1.63105
1.46702
1.40734
1.11559
1.18388
1.02535
0.958703
2.68374
2.74519
2.58071
2.51803
2.48228
2.55197
2.38535
2.31655
2.02171
2.08481
1.91835
1.85652
3.59489
3.67258
3.51587
3.43778
3.43969
3.52663
3.36527
3.27865
2.95522
3.03332
2.86854
2.79098
4.5316
4.62688
4.48221
4.38647
4.43509
4.54044
4.38914
4.28405
3.93354
4.02952
3.87271
3.77699
5.48104
5.59629
5.4681
5.35309
5.45482
5.5784
5.44158
5.31793
4.94294
5.05776
4.91309
4.79844
6.43895
6.57205
6.45935
6.32767
6.47598
6.61155
6.49172
6.35557
5.96708
6.09779
5.96963
5.83856
7.41518
7.55579
7.44825
7.30873
7.47852
7.61774
7.508
7.36842
6.97956
7.11782
7.00442
6.86561
0.462615
0.418234
0.536
0.387718
0.26664
0
1.54012
1.43925
1.50614
1.34399
1.27563
1.03919
2.4593
2.35236
2.41579
2.25053
2.18691
1.95985
3.36441
3.27872
3.35702
3.19615
3.11782
2.88113
4.29573
4.23835
4.33436
4.18343
4.08735
3.84201
5.24299
5.22049
5.33543
5.19858
5.08369
4.83274
6.1983
6.21181
6.34267
6.22214
6.09154
5.83974
7.16886
7.20093
7.33958
7.2295
7.09128
6.84248
1.03261
0.954027
0.881956
0.793685
0.804791
0.867222
0.707939
0.652524
0.50034
0.438448
0.35602
0.29701
0.224633
0.101317
0
2.00799
1.89877
1.79517
1.73347
1.69096
1.75061
1.58078
1.52435
1.35565
1.30221
1.24558
1.13542
1.08348
0.919637
2.90902
2.81108
2.71719
2.64711
2.62505
2.70179
2.53283
2.45733
2.28745
2.21711
2.14975
2.04674
1.98149
1.81111
3.8271
3.755
3.68556
3.5985
3.61779
3.7131
3.55076
3.45601
3.29169
3.20156
3.11542
3.03544
2.95002
2.78234
4.76819
4.72731
4.68834
4.58288
4.65031
4.76464
4.61247
4.49862
4.34347
4.23454
4.12988
4.07674
3.97265
3.81248
5.71954
5.71602
5.71116
5.58758
5.70603
5.8376
5.70157
5.56946
5.42878
5.30071
5.17704
5.15576
5.03219
4.88341
6.68078
6.70663
6.72845
6.59299
6.74932
6.88923
6.77205
6.63055
6.5091
6.36881
6.23172
6.24261
6.10431
5.97317
7.66256
7.80323
7.6958
7.83539
7.72688
7.5876
7.86622
7.75725
7.89697
7.78842
7.64809
7.53876
7.39761
7.25721
7.28662
7.14482
7.0312
0.13822
1.24587
2.17896
3.08921
4.02796
4.98921
5.96169
6.93958
0.723245
0.612659
0.125325
1.7229
1.51907
1.07165
2.63143
2.4338
1.97027
3.55495
3.40233
2.91175
4.50655
4.41203
3.90299
5.47464
5.44817
4.92796
6.4498
6.4838
5.96832
7.43217
7.49322
6.99193
0.438239
0.402322
0.130826
1.48843
1.39144
1.15834
2.40491
2.30108
2.07322
3.32108
3.23713
2.99915
4.26666
4.21066
3.96446
5.23165
5.20948
4.95809
6.20561
6.2172
5.96571
7.18549
7.21548
6.96695
0.991888
0.917777
0.666537
0.844776
0.759747
0.545469
0.373214
0.331427
0.116472
1.95226
1.84667
1.62006
1.7435
1.63693
1.41281
1.2957
1.19248
0.975109
2.85938
2.76378
2.53113
2.67104
2.57906
2.33666
2.20024
2.09871
1.86546
3.79065
3.72001
3.47749
3.65153
3.58424
3.32844
3.15563
3.0754
2.82546
4.74745
4.70766
4.45844
4.66925
4.63141
4.36632
4.15654
4.10331
3.84258
5.71802
5.71368
5.46148
5.70856
5.70366
5.4351
5.18777
5.16637
4.89825
6.69441
6.71783
6.46793
6.73882
6.76028
6.50006
6.22688
6.23688
5.97119
7.67951
7.71154
7.46361
7.74204
7.77266
7.52311
7.2433
7.27154
7.0174
0
0.391663
0.886485
1.31848
1.64055
1.84596
1.91238
1.84278
1.70918
1
1.2929
1.75918
2.219
2.57749
2.8113
2.89287
2.82747
2.70129
0.179598
0.822368
1.11654
0.5
0.639136
1.32389
1.51647
1.11551
1.77812
1.99853
1.49346
2.12108
2.41283
1.75898
2.34308
2.71142
1.89778
2.41641
2.87262
1.89166
2.34189
2.87473
1.77762
2.20592
2.76511
0.609473
1.07045
1.56341
1.96409
2.24848
2.40007
2.3941
2.27396
0.101834
0.385774
0.53245
0.25
0.51369
0.850967
0.944171
0.600301
1.00395
1.34046
1.44626
1.10411
1.40947
1.7316
1.87475
1.55054
1.70348
2.00728
2.18861
1.88397
1.87646
2.15313
2.37655
2.0985
1.90612
2.14579
2.4097
2.16827
1.81138
2.02622
2.3089
2.09393
0.278195
0.709115
1.05509
1.19683
0.853847
1.05842
0.75
0.764277
1.19791
1.54339
1.63698
1.29398
1.40067
1.22046
1.67425
2.00115
2.11178
1.78336
1.88043
1.57049
2.04619
2.35216
2.49888
2.19116
2.31948
1.80664
2.30018
2.58052
2.7659
2.48307
2.64845
1.90973
2.41334
2.65782
2.88786
2.63974
2.84703
1.87008
2.37094
2.58646
2.85393
2.63707
2.88816
1.74319
1.95748
2.23898
2.45369
2.73283
2.52027
2.79723
0.304844
0.723628
1.22517
1.6447
1.94939
2.13065
2.16137
2.0611
0.485715
0.947591
0.780201
0.978701
1.41877
1.17172
1.44907
1.89552
1.66553
1.81134
2.27531
2.09976
2.05718
2.53628
2.42153
2.16566
2.65393
2.61518
2.12277
2.61469
2.6519
1.99114
2.48621
2.55432
0.0608025
0.200407
0.275067
0.125
0.452027
0.617169
0.661209
0.494187
0.945942
1.11452
1.16528
0.994922
1.36486
1.52776
1.59853
1.43509
1.6729
1.82729
1.91759
1.76307
1.86232
2.00468
2.11575
1.97329
1.91033
2.03469
2.16596
2.0414
1.82748
1.93644
2.07789
1.96874
0.226589
0.379952
0.433551
0.280786
0.657217
0.826586
0.898627
0.729005
0.509983
0.653729
0.758348
0.625
0.701995
0.870747
0.914973
0.743926
1.13419
1.30838
1.35622
1.18199
0.882457
1.05736
1.11246
0.937633
1.16886
1.3352
1.39563
1.22821
1.61966
1.78543
1.84021
1.67386
1.38562
1.55627
1.60489
1.43388
1.53283
1.69169
1.77236
1.61326
2.00604
2.16146
2.23415
2.0783
1.82734
1.9879
2.05134
1.89024
1.7838
1.9329
2.03326
1.88405
2.27539
2.41906
2.51076
2.36658
2.15578
2.30584
2.3878
2.23735
1.90492
2.03884
2.16063
2.02661
2.40799
2.53448
2.64813
2.52077
2.36103
2.49673
2.59909
2.46266
1.88168
1.99702
2.13511
2.01951
2.38336
2.49337
2.62672
2.51624
2.41422
2.53154
2.65604
2.53792
1.76036
1.86712
2.00861
1.90196
2.25637
2.36269
2.50314
2.39731
2.32577
2.43192
2.57076
2.46461
0.137762
0.342605
0.495207
0.56754
0.416127
0.375
0.576315
0.787051
0.959935
1.00695
0.832743
0.709761
1.06056
1.28359
1.45223
1.50555
1.33581
1.21386
1.45233
1.68905
1.84853
1.92033
1.76035
1.66488
1.73217
1.97929
2.12874
2.21953
2.06981
2.0033
1.88827
2.14311
2.27756
2.38957
2.25456
2.22173
1.89985
2.15459
2.27063
2.40293
2.28633
2.29322
1.79467
2.0438
2.15025
2.29156
2.18528
2.21832
0.333512
0.541589
0.764363
0.595418
0.999913
1.17385
1.2432
1.07131
1.15454
0.983215
0.814169
1.08421
0.914915
1.03256
0.875
0.825933
1.04183
1.26122
1.08787
1.48124
1.652
1.69808
1.52853
1.57636
1.40574
1.23233
1.45781
1.28647
1.3456
1.27036
1.50071
1.72707
1.5621
1.94919
2.11078
2.16623
2.00437
2.05588
1.89168
1.72507
1.94004
1.77372
1.82012
1.60638
1.84855
2.08454
1.9295
2.31466
2.46553
2.53914
2.38778
2.45679
2.30268
2.14637
2.36708
2.21031
2.27014
1.82735
2.07894
2.32277
2.17958
2.55956
2.69673
2.7898
2.65188
2.73978
2.598
2.45331
2.68098
2.53572
2.61396
1.9122
2.16818
2.41612
2.29044
2.65714
2.77614
2.89167
2.77172
2.88159
2.75702
2.62875
2.86116
2.73194
2.83045
1.85705
2.10897
2.35703
2.24741
2.60119
2.70742
2.8413
2.73489
2.86517
2.75658
2.64552
2.8825
2.77078
2.89172
1.72606
1.8332
1.97405
2.08176
2.22211
2.11511
2.3299
2.46969
2.57743
2.71691
2.60956
2.74886
2.64285
2.53741
2.78127
2.67609
2.8127
0.163864
0.554962
1.0554
1.48232
1.79608
1.99013
2.03916
1.95298
0.328096
0.775719
0.632388
0.807541
1.24512
0.996633
1.28258
1.73045
1.49556
1.65335
2.12079
1.93997
1.90949
2.39389
2.27254
2.03393
2.52892
2.48092
2.00908
2.50565
2.53591
1.88448
2.3799
2.44864
0.238082
0.452464
0.390776
0.680363
0.89604
0.77047
1.17217
1.39477
1.27543
1.57139
1.80534
1.71353
1.85662
2.10025
2.03748
2.01684
2.26731
2.23934
2.02809
2.27951
2.29094
1.91935
2.16789
2.20217
0.435646
0.651191
0.543167
0.880723
1.12106
1.02515
0.687953
0.946152
0.88973
0.933318
1.15124
1.02398
1.37137
1.59034
1.46687
1.11924
1.34547
1.2291
1.38605
1.61439
1.50801
1.83871
2.05842
1.94877
1.61574
1.83329
1.71323
1.72826
1.9673
1.88991
2.20032
2.42759
2.34615
2.034
2.25741
2.16143
1.95418
2.20177
2.1552
2.44201
2.67548
2.62604
2.33721
2.56788
2.50159
2.0413
2.29307
2.28526
2.53746
2.77521
2.76569
2.51003
2.74578
2.71558
1.98349
2.23348
2.25986
2.47961
2.72177
2.74658
2.52493
2.76472
2.77465
1.84998
2.09812
2.13259
2.34597
2.59331
2.62611
2.41474
2.65958
2.69211
