FiniteElementSpace
FiniteElementCollection: H1_2D_P2
VDim: 2
Ordering: 0

0
-0.0042599
-0.000825033
0.00822701
0.0193901
0.026317
0.023356
0.0116845
-0.00289252
0
0.00425373
0.00902738
0.015653
0.0226586
0.0261375
0.0224121
0.0115156
-0.00271887
-0.0029751
-0.00051002
0.00225544
0
-0.00343709
0.00372893
0.00642182
0.00317967
0.0118688
0.0121361
0.0138666
0.0214843
0.0193101
0.0238526
0.0271434
0.0251246
0.0261773
0.0237311
0.0252827
0.0182783
0.0119821
0.0176811
0.00440506
-0.00275164
0.00451391
-0.000668912
0.00102238
0.00741186
0.0167587
0.0252231
0.0266842
0.0186154
0.00461057
-0.00154893
-0.00168572
-0.000303819
0
-0.00409868
-0.00121074
9.52938e-05
-0.00234804
0.0010251
0.0052903
0.00545959
0.00143648
0.0110101
0.0153712
0.0142903
0.0100692
0.0218167
0.0246783
0.0235322
0.0205372
0.0265907
0.0266268
0.0272297
0.0269048
0.0210575
0.0186178
0.0214086
0.0237402
0.00807995
0.00456584
0.00833984
0.0119533
-0.00388079
-0.000766552
0.00154984
0.00325917
0.000440309
0.00117211
0
-0.00232821
0.00224223
0.0061992
0.0076619
0.00347695
0.00529424
0.00559646
0.0095598
0.0136983
0.0138559
0.00964918
0.010521
0.0166983
0.01919
0.0222125
0.0210571
0.0180616
0.0174881
0.0253835
0.0264548
0.0269476
0.0258439
0.0254214
0.0240395
0.0250854
0.025508
0.0233093
0.0240967
0.0262837
0.0259599
0.0151188
0.0154407
0.0118164
0.0147427
0.018298
0.0202581
0.000745511
-0.0028117
0.000881175
-0.00273886
0.000894574
0.00457266
0.00807934
-0.00072366
-0.00198903
0.00322943
0.0126892
0.0227951
0.0270976
0.0214203
0.00829859
-0.00225248
0.000897834
0.000131833
-5.55017e-05
0.0047422
0.00241077
0.00758433
0.0116117
0.00783894
0.0180232
0.0202061
0.0158676
0.0260779
0.0264345
0.0239837
0.0254961
0.0250766
0.0269068
0.0154279
0.0151981
0.0210281
0.000847041
0.000880556
0.00824484
-0.000600882
-0.00105726
-0.00024655
0
-0.00424578
-0.00302695
-0.00222368
-0.00327978
5.87949e-05
0.00213106
0.00229725
0.000310205
0.00960376
0.0118627
0.0113665
0.00915764
0.0206476
0.0223349
0.021706
0.0199886
0.0265441
0.0268884
0.0270834
0.0266517
0.0222753
0.0212872
0.022646
0.0235976
0.00989668
0.00821262
0.010142
0.0118512
-0.003489
-0.00303376
-0.00202817
-0.00228194
-0.000760662
1.90663e-05
0.000648073
-0.000156334
-0.000104332
-0.000109037
5.65873e-05
0
-0.00293572
-0.00118499
-0.000677843
-0.00231288
0.00159732
0.00345497
0.00408524
0.00220751
-0.000249507
0.00120672
0.0019544
0.00047153
0.00435743
0.00659702
0.00641048
0.0042396
0.00846332
0.0105702
0.010613
0.00850889
0.00456511
0.00662221
0.00699706
0.00493187
0.0152936
0.0173817
0.0167076
0.0146358
0.0179847
0.0197175
0.0191449
0.0174193
0.0130692
0.0150786
0.0147759
0.012775
0.0246924
0.0257677
0.025445
0.0242985
0.0259013
0.0265022
0.0259848
0.0253723
0.0225455
0.0237987
0.0231327
0.0218786
0.0257186
0.0253397
0.0261425
0.0264491
0.0261729
0.0253526
0.0257512
0.0265478
0.0272635
0.0271329
0.0269974
0.0271081
0.0167403
0.015313
0.0170648
0.0184931
0.0170696
0.0153489
0.0167889
0.018495
0.0226333
0.0212652
0.0222288
0.0235746
0.00256855
0.000805031
0.00270041
0.0044996
0.00274117
0.000881979
0.00272443
0.00459849
0.0101779
0.00830585
0.0100488
0.0119203
-0.00234363
-0.0012394
-0.00116274
-0.000504029
-0.000506415
0
-0.00382795
-0.00164988
-0.000106486
0.000520386
-0.000957123
-0.00143466
0.00206624
0.00422831
0.00634414
0.00640953
0.00433469
0.00257095
0.0124352
0.0140279
0.0160777
0.0155234
0.0134965
0.0109704
0.0228951
0.023791
0.0249885
0.0244283
0.0231955
0.0210363
0.0264751
0.0269459
0.0267072
0.0270357
0.0272139
0.0270714
0.0197235
0.0200736
0.0186574
0.0200652
0.0214604
0.0237852
0.00624474
0.00643606
0.0046016
0.0064806
0.00833936
0.0119951
-0.00414078
-0.00235871
-0.000683201
-0.00150672
0.0011979
0.00279225
0.00375606
0.00195452
0.00276411
0.00121985
0.000269026
0.00173203
0.000523815
0.000534929
0
-0.00162335
0.000650531
0.00295364
0.00108072
0.00544739
0.00755637
0.00832998
0.00613498
0.00702839
0.00487008
0.00291866
0.00584706
0.0037588
0.00476724
0.00688794
0.00880597
0.0106969
0.0085689
0.0126418
0.0146537
0.0147468
0.0127018
0.0129846
0.0108522
0.00872389
0.0113149
0.00913163
0.00975946
0.0180715
0.019305
0.0203606
0.0186256
0.0212318
0.0224781
0.0218783
0.0206553
0.0201954
0.0186919
0.0169656
0.0184031
0.0166685
0.016568
0.0259348
0.0265679
0.0268705
0.0263094
0.026756
0.0266359
0.0260443
0.0262267
0.0255309
0.0253492
0.0247489
0.0246205
0.0240723
0.0233786
0.0243001
0.024693
0.0246911
0.0255536
0.0242598
0.0229262
0.0233146
0.0246649
0.0247519
0.0258712
0.0266675
0.0256829
0.0265268
0.0261074
0.0134294
0.0137195
0.0137406
0.0154688
0.0135369
0.0116786
0.0131602
0.0149942
0.0162528
0.0180266
0.0197143
0.0190189
0.0206944
0.021391
-0.0010712
-0.00285257
-0.000989041
-0.00277522
-0.000952406
0.000871178
-0.00274055
-0.000945822
-0.00273751
-0.000921391
0.000882387
0.00270434
0.00454119
0.00641618
0.00630671
0.00816593
0.00981799
-0.000351268
-0.0032143
0.00118202
0.0104964
0.0212033
0.0268555
0.0225092
0.0100473
-0.0027192
-0.00010076
-4.05199e-05
-0.00179803
0.00280149
0.000804654
0.00538952
0.00951947
0.00575141
0.0160193
0.018579
0.0139179
0.025103
0.0259971
0.0228747
0.025978
0.0260245
0.0271945
0.0169449
0.0169631
0.0224818
0.00264574
0.00273671
0.0101305
-0.00173216
-0.000855541
-0.000172804
-0.00272512
-0.000576269
-0.00124491
0.00315139
0.00531044
0.00342029
0.0132464
0.0147853
0.0122218
0.0233735
0.0241444
0.0221543
0.0267554
0.0270418
0.0272222
0.0199451
0.0201129
0.0226875
0.00635927
0.00647504
0.0101837
-0.00322135
-0.00152294
-0.00138605
0.000209236
0.00235922
0.00157776
-0.000153955
0.000875677
0.000184602
-0.000480925
0.00178976
0.000447095
0.00416574
0.00682661
0.00548351
0.00167507
0.00429614
0.00325873
0.00785502
0.00975046
0.00743176
0.0116571
0.0136672
0.0117625
0.00754229
0.00997491
0.00832556
0.0187109
0.019855
0.0173619
0.020821
0.0215885
0.0196851
0.0162488
0.0176826
0.0156561
0.0262894
0.0267643
0.0257135
0.0268737
0.0264916
0.0258407
0.0246342
0.024754
0.0233078
0.0245453
0.0247427
0.0262094
0.024533
0.0238594
0.0253352
0.0269162
0.0262667
0.0266467
0.0136106
0.0137611
0.017105
0.0136639
0.0133666
0.0165512
0.0199324
0.0194107
0.0218684
-0.00102452
-0.000964912
0.00273094
-0.000947609
-0.000939835
0.00271105
0.00645852
0.00636233
0.00994152
0
-0.0105217
-0.0241826
-0.035966
-0.0423479
-0.041817
-0.0378542
-0.0352447
-0.0349112
0
-0.00670461
-0.0168387
-0.0265733
-0.0345391
-0.0405025
-0.0449992
-0.0480691
-0.0491085
-0.00482757
-0.00822819
-0.00261035
0
-0.0173099
-0.0207073
-0.0116611
-0.0305445
-0.0317466
-0.0218765
-0.0400214
-0.0389753
-0.0308146
-0.042845
-0.0414018
-0.0377465
-0.0399079
-0.041378
-0.0429017
-0.0362173
-0.041624
-0.0467592
-0.0348929
-0.0421003
-0.0488296
-0.00282466
-0.0144523
-0.0265677
-0.0359638
-0.0407159
-0.0414694
-0.0414149
-0.0418865
-0.00275733
-0.00368071
-0.000861837
0
-0.0138537
-0.0158463
-0.0112983
-0.00928357
-0.0274552
-0.0285908
-0.0237057
-0.0224544
-0.0381906
-0.0380325
-0.033993
-0.0338994
-0.042816
-0.0418065
-0.0399977
-0.0406936
-0.0409252
-0.0407253
-0.041482
-0.0416362
-0.0369603
-0.0388918
-0.0413722
-0.0396707
-0.0350024
-0.0384655
-0.0417575
-0.0385225
-0.00745904
-0.00535543
-0.00737454
-0.00449277
-0.00242074
-0.00126229
0
-0.0207801
-0.0176083
-0.0188705
-0.0142496
-0.0130859
-0.00912389
-0.0333991
-0.0292595
-0.029366
-0.024276
-0.0243736
-0.0193904
-0.0414157
-0.0376304
-0.0370078
-0.0327431
-0.0336377
-0.0287559
-0.042487
-0.0411666
-0.0410472
-0.039175
-0.0394263
-0.0362047
-0.0388575
-0.04142
-0.0430997
-0.0439881
-0.0421737
-0.0417415
-0.035645
-0.0415034
-0.0447393
-0.0474785
-0.0439678
-0.0459274
-0.0348777
-0.0385617
-0.042003
-0.0455815
-0.0490121
-0.0452885
-0.0485199
-0.0015434
-0.0125134
-0.0256049
-0.0361344
-0.0414353
-0.0412342
-0.0392317
-0.0384657
-0.00628817
-0.00473581
-0.000644148
-0.0191837
-0.0159959
-0.0101896
-0.0313701
-0.0269467
-0.0216728
-0.0395591
-0.035443
-0.0316048
-0.0418522
-0.0403194
-0.0383312
-0.0401835
-0.0426483
-0.0416517
-0.0386583
-0.0443732
-0.0435397
-0.0385065
-0.0454563
-0.0450486
-0.00165624
-0.00208998
-0.000725711
0
-0.0121637
-0.0131674
-0.0108781
-0.0098811
-0.0258394
-0.0265316
-0.0240476
-0.0233173
-0.0371257
-0.0371641
-0.0350566
-0.0349355
-0.0426413
-0.0421233
-0.0411129
-0.0415186
-0.0413938
-0.0410865
-0.0414535
-0.0417297
-0.0373905
-0.038122
-0.0394399
-0.0387836
-0.0351054
-0.0367654
-0.0384856
-0.0369173
-0.0060765
-0.00684739
-0.00492629
-0.00422869
-0.00403726
-0.00500137
-0.00352749
-0.00255704
-0.000277547
-0.00068908
-0.000147891
0
-0.0190497
-0.0199766
-0.0175194
-0.0165677
-0.0160339
-0.0168114
-0.0145424
-0.0137693
-0.00974634
-0.0107326
-0.00876668
-0.00777515
-0.0320052
-0.032388
-0.0300091
-0.0295707
-0.0279369
-0.0281367
-0.0256775
-0.0254991
-0.0222213
-0.0227122
-0.0202825
-0.0198055
-0.0407771
-0.0404861
-0.0388442
-0.039027
-0.0368363
-0.0365819
-0.0345693
-0.0348452
-0.032902
-0.0328408
-0.0305093
-0.0305945
-0.0427119
-0.0421699
-0.0418666
-0.0423242
-0.0409714
-0.0407708
-0.0398954
-0.0401061
-0.0395258
-0.039205
-0.0376986
-0.0380355
-0.0393817
-0.0395366
-0.0404542
-0.0403278
-0.0414461
-0.04203
-0.042415
-0.0418244
-0.0414571
-0.0415778
-0.0413619
-0.0412441
-0.0359094
-0.0371846
-0.038762
-0.0375847
-0.041454
-0.0429237
-0.0441742
-0.0426766
-0.0413694
-0.0424429
-0.0433208
-0.0422293
-0.0348772
-0.0367094
-0.0384812
-0.0367045
-0.0419463
-0.0437263
-0.0453809
-0.0435806
-0.0416903
-0.0433928
-0.0449019
-0.0431686
-0.00371389
-0.00254657
-0.0032068
-0.00175864
-0.00114764
0
-0.0155745
-0.0141738
-0.0151422
-0.0128704
-0.0118904
-0.00873121
-0.0290267
-0.0271212
-0.0275933
-0.0251558
-0.0246658
-0.0215867
-0.0391598
-0.0371282
-0.0370178
-0.0350147
-0.0350831
-0.0328414
-0.0428848
-0.0416651
-0.0412761
-0.0403926
-0.0407332
-0.0398526
-0.0404269
-0.0409882
-0.0411053
-0.0414834
-0.0413673
-0.0415299
-0.0365682
-0.0390485
-0.0401617
-0.0413873
-0.0403094
-0.0405314
-0.0349334
-0.0384598
-0.0401877
-0.0418233
-0.0401226
-0.0400835
-0.008945
-0.00774698
-0.00675869
-0.0057874
-0.00602586
-0.00702077
-0.00557049
-0.00456517
-0.00350859
-0.00243072
-0.00145547
-0.00185974
-0.000817839
-0.00069426
0
-0.0224948
-0.020831
-0.0191677
-0.018396
-0.01744
-0.0178873
-0.0155471
-0.0151477
-0.0129535
-0.0123887
-0.0116321
-0.0103843
-0.00965832
-0.00789762
-0.0347229
-0.0326689
-0.0305308
-0.0303314
-0.028177
-0.0280337
-0.0254368
-0.0256667
-0.023087
-0.0231723
-0.0230374
-0.0206424
-0.0205714
-0.018121
-0.0419424
-0.0401762
-0.0383432
-0.038614
-0.0362552
-0.035854
-0.0336558
-0.0341749
-0.0317934
-0.0323048
-0.0326481
-0.0297993
-0.0302526
-0.0276779
-0.042187
-0.0417725
-0.0413072
-0.0415223
-0.040701
-0.0408041
-0.0398497
-0.0397944
-0.0384731
-0.0386491
-0.0389053
-0.0369891
-0.0373421
-0.0353862
-0.0383456
-0.0399202
-0.0413958
-0.0408089
-0.0428758
-0.044017
-0.0445033
-0.0432969
-0.0434539
-0.0425312
-0.0419204
-0.0423308
-0.0417073
-0.0411319
-0.0354241
-0.0385791
-0.0415608
-0.0400902
-0.0445623
-0.0463646
-0.0477908
-0.0458832
-0.047134
-0.0453207
-0.0437557
-0.0463563
-0.0446939
-0.0454744
-0.034891
-0.0367507
-0.0385373
-0.0403439
-0.0420556
-0.0402677
-0.0438396
-0.0455198
-0.0473251
-0.0490667
-0.0472108
-0.0489356
-0.0470305
-0.0451776
-0.0486923
-0.0467498
-0.0483125
-0.00109251
-0.011502
-0.0249437
-0.0360933
-0.0418745
-0.0414283
-0.0384387
-0.0368284
-0.00547525
-0.00372733
-0.000167713
-0.0182766
-0.0152931
-0.00923804
-0.0310104
-0.0268384
-0.0212718
-0.0398098
-0.0357479
-0.0317459
-0.0422883
-0.040465
-0.0386547
-0.0399315
-0.0419297
-0.0414248
-0.0373674
-0.0427992
-0.0423335
-0.0367002
-0.0436584
-0.0432843
-0.00309622
-0.00209934
-0.000461695
-0.0148608
-0.013511
-0.0102923
-0.0280763
-0.0261508
-0.0231427
-0.0381447
-0.036091
-0.0339983
-0.0422727
-0.0410446
-0.0403368
-0.0407164
-0.0412443
-0.0414653
-0.0378365
-0.0402257
-0.0404118
-0.0367252
-0.0401527
-0.0400986
-0.00832234
-0.00722342
-0.00444177
-0.00635727
-0.00576429
-0.00344967
-0.0015358
-0.00154836
-0.000269966
-0.0216596
-0.0200024
-0.0167732
-0.0183169
-0.0165224
-0.0137681
-0.0122459
-0.0110167
-0.00832366
-0.033699
-0.0316175
-0.0289884
-0.0293899
-0.0268669
-0.0244337
-0.0241224
-0.0218835
-0.019238
-0.0410573
-0.0392784
-0.0378597
-0.0373441
-0.0350376
-0.0332625
-0.0338748
-0.0312999
-0.0291622
-0.0419811
-0.0415517
-0.0414328
-0.0410279
-0.0403138
-0.0392397
-0.039687
-0.0380163
-0.0366206
-0.0391515
-0.040665
-0.0409576
-0.0421287
-0.0436622
-0.0429201
-0.0417087
-0.0421274
-0.0412669
-0.0370352
-0.0400798
-0.0401168
-0.0430475
-0.0461351
-0.045611
-0.0425573
-0.0450143
-0.0443611
-0.036729
-0.0403097
-0.0402261
-0.0437858
-0.0472715
-0.0471324
-0.0434918
-0.0469033
-0.04657
