FiniteElementSpace
FiniteElementCollection: L2_2D_P3
VDim: 1
Ordering: 0

0.0122372
0.0079335
0.0109484
0.0144766
0.00552022
0.00477535
0.00819599
0.0120442
0.00187697
0.0024156
0.00521122
0.00831718
0.00120162
0.00155564
0.0033739
0.00534785
0.00999959
0.00984943
0.00972865
0.00969311
0.00810571
0.00797669
0.0078741
0.00784531
0.00587015
0.00576723
0.00568669
0.00566563
0.00435925
0.00427605
0.00421102
0.00419406
0.00893383
0.0088437
0.00879156
0.00880151
0.00720054
0.00712181
0.00707618
0.0070847
0.00516478
0.00510123
0.00506476
0.00507216
0.00379674
0.00374567
0.0037164
0.00372241
0.00828053
0.00816847
0.00808397
0.0080661
0.00662963
0.00653342
0.00646163
0.00644739
0.00471049
0.00463475
0.00457954
0.00457029
0.00343439
0.00337468
0.00333181
0.00332554
0.00679527
0.00661003
0.00641657
0.00630443
0.00539539
0.00524235
0.00508483
0.00499563
0.00378973
0.00367592
0.00356187
0.0035002
0.00273791
0.00265223
0.00256844
0.00252523
0.00414174
0.00393098
0.00368316
0.00351324
0.00325903
0.00308981
0.00289313
0.00276012
0.00226905
0.00214871
0.00201192
0.00192199
0.00163833
0.00155124
0.00145475
0.00139351
0.00147385
0.0013361
0.00116955
0.00105175
0.00116142
0.00105312
0.000923583
0.000833061
0.000827446
0.000752293
0.000664384
0.000604549
0.00062867
0.000574733
0.000513446
0.000473235
0.000151938
0.000120367
8.49294e-05
6.21413e-05
0.000133429
0.000107483
7.85893e-05
6.01405e-05
0.000119762
9.93418e-05
7.69703e-05
6.29219e-05
0.000117612
9.98878e-05
8.08075e-05
6.90653e-05
0.0104216
0.0103803
0.010401
0.0104724
0.00866857
0.0085709
0.00851247
0.00851912
0.006513
0.00637443
0.00625286
0.0062037
0.00499907
0.00484989
0.00470585
0.00463293
0.000322664
0.000306014
0.000292178
0.000286134
6.13596e-05
5.45064e-05
4.55067e-05
3.81016e-05
0.000385447
0.000372297
0.000339269
0.000302258
0.00118779
0.00115978
0.00109026
0.00101232
0.000515628
0.00018815
9.53873e-05
0.000160099
0.000552723
0.000199069
2.27736e-05
1.02927e-05
0.000594667
0.000312111
0.000311321
0.000450601
0.000783779
0.000553697
0.000871039
0.00133624
0.00934984
0.00923572
0.0091553
0.00914577
0.0075564
0.00745826
0.00739
0.00738316
0.00544257
0.00536466
0.00531176
0.00530823
0.00401689
0.00395472
0.0039129
0.0039107
0.000194388
0.000187426
0.000182416
0.000181592
9.39828e-06
9.97825e-06
8.77386e-06
6.24122e-06
0.000276164
0.000285662
0.000284881
0.000274174
0.000918828
0.000933968
0.000929403
0.000907405
0.000242801
0.000231164
0.000221214
0.000217419
2.35452e-05
2.21066e-05
1.89296e-05
1.53031e-05
0.000286653
0.000295074
0.000292482
0.000280068
0.000964981
0.0009773
0.00096745
0.000940313
0.00863712
0.00854703
0.00849353
0.00850135
0.00693957
0.00686086
0.00681395
0.00682049
0.00495544
0.00489197
0.00485446
0.00486019
0.00362867
0.00357775
0.00354771
0.00355238
0.00015203
0.000147584
0.000144759
0.000144774
4.04037e-06
6.25228e-06
6.42225e-06
4.37921e-06
0.000281864
0.000293265
0.000294674
0.000285392
0.000901301
0.000919918
0.000920088
0.000901759
0.00016938
0.000164366
0.000161226
0.000161325
4.61886e-06
6.2489e-06
5.97513e-06
3.83338e-06
0.000275255
0.000286034
0.000286847
0.000277273
0.000901094
0.000919081
0.000918536
0.00089974
0.00769983
0.0075518
0.00741527
0.00735341
0.00614045
0.00601597
0.0059029
0.00585345
0.00433869
0.00424359
0.00415961
0.00412546
0.0031485
0.00307525
0.00301201
0.00298794
0.000123282
0.000120007
0.000118407
0.000119221
1.73849e-05
2.14902e-05
2.43866e-05
2.47246e-05
0.000301303
0.000311451
0.00031258
0.000304325
0.000883573
0.000894711
0.000887702
0.000866217
0.000136108
0.000131992
0.000129325
0.00012928
6.81304e-06
9.75689e-06
1.07827e-05
9.34483e-06
0.000291164
0.000302392
0.000303743
0.000294611
0.000900787
0.000917167
0.000914884
0.000895161
0.00557062
0.00536096
0.00512508
0.00497226
0.00440244
0.00423181
0.0040423
0.0039216
0.0030752
0.00295127
0.00281692
0.00273422
0.00221563
0.00212428
0.00202768
0.00197049
0.000131942
0.000131459
0.000134514
0.000139843
8.18374e-05
8.71564e-05
9.42809e-05
0.00010008
0.000318667
0.000322113
0.000320927
0.000316105
0.000757935
0.00075131
0.00073171
0.000709066
0.000120105
0.000118273
0.000118885
0.000121744
4.19685e-05
4.72116e-05
5.26028e-05
5.57305e-05
0.00031179
0.000319483
0.00032001
0.000313452
0.000838407
0.000841524
0.000828416
0.000805855
0.0027048
0.00251965
0.00229686
0.00213995
0.0021233
0.00197646
0.00180165
0.00168004
0.00148317
0.00138052
0.00126093
0.00117986
0.00108538
0.001012
0.000928789
0.000874318
0.000181624
0.000179492
0.000181774
0.00018749
0.00016592
0.000165472
0.000168573
0.000173913
0.000285429
0.00027756
0.000269409
0.000265054
0.000493015
0.000471226
0.000443983
0.000424434
0.000156526
0.000156203
0.000160278
0.000167014
0.00012863
0.00013206
0.000138625
0.000145475
0.000312982
0.000310766
0.00030644
0.00030245
0.000640172
0.00062431
0.00059935
0.00057764
0.000608256
0.000527305
0.000431081
0.000364453
0.000490029
0.000426257
0.000351296
0.000300045
0.000371016
0.000325854
0.000274001
0.000239519
0.000307158
0.000273236
0.000235413
0.000211172
0.000163473
0.000153797
0.000145511
0.000142269
0.000151018
0.0001417
0.000133675
0.000130494
0.000163389
0.00015063
0.000138221
0.000131783
0.000195569
0.000177009
0.000157431
0.000145822
0.000188998
0.000183275
0.000180859
0.000182819
0.000176495
0.000171222
0.000168782
0.00017029
0.000233317
0.000221579
0.000210352
0.000204916
0.000336296
0.000313747
0.000288533
0.00027253
1.05349e-05
6.29792e-06
2.483e-06
8.18795e-07
1.43048e-05
9.46716e-06
4.78843e-06
2.36995e-06
2.05319e-05
1.46355e-05
8.704e-06
5.37696e-06
2.62526e-05
1.9193e-05
1.20852e-05
8.07496e-06
3.34871e-05
2.53998e-05
1.71356e-05
1.22961e-05
2.99699e-05
2.26293e-05
1.51482e-05
1.0784e-05
2.60015e-05
1.94219e-05
1.27494e-05
8.89155e-06
2.3372e-05
1.72292e-05
1.1047e-05
7.5212e-06
0.000103919
9.24131e-05
8.0582e-05
7.36504e-05
9.43775e-05
8.37003e-05
7.28332e-05
6.65608e-05
8.87887e-05
7.78023e-05
6.65745e-05
6.00735e-05
8.96974e-05
7.73784e-05
6.462e-05
5.71212e-05
0.0113045
0.0108465
0.0104332
0.0102142
0.00952456
0.0091707
0.00879294
0.00856422
0.00710091
0.00689298
0.00667769
0.00655267
0.00521191
0.00516518
0.00513599
0.00513857
0.00423723
0.0042408
0.00431004
0.00437228
0.00264539
0.00270271
0.00282291
0.00293674
0.00116169
0.00122457
0.00133231
0.00143159
0.000458515
0.000502319
0.000570806
0.000624538
0.000950983
0.00112289
0.00260699
0.00420653
0.000604826
0.000651456
0.00158197
0.00265219
0.000477753
0.000325167
0.000649225
0.001139
0.000494293
0.000217634
0.000221054
0.000395311
0.00964601
0.00951319
0.00941123
0.0093873
0.00780583
0.00769227
0.00760645
0.00758799
0.00563507
0.00554535
0.00547915
0.00546698
0.00416945
0.00409778
0.00404537
0.00403632
0.00346064
0.00339753
0.00335191
0.00334475
0.00227207
0.00222343
0.00219022
0.00218761
0.00106568
0.00103598
0.00101683
0.00101687
0.000438963
0.000423545
0.000412743
0.000411433
0.00362836
0.00355444
0.00349691
0.00348222
0.00239717
0.00233948
0.00229646
0.0022877
0.00113997
0.00110414
0.00107848
0.00107454
0.000481825
0.000462565
0.000447617
0.000443746
0.00878151
0.00869442
0.00864552
0.0086574
0.00706702
0.00699073
0.00694759
0.00695752
0.00505803
0.00499626
0.00496152
0.00496979
0.00371117
0.00366147
0.00363347
0.00364007
0.00306373
0.00301997
0.0029957
0.00300209
0.0019864
0.00195239
0.00193492
0.00194195
0.000904726
0.000884181
0.000874435
0.000879873
0.000352261
0.000342617
0.000337608
0.00033947
0.00313778
0.00309283
0.00306749
0.00307342
0.00203961
0.00200473
0.00198652
0.0019933
0.000934399
0.000913281
0.000903112
0.00090847
0.000367637
0.000357576
0.000352269
0.000354089
0.00802649
0.00789748
0.00778874
0.00775055
0.00641394
0.00630436
0.00621326
0.00618271
0.00454486
0.00445989
0.00439114
0.0043703
0.00330595
0.00323971
0.00318718
0.00317258
0.00271591
0.00265882
0.00261449
0.00260334
0.0017412
0.00169921
0.00166912
0.00166469
0.000774463
0.000751271
0.000736597
0.000737073
0.000291227
0.000281533
0.000275722
0.000276423
0.00282514
0.00277328
0.00273679
0.00273247
0.00181658
0.00177765
0.00175239
0.00175233
0.000812572
0.000790336
0.000777422
0.000779655
0.000307392
0.000297674
0.000292009
0.000292945
0.00621816
0.00601832
0.00580067
0.005666
0.00492573
0.0047619
0.00458591
0.00447914
0.00344983
0.00332947
0.00320342
0.00312988
0.00248804
0.0023984
0.00230682
0.00225561
0.0020351
0.00196022
0.00188524
0.00184477
0.00129514
0.00124456
0.00119725
0.00117492
0.000577767
0.000554057
0.000535344
0.000530155
0.000234224
0.000226827
0.000223443
0.000225683
0.00224105
0.00216895
0.00209986
0.00206568
0.0014268
0.00137708
0.00133272
0.00131407
0.000631639
0.000607321
0.000588812
0.000584523
0.000245471
0.000237204
0.000232789
0.000234284
0.00341046
0.00320928
0.00296943
0.00280224
0.00267931
0.00251881
0.00232955
0.00219933
0.00186616
0.00175307
0.0016226
0.00153519
0.00135379
0.00127255
0.00118123
0.00112215
0.00111554
0.00104934
0.000976346
0.000930358
0.000730771
0.000688761
0.00064519
0.000620168
0.000374095
0.00035642
0.000341688
0.000336678
0.000218647
0.000213539
0.000212907
0.000217106
0.00134415
0.00127284
0.00119533
0.00114747
0.000868089
0.000822352
0.000775619
0.000749432
0.000420522
0.000401122
0.000385027
0.000379628
0.00021928
0.000214073
0.000213377
0.000217595
0.000989406
0.000879877
0.000748149
0.000655597
0.000785406
0.000699404
0.000597098
0.000526104
0.000572371
0.00051241
0.000442705
0.000395633
0.000450261
0.000406578
0.000357285
0.000325224
0.000393475
0.000357372
0.000317407
0.000292066
0.00029844
0.000274195
0.000248796
0.00023393
0.000218587
0.000205052
0.000192779
0.000187335
0.000192267
0.000183143
0.000176242
0.000174634
0.000536616
0.000492571
0.000443504
0.000412148
0.000386054
0.000357544
0.000327612
0.000310074
0.000255002
0.000240964
0.000228729
0.000223885
0.000206516
0.000198883
0.000194343
0.000194933
5.24734e-05
3.78593e-05
2.25438e-05
1.36284e-05
5.22306e-05
3.92345e-05
2.55276e-05
1.73993e-05
5.60311e-05
4.42366e-05
3.17649e-05
2.42616e-05
6.22615e-05
5.05131e-05
3.814e-05
3.07052e-05
6.4238e-05
5.26281e-05
4.02861e-05
3.27463e-05
6.39323e-05
5.3016e-05
4.14351e-05
3.4349e-05
6.55773e-05
5.49614e-05
4.37383e-05
3.68751e-05
6.85666e-05
5.7699e-05
4.62216e-05
3.92022e-05
0.00011572
9.93499e-05
8.17754e-05
7.09692e-05
0.000107862
9.39267e-05
7.919e-05
7.02772e-05
0.000104024
9.18734e-05
7.92558e-05
7.17814e-05
0.000106236
9.437e-05
8.21252e-05
7.49207e-05
0.0103945
0.0102286
0.0100928
0.0100498
0.00845334
0.00830777
0.00818798
0.00814922
0.00615367
0.00603514
0.00593772
0.00590627
0.00459309
0.00449651
0.00441675
0.00439051
0.00383854
0.003752
0.00368032
0.00365651
0.00255939
0.00249021
0.00243462
0.00241792
0.0012386
0.00119494
0.00116104
0.00115212
0.0005394
0.000515484
0.000495543
0.000488671
0.00422118
0.00408118
0.00394459
0.00387435
0.00283023
0.00272732
0.00263198
0.00258751
0.0013823
0.00132413
0.00127495
0.00125655
0.000614046
0.000584525
0.000559376
0.000549985
0.000279285
0.000265156
0.000252582
0.000247093
3.61488e-05
3.34536e-05
2.88335e-05
2.42285e-05
0.000302446
0.000308617
0.000302069
0.000285932
0.00101041
0.00101891
0.00100146
0.00096659
0.00157832
0.00158372
0.00155586
0.00150839
0.00303225
0.00302138
0.00296562
0.00289175
0.00584483
0.00579913
0.00568407
0.00555464
0.00880046
0.00871306
0.00853216
0.00834413
0.00180442
0.00177027
0.0016832
0.00158455
0.00333432
0.0032862
0.00317439
0.00305273
0.00621685
0.00616878
0.00604223
0.00589782
0.00918985
0.00915615
0.00903943
0.00889525
0.000242296
0.000275881
0.000310264
0.000326841
6.0254e-05
6.60266e-05
6.73881e-05
6.2378e-05
0.000472894
0.000468321
0.000446238
0.000417048
0.00143409
0.0013874
0.00132784
0.00127395
0.00210382
0.00206205
0.0019801
0.00189694
0.00390758
0.00378371
0.00357365
0.00338014
0.0068993
0.00673651
0.00645475
0.00618754
0.00956189
0.00948134
0.00931145
0.0091044
0.000858198
0.000786017
0.00141055
0.00214483
0.000983344
0.00117044
0.0028204
0.0047869
0.00385044
0.00286523
0.00563952
0.00904682
0.0115307
0.00573282
0.00854381
0.0125062
0.0091167
0.00901737
0.00895437
0.00895684
0.00735831
0.00727217
0.00721791
0.00722058
0.00528891
0.00521994
0.00517728
0.00518059
0.00389541
0.0038402
0.00380629
0.00380928
0.00322297
0.00317445
0.00314517
0.00314857
0.00210055
0.0020631
0.00204215
0.00204725
0.000968295
0.000945665
0.000933988
0.000938524
0.000385448
0.00037446
0.000368276
0.000369671
0.00332793
0.00327333
0.00323719
0.00323613
0.0021757
0.00213374
0.00210784
0.00210981
0.00101038
0.000985003
0.000970452
0.000973284
0.00040809
0.000395418
0.000387515
0.000387941
0.00018017
0.000174447
0.00017067
0.000170503
6.22756e-06
7.43067e-06
6.79949e-06
4.5349e-06
0.000274477
0.000284661
0.000284774
0.000274737
0.000906671
0.000923425
0.000921216
0.000901147
0.00140337
0.00142257
0.00141827
0.00139259
0.00265918
0.00267849
0.00266844
0.00263388
0.00505084
0.00507061
0.00504995
0.00499875
0.00753859
0.0075575
0.00752678
0.00746106
0.0014248
0.00144156
0.00143374
0.00140517
0.00270613
0.00272069
0.00270396
0.00266398
0.00514762
0.00515753
0.00512331
0.0050613
0.0076864
0.00768959
0.00763749
0.00755493
0.000214478
0.000205513
0.000198416
0.000196375
1.49104e-05
1.46026e-05
1.2551e-05
9.57336e-06
0.000280249
0.000289151
0.000287501
0.000276058
0.000938329
0.000951867
0.00094469
0.000920364
0.00145798
0.00147211
0.00146015
0.00142796
0.00277759
0.0027863
0.00276101
0.00271386
0.00529831
0.00529479
0.00524173
0.00516447
0.00792285
0.00790355
0.00782051
0.0077133
0.00150386
0.0015155
0.00149891
0.00146227
0.00287861
0.00288057
0.00284484
0.00278858
0.00552091
0.00549983
0.00542161
0.00532358
0.00828408
0.00823353
0.00810696
0.00796472
0.00847752
0.00837882
0.00831319
0.00831095
0.00679966
0.00671408
0.00665738
0.00665575
0.00484375
0.00477544
0.00473092
0.00473071
0.00353942
0.00348501
0.00344986
0.00345017
0.00291521
0.00286764
0.00283747
0.00283858
0.00187993
0.0018436
0.00182232
0.00182581
0.000846049
0.000824726
0.00081339
0.000817146
0.000322897
0.00031327
0.0003079
0.000309193
0.00299227
0.00294753
0.00292157
0.00292633
0.00193497
0.00190039
0.00188182
0.00188772
0.000876123
0.000855439
0.000845236
0.000850107
0.000337692
0.000328139
0.000323049
0.000324694
0.000143951
0.000139641
0.000136837
0.000136755
4.83711e-06
7.36466e-06
7.85641e-06
5.99878e-06
0.000286376
0.000297789
0.000299209
0.000289955
0.000902248
0.00092012
0.000919408
0.00090052
0.0013821
0.00140239
0.00139962
0.00137518
0.0025896
0.00260984
0.00260134
0.00256822
0.00489838
0.00491913
0.00490025
0.00485077
0.00731471
0.00733473
0.00730608
0.00724243
0.00138509
0.00140671
0.00140559
0.00138226
0.00260406
0.00262718
0.00262228
0.00259174
0.00493212
0.00495891
0.0049477
0.00490386
0.00736463
0.00739421
0.00737779
0.00732321
0.000160342
0.000155704
0.000152822
0.00015294
3.98834e-06
5.92724e-06
5.88283e-06
3.78282e-06
0.00027796
0.000289151
0.000290386
0.000281039
0.000900114
0.000918753
0.000919004
0.00090076
0.00138705
0.00140887
0.00140806
0.001385
0.00261533
0.00263917
0.00263522
0.00260539
0.00495824
0.00498675
0.00497779
0.00493565
0.00740195
0.00743435
0.00742163
0.00736984
0.00139187
0.00141283
0.00141095
0.00138713
0.00263119
0.00265369
0.00264799
0.00261685
0.00499267
0.00501873
0.00500656
0.00496198
0.00745182
0.00748053
0.00746294
0.00740744
0.00729052
0.00712313
0.00695754
0.00687037
0.00580161
0.00566216
0.00552627
0.00545673
0.00408721
0.00398215
0.00388259
0.00383443
0.00295913
0.00287914
0.00280512
0.00277124
0.00242472
0.00235687
0.0022954
0.00226864
0.00154635
0.00149855
0.00145837
0.0014442
0.00068332
0.000658931
0.000641245
0.000638281
0.000259339
0.000250358
0.000245146
0.000246101
0.00258314
0.00252051
0.00246757
0.00244873
0.00165141
0.00160632
0.00157107
0.00156179
0.00073127
0.000707298
0.000690952
0.000689631
0.000274923
0.000265461
0.000259779
0.000260468
0.000120039
0.000117438
0.000116831
0.000118542
2.76506e-05
3.23855e-05
3.65213e-05
3.81791e-05
0.000306621
0.00031575
0.000316668
0.000309193
0.000865032
0.000872467
0.000862526
0.000840384
0.00129242
0.00129611
0.00127692
0.00124447
0.00235968
0.00234882
0.00230584
0.00225151
0.00439707
0.00435713
0.00426714
0.0041701
0.00653053
0.00645748
0.00631724
0.00617663
0.00133204
0.0013414
0.00132735
0.00129693
0.00245457
0.00245385
0.00242147
0.00237309
0.004601
0.00458019
0.00451165
0.00442816
0.00685115
0.00680688
0.00669991
0.00658124
0.000128955
0.000125171
0.000122882
0.000123113
1.07035e-05
1.41838e-05
1.60144e-05
1.5303e-05
0.000296133
0.000306957
0.000308212
0.000299398
0.000895071
0.000909204
0.000904783
0.000884141
0.00135863
0.00137274
0.0013633
0.00133505
0.00252132
0.00252943
0.00250675
0.00246425
0.0047462
0.00474256
0.00469402
0.00462378
0.00707905
0.00706109
0.00698549
0.0068883
0.00137438
0.00139216
0.00138656
0.00136039
0.00256435
0.00257954
0.002565
0.00252775
0.00484126
0.00485173
0.00482015
0.0047616
0.00722721
0.00723113
0.00718232
0.00710406
0.0048707
0.00465717
0.00441084
0.00424588
0.00384054
0.00366795
0.00347126
0.00334154
0.00267705
0.00255305
0.00241496
0.00232664
0.00192909
0.00183857
0.00174026
0.00167965
0.0015791
0.00150453
0.0014251
0.00137753
0.00101107
0.000962524
0.000913985
0.000887793
0.000470613
0.000449504
0.000432142
0.00042648
0.000221384
0.000215671
0.000214361
0.000218142
0.0018121
0.00173634
0.00165779
0.00161273
0.00115505
0.00110485
0.0010561
0.0010312
0.000523505
0.000500902
0.000482605
0.000476974
0.000226175
0.00021968
0.000217401
0.00022046
0.000143187
0.000142997
0.000146847
0.000153113
0.000105272
0.00010992
0.000117121
0.00012373
0.000318055
0.000318779
0.000316181
0.000311927
0.000703508
0.000692024
0.000669482
0.000647171
0.000985908
0.000963808
0.000925413
0.000889568
0.00168242
0.00163176
0.00155371
0.00148569
0.00299568
0.00288984
0.00273624
0.00260791
0.00435439
0.00418955
0.00395687
0.00376665
0.0010843
0.00106827
0.00103375
0.000997805
0.00189208
0.00184965
0.00177758
0.00171052
0.00342016
0.00332609
0.00318158
0.00305543
0.00500702
0.00485694
0.00463589
0.00444882
0.000124053
0.000122974
0.000124875
0.000129
6.02723e-05
6.5756e-05
7.22151e-05
7.67898e-05
0.000316149
0.000321945
0.000321796
0.000316167
0.00080288
0.000801228
0.000784845
0.000762118
0.00116883
0.00115943
0.00112966
0.00109431
0.00207752
0.00204502
0.00198133
0.00191714
0.00380247
0.00372431
0.00359447
0.00347487
0.00559999
0.00547154
0.00527131
0.00509449
0.00123826
0.00123558
0.00121104
0.0011769
0.0022341
0.00221239
0.00215869
0.00209891
0.00413043
0.00407084
0.00395978
0.00385027
0.00611217
0.00601021
0.00583784
0.00567712
0.00205151
0.00188795
0.00169023
0.00155029
0.00161156
0.0014825
0.00132813
0.00122018
0.00113339
0.00104367
0.000938669
0.000867116
0.00084158
0.000777521
0.000704611
0.000656669
0.000706475
0.000654419
0.000596324
0.00055912
0.000487633
0.000454565
0.000419836
0.000399493
0.000292167
0.000277278
0.000264633
0.000260038
0.000214391
0.000208029
0.000205447
0.00020783
0.000900897
0.000841277
0.000774964
0.000732687
0.000603025
0.000565351
0.000525928
0.000502969
0.000331492
0.000315369
0.000301854
0.000297168
0.000217719
0.000212227
0.000210977
0.00021458
0.000188674
0.00018491
0.000185142
0.000189282
0.000175405
0.000172564
0.00017305
0.000176699
0.000262229
0.000252109
0.000242238
0.000237382
0.000414253
0.000391403
0.000364626
0.000346689
0.000516343
0.00048413
0.000445061
0.0004177
0.000764627
0.00070938
0.000640293
0.000590004
0.00123785
0.00114016
0.00101651
0.000925144
0.00172532
0.00158449
0.00140599
0.00127377
0.000636469
0.000604088
0.000562624
0.000531946
0.000986419
0.000927581
0.000851184
0.000793472
0.00164673
0.00153868
0.00139822
0.00129167
0.00232515
0.00216657
0.00196111
0.00180561
0.000170098
0.000169133
0.000172709
0.000179292
0.000149627
0.000151324
0.000156502
0.000162933
0.000302328
0.000297169
0.000290931
0.000286892
0.000569282
0.000549884
0.000523286
0.000502484
0.000758035
0.000727393
0.00068528
0.000652045
0.00122014
0.00116087
0.00108042
0.00101709
0.0020891
0.00197595
0.00182435
0.00170605
0.00298259
0.00281343
0.0025889
0.00241504
0.000875994
0.000848879
0.000807851
0.000772894
0.00145549
0.00139903
0.00131806
0.00125126
0.00254555
0.00243314
0.00227706
0.00215134
0.00366935
0.00349798
0.00326408
0.00307834
0.000331729
0.000277478
0.000214326
0.000171733
0.00027504
0.000231788
0.000181985
0.000148797
0.00022194
0.000190221
0.000154508
0.00013132
0.000197558
0.000172399
0.000144799
0.000127447
0.000185484
0.000163441
0.000139544
0.000124739
0.000160878
0.000143861
0.000125996
0.000115393
0.000143319
0.000130432
0.000117567
0.000110473
0.000141357
0.000129742
0.000118452
0.000112488
0.000277045
0.000248377
0.000216951
0.000197254
0.000223889
0.000203476
0.000182114
0.000169576
0.000181609
0.000168374
0.000155783
0.000149502
0.000170541
0.000159974
0.000150663
0.000146737
0.000137184
0.000126141
0.000115513
0.000109991
0.000125617
0.000115165
0.000105178
0.000100061
0.00012573
0.000113538
0.000101403
9.47472e-05
0.000137662
0.000122131
0.000105979
9.65207e-05
0.000141761
0.000124209
0.000105644
9.45245e-05
0.000152284
0.000129975
0.000105506
9.01363e-05
0.000189587
0.000157599
0.000121377
9.77331e-05
0.000236525
0.000194438
0.000146113
0.00011406
0.000212841
0.000190473
0.00016619
0.000151197
0.000255116
0.000223694
0.000188036
0.000164702
0.000352213
0.000303694
0.000246884
0.000208282
0.000460052
0.000394199
0.00031616
0.000262394
0.000180875
0.000173085
0.000167699
0.000167092
0.000168344
0.000160832
0.000155444
0.000154583
0.000199849
0.000187226
0.000175131
0.000169134
0.00026245
0.000241426
0.000218709
0.000204865
0.000300476
0.00027368
0.000243675
0.000224456
0.000392841
0.000352181
0.000304542
0.000272201
0.00058176
0.00051554
0.000435836
0.000379965
0.000782097
0.000690149
0.000578475
0.000499371
0.000402805
0.00037256
0.000337442
0.00031399
0.000564245
0.000515311
0.000456135
0.00041454
0.000878928
0.000795703
0.000692977
0.000618997
0.00120591
0.00108809
0.000941865
0.000835855
5.87221e-07
2.07233e-07
8.26358e-08
3.16989e-07
1.63719e-06
7.95062e-07
1.75337e-07
1.65913e-07
3.73283e-06
1.96877e-06
5.74145e-07
2.47685e-07
5.79069e-06
3.01515e-06
9.99773e-07
5.06454e-07
6.10895e-06
3.13436e-06
8.79447e-07
4.04012e-07
6.93299e-06
3.5542e-06
9.06112e-07
2.11283e-07
8.1306e-06
4.21999e-06
1.07538e-06
1.05834e-07
9.11448e-06
4.82358e-06
1.31697e-06
1.37724e-07
2.80275e-05
2.05942e-05
1.30174e-05
8.64974e-06
2.95156e-05
2.19687e-05
1.42477e-05
9.75542e-06
3.18192e-05
2.39715e-05
1.59387e-05
1.12393e-05
3.39242e-05
2.57084e-05
1.73068e-05
1.23849e-05
9.06204e-06
4.79955e-06
1.32557e-06
1.60105e-07
7.83213e-06
4.04647e-06
1.04059e-06
1.4787e-07
6.36763e-06
3.21754e-06
8.22631e-07
2.73614e-07
5.37598e-06
2.6919e-06
7.61865e-07
4.76871e-07
5.02451e-06
2.57559e-06
8.9851e-07
5.85862e-07
2.81442e-06
1.43929e-06
4.21555e-07
2.69834e-07
9.44132e-07
4.1092e-07
6.21844e-08
1.52511e-07
3.5409e-07
1.04758e-07
6.86375e-08
3.04108e-07
2.10599e-05
1.54684e-05
9.94155e-06
6.88125e-06
1.44923e-05
1.0331e-05
6.24489e-06
4.00812e-06
7.96073e-06
5.11348e-06
2.50083e-06
1.25851e-06
4.52606e-06
2.4021e-06
7.25925e-07
2.2883e-07
6.74111e-05
5.67674e-05
4.55445e-05
3.86908e-05
6.08163e-05
5.10887e-05
4.0905e-05
3.47404e-05
5.46692e-05
4.55098e-05
3.59801e-05
3.02683e-05
5.17148e-05
4.25145e-05
3.29754e-05
2.73069e-05
4.78838e-05
3.89744e-05
2.98771e-05
2.46082e-05
3.85166e-05
3.02967e-05
2.19308e-05
1.71314e-05
3.14521e-05
2.29912e-05
1.44497e-05
9.68584e-06
2.98391e-05
2.04752e-05
1.11062e-05
6.03221e-06
8.72912e-05
7.43668e-05
6.09695e-05
5.3113e-05
8.19359e-05
6.76047e-05
5.24599e-05
4.33733e-05
8.67942e-05
6.85304e-05
4.87733e-05
3.6615e-05
9.94718e-05
7.6677e-05
5.17196e-05
3.61755e-05
