FiniteElementSpace
FiniteElementCollection: H1_2D_P2
VDim: 2
Ordering: 0

0
1.14011
2.18401
3.05038
3.68034
4.05148
4.20729
4.24007
4.24247
0
0.857987
1.64788
2.3093
2.79434
3.08703
3.21478
3.24167
3.24244
0.573295
1.00834
0.435249
0
1.68018
1.93245
1.26515
2.64342
2.70188
1.9982
3.39768
3.26139
2.57581
3.89715
3.58974
2.96406
4.15115
3.72354
3.16816
4.23268
3.74501
3.23598
4.24061
3.74273
3.24134
0.50824
1.48583
2.34034
3.01041
3.45359
3.67649
3.74241
3.74229
0.283959
0.540289
0.253424
0
1.41415
1.58539
1.25045
1.0756
2.41977
2.49576
2.14172
2.06144
3.23187
3.2087
2.86312
2.8805
3.79688
3.67993
3.36476
3.47559
4.10751
3.91739
3.63874
3.82479
4.22301
3.98941
3.73575
3.96819
4.24059
3.9917
3.74371
3.9935
0.85923
0.760528
0.936658
0.648053
0.474541
0.220204
0
1.93714
1.71349
1.79534
1.46009
1.37983
1.06408
2.85394
2.52735
2.51246
2.15903
2.17532
1.82754
3.54727
3.14326
3.03544
2.69119
2.80055
2.4484
3.98173
3.52834
3.34462
3.03115
3.21599
2.88524
4.18388
3.70428
3.47265
3.19524
3.42726
3.13242
4.23787
3.74502
3.49433
3.24015
3.49131
3.22794
4.24106
3.9926
3.74171
3.49258
3.24141
3.49206
3.24172
0.266144
1.3342
2.28432
3.05203
3.58549
3.87702
3.98171
3.99272
0.81064
0.707278
0.240238
1.82813
1.59154
1.1612
2.6948
2.34967
1.99025
3.34998
2.9248
2.66295
3.75943
3.2865
3.13244
3.94728
3.45398
3.3912
3.99285
3.4941
3.48463
3.99144
3.4916
3.49328
0.13798
0.274204
0.130463
0
1.27809
1.37457
1.20577
1.10812
2.30338
2.35285
2.17425
2.12344
3.14311
3.14298
2.96809
2.96643
3.74073
3.69224
3.5325
3.57903
4.08118
3.99317
3.85247
3.93909
4.21601
4.10291
3.97578
4.08839
4.24044
4.11676
3.99321
4.11699
0.716727
0.83507
0.676094
0.556682
0.634855
0.734462
0.591194
0.491901
0.126113
0.247133
0.121439
0
1.80989
1.88325
1.70788
1.63329
1.60069
1.65355
1.48661
1.43376
1.13017
1.20664
1.0496
0.973184
2.75044
2.77531
2.5969
2.57047
2.43535
2.43993
2.26387
2.25916
2.03835
2.06722
1.89395
1.86503
3.47459
3.44969
3.28129
3.30424
3.07865
3.03567
2.86434
2.9071
2.78419
2.7646
2.58926
2.60867
3.94141
3.87158
3.72151
3.78958
3.49267
3.40891
3.25283
3.33636
3.31491
3.25022
3.08563
3.15006
4.16881
4.06633
3.93355
4.0351
3.69154
3.58011
3.4417
3.553
3.61571
3.51623
3.36928
3.46856
4.23573
4.11568
3.99157
4.11148
3.74413
3.61995
3.49311
3.61739
3.73043
3.61086
3.47939
3.59892
4.24071
4.11621
3.99143
4.11617
3.74185
3.6167
3.49169
3.61727
3.74445
3.61867
3.4939
3.61994
0.429201
0.403437
0.524224
0.380935
0.25976
0
1.54827
1.46079
1.53629
1.36904
1.29289
1.04239
2.53322
2.39154
2.41912
2.24242
2.21401
1.99784
3.31684
3.13227
3.11084
2.93853
2.95882
2.79239
3.84908
3.63462
3.56801
3.41096
3.47642
3.36979
4.13082
3.89861
3.7979
3.65894
3.75894
3.7084
4.2285
3.98619
3.86641
3.73968
3.85934
3.8466
4.24058
3.99218
3.86709
3.74295
3.86839
3.86952
1.00047
0.943847
0.885078
0.78581
0.822494
0.898383
0.753399
0.678624
0.541955
0.455733
0.357563
0.327901
0.231388
0.112573
0
2.06194
1.94603
1.82412
1.77161
1.69448
1.72307
1.5549
1.52716
1.36341
1.32374
1.27131
1.16528
1.11379
0.961557
2.95404
2.78938
2.61622
2.61222
2.43254
2.41282
2.23547
2.25618
2.07984
2.08846
2.08406
1.914
1.91047
1.73874
3.61594
3.41476
3.20417
3.24792
2.98181
2.91705
2.74424
2.81015
2.63496
2.6903
2.73338
2.51353
2.55772
2.38023
4.01845
3.79382
3.56064
3.64509
3.31705
3.21757
3.06042
3.16073
2.999
3.09206
3.17586
2.9261
3.01096
2.84127
4.19666
3.95876
3.71489
3.82663
3.46424
3.34463
3.20587
3.32575
3.1827
3.29905
3.41046
3.15142
3.26336
3.11096
4.23924
3.99344
3.74526
3.86931
3.49446
3.36822
3.24115
3.36748
3.23846
3.36418
3.48855
3.23252
3.357
3.22207
4.2416
4.1175
3.99182
3.86769
3.74198
3.86662
3.61768
3.49189
3.36747
3.24176
3.36647
3.24125
3.36671
3.49263
3.24151
3.3676
3.2418
0.133086
1.24225
2.23957
3.0566
3.63767
3.96775
4.0965
4.11699
0.696445
0.613543
0.123998
1.75944
1.54463
1.09064
2.67457
2.35099
1.96734
3.37899
2.97313
2.68827
3.83247
3.37428
3.2019
4.05196
3.56767
3.49382
4.11403
3.61908
3.60566
4.11606
3.61684
3.61939
0.415984
0.392061
0.128279
1.50497
1.41554
1.16846
2.46322
2.31801
2.10724
3.22559
3.03667
2.87737
3.74289
3.52406
3.425
4.01558
3.77978
3.73519
4.10784
3.86349
3.85378
4.11644
3.8677
3.86905
0.972359
0.914791
0.655579
0.854406
0.788962
0.567471
0.369728
0.343573
0.118434
2.00465
1.88592
1.65502
1.76039
1.6261
1.42631
1.32105
1.2195
1.00669
2.87267
2.70397
2.51723
2.52585
2.3359
2.17363
2.16453
2.00068
1.81787
3.51641
3.31077
3.18127
3.09464
2.8652
2.75181
2.83755
2.62555
2.48675
3.90711
3.6784
3.60832
3.44029
3.19057
3.12789
3.29501
3.05307
2.9656
4.07841
3.83762
3.81345
3.59046
3.33608
3.31345
3.5359
3.28239
3.24178
4.11661
3.86967
3.86829
3.62019
3.36809
3.36623
3.61471
3.36116
3.35155
4.11668
3.86693
3.86671
3.61697
3.36679
3.36646
3.61792
3.36712
3.368
0
0.202838
0.68919
1.43774
2.38326
3.43504
4.50395
5.54187
6.54828
1
1.1458
1.51677
2.09078
2.8254
3.67332
4.59316
5.55993
6.55536
0.0748433
0.64406
1.04938
0.5
0.409882
1.07797
1.30345
1.03418
1.74527
1.7809
1.89105
2.59295
2.44093
2.90204
3.54984
3.23811
3.9716
4.54797
4.1262
5.02777
5.5511
5.07171
6.04758
6.55199
6.05562
0.528544
0.829061
1.38533
2.15068
3.0625
4.04691
5.04978
6.0518
0.0416262
0.295289
0.49928
0.25
0.296902
0.613734
0.728221
0.417263
0.853892
1.20511
1.22469
0.878375
1.65881
2.0173
1.9428
1.5874
2.64012
2.97962
2.82493
2.48504
3.70344
4.00722
3.79757
3.49014
4.76707
5.03718
4.7989
4.52414
5.79561
6.04901
5.80152
5.54524
0.128596
0.577318
0.885808
1.08952
0.779004
1.02653
0.75
0.540917
0.94587
1.2899
1.40346
1.05802
1.21736
1.22914
1.55914
1.91248
1.93045
1.57649
1.6428
2.13305
2.3678
2.70655
2.62926
2.29162
2.26118
3.16749
3.30449
3.61182
3.45323
3.14923
3.0286
4.23865
4.2972
4.5722
4.3581
4.08772
3.89781
5.286
5.30053
5.55687
5.31473
5.06242
4.83111
6.29824
6.55005
6.30195
6.55384
6.3053
6.05449
5.80701
0.262504
0.506582
1.03436
1.79697
2.72968
3.74835
4.78127
5.79757
0.3466
0.823758
0.752308
0.737917
1.16681
0.964142
1.38976
1.73868
1.42667
2.24711
2.4951
2.09709
3.23353
3.37849
2.92492
4.266
4.32911
3.84845
5.29182
5.30918
4.81671
6.29975
6.30406
5.80536
0.0257722
0.150393
0.25411
0.125
0.247377
0.400367
0.459633
0.308634
0.769477
0.942985
0.954466
0.782579
1.54674
1.72697
1.69076
1.5116
2.51093
2.68412
2.6066
2.43335
3.5692
3.7252
3.61911
3.46188
4.6358
4.77354
4.65284
4.51339
5.66899
5.79622
5.67153
5.54309
0.0990598
0.236153
0.318495
0.183754
0.550652
0.698374
0.799184
0.651425
0.495487
0.623604
0.747825
0.625
0.47313
0.638154
0.673736
0.510486
0.885518
1.05457
1.11061
0.941678
0.684015
0.844224
0.923008
0.762879
1.12983
1.30843
1.29574
1.11856
1.47065
1.64753
1.6561
1.47942
1.14955
1.32409
1.35663
1.18225
2.01088
2.18924
2.1311
1.9533
2.25816
2.43061
2.39231
2.22016
1.84268
2.01882
2.0035
1.82762
3.0344
3.19978
3.10616
2.94008
3.18302
3.34123
3.2633
3.10547
2.70817
2.87439
2.81494
2.64906
4.10531
4.25165
4.13666
3.98872
4.17197
4.31327
4.20818
4.06737
3.67346
3.82298
3.72977
3.58069
5.15719
5.28837
5.16466
5.03189
5.17517
5.30504
5.18568
5.05629
4.67343
4.80799
4.69429
4.56024
6.17303
6.29887
6.17445
6.04803
6.17689
6.30308
6.17923
6.05324
5.67633
5.80358
5.68103
5.55415
0.0555987
0.276638
0.410024
0.511365
0.378961
0.375
0.351015
0.557971
0.719841
0.776607
0.615775
0.528969
0.942084
1.11793
1.29397
1.30333
1.1282
0.976765
1.77357
1.90586
2.08307
2.04552
1.86888
1.66525
2.77052
2.85407
3.02048
2.94309
2.77664
2.53825
3.8376
3.87775
4.02672
3.92209
3.77257
3.51954
4.89773
4.90938
5.04327
4.92435
4.78985
4.53579
5.92179
5.92339
6.05032
5.92667
5.79943
5.54802
0.163103
0.37954
0.60847
0.460199
0.852717
1.01329
1.1158
0.953963
1.0675
0.911538
0.763445
1.03576
0.886677
1.01648
0.875
0.612886
0.80615
1.01006
0.84041
1.22662
1.40127
1.45856
1.28297
1.35183
1.17847
1.0092
1.25871
1.08837
1.17981
1.33175
1.48702
1.65073
1.47328
1.82419
2.0001
2.00937
1.83287
1.85435
1.67686
1.50001
1.71044
1.53278
1.5783
2.25719
2.36514
2.47945
2.30662
2.5999
2.76533
2.72643
2.56129
2.5341
2.36515
2.19318
2.34998
2.1778
2.17482
3.30107
3.36157
3.42681
3.2685
3.4947
3.64281
3.5627
3.41591
3.34503
3.1935
3.0364
3.13263
2.97636
2.92619
4.37155
4.39517
4.42255
4.2813
4.45046
4.58333
4.47526
4.3442
4.24174
4.10748
3.9678
4.01155
3.87352
3.78505
5.41422
5.41868
5.42583
5.296
5.43292
5.55891
5.43708
5.31254
5.19294
5.0677
4.93942
4.9511
4.82457
4.71179
6.42329
6.54912
6.42493
6.55098
6.42698
6.3008
6.55297
6.42895
6.55467
6.43033
6.30483
6.18036
6.05534
5.92985
5.93115
5.80659
5.68325
0.137783
0.352118
0.860808
1.61781
2.55798
3.59345
4.64368
5.66984
0.207392
0.672662
0.620179
0.572149
0.996243
0.801505
1.21174
1.56194
1.25145
2.07014
2.32432
1.9219
3.06954
3.22283
2.76094
4.12031
4.19016
3.70153
5.16036
5.18062
4.68403
6.17355
6.17815
5.67883
0.164793
0.392014
0.373459
0.453154
0.665701
0.570167
1.0289
1.20934
1.05064
1.83883
1.97473
1.76568
2.81154
2.89796
2.65669
3.85699
3.89955
3.64587
4.90295
4.91665
4.66289
5.92227
5.92493
5.6738
0.269903
0.492281
0.432754
0.728482
0.981644
0.930635
0.635011
0.89698
0.879254
0.708293
0.906659
0.778109
1.11661
1.34047
1.22899
0.890991
1.13162
1.04895
1.40839
1.56775
1.38199
1.73614
1.91516
1.75345
1.40013
1.60332
1.46544
2.31035
2.42151
2.19376
2.53891
2.66239
2.46219
2.11829
2.27034
2.08771
3.3306
3.39371
3.14404
3.46056
3.52885
3.3041
2.98928
3.08423
2.87004
4.3827
4.40858
4.15399
4.43664
4.46348
4.22552
3.94495
3.99013
3.75773
5.41594
5.42209
5.16972
5.42956
5.43554
5.18992
4.93208
4.94591
4.7037
6.42403
6.42592
6.17561
6.42803
6.42974
6.18001
5.92838
5.93085
5.6826
