FiniteElementSpace
FiniteElementCollection: H1_2D_P2
VDim: 2
Ordering: 0

0
0.00112307
-0.00409524
-0.0145994
-0.0220342
-0.0207936
-0.0115306
0.00120017
0.0139977
0
-0.00258131
-0.00980268
-0.0188
-0.0226019
-0.0173756
-0.00594359
0.00708837
0.0197003
0.000774111
-0.000213787
-0.000740229
0
-0.000427663
-0.00659313
-0.00565035
-0.00918826
-0.0171005
-0.0144859
-0.0191872
-0.0231782
-0.021756
-0.0226025
-0.0198008
-0.0210635
-0.0169109
-0.00903554
-0.012113
-0.0053102
0.0041195
0.000573565
0.00767242
0.0168596
0.013462
0.000223109
-0.00246948
-0.0118474
-0.0211776
-0.0226852
-0.0150229
-0.00249634
0.0105795
0.000283682
0.000573773
8.95055e-05
0
0.00062592
-0.0013649
-0.00108731
0.000538656
-0.00652817
-0.0105518
-0.00914457
-0.00529848
-0.0170611
-0.0203897
-0.0193519
-0.0159814
-0.0226197
-0.0228459
-0.0232484
-0.0228377
-0.0190798
-0.0160462
-0.0176075
-0.0204392
-0.00848668
-0.00390706
-0.00579972
-0.0103146
0.00445192
0.00913206
0.00737459
0.00266642
0.00112503
0.000184591
-0.00117454
-0.00150904
-0.000214976
-0.00026603
0
-0.00202487
-0.0043305
-0.00805256
-0.00761544
-0.00382643
-0.00396327
-0.0119282
-0.0145505
-0.0180284
-0.0167526
-0.013138
-0.0121284
-0.020872
-0.0224762
-0.0231045
-0.0224726
-0.0216272
-0.0205039
-0.0219846
-0.0215178
-0.0188112
-0.0194574
-0.0221109
-0.0221268
-0.0143664
-0.0121364
-0.00760333
-0.00910247
-0.0137451
-0.0148988
-0.00206492
0.00082219
0.00559155
0.00384435
-0.001015
-0.00270124
0.0108564
0.0154272
0.0137365
0.0182866
0.0165945
0.0120262
0.0102948
0.000232351
-0.00014363
-0.0078262
-0.018381
-0.0231564
-0.0184532
-0.00715841
0.00592047
0.000734583
-0.000510761
-9.64552e-05
-0.00310733
-0.00577639
-0.00227889
-0.0133222
-0.0156789
-0.010549
-0.0219008
-0.0226655
-0.0200506
-0.0219251
-0.0207219
-0.0229174
-0.0133044
-0.0107658
-0.0164566
-0.000618144
0.00230318
-0.00433255
0.0122997
0.0151727
0.00883399
7.01763e-05
0.000276661
6.56527e-05
0
0.000948368
0.000261497
0.000263707
0.000852307
-0.00527345
-0.00717809
-0.00652888
-0.00468866
-0.015867
-0.0177716
-0.0172224
-0.0153291
-0.0224033
-0.0229479
-0.0230753
-0.0224999
-0.0199989
-0.0187893
-0.0195039
-0.0206491
-0.0100289
-0.0078205
-0.00875272
-0.0109242
0.00283009
0.00519026
0.00429819
0.00193812
0.0009864
0.000952519
0.000688463
0.0006982
0.000237574
-0.000141002
-0.000327909
1.54291e-05
2.17862e-05
4.70176e-06
-4.36953e-05
0
-0.00115759
-0.00255155
-0.00217452
-0.000877906
-0.00334478
-0.00501844
-0.00475575
-0.00310795
-0.000588657
-0.00164318
-0.00167211
-0.000660446
-0.0105589
-0.0126507
-0.0119416
-0.00988247
-0.0132084
-0.0151243
-0.0144229
-0.0124899
-0.00784116
-0.0098317
-0.00928062
-0.00729659
-0.0200927
-0.0214503
-0.0212127
-0.0198477
-0.0218973
-0.0226177
-0.0222178
-0.0214425
-0.0182715
-0.0197328
-0.0190878
-0.0175856
-0.0223689
-0.0219978
-0.0224592
-0.0227766
-0.0221736
-0.0211724
-0.0214857
-0.0224523
-0.0232925
-0.0231368
-0.0230892
-0.0231928
-0.0156803
-0.0138423
-0.0147117
-0.0164926
-0.0136119
-0.011482
-0.0122835
-0.0144217
-0.0187583
-0.017076
-0.017684
-0.019355
-0.00369167
-0.00133656
-0.00226445
-0.00460449
-0.000836649
0.00155575
0.000646057
-0.00176733
-0.00743022
-0.00508356
-0.00597744
-0.0083434
0.00926958
0.0115804
0.0107212
0.00840534
0.0121634
0.014455
0.0136044
0.011303
0.00575281
0.00810326
0.00721883
0.00485215
0.00053434
0.000415418
0.000410792
0.000163471
0.000166834
0
0.000174805
-0.00068646
-0.00189276
-0.00171649
-0.000590973
0.0001845
-0.00783918
-0.00917407
-0.0112039
-0.0104863
-0.00847906
-0.00593069
-0.0181756
-0.0194415
-0.020829
-0.0203244
-0.0189038
-0.0165681
-0.0226887
-0.0230789
-0.0228156
-0.0230442
-0.0232553
-0.0230612
-0.0180478
-0.017297
-0.0155605
-0.0163584
-0.018063
-0.0201593
-0.00690971
-0.00554083
-0.00320714
-0.00415314
-0.00648827
-0.00968905
0.00606743
0.00753177
0.00985625
0.00898317
0.0066477
0.00339212
0.00118521
0.000691514
3.83988e-05
0.000477781
-0.00079227
-0.00179529
-0.00201135
-0.0009462
-0.00109335
-0.000452034
-0.000152055
-0.000470616
-0.000187532
-0.0001176
0
-0.00300461
-0.00415335
-0.00541846
-0.00369761
-0.00687987
-0.00888167
-0.00868571
-0.00663281
-0.00660178
-0.00466118
-0.00300013
-0.0047718
-0.00303594
-0.00323684
-0.0132833
-0.0146755
-0.0158537
-0.0139522
-0.0168858
-0.0184328
-0.0178113
-0.0162206
-0.0156377
-0.0138011
-0.0118401
-0.0133095
-0.0113107
-0.0109536
-0.0215246
-0.0224442
-0.0229041
-0.0222392
-0.022962
-0.0229099
-0.0226145
-0.0226187
-0.0221869
-0.0217325
-0.0209006
-0.0211934
-0.0203079
-0.0197025
-0.0214592
-0.0212489
-0.0207234
-0.0217668
-0.019827
-0.0181562
-0.0184723
-0.0201548
-0.0203261
-0.0216519
-0.0225896
-0.0216684
-0.0225839
-0.0224417
-0.0129791
-0.0118353
-0.0106078
-0.01274
-0.00920261
-0.00680574
-0.00753669
-0.00997594
-0.0106306
-0.0129797
-0.0151398
-0.0135393
-0.0157355
-0.0161819
-0.00043138
0.00102654
0.00247484
9.93508e-05
0.0039522
0.00633762
0.00547143
0.00306623
0.00221203
-0.000235211
-0.00267657
-0.00106446
-0.00353982
-0.00432861
0.012434
0.0147118
0.0138679
0.0161436
0.0153011
0.0130182
0.0175746
0.0167325
0.0189957
0.0181497
0.0158871
0.0150323
0.012747
0.0104361
0.0118836
0.00956546
0.00869723
7.81026e-05
0.000626083
-0.00589751
-0.0165892
-0.0228012
-0.019779
-0.00939061
0.00356844
0.000860191
-2.91163e-05
-5.00744e-06
-0.00165003
-0.00401224
-0.00109284
-0.011269
-0.0138191
-0.00854001
-0.0207143
-0.0221012
-0.0187061
-0.0224616
-0.0218832
-0.0232437
-0.0152064
-0.012982
-0.0182677
-0.00297362
-0.000104493
-0.00672448
0.009998
0.0128842
0.00648372
0.000498204
0.00029803
4.75995e-05
-0.000237144
-0.00117688
-0.000139195
-0.00851316
-0.00982905
-0.00717408
-0.0188633
-0.0199245
-0.0177794
-0.0229398
-0.0231132
-0.0232372
-0.0176907
-0.016857
-0.0191671
-0.00622225
-0.00485423
-0.00810297
0.00680303
0.00825783
0.00502522
0.000959528
0.000384969
0.000478688
-0.00034856
-0.00132573
-0.000664043
1.55001e-05
-0.000306729
-7.75107e-05
-0.0035678
-0.00476746
-0.00273658
-0.00611818
-0.00772798
-0.00560785
-0.00231767
-0.0038034
-0.0023684
-0.0140114
-0.0152862
-0.012585
-0.0163852
-0.0173604
-0.0150275
-0.0111542
-0.0125555
-0.0100801
-0.0220483
-0.0227264
-0.0216033
-0.0229824
-0.0228412
-0.0222474
-0.0206485
-0.0210827
-0.0194198
-0.0213917
-0.0210286
-0.0223642
-0.0203261
-0.0192136
-0.0209707
-0.0228712
-0.0221921
-0.0228244
-0.0124114
-0.0112383
-0.0141845
-0.00993261
-0.00840683
-0.0115034
-0.01579
-0.0143939
-0.0169933
0.000302335
0.001749
-0.00155453
0.00320847
0.00470688
0.00141801
-0.00342932
-0.00188928
-0.00518073
0.013152
0.0145845
0.0114426
0.0160174
0.0174441
0.0143217
0.00970929
0.0111619
0.00795743
0
0.00261748
0.0105733
0.0161022
0.0156499
0.0100997
0.00272217
-0.00383798
-0.00958043
0
-0.00010862
0.00311833
0.00886834
0.0147261
0.016846
0.0140526
0.00866393
0.00291625
0.000340771
0.000983183
-0.000411594
0
0.00643818
0.00694982
0.00111522
0.0139964
0.0127851
0.0057724
0.0166469
0.0156142
0.0120292
0.0133367
0.0138154
0.0164359
0.00641713
0.00849365
0.0159617
-0.000716652
0.00240435
0.0115028
-0.00674066
-0.00334515
0.00576885
-0.000413741
0.00370986
0.0101009
0.0147132
0.0153054
0.0114125
0.00541922
-0.000496031
2.99251e-05
-5.49207e-05
-0.000452049
0
0.00441026
0.00499385
0.00223381
0.00175356
0.0124215
0.0119505
0.00856383
0.00866111
0.0165737
0.0156838
0.0138612
0.0143808
0.0146366
0.0144557
0.0156153
0.0157114
0.00828434
0.0090501
0.0127043
0.01211
0.000962235
0.00240747
0.00695844
0.00570573
-0.00530672
-0.00361649
0.000941677
-0.000694523
0.00121907
6.97922e-05
0.00032894
-0.000387374
-0.000641683
-0.000175453
0
0.00854015
0.00530984
0.00520076
0.00202674
0.00246928
0.000398283
0.0152364
0.01152
0.0110403
0.00728422
0.00815041
0.0043739
0.0163315
0.0153072
0.0153072
0.013471
0.0135554
0.0104714
0.0118044
0.0146962
0.0153527
0.0168106
0.0159506
0.0157309
0.00454957
0.00999245
0.0112254
0.0151119
0.0136629
0.0165535
-0.00231357
0.0038975
0.00550555
0.0101017
0.00841463
0.0128337
-0.00816042
-0.00647005
-0.00191985
-0.000208617
0.00433518
0.00263019
0.00721436
-0.000227924
0.00325745
0.0103897
0.015185
0.015237
0.0106418
0.00403699
-0.00217214
0.000614883
-0.000347533
-0.000509044
0.00683255
0.00378824
0.00129481
0.0132932
0.00962047
0.00666622
0.0158616
0.0145514
0.012368
0.0133988
0.0158038
0.0157823
0.00738902
0.012513
0.0146255
0.000829709
0.0069608
0.00984624
-0.00504498
0.00121147
0.00406068
1.92246e-05
-9.56597e-05
-0.000150417
0
0.00346811
0.00381422
0.00246787
0.00217336
0.011526
0.0113636
0.00954304
0.00957822
0.0163885
0.0158574
0.0148199
0.0152094
0.0151831
0.0149661
0.0155138
0.0156982
0.00920249
0.0095095
0.0113948
0.0111518
0.00183212
0.00252578
0.0048678
0.00424665
-0.00457848
-0.00373513
-0.00143839
-0.00225791
0.000700344
0.000911037
0.000216038
0.000140196
-0.000227119
-0.000162413
-0.000542061
-0.000552371
-0.000285768
-0.000509335
-0.000296313
0
0.00748677
0.00765255
0.00590829
0.0056889
0.00450095
0.00456015
0.00311487
0.0030907
0.00157529
0.00175498
0.000783553
0.000637661
0.0146615
0.0142259
0.0126519
0.0129313
0.0108275
0.0106044
0.00888915
0.00915678
0.00776392
0.00764139
0.00592914
0.00609495
0.0165376
0.0161007
0.0158133
0.0161558
0.0150441
0.0149622
0.0140803
0.0141691
0.0133488
0.0131504
0.0117184
0.0119483
0.0125968
0.0126459
0.0139591
0.0139346
0.0150366
0.0152681
0.0159162
0.0156507
0.0156533
0.0157256
0.0155817
0.0154909
0.00548047
0.00600798
0.00822513
0.00777709
0.0107153
0.0112536
0.0131082
0.0125421
0.0132856
0.0136736
0.0150212
0.0145975
-0.00152554
-0.000728378
0.00161187
0.000865036
0.00465543
0.00542484
0.00768909
0.00691256
0.00772848
0.00839875
0.0105447
0.00985767
-0.00745142
-0.00660321
-0.00433157
-0.00517706
-0.00120876
-0.000354548
0.00191981
0.00106571
0.00166954
0.00249861
0.0047815
0.00395132
0.000107932
-0.000201994
-0.000242884
-0.000484345
-0.000353053
0
0.00540101
0.00410523
0.00433827
0.00295172
0.00273256
0.00135686
0.0132475
0.0111949
0.0110188
0.0093449
0.00946699
0.00779357
0.0166607
0.0154736
0.015211
0.0143172
0.01453
0.0135846
0.0140202
0.0148829
0.0149095
0.0154986
0.0154527
0.0156856
0.00735393
0.00985791
0.0102549
0.0120777
0.0116997
0.0129916
0.000111768
0.00321637
0.00392163
0.00618791
0.00550956
0.00711546
-0.00602699
-0.00289743
-0.0020564
0.000220396
-0.0006141
0.000857809
0.00185204
0.00113038
0.000479804
0.000332859
-4.73336e-05
6.69373e-05
-0.000272778
-0.000446271
-0.000424093
-0.000624715
-0.000619226
-0.000309818
-0.000409506
-4.45004e-05
0
0.00957178
0.00775464
0.00612994
0.00605804
0.00448584
0.00421954
0.00255027
0.00295161
0.00154749
0.0018137
0.00186168
0.000732481
0.000838534
0.000120072
0.0157182
0.013871
0.0121739
0.0124036
0.0103389
0.0100252
0.00806983
0.00852643
0.00651564
0.00703543
0.00740789
0.00505593
0.00558973
0.00372581
0.0160356
0.0158274
0.0154977
0.0156024
0.014962
0.0150554
0.0141271
0.0140598
0.0127698
0.0128498
0.0129822
0.0112606
0.0114848
0.00967124
0.0109704
0.0127802
0.0142872
0.0140772
0.0156147
0.0160976
0.0168711
0.0163149
0.0166664
0.0162111
0.0159056
0.0161242
0.015785
0.0152643
0.0036285
0.00654767
0.00925015
0.00871053
0.0118834
0.0126172
0.0146049
0.0137924
0.0155659
0.0147962
0.0141706
0.0162926
0.0155797
0.0167396
-0.00308444
6.12358e-05
0.00314721
0.00236888
0.00623253
0.00707376
0.00938517
0.00851592
0.0108082
0.00993978
0.00913498
0.012179
0.0113187
0.0134595
-0.00886982
-0.00802596
-0.00575798
-0.00490915
-0.00263165
-0.00348335
-0.00177763
0.000503106
0.00135856
0.0036243
0.00277526
0.00505024
0.00419754
0.00334373
0.00649021
0.00563112
0.00793906
-6.02874e-05
0.00295304
0.0104941
0.0155768
0.0153719
0.0103455
0.00337952
-0.00300217
0.000455169
-0.000409271
-0.000313032
0.00666754
0.00381424
0.00116537
0.0136159
0.00989119
0.00686983
0.0161725
0.0145962
0.0125694
0.0133195
0.0154968
0.0156461
0.00689406
0.0119143
0.0141644
5.9792e-05
0.00616785
0.00913378
-0.00589099
0.000354734
0.00322241
-4.5875e-05
-0.000353045
-0.000228847
0.00473045
0.00351525
0.00200944
0.012179
0.0102615
0.00864261
0.016051
0.0149051
0.0140886
0.0144855
0.0152186
0.0156084
0.00865108
0.010993
0.0123681
0.00168705
0.00471217
0.00631194
-0.00445938
-0.00133805
0.000117533
0.00148334
0.000794906
-1.3925e-05
0.000194765
-0.000221797
-0.000574739
-0.000578737
-0.000553754
-0.000220517
0.00862707
0.00692979
0.00519131
0.00532355
0.00357108
0.00236495
0.00240267
0.00130464
0.000426644
0.0147587
0.0130217
0.0117347
0.0112914
0.00927717
0.00777695
0.0084054
0.00630445
0.00489317
0.0159422
0.015683
0.015444
0.0152615
0.0145881
0.013478
0.0136851
0.0121827
0.0107629
0.0119211
0.0135631
0.0145273
0.0149667
0.0162456
0.0163038
0.0157268
0.0160379
0.0154564
0.00512393
0.00791671
0.00949196
0.0105662
0.0132231
0.0143188
0.0131307
0.0152185
0.0158744
-0.00150066
0.00160825
0.00314038
0.00468586
0.00779576
0.00923154
0.00765738
0.0106368
0.0119805
-0.00731493
-0.00419605
-0.00277077
-0.00106469
0.00206738
0.00348509
0.00178011
0.00491287
0.00635169
