FiniteElementSpace
FiniteElementCollection: L2_2D_P3
VDim: 1
Ordering: 0

0.0537385
0.0394311
0.0492547
0.0599364
0.028108
0.0255754
0.0377158
0.0503245
0.0118673
0.014302
0.0252706
0.0365638
0.00743464
0.00956396
0.0176179
0.0257453
0.0240238
0.0222719
0.0203086
0.0190409
0.0200215
0.0185225
0.0168598
0.0157999
0.0153348
0.0141426
0.0128431
0.0120333
0.0122098
0.0112359
0.0101894
0.00955052
0.00693117
0.00630517
0.00555415
0.00502708
0.0057377
0.0052181
0.00460106
0.00417272
0.00438353
0.00398809
0.00352734
0.00321421
0.0035202
0.00320655
0.00284885
0.0026118
0.00129123
0.00114711
0.000972663
0.0008492
0.00111527
0.000994337
0.000848901
0.000746596
0.000917445
0.000822304
0.000709502
0.000631247
0.00079393
0.000714415
0.00062188
0.0005589
0.000188959
0.000172429
0.000152056
0.000137336
0.000180686
0.000165403
0.000146619
0.000133072
0.000167416
0.000153596
0.000136801
0.000124806
0.000155943
0.000142979
0.000127524
0.000116682
8.6996e-05
8.73172e-05
8.77544e-05
8.81062e-05
8.14734e-05
8.11813e-05
8.08213e-05
8.05666e-05
7.34429e-05
7.25846e-05
7.14996e-05
7.07006e-05
6.67689e-05
6.5642e-05
6.42241e-05
6.31817e-05
8.68326e-05
8.437e-05
8.12392e-05
7.89015e-05
7.37239e-05
7.14004e-05
6.8453e-05
6.62574e-05
5.88802e-05
5.67596e-05
5.40845e-05
5.21035e-05
4.90934e-05
4.71377e-05
4.46896e-05
4.28923e-05
2.93276e-05
2.52396e-05
2.03644e-05
1.69805e-05
2.47314e-05
2.13701e-05
1.73711e-05
1.46041e-05
1.97418e-05
1.71838e-05
1.4157e-05
1.20774e-05
1.66176e-05
1.45757e-05
1.21759e-05
1.05413e-05
0.0362993
0.034499
0.0326942
0.0317103
0.0311907
0.029424
0.0276297
0.0266281
0.024917
0.0232682
0.0215747
0.0206092
0.0205174
0.0190073
0.0174446
0.0165417
0.00512198
0.00464805
0.00418877
0.00395333
0.00301041
0.00275483
0.00253419
0.00244349
0.00257267
0.00247181
0.00233331
0.00222396
0.0044555
0.00435067
0.00406392
0.0037506
0.000684756
0.000464223
0.00198075
0.00354627
0.000817108
0.00013428
0.000679237
0.00158568
0.0011306
0.000459921
0.00066341
0.00123852
0.00254603
0.00180209
0.00221495
0.00299525
0.0135642
0.0124634
0.0111731
0.0102913
0.011222
0.0102974
0.0092256
0.00850224
0.00852042
0.00780602
0.00699409
0.00645876
0.00675833
0.00618773
0.00555196
0.00514328
0.00177237
0.00163338
0.00150654
0.00144794
0.00131095
0.00121628
0.00113466
0.00110144
0.00137453
0.00128017
0.0011848
0.00113159
0.00200251
0.00185524
0.00168228
0.00156502
0.00293083
0.00267698
0.0024447
0.00233682
0.00196079
0.00181126
0.00168751
0.00164121
0.00198369
0.0018798
0.00177496
0.00171504
0.0031996
0.00303601
0.00282041
0.00265634
0.00317521
0.00285316
0.00246337
0.00218737
0.00266146
0.00239489
0.00207503
0.00185054
0.00208596
0.00188248
0.00164246
0.00147699
0.00172617
0.00156258
0.00137356
0.00124618
0.000656693
0.000601975
0.000547924
0.000518416
0.000513316
0.000468613
0.000426097
0.000404388
0.000448669
0.000402573
0.000357579
0.000333629
0.000496383
0.000437407
0.000376201
0.000340433
0.00109888
0.00101354
0.000933192
0.000893322
0.000852988
0.000786927
0.000727035
0.000699543
0.000838106
0.000766106
0.000694693
0.000655987
0.00108015
0.00097688
0.000863767
0.000792962
0.000481013
0.000426992
0.000361511
0.000315095
0.000436394
0.000389378
0.000332618
0.000292499
0.000382899
0.000343617
0.000296732
0.000263919
0.000347087
0.000312297
0.000271483
0.000243385
0.000179011
0.000161677
0.000143166
0.000131679
0.000137451
0.000124001
0.000110254
0.000102214
9.5528e-05
8.54015e-05
7.57987e-05
7.08217e-05
7.23867e-05
6.34857e-05
5.55172e-05
5.18487e-05
0.000360447
0.000327217
0.000292889
0.00027264
0.000278194
0.000251302
0.000224675
0.000209945
0.00021255
0.000188324
0.000165013
0.000152769
0.000194034
0.000167453
0.000141436
0.000127459
0.000102511
9.89617e-05
9.44426e-05
9.10667e-05
9.96415e-05
9.58878e-05
9.11265e-05
8.7585e-05
9.33717e-05
8.95128e-05
8.46856e-05
8.11427e-05
8.68756e-05
8.30253e-05
7.83117e-05
7.49217e-05
5.08256e-05
4.84571e-05
4.5753e-05
4.39486e-05
4.28906e-05
4.10214e-05
3.89156e-05
3.75337e-05
3.40743e-05
3.27389e-05
3.12676e-05
3.033e-05
2.83871e-05
2.73756e-05
2.62916e-05
2.56257e-05
8.69267e-05
7.98267e-05
7.20582e-05
6.70863e-05
6.90773e-05
6.37955e-05
5.82377e-05
5.48494e-05
4.95274e-05
4.61731e-05
4.29688e-05
4.12775e-05
3.71758e-05
3.49702e-05
3.31943e-05
3.25554e-05
9.09041e-05
9.0976e-05
9.11002e-05
9.12177e-05
8.04965e-05
8.0062e-05
7.95302e-05
7.91476e-05
6.80079e-05
6.70963e-05
6.59508e-05
6.51039e-05
5.92485e-05
5.80953e-05
5.66419e-05
5.55653e-05
2.80431e-05
2.66624e-05
2.49365e-05
2.36694e-05
2.24385e-05
2.11056e-05
1.94505e-05
1.82439e-05
1.60336e-05
1.47871e-05
1.32578e-05
1.21575e-05
1.18332e-05
1.06773e-05
9.27874e-06
8.28813e-06
3.77094e-05
3.64088e-05
3.47949e-05
3.36241e-05
3.19873e-05
3.07108e-05
2.91306e-05
2.79883e-05
2.54325e-05
2.4169e-05
2.26125e-05
2.14942e-05
2.10615e-05
1.98001e-05
1.82556e-05
1.71535e-05
6.3052e-05
5.84704e-05
5.27625e-05
4.85957e-05
5.25474e-05
4.87204e-05
4.3964e-05
4.05027e-05
4.09271e-05
3.79543e-05
3.42806e-05
3.16264e-05
3.34665e-05
3.10576e-05
2.81054e-05
2.5994e-05
1.08562e-05
1.01278e-05
9.29432e-06
8.75176e-06
7.42224e-06
6.92645e-06
6.37751e-06
6.03853e-06
3.86259e-06
3.61425e-06
3.36492e-06
3.23759e-06
1.89659e-06
1.79056e-06
1.71138e-06
1.70227e-06
1.81264e-05
1.69589e-05
1.55425e-05
1.45388e-05
1.32124e-05
1.22242e-05
1.10349e-05
1.02e-05
7.87561e-06
7.11793e-06
6.22024e-06
5.60152e-06
4.66571e-06
4.08293e-06
3.40725e-06
2.95386e-06
5.69205e-06
4.14749e-06
2.5039e-06
1.52627e-06
5.16594e-06
3.76633e-06
2.2775e-06
1.39121e-06
4.65026e-06
3.42825e-06
2.13139e-06
1.36027e-06
4.38254e-06
3.28478e-06
2.12386e-06
1.43552e-06
2.96807e-06
2.44016e-06
1.8908e-06
1.56849e-06
2.39115e-06
1.97892e-06
1.5548e-06
1.30873e-06
1.71531e-06
1.42886e-06
1.14106e-06
9.78208e-07
1.26623e-06
1.05584e-06
8.50797e-07
7.38895e-07
6.57999e-06
6.01436e-06
5.39777e-06
5.02078e-06
4.7716e-06
4.40578e-06
4.02676e-06
3.8141e-06
2.87036e-06
2.70341e-06
2.55875e-06
2.50636e-06
1.789e-06
1.72339e-06
1.69627e-06
1.72258e-06
0.0458272
0.0419958
0.0383345
0.0363097
0.0395349
0.0364978
0.0333244
0.031456
0.0312094
0.0290916
0.0268724
0.025577
0.0247306
0.023469
0.0221672
0.0214687
0.0211992
0.0203717
0.0196589
0.0192505
0.0151566
0.0147851
0.0146028
0.014643
0.0090701
0.00907458
0.00925561
0.00951039
0.00577441
0.00597203
0.00627475
0.00647895
0.0056346
0.0071638
0.0143505
0.021366
0.00302987
0.00418229
0.00961139
0.0150736
0.00126046
0.00174199
0.00501219
0.0085295
0.000728066
0.000712774
0.00261474
0.00485009
0.0182893
0.0168771
0.015253
0.0141685
0.0151724
0.0139768
0.0126168
0.0117205
0.0115495
0.0106144
0.00957086
0.00889917
0.00916036
0.00840661
0.00758032
0.00706101
0.00798069
0.00731613
0.00659619
0.0061507
0.00591778
0.00541285
0.00488359
0.00457034
0.00382329
0.00349255
0.00316562
0.00298886
0.00275203
0.00252129
0.0023044
0.00219781
0.0106705
0.00980228
0.00887874
0.00832273
0.00793482
0.00726031
0.00656585
0.00616633
0.00510004
0.00464785
0.00420627
0.00397267
0.0036045
0.00328914
0.00299282
0.00284735
0.00476066
0.00430498
0.00375507
0.00336675
0.00395827
0.00358116
0.00313037
0.00281518
0.00305455
0.00276794
0.0024315
0.00220086
0.00248455
0.00225637
0.00199416
0.00181869
0.00219856
0.00199965
0.00177361
0.00162429
0.00170296
0.00155329
0.00138786
0.00128217
0.00121724
0.0011154
0.00100892
0.000945767
0.000979559
0.000900346
0.000821829
0.000778929
0.00309066
0.00281786
0.00251047
0.00230965
0.00235171
0.00214819
0.00192559
0.00178546
0.00162657
0.00149177
0.00135291
0.00127249
0.00127314
0.00117212
0.00107392
0.00102224
0.000792608
0.000702241
0.000592885
0.000515524
0.000700202
0.000623211
0.000530532
0.000465261
0.000594354
0.000532142
0.000458201
0.000406731
0.000526962
0.000473513
0.000411098
0.000368405
0.000488277
0.000439638
0.000383201
0.000344828
0.000413409
0.000373521
0.000327999
0.000297566
0.000333372
0.000301962
0.000267262
0.000244882
0.000286678
0.000259388
0.000230174
0.000212038
0.000726902
0.000655585
0.000573216
0.00051758
0.000602029
0.000545033
0.000480464
0.000437747
0.000473597
0.000430246
0.00038295
0.000352991
0.000403583
0.000366582
0.000327622
0.000304033
0.000131473
0.000123219
0.000112884
0.00010529
0.000127642
0.000119659
0.000109696
0.000102395
0.000119735
0.000112163
0.000102832
9.60732e-05
0.000111815
0.000104527
9.57341e-05
8.94904e-05
0.000106245
9.93017e-05
9.09732e-05
8.50937e-05
9.52265e-05
8.90575e-05
8.17455e-05
7.66446e-05
8.09665e-05
7.57269e-05
6.96665e-05
6.55452e-05
7.02881e-05
6.56909e-05
6.05121e-05
5.70913e-05
0.000147837
0.000135582
0.000121051
0.00011091
0.000131357
0.000120645
0.0001081
9.94478e-05
0.000110789
0.000101798
9.1534e-05
8.46391e-05
9.59903e-05
8.80794e-05
7.92896e-05
7.35615e-05
8.85149e-05
8.91159e-05
8.99272e-05
9.05706e-05
8.05776e-05
8.05422e-05
8.05245e-05
8.05336e-05
7.03867e-05
6.97466e-05
6.89458e-05
6.83597e-05
6.2751e-05
6.18045e-05
6.06098e-05
5.97265e-05
5.87759e-05
5.77219e-05
5.63883e-05
5.53989e-05
5.14898e-05
5.02918e-05
4.87761e-05
4.76515e-05
4.25653e-05
4.12614e-05
3.9615e-05
3.83962e-05
3.61986e-05
3.48705e-05
3.31981e-05
3.19635e-05
6.30698e-05
6.18708e-05
6.03613e-05
5.92503e-05
5.61668e-05
5.48746e-05
5.3251e-05
5.20584e-05
4.74366e-05
4.60981e-05
4.4425e-05
4.32019e-05
4.10093e-05
3.96881e-05
3.80448e-05
3.68497e-05
7.72761e-05
7.35162e-05
6.87719e-05
6.52593e-05
6.47989e-05
6.15391e-05
5.74354e-05
5.44056e-05
5.08589e-05
4.8186e-05
4.484e-05
4.23861e-05
4.1805e-05
3.95329e-05
3.67126e-05
3.46642e-05
3.74952e-05
3.54218e-05
3.28572e-05
3.10025e-05
3.01556e-05
2.84198e-05
2.62882e-05
2.47599e-05
2.19052e-05
2.05661e-05
1.8944e-05
1.78004e-05
1.65564e-05
1.54887e-05
1.42153e-05
1.33351e-05
4.43918e-05
4.25295e-05
4.02047e-05
3.85032e-05
3.63073e-05
3.46266e-05
3.25399e-05
3.10216e-05
2.70966e-05
2.56528e-05
2.38769e-05
2.25984e-05
2.10273e-05
1.97635e-05
1.82236e-05
1.71271e-05
1.52362e-05
1.2306e-05
8.95048e-06
6.73641e-06
1.31842e-05
1.07219e-05
7.90605e-06
6.0503e-06
1.09935e-05
9.05023e-06
6.83606e-06
5.38289e-06
9.65708e-06
8.04601e-06
6.21879e-06
5.02611e-06
8.99997e-06
7.54654e-06
5.90048e-06
4.82779e-06
7.69789e-06
6.51974e-06
5.19548e-06
4.34074e-06
6.24935e-06
5.3817e-06
4.4207e-06
3.81224e-06
5.32241e-06
4.65538e-06
3.92929e-06
3.48029e-06
1.51287e-05
1.33283e-05
1.12187e-05
9.78752e-06
1.2443e-05
1.10366e-05
9.40358e-06
8.30901e-06
9.46326e-06
8.49375e-06
7.3894e-06
6.66851e-06
7.56439e-06
6.87286e-06
6.10498e-06
5.62195e-06
0.030637
0.0285472
0.0262892
0.024904
0.025708
0.023896
0.021952
0.020771
0.0198817
0.0184126
0.0168572
0.0159296
0.0159436
0.014727
0.0134511
0.0127012
0.0140099
0.0129145
0.0117724
0.0111068
0.0105119
0.00963471
0.0087492
0.00825648
0.0067907
0.00618315
0.00559705
0.00529422
0.00475382
0.00432677
0.00392324
0.00372362
0.0182696
0.0168512
0.0153852
0.0145442
0.0138789
0.0127161
0.0115543
0.0109197
0.00907728
0.00824972
0.00745504
0.00704841
0.00636062
0.00576908
0.00520108
0.00491315
0.00383625
0.00349338
0.00317314
0.00301866
0.00240774
0.00221496
0.00205541
0.00199506
0.00225636
0.00215982
0.00205957
0.00199825
0.00378754
0.00365287
0.0034394
0.00325261
0.0049619
0.00476347
0.00443775
0.00414955
0.00820878
0.00781594
0.00721035
0.00668584
0.016417
0.015381
0.0139021
0.0126963
0.0266621
0.0246884
0.0219982
0.0198946
0.00601166
0.00587072
0.00544678
0.00497223
0.0102072
0.00981941
0.00908098
0.00836201
0.0213669
0.0202707
0.018533
0.0170115
0.0358754
0.0336906
0.0305285
0.027941
0.00473841
0.005044
0.00523739
0.00517937
0.00268415
0.00279135
0.00290512
0.00293512
0.0024186
0.00248754
0.00251512
0.0024728
0.00531969
0.0050383
0.00475701
0.00453419
0.00703589
0.00689796
0.00654069
0.00613411
0.0133128
0.012655
0.0114318
0.0102862
0.0282694
0.0267158
0.0240617
0.021657
0.0455827
0.0436216
0.040151
0.0368246
0.00280654
0.00415115
0.00603301
0.00586588
0.00224017
0.00371268
0.00975539
0.0160142
0.019704
0.0131789
0.0245984
0.0385755
0.0930278
0.0359803
0.0444559
0.0651629
0.00981928
0.00898018
0.00798304
0.00729058
0.00811677
0.00741666
0.00659362
0.00602876
0.00616905
0.00563314
0.00501533
0.00460074
0.00491305
0.0044874
0.0040069
0.00369262
0.0042907
0.00392003
0.00350679
0.00324062
0.00322045
0.00294429
0.00264596
0.00246138
0.00216285
0.00198296
0.00180031
0.00169701
0.00164343
0.00151305
0.00138837
0.00132486
0.00588688
0.00538767
0.00483837
0.00449084
0.00437964
0.00400553
0.00360707
0.00336551
0.00287303
0.00263034
0.00238732
0.00225301
0.0021207
0.00194917
0.001787
0.00170634
0.00139677
0.0012891
0.00118966
0.00114237
0.001065
0.000986211
0.00091657
0.000886478
0.00109046
0.00100633
0.000922087
0.000875814
0.00149855
0.00137216
0.00122925
0.00113638
0.0017699
0.00161526
0.00143274
0.00130811
0.00252134
0.00228549
0.0019947
0.0017861
0.00418112
0.00376728
0.00324777
0.00286802
0.00602046
0.00540787
0.00463843
0.00407552
0.00242512
0.00224177
0.00201575
0.00185445
0.0036007
0.00330773
0.00293322
0.00265498
0.00619432
0.00564975
0.00494847
0.00442338
0.00909664
0.0082608
0.00719075
0.00639405
0.00226415
0.00207879
0.00191026
0.00183304
0.00160275
0.00148588
0.00138744
0.0013494
0.00167935
0.00157766
0.00147447
0.00141611
0.00258139
0.00241891
0.00221904
0.00207676
0.00319678
0.0029915
0.00272432
0.00252376
0.00492885
0.00458352
0.00412283
0.0037669
0.00882836
0.00813573
0.0072185
0.00651437
0.0132863
0.0121695
0.0107118
0.00960829
0.0040553
0.00384212
0.00354287
0.00330377
0.00648054
0.00609879
0.00556081
0.00512518
0.0121927
0.0113349
0.0101629
0.00923908
0.0189652
0.017477
0.0154981
0.0139776
0.00205444
0.00183464
0.00156843
0.00137987
0.00174371
0.00156099
0.00134138
0.00118699
0.00139621
0.00125515
0.00108827
0.000972809
0.00117998
0.00106472
0.000931014
0.000840434
0.00106707
0.000964999
0.000847639
0.000768877
0.000863503
0.000783898
0.000694388
0.000635803
0.000659643
0.00060137
0.00053865
0.00049972
0.000554278
0.000505775
0.00045566
0.000426221
0.0015429
0.00139943
0.00123532
0.00112597
0.0012204
0.0011108
0.000988548
0.000909448
0.00090239
0.000825186
0.000743272
0.000693541
0.000743823
0.000681566
0.000618549
0.000582797
0.000492766
0.00044957
0.000405882
0.000381006
0.000383092
0.000347758
0.000313431
0.000295127
0.000312931
0.000278624
0.000245373
0.000227794
0.00031595
0.000275044
0.000233735
0.000210489
0.00031841
0.000273527
0.000227172
0.000200264
0.000342757
0.000287144
0.000226799
0.0001894
0.000469049
0.000387632
0.000295166
0.000234589
0.00063603
0.000526145
0.000398882
0.000313598
0.000527366
0.000460361
0.000388759
0.000345233
0.000628232
0.000539764
0.000440282
0.000375785
0.000919891
0.000784239
0.00062562
0.000518021
0.00126572
0.0010792
0.000857891
0.000705303
0.000856376
0.000787997
0.000722094
0.000687774
0.000669705
0.000614801
0.00056378
0.000539002
0.000623401
0.000564436
0.000506444
0.00047533
0.000747865
0.000667683
0.000582258
0.000530595
0.000828828
0.00073509
0.000631746
0.000566413
0.00106304
0.00093265
0.00078147
0.000679883
0.00163341
0.00142477
0.00117479
0.00100055
0.00227878
0.0019859
0.00163138
0.0013815
0.00123917
0.00111546
0.000974637
0.000882206
0.00168335
0.00150303
0.00128764
0.00113812
0.00269131
0.00238986
0.00202028
0.0017564
0.00381076
0.00337727
0.00284276
0.00245871
0.000295
0.000264284
0.000226842
0.000200126
0.000275232
0.000247763
0.000214382
0.000190605
0.000249053
0.000225211
0.00019655
0.00017632
0.000229668
0.000207907
0.000182205
0.000164363
0.00021669
0.000196328
0.000172405
0.000155875
0.000190146
0.000172658
0.000152377
0.000138536
0.000158662
0.000144191
0.000127847
0.000116996
0.000137345
0.000124591
0.000110578
0.000101562
0.000324949
0.000292821
0.000255337
0.000229661
0.000280561
0.000253555
0.000222497
0.000201519
0.000230713
0.000208832
0.00018438
0.000168363
0.000199352
0.000180139
0.000159282
0.000146071
0.000123725
0.000112242
9.98238e-05
9.19855e-05
9.60306e-05
8.73312e-05
7.83177e-05
7.2933e-05
6.65229e-05
6.05615e-05
5.49285e-05
5.20134e-05
4.86496e-05
4.41182e-05
4.03066e-05
3.87729e-05
3.87607e-05
3.51377e-05
3.24551e-05
3.17614e-05
1.99581e-05
1.82932e-05
1.77986e-05
1.85633e-05
5.39275e-06
4.93487e-06
5.86025e-06
7.65549e-06
9.32132e-07
5.77861e-07
1.70096e-06
3.73061e-06
5.90971e-05
5.10316e-05
4.41258e-05
4.12793e-05
3.41549e-05
2.77791e-05
2.27001e-05
2.10544e-05
1.91147e-05
1.25702e-05
7.25896e-06
5.52091e-06
1.95736e-05
1.13869e-05
4.21588e-06
1.32819e-06
0.000256804
0.000232195
0.000206309
0.000190598
0.000197108
0.000177563
0.000157882
0.000146656
0.000142143
0.000125987
0.000110557
0.000102507
0.000117139
0.000101099
8.59973e-05
7.83762e-05
0.000102442
8.66003e-05
7.17865e-05
6.44509e-05
7.68164e-05
6.10032e-05
4.59149e-05
3.8254e-05
7.43971e-05
5.44791e-05
3.43343e-05
2.3164e-05
9.43106e-05
6.84666e-05
4.12849e-05
2.53417e-05
0.000183111
0.000155221
0.000127597
0.000112525
0.000170162
0.000138443
0.000105654
8.66607e-05
0.000207876
0.00016408
0.000116349
8.67186e-05
0.000276186
0.000218142
0.000153187
0.000111521
9.00743e-05
8.91261e-05
8.79102e-05
8.69987e-05
8.63934e-05
8.49784e-05
8.31666e-05
8.18116e-05
7.9828e-05
7.80171e-05
7.57258e-05
7.40311e-05
7.36174e-05
7.16485e-05
6.92009e-05
6.7419e-05
6.98705e-05
6.79129e-05
6.54878e-05
6.37284e-05
6.27917e-05
6.08914e-05
5.85527e-05
5.6868e-05
5.35984e-05
5.18269e-05
4.96751e-05
4.8146e-05
4.66627e-05
4.50274e-05
4.30666e-05
4.16924e-05
8.25863e-05
7.88764e-05
7.43606e-05
7.11315e-05
7.4342e-05
7.09576e-05
6.68811e-05
6.39977e-05
6.3526e-05
6.05784e-05
5.71021e-05
5.4697e-05
5.53013e-05
5.26932e-05
4.96852e-05
4.76542e-05
4.30329e-05
4.14919e-05
3.96527e-05
3.83705e-05
3.67605e-05
3.53911e-05
3.37576e-05
3.26216e-05
2.96985e-05
2.84939e-05
2.70557e-05
2.60565e-05
2.50718e-05
2.39533e-05
2.26187e-05
2.16924e-05
2.29085e-05
2.18068e-05
2.04903e-05
1.95755e-05
1.94575e-05
1.83847e-05
1.70702e-05
1.61353e-05
1.62931e-05
1.51288e-05
1.36915e-05
1.26602e-05
1.4712e-05
1.33978e-05
1.17887e-05
1.06408e-05
2.57371e-05
2.48786e-05
2.39707e-05
2.34236e-05
2.13763e-05
2.08483e-05
2.02609e-05
1.98876e-05
1.78098e-05
1.74563e-05
1.70298e-05
1.67338e-05
1.64484e-05
1.60669e-05
1.5594e-05
1.52533e-05
6.41276e-05
6.00035e-05
5.54221e-05
5.24448e-05
5.26164e-05
4.95381e-05
4.62194e-05
4.41398e-05
3.98886e-05
3.79511e-05
3.60074e-05
3.49052e-05
3.17322e-05
3.05046e-05
2.94262e-05
2.89461e-05
2.77311e-05
2.68999e-05
2.62935e-05
2.61457e-05
2.06685e-05
2.07066e-05
2.10292e-05
2.14604e-05
1.49308e-05
1.56548e-05
1.67366e-05
1.76615e-05
1.2823e-05
1.37998e-05
1.51749e-05
1.63008e-05
3.0699e-05
2.91853e-05
2.82528e-05
2.82251e-05
1.86393e-05
1.86412e-05
1.93866e-05
2.04558e-05
8.71373e-06
9.92189e-06
1.20617e-05
1.40966e-05
4.97005e-06
6.64162e-06
9.35964e-06
1.18339e-05
9.10777e-05
9.00226e-05
8.86878e-05
8.76953e-05
7.87598e-05
7.74763e-05
7.58503e-05
7.46387e-05
6.45131e-05
6.30427e-05
6.11847e-05
5.9804e-05
5.49009e-05
5.33587e-05
5.1419e-05
4.99858e-05
5.02125e-05
4.86577e-05
4.67048e-05
4.52636e-05
4.20075e-05
4.04719e-05
3.85495e-05
3.71354e-05
3.24847e-05
3.10161e-05
2.91878e-05
2.7851e-05
2.60729e-05
2.46841e-05
2.29644e-05
2.17146e-05
5.48688e-05
5.36293e-05
5.20654e-05
5.09055e-05
4.70269e-05
4.56863e-05
4.39965e-05
4.27445e-05
3.77022e-05
3.63008e-05
3.45393e-05
3.32383e-05
3.12531e-05
2.98542e-05
2.81015e-05
2.68115e-05
2.29486e-05
2.16147e-05
1.99677e-05
1.87742e-05
1.75657e-05
1.6349e-05
1.48565e-05
1.37824e-05
1.15488e-05
1.05035e-05
9.23713e-06
8.33818e-06
7.74756e-06
6.85148e-06
5.78333e-06
5.0389e-06
5.98635e-06
5.18457e-06
4.2414e-06
3.59432e-06
3.23116e-06
2.62262e-06
1.93405e-06
1.48354e-06
8.55413e-07
5.44866e-07
2.57031e-07
1.23187e-07
9.69441e-08
6.56322e-08
1.58075e-07
3.28786e-07
9.7918e-06
8.69819e-06
7.38994e-06
6.47548e-06
6.45211e-06
5.48786e-06
4.36745e-06
3.61134e-06
3.08572e-06
2.34291e-06
1.54628e-06
1.06541e-06
1.31012e-06
7.97103e-07
3.36408e-07
1.41465e-07
3.29735e-05
3.16464e-05
2.99793e-05
2.87515e-05
2.73307e-05
2.60051e-05
2.435e-05
2.31391e-05
2.08225e-05
1.95096e-05
1.78873e-05
1.67142e-05
1.64726e-05
1.51842e-05
1.36099e-05
1.24856e-05
1.43237e-05
1.30491e-05
1.15052e-05
1.04139e-05
1.07718e-05
9.52157e-06
8.03481e-06
7.00703e-06
6.99844e-06
5.8049e-06
4.43894e-06
3.53942e-06
4.725e-06
3.61258e-06
2.4014e-06
1.65765e-06
1.89417e-05
1.76635e-05
1.61059e-05
1.50004e-05
1.54976e-05
1.41753e-05
1.25697e-05
1.14369e-05
1.19509e-05
1.0534e-05
8.84113e-06
7.66821e-06
9.84173e-06
8.34035e-06
6.58289e-06
5.39345e-06
4.61544e-05
4.1456e-05
3.57068e-05
3.15938e-05
3.85066e-05
3.46428e-05
2.99267e-05
2.65644e-05
3.01211e-05
2.71879e-05
2.36284e-05
2.11099e-05
2.47972e-05
2.24688e-05
1.96656e-05
1.77017e-05
2.22769e-05
2.0234e-05
1.77839e-05
1.60765e-05
1.79148e-05
1.63314e-05
1.44501e-05
1.31556e-05
1.30762e-05
1.20035e-05
1.07551e-05
9.92022e-06
9.99214e-06
9.24635e-06
8.40299e-06
7.86224e-06
2.99325e-05
2.77936e-05
2.51827e-05
2.33249e-05
2.39099e-05
2.22113e-05
2.01555e-05
1.87088e-05
1.71998e-05
1.59989e-05
1.45715e-05
1.35908e-05
1.28978e-05
1.20224e-05
1.10061e-05
1.03303e-05
8.48937e-06
7.88845e-06
7.22261e-06
6.80921e-06
5.89011e-06
5.51341e-06
5.1186e-06
4.8964e-06
3.2027e-06
3.0521e-06
2.92762e-06
2.89354e-06
1.72437e-06
1.69116e-06
1.70452e-06
1.76408e-06
1.08615e-06
1.08444e-06
1.13205e-06
1.21235e-06
3.03598e-07
3.25384e-07
3.84893e-07
4.59525e-07
4.0937e-07
3.72354e-07
3.38956e-07
3.28645e-07
1.49949e-06
1.33272e-06
1.12514e-06
9.76112e-07
1.11006e-06
1.05243e-06
1.02765e-06
1.05321e-06
1.79445e-07
1.85081e-07
2.1948e-07
2.71899e-07
3.41275e-07
3.58656e-07
3.86549e-07
4.15753e-07
1.71295e-06
1.67252e-06
1.61449e-06
1.56824e-06
1.40278e-05
1.30898e-05
1.198e-05
1.12209e-05
9.7918e-06
9.07266e-06
8.23439e-06
7.67251e-06
5.31775e-06
4.85204e-06
4.32609e-06
3.98933e-06
2.7582e-06
2.4599e-06
2.1395e-06
1.95021e-06
1.71914e-06
1.49634e-06
1.266e-06
1.13905e-06
3.82946e-07
2.91006e-07
2.08591e-07
1.76895e-07
1.21537e-07
1.67609e-07
2.44178e-07
3.17172e-07
1.26778e-06
1.39067e-06
1.55658e-06
1.68885e-06
3.27647e-06
2.79021e-06
2.23575e-06
1.8716e-06
1.27685e-06
9.78558e-07
6.55583e-07
4.57735e-07
8.41913e-08
4.3277e-08
4.67085e-08
9.16168e-08
4.43841e-07
6.16331e-07
8.96372e-07
1.15202e-06
1.10991e-06
6.37124e-07
2.21679e-07
6.26414e-08
9.97043e-07
5.88536e-07
2.19799e-07
7.62999e-08
9.8341e-07
6.27322e-07
2.99443e-07
1.78818e-07
1.06889e-06
7.15607e-07
3.9675e-07
2.95642e-07
1.14532e-06
7.79568e-07
4.12735e-07
2.49074e-07
1.18344e-06
7.81812e-07
3.82038e-07
1.92114e-07
1.25117e-06
8.0896e-07
3.76109e-07
1.64145e-07
1.31357e-06
8.50033e-07
4.01528e-07
1.81307e-07
4.23293e-06
3.21152e-06
2.13721e-06
1.50413e-06
3.85075e-06
2.98222e-06
2.06969e-06
1.53154e-06
3.44283e-06
2.74507e-06
2.01369e-06
1.58232e-06
3.1899e-06
2.60172e-06
1.98686e-06
1.6245e-06
1.27645e-06
8.22433e-07
3.88743e-07
1.80769e-07
1.06902e-06
6.69838e-07
3.05859e-07
1.54038e-07
8.22637e-07
5.03977e-07
2.39643e-07
1.70518e-07
6.55299e-07
4.0029e-07
2.17193e-07
2.19459e-07
4.93248e-07
2.88457e-07
1.89177e-07
2.71202e-07
2.20656e-07
1.22359e-07
8.56771e-08
1.49865e-07
2.91257e-08
7.57885e-09
1.04049e-08
4.78196e-08
1.52776e-08
1.74696e-08
2.50407e-08
3.90414e-08
9.70527e-07
8.01737e-07
6.37224e-07
5.46837e-07
4.51023e-07
3.5995e-07
2.76971e-07
2.35083e-07
7.62552e-08
4.68512e-08
2.70578e-08
2.17499e-08
2.55974e-08
1.62449e-08
1.54473e-08
2.01306e-08
4.77529e-06
4.20557e-06
3.59256e-06
3.2196e-06
3.656e-06
3.25055e-06
2.82594e-06
2.57748e-06
2.43606e-06
2.19641e-06
1.96088e-06
1.83646e-06
1.69703e-06
1.54641e-06
1.41146e-06
1.35217e-06
1.26065e-06
1.15074e-06
1.06398e-06
1.03801e-06
5.63204e-07
5.08398e-07
4.78994e-07
4.86086e-07
1.64794e-07
1.17658e-07
8.6681e-08
8.43453e-08
2.88051e-07
1.91707e-07
9.55051e-08
4.30437e-08
1.24563e-06
1.21139e-06
1.22059e-06
1.27118e-06
4.86597e-07
4.78474e-07
5.07299e-07
5.61741e-07
3.05777e-07
2.46118e-07
1.96614e-07
1.82064e-07
8.74623e-07
6.96236e-07
4.91717e-07
3.5771e-07
