FiniteElementSpace
FiniteElementCollection: H1_2D_P2
VDim: 2
Ordering: 0

0
1.21395
2.04305
2.60742
3.07526
3.5247
3.96764
4.39536
4.81059
0
0.688404
1.26579
1.7459
2.19122
2.63399
3.06936
3.48885
3.89952
0.642739
0.98105
0.355188
0
1.67487
1.67537
0.992514
2.34577
2.18522
1.51399
2.84649
2.63546
1.96976
3.3005
3.08048
2.41271
3.74756
3.5201
2.85344
4.18366
3.94323
3.28099
4.60376
4.35538
3.69447
0.519575
1.36101
1.94409
2.41268
2.85784
3.30189
3.73384
4.1497
0.320181
0.578751
0.260727
0
1.45761
1.52029
1.18045
1.09876
2.20095
2.1466
1.81423
1.86149
2.72887
2.63
2.29998
2.39728
3.18809
3.07933
2.74659
2.85552
3.63638
3.52511
3.19147
3.30286
4.0762
3.95909
3.62755
3.74428
4.49987
4.37679
4.04671
4.1695
0.941907
0.76091
0.849954
0.52504
0.453172
0.179663
0
1.86885
1.52514
1.47888
1.13278
1.18861
0.844413
2.48043
2.06712
1.96873
1.63142
1.73439
1.3925
2.96163
2.52428
2.41416
2.08057
2.19292
1.85841
3.4127
2.96919
2.8575
2.52346
2.63566
2.30193
3.85805
3.4115
3.29514
2.96192
3.07798
2.74406
4.29001
3.83901
3.71641
3.38531
3.50785
3.17571
4.70728
4.58298
4.25249
4.12755
3.79701
3.92231
3.59182
0.284552
1.32102
2.0096
2.51508
2.96747
3.41425
3.85227
4.27342
0.851496
0.65897
0.234835
1.69941
1.33898
1.02611
2.27508
1.85344
1.61009
2.74321
2.30362
2.08155
3.19115
2.74662
2.52481
3.63519
3.18708
2.96804
4.06479
3.61258
3.40207
4.4799
4.0249
3.81957
0.150949
0.300183
0.136538
0
1.33933
1.3893
1.21292
1.15615
2.12382
2.10548
1.93711
1.95249
2.6687
2.62199
2.45662
2.50241
3.13173
3.07775
2.91152
2.96535
3.58058
3.5254
3.35861
3.41383
4.02206
3.96434
3.79842
3.85607
4.44771
4.38666
4.22154
4.28247
0.795502
0.89626
0.718259
0.609832
0.642825
0.712287
0.55777
0.488498
0.128564
0.248954
0.11914
0
1.77459
1.78432
1.61218
1.59769
1.44497
1.43399
1.26521
1.27701
1.08324
1.10568
0.939812
0.917976
2.41418
2.37786
2.21176
2.24635
2.00635
1.96117
1.79448
1.84036
1.74608
1.71354
1.54546
1.57878
2.90428
2.85238
2.68676
2.73823
2.46858
2.41422
2.24832
2.30318
2.24294
2.19128
2.02539
2.07766
3.35662
3.30195
3.13525
3.18991
2.91352
2.85799
2.69114
2.74685
2.69102
2.63584
2.46946
2.525
3.80291
3.74673
3.58026
3.63644
3.35681
3.29938
3.13265
3.19002
3.13603
3.07983
2.91283
2.96906
4.23697
4.17746
4.01207
4.07146
3.78655
3.72589
3.56034
3.62094
3.57397
3.51491
3.34875
3.40772
4.65555
4.59358
4.42836
4.49028
4.2011
4.13872
3.97361
4.03605
3.99504
3.9332
3.76806
3.8299
0.484712
0.433689
0.549067
0.391615
0.272566
0
1.56942
1.42336
1.4417
1.27294
1.25175
1.04076
2.27479
2.07932
2.046
1.88015
1.9127
1.76934
2.78804
2.57282
2.52155
2.35653
2.40783
2.29165
3.24432
3.02341
2.96865
2.8022
2.85711
2.7456
3.69205
3.46977
3.41359
3.24677
3.30294
3.19174
4.13007
3.90582
3.84655
3.68084
3.74
3.63229
4.55187
4.32516
4.26328
4.09825
4.1601
4.05642
1.08165
0.97833
0.873639
0.806715
0.756349
0.774201
0.607468
0.597597
0.440731
0.409898
0.345433
0.267869
0.213636
0.0931518
0
1.95821
1.78239
1.60184
1.61327
1.41013
1.37478
1.20009
1.23889
1.06354
1.09421
1.10897
0.919389
0.939591
0.767285
2.54472
2.33684
2.12669
2.17163
1.91148
1.8582
1.68894
1.7436
1.57311
1.62571
1.67301
1.45379
1.50324
1.32983
3.01856
2.79944
2.5799
2.6339
2.35889
2.3029
2.13588
2.19241
2.02518
2.0818
2.13737
1.91417
1.97063
1.80232
3.46872
3.24703
3.02486
3.08024
2.80208
2.7458
2.57876
2.6351
2.46809
2.52427
2.58021
2.3573
2.4135
2.24655
3.91297
3.68987
3.46594
3.52344
3.24124
3.18236
3.01577
3.07459
2.9078
2.96579
3.0231
2.79885
2.85612
2.6891
4.3428
4.11725
3.89123
3.95197
3.66459
3.60274
3.43717
3.49907
3.33327
3.39455
3.4551
3.22848
3.28901
3.12267
4.75895
4.69676
4.53142
4.4692
4.3039
4.3662
4.2415
4.07621
4.01356
3.84826
3.911
3.74574
3.80845
3.87097
3.64317
3.70578
3.54039
0.141502
1.27601
2.03068
2.5627
3.0216
3.46967
3.91035
4.33466
0.756234
0.602534
0.124758
1.69354
1.35716
1.01398
2.31311
1.90141
1.64729
2.79549
2.35877
2.13476
3.24595
2.80242
2.5804
3.69169
3.24482
3.02451
4.1246
3.67354
3.46146
4.54195
4.0874
3.88162
0.457895
0.412369
0.132596
1.49644
1.34919
1.14903
2.17724
1.98046
1.84244
2.68043
2.46493
2.35013
3.13385
2.91288
2.80136
3.581
3.35835
3.2474
4.01804
3.79342
3.68629
4.43853
4.21174
4.10834
1.02966
0.926693
0.680792
0.817434
0.687273
0.505
0.370418
0.312376
0.112403
1.87051
1.69307
1.52961
1.50778
1.30784
1.16771
1.19327
1.01819
0.858257
2.44087
2.23223
2.10964
2.01987
1.80124
1.68515
1.77783
1.56514
1.43985
2.90897
2.6898
2.57785
2.46962
2.24765
2.13714
2.24739
2.02632
1.91462
3.35792
3.13601
3.02445
2.91355
2.69048
2.57969
2.69133
2.46887
2.35818
3.80153
3.578
3.46863
3.35368
3.12861
3.02031
3.13502
2.91105
2.80102
4.23008
4.00431
3.89939
3.778
3.551
3.44693
3.56807
3.34191
3.23583
4.64517
4.41767
4.31475
4.19008
3.96227
3.85972
3.98467
3.75714
3.65432
0
0.502096
1.35252
2.28494
3.20815
4.11901
5.03115
5.94791
6.86187
1
1.31705
1.954
2.7673
3.653
4.55528
5.45726
6.36294
7.27416
0.20042
0.872185
1.11622
0.5
0.904042
1.63967
1.60466
1.81762
2.52207
2.34638
2.7488
3.42979
3.2056
3.66422
4.3369
4.1039
4.57434
5.2438
5.00624
5.48932
6.15531
5.90928
6.40568
7.06827
6.81819
0.60133
1.23129
2.07435
2.97527
3.88375
4.78995
5.69898
6.61208
0.107583
0.390342
0.518366
0.25
0.69452
1.05979
1.0436
0.677475
1.58416
1.94171
1.85472
1.49014
2.51745
2.86035
2.74831
2.40066
3.43647
3.7737
3.65689
3.31815
4.34653
4.68213
4.56338
4.22792
5.26011
5.59397
5.47122
5.13739
6.17697
6.50874
6.3837
6.0514
0.334427
0.722552
1.08596
1.20385
0.840959
1.06024
0.75
1.1248
1.43105
1.79641
1.77289
1.41484
1.45177
2.05151
2.29715
2.64565
2.55404
2.21106
2.14581
2.979
3.20253
3.54189
3.42858
3.09125
2.98486
3.89165
4.1104
4.44602
4.32963
3.994
3.87826
4.80254
5.01673
5.35041
5.23169
4.89793
4.7808
5.71864
5.92703
6.25927
6.13589
5.80414
5.68309
6.63396
6.96503
6.84032
7.17141
7.04616
6.71535
6.5904
0.299235
0.860227
1.71436
2.63065
3.54616
4.45495
5.36552
6.28015
0.518208
0.950175
0.765691
1.27102
1.60045
1.24225
2.1708
2.4265
2.00054
3.08955
3.31622
2.86751
4.00089
4.22005
3.7679
4.90959
5.12405
4.67196
5.82263
6.03154
5.57709
6.73705
6.94346
6.48724
0.0640093
0.200445
0.270728
0.125
0.595637
0.775043
0.766373
0.587351
1.46801
1.64773
1.60175
1.41958
2.40134
2.57332
2.51567
2.34189
3.32241
3.49115
3.43222
3.26288
4.23274
4.40074
4.34142
4.17346
5.14559
5.31277
5.25141
5.08424
6.06247
6.22849
6.16579
5.99958
0.262368
0.423862
0.449852
0.293169
0.657987
0.833248
0.891893
0.717159
0.500328
0.638142
0.748939
0.625
1.0133
1.19595
1.16421
0.979751
1.32988
1.51488
1.5062
1.32181
0.955565
1.14117
1.16185
0.976683
1.93459
2.11004
2.05611
1.87835
2.18542
2.36172
2.31824
2.14249
1.74652
1.92727
1.89757
1.71746
2.86405
3.03387
2.97502
2.80403
3.08888
3.25941
3.20361
3.03329
2.63506
2.80791
2.75629
2.58382
3.77796
3.94623
3.88732
3.71887
3.9971
4.16522
4.10703
3.93888
3.54336
3.71242
3.65487
3.48587
4.68839
4.85606
4.79582
4.62824
4.90331
5.07036
5.01097
4.84391
4.45013
4.61764
4.55899
4.39145
5.60398
5.77057
5.70828
5.54158
5.81297
5.97929
5.9178
5.75155
5.35747
5.52414
5.46371
5.29708
6.51988
6.68547
6.62293
6.45715
6.72622
6.89193
6.82941
6.66374
6.2695
6.43549
6.37323
6.20731
0.148253
0.339857
0.492782
0.554509
0.405585
0.375
0.797501
0.958265
1.14375
1.13571
0.949806
0.772402
1.70077
1.82774
2.00721
1.96405
1.78352
1.56366
2.63328
2.74555
2.91752
2.86173
2.68909
2.46086
3.55041
3.65998
3.82867
3.77035
3.60144
3.37383
4.46039
4.56851
4.73603
4.67664
4.50915
4.28239
5.37469
5.47971
5.64644
5.58506
5.41834
5.19057
6.29137
6.39447
6.56039
6.4979
6.3319
6.10333
0.41445
0.594431
0.794279
0.617643
1.01523
1.19945
1.2577
1.07348
1.15688
0.973457
0.79898
1.08423
0.90598
1.03552
0.875
1.238
1.37979
1.53442
1.34953
1.69728
1.87554
1.86202
1.68674
1.68708
1.50938
1.32674
1.52621
1.34597
1.38207
2.16833
2.28568
2.40939
2.23332
2.53568
2.707
2.66007
2.49083
2.44944
2.27928
2.1051
2.24513
2.07366
2.04872
3.0937
3.20392
3.31617
3.14583
3.42899
3.59767
3.54066
3.3727
3.31687
3.14881
2.97918
3.09491
2.92664
2.87563
4.00533
4.11441
4.22366
4.05561
4.33305
4.50064
4.44247
4.27487
4.21677
4.04903
3.88095
3.99106
3.82323
3.76557
4.9168
5.02345
5.13023
4.96314
5.2372
5.4038
5.34445
5.17782
5.11895
4.95204
4.78493
4.89353
4.72634
4.66806
5.83329
5.93701
6.04115
5.8748
6.14537
6.31116
6.24936
6.08375
6.02253
5.85672
5.69057
5.79613
5.63008
5.57014
6.74796
6.91343
6.85107
7.01665
6.95434
6.78868
7.11988
7.05748
7.22286
7.16017
6.99488
6.93216
6.76684
6.60129
6.70426
6.5389
6.47663
0.163358
0.678634
1.53324
2.45769
3.3771
4.28708
5.19847
6.11406
0.353788
0.771383
0.621935
1.0867
1.41699
1.05665
1.99413
2.25168
1.82158
2.91906
3.14628
2.69566
3.83258
4.05207
3.59914
4.74211
4.95711
4.50454
5.65606
5.86538
5.41057
6.57136
6.77785
6.32138
0.241822
0.443931
0.383271
0.875643
1.04504
0.858708
1.76283
1.89498
1.67301
2.68878
2.8033
2.57492
3.60507
3.71509
3.48768
4.51446
4.62257
4.39576
5.42715
5.53236
5.30442
6.34286
6.44617
6.21762
0.50202
0.69178
0.551027
0.902009
1.13369
1.02
0.672481
0.935522
0.884028
1.30704
1.45574
1.24541
1.61514
1.77986
1.59649
1.22973
1.42578
1.27043
2.226
2.34696
2.12003
2.47247
2.59841
2.3844
2.0343
2.17564
1.97356
3.14848
3.25987
3.03171
3.37261
3.48509
3.26059
2.92047
3.03747
2.81645
4.05985
4.16901
3.94217
4.27834
4.38776
4.16196
3.82566
3.93612
3.7104
4.97011
5.07682
4.84955
5.18369
5.29078
5.06491
4.73076
4.83919
4.6135
5.88508
5.98905
5.76059
6.09327
6.19741
5.97019
5.6378
5.74335
5.5169
6.79949
6.9027
6.67457
7.00594
7.10889
6.88086
6.54962
6.65285
6.425
