FiniteElementSpace
FiniteElementCollection: H1_2D_P2
VDim: 2
Ordering: 0

0
-0.00650406
-0.0143858
-0.020947
-0.0260209
-0.0307989
-0.0347493
-0.0365878
-0.0364176
0
0.000351172
-0.00229789
-0.00762341
-0.0120821
-0.0138731
-0.0134427
-0.0123275
-0.0116087
-0.00290871
-0.00276919
0.000198249
0
-0.0104799
-0.00822598
-0.000458548
-0.0179145
-0.0144104
-0.00485476
-0.0235791
-0.0192135
-0.0101361
-0.0284295
-0.0225129
-0.0133247
-0.032974
-0.0242659
-0.0138478
-0.0359699
-0.0245702
-0.0128744
-0.0366754
-0.0241308
-0.0119125
-0.000963212
-0.00521686
-0.0114164
-0.0170157
-0.0210436
-0.0235922
-0.0245665
-0.0243815
-0.00140287
-0.00182617
-0.000326193
0
-0.00847627
-0.00765966
-0.00390804
-0.00448056
-0.01621
-0.0145961
-0.00982537
-0.0111609
-0.0223007
-0.0203586
-0.0157657
-0.0176838
-0.0272255
-0.0248333
-0.0201729
-0.0227091
-0.0319238
-0.0283319
-0.0231032
-0.0267357
-0.0354347
-0.0302546
-0.0244589
-0.0295216
-0.0366889
-0.030508
-0.024492
-0.0305528
-0.0046237
-0.00179363
-0.00120325
0.000375717
-0.000302771
-4.6642e-05
0
-0.0124642
-0.00667148
-0.00534817
-0.00126136
-0.00288684
8.02349e-05
-0.0194913
-0.012955
-0.011082
-0.00624476
-0.00822828
-0.00351684
-0.0248109
-0.018163
-0.0156362
-0.0111923
-0.0135967
-0.00893539
-0.0296262
-0.0218248
-0.0182042
-0.0136803
-0.0171703
-0.0127938
-0.0339234
-0.023979
-0.0189301
-0.0136791
-0.0187668
-0.0139212
-0.0363525
-0.0245996
-0.0185294
-0.0125893
-0.0188088
-0.0131661
-0.0365723
-0.0302837
-0.0242577
-0.0179002
-0.0117558
-0.0181989
-0.0121004
-0.000672576
-0.00600818
-0.012909
-0.0190693
-0.0237966
-0.0275789
-0.0299455
-0.0305648
-0.00309347
-0.00067004
-8.00978e-05
-0.00939422
-0.00403709
-0.00193735
-0.0161925
-0.00968242
-0.00676507
-0.0215668
-0.0146791
-0.0123938
-0.0258161
-0.0177487
-0.0164665
-0.0289824
-0.0188919
-0.0185411
-0.0304539
-0.0186815
-0.0188969
-0.0304055
-0.0180439
-0.0183648
-0.000644591
-0.000971256
-0.000245852
0
-0.00748262
-0.00717968
-0.00522721
-0.005441
-0.015312
-0.0145204
-0.01204
-0.0127224
-0.0216358
-0.0206942
-0.0183893
-0.0193141
-0.0266236
-0.0255419
-0.0232593
-0.0243939
-0.0313691
-0.0297707
-0.0271677
-0.0287919
-0.0351103
-0.0326852
-0.0297481
-0.0321361
-0.0366539
-0.0336127
-0.0305687
-0.0335563
-0.00374035
-0.00382496
-0.00244744
-0.00234364
-0.00135995
-0.00121657
-0.000468364
-0.000615401
-0.000118919
-0.000193467
-3.30798e-05
0
-0.0114772
-0.010869
-0.00851954
-0.00900489
-0.00592846
-0.00535766
-0.00343894
-0.00405147
-0.00331712
-0.00291811
-0.00154359
-0.00197663
-0.0187193
-0.0178286
-0.0154067
-0.0162291
-0.0121943
-0.01133
-0.00895953
-0.00983317
-0.00902341
-0.00830448
-0.00604715
-0.00679376
-0.0241996
-0.0232134
-0.0209718
-0.0219868
-0.0176017
-0.0164267
-0.0141532
-0.0153135
-0.0151009
-0.0140889
-0.0117503
-0.0127568
-0.0290298
-0.0277497
-0.0253319
-0.0266621
-0.0214456
-0.0197919
-0.017475
-0.019111
-0.0197043
-0.0183235
-0.0160671
-0.0174292
-0.0334629
-0.0314597
-0.0286706
-0.0306662
-0.0237984
-0.0214477
-0.0188412
-0.02119
-0.0228205
-0.0208307
-0.0183871
-0.0203652
-0.03618
-0.0333907
-0.0303675
-0.0331029
-0.0245917
-0.0216548
-0.0187491
-0.0217022
-0.0243737
-0.0216922
-0.0189214
-0.0216115
-0.0366332
-0.0334785
-0.0304609
-0.0335786
-0.0243201
-0.0211616
-0.0181193
-0.0213014
-0.0245363
-0.0214406
-0.018448
-0.0215632
-0.00213181
-0.00122747
-0.00136668
-0.000614208
-0.000483701
0
-0.00947727
-0.00682061
-0.00641083
-0.00454211
-0.00493029
-0.00359809
-0.0170785
-0.0137622
-0.0129981
-0.0106248
-0.0113528
-0.00967322
-0.0229482
-0.019725
-0.0186992
-0.0164036
-0.0174258
-0.0160507
-0.0278279
-0.0243213
-0.0229556
-0.0206192
-0.022002
-0.0209778
-0.03246
-0.0279675
-0.0259731
-0.0233605
-0.0253543
-0.0246393
-0.0357213
-0.0301142
-0.0274133
-0.0245228
-0.0272067
-0.0269003
-0.0366949
-0.0305437
-0.027447
-0.0244396
-0.0275296
-0.0275625
-0.0055481
-0.00376982
-0.00226261
-0.00241721
-0.000913307
-0.00043309
0.000392983
-0.000143125
0.000309698
-3.11782e-05
-0.000172547
6.80985e-05
-1.87368e-05
-7.07095e-05
0
-0.0134352
-0.0102766
-0.00743955
-0.00800806
-0.0046758
-0.0038596
-0.00175355
-0.00268128
-0.000828191
-0.00169776
-0.00238541
-0.000154791
-0.000945051
0.000249167
-0.020234
-0.0169515
-0.0136943
-0.0145718
-0.0103913
-0.00937561
-0.00693988
-0.00799428
-0.00554813
-0.00657746
-0.00749451
-0.00417587
-0.00517891
-0.00288896
-0.0254178
-0.0221453
-0.0186998
-0.0198796
-0.0151733
-0.0138507
-0.0116592
-0.0129325
-0.0106842
-0.0118709
-0.0130096
-0.00955242
-0.0106783
-0.00829136
-0.0302171
-0.0262846
-0.0221808
-0.0238369
-0.0179916
-0.0160384
-0.0137961
-0.0157086
-0.0135239
-0.0152379
-0.0168341
-0.0130818
-0.0146195
-0.0124607
-0.034353
-0.0292663
-0.0241347
-0.0264895
-0.018921
-0.0162106
-0.0135675
-0.0163048
-0.0137736
-0.0163205
-0.0186673
-0.0138981
-0.0162375
-0.0139138
-0.0364877
-0.0305152
-0.0245919
-0.0275283
-0.0186078
-0.0154546
-0.0124545
-0.0156642
-0.0127298
-0.0158708
-0.0188587
-0.0130206
-0.0160591
-0.0133077
-0.0364971
-0.0333435
-0.0303453
-0.0272129
-0.0241959
-0.0273355
-0.0210266
-0.0179724
-0.0147568
-0.0116821
-0.0149061
-0.0118314
-0.0150695
-0.0182813
-0.0120015
-0.0152537
-0.012209
-0.000347467
-0.00629697
-0.0136307
-0.0200165
-0.0249715
-0.0292904
-0.032427
-0.0335971
-0.00306805
-0.000896724
-6.86823e-05
-0.00993512
-0.00468524
-0.0024234
-0.0170432
-0.0105881
-0.00754334
-0.0226071
-0.0158839
-0.0134356
-0.0272106
-0.0194648
-0.0178896
-0.0310768
-0.0213312
-0.0206114
-0.0332627
-0.0216849
-0.0216616
-0.0335352
-0.0212307
-0.0215049
-0.00164642
-0.000893658
-0.000169309
-0.00808426
-0.0056535
-0.00424483
-0.0153875
-0.0121822
-0.0105143
-0.0213502
-0.0180746
-0.0167512
-0.0261056
-0.0224875
-0.0214987
-0.0302301
-0.0256762
-0.0250083
-0.0329105
-0.0273221
-0.0270664
-0.0336056
-0.0274932
-0.0275534
-0.00461648
-0.00298988
-0.00187648
-0.00157552
-0.000262158
-6.80729e-05
-0.000377343
-1.97356e-05
-1.13119e-05
-0.0117999
-0.0088354
-0.00719763
-0.00606276
-0.00324923
-0.00216234
-0.00346135
-0.00129106
-0.000659158
-0.0185854
-0.0153238
-0.0137955
-0.0120538
-0.00869244
-0.0072873
-0.0090698
-0.00587236
-0.00450556
-0.0238084
-0.0204383
-0.0193002
-0.0169415
-0.01341
-0.012419
-0.0147149
-0.0112899
-0.0100391
-0.0282775
-0.0242484
-0.0234056
-0.020092
-0.0158906
-0.0154914
-0.0187305
-0.0149474
-0.0142539
-0.0318133
-0.0267082
-0.0262444
-0.0215408
-0.0162662
-0.0163237
-0.0210234
-0.0162925
-0.0161535
-0.0334881
-0.0275547
-0.0274817
-0.0216137
-0.0155589
-0.0157687
-0.0217053
-0.0159683
-0.0161407
-0.0334128
-0.0272756
-0.0273936
-0.0210952
-0.0148309
-0.0149852
-0.0213721
-0.0151592
-0.0153525
0
-0.003436
-0.011815
-0.0237139
-0.0361118
-0.050392
-0.0693153
-0.092572
-0.11742
0
-0.00180528
-0.0119491
-0.0240714
-0.0358567
-0.049643
-0.0683314
-0.0917278
-0.11681
-0.00173322
-0.00176394
0.000642454
0
-0.00690331
-0.0115024
-0.00628137
-0.0175978
-0.0238401
-0.018041
-0.0298663
-0.0358074
-0.0299336
-0.0428036
-0.0495692
-0.0422728
-0.0592037
-0.0683681
-0.0582965
-0.0805521
-0.0919442
-0.0795938
-0.104983
-0.117091
-0.104268
0.000382104
-0.00594899
-0.0176562
-0.0298343
-0.0422116
-0.0582547
-0.0797269
-0.104545
-0.00136645
-0.000419914
0.000588139
0
-0.00495798
-0.00631128
-0.00363618
-0.00237959
-0.0146346
-0.0176472
-0.0145468
-0.0116348
-0.0267906
-0.0298474
-0.026859
-0.0237991
-0.0393732
-0.0424265
-0.0389218
-0.0359188
-0.0546337
-0.0585994
-0.0537326
-0.0498668
-0.0748118
-0.0800439
-0.0739125
-0.0687185
-0.0987518
-0.104746
-0.0982263
-0.0922014
-0.00237178
-0.000411168
-0.00155783
-0.000273549
0.000721597
0.000804061
0
-0.00921272
-0.00860478
-0.0115661
-0.00901849
-0.00590573
-0.00384171
-0.0206404
-0.0207675
-0.023921
-0.0210795
-0.0177581
-0.014981
-0.0329604
-0.0327997
-0.0357894
-0.0328633
-0.0298655
-0.0270159
-0.0464603
-0.0457422
-0.0494879
-0.0458134
-0.0421571
-0.0389729
-0.0641027
-0.0631383
-0.0682384
-0.0631453
-0.0581487
-0.0537971
-0.086489
-0.0857574
-0.0917914
-0.0855795
-0.07958
-0.0738277
-0.111223
-0.117249
-0.11085
-0.116952
-0.110547
-0.10439
-0.0979776
-5.08845e-05
-0.0041266
-0.0145949
-0.0268368
-0.0390862
-0.0540588
-0.0742505
-0.0984524
-0.00114108
-0.000115355
0.000813004
-0.00884457
-0.00862304
-0.00351741
-0.0207294
-0.0208646
-0.0146383
-0.0328591
-0.032805
-0.0269165
-0.0460023
-0.0456737
-0.0388839
-0.0634911
-0.0630201
-0.053639
-0.0860464
-0.085606
-0.073773
-0.111033
-0.110688
-0.0980732
-0.000954332
-0.000639537
2.13644e-05
0
-0.0041404
-0.0044981
-0.00319419
-0.00284413
-0.0132027
-0.0146268
-0.0130984
-0.0117296
-0.0252543
-0.0268224
-0.0253219
-0.0237695
-0.0377247
-0.0392149
-0.0374848
-0.0360066
-0.0524705
-0.0543129
-0.0519201
-0.0500992
-0.0720293
-0.0745008
-0.071449
-0.0689833
-0.0956536
-0.098593
-0.0953184
-0.0923719
-0.00200534
-0.00168197
-0.000720143
-0.00101358
5.55307e-05
-0.00020792
0.000384122
0.000604148
0.000406656
0.000739564
0.000529525
0
-0.00801621
-0.00902114
-0.00754005
-0.00658309
-0.0072406
-0.00857417
-0.00722999
-0.00588153
-0.00264007
-0.00352651
-0.00247815
-0.00160767
-0.019114
-0.0207004
-0.0191873
-0.017638
-0.0192142
-0.020804
-0.0193157
-0.0176893
-0.0130115
-0.0145676
-0.0130917
-0.0115017
-0.03141
-0.0329073
-0.0313504
-0.0298603
-0.031315
-0.0327941
-0.0313332
-0.0298437
-0.0253557
-0.0268817
-0.0254257
-0.0238725
-0.0445988
-0.0462055
-0.0441813
-0.0425945
-0.0439433
-0.0456835
-0.0438817
-0.0421639
-0.0373469
-0.0388869
-0.0373187
-0.0357867
-0.0616109
-0.0637617
-0.061002
-0.0588665
-0.0606522
-0.06305
-0.0605401
-0.0581717
-0.0516074
-0.0536563
-0.05152
-0.049501
-0.083499
-0.0862471
-0.0830225
-0.0802721
-0.0827189
-0.0856653
-0.0825693
-0.079633
-0.0711037
-0.0738185
-0.0709688
-0.0682761
-0.108106
-0.111129
-0.107894
-0.104861
-0.107702
-0.110766
-0.107543
-0.104462
-0.095077
-0.0981411
-0.094924
-0.0918554
-0.00152709
-0.000207092
4.45914e-05
0.000559283
0.000334577
0
-0.00588032
-0.00517
-0.00609545
-0.00474387
-0.00383764
-0.00202125
-0.0161034
-0.0161134
-0.0176473
-0.0160974
-0.0145615
-0.0115523
-0.0283293
-0.028344
-0.029837
-0.0283501
-0.0268463
-0.0238189
-0.0410625
-0.0407306
-0.0422991
-0.0405406
-0.0389884
-0.0358519
-0.0568752
-0.056285
-0.0583966
-0.0559486
-0.0538663
-0.0496908
-0.0776537
-0.0771178
-0.0798631
-0.0767894
-0.0740556
-0.0685147
-0.101865
-0.101597
-0.104641
-0.101384
-0.09833
-0.0920592
-0.00284554
-0.00169532
-0.00101959
-0.000721587
-0.000766783
-0.00162061
-0.000965901
-0.000135006
0.000274802
0.000738459
0.000867256
0.000835608
0.000836428
0.000557088
0
-0.0104818
-0.0102129
-0.0100295
-0.00869961
-0.0100728
-0.0117106
-0.0104663
-0.00876604
-0.00761884
-0.00603408
-0.00466415
-0.0050158
-0.00361833
-0.00276349
-0.0221772
-0.0222673
-0.0223096
-0.0207469
-0.0224
-0.0239885
-0.0225836
-0.0209562
-0.0195669
-0.0178735
-0.0161966
-0.0165128
-0.0147727
-0.0134587
-0.0345262
-0.0343793
-0.0342943
-0.0328222
-0.0342876
-0.0358136
-0.0343495
-0.0328299
-0.0313952
-0.0298978
-0.0283947
-0.0284775
-0.0269633
-0.0255503
-0.0483873
-0.0478956
-0.0476161
-0.0458484
-0.0475412
-0.0495328
-0.0476896
-0.045715
-0.0440101
-0.0421922
-0.0404942
-0.0405968
-0.0389124
-0.0373964
-0.0666699
-0.0660646
-0.0657119
-0.0632845
-0.0655878
-0.0682558
-0.065697
-0.0630502
-0.0606772
-0.0581882
-0.0558488
-0.0560027
-0.0536835
-0.0516777
-0.0895157
-0.0891085
-0.088835
-0.0858838
-0.0886826
-0.09175
-0.0886369
-0.0855781
-0.0825623
-0.079567
-0.0766457
-0.0766794
-0.0737755
-0.0710425
-0.114334
-0.117336
-0.114155
-0.117167
-0.113981
-0.11094
-0.117021
-0.113824
-0.116883
-0.113677
-0.110616
-0.107411
-0.104327
-0.10123
-0.101121
-0.0980205
-0.0948437
-0.000345085
-0.00361342
-0.0131592
-0.0252987
-0.0375931
-0.0521638
-0.0717072
-0.0954739
-0.00129239
0.000274316
0.000492855
-0.00776277
-0.00719237
-0.00250727
-0.0191661
-0.0192501
-0.0130228
-0.0313805
-0.031317
-0.0253838
-0.044367
-0.0438899
-0.037319
-0.0612715
-0.0605664
-0.051535
-0.0832375
-0.0826256
-0.0710105
-0.107999
-0.107618
-0.09499
-0.000807137
0.000246635
0.00025674
-0.00549137
-0.00491762
-0.00286971
-0.0161223
-0.0160988
-0.0130423
-0.0283425
-0.0283444
-0.0253378
-0.040879
-0.0406178
-0.0374025
-0.0565461
-0.0560868
-0.0517354
-0.0773576
-0.0769294
-0.0712491
-0.101724
-0.101484
-0.0951862
-0.00220076
-0.00130461
-0.000273718
-0.000838968
-0.000806731
0.000386561
0.000759538
0.000894877
0.000533459
-0.0103463
-0.0101007
-0.00736052
-0.0100149
-0.0102184
-0.0073672
-0.0046558
-0.00477978
-0.00256019
-0.0222363
-0.0222875
-0.019198
-0.0223449
-0.0224799
-0.0194201
-0.0161256
-0.0163228
-0.0132329
-0.0344471
-0.0343276
-0.0313272
-0.034281
-0.0343117
-0.0313612
-0.0283664
-0.0284337
-0.0254827
-0.0481137
-0.0477303
-0.0440403
-0.0475525
-0.0475847
-0.0439201
-0.0404992
-0.040526
-0.0373448
-0.066333
-0.0658587
-0.0607967
-0.0656215
-0.0656116
-0.0605751
-0.0558688
-0.0558912
-0.0515652
-0.0892944
-0.0889559
-0.0828505
-0.0887444
-0.0886477
-0.0825486
-0.0766951
-0.0766403
-0.0709787
-0.114245
-0.114066
-0.107794
-0.1139
-0.11375
-0.107476
-0.1013
-0.101173
-0.0948767
