FiniteElementSpace
FiniteElementCollection: L2_2D_P3
VDim: 1
Ordering: 0

0.0121068
0.00519874
0.00622145
0.00844878
0.00389212
0.00256583
0.00423001
0.00650821
0.000866632
0.00108925
0.00235607
0.00388988
0.000681113
0.000889095
0.00147418
0.00205485
0.00271231
0.00246714
0.00216228
0.0019407
0.00214502
0.00196341
0.00173802
0.00157463
0.00157332
0.00145757
0.00131535
0.0012135
0.00125136
0.00117437
0.00108169
0.00101697
0.000245465
0.000184161
0.000118234
7.82947e-05
0.000256852
0.000202445
0.000143633
0.000107656
0.000297044
0.000250377
0.000199906
0.000168905
0.000344357
0.000302541
0.000257567
0.000230086
0.000119485
0.000143687
0.000179703
0.000210784
6.9897e-05
8.44446e-05
0.000107416
0.000128092
4.24463e-05
4.59162e-05
5.4057e-05
6.29941e-05
4.65292e-05
4.25855e-05
4.09946e-05
4.23548e-05
0.000453103
0.000454906
0.000459088
0.000463717
0.000300327
0.000302326
0.000306457
0.000310818
0.0001512
0.000152899
0.000156324
0.000159905
7.30026e-05
7.41261e-05
7.666e-05
7.94414e-05
0.000330992
0.000312122
0.000289108
0.00027266
0.000227153
0.000214224
0.000198713
0.000187842
0.000124643
0.000117821
0.000110013
0.000104865
7.05904e-05
6.72627e-05
6.38561e-05
6.1974e-05
9.17332e-05
8.15488e-05
6.92555e-05
6.05783e-05
6.42761e-05
5.70877e-05
4.85734e-05
4.26894e-05
3.92789e-05
3.50486e-05
3.02861e-05
2.71913e-05
2.8469e-05
2.57721e-05
2.29747e-05
2.13563e-05
6.81458e-06
5.39132e-06
3.78771e-06
2.74702e-06
5.1774e-06
4.10038e-06
2.92386e-06
2.18621e-06
4.63551e-06
3.808e-06
2.95622e-06
2.45967e-06
5.49636e-06
4.68565e-06
3.8825e-06
3.43803e-06
0.00459462
0.00437807
0.00409226
0.00387153
0.0036198
0.00343418
0.00318863
0.00299867
0.00256518
0.00242707
0.00224418
0.00210301
0.00192513
0.00182397
0.00169047
0.00158789
0.000371323
0.000368626
0.00037614
0.000389844
0.000295632
0.000286487
0.000287155
0.000296807
0.000387095
0.000353015
0.000324458
0.000314177
0.000591055
0.000527597
0.000463704
0.000428603
7.03714e-05
1.17532e-05
4.66275e-05
0.00012288
5.8647e-05
1.00768e-05
5.76118e-05
0.000140229
8.55553e-05
6.83217e-05
0.00020801
0.000370698
0.000172895
0.000178391
0.000435435
0.000709271
0.0011116
0.000958195
0.000776242
0.000650644
0.000949649
0.000828849
0.000686346
0.000588598
0.000802122
0.000716251
0.000616524
0.000549382
0.000733248
0.000668626
0.000595331
0.000547412
0.000441743
0.00043157
0.000426873
0.000429627
0.000351368
0.000345748
0.000347062
0.000354499
0.000260772
0.000255759
0.000258665
0.000267959
0.00021266
0.000204146
0.000203616
0.00021116
0.000419005
0.000417923
0.000424953
0.000436824
0.000317866
0.000316207
0.000323252
0.00033564
0.000273762
0.000261721
0.000256871
0.000261329
0.000305667
0.000278722
0.000256132
0.000248256
2.45162e-06
2.83367e-06
1.18026e-05
2.51252e-05
2.10867e-05
1.46339e-05
1.37653e-05
1.8771e-05
7.02643e-05
5.62179e-05
4.4614e-05
4.06615e-05
0.000123805
0.000104786
8.63863e-05
7.6913e-05
0.000288609
0.000270622
0.000252071
0.000241217
0.000292285
0.000280452
0.000269652
0.000264543
0.000299517
0.000297425
0.000299348
0.000304027
0.000308023
0.000314765
0.000328546
0.000342594
0.000391163
0.000374032
0.000358949
0.000352579
0.000343183
0.000332897
0.000326566
0.000326805
0.000280814
0.000278343
0.000282569
0.000291222
0.000234016
0.000236707
0.000248402
0.000263387
0.000328504
0.000347641
0.000375083
0.000398088
0.000208532
0.000221953
0.000241617
0.00025839
9.97612e-05
0.000106317
0.000116734
0.000126157
4.98996e-05
5.16587e-05
5.57576e-05
6.02485e-05
9.75602e-05
9.06528e-05
8.23007e-05
7.62834e-05
0.000164575
0.00015905
0.000152112
0.000146879
0.000290586
0.00028839
0.000285262
0.000282533
0.000419339
0.000420884
0.000422253
0.000422671
0.000178463
0.000164998
0.000149874
0.000139861
0.000223358
0.000213783
0.000203376
0.000196706
0.000302381
0.000300335
0.000299427
0.000299786
0.000380444
0.000386128
0.00039521
0.000403153
0.000440472
0.00042732
0.000411858
0.00040128
0.000298478
0.000289868
0.000280043
0.000273585
0.00015745
0.00015339
0.000149187
0.000146821
8.17406e-05
8.02109e-05
7.91288e-05
7.90284e-05
5.04959e-05
5.06942e-05
5.09111e-05
5.11257e-05
0.000111513
0.000109876
0.000107491
0.000105556
0.000234013
0.000228722
0.000221277
0.000215251
0.000362994
0.000353804
0.000341062
0.000330826
5.8511e-05
5.67082e-05
5.42564e-05
5.23225e-05
0.000129152
0.000126729
0.000123134
0.00012007
0.000267964
0.000264694
0.000259488
0.000254806
0.00041289
0.000408864
0.000402271
0.000396222
0.000197007
0.000180701
0.000160798
0.000146567
0.000136482
0.000125121
0.000111476
0.000101899
7.82213e-05
7.18915e-05
6.46242e-05
5.9797e-05
4.92235e-05
4.56932e-05
4.19797e-05
3.98065e-05
5.06802e-05
4.90382e-05
4.75527e-05
4.69295e-05
7.83473e-05
7.47496e-05
7.07308e-05
6.81837e-05
0.000133666
0.000126051
0.000116889
0.00011048
0.000191374
0.000179489
0.000164893
0.000154432
5.29803e-05
5.26614e-05
5.2594e-05
5.28713e-05
9.76659e-05
9.51206e-05
9.20756e-05
9.00197e-05
0.000187701
0.000180554
0.000171455
0.000164731
0.000282353
0.000270263
0.000254726
0.000243086
3.15735e-05
2.6908e-05
2.14011e-05
1.76155e-05
2.26096e-05
1.92529e-05
1.53845e-05
1.2795e-05
1.5547e-05
1.33978e-05
1.10637e-05
9.61036e-06
1.37872e-05
1.21594e-05
1.05138e-05
9.58859e-06
2.51429e-05
2.29272e-05
2.06151e-05
1.92482e-05
3.0688e-05
2.77526e-05
2.45471e-05
2.25322e-05
4.15573e-05
3.72047e-05
3.22542e-05
2.89843e-05
5.26871e-05
4.68759e-05
4.0138e-05
3.55898e-05
3.98977e-05
3.75046e-05
3.50994e-05
3.37793e-05
5.40036e-05
5.02674e-05
4.61607e-05
4.35781e-05
8.18686e-05
7.54279e-05
6.79258e-05
6.28466e-05
0.000110641
0.00010137
9.03329e-05
8.26672e-05
5.43262e-07
4.1116e-07
2.89837e-07
2.34484e-07
4.56357e-07
2.98835e-07
1.47361e-07
7.06282e-08
8.28374e-07
5.94256e-07
3.63598e-07
2.37588e-07
1.50453e-06
1.16982e-06
8.38346e-07
6.52185e-07
4.26652e-06
3.56764e-06
2.85495e-06
2.44117e-06
4.21041e-06
3.45021e-06
2.67472e-06
2.22668e-06
4.23873e-06
3.35446e-06
2.45317e-06
1.93734e-06
4.35039e-06
3.33708e-06
2.30607e-06
1.72131e-06
1.22413e-05
1.07501e-05
9.17799e-06
8.2269e-06
1.36141e-05
1.18449e-05
9.93668e-06
8.75017e-06
1.63731e-05
1.40636e-05
1.15093e-05
9.87511e-06
1.92182e-05
1.63602e-05
1.31549e-05
1.10733e-05
0.00590524
0.00550585
0.00500402
0.00462013
0.00466357
0.00435963
0.003964
0.00366387
0.00316245
0.0029966
0.00279422
0.00264806
0.00214327
0.00209011
0.00204997
0.00203825
0.00178132
0.00172683
0.00172689
0.00174607
0.00102261
0.00105173
0.00110987
0.00115991
0.000477453
0.000526524
0.000592374
0.000641933
0.000301803
0.000344307
0.000392315
0.000422547
0.000538887
0.000521849
0.000971525
0.00149983
0.00023797
0.000250272
0.000544645
0.000887572
0.000104989
8.10985e-05
0.00020868
0.000374714
8.06495e-05
3.34135e-05
9.28107e-05
0.000181324
0.00182483
0.00162221
0.00137587
0.00120102
0.0014897
0.00133566
0.00114919
0.00101751
0.0011595
0.0010565
0.000933574
0.000848231
0.000980674
0.000908121
0.000823626
0.000766689
0.000894873
0.000836135
0.000768899
0.000724585
0.000728824
0.000691906
0.000652124
0.000628048
0.000568604
0.000551486
0.000537175
0.000532301
0.000486357
0.000478127
0.000475799
0.000480371
0.00110183
0.00104222
0.000971567
0.000923191
0.00083993
0.00080589
0.000768115
0.000744478
0.000594392
0.000582539
0.000574025
0.000572952
0.000475695
0.000472707
0.000476654
0.000485748
6.09037e-05
3.51724e-05
1.27891e-05
4.08613e-06
9.09198e-05
6.36854e-05
3.79989e-05
2.56713e-05
0.000152253
0.000123479
9.45423e-05
7.86867e-05
0.000213262
0.000183462
0.000152639
0.000134851
0.000240454
0.00021083
0.000179807
0.000161515
0.000273389
0.000245857
0.000216801
0.000199412
0.000313907
0.000289817
0.000264702
0.000249892
0.000342107
0.000321172
0.000300078
0.000288265
0.000363348
0.000324358
0.00028252
0.000257003
0.000376068
0.000343453
0.000308969
0.000288345
0.000391311
0.00036613
0.000340671
0.000326441
0.000401095
0.00038092
0.000361894
0.000352517
0.00022639
0.000250689
0.000285626
0.000314968
0.000138537
0.000154617
0.000178471
0.000199001
6.72059e-05
7.36915e-05
8.47241e-05
9.51291e-05
4.2388e-05
4.23504e-05
4.48337e-05
4.85959e-05
3.64931e-05
3.37331e-05
3.2504e-05
3.32778e-05
3.70778e-05
3.05478e-05
2.41077e-05
2.06388e-05
6.51153e-05
5.54402e-05
4.45959e-05
3.74816e-05
0.000106643
9.59761e-05
8.36698e-05
7.52733e-05
5.28747e-05
4.59264e-05
4.02278e-05
3.82705e-05
6.97479e-05
5.89227e-05
4.78187e-05
4.14209e-05
0.000110495
9.67235e-05
8.1469e-05
7.16101e-05
0.000155029
0.000140661
0.000124507
0.000113829
0.000462929
0.000456318
0.000449429
0.000445473
0.000310776
0.000306869
0.000303208
0.000301512
0.000160389
0.000158982
0.000158262
0.00015859
8.00623e-05
7.98794e-05
8.05876e-05
8.1885e-05
4.9014e-05
4.92897e-05
5.04533e-05
5.19968e-05
1.14412e-05
1.21082e-05
1.35539e-05
1.51465e-05
2.99918e-06
3.57202e-06
4.58571e-06
5.61858e-06
2.76386e-05
2.76993e-05
2.78027e-05
2.79572e-05
4.3301e-05
4.41226e-05
4.61159e-05
4.83721e-05
8.65645e-06
8.80182e-06
9.67198e-06
1.08849e-05
4.43137e-06
3.6509e-06
2.98631e-06
2.77089e-06
3.24446e-05
3.09604e-05
2.91206e-05
2.78035e-05
0.000262903
0.000244545
0.000222103
0.000206026
0.000181294
0.000168595
0.000153314
0.000142564
0.000101529
9.46312e-05
8.66917e-05
8.1409e-05
6.04156e-05
5.68058e-05
5.30256e-05
5.08411e-05
4.4605e-05
4.23299e-05
4.02043e-05
3.9227e-05
2.50058e-05
2.44286e-05
2.43908e-05
2.49239e-05
2.27832e-05
2.29938e-05
2.38685e-05
2.50231e-05
3.91422e-05
3.88537e-05
3.90292e-05
3.96195e-05
4.96018e-05
4.7696e-05
4.60395e-05
4.54261e-05
2.34545e-05
2.33474e-05
2.38799e-05
2.48334e-05
1.8168e-05
1.89649e-05
2.05067e-05
2.21178e-05
3.63874e-05
3.67645e-05
3.76588e-05
3.8708e-05
5.62415e-05
4.90576e-05
4.04677e-05
3.44712e-05
3.97513e-05
3.46398e-05
2.86554e-05
2.4575e-05
2.55067e-05
2.23881e-05
1.89325e-05
1.67283e-05
2.02583e-05
1.81067e-05
1.59024e-05
1.46445e-05
1.86043e-05
1.6825e-05
1.50867e-05
1.41693e-05
1.68818e-05
1.55505e-05
1.43732e-05
1.38663e-05
2.06314e-05
1.92199e-05
1.79601e-05
1.7405e-05
2.81831e-05
2.61945e-05
2.42378e-05
2.3191e-05
2.46787e-05
2.25857e-05
2.05426e-05
1.9476e-05
2.03145e-05
1.89689e-05
1.78572e-05
1.74706e-05
2.3793e-05
2.25349e-05
2.15397e-05
2.12443e-05
3.35918e-05
3.17132e-05
2.99551e-05
2.91113e-05
2.30713e-06
1.71541e-06
1.07999e-06
6.92879e-07
1.87712e-06
1.38697e-06
8.76673e-07
5.75999e-07
2.18516e-06
1.72079e-06
1.25578e-06
9.93186e-07
3.11525e-06
2.57315e-06
2.03511e-06
1.73348e-06
3.58613e-06
3.00592e-06
2.42651e-06
2.09783e-06
4.2851e-06
3.65585e-06
3.02589e-06
2.66701e-06
5.65405e-06
4.86799e-06
4.06818e-06
3.6032e-06
7.0612e-06
6.07734e-06
5.0598e-06
4.45706e-06
6.00735e-06
5.19026e-06
4.38189e-06
3.934e-06
6.78452e-06
5.94754e-06
5.12341e-06
4.66922e-06
8.83463e-06
7.79402e-06
6.74232e-06
6.14025e-06
1.12265e-05
9.88839e-06
8.49596e-06
7.6672e-06
0.00371626
0.0034473
0.00310428
0.00284856
0.00288704
0.00268727
0.00243236
0.00224237
0.00203656
0.00191073
0.00175081
0.00163234
0.00154607
0.00146501
0.0013633
0.00128918
0.0013211
0.00126017
0.00118456
0.00113024
0.000949119
0.000916934
0.000879182
0.000853978
0.000608507
0.000600413
0.00059545
0.000596219
0.000453038
0.000453366
0.000461075
0.000472719
0.00163081
0.00154306
0.00143304
0.00135306
0.00110108
0.00105663
0.00100355
0.000967169
0.000633748
0.000622222
0.000614383
0.000613996
0.000437591
0.000434372
0.000440368
0.000452615
0.000391283
0.00039188
0.000401282
0.000415151
0.000297795
0.000295453
0.000302222
0.000314842
0.00030772
0.000289298
0.000277298
0.000277087
0.000411451
0.000372417
0.000335587
0.000317864
0.00049034
0.000437177
0.000383241
0.000353373
0.000688009
0.000603535
0.00051076
0.000452532
0.00109158
0.000957189
0.000802253
0.000698516
0.00151202
0.0013327
0.00112168
0.000976839
0.000719708
0.00064438
0.000563788
0.000514839
0.00103544
0.000928637
0.000808489
0.000730379
0.00161076
0.0014599
0.00128432
0.00116525
0.00217162
0.00198611
0.0017666
0.0016148
0.000239971
0.00027411
0.000318383
0.000350557
0.000227674
0.000244208
0.000268214
0.000288478
0.000422973
0.000411656
0.000405593
0.000406701
0.000752137
0.000705484
0.000663984
0.000638943
0.000954884
0.000882697
0.000809792
0.000771912
0.0014731
0.00133525
0.00118292
0.00108671
0.00231401
0.00208788
0.00182953
0.00165741
0.00307164
0.00277198
0.0024399
0.00221845
0.000233216
0.000291745
0.000633155
0.000985758
0.000371954
0.000506179
0.00113548
0.0018202
0.00139587
0.00118013
0.00209511
0.00309813
0.0035923
0.00218055
0.00307618
0.00413555
0.000588026
0.000483207
0.000363057
0.000283511
0.000539017
0.000452584
0.000353924
0.000288906
0.000512931
0.000446591
0.000371835
0.000323316
0.000518656
0.000464759
0.000405132
0.000367313
0.000517144
0.000469401
0.000417138
0.00038444
0.000490626
0.000454352
0.000415921
0.000392963
0.000463702
0.000439301
0.000415615
0.000403386
0.000447988
0.000430371
0.000415484
0.000409955
0.00069705
0.00064235
0.000581258
0.000542109
0.000610653
0.000572816
0.000532539
0.000508435
0.000524548
0.000502921
0.000483113
0.000474169
0.000477433
0.000463977
0.000454922
0.000454276
0.00042526
0.000410959
0.0004004
0.000398203
0.000353378
0.000345207
0.000342559
0.000346391
0.000269198
0.000265889
0.000270133
0.000279715
0.000212747
0.000210813
0.000217773
0.000230182
0.000173778
0.000171982
0.000179754
0.000193293
9.52903e-05
9.31343e-05
0.00010124
0.000115709
3.22014e-05
2.6157e-05
3.09564e-05
4.43271e-05
1.61306e-05
4.73351e-06
4.42569e-06
1.53906e-05
0.000182672
0.000170973
0.000167023
0.000172525
0.000128905
0.000109423
9.62734e-05
9.54866e-05
0.000115916
8.10588e-05
4.97459e-05
3.65377e-05
0.000151546
0.000101148
5.14739e-05
2.57053e-05
0.000438857
0.000433478
0.000435105
0.000442877
0.000338278
0.000335077
0.0003399
0.000350374
0.000260501
0.000252637
0.000252536
0.000260107
0.000241569
0.000224608
0.000214027
0.000214617
0.000234307
0.000210478
0.000191814
0.000186873
0.00023533
0.000195752
0.000157682
0.000138733
0.00031816
0.000251257
0.000179585
0.000136446
0.000445333
0.00035257
0.000249114
0.000183121
0.000335112
0.000297534
0.000262145
0.00024525
0.000420618
0.000359359
0.000294542
0.000256145
0.000643551
0.00054331
0.00042999
0.000356158
0.00090019
0.000764185
0.000606322
0.000499942
3.40083e-05
5.07703e-05
7.88227e-05
0.000105089
2.27018e-05
3.00731e-05
4.52457e-05
6.10889e-05
3.85507e-05
3.53025e-05
3.60772e-05
4.03744e-05
7.07721e-05
6.05019e-05
5.19702e-05
4.89459e-05
8.85776e-05
7.56021e-05
6.33014e-05
5.7177e-05
0.000119155
0.000103132
8.6414e-05
7.65324e-05
0.000168821
0.000150947
0.000131467
0.000119159
0.000213234
0.000195588
0.000176312
0.000164058
0.000149578
0.000128887
0.000107985
9.63206e-05
0.000187033
0.000165261
0.000142366
0.000128699
0.000237929
0.000216439
0.000193481
0.000179403
0.000277387
0.000257399
0.000236316
0.000223585
0.000231729
0.000215505
0.000197976
0.000186966
0.000258127
0.000247028
0.000235863
0.000229492
0.000303073
0.000300998
0.000301447
0.000303863
0.00034698
0.000353692
0.000365718
0.000377106
0.000368151
0.000380848
0.00040078
0.000418315
0.000412584
0.000438779
0.000476241
0.000507197
0.000508256
0.000554389
0.000618292
0.0006699
0.000615471
0.000679039
0.000766412
0.000836604
0.000305831
0.000318396
0.000340026
0.0003603
0.000299261
0.000324789
0.000363506
0.000397069
0.00031999
0.000363967
0.00042763
0.000481066
0.000362278
0.000421946
0.000507233
0.000578187
0.000343735
0.000325371
0.00030758
0.000298261
0.000321888
0.000310319
0.000301158
0.000298303
0.000291738
0.000289576
0.000292878
0.000299759
0.000268284
0.000273783
0.000287621
0.000303031
0.000246008
0.000256293
0.000276771
0.000297599
0.000196919
0.000217617
0.000252104
0.00028406
0.000158629
0.000193107
0.000246844
0.000294625
0.000152137
0.00019766
0.000267316
0.000328533
0.000198424
0.000203975
0.000219923
0.000238598
0.000123098
0.000134526
0.000158776
0.000184367
5.36294e-05
7.11899e-05
0.000105013
0.000139243
2.50084e-05
4.63777e-05
8.69227e-05
0.000127731
0.00040745
0.000418396
0.000434722
0.000448853
0.000265304
0.000273511
0.000285952
0.00029686
0.000129963
0.000134598
0.00014208
0.00014894
6.18737e-05
6.38264e-05
6.77081e-05
7.17062e-05
3.69244e-05
3.76938e-05
3.98837e-05
4.24669e-05
9.92963e-06
8.81854e-06
8.30445e-06
8.61707e-06
1.35952e-05
1.06239e-05
7.35653e-06
5.29445e-06
4.58376e-05
4.19484e-05
3.72368e-05
3.38639e-05
3.31062e-05
3.28159e-05
3.40908e-05
3.62897e-05
1.82714e-05
1.4977e-05
1.20682e-05
1.08423e-05
3.3143e-05
2.71597e-05
2.04294e-05
1.60065e-05
7.01531e-05
6.31133e-05
5.4791e-05
4.89585e-05
7.30535e-05
6.904e-05
6.39579e-05
6.01394e-05
0.000143925
0.000140204
0.00013513
0.000131033
0.00028056
0.000277975
0.000273833
0.000270026
0.000421935
0.000420767
0.000418048
0.000415002
0.000511194
0.000511066
0.000509449
0.000507055
0.000708994
0.000711246
0.000712183
0.000711334
0.00104025
0.00104577
0.00105034
0.00105179
0.0013581
0.00136617
0.00137364
0.00137701
0.000499427
0.000503648
0.000508276
0.000511015
0.000676188
0.000686536
0.000698603
0.000706636
0.000975038
0.000994617
0.00101815
0.00103454
0.00126413
0.00129179
0.00132554
0.00134953
0.000132924
0.000122727
0.000110855
0.000102642
0.000191391
0.0001838
0.000174944
0.000168748
0.000297998
0.000295947
0.000293864
0.000292503
0.000405205
0.0004091
0.000414505
0.000418671
0.000469976
0.000478075
0.000488803
0.000496929
0.000611923
0.000629624
0.00065241
0.000669439
0.000856648
0.000888959
0.000930448
0.000961561
0.00109695
0.00114225
0.00120062
0.00124462
0.000424887
0.000435955
0.000452015
0.000465276
0.000521067
0.000544373
0.000576094
0.000601158
0.000695164
0.000736933
0.000792734
0.000836288
0.000871978
0.000930121
0.00100758
0.00106797
0.00039333
0.000376077
0.00035523
0.000340489
0.000268424
0.000256783
0.000242986
0.00023346
0.000144454
0.000138552
0.000131948
0.000127736
7.82108e-05
7.55846e-05
7.308e-05
7.1889e-05
5.2379e-05
5.10825e-05
5.01914e-05
5.01534e-05
2.02402e-05
2.05927e-05
2.16665e-05
2.30033e-05
1.22396e-05
1.34241e-05
1.53587e-05
1.71986e-05
3.22758e-05
3.30862e-05
3.43778e-05
3.56181e-05
5.22511e-05
5.17345e-05
5.18398e-05
5.25555e-05
1.58777e-05
1.65459e-05
1.79865e-05
1.95756e-05
6.47421e-06
7.64919e-06
9.47768e-06
1.11684e-05
2.85431e-05
2.93199e-05
3.04234e-05
3.14112e-05
5.16339e-05
5.17889e-05
5.21338e-05
5.25858e-05
0.000104918
0.000102945
0.000100376
9.84935e-05
0.000212283
0.000205952
0.000197534
0.000191054
0.000325354
0.000314343
0.000299724
0.000288432
0.000396394
0.000382246
0.000363503
0.000349031
0.000553367
0.000532108
0.000504034
0.000482367
0.000811941
0.000778778
0.000735195
0.000701665
0.0010555
0.00101089
0.000952481
0.000907688
0.000444644
0.000432812
0.000416518
0.000403486
0.000625628
0.000607776
0.000583432
0.000564081
0.000924728
0.000896659
0.0008588
0.000828951
0.00120767
0.00116963
0.00111869
0.00107879
5.18807e-05
5.14744e-05
5.07996e-05
5.02341e-05
0.000118962
0.000117223
0.000114533
0.000112214
0.000252548
0.000248335
0.000242005
0.000236589
0.000392814
0.000386029
0.000376022
0.000367548
0.000481972
0.000473437
0.000460969
0.00045048
0.000679914
0.000667374
0.000649338
0.000634321
0.00100819
0.000988654
0.000961087
0.000938464
0.00132008
0.0012935
0.00125652
0.00122651
0.000504974
0.000500458
0.000492993
0.000486102
0.000709409
0.000703765
0.000694357
0.00068562
0.00104985
0.00104184
0.00102878
0.00101681
0.00137475
0.00136401
0.00134703
0.00133177
0.000138925
0.000125545
0.000109285
9.77169e-05
9.67324e-05
8.73508e-05
7.6145e-05
6.83265e-05
5.70176e-05
5.1655e-05
4.55456e-05
4.15211e-05
3.82825e-05
3.50933e-05
3.17535e-05
2.98027e-05
3.13867e-05
2.90658e-05
2.68091e-05
2.56509e-05
2.31174e-05
2.18885e-05
2.09881e-05
2.0819e-05
2.55367e-05
2.46214e-05
2.41028e-05
2.42084e-05
3.76394e-05
3.61042e-05
3.48036e-05
3.4333e-05
3.82552e-05
3.58543e-05
3.35463e-05
3.24013e-05
2.48171e-05
2.38493e-05
2.33142e-05
2.34585e-05
2.5297e-05
2.48949e-05
2.50311e-05
2.56453e-05
3.96181e-05
3.86411e-05
3.80221e-05
3.80592e-05
4.61769e-05
4.40412e-05
4.19732e-05
4.09287e-05
6.64731e-05
6.2668e-05
5.8463e-05
5.58151e-05
0.000106814
9.96108e-05
9.10996e-05
8.52533e-05
0.000148686
0.000137898
0.000124868
0.000115684
0.000173564
0.000160538
0.000144688
0.000133421
0.000226963
0.00020902
0.000186938
0.00017104
0.000314276
0.000288339
0.000256174
0.00023282
0.000395297
0.000361949
0.000320472
0.000290261
0.000226268
0.000211663
0.000193613
0.000180578
0.00030193
0.000281289
0.00025554
0.000236745
0.000425671
0.000395164
0.00035689
0.000328767
0.000540826
0.000501099
0.000451168
0.0004144
5.2928e-05
5.19408e-05
5.11825e-05
5.10448e-05
8.88736e-05
8.57302e-05
8.21388e-05
7.98189e-05
0.000161092
0.000153493
0.000144127
0.00013742
0.000236763
0.000224397
0.000208902
0.000197573
0.000283213
0.000267755
0.000248296
0.000233987
0.000384743
0.000362363
0.000334011
0.000312994
0.000551068
0.000517298
0.000474386
0.000442443
0.000706424
0.000661919
0.000605343
0.000563193
0.000341206
0.000325853
0.000306088
0.000291233
0.000470647
0.00044794
0.000418641
0.000396527
0.00068323
0.000648329
0.000603311
0.0005693
0.000882614
0.00083611
0.000776213
0.000730998
1.58498e-05
1.31008e-05
9.91504e-06
7.77329e-06
1.15947e-05
9.58221e-06
7.31291e-06
5.83313e-06
8.83756e-06
7.45574e-06
5.99156e-06
5.10711e-06
8.94991e-06
7.77662e-06
6.60504e-06
5.95437e-06
9.24619e-06
8.14095e-06
7.05695e-06
6.4704e-06
9.82032e-06
8.78048e-06
7.78472e-06
7.26574e-06
1.26212e-05
1.1365e-05
1.01248e-05
9.44485e-06
1.63844e-05
1.47262e-05
1.30157e-05
1.20147e-05
1.34303e-05
1.19948e-05
1.05914e-05
9.84309e-06
1.3265e-05
1.20485e-05
1.09228e-05
1.03789e-05
1.67071e-05
1.5311e-05
1.39841e-05
1.33091e-05
2.22108e-05
2.0315e-05
1.83941e-05
1.73065e-05
1.81903e-05
1.63024e-05
1.43155e-05
1.31209e-05
2.11914e-05
1.88332e-05
1.62694e-05
1.46625e-05
2.70975e-05
2.38211e-05
2.01406e-05
1.77429e-05
3.31425e-05
2.89275e-05
2.41123e-05
2.09159e-05
3.63064e-05
3.15627e-05
2.61073e-05
2.24607e-05
4.2479e-05
3.66584e-05
2.9868e-05
2.52581e-05
5.3146e-05
4.55693e-05
3.66299e-05
3.04894e-05
6.32534e-05
5.40819e-05
4.32061e-05
3.56976e-05
5.87988e-05
5.21387e-05
4.43586e-05
3.90642e-05
7.12149e-05
6.27779e-05
5.27818e-05
4.58738e-05
9.1991e-05
8.06779e-05
6.71266e-05
5.7653e-05
0.000111372
9.74408e-05
8.06719e-05
6.88904e-05
3.26121e-05
3.0206e-05
2.77316e-05
2.63092e-05
4.18131e-05
3.83903e-05
3.46406e-05
3.22822e-05
5.98938e-05
5.4447e-05
4.81799e-05
4.39894e-05
7.84733e-05
7.09267e-05
6.20597e-05
5.59868e-05
8.90175e-05
8.02166e-05
6.97941e-05
6.25938e-05
0.000110974
9.94938e-05
8.5712e-05
7.60478e-05
0.000147187
0.000131376
0.0001122
9.86065e-05
0.000180777
0.000161004
0.000136917
0.000119764
0.000127386
0.000116386
0.000103186
9.39375e-05
0.000162865
0.000148112
0.000130182
0.000117441
0.000221004
0.000200174
0.000174626
0.000156291
0.000274875
0.000248451
0.00021592
0.00019248
1.78802e-07
1.59015e-07
1.19093e-07
9.76845e-08
3.99941e-08
4.78689e-08
6.1116e-08
1.14588e-07
2.00894e-07
1.66319e-07
1.8044e-07
3.14048e-07
5.71468e-07
4.19539e-07
3.64992e-07
5.40654e-07
8.2923e-07
6.14119e-07
4.33844e-07
4.59666e-07
1.11307e-06
7.9142e-07
4.72656e-07
3.66219e-07
1.55131e-06
1.08848e-06
6.01895e-07
3.50451e-07
1.93323e-06
1.3723e-06
7.71502e-07
4.27786e-07
1.84826e-06
1.48297e-06
1.133e-06
9.44508e-07
2.39246e-06
1.97481e-06
1.56383e-06
1.33345e-06
3.27145e-06
2.74089e-06
2.20479e-06
1.89453e-06
4.05843e-06
3.40681e-06
2.73932e-06
2.34793e-06
2.01046e-06
1.4365e-06
8.18331e-07
4.55409e-07
1.80818e-06
1.29133e-06
7.36365e-07
4.19438e-07
1.57134e-06
1.15888e-06
7.19293e-07
4.95312e-07
1.41495e-06
1.09292e-06
7.64649e-07
6.39836e-07
1.20081e-06
9.2333e-07
7.23247e-07
7.74843e-07
8.53311e-07
6.34869e-07
4.56933e-07
4.59461e-07
7.33744e-07
4.86984e-07
2.54496e-07
1.78223e-07
9.20476e-07
5.9096e-07
2.6818e-07
1.23727e-07
4.32679e-06
3.25215e-06
2.14258e-06
1.50169e-06
4.0747e-06
2.96574e-06
1.80933e-06
1.13737e-06
4.17287e-06
2.99674e-06
1.76168e-06
1.04054e-06
4.54671e-06
3.31781e-06
2.0247e-06
1.2683e-06
7.56591e-06
6.48852e-06
5.36619e-06
4.69603e-06
8.001e-06
6.77509e-06
5.47667e-06
4.68701e-06
8.95803e-06
7.44543e-06
5.81315e-06
4.8008e-06
9.98512e-06
8.18605e-06
6.22374e-06
4.9935e-06
1.03951e-05
8.45746e-06
6.33664e-06
5.00382e-06
1.09097e-05
8.73213e-06
6.31956e-06
4.78446e-06
1.2312e-05
9.72006e-06
6.82189e-06
4.96197e-06
1.39074e-05
1.09392e-05
7.60796e-06
5.46372e-06
2.05894e-05
1.74373e-05
1.38845e-05
1.15663e-05
2.30412e-05
1.93141e-05
1.50542e-05
1.22326e-05
2.76474e-05
2.29648e-05
1.75536e-05
1.39293e-05
3.21964e-05
2.66451e-05
2.0199e-05
1.58618e-05
