FiniteElementSpace
FiniteElementCollection: H1_2D_P2
VDim: 2
Ordering: 0

0
0.897982
1.82309
2.79203
3.80246
4.8302
5.85168
6.86026
7.86104
0
1.06162
2.05484
2.99958
3.93358
4.87958
5.84501
6.82854
7.82419
0.447081
0.982728
0.537141
0
1.35583
1.93943
1.5667
2.3016
2.89411
2.53071
3.29324
3.86642
3.46606
4.31597
4.85422
4.40434
5.34255
5.84809
5.3598
6.3574
6.84417
6.33482
7.36114
7.84234
7.32534
0.495502
1.46319
2.41528
3.37777
4.35904
5.35079
6.34588
7.343
0.223578
0.475024
0.248782
0
1.12586
1.41244
1.2237
0.943625
2.06086
2.35992
2.17716
1.88351
3.04143
3.33568
3.13529
2.84383
4.05891
4.33693
4.11232
3.83417
5.08673
5.34587
5.10238
4.84147
6.10494
6.35099
6.09693
5.84912
7.11089
7.35171
7.09352
6.85171
0.671878
0.740046
1.02049
0.801773
0.514481
0.268155
0
1.58815
1.70161
1.99511
1.81262
1.51306
1.31651
2.54535
2.65416
2.94515
2.76571
2.47101
2.29397
3.54707
3.62152
3.89945
3.69953
3.42074
3.23288
4.57319
4.60639
4.86733
4.64135
4.38172
4.16846
5.59755
5.59937
5.8472
5.6018
5.35592
5.11905
6.60914
6.59496
6.83676
6.58124
6.3409
6.08938
7.61114
7.85142
7.5926
7.83341
7.57458
7.33441
7.07661
0.240627
1.17793
2.12088
3.08881
4.08518
5.09377
6.10022
7.10177
0.709279
0.769291
0.256301
1.64749
1.75514
1.26831
2.60087
2.70806
2.23353
3.58423
3.65966
3.18263
4.58912
4.62413
4.14015
5.59767
5.60124
5.11128
6.60146
6.58858
6.09376
7.60155
7.5838
7.08538
0.113436
0.233793
0.121589
0
1.01168
1.15302
1.06078
0.921957
1.94161
2.09157
2.002
1.85412
2.9164
3.06534
2.96608
2.81826
3.93058
4.07192
3.95956
3.81826
4.95854
5.08997
4.96763
4.83558
5.97842
6.10232
5.97471
5.85012
6.98563
7.10618
6.97676
6.8558
0.559369
0.691736
0.592111
0.462254
0.618022
0.754524
0.642358
0.504808
0.124559
0.252455
0.127227
0
1.47168
1.61876
1.52987
1.38518
1.58251
1.72816
1.6344
1.48794
1.10342
1.24584
1.14481
1.00146
2.4231
2.57355
2.48015
2.33133
2.5346
2.68085
2.58956
2.44288
2.05828
2.2051
2.11447
1.96703
3.41993
3.56567
3.45976
3.31458
3.49949
3.64043
3.5401
3.39906
3.01454
3.15873
3.06382
2.91938
4.44458
4.58093
4.46299
4.32627
4.48265
4.61526
4.50282
4.37034
3.98926
4.12616
4.01969
3.88282
5.47016
5.59733
5.47181
5.34393
5.47506
5.60037
5.4785
5.35342
4.97827
5.10688
4.98921
4.8608
6.48335
6.60509
6.47626
6.35396
6.47041
6.59182
6.46468
6.34345
5.97249
6.09541
5.97041
5.84771
7.48616
7.60624
7.47664
7.3563
7.46778
7.58822
7.45906
7.33873
6.96883
7.08948
6.96102
6.84051
0.335039
0.358
0.485802
0.37242
0.244991
0
1.24057
1.29514
1.43822
1.34361
1.20126
0.963649
2.18085
2.24017
2.38777
2.29615
2.14925
1.91176
3.16705
3.21202
3.3567
3.25637
3.11206
2.86903
4.18739
4.21098
4.34788
4.23559
4.09866
3.85022
5.21473
5.21985
5.34822
5.22656
5.09796
4.84773
6.23127
6.22564
6.34835
6.22139
6.09848
5.8485
7.23605
7.22675
7.34729
7.21824
7.09758
6.84787
0.784727
0.826463
0.86161
0.725164
0.895321
1.04035
0.932327
0.784856
0.670008
0.525148
0.385696
0.403265
0.26144
0.132174
0
1.70528
1.76536
1.82056
1.6749
1.87535
2.02419
1.93415
1.78311
1.69016
1.53912
1.39105
1.44217
1.29168
1.18967
2.66833
2.7221
2.77399
2.62762
2.82658
2.97177
2.88275
2.73621
2.64838
2.50013
2.35235
2.4126
2.26299
2.17474
3.6746
3.70904
3.74384
3.60282
3.77945
3.91635
3.81646
3.67932
3.58274
3.44301
3.30159
3.34945
3.20725
3.11627
4.70174
4.71528
4.73026
4.59764
4.74563
4.87364
4.76031
4.63287
4.5227
4.39307
4.26083
4.28627
4.15425
4.0509
5.72472
5.72344
5.72371
5.59841
5.72414
5.84636
5.72326
5.60178
5.48065
5.35811
5.23352
5.23927
5.11539
4.99916
6.73477
6.72661
6.71955
6.59813
6.71261
6.83281
6.70479
6.5851
6.45791
6.33807
6.21726
6.21197
6.09181
5.96706
7.7361
7.85613
7.72646
7.84683
7.71745
7.59702
7.83789
7.7086
7.82888
7.69935
7.57927
7.4499
7.32998
7.20985
7.2009
7.08113
6.95249
0.119322
1.03737
1.97257
2.94151
3.94498
4.96282
5.9763
6.98102
0.576903
0.630034
0.125852
1.50177
1.60825
1.12396
2.45213
2.56182
2.08613
3.43991
3.51962
3.03894
4.45358
4.49272
4.00438
5.4707
5.47684
4.98378
6.47958
6.4676
5.97152
7.48129
7.46345
6.96496
0.347833
0.36571
0.123285
1.26894
1.3198
1.08255
2.21115
2.26836
2.0304
3.1897
3.23419
2.99034
4.19903
4.22319
3.97432
5.21701
5.22309
4.97283
6.22821
6.22342
5.9735
7.23126
7.22244
6.97272
0.80675
0.844522
0.605588
0.878324
0.913134
0.655518
0.378883
0.393813
0.128921
1.7362
1.79328
1.55657
1.84773
1.90398
1.66152
1.36715
1.41586
1.16652
2.6956
2.74812
2.50751
2.80003
2.85403
2.61827
2.32399
2.38173
2.14384
3.6918
3.72637
3.47959
3.7615
3.79773
3.56108
3.27877
3.32508
3.08949
4.70827
4.72266
4.47271
4.73796
4.75313
4.51285
4.24815
4.27354
4.03519
5.7238
5.72347
5.47332
5.724
5.72396
5.47983
5.23009
5.23663
4.99439
6.73049
6.723
6.47325
6.71613
6.70887
6.46149
6.21939
6.21484
5.96898
7.73118
7.7219
7.47215
7.71304
7.70405
7.45457
7.21407
7.20549
6.9569
0
-0.123931
-0.342969
-0.583035
-0.763251
-0.850516
-0.861555
-0.833338
-0.794704
1
0.876477
0.644186
0.407486
0.237638
0.155288
0.142951
0.168217
0.204665
-0.0528729
0.390202
0.955386
0.5
-0.224675
0.152835
0.767336
-0.466256
-0.0940339
0.520702
-0.68404
-0.272359
0.311804
-0.818367
-0.355709
0.185968
-0.863304
-0.363864
0.142338
-0.850167
-0.334109
0.152842
-0.81423
-0.295311
0.186117
0.471386
0.279205
0.0246355
-0.194713
-0.32548
-0.366878
-0.351552
-0.314647
-0.0311331
0.214298
0.495623
0.25
-0.171315
0.0286812
0.337533
0.13639
-0.404746
-0.221967
0.0881938
-0.0951477
-0.635971
-0.44159
-0.147021
-0.340382
-0.793822
-0.574122
-0.301947
-0.520118
-0.859043
-0.616628
-0.363382
-0.605033
-0.856781
-0.601573
-0.358588
-0.613823
-0.823914
-0.564586
-0.324479
-0.584106
-0.0840627
0.435378
0.63705
0.920806
0.718024
0.977817
0.75
-0.282425
0.217054
0.399617
0.706592
0.525737
0.824616
-0.526104
-0.0364946
0.155311
0.462278
0.272421
0.581746
-0.726601
-0.236589
-0.019955
0.271905
0.0563185
0.35713
-0.837131
-0.343255
-0.102394
0.168177
-0.0722968
0.209035
-0.863931
-0.366828
-0.111609
0.141222
-0.113946
0.146846
-0.84221
-0.343251
-0.083299
0.16005
-0.100055
0.14699
-0.804502
-0.545044
-0.304828
-0.0453396
0.195346
-0.0643833
0.177
0.239296
0.0854156
-0.158947
-0.393563
-0.550164
-0.61295
-0.608592
-0.574448
0.17987
0.682367
0.742096
-0.0320696
0.463618
0.58418
-0.282846
0.212025
0.335388
-0.483889
0.01519
0.103181
-0.592269
-0.0899298
-0.0490709
-0.616706
-0.114212
-0.110207
-0.593268
-0.0921124
-0.106712
-0.554742
-0.0547829
-0.0739617
-0.0192474
0.105855
0.246655
0.125
-0.146781
-0.0424253
0.111732
0.00702814
-0.373807
-0.282111
-0.127049
-0.219179
-0.610085
-0.515334
-0.36757
-0.462234
-0.779322
-0.672573
-0.535912
-0.64228
-0.855361
-0.736428
-0.60956
-0.728253
-0.85943
-0.732906
-0.611465
-0.737961
-0.828671
-0.699234
-0.57932
-0.708808
-0.0673572
0.0489688
0.198289
0.0818759
0.45463
0.559946
0.701529
0.595951
0.500643
0.620038
0.748089
0.625
-0.253103
-0.157188
-0.00129608
-0.0977228
0.248498
0.340727
0.495021
0.403034
0.36469
0.461591
0.611433
0.514529
-0.496486
-0.404939
-0.25275
-0.34449
-0.00630459
0.0875319
0.24183
0.148432
0.120474
0.211848
0.367433
0.276447
-0.706066
-0.605845
-0.46348
-0.563406
-0.216395
-0.111274
0.0350223
-0.0697213
-0.121142
-0.0223703
0.128629
0.0302863
-0.828467
-0.71522
-0.583898
-0.696799
-0.335059
-0.217153
-0.081785
-0.19948
-0.287917
-0.176115
-0.035257
-0.146758
-0.864035
-0.740644
-0.617076
-0.740346
-0.367256
-0.240868
-0.114475
-0.240819
-0.360105
-0.237259
-0.106845
-0.229569
-0.846324
-0.717864
-0.597554
-0.72604
-0.347533
-0.217819
-0.0962176
-0.225986
-0.36148
-0.232884
-0.109414
-0.238026
-0.809358
-0.679641
-0.559653
-0.689436
-0.309725
-0.179818
-0.0595756
-0.189552
-0.329337
-0.199286
-0.0786775
-0.208802
-0.0407355
0.227959
0.344185
0.485138
0.368811
0.375
-0.197348
0.0576601
0.154377
0.308961
0.212108
0.264135
-0.435636
-0.190639
-0.0988758
0.0561961
-0.0354549
0.0289175
-0.660684
-0.41826
-0.318678
-0.17156
-0.27077
-0.217617
-0.806857
-0.56289
-0.450352
-0.314451
-0.426623
-0.396809
-0.861674
-0.615279
-0.492142
-0.365612
-0.488606
-0.480857
-0.853668
-0.605274
-0.476747
-0.355259
-0.483822
-0.489128
-0.819084
-0.569528
-0.439658
-0.319575
-0.449533
-0.459209
-0.102972
0.159167
0.41384
0.308675
0.660779
0.757718
0.899738
0.80266
0.93948
0.837781
0.731624
0.96836
0.861283
0.987198
0.875
-0.31245
-0.0634162
0.1851
0.0927376
0.431745
0.522227
0.675477
0.585607
0.737272
0.647204
0.555533
0.796527
0.705217
0.851359
-0.555026
-0.312097
-0.0657719
-0.15999
0.18315
0.281028
0.434357
0.336937
0.491077
0.396521
0.303661
0.550951
0.458709
0.61286
-0.745706
-0.502773
-0.255241
-0.360796
-0.00313251
0.108132
0.254055
0.142873
0.29115
0.183456
0.0790617
0.333798
0.229652
0.381698
-0.844479
-0.599292
-0.350113
-0.468285
-0.0967749
0.0258671
0.161145
0.0384815
0.176432
0.0561474
-0.0614006
0.196819
0.0792692
0.222628
-0.86308
-0.615596
-0.365673
-0.492104
-0.113233
0.015385
0.141768
0.0131481
0.141392
0.0137641
-0.112547
0.144134
0.0178113
0.150542
-0.83786
-0.588771
-0.338763
-0.4684
-0.0877922
0.0423839
0.164042
0.0338536
0.156308
0.0262295
-0.103573
0.149724
0.019918
0.144718
-0.799619
-0.66986
-0.54987
-0.420206
-0.300017
-0.429803
-0.170352
-0.0500304
0.079687
0.199995
0.070274
0.190734
0.0608484
-0.0691883
0.181538
0.0514768
0.172556
0.116136
-0.0168646
-0.250622
-0.489371
-0.658202
-0.732914
-0.735693
-0.704065
0.0666019
0.579243
0.625166
-0.127036
0.372236
0.48888
-0.375038
0.117597
0.244092
-0.585365
-0.091238
0.00334047
-0.706718
-0.208999
-0.162193
-0.740908
-0.241243
-0.233967
-0.722087
-0.222035
-0.235708
-0.684528
-0.184675
-0.204089
0.0949587
0.358011
0.374562
-0.0694473
0.183843
0.238947
-0.313459
-0.0673675
-0.00329205
-0.540048
-0.295413
-0.2448
-0.685438
-0.439231
-0.412484
-0.738881
-0.490861
-0.485296
-0.729666
-0.480474
-0.486731
-0.694347
-0.444606
-0.454414
0.0290307
0.287449
0.327652
0.538297
0.78127
0.821588
0.609663
0.851101
0.869104
-0.187966
0.0609998
0.123939
0.308728
0.554028
0.616734
0.432896
0.676775
0.732283
-0.434054
-0.1893
-0.129794
0.0583944
0.308463
0.366328
0.179908
0.42736
0.490383
-0.624834
-0.379571
-0.34048
-0.129777
0.124768
0.162445
-0.0467386
0.205875
0.254727
-0.722384
-0.475207
-0.460016
-0.223984
0.0315735
0.0466572
-0.188526
0.0670075
0.092973
-0.739637
-0.490944
-0.49253
-0.239771
0.0139461
0.0130643
-0.239516
0.0153233
0.0213039
-0.713421
-0.463887
-0.472705
-0.213395
0.0380293
0.0299051
-0.229624
0.0228825
0.0173985
-0.674752
-0.424961
-0.434718
-0.175038
0.0749858
0.0655659
-0.194432
0.056144
0.0468801
