FiniteElementSpace
FiniteElementCollection: H1_2D_P2
VDim: 2
Ordering: 0

0
0.00674008
0.0122935
0.0123356
0.0056838
-0.00430266
-0.0127983
-0.0189299
-0.0255029
0
0.00354526
0.0103788
0.0185829
0.0228926
0.0211137
0.0153572
0.00858867
0.00182093
0.00323238
0.00499396
0.00155131
0
0.00998938
0.0114801
0.00652522
0.0131765
0.0159864
0.0146423
0.00973789
0.0147993
0.0214858
0.000765027
0.00856988
0.0226996
-0.00891944
0.00124242
0.0185239
-0.0160188
-0.00514566
0.0119714
-0.0219793
-0.011768
0.00525406
0.0019534
0.00822226
0.0142686
0.0161952
0.0120803
0.00482769
-0.00205235
-0.00827407
0.00162456
0.00245333
0.000678882
0
0.00844744
0.00892562
0.00658556
0.00571742
0.0129367
0.0136798
0.0129716
0.0117528
0.0112455
0.013095
0.0162946
0.0142156
0.00328797
0.00659135
0.0135755
0.0104075
-0.00669415
-0.0019385
0.00669779
0.00227933
-0.0144735
-0.0090104
-0.000440022
-0.00571426
-0.0204104
-0.0151193
-0.00668634
-0.0120343
0.00495998
0.00344772
0.00435009
0.00242335
0.00170743
0.000831553
0
0.0112926
0.00987278
0.0111283
0.00836251
0.00752362
0.00491305
0.012981
0.0152952
0.0175011
0.0167014
0.0146791
0.012502
0.00786136
0.0156883
0.0189419
0.0223911
0.019013
0.0202006
-0.00179324
0.010387
0.0147729
0.0220589
0.0173954
0.0229892
-0.0109542
0.00300105
0.00821235
0.0169877
0.0115739
0.019917
-0.0174853
-0.00361212
0.00173363
0.0102724
0.00491853
0.013674
-0.0236739
-0.0186214
-0.00995428
-0.00492624
0.00356734
-0.00145892
0.00692002
0.000897941
0.00734153
0.0128626
0.0138658
0.00860286
0.000129662
-0.00741367
-0.0135461
0.00408535
0.00296873
0.000603558
0.0104174
0.00929462
0.00586741
0.0141455
0.0162228
0.0129516
0.0119267
0.0191772
0.0184468
0.00445662
0.0161873
0.018333
-0.00389101
0.00989434
0.0132159
-0.0105372
0.00331638
0.00655032
-0.0168022
-0.00313357
0.000151139
0.000746667
0.00117305
0.000321856
0
0.00760896
0.00783085
0.00653201
0.00617802
0.0126625
0.0128572
0.0123399
0.0119677
0.0118454
0.0125744
0.0140936
0.0132804
0.00450836
0.0059954
0.00953616
0.00809181
-0.00551722
-0.00323878
0.00119733
-0.000963817
-0.0136558
-0.0109269
-0.00657836
-0.00923241
-0.0196625
-0.016977
-0.0127855
-0.0154805
0.00407953
0.00448958
0.003269
0.0028136
0.00269009
0.00320042
0.00232416
0.00181182
0.000238668
0.000630562
0.00020768
0
0.0106744
0.0107904
0.0096868
0.0093896
0.00904889
0.00960861
0.00839751
0.00789212
0.00578347
0.00623906
0.00509101
0.00467597
0.0131345
0.0135524
0.0139594
0.0134011
0.0148198
0.0158
0.0154793
0.0145123
0.0122451
0.0129964
0.0120465
0.0113344
0.00884279
0.00993377
0.012558
0.011447
0.0159914
0.0174657
0.0191457
0.0176418
0.0161902
0.0174114
0.018019
0.0167855
-0.000515037
0.00138227
0.00553426
0.00372957
0.0112537
0.0132914
0.0168212
0.0147495
0.0142254
0.0159735
0.0186815
0.0168972
-0.00996213
-0.00739153
-0.00293045
-0.00539122
0.00390725
0.00643617
0.0107365
0.00819052
0.00763698
0.00994971
0.0140085
0.0116692
-0.0167591
-0.0140064
-0.00978009
-0.0125045
-0.00283716
-0.000150143
0.00411431
0.00142718
0.000392008
0.00304618
0.00737812
0.0047164
-0.0228096
-0.0202302
-0.0159442
-0.0185452
-0.00909976
-0.00653646
-0.00228546
-0.00485987
-0.00591271
-0.00326309
0.000943966
-0.00170463
0.00242049
0.00164775
0.00216911
0.0012675
0.000769977
0
0.00924353
0.00814148
0.00855369
0.00739957
0.00694108
0.00533137
0.0131091
0.0133114
0.0139803
0.0136491
0.0129148
0.0116064
0.0105421
0.0135319
0.0146776
0.0162962
0.0151084
0.015123
0.00203709
0.00761782
0.00936744
0.0128573
0.0111233
0.0126388
-0.00783045
-0.000917138
0.00145971
0.00575972
0.00343321
0.0054485
-0.0152602
-0.00822296
-0.00552877
-0.00125387
-0.00392217
-0.00222838
-0.0211809
-0.0143221
-0.0116953
-0.00747153
-0.010115
-0.00858899
0.00585197
0.00490133
0.00421619
0.00373805
0.0036431
0.00398363
0.00295343
0.00271941
0.00195389
0.00162752
0.0011262
0.00119428
0.00066074
0.000371308
0
0.011834
0.0111088
0.0106861
0.010129
0.0102079
0.0108223
0.00935266
0.00889168
0.00741798
0.00707974
0.00667896
0.00568895
0.0054363
0.00419785
0.0127149
0.0142317
0.0156859
0.0147349
0.0168998
0.0181079
0.0176716
0.0165328
0.0156896
0.0147334
0.0138329
0.0135773
0.0127988
0.0114332
0.00680622
0.0112072
0.0152889
0.0138424
0.0191082
0.0209387
0.0226936
0.0208198
0.0219889
0.0202976
0.0187793
0.0208895
0.019382
0.0194309
-0.00305898
0.00336867
0.00948947
0.00744985
0.0155018
0.017912
0.0216208
0.0191019
0.0224202
0.0200393
0.0179017
0.0228908
0.0206675
0.0229911
-0.0119002
-0.00481878
0.00211262
-0.000433908
0.00905214
0.0117523
0.0161808
0.0134031
0.0177699
0.015009
0.0124024
0.019241
0.0165287
0.0205429
-0.0182072
-0.0112867
-0.00438011
-0.00707327
0.00252368
0.00516561
0.00942813
0.00678952
0.0111201
0.00843021
0.00573061
0.012823
0.0100878
0.0145194
-0.0245713
-0.0220515
-0.017696
-0.0151941
-0.010844
-0.0133769
-0.00834142
-0.0040111
-0.00152769
0.00270698
0.000240756
0.00441555
0.001917
-0.000648311
0.00608811
0.00354825
0.00775293
0.000414138
0.00701246
0.012452
0.0129814
0.00707047
-0.00211405
-0.0100967
-0.0162229
0.00364714
0.00249303
0.000214953
0.0101137
0.00874529
0.00544585
0.013528
0.0151895
0.0121783
0.0107357
0.017604
0.017146
0.00256077
0.0140453
0.0164765
-0.00641164
0.00731077
0.0108179
-0.0132622
0.000634468
0.00387495
-0.0193708
-0.00568543
-0.00248132
0.0019887
0.00142414
0.000265631
0.00862585
0.00774904
0.00613454
0.0131754
0.0134822
0.0122862
0.0120618
0.0149446
0.0151672
0.00487829
0.0102706
0.0119157
-0.00433294
0.00243859
0.00443886
-0.0117281
-0.00473484
-0.00308713
-0.0177492
-0.0108955
-0.00934804
0.00533515
0.00453282
0.00294763
0.00392808
0.00332854
0.00215241
0.0011769
0.00113625
0.000223548
0.0114108
0.0108841
0.0093494
0.0104746
0.00984637
0.0079671
0.0070553
0.00623475
0.00468552
0.0134704
0.0149772
0.0144
0.0163344
0.017354
0.0156562
0.0137778
0.0137775
0.0118103
0.00904979
0.0132833
0.0143086
0.0172284
0.0209295
0.0206093
0.0175771
0.0198877
0.0187871
0.000204266
0.00645509
0.0084239
0.0124965
0.0185347
0.0196058
0.015395
0.0203953
0.0208502
-0.0083318
-0.00134381
0.000501476
0.00557096
0.0125811
0.014214
0.00907216
0.0157826
0.0172408
-0.0147439
-0.0078323
-0.00630671
-0.000928623
0.00597586
0.00760751
0.00223086
0.0092573
0.0109203
-0.0211246
-0.0142691
-0.0125206
-0.00742089
-0.000627423
0.00108691
-0.00405421
0.00273608
0.00435716
0
0.00333224
0.00578865
0.00367962
-0.00931176
-0.0342887
-0.0657881
-0.09681
-0.125413
0
-0.00112681
0.00138535
-0.00339778
-0.0204251
-0.0472068
-0.0773605
-0.106039
-0.132826
0.00251315
0.000762396
-0.00216465
0
0.00464956
0.00401273
0.000475203
0.00577585
0.0011711
0.000394599
-0.00122353
-0.0138097
-0.0103827
-0.020515
-0.0401772
-0.0329696
-0.0497227
-0.0715706
-0.0622584
-0.0816353
-0.101597
-0.0920112
-0.111308
-0.129183
-0.119556
-0.000348115
0.00257538
0.00387297
-0.00468136
-0.0258823
-0.0557308
-0.0869667
-0.115551
0.00210351
0.000976382
-0.000421735
0
0.00395642
0.00366529
0.00164014
0.00197557
0.00598756
0.00510409
0.00420939
0.00508848
0.00161207
-0.00266774
-0.00134242
0.00273559
-0.0145474
-0.0230534
-0.0195152
-0.0113384
-0.0418633
-0.0527153
-0.0478604
-0.0371618
-0.0737781
-0.0843436
-0.0793547
-0.0687067
-0.104128
-0.113453
-0.108641
-0.0992404
0.00285673
7.03032e-05
-0.000298677
-0.00180263
-0.00141566
-0.00193961
0
0.00530101
0.00341813
0.00273158
0.00109579
0.00147542
-0.000317627
0.00503999
0.0028896
-0.000893606
-0.00111403
0.00226114
0.00119448
-0.00486255
-0.0088465
-0.0167961
-0.0150484
-0.00724093
-0.00648813
-0.0271312
-0.0328089
-0.0434729
-0.0399321
-0.0291299
-0.0264313
-0.057737
-0.0636688
-0.0744455
-0.0698419
-0.0588793
-0.0546832
-0.089317
-0.0943804
-0.103876
-0.0991013
-0.089529
-0.0847608
-0.1184
-0.127303
-0.122378
-0.131027
-0.1262
-0.117594
-0.112847
0.000583456
0.00278208
0.00533937
0.000438291
-0.0168469
-0.0448228
-0.0766044
-0.106414
0.00136329
-0.00101394
-0.00120063
0.00448299
0.00224604
0.000576958
0.00426754
0.00106272
0.00278116
-0.00659784
-0.0116349
-0.00365594
-0.0298631
-0.0361076
-0.0226574
-0.0607137
-0.0666908
-0.0511034
-0.0918906
-0.0967946
-0.0820731
-0.120408
-0.124314
-0.110796
0.00146149
0.00129879
0.000321708
0
0.00362739
0.00336397
0.00236188
0.00262946
0.00593084
0.00573708
0.00526609
0.00549717
0.00273968
0.00110891
0.00168524
0.00329585
-0.0118319
-0.0156553
-0.0140006
-0.0102712
-0.0380321
-0.043341
-0.0409551
-0.0357153
-0.0697979
-0.0752052
-0.0726719
-0.0672598
-0.10049
-0.105278
-0.102847
-0.0980354
0.00267208
0.00207729
0.00114527
0.00172717
-0.000176003
-0.000503901
-0.00126425
-0.000914586
-0.000284891
-0.000824234
-0.000755759
0
0.00498626
0.00493139
0.00409134
0.00417479
0.00301825
0.00283715
0.00188687
0.00201991
0.00118603
0.00109354
0.000127348
0.000208278
0.00547998
0.0047422
0.00476653
0.00552361
0.00346763
0.00202519
0.00175253
0.0031059
0.00416934
0.00352304
0.00282003
0.00338848
-0.00293952
-0.00566468
-0.00453039
-0.00186983
-0.00666254
-0.010169
-0.00933919
-0.00589163
1.54822e-05
-0.0024344
-0.00217242
0.000196571
-0.0237469
-0.0284777
-0.0263895
-0.021754
-0.029283
-0.0344044
-0.0325631
-0.0274441
-0.0165747
-0.0210184
-0.0196448
-0.0152317
-0.0537196
-0.0592346
-0.0567085
-0.0512234
-0.059698
-0.0651671
-0.0627866
-0.0572822
-0.0439874
-0.0494484
-0.0472627
-0.0417809
-0.0855015
-0.0906164
-0.0881419
-0.0830034
-0.0906984
-0.0955979
-0.0931854
-0.0882555
-0.0754809
-0.0807167
-0.0782782
-0.073004
-0.114863
-0.119409
-0.116939
-0.112386
-0.118972
-0.12335
-0.12096
-0.11658
-0.105138
-0.109729
-0.107354
-0.102747
0.00232898
0.000799147
0.00028142
-0.00043086
3.53782e-05
0
0.00429896
0.00322307
0.0031277
0.00211013
0.00220551
0.0013535
0.00593974
0.00528931
0.00454585
0.00411495
0.00482177
0.00458581
0.000294717
-0.0010126
-0.00360587
-0.00290881
-0.000381971
0.00202211
-0.0174424
-0.0198684
-0.0244242
-0.0226224
-0.0181292
-0.0125149
-0.0457664
-0.048748
-0.0542131
-0.0517797
-0.0463239
-0.0386434
-0.0777287
-0.0804964
-0.0856635
-0.0831839
-0.0779855
-0.0701407
-0.107733
-0.109948
-0.114509
-0.112109
-0.107535
-0.100428
0.00307015
0.00164119
0.000387229
0.00069552
-0.000684718
-0.000747294
-0.00149324
-0.00145023
-0.00203996
-0.00184147
-0.00140262
-0.00215411
-0.00158635
-0.00133417
0
0.00557165
0.00482085
0.00375597
0.00397205
0.00253452
0.00205882
0.00129326
0.00166044
0.000817445
0.000955663
0.00103265
8.95367e-05
0.00010232
-0.000731478
0.004444
0.00359264
0.00212589
0.00364309
0.000183022
-0.00209205
-0.00215261
1.41678e-05
-0.000262605
0.00135381
0.00260002
0.00088085
0.00200043
0.00136116
-0.00698448
-0.00886909
-0.0112319
-0.00765729
-0.0141237
-0.0185197
-0.0176505
-0.0132554
-0.0126198
-0.00873404
-0.00534607
-0.00833326
-0.00500543
-0.00483808
-0.0306491
-0.0334589
-0.0364458
-0.0313011
-0.0397496
-0.0452746
-0.0435375
-0.037942
-0.0364045
-0.0309629
-0.025824
-0.0296397
-0.0244531
-0.0233539
-0.0617664
-0.064717
-0.0676294
-0.062188
-0.0705799
-0.0758981
-0.0736142
-0.0682478
-0.066055
-0.0605347
-0.0549802
-0.0584651
-0.0528431
-0.0509268
-0.0930884
-0.0955892
-0.098012
-0.0931448
-0.100357
-0.104976
-0.102589
-0.0979652
-0.0955772
-0.0907833
-0.0858238
-0.0884069
-0.0834228
-0.081079
-0.12192
-0.126359
-0.123863
-0.128246
-0.125779
-0.121397
-0.130113
-0.127665
-0.131932
-0.129508
-0.125265
-0.122882
-0.118588
-0.114208
-0.116212
-0.111838
-0.109458
0.000766908
0.00297982
0.00566514
0.00229851
-0.0128687
-0.0394877
-0.0712478
-0.101677
0.00188242
-0.000753694
-0.000526492
0.00456766
0.00245223
0.000637313
0.00520969
0.00265403
0.00351668
-0.00366455
-0.00793005
-0.00101705
-0.0250437
-0.0308649
-0.01804
-0.0552208
-0.0612245
-0.0455861
-0.0868347
-0.0919511
-0.0768791
-0.115906
-0.119972
-0.106257
0.00154338
0.000140056
-1.13511e-05
0.00376738
0.00266734
0.00176309
0.00569367
0.00475478
0.00475925
-0.000279282
-0.00189109
0.000920062
-0.0186198
-0.0211976
-0.0152321
-0.0472584
-0.0502501
-0.0424494
-0.0791262
-0.0818474
-0.0740805
-0.108846
-0.111036
-0.104001
0.00232682
0.000995439
0.000458413
-0.000176533
-0.00112699
-0.00169811
-0.000940266
-0.0018185
-0.000997835
0.00524581
0.00431691
0.00356925
0.00315585
0.00190849
0.00133696
0.00156103
0.000537697
-0.000332673
0.0041069
0.00292621
0.0041783
0.00120795
-0.000938681
0.000777205
0.00339077
0.00175912
0.00209658
-0.00786744
-0.00998838
-0.00552951
-0.0126062
-0.0157986
-0.0108978
-0.00406012
-0.00676787
-0.00344566
-0.0320395
-0.0349219
-0.027797
-0.0380486
-0.0415717
-0.0344011
-0.0241581
-0.0276426
-0.0214082
-0.0632523
-0.0661727
-0.0581967
-0.0690964
-0.0720853
-0.0643944
-0.0533518
-0.0566804
-0.0490368
-0.0943499
-0.0968098
-0.089429
-0.0991952
-0.101491
-0.0943966
-0.0845094
-0.087125
-0.0796791
-0.122896
-0.124824
-0.117961
-0.126727
-0.128593
-0.121932
-0.113168
-0.115225
-0.108423
