FiniteElementSpace
FiniteElementCollection: L2_2D_P3
VDim: 1
Ordering: 0

0.0043682
0.00220267
0.00311799
0.00442408
0.00143342
0.00107936
0.00202393
0.00315315
0.000311702
0.000412836
0.000995413
0.00166371
0.000236857
0.000260998
0.000505426
0.000762494
0.00177027
0.00167525
0.00154909
0.00145126
0.00121242
0.00114727
0.00106031
0.000992567
0.00066789
0.000632172
0.000584314
0.000546964
0.000382854
0.000362809
0.000336129
0.000315502
0.000582484
0.00052815
0.000460126
0.000410379
0.000393455
0.000355827
0.000309101
0.000275267
0.000218761
0.000197945
0.000172826
0.000155268
0.000136799
0.000125223
0.000112121
0.000103724
3.4552e-05
2.21501e-05
1.0345e-05
4.65401e-06
2.49342e-05
1.70763e-05
1.05276e-05
8.34375e-06
2.94549e-05
2.57895e-05
2.40894e-05
2.51356e-05
4.50731e-05
4.33184e-05
4.3821e-05
4.63239e-05
0.000116348
0.000134728
0.000160996
0.000182865
0.000105683
0.000119904
0.000140468
0.000157736
9.98558e-05
0.000109022
0.00012275
0.000134573
0.000100828
0.000106351
0.000115244
0.000123281
0.000389639
0.000395495
0.000403713
0.000410457
0.000315523
0.000319686
0.00032566
0.00033065
0.000234638
0.000236744
0.00024004
0.000242971
0.000183768
0.000184397
0.00018583
0.000187374
0.000324999
0.000307887
0.000286508
0.00027084
0.000260772
0.00024716
0.000230225
0.000217877
0.000189974
0.000180273
0.000168322
0.000159711
0.000145015
0.000137849
0.000129149
0.000122994
7.66759e-05
6.5085e-05
5.13809e-05
4.19637e-05
6.40992e-05
5.46803e-05
4.35925e-05
3.601e-05
5.07446e-05
4.37166e-05
3.55204e-05
2.99753e-05
4.27467e-05
3.72255e-05
3.08582e-05
2.66072e-05
0.0026569
0.00254994
0.00240247
0.00228412
0.00184955
0.00176734
0.00165303
0.00156074
0.00104826
0.000993875
0.000917784
0.000856175
0.000617544
0.000581021
0.000529439
0.00048736
0.000297111
0.000279153
0.000262595
0.000254859
0.000544319
0.000513422
0.000482143
0.000464611
0.00102986
0.000973471
0.000911355
0.000872004
0.00151203
0.00143063
0.00133768
0.00127613
9.49171e-05
3.69109e-05
8.61866e-05
0.000180815
0.000117448
9.59348e-05
0.000247275
0.000443463
0.000228026
0.000257471
0.000605326
0.000996511
0.000438091
0.000481368
0.00100648
0.0015822
0.00108965
0.00101757
0.000924149
0.00085335
0.000743317
0.000693305
0.000628509
0.000579473
0.000409854
0.000382033
0.000346316
0.0003196
0.000239855
0.000224213
0.000204673
0.000190536
0.000178101
0.000172686
0.000168862
0.000168394
0.000298997
0.000287308
0.000275995
0.000270273
0.000534278
0.000510212
0.000483735
0.000467102
0.000771308
0.000734818
0.000692928
0.000665075
0.00021519
0.00020621
0.000198612
0.00019587
0.000387915
0.000370799
0.000353804
0.000344716
0.000726084
0.000693675
0.000658269
0.0006362
0.00106543
0.00101833
0.000964885
0.000929855
0.000226246
0.000191753
0.000150936
0.000122939
0.000150662
0.000127046
9.97355e-05
8.15573e-05
9.01486e-05
7.73554e-05
6.35789e-05
5.53087e-05
7.12197e-05
6.42439e-05
5.78221e-05
5.49977e-05
0.000147443
0.000144095
0.000142248
0.000142762
0.000192261
0.000185101
0.000178409
0.000175297
0.000274402
0.000259734
0.000243589
0.000233484
0.00035529
0.000332994
0.000307285
0.000290144
0.000159128
0.000155301
0.000153109
0.000153579
0.000238086
0.00022928
0.00022093
0.000216911
0.000388503
0.000369762
0.000349029
0.000335938
0.000539051
0.00051021
0.00047684
0.000454463
1.03011e-05
1.76622e-05
3.08355e-05
4.36436e-05
1.87858e-05
2.5139e-05
3.64955e-05
4.75146e-05
3.79642e-05
4.26106e-05
5.12729e-05
5.98529e-05
5.82045e-05
6.12139e-05
6.75234e-05
7.4121e-05
0.000117692
0.000113327
0.000109509
0.000107944
0.00011818
0.000112116
0.000106083
0.000102826
0.000118529
0.000109865
0.000100596
9.49885e-05
0.000118771
0.000107826
9.58225e-05
8.83132e-05
0.000135563
0.000131867
0.000129289
0.000128997
0.000154208
0.000147822
0.000141764
0.000138832
0.000186007
0.000174649
0.000162328
0.00015477
0.000216229
0.000199961
0.000181541
0.000169547
0.000273214
0.000290295
0.000313738
0.000332594
0.000227274
0.000240203
0.000258124
0.00027265
0.000179525
0.000187527
0.000198958
0.000208441
0.000151342
0.000155897
0.00016286
0.000168925
6.43644e-05
6.04246e-05
5.62297e-05
5.36529e-05
4.81516e-05
4.39082e-05
3.92824e-05
3.63508e-05
3.09965e-05
2.6993e-05
2.26753e-05
1.99785e-05
2.13457e-05
1.80306e-05
1.46484e-05
1.27002e-05
9.24551e-05
8.78442e-05
8.32471e-05
8.07109e-05
8.18402e-05
7.63225e-05
7.05282e-05
6.70683e-05
6.75745e-05
6.12654e-05
5.45231e-05
5.04085e-05
5.65864e-05
4.99846e-05
4.30115e-05
3.88428e-05
0.000406855
0.000398794
0.000388859
0.000381682
0.000326436
0.000319825
0.000311726
0.000305921
0.000237713
0.000232668
0.000226582
0.000222301
0.000181228
0.000177149
0.00017235
0.000169073
2.74987e-05
2.63591e-05
2.52511e-05
2.46989e-05
1.13198e-05
1.06264e-05
1.00313e-05
9.8192e-06
7.8001e-07
5.72592e-07
5.07708e-07
6.23141e-07
1.42204e-06
1.49049e-06
1.70627e-06
1.97655e-06
4.09906e-05
3.84545e-05
3.57177e-05
3.40172e-05
2.32942e-05
2.09059e-05
1.83046e-05
1.66647e-05
8.93289e-06
7.11622e-06
5.18135e-06
3.99173e-06
5.21747e-06
4.13019e-06
3.09404e-06
2.55313e-06
0.000193815
0.000176089
0.000154301
0.000138627
0.000157096
0.000142984
0.000125715
0.000113359
0.000117009
0.000106926
9.4708e-05
8.60685e-05
9.19262e-05
8.44427e-05
7.54933e-05
6.9267e-05
2.17888e-05
2.10943e-05
2.05855e-05
2.05169e-05
1.31493e-05
1.30395e-05
1.32324e-05
1.36549e-05
7.11241e-06
7.27444e-06
7.77035e-06
8.38606e-06
6.72695e-06
6.69376e-06
6.92098e-06
7.3204e-06
2.30417e-05
2.25741e-05
2.23169e-05
2.2419e-05
1.02586e-05
1.03736e-05
1.08081e-05
1.13884e-05
2.44039e-06
2.86963e-06
3.63221e-06
4.40185e-06
3.69612e-06
3.99074e-06
4.52728e-06
5.0856e-06
1.32212e-05
9.63691e-06
5.83674e-06
3.58837e-06
1.2037e-05
8.72102e-06
5.21054e-06
3.1349e-06
1.109e-05
8.10895e-06
4.96921e-06
3.11963e-06
1.08339e-05
8.08209e-06
5.20342e-06
3.51657e-06
8.72263e-06
7.294e-06
5.8385e-06
4.99969e-06
7.13721e-06
6.00245e-06
4.86515e-06
4.22058e-06
5.3444e-06
4.49589e-06
3.67143e-06
3.22108e-06
4.21005e-06
3.50418e-06
2.83953e-06
2.49271e-06
1.74825e-05
1.61413e-05
1.48108e-05
1.40985e-05
1.28294e-05
1.19828e-05
1.1237e-05
1.09269e-05
8.74135e-06
8.23333e-06
7.88235e-06
7.83958e-06
7.18965e-06
6.6954e-06
6.35295e-06
6.31052e-06
0.00325965
0.00308561
0.00285667
0.00267248
0.0023435
0.0022043
0.00201581
0.00186711
0.00134714
0.00126742
0.00116039
0.0010772
0.000762945
0.000728335
0.000685697
0.00065531
0.0005546
0.000527433
0.000500361
0.000480309
0.000236255
0.000232766
0.000226277
0.000219419
0.000102631
0.000108123
0.000113292
0.000115299
0.000169792
0.000184499
0.000199725
0.000207599
0.000193364
0.000150407
0.000301024
0.000487369
0.000110514
5.54092e-05
0.000107155
0.000192767
9.10623e-05
1.39197e-05
9.19088e-06
4.56291e-05
9.10608e-05
1.94394e-05
3.92937e-05
9.94455e-05
0.00140343
0.00132144
0.00121372
0.00113102
0.000960269
0.000903535
0.000828807
0.000771331
0.000529492
0.000498022
0.000456663
0.000424987
0.000305941
0.00028821
0.000265274
0.000248048
0.00021875
0.000206487
0.000191026
0.000179752
0.00010752
0.000102385
9.69056e-05
9.37275e-05
7.7475e-05
7.53337e-05
7.47813e-05
7.60886e-05
0.000137366
0.000133101
0.000130629
0.000131086
0.000270867
0.000257018
0.000238889
0.000225127
0.000127077
0.000121075
0.000114208
0.000109757
8.19536e-05
7.88792e-05
7.72422e-05
7.77918e-05
0.000149381
0.000143469
0.000139242
0.000138626
0.000384846
0.000340035
0.000285229
0.000246161
0.000258191
0.000227271
0.000189974
0.000163837
0.000146385
0.000129399
0.000109799
9.68318e-05
9.92489e-05
8.98748e-05
8.00507e-05
7.44443e-05
8.3664e-05
7.73656e-05
7.1473e-05
6.8807e-05
6.72562e-05
6.49438e-05
6.41448e-05
6.5281e-05
8.41945e-05
8.35596e-05
8.50342e-05
8.79565e-05
0.000125263
0.000123343
0.000123361
0.000125324
0.000107106
9.92688e-05
9.10368e-05
8.63529e-05
7.22137e-05
6.92527e-05
6.74118e-05
6.76178e-05
8.02286e-05
7.94647e-05
8.07398e-05
8.34932e-05
0.000125486
0.000123387
0.000123254
0.000125167
2.68117e-06
8.62149e-07
2.56062e-06
6.96668e-06
7.7327e-06
7.47604e-06
1.06114e-05
1.56494e-05
2.55417e-05
2.63171e-05
3.02374e-05
3.54341e-05
4.70473e-05
4.78392e-05
5.15142e-05
5.63082e-05
5.81175e-05
5.87866e-05
6.21318e-05
6.65401e-05
7.44505e-05
7.46812e-05
7.71897e-05
8.07518e-05
9.88191e-05
9.76084e-05
9.8076e-05
9.99484e-05
0.000119601
0.000116629
0.000114813
0.000114942
5.42713e-05
5.32025e-05
5.4423e-05
5.73375e-05
6.90967e-05
6.87253e-05
7.05794e-05
7.37654e-05
9.64599e-05
9.54962e-05
9.6424e-05
9.87788e-05
0.000123243
0.000120703
0.000119608
0.000120435
0.000194386
0.000213656
0.000240468
0.000262292
0.000166564
0.000181295
0.000202003
0.000218992
0.000140204
0.000149515
0.000163013
0.000174346
0.000126771
0.00013226
0.000140755
0.00014822
0.000120277
0.00012402
0.000130181
0.00013581
0.000107248
0.000108283
0.000110828
0.000113614
9.31534e-05
9.12298e-05
8.98768e-05
8.96363e-05
8.43062e-05
8.05526e-05
7.68347e-05
7.47926e-05
0.000101134
0.000104972
0.000111582
0.000117798
9.88295e-05
0.000100026
0.000103058
0.000106423
9.67068e-05
9.48767e-05
9.38881e-05
9.41086e-05
9.55085e-05
9.16762e-05
8.8093e-05
8.63332e-05
0.000412091
0.0004108
0.000409631
0.000409128
0.000331707
0.000330332
0.00032902
0.000328379
0.00024332
0.000241747
0.000240174
0.000239329
0.000187244
0.000185451
0.000183643
0.000182654
0.000161004
0.000159141
0.000157231
0.000156156
0.00011751
0.000115576
0.000113559
0.000112389
7.16531e-05
6.97052e-05
6.76547e-05
6.64457e-05
4.46287e-05
4.27392e-05
4.07561e-05
3.95899e-05
0.000159906
0.000159887
0.000160466
0.000161347
0.000119975
0.000118986
0.000118288
0.000118178
7.7613e-05
7.56609e-05
7.37044e-05
7.26216e-05
5.23534e-05
4.99039e-05
4.73044e-05
4.57289e-05
0.000261434
0.000242952
0.000220002
0.000203299
0.000210499
0.000195819
0.000177667
0.000164524
0.000154551
0.000144122
0.000131348
0.000122207
0.000119219
0.000111544
0.00010227
9.57443e-05
0.00010267
9.62802e-05
8.86231e-05
8.32917e-05
7.49954e-05
7.06488e-05
6.55577e-05
6.21198e-05
4.62275e-05
4.40165e-05
4.16059e-05
4.01447e-05
2.97112e-05
2.87388e-05
2.78807e-05
2.7563e-05
0.000124
0.00011802
0.000110823
0.000105786
8.91752e-05
8.50817e-05
8.02685e-05
7.70048e-05
5.28982e-05
5.07935e-05
4.8491e-05
4.70911e-05
3.19892e-05
3.10552e-05
3.02271e-05
2.99187e-05
3.73351e-05
2.98477e-05
2.13297e-05
1.57548e-05
3.22821e-05
2.59886e-05
1.88499e-05
1.41891e-05
2.71418e-05
2.21633e-05
1.6555e-05
1.29184e-05
2.42843e-05
2.01232e-05
1.54734e-05
1.24846e-05
2.28148e-05
1.90545e-05
1.48657e-05
1.21814e-05
1.96958e-05
1.66721e-05
1.33454e-05
1.12446e-05
1.64947e-05
1.42624e-05
1.18655e-05
1.03967e-05
1.46972e-05
1.29356e-05
1.10944e-05
1.00057e-05
3.88787e-05
3.40671e-05
2.85479e-05
2.48869e-05
3.16625e-05
2.80378e-05
2.39491e-05
2.12932e-05
2.41682e-05
2.17855e-05
1.9197e-05
1.7598e-05
1.98836e-05
1.82185e-05
1.6499e-05
1.55142e-05
0.00221135
0.00209763
0.00194528
0.00182618
0.00151419
0.00143659
0.00133188
0.00124953
0.000833227
0.000790874
0.000733251
0.000687644
0.000475641
0.000451835
0.000419375
0.000393706
0.000334238
0.000317845
0.000295614
0.000278145
0.000153038
0.00014544
0.000136262
0.000129868
9.14318e-05
8.67925e-05
8.3485e-05
8.2998e-05
0.000169632
0.000161014
0.000154023
0.000151803
0.000444882
0.000414324
0.000373566
0.000341924
0.000206262
0.000190154
0.000170578
0.000156746
0.000114808
0.000105473
9.75523e-05
9.4488e-05
0.000206064
0.000192026
0.000180044
0.000175183
0.000247349
0.000235035
0.000223934
0.000219107
0.000451939
0.000430096
0.000408067
0.000395911
0.000850746
0.000811643
0.000768886
0.000742173
0.0012472
0.00119231
0.00113018
0.00108958
0.00148668
0.00142211
0.0013483
0.00129945
0.00198835
0.00190399
0.001806
0.00173978
0.00275002
0.00263797
0.00250588
0.00241505
0.00341055
0.00327625
0.00311677
0.00300617
0.00178346
0.00169445
0.00159075
0.00152031
0.00231948
0.00222276
0.0021097
0.00203261
0.00309997
0.00300205
0.00288835
0.00281139
0.00374608
0.00365687
0.00355452
0.00348635
0.00024286
0.000259593
0.000284035
0.000302433
0.000485792
0.000505963
0.00053959
0.000569775
0.00102774
0.00103438
0.00106032
0.0010874
0.00163942
0.00160718
0.00159827
0.00159719
0.00199013
0.00194051
0.00189158
0.00186488
0.00274255
0.00261431
0.00246668
0.00236661
0.00373696
0.00352492
0.00327297
0.00309724
0.00449231
0.00421409
0.00391184
0.00370867
0.000571526
0.000701346
0.00133572
0.00202815
0.000872654
0.00104473
0.00208748
0.00328974
0.00266788
0.0021147
0.00338385
0.00491744
0.00621106
0.00362811
0.00462463
0.00600864
0.00081738
0.000754142
0.000673471
0.000613309
0.00055517
0.000511301
0.000455558
0.000414197
0.000306596
0.000282232
0.000251815
0.000229726
0.000183636
0.000170005
0.000153701
0.000142483
0.000137279
0.00012798
0.000117416
0.000110646
8.03749e-05
7.67422e-05
7.37772e-05
7.29447e-05
7.73576e-05
7.63159e-05
7.71896e-05
7.96064e-05
0.000126907
0.000124397
0.000123829
0.000125481
0.000174372
0.000163617
0.000150661
0.000141701
9.20473e-05
8.76935e-05
8.35115e-05
8.15411e-05
7.62143e-05
7.47259e-05
7.49952e-05
7.69254e-05
0.000130465
0.000127269
0.000125954
0.000127136
0.00016718
0.000162724
0.000159898
0.000160017
0.000266093
0.000256043
0.000246416
0.000241665
0.00045687
0.00043569
0.000412302
0.000397552
0.000648626
0.000616184
0.000578755
0.000553728
0.000764197
0.000724779
0.000678629
0.000647194
0.00100683
0.000952763
0.000888141
0.000843002
0.00138449
0.00130846
0.00121608
0.00115032
0.00171969
0.0016248
0.00150856
0.00142509
0.000914694
0.000870552
0.000819146
0.00078434
0.00121596
0.00115578
0.00108428
0.00103465
0.00168205
0.00159794
0.00149631
0.00142441
0.00209342
0.00198884
0.00186141
0.00177041
0.000193355
0.000186516
0.00018119
0.000179819
0.000338602
0.000324679
0.000311049
0.000303973
0.0006228
0.000595144
0.000564848
0.000545908
0.000909086
0.000867853
0.000820804
0.000789746
0.00108253
0.00103298
0.000975654
0.000937147
0.00144706
0.00138009
0.00130109
0.00124672
0.00200835
0.00191548
0.00180407
0.00172588
0.00250156
0.0023866
0.00224748
0.00214888
0.00127085
0.00121484
0.00115049
0.00110761
0.00170244
0.00162784
0.00154056
0.00148107
0.00236389
0.00226195
0.00214068
0.00205638
0.00294268
0.00281761
0.00266747
0.00256205
0.000108966
8.54328e-05
5.91524e-05
4.2436e-05
7.25236e-05
5.67052e-05
3.97885e-05
2.97041e-05
5.09572e-05
4.26664e-05
3.49386e-05
3.14017e-05
5.30795e-05
4.86771e-05
4.57419e-05
4.56539e-05
5.71587e-05
5.42804e-05
5.31674e-05
5.43446e-05
6.59302e-05
6.49154e-05
6.59765e-05
6.86172e-05
9.29081e-05
9.21478e-05
9.3427e-05
9.61405e-05
0.00012496
0.000122783
0.000122286
0.000123689
6.69745e-05
6.23319e-05
5.88198e-05
5.81155e-05
6.52385e-05
6.35727e-05
6.37423e-05
6.56939e-05
8.86283e-05
8.79878e-05
8.94598e-05
9.2369e-05
0.000125372
0.000123416
0.000123308
0.0001251
0.000141954
0.000138514
0.000136413
0.000136619
0.000172667
0.000165984
0.000159722
0.000156787
0.000227285
0.000214359
0.000200223
0.000191459
0.000280306
0.000261091
0.000239093
0.000224565
0.000309797
0.00028667
0.000259782
0.000241669
0.000369737
0.000338403
0.000301114
0.000275263
0.000469323
0.00042539
0.000372227
0.00033464
0.000562485
0.000507497
0.000440459
0.000392661
0.000402113
0.000375051
0.00034336
0.00032181
0.000498952
0.000461848
0.000417398
0.000386324
0.000655142
0.000602703
0.00053884
0.000493332
0.000797999
0.000732169
0.000651392
0.000593344
0.000152865
0.000149398
0.000147527
0.000148131
0.000213785
0.000205928
0.000198545
0.000195071
0.00032794
0.000311345
0.000293003
0.000281452
0.00044145
0.000415956
0.000386459
0.000366693
0.000508571
0.000477521
0.000441043
0.000416125
0.000648594
0.000605832
0.000554479
0.000518453
0.000870714
0.000810177
0.000736283
0.000683464
0.00107115
0.000995179
0.000901738
0.000834378
0.000629159
0.000594032
0.000552776
0.000524585
0.000817951
0.000769596
0.000711582
0.000670905
0.00111417
0.00104586
0.000962565
0.000903062
0.00137896
0.00129343
0.00118832
0.00111258
5.12303e-05
6.55381e-05
8.71511e-05
0.000105952
5.36533e-05
6.49979e-05
8.23563e-05
9.75826e-05
6.40769e-05
7.16286e-05
8.36843e-05
9.45548e-05
7.69411e-05
8.15964e-05
8.97219e-05
9.74486e-05
8.29977e-05
8.62827e-05
9.25022e-05
9.86727e-05
8.99709e-05
9.10521e-05
9.42131e-05
9.7894e-05
9.89569e-05
9.72838e-05
9.67412e-05
9.74936e-05
0.000105535
0.000101838
9.86661e-05
9.74079e-05
6.80803e-05
7.02582e-05
7.53349e-05
8.08702e-05
8.15948e-05
8.23321e-05
8.52985e-05
8.90366e-05
9.96867e-05
9.82277e-05
9.81857e-05
9.95053e-05
0.000113694
0.000110307
0.000107758
0.00010716
0.000105839
0.000101255
9.69294e-05
9.47911e-05
9.99874e-05
9.41263e-05
8.81286e-05
8.47093e-05
9.11912e-05
8.37249e-05
7.57562e-05
7.09296e-05
8.37779e-05
7.51365e-05
6.58354e-05
6.01496e-05
7.72034e-05
6.80568e-05
5.82326e-05
5.22562e-05
6.22424e-05
5.24029e-05
4.1862e-05
3.54966e-05
4.69292e-05
3.61359e-05
2.47722e-05
1.81236e-05
3.91498e-05
2.76522e-05
1.5828e-05
9.19763e-06
0.000116243
0.000104044
9.05663e-05
8.2057e-05
0.000108985
9.44301e-05
7.81091e-05
6.76131e-05
0.000105163
8.70264e-05
6.6519e-05
5.32093e-05
0.000107194
8.59717e-05
6.19531e-05
4.63642e-05
0.000127601
0.000123566
0.000120374
0.00011946
0.000136202
0.000129995
0.00012398
0.000120917
0.000149958
0.000140011
0.000129306
0.000122798
0.000162615
0.000149118
0.000134057
0.000124429
0.000167341
0.000151734
0.000134101
0.000122646
0.000174935
0.000155074
0.000132151
0.000116853
0.000193886
0.000167474
0.000136531
0.000115504
0.000215918
0.000183759
0.000145858
0.000119927
0.000231629
0.000212347
0.000190193
0.00017549
0.000261656
0.000236126
0.000206104
0.000185593
0.000315183
0.00028003
0.000237997
0.000208708
0.000367742
0.000324123
0.000271592
0.000234685
0.000341385
0.000353711
0.000370582
0.000384121
0.000279243
0.000288437
0.000301165
0.000311472
0.000212457
0.000217924
0.000225775
0.000232317
0.00017124
0.000174092
0.000178588
0.00018259
0.000151825
0.000153503
0.000156454
0.000159256
0.000118716
0.000118602
0.000119195
0.000120167
8.33221e-05
8.1358e-05
7.95346e-05
7.86452e-05
6.1904e-05
5.89002e-05
5.57372e-05
5.3828e-05
0.000137968
0.000140959
0.000145853
0.000150303
0.000114206
0.000114793
0.000116504
0.000118472
8.85902e-05
8.66281e-05
8.49996e-05
8.43881e-05
7.28056e-05
6.93424e-05
6.57784e-05
6.36939e-05
5.16464e-05
4.83558e-05
4.4802e-05
4.25787e-05
3.42502e-05
3.08997e-05
2.72212e-05
2.48677e-05
1.81255e-05
1.52537e-05
1.21529e-05
1.02073e-05
1.13332e-05
9.26618e-06
7.20125e-06
6.04015e-06
9.23083e-06
7.86107e-06
6.69479e-06
6.21594e-06
9.0838e-06
9.48342e-06
1.05581e-05
1.17539e-05
2.0444e-05
2.36987e-05
2.84864e-05
3.253e-05
3.96583e-05
4.55759e-05
5.38836e-05
6.06678e-05
1.6487e-05
1.38565e-05
1.13915e-05
1.01677e-05
9.19803e-06
8.40046e-06
8.31852e-06
8.92691e-06
8.51045e-06
1.07343e-05
1.46888e-05
1.84794e-05
1.61527e-05
2.12532e-05
2.91106e-05
3.60197e-05
7.83035e-05
7.39074e-05
6.93487e-05
6.66586e-05
6.42974e-05
5.93169e-05
5.39721e-05
5.06648e-05
4.75083e-05
4.23507e-05
3.68156e-05
3.33984e-05
3.61174e-05
3.12904e-05
2.62815e-05
2.33451e-05
2.90788e-05
2.47384e-05
2.0428e-05
1.80802e-05
1.57263e-05
1.28448e-05
1.04985e-05
9.71728e-06
4.57578e-06
4.15299e-06
5.22847e-06
7.25468e-06
1.97618e-06
3.94901e-06
8.41506e-06
1.32593e-05
4.87223e-05
4.22072e-05
3.54495e-05
3.153e-05
3.22203e-05
2.6313e-05
2.04772e-05
1.73796e-05
1.52341e-05
1.04398e-05
6.38431e-06
4.92634e-06
6.60291e-06
2.98641e-06
8.40435e-07
1.15085e-06
0.000376018
0.000362474
0.000345541
0.00033312
0.000301385
0.000290534
0.00027703
0.00026718
0.000218992
0.000211133
0.000201461
0.0001945
0.000166532
0.000160595
0.000153417
0.000148363
0.000142025
0.000136997
0.000130975
0.000126784
0.000101575
9.80001e-05
9.38214e-05
9.1007e-05
5.93094e-05
5.72895e-05
5.5081e-05
5.37343e-05
3.4812e-05
3.37323e-05
3.27105e-05
3.22445e-05
0.000154831
0.000151226
0.000147025
0.000144195
0.000111257
0.000108427
0.000105208
0.000103108
6.55454e-05
6.35779e-05
6.14496e-05
6.01601e-05
3.8856e-05
3.74456e-05
3.60196e-05
3.52495e-05
2.44319e-05
2.3746e-05
2.32009e-05
2.30731e-05
9.78954e-06
9.6375e-06
9.71875e-06
1.00176e-05
7.80288e-07
1.02109e-06
1.51814e-06
2.06244e-06
2.16814e-06
2.44653e-06
2.9235e-06
3.40001e-06
6.00768e-06
6.17117e-06
6.45726e-06
6.75623e-06
1.96594e-05
1.93948e-05
1.90275e-05
1.87512e-05
5.20455e-05
5.07396e-05
4.89222e-05
4.74606e-05
8.96143e-05
8.70652e-05
8.3583e-05
8.0809e-05
5.09614e-06
5.26451e-06
5.5604e-06
5.85394e-06
1.87877e-05
1.90805e-05
1.94202e-05
1.96562e-05
5.21265e-05
5.23438e-05
5.24609e-05
5.24297e-05
9.13256e-05
9.12517e-05
9.0918e-05
9.04848e-05
3.29097e-05
3.11257e-05
2.92496e-05
2.81418e-05
1.56646e-05
1.41979e-05
1.26707e-05
1.17807e-05
3.28121e-06
2.37407e-06
1.47797e-06
9.96524e-07
2.17996e-06
1.8017e-06
1.52072e-06
1.45365e-06
4.7406e-06
4.70771e-06
4.82763e-06
5.03041e-06
1.60093e-05
1.67451e-05
1.77431e-05
1.85256e-05
4.59454e-05
4.77384e-05
4.99897e-05
5.16379e-05
8.24381e-05
8.50665e-05
8.83381e-05
9.07154e-05
5.75882e-06
5.23678e-06
4.90148e-06
4.87084e-06
1.21998e-05
1.30457e-05
1.43872e-05
1.55645e-05
3.44485e-05
3.74159e-05
4.14366e-05
4.46055e-05
6.39351e-05
6.88084e-05
7.52851e-05
8.03165e-05
0.000130125
0.000114895
9.64614e-05
8.34338e-05
0.000106686
9.44806e-05
7.97766e-05
6.94413e-05
8.13505e-05
7.25003e-05
6.19435e-05
5.4611e-05
6.57402e-05
5.90354e-05
5.11379e-05
4.57364e-05
5.83353e-05
5.26344e-05
4.59682e-05
4.14507e-05
4.53357e-05
4.12592e-05
3.6588e-05
3.35047e-05
3.18347e-05
2.94462e-05
2.685e-05
2.52601e-05
2.41061e-05
2.26855e-05
2.12806e-05
2.05493e-05
8.01281e-05
7.38578e-05
6.6419e-05
6.12968e-05
6.00578e-05
5.57255e-05
5.06982e-05
4.73364e-05
3.92158e-05
3.68992e-05
3.43803e-05
3.28502e-05
2.72763e-05
2.61187e-05
2.5042e-05
2.4565e-05
2.02784e-05
1.92615e-05
1.83481e-05
1.79671e-05
1.36975e-05
1.32305e-05
1.29755e-05
1.30539e-05
8.55838e-06
8.39433e-06
8.48988e-06
8.80331e-06
7.3937e-06
7.12447e-06
7.07625e-06
7.27508e-06
7.21249e-06
6.76043e-06
6.47992e-06
6.50613e-06
8.67555e-06
7.6329e-06
6.58409e-06
6.02302e-06
1.59713e-05
1.36018e-05
1.08725e-05
9.06229e-06
2.60566e-05
2.21965e-05
1.76059e-05
1.44332e-05
7.60041e-06
7.28787e-06
7.15102e-06
7.27186e-06
1.22453e-05
1.10949e-05
9.85839e-06
9.12984e-06
2.60895e-05
2.31856e-05
1.96998e-05
1.72741e-05
4.32979e-05
3.84757e-05
3.25604e-05
2.83264e-05
2.24596e-05
2.19749e-05
2.17158e-05
2.18302e-05
1.17185e-05
1.1831e-05
1.22867e-05
1.28994e-05
4.84039e-06
5.22492e-06
5.9701e-06
6.75539e-06
5.38016e-06
5.55195e-06
5.98956e-06
6.51654e-06
7.49377e-06
7.35334e-06
7.37246e-06
7.57011e-06
1.57851e-05
1.47198e-05
1.35026e-05
1.27274e-05
3.69573e-05
3.39884e-05
3.02918e-05
2.76154e-05
6.20705e-05
5.70255e-05
5.06637e-05
4.59738e-05
6.91564e-06
6.95165e-06
7.1245e-06
7.38392e-06
1.85085e-05
1.77522e-05
1.68293e-05
1.61988e-05
4.63834e-05
4.39526e-05
4.08017e-05
3.84256e-05
7.88007e-05
7.45096e-05
6.8932e-05
6.4692e-05
2.6255e-06
1.5782e-06
6.20399e-07
2.24233e-07
2.21215e-06
1.36297e-06
5.68193e-07
2.61219e-07
2.21489e-06
1.49719e-06
8.22361e-07
6.26733e-07
2.61115e-06
1.84419e-06
1.16208e-06
1.0446e-06
2.95254e-06
2.11863e-06
1.2446e-06
8.87049e-07
3.23856e-06
2.2371e-06
1.19143e-06
6.90564e-07
3.70206e-06
2.49327e-06
1.25355e-06
6.11254e-07
4.11307e-06
2.77441e-06
1.41741e-06
6.98251e-07
1.06419e-05
8.06783e-06
5.40191e-06
3.85715e-06
9.96311e-06
7.76559e-06
5.49351e-06
4.17471e-06
9.40528e-06
7.60276e-06
5.74492e-06
4.66473e-06
9.19498e-06
7.62206e-06
6.00561e-06
5.06498e-06
4.08788e-06
2.75641e-06
1.42025e-06
7.15915e-07
3.45543e-06
2.28424e-06
1.15729e-06
6.23949e-07
2.71215e-06
1.78957e-06
9.74901e-07
7.06367e-07
2.2144e-06
1.49258e-06
9.42122e-07
9.12146e-07
1.68484e-06
1.11526e-06
8.57585e-07
1.13332e-06
7.30153e-07
4.92847e-07
4.23846e-07
6.3348e-07
1.0137e-07
7.42373e-08
1.00356e-07
2.1068e-07
1.14171e-07
1.24222e-07
1.34337e-07
1.59117e-07
3.40453e-06
2.78186e-06
2.18943e-06
1.87483e-06
1.81616e-06
1.38812e-06
9.93796e-07
7.95716e-07
8.48655e-07
5.32483e-07
2.49114e-07
1.16095e-07
9.39735e-07
6.2161e-07
3.32071e-07
1.95113e-07
1.34171e-05
1.18956e-05
1.03356e-05
9.43742e-06
1.04689e-05
9.36205e-06
8.27393e-06
7.68556e-06
7.5608e-06
6.79197e-06
6.08585e-06
5.74644e-06
6.07512e-06
5.41001e-06
4.81823e-06
4.55158e-06
5.07818e-06
4.46086e-06
3.92857e-06
3.70739e-06
3.42157e-06
2.81915e-06
2.28075e-06
2.03848e-06
3.22639e-06
2.37381e-06
1.51821e-06
1.0456e-06
4.63478e-06
3.38491e-06
2.05293e-06
1.25242e-06
6.35974e-06
5.80716e-06
5.39501e-06
5.30544e-06
5.65834e-06
4.83274e-06
4.05919e-06
3.69015e-06
8.14941e-06
6.54956e-06
4.80556e-06
3.7265e-06
1.28399e-05
1.03029e-05
7.40906e-06
5.50739e-06
