FiniteElementSpace
FiniteElementCollection: H1_2D_P2
VDim: 2
Ordering: 0

0
0.921992
1.84355
2.76436
3.69707
4.65411
5.63223
6.61486
7.58816
0
1.086
2.12503
3.1091
4.05347
4.98318
5.92012
6.87373
7.84003
0.461294
1.00695
0.545992
0
1.38315
1.98746
1.61274
2.30349
2.93834
2.62332
3.22821
3.87487
3.58478
4.17231
4.81727
4.51856
5.14143
5.77515
5.44982
6.12411
6.74411
6.3948
7.10298
7.71437
7.35603
0.504887
1.50132
2.46595
3.40705
4.34436
5.29431
6.25884
7.22968
0.231611
0.485273
0.251993
0
1.15262
1.44433
1.25516
0.966579
2.07351
2.38652
2.22759
1.91751
2.99578
3.31876
3.17298
2.85286
3.93385
4.25864
4.10927
3.78668
4.89719
5.21754
5.05527
4.73564
5.87819
6.19091
6.01672
5.70319
6.8593
7.166
6.98693
6.67898
0.691487
0.756787
1.04599
0.817419
0.524129
0.272091
0
1.61346
1.74541
2.05589
1.87068
1.55669
1.35116
2.53369
2.70277
3.02303
2.86765
2.54414
2.37586
3.46191
3.6409
3.96323
3.81979
3.49505
3.34802
4.41243
4.58032
4.89956
4.75075
4.43058
4.28626
5.38655
5.5343
5.84762
5.68444
5.37171
5.21612
6.36974
6.50136
6.80935
6.63377
6.32709
6.1569
7.34588
7.65111
7.47221
7.77754
7.59794
7.29329
7.11454
0.244298
1.20601
2.15247
3.08571
4.02207
4.97603
5.9469
6.92269
0.726194
0.786433
0.259668
1.6815
1.80772
1.30278
2.6199
2.78462
2.3013
3.55233
3.72942
3.25971
4.49649
4.66474
4.19683
5.45999
5.6092
5.13518
6.43499
6.56793
6.08695
7.40879
7.5355
7.05119
0.117355
0.238869
0.122936
0
1.0373
1.18002
1.08643
0.945006
1.95854
2.11363
2.03511
1.88119
2.87996
3.0412
2.96928
2.80912
3.81525
3.97816
3.90424
3.74215
4.77549
4.93657
4.85569
4.69489
5.75519
5.91236
5.82499
5.66755
6.73717
6.89084
6.80088
6.64674
0.576353
0.709567
0.605752
0.474005
0.631029
0.771539
0.65563
0.514326
0.125682
0.255738
0.128355
0
1.49833
1.64816
1.56306
1.41444
1.62362
1.77661
1.68256
1.52905
1.13131
1.279
1.17474
1.02647
2.41854
2.57736
2.50328
2.34561
2.58453
2.74368
2.66465
2.50505
2.10776
2.26447
2.17893
2.02172
3.34489
3.50746
3.43546
3.27389
3.52398
3.68505
3.61233
3.45096
3.05575
3.21628
3.14156
2.98064
4.29216
4.45453
4.3774
4.21561
4.46222
4.6224
4.54759
4.38733
3.992
4.15292
4.08003
3.91892
5.26389
5.42314
5.33866
5.1794
5.41419
5.57169
5.49034
5.33293
4.93614
5.09512
5.01726
4.8583
6.24697
6.40217
6.31295
6.15731
6.38006
6.53467
6.44743
6.29298
5.89586
6.05182
5.96718
5.81135
7.22452
7.37724
7.28746
7.13436
7.35098
7.50391
7.41439
7.26154
6.86552
7.01911
6.93022
6.77677
0.346311
0.364832
0.495386
0.378466
0.248315
0
1.2679
1.32531
1.47318
1.3785
1.23093
0.987094
2.18849
2.2696
2.42653
2.34698
2.19035
1.95282
3.11185
3.20219
3.36306
3.29006
3.12954
2.89583
4.05286
4.1402
4.30151
4.22672
4.06571
3.83086
5.01918
5.09665
5.25584
5.17467
5.01559
4.77641
6.00117
6.06888
6.22478
6.13772
5.98172
5.73908
6.98124
7.0444
7.1978
7.10832
6.95476
6.71148
0.806701
0.846492
0.882108
0.741794
0.916552
1.06575
0.952124
0.801643
0.681985
0.534658
0.392013
0.409491
0.265042
0.133795
0
1.72853
1.79964
1.86669
1.7138
1.93215
2.09023
1.9983
1.83898
1.74217
1.58449
1.43009
1.4824
1.32674
1.21902
2.64895
2.73641
2.82069
2.6616
2.90406
3.06576
2.98871
2.82585
2.74586
2.58347
2.42303
2.5
2.33834
2.25087
3.57929
3.66939
3.75785
3.59673
3.84637
4.008
3.93677
3.77425
3.70248
3.53957
3.37753
3.46664
3.30354
3.22886
4.53308
4.61591
4.69867
4.53839
4.78206
4.94115
4.86692
4.70748
4.63465
4.47426
4.31367
4.40244
4.24121
4.16995
5.50934
5.58151
5.65463
5.49706
5.72829
5.88389
5.80214
5.64679
5.56701
5.41067
5.25333
5.33286
5.17549
5.09957
6.49237
6.55701
6.62272
6.4681
6.68857
6.8417
6.75364
6.601
6.51415
6.36106
6.20692
6.27571
6.122
6.03837
7.46708
7.61956
7.52998
7.68271
7.59334
7.44047
7.74601
7.65657
7.80893
7.71898
7.56686
7.47695
7.32482
7.17221
7.23522
7.08303
6.99404
0.121116
1.06258
1.99748
2.92511
3.85998
4.81558
5.78992
6.76885
0.591776
0.643208
0.126962
1.53138
1.65314
1.15304
2.4615
2.62459
2.14338
3.39055
3.56805
3.09861
4.33489
4.50477
4.03589
5.30117
5.45219
4.97659
6.27977
6.41377
5.9315
7.25589
7.38274
6.89792
0.356309
0.371933
0.124428
1.29731
1.35226
1.10921
2.22966
2.30859
2.07177
3.15745
3.2463
3.01273
4.0967
4.18348
3.94818
5.05785
5.13559
4.89586
6.03483
6.10321
5.86033
7.01268
7.07632
6.83314
0.827321
0.864615
0.618689
0.899299
0.934076
0.668482
0.385039
0.400223
0.130115
1.76476
1.83351
1.59369
1.89947
1.96501
1.71215
1.40434
1.45602
1.19664
2.69322
2.7788
2.54419
2.86235
2.94609
2.70499
2.38502
2.46127
2.21467
3.62465
3.71372
3.47986
3.80199
3.89122
3.65705
3.33372
3.42175
3.18489
4.57454
4.65726
4.41981
4.74024
4.82425
4.59083
4.27006
4.35774
4.12465
5.54528
5.61798
5.37634
5.69142
5.76521
5.52861
5.21391
5.29297
5.05823
6.5245
6.58979
6.34642
6.65568
6.72126
6.48092
6.17232
6.24141
6.00282
7.49845
7.56164
7.31919
7.62502
7.68792
7.44582
7.14032
7.20388
6.9623
0
-0.10229
-0.333708
-0.659484
-1.02984
-1.39365
-1.71562
-1.99244
-2.24709
1
0.873546
0.616138
0.269928
-0.104589
-0.457736
-0.764473
-1.03011
-1.2793
-0.0363549
0.401646
0.94925
0.5
-0.203343
0.151117
0.759861
-0.487763
-0.190745
0.450249
-0.842404
-0.568349
0.0826838
-1.2154
-0.929935
-0.286116
-1.56089
-1.24438
-0.617242
-1.85861
-1.51346
-0.901097
-2.12075
-1.76364
-1.15513
0.476079
0.291162
-0.0118192
-0.378573
-0.753791
-1.09373
-1.38327
-1.63891
-0.01892
0.225145
0.497136
0.25
-0.148809
0.0471197
0.350512
0.153914
-0.40814
-0.248388
0.0720853
-0.0890139
-0.749961
-0.610587
-0.28399
-0.424519
-1.12323
-0.985591
-0.66196
-0.799735
-1.47879
-1.32847
-1.01348
-1.16296
-1.78846
-1.62167
-1.31513
-1.481
-2.05704
-1.87997
-1.57652
-1.75336
-0.0645331
0.443742
0.641357
0.91659
0.716813
0.971051
0.75
-0.265206
0.224421
0.38629
0.691258
0.528748
0.82096
-0.57181
-0.0997246
0.0409919
0.361414
0.221269
0.535478
-0.935973
-0.473633
-0.336443
-0.0113424
-0.147234
0.176721
-1.30571
-0.843266
-0.694862
-0.37335
-0.520535
-0.196374
-1.63982
-1.17066
-1.00565
-0.692326
-0.856732
-0.53906
-1.92646
-1.44921
-1.27246
-0.966336
-1.14319
-0.833947
-2.18404
-2.00536
-1.7011
-1.52159
-1.21722
-1.39735
-1.0929
0.245194
0.104555
-0.166191
-0.516744
-0.893435
-1.24732
-1.55267
-1.81704
0.194424
0.684161
0.739451
-0.0176531
0.460793
0.589244
-0.334779
0.132578
0.306145
-0.705193
-0.242124
-0.0525763
-1.0756
-0.609138
-0.42946
-1.40634
-0.932756
-0.777437
-1.68841
-1.20862
-1.07567
-1.9426
-1.45935
-1.3352
-0.0113052
0.114724
0.249671
0.125
-0.124525
-0.0211921
0.130289
0.0268946
-0.370234
-0.286741
-0.126926
-0.210815
-0.704425
-0.633353
-0.470374
-0.541907
-1.07665
-1.00859
-0.846734
-0.915003
-1.4366
-1.36337
-1.20553
-1.27862
-1.75241
-1.67078
-1.51719
-1.59856
-2.02488
-1.93709
-1.78533
-1.87299
-0.0492371
0.0661915
0.211061
0.0957125
0.46118
0.565006
0.701797
0.59763
0.501114
0.619496
0.746074
0.625
-0.233413
-0.140758
0.015602
-0.0773121
0.258663
0.343334
0.495647
0.410764
0.377157
0.470769
0.616408
0.522473
-0.529285
-0.453097
-0.291112
-0.367767
-0.055327
0.016817
0.177342
0.105201
0.112263
0.189676
0.346867
0.269348
-0.889104
-0.820739
-0.657846
-0.72658
-0.426094
-0.357827
-0.194701
-0.26277
-0.237144
-0.168065
-0.00560104
-0.0745725
-1.26083
-1.19097
-1.0309
-1.10079
-0.79885
-0.726412
-0.565171
-0.637321
-0.615334
-0.545807
-0.383155
-0.452422
-1.60077
-1.52336
-1.36781
-1.44498
-1.13261
-1.052
-0.895145
-0.975522
-0.972109
-0.895736
-0.736552
-0.812649
-1.8928
-1.80756
-1.65529
-1.74031
-1.41648
-1.32911
-1.17613
-1.26345
-1.28011
-1.19566
-1.041
-1.1253
-2.15242
-2.06332
-1.9113
-2.00037
-1.67001
-1.58027
-1.42834
-1.51821
-1.5451
-1.45597
-1.30394
-1.39311
-0.0262027
0.236528
0.351944
0.488122
0.372418
0.375
-0.175134
0.0767986
0.169948
0.321811
0.228451
0.278814
-0.447354
-0.206714
-0.129708
0.0306877
-0.0465579
0.0316483
-0.795992
-0.563516
-0.494547
-0.331167
-0.400251
-0.307427
-1.16952
-0.939745
-0.869902
-0.708133
-0.777862
-0.68415
-1.52025
-1.2883
-1.21138
-1.05402
-1.13068
-1.04672
-1.82386
-1.58748
-1.50266
-1.3495
-1.43413
-1.36294
-2.08897
-1.84857
-1.75949
-1.60777
-1.69687
-1.63353
-0.082293
0.175323
0.423876
0.320245
0.663982
0.758368
0.896347
0.801331
0.934276
0.833909
0.729372
0.96157
0.856456
0.982152
0.875
-0.298679
-0.0525593
0.188537
0.104085
0.424304
0.501903
0.654462
0.576777
0.726448
0.645116
0.559987
0.791426
0.705969
0.848398
-0.615246
-0.379284
-0.144901
-0.216954
0.0870891
0.155855
0.315944
0.247472
0.406225
0.336311
0.264241
0.493379
0.421434
0.576448
-0.982926
-0.752521
-0.521081
-0.589455
-0.289402
-0.220483
-0.0581144
-0.126607
0.0356142
-0.0320562
-0.0998236
0.129748
0.0623814
0.223481
-1.35002
-1.11963
-0.886971
-0.959677
-0.652377
-0.57657
-0.415923
-0.491456
-0.330078
-0.403465
-0.475274
-0.241539
-0.312973
-0.15071
-1.67812
-1.44406
-1.20791
-1.28877
-0.969579
-0.885398
-0.728757
-0.812887
-0.655169
-0.737326
-0.817494
-0.57855
-0.658562
-0.498795
-1.95965
-1.72107
-1.48151
-1.56897
-1.24071
-1.15147
-0.998378
-1.08771
-0.933929
-1.02242
-1.10972
-0.867791
-0.955123
-0.799528
-2.21559
-2.12618
-1.97394
-1.88453
-1.7323
-1.82187
-1.64267
-1.49042
-1.40045
-1.24825
-1.33834
-1.18617
-1.27632
-1.36632
-1.12405
-1.21418
-1.0616
0.120926
0.00389281
-0.248094
-0.587354
-0.96193
-1.32138
-1.63503
-1.90517
0.082213
0.582604
0.624423
-0.108169
0.377923
0.497713
-0.409946
0.0614409
0.230167
-0.773596
-0.310306
-0.121112
-1.14617
-0.682196
-0.499307
-1.48458
-1.01417
-0.854595
-1.7742
-1.29652
-1.16082
-2.03186
-1.54923
-1.42465
0.106551
0.363698
0.376242
-0.0482982
0.200167
0.254698
-0.326667
-0.087568
-0.0067854
-0.679797
-0.447268
-0.3536
-1.05491
-0.824128
-0.731172
-1.40458
-1.17144
-1.0891
-1.70586
-1.4687
-1.39889
-1.9688
-1.72824
-1.66532
0.0476826
0.300697
0.337367
0.544941
0.781096
0.818963
0.610002
0.846397
0.865708
-0.17501
0.0686375
0.137886
0.307106
0.540102
0.611827
0.441749
0.676543
0.733293
-0.49712
-0.261841
-0.172873
-0.0285586
0.201953
0.292297
0.147983
0.379397
0.462312
-0.867909
-0.636877
-0.541975
-0.405229
-0.173677
-0.0793702
-0.21532
0.0152272
0.109293
-1.23514
-1.00356
-0.915102
-0.769905
-0.534391
-0.4478
-0.591832
-0.358504
-0.266943
-1.56135
-1.32625
-1.25049
-1.08903
-0.849509
-0.775499
-0.936042
-0.698348
-0.617966
-1.84047
-1.60143
-1.53606
-1.36128
-1.11975
-1.05529
-1.22985
-0.989049
-0.920588
-2.09475
-1.85314
-1.79069
-1.6114
-1.36937
-1.30732
-1.48714
-1.24529
-1.18293
