FiniteElementSpace
FiniteElementCollection: H1_2D_P2
VDim: 2
Ordering: 0

0
-0.00417422
-0.00897145
-0.0122112
-0.0118797
-0.0102788
-0.0124768
-0.0213791
-0.0342409
0
0.00358579
7.66023e-05
-0.00705639
-0.0113179
-0.010474
-0.0104399
-0.0177154
-0.0299114
-0.00201503
0.000195113
0.00247494
0
-0.0065579
-0.00431329
0.00267449
-0.0109914
-0.00993077
-0.00346344
-0.012456
-0.0119204
-0.00986467
-0.0109371
-0.0101911
-0.0113374
-0.0106047
-0.0107805
-0.00979323
-0.0161319
-0.019069
-0.013099
-0.027651
-0.0320196
-0.0236077
0.00055634
-0.00157331
-0.0073382
-0.0115379
-0.0112577
-0.00970587
-0.0139497
-0.0254166
-0.00100029
-0.000434326
0.000265946
0
-0.00534241
-0.00383166
-0.000531529
-0.00168761
-0.0100594
-0.0091312
-0.00583667
-0.0065035
-0.0124538
-0.0121507
-0.0108812
-0.0111412
-0.0114166
-0.0112401
-0.0116901
-0.0120874
-0.0102779
-0.0100414
-0.00980907
-0.0102591
-0.0140831
-0.0148477
-0.012096
-0.0114312
-0.0244319
-0.026481
-0.0221479
-0.0200964
-0.00306761
0.000560416
0.00186787
0.00327375
0.00144456
0.00124556
0
-0.00778474
-0.00286163
-0.00218725
0.00154558
0.000515469
0.00337598
-0.0117195
-0.00872896
-0.00858341
-0.00530925
-0.00549542
-0.00163011
-0.0122481
-0.0118818
-0.0116106
-0.0107795
-0.0107521
-0.00860323
-0.0105278
-0.0107183
-0.0102173
-0.0109578
-0.0112293
-0.0114875
-0.0113232
-0.01
-0.010448
-0.00989174
-0.00960306
-0.0100343
-0.018585
-0.0163005
-0.0182744
-0.0151939
-0.0133684
-0.0115036
-0.0309441
-0.0331149
-0.0287564
-0.0309727
-0.0267323
-0.024457
-0.0205606
-0.000119894
-0.00266367
-0.0078612
-0.0117836
-0.0117291
-0.00999615
-0.0128837
-0.0232013
-0.000942494
0.00188483
0.000629402
-0.00513479
-0.000709201
0.00139777
-0.0102436
-0.00711587
-0.0038179
-0.0122438
-0.011353
-0.00981625
-0.0107134
-0.0107443
-0.0115494
-0.0104955
-0.00978943
-0.00978894
-0.017278
-0.015606
-0.0116373
-0.0298265
-0.0277194
-0.0212668
-0.000459802
-0.000451825
-5.01387e-05
0
-0.00475209
-0.00391128
-0.0021488
-0.00282746
-0.00953172
-0.00892911
-0.00718825
-0.00768977
-0.0123641
-0.0121551
-0.0114954
-0.0116966
-0.0116554
-0.0116349
-0.011929
-0.0120479
-0.0102425
-0.0101267
-0.0100969
-0.0102824
-0.0132234
-0.0134227
-0.0120933
-0.0118951
-0.0228787
-0.0237934
-0.0216199
-0.0207033
-0.00253772
-0.00189394
-0.000661272
-0.00111653
0.00060296
0.00122499
0.00172058
0.000993712
9.16722e-05
0.000444462
0.00021211
0
-0.0071733
-0.00639633
-0.00447028
-0.00511658
-0.00219148
-0.00178529
-5.9283e-05
-0.00052442
-0.000125354
0.000440232
0.00168778
0.00103832
-0.0113838
-0.0109848
-0.00971056
-0.0100472
-0.00805212
-0.00793991
-0.00631896
-0.00643127
-0.0050716
-0.0048374
-0.00299007
-0.00325529
-0.0123759
-0.0123059
-0.0122298
-0.0123534
-0.0117484
-0.0116294
-0.0110956
-0.011161
-0.0104399
-0.0103671
-0.00923347
-0.00927593
-0.0107181
-0.010656
-0.0109749
-0.0111408
-0.0109943
-0.0107176
-0.0110003
-0.0112368
-0.0118349
-0.01162
-0.011617
-0.0117721
-0.0109123
-0.01086
-0.0102132
-0.0102906
-0.00979777
-0.00985851
-0.00964247
-0.0096224
-0.0099739
-0.00977229
-0.00998161
-0.0101837
-0.0173107
-0.0178854
-0.0160093
-0.0154341
-0.0150678
-0.0159188
-0.0144279
-0.0136209
-0.011371
-0.0118271
-0.0109745
-0.0105754
-0.0292964
-0.0303769
-0.0281521
-0.0270519
-0.0270847
-0.0282332
-0.0260855
-0.0249232
-0.0205772
-0.0216857
-0.0197378
-0.0186429
-0.00150542
-0.00025604
9.76725e-05
0.000431992
9.33412e-05
0
-0.00594677
-0.00322682
-0.0026658
-0.00101689
-0.00155535
-0.000701907
-0.0105485
-0.00851134
-0.00823378
-0.0065955
-0.00683841
-0.00538835
-0.0124839
-0.0120013
-0.0118725
-0.0112474
-0.0113559
-0.0105526
-0.0111736
-0.0114952
-0.0112668
-0.0114936
-0.0117349
-0.0120334
-0.0103965
-0.00997444
-0.00984617
-0.00971541
-0.00988639
-0.0102211
-0.0150536
-0.0138046
-0.0143569
-0.012958
-0.0124461
-0.0110639
-0.0260273
-0.0248262
-0.0259362
-0.0237661
-0.0226532
-0.0195531
-0.00361484
-0.00128489
0.00042452
-0.000149338
0.00193417
0.00270838
0.00349727
0.00256043
0.00293004
0.00193381
0.00107126
0.00192344
0.000889607
0.000465844
0
-0.008387
-0.00581539
-0.00357245
-0.00396923
-0.00142268
-0.00108489
0.00084699
0.000392251
0.00215859
0.00157257
0.00100434
0.00308417
0.00236712
0.00354661
-0.0119967
-0.0107217
-0.00935723
-0.00949457
-0.00787416
-0.00784673
-0.00620424
-0.00624397
-0.00439393
-0.00451258
-0.00465738
-0.00253968
-0.0027563
-0.00075492
-0.0120804
-0.0121937
-0.011937
-0.0120932
-0.011524
-0.0114542
-0.011099
-0.0110665
-0.010371
-0.0103188
-0.0103242
-0.00927701
-0.00922935
-0.00786336
-0.0103779
-0.0104702
-0.0104453
-0.0107237
-0.0104775
-0.0103083
-0.0107191
-0.0108179
-0.0111696
-0.0112561
-0.0114167
-0.0114492
-0.0114991
-0.011449
-0.0118443
-0.0109012
-0.0103264
-0.0102114
-0.0100549
-0.0104011
-0.0100996
-0.00979801
-0.00978785
-0.00965647
-0.00965695
-0.00987611
-0.00987161
-0.0102367
-0.0199437
-0.0186448
-0.0176391
-0.0167525
-0.0168926
-0.0179647
-0.0164054
-0.0153635
-0.0140849
-0.0131934
-0.0124363
-0.012232
-0.0115282
-0.0109006
-0.0326017
-0.0336773
-0.0314872
-0.0325586
-0.0304067
-0.0292876
-0.031492
-0.0293497
-0.030448
-0.0283087
-0.0272173
-0.0251675
-0.0240194
-0.0228453
-0.0220669
-0.0208919
-0.019104
-0.000156528
-0.00335216
-0.00832033
-0.0119581
-0.0118561
-0.0101714
-0.0125979
-0.0222206
-0.00148787
0.00116019
0.000151854
-0.00575067
-0.0011229
0.000788577
-0.0105416
-0.00720161
-0.0040384
-0.0123582
-0.0114361
-0.00985541
-0.010891
-0.0109872
-0.0117294
-0.0105214
-0.00968597
-0.00995416
-0.0166089
-0.0147114
-0.0111335
-0.0287127
-0.0265759
-0.0201322
-0.000776931
0.000119969
3.60565e-05
-0.0045014
-0.00208201
-0.00109321
-0.00950709
-0.00754768
-0.00611457
-0.012286
-0.0116504
-0.0109879
-0.0113923
-0.0115164
-0.0119098
-0.0101639
-0.00982291
-0.0100253
-0.0143704
-0.0133381
-0.0116889
-0.0254082
-0.0242791
-0.021073
-0.00234147
-0.000386484
1.00556e-05
0.00118451
0.00269706
0.0023039
0.000742793
0.00146447
0.000292966
-0.00704538
-0.00466926
-0.00329781
-0.00249993
-0.000315508
0.00102557
-2.03439e-07
0.00202323
0.00259809
-0.0113709
-0.010052
-0.00888506
-0.00863397
-0.00706814
-0.00538862
-0.00563879
-0.00363118
-0.00190335
-0.0121997
-0.0120957
-0.0120188
-0.0117399
-0.0113061
-0.0107382
-0.010803
-0.00981522
-0.00857136
-0.0104489
-0.0104598
-0.0109977
-0.0104443
-0.0105631
-0.0110546
-0.0114519
-0.0114093
-0.0115178
-0.011318
-0.0105742
-0.00997326
-0.0101531
-0.0100353
-0.00967373
-0.00965679
-0.00972619
-0.0100707
-0.0192539
-0.0181087
-0.015499
-0.0172341
-0.0166159
-0.0142184
-0.0126582
-0.0122934
-0.0108957
-0.0320388
-0.0309429
-0.0276101
-0.0298753
-0.0288255
-0.0256159
-0.023288
-0.0224388
-0.019395
0
-0.00508186
-0.0149285
-0.0246169
-0.0295669
-0.0295615
-0.0282176
-0.0287411
-0.0322145
0
-0.00871962
-0.0210103
-0.02934
-0.0308107
-0.0299861
-0.0331522
-0.0394787
-0.0447613
-0.00175996
-0.00650376
-0.0037449
0
-0.00967994
-0.0182412
-0.0149089
-0.0201392
-0.0275719
-0.0260253
-0.0278292
-0.0305275
-0.030807
-0.0299951
-0.029627
-0.0301972
-0.0288111
-0.0304925
-0.0309251
-0.0281202
-0.0340446
-0.0362253
-0.030166
-0.0383917
-0.0423811
-0.00193911
-0.0122633
-0.0235752
-0.0298571
-0.0301669
-0.0296373
-0.0320585
-0.0362263
-0.000823416
-0.00158232
-0.000466191
0
-0.0072599
-0.0110578
-0.00929787
-0.00572916
-0.0175836
-0.0220744
-0.0210374
-0.0167619
-0.0264032
-0.0289871
-0.0289346
-0.0263016
-0.0299214
-0.0299888
-0.030425
-0.0300807
-0.0291933
-0.029055
-0.029533
-0.0294191
-0.0280905
-0.0301069
-0.0312049
-0.0292701
-0.0293557
-0.0332861
-0.0351222
-0.0314737
-0.00322117
-0.00400758
-0.00748231
-0.00599388
-0.0027001
-0.00209356
0
-0.0122642
-0.0152816
-0.0195981
-0.0180413
-0.0134959
-0.0117494
-0.0225089
-0.0257737
-0.0285633
-0.0279165
-0.024845
-0.0237018
-0.0288804
-0.0303677
-0.0308131
-0.0309475
-0.030474
-0.030293
-0.0298519
-0.0298661
-0.0298894
-0.0299829
-0.030303
-0.0305165
-0.0284705
-0.0299602
-0.0318023
-0.0318949
-0.0303161
-0.0302872
-0.0283314
-0.0330154
-0.0366523
-0.0378686
-0.034068
-0.0346244
-0.0311411
-0.0353537
-0.0373282
-0.0415054
-0.043622
-0.0392024
-0.0409964
-0.000278983
-0.00829853
-0.0195138
-0.0278512
-0.0301425
-0.0291789
-0.029616
-0.0323299
-0.00344972
-0.00486253
-0.0010656
-0.0139111
-0.0166003
-0.0104103
-0.02436
-0.0269237
-0.022378
-0.0297175
-0.0308044
-0.0297426
-0.0297162
-0.0300279
-0.0306056
-0.0290815
-0.0309355
-0.02997
-0.0307297
-0.0353466
-0.0328667
-0.0343203
-0.0403842
-0.0379476
-0.000451349
-0.000434577
1.78319e-05
0
-0.00613742
-0.00779434
-0.00698429
-0.0053944
-0.0162625
-0.0186156
-0.0181557
-0.0159056
-0.0255535
-0.0271816
-0.0271267
-0.0255225
-0.0297827
-0.0300158
-0.0301436
-0.029829
-0.0293831
-0.0291191
-0.029288
-0.029426
-0.0281363
-0.0288436
-0.0294246
-0.0287144
-0.0290229
-0.0308798
-0.0318886
-0.0301399
-0.00244067
-0.00329062
-0.00245754
-0.00159067
-0.00291261
-0.00439918
-0.00371577
-0.00227769
-9.71156e-05
-0.000718025
-0.000491755
0
-0.0109566
-0.0131376
-0.0124785
-0.010404
-0.013773
-0.0159353
-0.0150542
-0.0128654
-0.00787213
-0.0098317
-0.00891764
-0.00696336
-0.0213524
-0.0235027
-0.0232558
-0.0211762
-0.0247206
-0.0263736
-0.0259367
-0.0242288
-0.0196657
-0.021719
-0.0210218
-0.0189226
-0.0284018
-0.0293238
-0.0294005
-0.0284497
-0.03016
-0.0306168
-0.030685
-0.0301979
-0.028308
-0.0293706
-0.0292104
-0.0280971
-0.0299463
-0.0297304
-0.0298611
-0.0299554
-0.0300149
-0.0299602
-0.0301547
-0.0302533
-0.0305022
-0.0305385
-0.0307291
-0.0306979
-0.0286327
-0.0287284
-0.0290489
-0.0288721
-0.0297719
-0.0304438
-0.0305925
-0.0299763
-0.029558
-0.0297553
-0.0298985
-0.0297665
-0.0282017
-0.0295535
-0.0304028
-0.0291221
-0.0325264
-0.0341661
-0.0347011
-0.0330503
-0.0308289
-0.0320254
-0.0323135
-0.03114
-0.0306363
-0.0327675
-0.0337958
-0.0317638
-0.0367798
-0.0388393
-0.0398044
-0.0376978
-0.0345788
-0.0365185
-0.0373033
-0.0353324
-0.00122238
-0.000856514
-0.00170282
-0.0011194
-0.000315996
0
-0.00844488
-0.00966039
-0.0116672
-0.0107669
-0.00879113
-0.00609368
-0.0188792
-0.020823
-0.0228644
-0.0223436
-0.0203104
-0.0175291
-0.027163
-0.0284703
-0.0294544
-0.0294491
-0.0284311
-0.0269781
-0.0299895
-0.0300862
-0.030071
-0.030308
-0.0302872
-0.0303183
-0.0290005
-0.0291002
-0.0293218
-0.0295587
-0.0293313
-0.0295013
-0.028084
-0.0298446
-0.0310797
-0.0316168
-0.0304012
-0.0298657
-0.0297378
-0.0327967
-0.0347639
-0.0356726
-0.0337335
-0.032765
-0.00410994
-0.00454719
-0.00521085
-0.00368891
-0.00612437
-0.00806485
-0.00730391
-0.00539338
-0.00479463
-0.00319379
-0.0018123
-0.00283636
-0.00153378
-0.00126033
0
-0.0135915
-0.0153425
-0.0167754
-0.0146146
-0.0181201
-0.0202878
-0.0195547
-0.0172959
-0.0164876
-0.0141713
-0.0119427
-0.0133223
-0.0110448
-0.0102056
-0.0236
-0.0253767
-0.026725
-0.0251087
-0.0278003
-0.028977
-0.0286908
-0.0274355
-0.0270306
-0.0254398
-0.0236559
-0.0249164
-0.0230336
-0.0223985
-0.0292677
-0.0299407
-0.0304859
-0.0300666
-0.0308428
-0.0308569
-0.0309096
-0.0309194
-0.0309219
-0.0306802
-0.0301621
-0.0306051
-0.0300514
-0.0298776
-0.0297208
-0.0295653
-0.0297331
-0.0297755
-0.0299356
-0.0299704
-0.0299505
-0.0300437
-0.0300694
-0.0302924
-0.0304585
-0.0303528
-0.0306056
-0.0306773
-0.0283307
-0.0291562
-0.0302021
-0.0294999
-0.0313406
-0.0324732
-0.0324895
-0.0314219
-0.0313682
-0.0306373
-0.0301084
-0.0305612
-0.030154
-0.0300942
-0.0285106
-0.0310872
-0.0335228
-0.0318748
-0.0359988
-0.0380269
-0.0386813
-0.0365739
-0.0370458
-0.0351214
-0.0334542
-0.0354131
-0.0337305
-0.0338649
-0.0316745
-0.0338207
-0.0348471
-0.0368751
-0.037865
-0.0358311
-0.0399313
-0.0409449
-0.0431164
-0.0441991
-0.0419794
-0.0430176
-0.0407597
-0.0385818
-0.0417066
-0.0394336
-0.0402516
-8.72004e-05
-0.00656329
-0.0172732
-0.0263992
-0.0299576
-0.029269
-0.028761
-0.030491
-0.00238527
-0.00327536
-0.000260185
-0.0117606
-0.0144036
-0.00836889
-0.0223732
-0.0253506
-0.0203508
-0.0289345
-0.0304542
-0.0287901
-0.029858
-0.0301005
-0.030641
-0.0287859
-0.03018
-0.0297343
-0.0293186
-0.0335999
-0.0315624
-0.0322532
-0.0382753
-0.0359248
-0.000939835
-0.000925198
-1.64757e-07
-0.00907823
-0.0102137
-0.00741348
-0.0199197
-0.0216207
-0.0189421
-0.0278649
-0.0289952
-0.0277574
-0.0300112
-0.0301953
-0.0303317
-0.0289855
-0.0293046
-0.0293994
-0.0289641
-0.0307247
-0.0301143
-0.0313049
-0.0342424
-0.0332405
-0.00430078
-0.00484779
-0.00263602
-0.00563489
-0.00667921
-0.00422377
-0.00141934
-0.00229397
-0.000805367
-0.0145227
-0.0160821
-0.0131384
-0.0174463
-0.0188165
-0.0157428
-0.0113365
-0.0125994
-0.00952625
-0.0245544
-0.0260928
-0.0240291
-0.02729
-0.0282655
-0.0264932
-0.0230148
-0.0242849
-0.0216985
-0.0296193
-0.0302325
-0.0298086
-0.0306936
-0.0309201
-0.0308446
-0.0298379
-0.0304198
-0.029573
-0.0295832
-0.0296302
-0.0299265
-0.0298451
-0.0299788
-0.0301524
-0.030404
-0.030449
-0.0307477
-0.0287047
-0.0296607
-0.0293874
-0.0307657
-0.0319168
-0.0309925
-0.0298353
-0.0303563
-0.0300258
-0.0298273
-0.0323093
-0.0314644
-0.0347453
-0.0373036
-0.035844
-0.0325239
-0.0344136
-0.03308
-0.0332977
-0.0363607
-0.0352952
-0.0393878
-0.0425516
-0.0413836
-0.0371108
-0.0401084
-0.0387384
