FiniteElementSpace
FiniteElementCollection: L2_2D_P3
VDim: 1
Ordering: 0

0.0214461
0.00946144
0.0126135
0.0180367
0.00639536
0.00440301
0.00811108
0.0128333
0.00124821
0.00164748
0.00398036
0.00671758
0.00106577
0.00123731
0.00213551
0.0030103
0.00760054
0.0072228
0.00670763
0.00629923
0.00530894
0.00506534
0.00472613
0.00445227
0.0030821
0.00295829
0.00277956
0.00263098
0.00189652
0.00182984
0.00172926
0.00164314
0.00324213
0.00310876
0.00292972
0.00278922
0.00237056
0.00227661
0.00214945
0.00204886
0.00145766
0.00140153
0.00132498
0.00126393
0.000927967
0.000891125
0.000841109
0.000801319
0.00209249
0.00209806
0.00209945
0.00209602
0.00154212
0.00154534
0.0015445
0.00154
0.000946558
0.000948108
0.000946273
0.000941923
0.000586221
0.000587126
0.000585431
0.00058191
0.00252449
0.00258052
0.00264446
0.00268615
0.00181676
0.00185463
0.00189599
0.0019213
0.001087
0.00110823
0.00112948
0.00114069
0.000665684
0.00067863
0.000690197
0.000694823
0.00294021
0.00291698
0.00287306
0.00282922
0.00206973
0.00205463
0.00202334
0.0019907
0.00120572
0.00119913
0.00118169
0.00116173
0.000726409
0.00072503
0.000716139
0.00070408
0.00172626
0.00160445
0.00144793
0.00133042
0.00124154
0.00115796
0.00105036
0.000969544
0.000767458
0.000721788
0.000663216
0.0006196
0.000511325
0.000486863
0.000456075
0.000433829
0.00023297
0.000185702
0.000132638
9.84584e-05
0.000194114
0.000157595
0.000117012
9.1158e-05
0.000164508
0.000138261
0.000109754
9.20752e-05
0.000157343
0.000136198
0.000113786
0.000100308
0.0110548
0.0106818
0.0101308
0.00966437
0.00769394
0.00741855
0.00699984
0.00663827
0.00443369
0.00426356
0.0039939
0.00375494
0.00270178
0.00259771
0.00241961
0.00225408
0.000750128
0.000688507
0.000632203
0.000606517
0.00134108
0.00123473
0.00113334
0.00108211
0.00261098
0.00242404
0.00223128
0.00212023
0.00390332
0.00364302
0.00336284
0.00319154
0.000304531
9.03732e-05
0.000193031
0.000441971
0.000328878
0.000227436
0.000623474
0.00115445
0.000560779
0.000639524
0.00161537
0.00269376
0.00103293
0.00121709
0.00273239
0.00432642
0.00490134
0.00465687
0.00432972
0.00407421
0.00351768
0.00335136
0.00312629
0.00294866
0.00212054
0.00202714
0.00189894
0.00179645
0.00134336
0.00128633
0.00120755
0.00114426
0.000307962
0.00028144
0.000255422
0.000241446
0.000526649
0.000485593
0.000444025
0.000420551
0.00105351
0.000982754
0.000906636
0.000859771
0.00162517
0.00152435
0.00141211
0.00133992
0.000483226
0.000449412
0.000418653
0.000404666
0.000842677
0.000782596
0.000724666
0.000694839
0.00165887
0.00155068
0.00143802
0.00137215
0.00252068
0.00236702
0.00220034
0.00209718
0.00238313
0.0023318
0.00225941
0.00219998
0.0017582
0.00172107
0.00166801
0.00162391
0.00108497
0.00106195
0.00102856
0.00100045
0.000681042
0.000665378
0.000642764
0.000623731
6.17655e-05
5.27917e-05
4.34533e-05
3.78821e-05
0.00016583
0.00015358
0.000140881
0.000133408
0.000427463
0.000408053
0.000387115
0.000374164
0.000716412
0.000689481
0.000659603
0.000640466
0.000160884
0.000142607
0.000123657
0.000112424
0.000302254
0.000276789
0.000250065
0.000234029
0.000654241
0.000612902
0.000567494
0.000538648
0.00104129
0.000983235
0.000917624
0.000874515
0.00219258
0.00223539
0.00228459
0.00231705
0.00160074
0.00162993
0.00166216
0.00168228
0.000973008
0.000989783
0.001007
0.00101655
0.000600142
0.000610772
0.000620862
0.000625628
1.92924e-05
1.99081e-05
2.12875e-05
2.28146e-05
0.000107149
0.000107691
0.00011007
0.000113216
0.000332219
0.000333973
0.000339195
0.000345505
0.000583578
0.000587275
0.00059592
0.000605543
2.0485e-05
1.86333e-05
1.72391e-05
1.69154e-05
0.000109599
0.000106503
0.000104317
0.000104022
0.000335277
0.000330259
0.000326526
0.000325783
0.000585587
0.000578927
0.000573762
0.000572468
0.00286816
0.00290221
0.00293378
0.00294794
0.00203519
0.00205807
0.00207689
0.00208271
0.00119608
0.00120911
0.00121749
0.00121722
0.000723158
0.00073158
0.000735527
0.000733047
2.36099e-05
2.24667e-05
2.18683e-05
2.20834e-05
0.000129681
0.000127578
0.000127604
0.000129738
0.000400033
0.000397491
0.000399061
0.000404009
0.000703357
0.000701184
0.000704606
0.000712038
2.60684e-05
2.56325e-05
2.56768e-05
2.6178e-05
0.000122082
0.000121874
0.000123737
0.00012682
0.000368544
0.0003704
0.000376696
0.000384535
0.0006449
0.000649713
0.000661034
0.000673637
0.00253835
0.00244923
0.00232524
0.00222496
0.0017924
0.00173294
0.00164854
0.00157921
0.00105764
0.00102741
0.000982749
0.000945049
0.000654277
0.000640402
0.000618317
0.00059885
5.45905e-05
5.92929e-05
6.79309e-05
7.67022e-05
0.000136424
0.000135311
0.000137845
0.000142982
0.000357214
0.000344645
0.000334038
0.000330399
0.00061106
0.000586975
0.000562597
0.000549323
2.47342e-05
2.58882e-05
2.88834e-05
3.24102e-05
0.000129502
0.000127118
0.000127393
0.000130239
0.000398152
0.000389777
0.000384395
0.000384517
0.000701021
0.000687177
0.000676056
0.000672839
0.000837821
0.000737336
0.000615568
0.000529574
0.000628389
0.00055651
0.000470053
0.000409564
0.000429329
0.000385993
0.000335083
0.00030051
0.000328385
0.000300972
0.000270112
0.000250328
0.000161083
0.00015846
0.00015926
0.000163124
0.000168293
0.000162606
0.000159748
0.000161049
0.000218286
0.000204045
0.000190787
0.000184677
0.000287344
0.000263112
0.000237635
0.000222773
0.00011389
0.000118337
0.000127771
0.000138027
0.000156501
0.000155233
0.000158069
0.000163849
0.000291807
0.000277824
0.00026533
0.000260242
0.000455347
0.000427765
0.000398569
0.000381431
1.69932e-05
1.0127e-05
3.97875e-06
1.31113e-06
2.2406e-05
1.48273e-05
7.58083e-06
3.88082e-06
3.22701e-05
2.32217e-05
1.4214e-05
9.20306e-06
4.20067e-05
3.12052e-05
2.03925e-05
1.43057e-05
5.73593e-05
4.43055e-05
3.09019e-05
2.29852e-05
5.25535e-05
4.03603e-05
2.78547e-05
2.04901e-05
4.74164e-05
3.59365e-05
2.41973e-05
1.73376e-05
4.42609e-05
3.30491e-05
2.16419e-05
1.50484e-05
0.000142245
0.000130005
0.000117993
0.000111515
0.000134643
0.000122345
0.000110262
0.000103746
0.000136802
0.000122151
0.000107295
9.89084e-05
0.000147499
0.000129298
0.000110284
9.90963e-05
0.0130617
0.0125372
0.0117748
0.0111063
0.00943529
0.00898072
0.00831122
0.00774903
0.00546473
0.00521436
0.00484505
0.0045363
0.00312785
0.0030473
0.00293748
0.00284998
0.00233304
0.00224425
0.00217888
0.00213539
0.000993863
0.00101055
0.00102228
0.00101804
0.000356436
0.00038783
0.000413683
0.000419142
0.000472867
0.000521414
0.000551928
0.000548559
0.000896891
0.000708666
0.00123897
0.00192077
0.000481608
0.000285957
0.000480914
0.00080095
0.000354327
8.13422e-05
5.87732e-05
0.000172221
0.000316468
6.54821e-05
0.000103225
0.000253635
0.00610745
0.00579823
0.00538151
0.0050543
0.00432869
0.00412335
0.00384243
0.00361884
0.00256621
0.00245592
0.00230162
0.00217639
0.00160671
0.00154293
0.00145193
0.00137705
0.0012105
0.00116408
0.00109788
0.00104337
0.000638183
0.000614798
0.000583114
0.000557915
0.0002932
0.000278296
0.000263215
0.000254591
0.000307934
0.00028555
0.000264676
0.000254561
0.00141195
0.00136645
0.00129653
0.00123582
0.000723795
0.000703954
0.000674402
0.00064912
0.000328296
0.000315868
0.000304082
0.000298074
0.000369146
0.000345735
0.000325022
0.000316226
0.0027281
0.00263935
0.00251846
0.00242224
0.00200627
0.00194293
0.00185583
0.0017859
0.00123793
0.00119929
0.00114571
0.00110228
0.000783618
0.000757692
0.000721947
0.000693058
0.000587177
0.00056633
0.000537871
0.000515012
0.00030037
0.000286913
0.000269382
0.000255783
0.000101102
9.11197e-05
7.97186e-05
7.19484e-05
7.66297e-05
6.496e-05
5.2569e-05
4.49241e-05
0.000701152
0.000671888
0.000632558
0.000601479
0.000369312
0.000350999
0.000327535
0.000309661
0.00014539
0.00013224
0.000117532
0.000107784
0.000125463
0.000109956
9.37431e-05
8.3983e-05
0.00210307
0.0021297
0.00215833
0.0021755
0.00154399
0.00156201
0.00158021
0.00159003
0.000943708
0.000954091
0.000963455
0.000967413
0.000582945
0.00058963
0.000595081
0.00059672
0.00042614
0.0004314
0.000435487
0.000436474
0.00019897
0.000202014
0.000204239
0.000204607
3.27071e-05
3.39082e-05
3.49189e-05
3.52745e-05
1.10378e-06
1.47351e-06
2.21959e-06
2.99666e-06
0.000428982
0.000429711
0.000428285
0.000425354
0.000201007
0.000201333
0.000200389
0.000198598
3.45178e-05
3.41044e-05
3.33559e-05
3.25928e-05
3.80078e-06
2.53134e-06
1.47467e-06
1.08425e-06
0.0027121
0.00276206
0.0028162
0.00284895
0.00193728
0.00197088
0.00200513
0.0020238
0.00114839
0.00116714
0.00118401
0.00119097
0.000698827
0.000710287
0.000718987
0.000720698
0.000508368
0.000516717
0.00052226
0.000522283
0.000236185
0.000240141
0.000241778
0.000240252
4.18488e-05
4.23618e-05
4.15923e-05
3.98547e-05
7.32976e-06
6.68053e-06
5.70279e-06
4.81056e-06
0.000486157
0.000495665
0.000503483
0.000505841
0.000228123
0.000232744
0.000235726
0.000235607
4.25228e-05
4.34622e-05
4.34191e-05
4.23815e-05
8.70851e-06
8.55346e-06
8.23562e-06
7.8753e-06
0.00280219
0.00274446
0.00265761
0.00258271
0.00197239
0.00193428
0.00187465
0.00182181
0.00115244
0.00113383
0.00110201
0.00107223
0.000700065
0.000692547
0.000676802
0.000660559
0.000510304
0.00050714
0.000498168
0.000487922
0.000241399
0.000243472
0.000243344
0.00024135
5.1302e-05
5.62605e-05
6.22485e-05
6.66807e-05
1.80278e-05
2.25848e-05
2.94918e-05
3.57178e-05
0.000525206
0.000525709
0.000520482
0.000512152
0.000241074
0.000243636
0.000243342
0.000240474
4.04405e-05
4.36765e-05
4.68111e-05
4.84921e-05
5.76158e-06
8.19012e-06
1.17966e-05
1.49977e-05
0.00126581
0.00114831
0.00100172
0.000894913
0.000925941
0.000843807
0.000741682
0.000667643
0.000596432
0.000549526
0.000492116
0.000451358
0.000421885
0.000394724
0.000362676
0.000341033
0.000348583
0.000329752
0.000308374
0.000294732
0.00023326
0.00022585
0.000219231
0.000216748
0.000152152
0.000152968
0.000157331
0.000163405
0.000139376
0.000141867
0.000148858
0.000157264
0.000403753
0.000388152
0.000369038
0.000355788
0.000242262
0.000238375
0.000234925
0.0002339
0.00012751
0.00013177
0.000139747
0.00014802
0.000107346
0.000112963
0.000123448
0.000134186
8.32148e-05
6.01533e-05
3.60686e-05
2.2074e-05
7.92449e-05
5.9706e-05
3.92773e-05
2.72839e-05
8.24241e-05
6.56961e-05
4.82561e-05
3.79486e-05
9.12975e-05
7.52218e-05
5.85207e-05
4.86531e-05
9.49192e-05
7.90873e-05
6.24704e-05
5.24724e-05
9.44143e-05
7.98285e-05
6.45777e-05
5.54098e-05
9.80157e-05
8.39301e-05
6.92233e-05
6.03726e-05
0.000104148
8.95961e-05
7.43444e-05
6.51142e-05
0.000154537
0.000135559
0.000115588
0.000103672
0.000141665
0.000126547
0.000111101
0.000102249
0.000136923
0.000124431
0.000112087
0.000105357
0.000142338
0.00013011
0.000118094
0.000111592
0.00937967
0.0089395
0.00832603
0.00783123
0.00646653
0.00618559
0.00578355
0.00545203
0.00367809
0.00353962
0.00333096
0.00315206
0.00221967
0.00214988
0.0020357
0.00193275
0.00162638
0.00158226
0.00150605
0.00143501
0.000805309
0.000788594
0.00075909
0.000731116
0.000355506
0.000344687
0.000334874
0.000330375
0.000433966
0.000407757
0.000385272
0.00037657
0.00199419
0.00190905
0.00177034
0.00164605
0.000967333
0.000927792
0.00086585
0.000811747
0.000419972
0.000396211
0.000372734
0.000360063
0.00054858
0.000503987
0.000464128
0.000446426
0.000587617
0.000547163
0.000511153
0.000495782
0.00104693
0.000973068
0.00090323
0.000868659
0.00205577
0.0019237
0.00178827
0.00171105
0.00309972
0.00291549
0.00271828
0.00259871
0.0037285
0.00351282
0.00327948
0.0031358
0.00505126
0.00477001
0.00446054
0.00426534
0.00707252
0.00669792
0.0062778
0.00600614
0.0088273
0.00837505
0.00786256
0.00752687
0.00462715
0.00434186
0.00403051
0.0038358
0.00608181
0.00576103
0.00541099
0.00519233
0.00823038
0.00788141
0.0075029
0.0072688
0.0100305
0.00967921
0.0093015
0.00907128
0.000627381
0.000668207
0.000722218
0.000757132
0.00127064
0.0012969
0.00135183
0.00140841
0.00274008
0.00271306
0.00272776
0.00276507
0.00437937
0.00425543
0.00417371
0.00412843
0.00535645
0.00515851
0.00495635
0.00484668
0.00736818
0.00695652
0.00650535
0.00622108
0.0100841
0.00943909
0.00871922
0.0082536
0.0121958
0.0113605
0.010505
0.00997652
0.00135978
0.00174726
0.0035855
0.00553487
0.00216798
0.00274177
0.00562336
0.00878918
0.00642453
0.00550272
0.00906812
0.0130475
0.0143413
0.00924006
0.0123343
0.0160005
0.00395614
0.00377067
0.00352289
0.00332951
0.00286901
0.00274039
0.00256701
0.00243051
0.00175068
0.00167589
0.00157413
0.00149327
0.00111519
0.00106761
0.00100291
0.000951507
0.000846206
0.00080914
0.000759221
0.000719806
0.000452789
0.000430677
0.000402364
0.000380867
0.000196021
0.000180721
0.000164019
0.000153311
0.000183029
0.000164333
0.000145311
0.000134366
0.00101846
0.000975252
0.000915991
0.000868588
0.000545059
0.000521006
0.000489722
0.000465681
0.000247393
0.000231435
0.00021455
0.000204203
0.000245181
0.000224209
0.000203675
0.000192659
0.00022984
0.000207193
0.00018425
0.000171175
0.000403431
0.000370444
0.000336335
0.000316362
0.000830149
0.000775065
0.000715049
0.000677381
0.00129698
0.001219
0.00113136
0.00107423
0.00158525
0.00149344
0.00138907
0.0013201
0.00219263
0.00207185
0.00193199
0.00183754
0.00312932
0.00296366
0.00276825
0.00263354
0.00394457
0.00373944
0.00349496
0.00332455
0.00197635
0.00185738
0.00172332
0.00163579
0.00271663
0.00255954
0.00237917
0.00225868
0.00386093
0.00364556
0.00339347
0.00322128
0.00486009
0.00459384
0.00427875
0.00406093
0.000392577
0.000362553
0.000334193
0.0003201
0.000672321
0.000622439
0.00057314
0.000546506
0.00132829
0.00123992
0.00114631
0.00109004
0.00203178
0.00190559
0.00176678
0.00167906
0.00246163
0.00231264
0.00214669
0.00204007
0.00336791
0.00317099
0.00294746
0.00280035
0.00476817
0.00449911
0.00418751
0.00397747
0.0059921
0.0056606
0.00527227
0.00500705
0.00304389
0.00286299
0.00266428
0.00253916
0.00414634
0.00390829
0.00364195
0.00347004
0.00584414
0.00552175
0.00515363
0.0049099
0.00732624
0.00693173
0.00647591
0.00616984
0.00217919
0.00215896
0.0021269
0.00209804
0.00160879
0.00159371
0.00156919
0.00154675
0.000990717
0.000981116
0.000964997
0.000949914
0.000616892
0.000610284
0.000599142
0.000588648
0.000453651
0.000448327
0.000439387
0.000430971
0.000216626
0.000213069
0.000207477
0.000202398
4.51181e-05
4.20698e-05
3.83518e-05
3.56049e-05
1.56801e-05
1.16417e-05
7.49307e-06
5.05596e-06
0.000505198
0.000492541
0.000474427
0.000459252
0.000249227
0.00024091
0.000229587
0.00022042
6.71051e-05
6.06976e-05
5.32114e-05
4.79597e-05
3.96311e-05
3.19679e-05
2.38312e-05
1.8807e-05
3.43707e-05
2.94508e-05
2.4591e-05
2.19391e-05
0.000128893
0.000121863
0.000115066
0.000111544
0.000367201
0.000355949
0.000344603
0.000338325
0.000630837
0.000615333
0.000599173
0.000589768
0.000796927
0.000778948
0.000759942
0.000748653
0.00114808
0.00112536
0.00110083
0.00108582
0.00168002
0.00165044
0.00161786
0.0015974
0.00213532
0.00210017
0.00206113
0.00203631
0.000897649
0.000866251
0.000831005
0.000808107
0.00127981
0.00123939
0.00119311
0.00116234
0.00185993
0.00180559
0.00174224
0.00169922
0.00235713
0.00229077
0.00221264
0.00215902
0.000104121
9.05334e-05
7.62859e-05
6.76852e-05
0.00022316
0.000204671
0.000185185
0.000173413
0.000521511
0.000492058
0.000459714
0.000439168
0.000850485
0.000809414
0.000763064
0.000732663
0.00105577
0.00100774
0.000952927
0.000916521
0.00148815
0.00142573
0.00135319
0.00130398
0.00214783
0.00206293
0.00196248
0.00189302
0.00271581
0.00261111
0.00248605
0.0023987
0.00128154
0.00121341
0.00113556
0.00108376
0.00178751
0.00169839
0.00159467
0.00152419
0.0025641
0.00244215
0.00229768
0.00219759
0.00323659
0.00308567
0.00290512
0.00277873
0.00234117
0.00239428
0.00245595
0.00249711
0.00169754
0.00173364
0.001774
0.00179959
0.00102448
0.00104497
0.00106628
0.00107834
0.000630303
0.000643008
0.00065512
0.000660863
0.0004612
0.000470738
0.000479324
0.000482865
0.000217096
0.000222046
0.00022594
0.000226922
4.01587e-05
4.16911e-05
4.26324e-05
4.25363e-05
7.09739e-06
7.6396e-06
8.29406e-06
8.75196e-06
0.000439062
0.000447241
0.00045466
0.000457812
0.000205957
0.00021049
0.000214274
0.000215533
3.5897e-05
3.76656e-05
3.91473e-05
3.96617e-05
3.56191e-06
4.44202e-06
5.65283e-06
6.64145e-06
2.34293e-05
2.37434e-05
2.47098e-05
2.58961e-05
0.000114504
0.000115041
0.000117599
0.000121021
0.000348479
0.000351008
0.000357661
0.000365392
0.000610475
0.000615844
0.00062723
0.000639389
0.000776849
0.000784157
0.000798685
0.000813739
0.00113641
0.00114857
0.00117072
0.00119261
0.00169515
0.00171628
0.00175172
0.00178502
0.00218702
0.00221721
0.00226571
0.00230999
0.000743007
0.000748067
0.000759003
0.000770787
0.00108546
0.00109412
0.00111081
0.00112783
0.00161294
0.00162854
0.00165562
0.00168162
0.00207296
0.00209578
0.00213333
0.00216815
1.6883e-05
1.68709e-05
1.75678e-05
1.86604e-05
0.000103936
0.000103349
0.000104226
0.000106178
0.000325716
0.000325008
0.000326802
0.000330286
0.000572543
0.000572255
0.000575367
0.00058046
0.000728879
0.000728993
0.00073306
0.000739221
0.00106264
0.00106425
0.00107113
0.00108012
0.00157241
0.00157753
0.00159008
0.00160426
0.002013
0.00202217
0.00204089
0.00206046
0.000743794
0.000736259
0.000730331
0.000728748
0.00107971
0.00107089
0.001064
0.00106223
0.00158965
0.00157972
0.00157232
0.00157089
0.0020274
0.00201724
0.00201032
0.00200986
0.00295519
0.00296401
0.0029616
0.00294909
0.00208628
0.00209241
0.00208854
0.00207649
0.00121835
0.00122269
0.00121921
0.00120956
0.000733512
0.000737564
0.000735442
0.000728151
0.000529632
0.000533313
0.000531899
0.000526079
0.000241314
0.000244187
0.000243974
0.000240803
3.74617e-05
3.91095e-05
3.98392e-05
3.93356e-05
2.30012e-06
2.89577e-06
3.77315e-06
4.54243e-06
0.000523685
0.00053002
0.000532315
0.000529422
0.000240312
0.000243625
0.000244068
0.000241386
3.91889e-05
3.98762e-05
3.92586e-05
3.75962e-05
4.1586e-06
3.68658e-06
2.99685e-06
2.38208e-06
2.20225e-05
2.16455e-05
2.22939e-05
2.36907e-05
0.000129745
0.000127222
0.000127012
0.000129217
0.000404199
0.000398709
0.000396817
0.000399398
0.00071251
0.000704747
0.000701297
0.000703767
0.000909642
0.000900546
0.000896256
0.000898771
0.00134349
0.00133204
0.00132645
0.0013293
0.00203446
0.00202062
0.0020142
0.00201816
0.00265904
0.00264403
0.00263793
0.00264355
0.000896897
0.000895097
0.000899872
0.000909017
0.00132128
0.00132088
0.00132924
0.00134247
0.00199382
0.0019969
0.002012
0.00203212
0.00259856
0.00260572
0.00262791
0.00265483
2.5854e-05
2.47745e-05
2.40901e-05
2.41031e-05
0.000127399
0.000126168
0.000127012
0.000129535
0.00038715
0.000387194
0.000391659
0.000398478
0.000678515
0.00068071
0.000689267
0.000700228
0.000864082
0.00086779
0.000879124
0.000892845
0.00126931
0.00127692
0.00129502
0.0013152
0.00190808
0.00192312
0.00195297
0.00198376
0.00247912
0.00250181
0.00254324
0.00258418
0.000820627
0.000827463
0.000842137
0.000857876
0.00120252
0.00121439
0.00123713
0.0012602
0.00180066
0.00182175
0.00185837
0.00189352
0.00233165
0.00236203
0.00241219
0.00245885
0.00216713
0.00205529
0.00190661
0.00179125
0.00154098
0.00146541
0.00136402
0.00128481
0.000925972
0.000886199
0.000832123
0.000789566
0.000590372
0.000570586
0.000543286
0.000521778
0.000449508
0.000437967
0.000421904
0.000409335
0.000244181
0.000243202
0.000241913
0.000241335
9.82058e-05
0.000104234
0.000113488
0.000121981
7.19749e-05
7.87923e-05
9.01045e-05
0.000100937
0.000485061
0.00047781
0.000465202
0.000453595
0.000242873
0.000243869
0.000243593
0.000242552
7.11756e-05
7.72931e-05
8.56488e-05
9.26359e-05
4.06044e-05
4.68769e-05
5.67073e-05
6.57784e-05
8.22591e-05
8.76221e-05
9.77107e-05
0.000108076
0.00014545
0.000144674
0.000147929
0.000153865
0.000326291
0.000312719
0.000300816
0.000296218
0.000538332
0.0005115
0.000483446
0.000467302
0.000674844
0.00063935
0.000600712
0.000576962
0.000980109
0.000925828
0.000863869
0.000823046
0.00148518
0.0014024
0.00130498
0.00123817
0.00195608
0.00184835
0.00171986
0.00163028
0.000774407
0.000742891
0.00070961
0.000690079
0.00113798
0.00109053
0.00103784
0.00100438
0.00173065
0.00165947
0.00157775
0.00152341
0.00227718
0.00218557
0.00207882
0.00200646
3.50507e-05
3.81099e-05
4.40515e-05
5.02663e-05
0.00013118
0.000129376
0.000130709
0.000134646
0.000381984
0.000371166
0.000362763
0.00036072
0.000666783
0.000647226
0.000628761
0.000620008
0.000849707
0.000824584
0.000799715
0.000786681
0.00125519
0.00121834
0.00117973
0.00115727
0.00190942
0.00185554
0.00179683
0.00176052
0.0025078
0.00243961
0.00236399
0.00231602
0.00089511
0.000877854
0.000863176
0.000857904
0.00132376
0.00129956
0.00127753
0.00126787
0.00201032
0.00197659
0.00194436
0.00192857
0.00263428
0.00259298
0.00255272
0.00253216
0.000485259
0.000410177
0.000322126
0.000262232
0.000378325
0.000322955
0.000258683
0.000215498
0.000281617
0.000245763
0.000205252
0.000178934
0.000237979
0.00021275
0.00018532
0.000168395
0.000219866
0.000199172
0.000177211
0.000164125
0.000182934
0.000169204
0.000155724
0.000148663
0.00016038
0.000151749
0.000144571
0.00014206
0.000161839
0.000154273
0.000148514
0.000147098
0.000286092
0.000265444
0.000243021
0.000229388
0.000213928
0.000202991
0.000192754
0.000188067
0.000164907
0.000161114
0.000160041
0.000162234
0.000159828
0.000157622
0.000158814
0.000162872
0.000162024
0.000154314
0.000148431
0.000146971
0.000158903
0.000149769
0.000142185
0.000139542
0.00017905
0.000164547
0.000150495
0.000143315
0.000212825
0.00019153
0.000169289
0.000156357
0.000231347
0.000205465
0.000177728
0.000160966
0.000274059
0.000237957
0.000197618
0.000171767
0.000364975
0.000311279
0.000249323
0.000207962
0.000462277
0.00039176
0.000309202
0.000253116
0.000329621
0.000298627
0.000264873
0.000244074
0.000426026
0.000380014
0.000327517
0.00029298
0.000605413
0.000534899
0.000451852
0.000394964
0.000785242
0.000692061
0.000580787
0.000503278
0.000142772
0.000144473
0.000150726
0.000158765
0.000165815
0.000162906
0.000163717
0.000167974
0.000255625
0.000241521
0.000228721
0.000223254
0.000369549
0.00034301
0.00031492
0.000298416
0.000441789
0.000406919
0.000368553
0.000344598
0.000605242
0.000551984
0.000490561
0.000449587
0.000891476
0.000809158
0.000711288
0.000643428
0.00116853
0.00105993
0.000929096
0.000836932
0.000560304
0.000523726
0.000483441
0.000458261
0.000796283
0.000740008
0.000675062
0.000631682
0.00119544
0.00110873
0.00100563
0.000934096
0.00157332
0.00145955
0.00132252
0.00122595
9.66587e-07
3.38489e-07
1.59681e-07
5.48282e-07
2.74762e-06
1.3626e-06
3.47344e-07
3.09592e-07
6.55761e-06
3.56823e-06
1.21842e-06
6.50514e-07
1.05849e-05
5.72104e-06
2.21562e-06
1.36423e-06
1.1334e-05
6.02633e-06
1.9775e-06
1.08171e-06
1.29485e-05
6.85049e-06
2.01764e-06
6.68037e-07
1.53225e-05
8.17742e-06
2.33905e-06
4.12765e-07
1.73016e-05
9.40172e-06
2.81548e-06
4.41398e-07
4.54148e-05
3.39399e-05
2.2283e-05
1.55538e-05
4.82777e-05
3.66038e-05
2.46844e-05
1.77271e-05
5.29625e-05
4.06835e-05
2.81015e-05
2.06971e-05
5.73637e-05
4.43296e-05
3.09445e-05
2.30371e-05
1.7247e-05
9.34968e-06
2.75679e-06
3.86825e-07
1.51315e-05
8.02278e-06
2.1996e-06
2.84715e-07
1.2585e-05
6.56696e-06
1.78301e-06
4.60707e-07
1.08507e-05
5.65723e-06
1.68289e-06
8.27762e-07
9.96074e-06
5.23455e-06
1.85845e-06
1.09621e-06
6.18163e-06
3.29229e-06
1.02708e-06
5.17501e-07
2.56482e-06
1.24175e-06
2.88063e-07
2.93011e-07
8.85407e-07
2.94776e-07
1.60186e-07
5.81434e-07
4.07641e-05
3.01989e-05
1.96157e-05
1.36602e-05
3.12942e-05
2.24781e-05
1.36978e-05
8.81423e-06
2.17552e-05
1.43473e-05
7.278e-06
3.68474e-06
1.66236e-05
9.85011e-06
3.81027e-06
1.21876e-06
0.000104118
8.95669e-05
7.43201e-05
6.50999e-05
9.67338e-05
8.29161e-05
6.8485e-05
5.98036e-05
9.17239e-05
7.7703e-05
6.30378e-05
5.42326e-05
9.12235e-05
7.61807e-05
6.03903e-05
5.09087e-05
8.76884e-05
7.23224e-05
5.63796e-05
4.70088e-05
7.91904e-05
6.31587e-05
4.64371e-05
3.65737e-05
7.67786e-05
5.78542e-05
3.80161e-05
2.6362e-05
8.1472e-05
5.89646e-05
3.53453e-05
2.15733e-05
0.000150651
0.000130189
0.000108631
9.58267e-05
0.000158135
0.000132649
0.000105035
8.8e-05
0.000187608
0.000152331
0.00011306
8.80257e-05
0.000225431
0.000180207
0.000129191
9.61767e-05
