FiniteElementSpace
FiniteElementCollection: H1_2D_P2
VDim: 2
Ordering: 0

0
-4.94452e-05
-0.00309331
-0.0038874
-0.00839243
-0.0257134
-0.0513083
-0.0770334
-0.101169
0
-0.00405899
-0.00569213
-0.00853558
-0.0174659
-0.0344141
-0.0560609
-0.0789803
-0.103183
0.000605235
-0.00193948
-0.00248197
0
-0.00161997
-0.00440843
-0.00501101
-0.00375362
-0.00573884
-0.00665372
-0.00486816
-0.0118269
-0.0119836
-0.0154273
-0.0292938
-0.0250602
-0.0381063
-0.0535284
-0.0449358
-0.0644096
-0.0779996
-0.0674377
-0.0891953
-0.102151
-0.0908325
-0.000688036
-0.00329563
-0.00507598
-0.00755511
-0.0191946
-0.0410961
-0.0658996
-0.0899836
0.000388596
-0.000191122
-0.000227081
0
-0.000780924
-0.00246819
-0.0026237
-0.00109573
-0.00353611
-0.00426961
-0.00478953
-0.00366891
-0.00416026
-0.00604224
-0.00641465
-0.00464268
-0.011459
-0.0171654
-0.0151242
-0.0099509
-0.0317323
-0.039496
-0.0350548
-0.027376
-0.0579069
-0.065079
-0.0597453
-0.0523332
-0.0831636
-0.0895155
-0.0839872
-0.0774408
0.0004449
-0.00128301
-0.00283798
-0.00335665
-0.00131216
-0.00138374
0
-0.00243023
-0.00390502
-0.00516103
-0.00535373
-0.00413541
-0.00459789
-0.00382056
-0.00534856
-0.00707202
-0.00743782
-0.0059709
-0.00609931
-0.00622464
-0.00932089
-0.0142007
-0.0144547
-0.00946764
-0.0100275
-0.0202231
-0.0239588
-0.0315856
-0.0295518
-0.0217085
-0.0210123
-0.0446756
-0.0472882
-0.0548199
-0.0504511
-0.0429198
-0.0395677
-0.0707864
-0.0719802
-0.0785667
-0.0731839
-0.0667463
-0.0617293
-0.0951515
-0.101638
-0.0960332
-0.102678
-0.0969563
-0.0904575
-0.0848514
-3.16891e-05
-0.00176087
-0.00404447
-0.00511541
-0.0131391
-0.0332769
-0.0587474
-0.0834997
-0.000552086
-0.00210751
-0.000489769
-0.00312969
-0.00468579
-0.00351557
-0.00442237
-0.00643098
-0.00557468
-0.00760823
-0.0114945
-0.00803556
-0.0219536
-0.0264025
-0.0176151
-0.0458877
-0.0488429
-0.0371321
-0.0713083
-0.0726645
-0.0607969
-0.0955229
-0.0965361
-0.0844836
0.000160727
0.00013057
-6.47864e-06
0
-0.000393736
-0.00129472
-0.00141755
-0.000613789
-0.00334578
-0.00375064
-0.00387784
-0.00335318
-0.0039788
-0.00459177
-0.00483477
-0.00421574
-0.00980255
-0.0122695
-0.0114375
-0.00913897
-0.028666
-0.0324802
-0.0302766
-0.0265196
-0.0546181
-0.0583035
-0.0555481
-0.0517974
-0.0801112
-0.0833051
-0.0804773
-0.0772108
0.000570706
-0.000108292
-0.00034571
0.000147714
-0.000974806
-0.00166411
-0.0017192
-0.000963008
-8.09873e-05
-0.000338476
-0.000183156
0
-0.00203828
-0.00276743
-0.00280993
-0.00204936
-0.00361088
-0.00429959
-0.00441953
-0.00371212
-0.00228002
-0.00305704
-0.0031832
-0.00236661
-0.00379724
-0.00407149
-0.0043477
-0.00396463
-0.00520716
-0.00588005
-0.00618681
-0.00552515
-0.00461347
-0.00518997
-0.00537328
-0.00479317
-0.00544512
-0.00687962
-0.00673493
-0.00541367
-0.008353
-0.0103366
-0.010403
-0.00845316
-0.0060309
-0.00718305
-0.00750591
-0.0063804
-0.0177234
-0.0210624
-0.019471
-0.016269
-0.0214978
-0.0251133
-0.0239884
-0.0203751
-0.0133778
-0.0162891
-0.0158225
-0.012935
-0.0413764
-0.0452582
-0.0426784
-0.0387773
-0.0441801
-0.0480506
-0.0458698
-0.0419807
-0.0321306
-0.0360525
-0.0343216
-0.0303848
-0.0676153
-0.071022
-0.0682064
-0.0647199
-0.0689485
-0.0723307
-0.0697086
-0.0663293
-0.0566425
-0.0602731
-0.0578103
-0.054169
-0.0921767
-0.095309
-0.0925165
-0.0893295
-0.0929995
-0.0962931
-0.0934826
-0.0902281
-0.080995
-0.0842431
-0.0815211
-0.0782917
0.000546396
-8.92261e-05
-0.000449439
-0.000434445
-0.000133656
0
-0.00119662
-0.00211464
-0.0028823
-0.00296394
-0.00219779
-0.00152656
-0.00367084
-0.00417262
-0.00464781
-0.00494079
-0.00439836
-0.00402656
-0.0044386
-0.00550944
-0.00675427
-0.00691744
-0.00572425
-0.00515453
-0.013326
-0.0150504
-0.0181337
-0.0170678
-0.0140836
-0.0108407
-0.0348852
-0.0363562
-0.0402681
-0.0380489
-0.0341323
-0.0282962
-0.0611741
-0.0619253
-0.065477
-0.0628312
-0.0592317
-0.0529127
-0.0861887
-0.0865106
-0.0897399
-0.0869816
-0.0837333
-0.0777097
0.000234541
-0.000804314
-0.00160574
-0.000927767
-0.00247942
-0.0033925
-0.00372995
-0.00265976
-0.00293947
-0.00180937
-0.000891656
-0.00197403
-0.00081479
-0.000645085
0
-0.00278776
-0.00341826
-0.00417149
-0.00351171
-0.00493211
-0.005471
-0.0055194
-0.00504316
-0.00518763
-0.00456873
-0.00383312
-0.00481743
-0.00402393
-0.00434738
-0.00383922
-0.0045133
-0.0055198
-0.00485455
-0.00672146
-0.00778866
-0.0079441
-0.00695608
-0.00701283
-0.00635781
-0.00577073
-0.00635359
-0.00588997
-0.00588271
-0.00719066
-0.00867595
-0.0104783
-0.00841763
-0.0127624
-0.0156844
-0.0158974
-0.0128428
-0.0131571
-0.0106257
-0.00868673
-0.0109476
-0.00897315
-0.00923035
-0.0228877
-0.0245947
-0.0265643
-0.0229131
-0.0289415
-0.0329212
-0.0319447
-0.0278677
-0.0272587
-0.0232496
-0.019583
-0.0229812
-0.0191644
-0.0191786
-0.0479924
-0.0491098
-0.0504071
-0.0465653
-0.0518282
-0.0554591
-0.0532482
-0.0496498
-0.0476802
-0.0439083
-0.0400028
-0.0422313
-0.0383025
-0.0369619
-0.0739258
-0.0743853
-0.0749958
-0.0716332
-0.075616
-0.0788024
-0.0760757
-0.0729567
-0.0703068
-0.0671246
-0.0637755
-0.0645802
-0.0612915
-0.0588907
-0.098125
-0.10139
-0.0985527
-0.10189
-0.0990842
-0.0957705
-0.102414
-0.0996116
-0.102938
-0.100073
-0.0967554
-0.0938776
-0.0906594
-0.087461
-0.0878269
-0.0846901
-0.0819056
4.60507e-05
-0.000938202
-0.00357744
-0.00435982
-0.0105903
-0.0294468
-0.0550594
-0.0802679
5.41452e-05
-0.00131194
-0.000117616
-0.00242005
-0.00401588
-0.00271424
-0.00402385
-0.00569357
-0.00500217
-0.00605225
-0.00931281
-0.00673491
-0.0185714
-0.0226707
-0.0145197
-0.0420036
-0.0450041
-0.033178
-0.0678859
-0.0693361
-0.0572251
-0.0923203
-0.0932489
-0.0812662
0.000173364
-0.000269393
-4.53367e-05
-0.00166995
-0.00254235
-0.00185621
-0.00387798
-0.00453488
-0.00423026
-0.00493134
-0.006171
-0.00539444
-0.0141609
-0.016012
-0.0123597
-0.0355966
-0.0371718
-0.0311675
-0.0615255
-0.0623648
-0.056079
-0.0863237
-0.0867362
-0.0807259
-0.00033334
-0.00121482
-0.000670356
-0.00201582
-0.00303995
-0.00225013
-0.000628689
-0.00133375
-0.000291576
-0.00308221
-0.00378599
-0.00320781
-0.00455861
-0.0052606
-0.00481323
-0.00339063
-0.00430612
-0.00371995
-0.00412689
-0.00498304
-0.0047495
-0.00610361
-0.00733716
-0.00663511
-0.00536122
-0.00611323
-0.00567823
-0.00790006
-0.00952974
-0.00749847
-0.0115447
-0.0141871
-0.0116624
-0.00775168
-0.00973712
-0.00833152
-0.0237162
-0.0255386
-0.0204398
-0.0276915
-0.0303481
-0.0254998
-0.0182462
-0.0211379
-0.017349
-0.0485275
-0.0497381
-0.043404
-0.0511079
-0.0525493
-0.0467669
-0.0389918
-0.0410836
-0.0355783
-0.0741296
-0.0746799
-0.0685659
-0.0753145
-0.0758766
-0.0700404
-0.0633078
-0.0642086
-0.0583743
-0.0983154
-0.0988126
-0.0927493
-0.0993534
-0.099851
-0.0936911
-0.0872288
-0.0876624
-0.0817392
0
0.00420893
0.00728386
0.00979166
0.0205224
0.035098
0.0441434
0.0477078
0.0497673
0
0.00558555
0.00802172
0.00740914
0.0092905
0.0146376
0.0199405
0.0232871
0.0253742
0.0015618
0.00476881
0.0032238
0
0.00630178
0.00754973
0.00737026
0.00793671
0.00793715
0.00776481
0.014011
0.0145996
0.00779012
0.0280782
0.0252613
0.0117371
0.0405278
0.0324996
0.017486
0.0463327
0.0356644
0.0218617
0.0487803
0.0374153
0.0243834
0.00184285
0.0068775
0.00742526
0.0102805
0.0200027
0.0295121
0.0344206
0.0366089
0.000580948
0.00157922
0.000585884
0
0.00539252
0.00660519
0.00599269
0.00445766
0.0075613
0.00766863
0.00750511
0.00743083
0.0115769
0.0120745
0.00884181
0.00882004
0.0242727
0.0239645
0.0172445
0.0174765
0.0380443
0.0350112
0.0275423
0.0301333
0.045379
0.0404081
0.0335709
0.038342
0.0482608
0.0426939
0.0361565
0.0417082
0.00286588
0.00332635
0.00516813
0.00442497
0.00240074
0.00206405
0
0.00691108
0.00738152
0.00773947
0.00784255
0.00716316
0.00660058
0.00861895
0.00750869
0.00733784
0.00754073
0.007378
0.00796399
0.0170383
0.0122309
0.0118578
0.00839987
0.0087485
0.00746965
0.0317402
0.022718
0.0202176
0.0131648
0.0160068
0.0104228
0.0425479
0.0311589
0.0264332
0.0187758
0.0237783
0.0160945
0.0470846
0.0351011
0.029536
0.0226282
0.0282684
0.0209691
0.049286
0.0435397
0.0370264
0.031408
0.0248837
0.0305319
0.0238626
0.000426215
0.00569212
0.00753574
0.0101504
0.0206754
0.0327658
0.0395035
0.0422204
0.00301936
0.00380917
0.0010243
0.0071657
0.00762517
0.00632652
0.00803534
0.00723265
0.00760601
0.0145544
0.010116
0.0078212
0.0271659
0.0181595
0.0138643
0.0368611
0.0252193
0.0221054
0.041122
0.0289545
0.0274397
0.0431316
0.0309957
0.0300508
0.00024989
0.00045358
0.00010417
0
0.00483505
0.00554805
0.00510909
0.00433075
0.00742687
0.00755783
0.00749249
0.00736878
0.0105969
0.0108552
0.00941173
0.00930291
0.0223734
0.0224454
0.0190527
0.0189743
0.0366285
0.0353818
0.0314959
0.0325884
0.0448024
0.0424368
0.0389589
0.0412342
0.0479894
0.0452427
0.0419708
0.0447091
0.0021946
0.00292788
0.00228413
0.00154262
0.00257652
0.00354763
0.00310169
0.00208245
0.000188652
0.000759852
0.000453314
0
0.00664844
0.00705036
0.00692781
0.0064638
0.0071748
0.00749979
0.00743943
0.00702041
0.00541592
0.00615777
0.00578036
0.00495965
0.00822501
0.00832908
0.00781027
0.00780873
0.00743467
0.00732461
0.00728425
0.00736569
0.00754298
0.00753185
0.00769383
0.00763252
0.0154505
0.0157762
0.0132502
0.0130284
0.0111976
0.0111402
0.00938236
0.00946945
0.00832568
0.00828
0.00752844
0.00758576
0.0299377
0.0294233
0.0255864
0.0259911
0.021375
0.0204677
0.0170894
0.0180201
0.0158985
0.0155536
0.0128373
0.013211
0.0415956
0.0396913
0.0359847
0.0377511
0.0303752
0.0282326
0.0245276
0.0266907
0.0264385
0.024868
0.0211861
0.0227781
0.0467291
0.0441034
0.0407847
0.0433688
0.0347787
0.0320467
0.028627
0.0313703
0.0330659
0.030538
0.0269605
0.0295053
0.0490319
0.0462152
0.0429186
0.0457417
0.0368231
0.0340076
0.0307666
0.0335722
0.0359171
0.0331105
0.0297997
0.0326127
0.00100574
0.000947398
0.00167724
0.00116926
0.000477762
0
0.00589143
0.00619251
0.00674047
0.0064806
0.00583832
0.00460207
0.00772456
0.00758584
0.00753423
0.00745692
0.0075125
0.00748661
0.0127071
0.0110383
0.011155
0.0094954
0.00947379
0.00835813
0.0261795
0.0223203
0.0219755
0.0186203
0.0189465
0.0160202
0.0393466
0.0339384
0.0322738
0.0285674
0.0301622
0.0277005
0.0458865
0.0399837
0.0374289
0.0340201
0.0365532
0.035437
0.0485222
0.0424608
0.0396482
0.0363869
0.0391918
0.0386945
0.00355024
0.00375288
0.00406381
0.00315057
0.0045039
0.00538328
0.00501766
0.00410554
0.00382581
0.00279008
0.00170346
0.0026316
0.0014658
0.00128229
0
0.00712535
0.00732834
0.00750025
0.00727261
0.0077194
0.00787453
0.00796711
0.00774917
0.00764582
0.00729096
0.00678874
0.00702229
0.0064839
0.00612031
0.00913003
0.00836566
0.0076709
0.00775489
0.00724593
0.00725599
0.00745875
0.00728729
0.00764972
0.0075014
0.00749241
0.00787584
0.00774854
0.00801779
0.0187285
0.0159694
0.0133723
0.0133717
0.0109482
0.0105418
0.00881486
0.00918538
0.00806193
0.00816582
0.00823027
0.00759805
0.00752609
0.00741326
0.0334658
0.0286864
0.0240178
0.0249395
0.0192059
0.017519
0.0138997
0.0157373
0.0124418
0.0139192
0.0149276
0.0110627
0.0121534
0.00983199
0.0433964
0.037645
0.0318654
0.0340249
0.0258534
0.0232541
0.0193746
0.0220788
0.0181452
0.0207241
0.02297
0.0168007
0.0191962
0.0153712
0.0474078
0.0414273
0.0353944
0.0381234
0.0292561
0.0264313
0.0229697
0.0258188
0.0222598
0.0251037
0.0278741
0.021432
0.0242568
0.020472
0.0495316
0.0466565
0.043334
0.040464
0.0372201
0.0400679
0.0344042
0.0312126
0.0284238
0.0251345
0.0279692
0.024633
0.0274776
0.0302941
0.0241276
0.0269734
0.0235834
0.000129978
0.00497301
0.00746957
0.00999963
0.0206866
0.0340367
0.0418741
0.0449817
0.00221754
0.00280988
0.000289974
0.00679836
0.00730596
0.0055933
0.00802201
0.00731802
0.0076007
0.0143342
0.0102502
0.00787466
0.027732
0.0192548
0.0143587
0.0387742
0.0274962
0.0238542
0.0437563
0.0317251
0.0300492
0.0459817
0.0337942
0.032868
0.000940015
0.00102399
0.000127453
0.00604914
0.00633427
0.00525514
0.00766281
0.00751103
0.00751193
0.0118624
0.0102445
0.00884733
0.0242206
0.0204596
0.0174601
0.0366215
0.0312632
0.028973
0.0429321
0.0370174
0.0360287
0.0454948
0.0394242
0.0389499
0.0036425
0.00389189
0.00240189
0.0042697
0.00475818
0.00344572
0.00138775
0.00212545
0.000731263
0.00723777
0.00741201
0.00705049
0.00760245
0.00784844
0.00756311
0.00663438
0.00692841
0.00596402
0.00874811
0.00799947
0.00760751
0.00740885
0.00724194
0.00738101
0.00744471
0.00763038
0.0078347
0.0173271
0.0146515
0.0122023
0.0121344
0.00982826
0.00863248
0.00881379
0.00780055
0.00735013
0.0310474
0.0263526
0.0234754
0.0216462
0.0166374
0.0148281
0.0167815
0.0130245
0.0113235
0.0405097
0.0347709
0.0331936
0.0289008
0.0226885
0.0214235
0.025814
0.0199804
0.0183737
0.0444183
0.038421
0.0377951
0.0323408
0.026136
0.0254761
0.0309764
0.0246983
0.023776
0.0464378
0.0402634
0.0398637
0.0342099
0.028207
0.0277243
0.0333449
0.0272286
0.0267092
