FiniteElementSpace
FiniteElementCollection: H1_2D_P2
VDim: 2
Ordering: 0

0
1.05143
2.11806
3.12813
3.9692
4.54904
4.87058
5.02552
5.13352
0
0.924561
1.79251
2.56863
3.19619
3.63533
3.89379
4.03209
4.14016
0.519845
0.98993
0.469487
0
1.58633
1.96328
1.36683
2.63653
2.86577
2.19553
3.5772
3.60755
2.90433
4.29417
4.1167
3.44014
4.73786
4.39864
3.78448
4.9612
4.53457
3.9725
5.07889
4.63717
4.08468
0.495944
1.48098
2.42853
3.26259
3.89297
4.28238
4.47784
4.5836
0.257124
0.509526
0.248508
0
1.31879
1.53602
1.23613
1.02263
2.37973
2.53599
2.19866
2.04357
3.35896
3.42431
3.07001
3.00094
4.14043
4.09831
3.75797
3.79305
4.6512
4.51418
4.20636
4.33742
4.92018
4.72178
4.44199
4.6379
5.0527
4.8315
4.55919
4.7812
0.784927
0.743049
0.956058
0.698547
0.481483
0.237127
0
1.85313
1.72368
1.87889
1.58208
1.42359
1.14746
2.88665
2.65142
2.72206
2.3863
2.3148
1.99728
3.7811
3.44215
3.41004
3.05606
3.09028
2.7416
4.43027
4.01244
3.88406
3.54374
3.67513
3.32429
4.81043
4.34598
4.15124
3.84361
4.04019
3.71535
4.99565
4.50806
4.28492
4.00391
4.22837
3.93629
5.10553
4.88532
4.60922
4.38866
4.11166
4.33457
4.05855
0.253702
1.27959
2.29238
3.2187
3.95394
4.43312
4.68389
4.80659
0.765806
0.719354
0.242893
1.79103
1.65316
1.191
2.77277
2.52266
2.0998
3.61619
3.2567
2.91169
4.22604
3.78652
3.54963
4.58191
4.10072
3.96833
4.75356
4.25834
4.19324
4.85739
4.36054
4.3098
0.127291
0.255872
0.126202
0
1.18504
1.29988
1.15113
1.03767
2.24942
2.33692
2.16853
2.08164
3.24506
3.28984
3.11124
3.06552
4.05706
4.04823
3.87554
3.88217
4.6022
4.54311
4.38718
4.44422
4.8966
4.80266
4.66202
4.75497
5.03931
4.92974
4.79406
4.90358
0.652172
0.775979
0.637589
0.515286
0.619513
0.731145
0.600522
0.488704
0.124443
0.245711
0.122522
0
1.7199
1.82286
1.66376
1.5619
1.60265
1.68868
1.5388
1.45242
1.11315
1.2136
1.07378
0.972962
2.76259
2.83066
2.65535
2.58718
2.54093
2.58798
2.41969
2.37242
2.08157
2.1498
1.99001
1.92149
3.68112
3.69968
3.52206
3.50178
3.35407
3.35104
3.17505
3.17791
2.96925
2.99216
2.81816
2.79505
4.3645
4.32918
4.16425
4.19728
3.95462
3.90125
3.73256
3.78585
3.68466
3.65558
3.48156
3.51051
4.77584
4.69699
4.54962
4.62691
4.31564
4.22465
4.07178
4.16275
4.16329
4.08894
3.92779
4.00208
4.97911
4.87497
4.73831
4.84199
4.49354
4.38377
4.24389
4.35385
4.42137
4.31855
4.1732
4.27606
5.09204
4.98139
4.84425
4.95517
4.5962
4.48495
4.34734
4.45923
4.54701
4.43475
4.29747
4.41014
0.388112
0.381571
0.502946
0.372302
0.251201
0
1.4526
1.40792
1.50896
1.35877
1.25825
1.00662
2.50888
2.41494
2.48309
2.31437
2.24625
2.00405
3.46984
3.32313
3.34464
3.16784
3.14547
2.93438
4.21959
4.02821
3.99698
3.8274
3.85729
3.70161
4.69644
4.47541
4.39942
4.246
4.32096
4.22834
4.94164
4.70372
4.60044
4.46074
4.56371
4.51918
5.06579
4.81901
4.70767
4.57133
4.68311
4.65823
0.918039
0.894165
0.866538
0.754719
0.837892
0.939774
0.811922
0.708329
0.584415
0.474885
0.362306
0.353703
0.239852
0.119913
0
1.98593
1.91768
1.84393
1.75789
1.76656
1.83582
1.68793
1.61753
1.475
1.39494
1.30763
1.25761
1.16881
1.03641
3.00865
2.88805
2.75975
2.71302
2.62348
2.64668
2.47854
2.45548
2.29187
2.25584
2.20811
2.09726
2.04892
1.89563
3.87728
3.70657
3.52667
3.53043
3.33503
3.30551
3.12755
3.1586
2.98155
2.99928
3.00242
2.82424
2.82832
2.6563
4.49186
4.28374
4.06643
4.12057
3.83697
3.76203
3.59097
3.66759
3.49341
3.56016
3.61413
3.38369
3.43946
3.2617
4.84197
4.61127
4.37358
4.46498
4.12714
4.0239
3.86972
3.97382
3.81521
3.91425
4.00574
3.7512
3.84399
3.67671
5.01102
4.76778
4.52167
4.6313
4.27195
4.15888
4.0183
4.13173
3.9887
4.10128
4.21156
3.95508
4.06588
3.9159
5.11929
5.00936
4.87107
4.76127
4.62286
4.73336
4.51296
4.37429
4.26436
4.12566
4.23605
4.09797
4.20967
4.32212
4.07155
4.18437
4.04543
0.126957
1.16875
2.20982
3.17913
3.96733
4.49565
4.77999
4.91685
0.645484
0.609974
0.123506
1.69258
1.57092
1.09347
2.70989
2.48116
2.03628
3.60261
3.26611
2.89493
4.26539
3.84538
3.58486
4.66359
4.1951
4.0472
4.85915
4.36937
4.29832
4.9681
4.47187
4.42257
0.385417
0.377087
0.125379
1.43096
1.38377
1.1325
2.46279
2.36543
2.12573
3.39749
3.24664
3.04131
4.12493
3.92914
3.78142
4.58684
4.36188
4.27649
4.82325
4.58293
4.54254
4.94244
4.69534
4.67082
0.906726
0.880666
0.628812
0.852164
0.824323
0.591834
0.367336
0.357527
0.121461
1.9526
1.88139
1.6337
1.80558
1.72725
1.50672
1.33328
1.28227
1.05462
2.9493
2.82488
2.59902
2.69265
2.55218
2.35662
2.2619
2.15321
1.94307
3.79296
3.6179
3.43929
3.43252
3.23362
3.08042
3.08653
2.91516
2.73874
4.3888
4.17639
4.06077
3.95344
3.71638
3.61549
3.72256
3.50144
3.3741
4.7274
4.4934
4.43372
4.25157
3.99996
3.94529
4.1274
3.88051
3.8045
4.88969
4.64514
4.61648
4.39729
4.14561
4.11702
4.33699
4.0843
4.04581
4.99512
4.747
4.72031
4.49862
4.24994
4.22266
4.44692
4.19695
4.17174
0
0.0417903
0.26892
0.75514
1.51878
2.48413
3.52856
4.56295
5.56396
1
1.0441
1.22199
1.58862
2.15646
2.89606
3.75581
4.69453
5.68004
0.00397416
0.523278
1.01404
0.5
0.126927
0.719704
1.11153
0.476476
1.1451
1.38002
1.10488
1.8173
1.84828
1.98389
2.67964
2.50796
3.00347
3.63876
3.31395
4.05003
4.6279
4.21719
5.06653
5.62163
5.18402
0.492916
0.596145
0.901088
1.4522
2.23056
3.15236
4.13191
5.12483
0.000342583
0.244853
0.49092
0.25
0.0778573
0.356856
0.553863
0.278319
0.364053
0.6836
0.802788
0.489291
0.921397
1.2736
1.29095
0.944971
1.7459
2.10307
2.01866
1.66344
2.74233
3.07464
2.91373
2.57818
3.79016
4.08844
3.8848
3.58075
4.81581
5.09455
4.87632
4.59343
0.0175165
0.503358
0.777986
1.02484
0.749348
1.01011
0.75
0.190227
0.651111
0.962725
1.16108
0.846811
1.07276
0.606766
1.01512
1.35821
1.4779
1.13178
1.29482
1.3045
1.62802
1.9811
1.99658
1.64263
1.71215
2.23066
2.45141
2.78642
2.69787
2.3657
2.3272
3.26599
3.39436
3.69866
3.53219
3.23344
3.10168
4.3077
4.3797
4.66284
4.45408
4.17635
3.98429
5.31563
5.59256
5.3733
5.65092
5.4317
5.15536
4.93804
0.242648
0.311403
0.578295
1.10111
1.87789
2.82455
3.83475
4.84446
0.256473
0.759146
0.746641
0.415798
0.89848
0.80692
0.805751
1.23768
1.04028
1.46148
1.80553
1.49331
2.33711
2.57219
2.16824
3.32708
3.46418
3.0072
4.3414
4.41868
3.93621
5.34384
5.40297
4.90852
0.000477985
0.120904
0.245172
0.125
0.0582441
0.193608
0.293381
0.159076
0.314308
0.47003
0.531794
0.377982
0.835976
1.01009
1.02094
0.848892
1.63079
1.81079
1.76921
1.58998
2.61273
2.78241
2.7008
2.5301
3.65953
3.81153
3.70775
3.55369
4.68967
4.82956
4.71906
4.57748
0.00944464
0.136061
0.249445
0.123572
0.497025
0.630089
0.753202
0.620055
0.493937
0.617781
0.747652
0.625
0.156677
0.301915
0.384568
0.240829
0.621987
0.773119
0.871133
0.719911
0.537174
0.678948
0.791144
0.649326
0.539284
0.705096
0.74254
0.578882
0.956125
1.12453
1.18293
1.01456
0.759393
0.919701
0.999813
0.839447
1.20268
1.38185
1.36568
1.18809
1.53836
1.71528
1.72246
1.54577
1.21608
1.39037
1.42397
1.24982
2.10627
2.28281
2.21909
2.04239
2.33998
2.51107
2.46791
2.2972
1.91657
2.09232
2.07332
1.89788
3.13464
3.29555
3.20064
3.03805
3.27301
3.42919
3.3483
3.19269
2.79604
2.9601
2.89607
2.73249
4.17916
4.32374
4.21503
4.06836
4.25574
4.39935
4.29727
4.15427
3.76161
3.9106
3.81708
3.66872
5.19124
5.32953
5.21929
5.08014
5.24908
5.3882
5.27909
5.14019
4.75209
4.89256
4.78551
4.64553
0.000941463
0.242638
0.367906
0.490903
0.365923
0.375
0.10065
0.332508
0.475219
0.573483
0.431424
0.399668
0.417986
0.628863
0.790899
0.850008
0.689114
0.603104
1.01096
1.18535
1.36156
1.3697
1.19464
1.04361
1.86362
1.98925
2.16581
2.1234
1.94718
1.73919
2.87262
2.94922
3.11286
3.03256
2.86842
2.6281
3.92035
3.96166
4.10979
4.00825
3.85933
3.60925
4.94141
4.96961
5.10953
5.00057
4.86017
4.61038
0.0282274
0.266057
0.512052
0.378862
0.76737
0.909488
1.03336
0.89067
1.01847
0.880716
0.74726
1.01133
0.877667
1.00738
0.875
0.227525
0.450657
0.683654
0.53211
0.928995
1.09005
1.19012
1.02764
1.13496
0.977218
0.825454
1.09088
0.93808
1.05724
0.678609
0.87322
1.07812
0.908989
1.29614
1.47089
1.53171
1.35522
1.42742
1.25337
1.08428
1.33591
1.16511
1.25694
1.40984
1.56079
1.72107
1.54348
1.89182
2.06718
2.07517
1.89913
1.921
1.74326
1.56625
1.77873
1.60033
1.64886
2.35665
2.45687
2.5647
2.39336
2.67842
2.84103
2.79601
2.63449
2.60186
2.43594
2.26578
2.41642
2.24647
2.24057
3.39733
3.45382
3.51631
3.36015
3.581
3.72788
3.64337
3.4987
3.42237
3.27401
3.1197
3.20704
3.05452
2.99801
4.43563
4.46754
4.50376
4.36022
4.54055
4.67933
4.57389
4.4371
4.33516
4.19752
4.05599
4.10022
3.96097
3.86948
5.43982
5.57818
5.46824
5.607
5.49749
5.35846
5.63632
5.52694
5.66556
5.55587
5.41753
5.30771
5.17006
5.03182
5.06077
4.92381
4.81594
0.122435
0.174817
0.421926
0.927311
1.69889
2.65573
3.6827
4.70372
0.128555
0.623999
0.620136
0.269549
0.744936
0.662783
0.639765
1.06765
0.877798
1.28305
1.62883
1.31822
2.16161
2.40311
1.99372
3.16665
3.31051
2.84561
4.19625
4.27666
3.78941
5.20496
5.26416
4.76895
0.121083
0.365835
0.36898
0.215542
0.45175
0.414108
0.522285
0.737999
0.644183
1.09701
1.27617
1.1171
1.92534
2.05528
1.84175
2.90991
2.99021
2.74766
3.9401
3.98454
3.73421
4.95502
4.9849
4.73533
0.146189
0.387964
0.372219
0.638476
0.898922
0.884678
0.618013
0.878509
0.876662
0.337988
0.565786
0.501965
0.804599
1.05733
1.00099
0.697961
0.9563
0.922526
0.774764
0.974238
0.847888
1.18527
1.41136
1.30261
0.965284
1.20759
1.12599
1.48419
1.63971
1.45072
1.80503
1.98171
1.81965
1.46627
1.67017
1.53394
2.40571
2.50993
2.27858
2.62093
2.73684
2.53417
2.19356
2.34002
2.15551
3.42461
3.48454
3.23622
3.54863
3.61277
3.38576
3.07585
3.16358
2.94698
4.45082
4.48534
4.23502
4.52232
4.55791
4.31695
4.03224
4.07884
3.84397
5.45391
5.48277
5.23405
5.51227
5.54152
5.29368
5.01631
5.04674
4.80131
