FiniteElementSpace
FiniteElementCollection: H1_2D_P2
VDim: 2
Ordering: 0

0
-0.00130812
-0.00683057
-0.0166158
-0.0266379
-0.0303437
-0.0234529
-0.00781941
0.0098992
0
0.000760693
0.000444685
-0.00753873
-0.0204409
-0.0292847
-0.0284219
-0.0177474
-0.00138112
-0.000177704
-6.6029e-05
2.03078e-06
0
-0.00347266
-0.00258341
0.00128222
-0.0113351
-0.0117672
-0.00249613
-0.0220009
-0.0240285
-0.0139233
-0.0296587
-0.0308413
-0.0258676
-0.0282731
-0.0268843
-0.0301842
-0.0163556
-0.013232
-0.0241433
0.00117412
0.00414941
-0.00987638
-7.4985e-05
-0.000631283
-0.00635472
-0.018038
-0.0285911
-0.0302912
-0.0209717
-0.00454498
3.31727e-05
-0.000272726
-5.12115e-05
0
-0.00224885
-0.00190924
-0.000220985
-0.00069998
-0.00895472
-0.0085853
-0.00423719
-0.00446019
-0.0193462
-0.0199785
-0.0148622
-0.0140133
-0.0284006
-0.0293217
-0.0265519
-0.0254303
-0.0296636
-0.029549
-0.0309299
-0.0308418
-0.0201428
-0.0189048
-0.0242051
-0.0254317
-0.00332013
-0.00179813
-0.00894807
-0.0107181
-0.000625117
-5.45909e-05
0.000464037
0.000342959
8.67603e-05
-0.000138801
0
-0.00499839
-0.00139447
-0.000984743
0.00109463
0.00043298
0.00112355
-0.0139144
-0.00889253
-0.00966263
-0.00478681
-0.00438007
-0.000743448
-0.0244687
-0.0211437
-0.0223915
-0.0172464
-0.0160594
-0.0106334
-0.0303282
-0.0300457
-0.0303428
-0.0278686
-0.0274604
-0.0233575
-0.0261877
-0.0289318
-0.0278763
-0.0296328
-0.0305179
-0.0300657
-0.0122064
-0.0172783
-0.0155191
-0.0211753
-0.0226841
-0.026578
0.00557571
0.00698384
-0.000138432
0.00140413
-0.00564727
-0.00717992
-0.0139476
-0.000130097
-0.00116685
-0.00633009
-0.0169911
-0.0276292
-0.0305582
-0.0224288
-0.00628946
-0.000430778
0.000263413
5.15079e-06
-0.00299213
-5.18389e-05
0.000564643
-0.0111744
-0.00681993
-0.0024233
-0.0228373
-0.0193123
-0.0127905
-0.0304154
-0.0292174
-0.0251503
-0.0278269
-0.0295407
-0.0307849
-0.0149632
-0.0193021
-0.0255693
0.00264242
-0.00284955
-0.0114411
3.59663e-05
-0.000108465
-4.64315e-05
0
-0.00174608
-0.00168867
-0.000904467
-0.00101263
-0.0078594
-0.00755573
-0.0053462
-0.00556536
-0.0179833
-0.0181297
-0.0154925
-0.0152553
-0.0275758
-0.028054
-0.0265857
-0.0260576
-0.0300936
-0.0301785
-0.0307901
-0.0306571
-0.0218661
-0.021357
-0.0240012
-0.0245139
-0.00557629
-0.00485034
-0.00851929
-0.00932594
-0.000373694
-0.000564116
-0.000343824
-0.000282805
-6.72587e-05
0.00012398
0.000165395
2.26165e-05
-2.28191e-05
-1.46745e-05
-6.18715e-06
0
-0.0041989
-0.00392975
-0.00240589
-0.00264637
-0.000964273
-0.000696446
0.000241598
-7.33399e-05
-0.000118904
0.000195734
0.000535321
0.000220641
-0.0126049
-0.0124691
-0.00984326
-0.00987524
-0.00757596
-0.0078422
-0.00554359
-0.00534753
-0.00335203
-0.00330632
-0.00163874
-0.00175791
-0.0232642
-0.0236575
-0.0214321
-0.0209727
-0.0196089
-0.0202508
-0.0176981
-0.017061
-0.0132956
-0.0138287
-0.0111996
-0.0107084
-0.0300719
-0.0304307
-0.0299477
-0.0295409
-0.0293962
-0.0296911
-0.0284136
-0.0280782
-0.0253431
-0.0258946
-0.0238198
-0.0232435
-0.0273173
-0.0270783
-0.0287751
-0.0289808
-0.0296996
-0.029298
-0.0301167
-0.03047
-0.0309753
-0.0309237
-0.0306513
-0.0306563
-0.0143197
-0.0136496
-0.0169792
-0.0176994
-0.0191758
-0.0183181
-0.0210493
-0.0218656
-0.0256188
-0.0249344
-0.0267991
-0.0274357
0.00339037
0.00409036
0.000433978
-0.000342772
-0.00233552
-0.00149339
-0.00501618
-0.00586681
-0.0111125
-0.0102053
-0.0135101
-0.0143943
-4.03876e-05
-0.00020598
-0.00018204
-6.99422e-05
-9.38001e-05
0
-0.00282561
-0.00150019
-0.00124133
-0.000388323
-0.000676188
-0.000376959
-0.0101171
-0.00741283
-0.00742568
-0.00524039
-0.00523729
-0.00347763
-0.0206891
-0.0184918
-0.0190061
-0.0164493
-0.0159105
-0.0128617
-0.0290981
-0.0285444
-0.0290045
-0.0276384
-0.0271287
-0.0247553
-0.0290588
-0.030144
-0.0299843
-0.0307011
-0.0308076
-0.0309023
-0.0183036
-0.0207258
-0.0199899
-0.0226518
-0.0233737
-0.0262186
-0.00106537
-0.00404454
-0.00319452
-0.00675424
-0.0076491
-0.0120132
-0.000937043
-0.000546573
-4.99284e-05
-0.00024644
0.000368106
0.00064946
0.00055122
0.000343077
0.000156889
8.70927e-05
3.37744e-05
-0.000103767
-2.54612e-05
-8.1248e-05
0
-0.00587835
-0.00367739
-0.00193318
-0.00215519
-0.000457499
-0.000253283
0.000837525
0.000544377
0.00124372
0.000886192
0.000536025
0.00124105
0.000877449
0.00096074
-0.0152554
-0.0125693
-0.0102947
-0.00999525
-0.00819757
-0.00861205
-0.0061098
-0.00580735
-0.00357497
-0.00343494
-0.00333786
-0.0015459
-0.00157328
-7.5037e-05
-0.0255966
-0.0241746
-0.0226225
-0.0220027
-0.0208835
-0.0214614
-0.0188718
-0.0183154
-0.0155925
-0.0150186
-0.0144172
-0.0122644
-0.011731
-0.00905127
-0.0304218
-0.0307149
-0.030529
-0.0302863
-0.0298628
-0.0298899
-0.0286559
-0.0286139
-0.0269398
-0.0267274
-0.0263687
-0.0246732
-0.0243084
-0.0219453
-0.0248996
-0.0267099
-0.0279905
-0.0284425
-0.0287917
-0.028207
-0.0291093
-0.0296557
-0.0299931
-0.0304268
-0.0307403
-0.0302102
-0.0305034
-0.0297588
-0.0100353
-0.0128712
-0.0152922
-0.0161662
-0.0174542
-0.0166304
-0.0195134
-0.02025
-0.0227218
-0.023441
-0.0241939
-0.0254316
-0.0261172
-0.0275774
0.00774175
0.00843552
0.00482263
0.00555156
0.00202571
0.00123565
0.00277226
-0.00070144
3.46401e-05
-0.00350529
-0.00422618
-0.0077714
-0.00850797
-0.00932631
-0.0119377
-0.0126807
-0.0158872
-4.44585e-05
-0.0013197
-0.00651835
-0.0166885
-0.0271124
-0.0305077
-0.0230048
-0.00709953
-0.000407224
6.75037e-05
-1.00582e-05
-0.00324653
-0.00033507
0.00023087
-0.011143
-0.00654272
-0.00247028
-0.0223421
-0.018671
-0.0122454
-0.0300648
-0.0289611
-0.02462
-0.0281162
-0.029972
-0.0308789
-0.0157166
-0.0201453
-0.0262604
0.00188775
-0.00367761
-0.0123258
-0.000185417
-0.000144645
-3.69359e-05
-0.00213045
-0.000920773
-0.000499881
-0.00867808
-0.00628076
-0.00430336
-0.0195624
-0.0174613
-0.0143715
-0.0288665
-0.0281347
-0.0259966
-0.0296698
-0.0304866
-0.030945
-0.0195847
-0.0217431
-0.0248688
-0.0025935
-0.00542593
-0.00985015
-0.000764411
-0.000297538
-0.000212427
0.000179577
0.000497917
0.000202093
-4.59257e-06
7.86409e-06
-1.54711e-05
-0.00470409
-0.00276372
-0.00165124
-0.00116886
0.000209282
0.000767907
9.86661e-05
0.00091907
0.000782943
-0.0138444
-0.0113983
-0.00866788
-0.00923574
-0.00716161
-0.00456011
-0.00426714
-0.0024358
-0.000844068
-0.0249
-0.0234177
-0.0205255
-0.0217811
-0.0199179
-0.0166767
-0.0154404
-0.0133639
-0.0101407
-0.03063
-0.0306804
-0.0297241
-0.030258
-0.0293328
-0.0277436
-0.0270516
-0.0255796
-0.022932
-0.0258757
-0.0274122
-0.0293012
-0.0284499
-0.0290141
-0.0301274
-0.0307869
-0.0305523
-0.0302821
-0.0115145
-0.0141235
-0.0181261
-0.0163964
-0.0184878
-0.0219047
-0.0234654
-0.0248481
-0.027239
0.00626887
0.00340928
-0.000970323
0.000661506
-0.00208153
-0.0063728
-0.00804771
-0.010615
-0.0146901
0
0.00140034
-0.000896586
-0.00780125
-0.0163178
-0.0229597
-0.0244426
-0.0186322
-0.00789202
0
0.00094757
-0.0055391
-0.01681
-0.0241267
-0.0232831
-0.0154176
-0.00335559
0.00896044
0.000830153
0.00168994
0.00115591
0
0.000904894
-0.00282335
-0.00126291
-0.00391509
-0.0124743
-0.0111273
-0.0120885
-0.0207172
-0.0214014
-0.0200759
-0.0237035
-0.0247203
-0.024546
-0.020521
-0.0200776
-0.0224333
-0.0112975
-0.00968027
-0.0135337
0.000584284
0.00299611
0.00127689
0.000373759
-0.00740336
-0.0171251
-0.0229457
-0.0229196
-0.0165463
-0.00536127
0.000343903
0.00118984
0.000683698
0
0.00130867
0.000861159
0.00127442
0.00178212
-0.00227096
-0.00569882
-0.00499125
-0.00174536
-0.00992452
-0.0148704
-0.0149005
-0.0103186
-0.0182806
-0.0217568
-0.022011
-0.0187957
-0.0239416
-0.023874
-0.0235095
-0.0235265
-0.0236781
-0.0195216
-0.0187193
-0.0225695
-0.0162009
-0.0093999
-0.00837217
-0.0149438
0.00122038
0.00166109
0.00137466
0.00126442
0.0012399
0.00073612
0
0.000169282
-0.00100763
-0.00408152
-0.00317356
-0.000359951
0.000117735
-0.00577792
-0.00993832
-0.0145565
-0.0140373
-0.009166
-0.00824019
-0.0142371
-0.0190793
-0.0223992
-0.023025
-0.0192029
-0.0193028
-0.0216532
-0.0235124
-0.0235881
-0.0242409
-0.0238622
-0.0246897
-0.0247252
-0.0219243
-0.018181
-0.0179081
-0.0216617
-0.0218826
-0.0207343
-0.0140498
-0.00750177
-0.00655635
-0.0133312
-0.0126559
-0.0107402
-0.00360181
-0.00234436
0.0047435
0.00603426
-0.00128211
-0.000149921
0.000558101
0.00153433
-0.00359142
-0.0126436
-0.0204119
-0.0238936
-0.0212587
-0.012247
0.00164215
0.00150246
0.000696274
-0.000241669
-0.00199643
0.000767548
-0.00797352
-0.0118938
-0.00651438
-0.0169368
-0.0210089
-0.0170272
-0.0228042
-0.0239374
-0.0233516
-0.0234394
-0.0201077
-0.0228259
-0.0173961
-0.0105052
-0.0159086
-0.00649174
0.00178348
-0.00440083
0.000134221
0.00045097
0.000257444
0
0.00138863
0.00150531
0.00170777
0.0016746
-0.00154845
-0.00291964
-0.00263152
-0.0012835
-0.00885352
-0.011363
-0.0114887
-0.00912281
-0.0173166
-0.0194308
-0.0196355
-0.0176473
-0.0234954
-0.0239622
-0.0237562
-0.0232983
-0.0241226
-0.0224743
-0.0219687
-0.023521
-0.0174523
-0.0142033
-0.0136203
-0.016771
0.0010444
0.00150365
0.00144684
0.00105752
0.0015055
0.00159606
0.00141348
0.00126794
0.000350619
0.000698523
0.000366738
0
0.000576723
2.33396e-05
0.000360567
0.00095853
-0.000260151
-0.00147773
-0.00111708
3.10098e-05
0.00154005
0.00104319
0.00113521
0.00155105
-0.00482277
-0.00691689
-0.00682189
-0.00482253
-0.00866378
-0.0109039
-0.0105295
-0.0082682
-0.00387058
-0.00573262
-0.00526202
-0.00342953
-0.0131673
-0.0156792
-0.0159264
-0.0135682
-0.0181392
-0.020051
-0.0201559
-0.0181661
-0.0137075
-0.0159612
-0.0158232
-0.013508
-0.0208952
-0.0222945
-0.022319
-0.0209923
-0.0232752
-0.0237508
-0.0239536
-0.0234249
-0.0214079
-0.0226975
-0.0229309
-0.0215696
-0.0246927
-0.0241067
-0.02371
-0.0242443
-0.0224726
-0.0210586
-0.0209322
-0.0223302
-0.023655
-0.0232032
-0.0232578
-0.0236766
-0.0216389
-0.0190545
-0.018504
-0.0209747
-0.0153345
-0.0123139
-0.0119449
-0.0149798
-0.0196683
-0.0173576
-0.0170855
-0.0193951
-0.0121446
-0.00860198
-0.00794916
-0.011447
-0.00384928
-0.000286433
0.000261126
-0.00333588
-0.00985101
-0.00640902
-0.00595842
-0.00942974
0.000587403
0.000884922
0.00125489
0.000996811
0.000639854
0
0.0011449
0.00124998
0.000656829
0.000884106
0.00144563
0.0017745
-0.00306286
-0.00461906
-0.00655135
-0.006175
-0.00427885
-0.00226027
-0.0110042
-0.0137732
-0.0160392
-0.0160427
-0.0138062
-0.011421
-0.0192021
-0.0211194
-0.0223992
-0.0225235
-0.0212604
-0.0198051
-0.0242952
-0.0239339
-0.0234339
-0.0232643
-0.023742
-0.0236585
-0.0231161
-0.0204416
-0.0180528
-0.0176764
-0.0200133
-0.0215744
-0.0148899
-0.0108364
-0.00737657
-0.00687237
-0.0103108
-0.0131275
0.0013381
0.0017549
0.00172566
0.00168276
0.00149438
0.00117118
0.00117091
0.0013898
0.0012602
0.00120211
0.000994992
0.000979931
0.000705121
0.000424232
0
-0.000325023
-0.000948037
-0.00186681
-0.000591272
-0.00298827
-0.00478222
-0.00430061
-0.00256103
-0.00214936
-0.000792063
0.000269636
-0.000497256
0.000457221
0.000606729
-0.00677295
-0.00914335
-0.0112138
-0.00896888
-0.0132419
-0.0156472
-0.0154497
-0.0129299
-0.0125879
-0.0101126
-0.00782168
-0.00966743
-0.00734576
-0.00685214
-0.0152885
-0.0178941
-0.0199397
-0.0180543
-0.0217581
-0.0232407
-0.0236445
-0.0219888
-0.0222779
-0.0202697
-0.0181575
-0.0204084
-0.01813
-0.0180997
-0.0223441
-0.0232076
-0.0236551
-0.0232043
-0.023815
-0.0234539
-0.0238208
-0.0240953
-0.024544
-0.0242863
-0.023662
-0.024772
-0.0240062
-0.0244773
-0.0246448
-0.0230595
-0.021273
-0.0227152
-0.0191892
-0.0168613
-0.0167008
-0.0190617
-0.0190366
-0.0209128
-0.0222931
-0.0210291
-0.0223852
-0.0226369
-0.01973
-0.016206
-0.0127006
-0.0157358
-0.00902074
-0.00548525
-0.00496109
-0.00859446
-0.00813288
-0.0115729
-0.0146546
-0.0111915
-0.0143489
-0.014068
-0.00932118
-0.00573091
-0.00503785
-0.00149856
-0.00086225
-0.00440855
0.00265797
0.00327782
0.00683476
0.00751216
0.00388381
0.00453276
0.000821477
-0.00283908
0.00143516
-0.00232212
-0.00174863
0.000181127
0.00163306
-0.00206521
-0.0102428
-0.0185639
-0.0236755
-0.0230557
-0.0155171
0.00130698
0.00147118
0.000364659
0.000537072
-0.000664449
0.00135807
-0.00585113
-0.00958241
-0.0045448
-0.0146381
-0.019152
-0.0147603
-0.0216779
-0.0236377
-0.0221832
-0.0242304
-0.0217436
-0.0234895
-0.0200645
-0.0136787
-0.018421
-0.0100302
-0.00180413
-0.00793117
0.000761148
0.000959949
0.000315981
0.00127822
0.00110785
0.00166432
-0.00384308
-0.00539089
-0.00323259
-0.0124734
-0.0149461
-0.0126278
-0.0202412
-0.0218701
-0.0205707
-0.0241537
-0.0236379
-0.0237475
-0.02178
-0.0190806
-0.0208453
-0.0128425
-0.00885304
-0.0117396
0.00162583
0.00177555
0.00150264
0.00162644
0.00134005
0.00134145
0.00100388
0.000985753
0.000371548
-0.000587414
-0.00137839
8.69962e-05
-0.00240398
-0.00361925
-0.00161249
0.000599996
-9.78118e-05
0.000882336
-0.00801083
-0.0101975
-0.00774955
-0.0122181
-0.01431
-0.0115241
-0.00698005
-0.00871224
-0.00602796
-0.0166832
-0.0189646
-0.017077
-0.020858
-0.0226757
-0.0211862
-0.0170999
-0.0192491
-0.0169259
-0.0228362
-0.0234761
-0.0228441
-0.0237634
-0.0238298
-0.024249
-0.0231112
-0.0242069
-0.0236853
-0.0238715
-0.0221976
-0.0231266
-0.0202746
-0.018003
-0.0200329
-0.0228163
-0.021698
-0.0229716
-0.0179539
-0.0144632
-0.0169351
-0.0108941
-0.00705135
-0.0101047
-0.0162081
-0.0129902
-0.0156413
-0.00716653
-0.00293928
-0.00589243
0.0012034
0.00537361
0.00236643
-0.00487415
-0.000743406
-0.0039055
