FiniteElementSpace
FiniteElementCollection: L2_2D_P3
VDim: 1
Ordering: 0

0.0167765
0.00789916
0.0112587
0.0163931
0.00516735
0.00373143
0.00717586
0.0114198
0.00111115
0.0013964
0.00339826
0.00573793
0.000965038
0.000960465
0.00167459
0.00242723
0.00840767
0.00819016
0.00784899
0.00754694
0.00554414
0.00541402
0.00519592
0.00499411
0.00285331
0.00279862
0.00269125
0.00258286
0.00149377
0.00147371
0.00141831
0.00135481
0.00518164
0.0050343
0.00481167
0.00461963
0.00344613
0.00335249
0.00320472
0.0030733
0.00179818
0.00175449
0.00167849
0.00160672
0.000954363
0.000936182
0.000897355
0.000856964
0.00265602
0.00250812
0.00230932
0.00215367
0.00177975
0.00168253
0.00155041
0.00144607
0.0009535
0.000904592
0.000837088
0.000783277
0.000538552
0.000514828
0.000481538
0.000454926
0.000679448
0.000594255
0.000490901
0.000417895
0.000465148
0.000406799
0.000336964
0.000288447
0.000279071
0.000246656
0.000209523
0.000185139
0.000203175
0.000184211
0.000164293
0.000152805
6.14978e-06
1.9518e-06
7.65625e-07
3.06761e-06
1.11119e-05
7.96318e-06
7.56328e-06
9.98239e-06
3.07248e-05
2.76016e-05
2.67981e-05
2.85219e-05
5.54401e-05
5.12107e-05
4.88801e-05
4.93318e-05
8.88732e-05
9.12322e-05
9.4472e-05
9.70721e-05
7.21661e-05
7.36895e-05
7.58712e-05
7.76778e-05
5.68362e-05
5.70987e-05
5.77668e-05
5.84995e-05
4.93164e-05
4.84512e-05
4.78541e-05
4.7758e-05
4.15316e-05
3.50177e-05
2.74135e-05
2.22765e-05
3.50186e-05
2.99038e-05
2.3944e-05
1.99296e-05
2.81861e-05
2.45273e-05
2.02903e-05
1.74609e-05
2.40608e-05
2.12727e-05
1.80727e-05
1.59603e-05
0.010823
0.0105901
0.0101998
0.00983879
0.00718942
0.00701726
0.00671665
0.00643222
0.00377015
0.00366273
0.00346466
0.003272
0.00203327
0.00197071
0.00183763
0.0016988
0.00105098
0.000983324
0.00091974
0.000889096
0.00201025
0.00189573
0.0017881
0.00173549
0.0037777
0.00358841
0.00339885
0.00329525
0.00545468
0.00520177
0.00493799
0.00478479
0.000422609
0.000183555
0.000349126
0.000695463
0.000463197
0.000376904
0.000952187
0.00170028
0.000765905
0.000905787
0.00222113
0.00367781
0.00136283
0.00162557
0.00359573
0.005683
0.00659473
0.00643478
0.00618307
0.00595951
0.00437722
0.00427732
0.00411084
0.00395727
0.00227385
0.00222878
0.00214302
0.00205784
0.00119764
0.00117989
0.00113501
0.00108502
0.000556754
0.000532316
0.000512414
0.000506146
0.00115044
0.00110361
0.00106321
0.00104755
0.00227549
0.00219251
0.00211422
0.00207643
0.00337874
0.00326373
0.00314939
0.00308839
0.000730253
0.000691067
0.000656188
0.000641472
0.00146923
0.00140087
0.0013397
0.00131334
0.00285205
0.00273911
0.00263194
0.00257944
0.00419205
0.00404172
0.00389307
0.00381451
0.00389288
0.00374283
0.0035292
0.00335337
0.00259579
0.00249887
0.0023572
0.00223821
0.00136604
0.00131916
0.00124683
0.00118377
0.000739425
0.000718389
0.000682398
0.000649125
0.000391458
0.000378546
0.000370032
0.000369909
0.000759237
0.000729425
0.000703227
0.000692654
0.00146493
0.00140578
0.00134623
0.00131369
0.00216586
0.00207935
0.00198733
0.00193236
0.000455919
0.000438766
0.000426049
0.000423643
0.000931846
0.000895769
0.000864744
0.000852905
0.00183937
0.00177172
0.00170643
0.00167346
0.00273506
0.00263874
0.00254041
0.00248545
0.00153883
0.00141237
0.00125079
0.00113027
0.00103958
0.00095479
0.000846634
0.000766214
0.0005771
0.000532498
0.000476488
0.000435689
0.000354614
0.000331112
0.000302903
0.000283569
0.000315675
0.000305984
0.000299913
0.000300312
0.000482838
0.000461193
0.000440864
0.000431258
0.000807421
0.000763083
0.000715042
0.000685559
0.00113407
0.00106731
0.000991547
0.000941956
0.00034869
0.000338317
0.000332198
0.000333242
0.000612034
0.000586796
0.000563921
0.000553962
0.00112084
0.0010686
0.00101372
0.000981542
0.00162971
0.00155156
0.00146513
0.00141047
0.000176294
0.00013806
9.54926e-05
6.84493e-05
0.000125596
9.88016e-05
6.99551e-05
5.24704e-05
9.67228e-05
8.04974e-05
6.44348e-05
5.59313e-05
0.000101872
9.05076e-05
8.04132e-05
7.61617e-05
0.000220149
0.000207901
0.000196328
0.000190634
0.000256836
0.00023994
0.000222495
0.000212456
0.000325358
0.000299226
0.000270305
0.000251921
0.000393418
0.000357845
0.000317289
0.000290522
0.000277052
0.000266254
0.000257762
0.000255456
0.000366263
0.000347207
0.000328498
0.000318755
0.000538633
0.000503324
0.000464458
0.000440041
0.000712315
0.000660555
0.000601257
0.000561956
3.14113e-05
3.89098e-05
5.01195e-05
5.97638e-05
3.09903e-05
3.61868e-05
4.42788e-05
5.14153e-05
3.7504e-05
3.95144e-05
4.34676e-05
4.7405e-05
4.73491e-05
4.66691e-05
4.72883e-05
4.87734e-05
7.55388e-05
6.71739e-05
5.80588e-05
5.22606e-05
7.30814e-05
6.41913e-05
5.43798e-05
4.80493e-05
6.87017e-05
5.91421e-05
4.85285e-05
4.16524e-05
6.45842e-05
5.45292e-05
4.34048e-05
3.62534e-05
0.000146676
0.000134907
0.000122623
0.000115312
0.000155291
0.00014153
0.000126698
0.000117488
0.000169561
0.000152107
0.000132736
0.000120286
0.000182836
0.000161727
0.000137979
0.000122493
8.81556e-05
8.25456e-05
7.55845e-05
7.05308e-05
7.059e-05
6.62799e-05
6.09569e-05
5.71219e-05
5.2474e-05
4.94384e-05
4.57625e-05
4.31813e-05
4.17356e-05
3.93946e-05
3.66722e-05
3.48527e-05
1.25602e-05
1.18997e-05
1.13773e-05
1.12477e-05
8.46203e-06
8.02377e-06
7.75671e-06
7.79776e-06
4.14475e-06
3.97185e-06
4.00178e-06
4.23438e-06
1.80608e-06
1.79719e-06
2.00803e-06
2.35385e-06
2.89302e-05
2.52573e-05
2.13151e-05
1.88743e-05
2.40668e-05
2.04578e-05
1.65612e-05
1.41307e-05
1.78258e-05
1.44741e-05
1.08709e-05
8.63859e-06
1.33447e-05
1.03149e-05
7.11804e-06
5.19059e-06
5.85873e-06
3.86077e-06
1.91417e-06
9.16735e-07
6.31694e-06
4.41529e-06
2.48939e-06
1.42016e-06
6.70011e-06
4.90271e-06
3.02998e-06
1.93318e-06
6.80353e-06
5.0544e-06
3.22155e-06
2.13846e-06
5.11171e-06
3.82595e-06
2.48918e-06
1.69912e-06
4.39091e-06
3.28948e-06
2.14964e-06
1.47876e-06
3.5796e-06
2.68488e-06
1.76542e-06
1.22786e-06
3.04283e-06
2.28274e-06
1.50785e-06
1.05887e-06
1.07737e-05
1.01728e-05
9.57739e-06
9.27175e-06
8.30558e-06
7.9585e-06
7.67182e-06
7.58565e-06
5.66128e-06
5.56284e-06
5.57714e-06
5.70408e-06
4.13035e-06
4.14456e-06
4.29557e-06
4.51957e-06
0.0121726
0.0118518
0.0113302
0.0108247
0.0085361
0.00820343
0.00767592
0.00720705
0.00465332
0.00445074
0.0041264
0.00383978
0.00245085
0.00237842
0.00225708
0.00214413
0.00169787
0.00162235
0.00153299
0.00145768
0.000585954
0.000581489
0.000556213
0.000521683
0.000219879
0.000234649
0.00024547
0.00024448
0.000553733
0.000608191
0.00065943
0.000678845
0.000845486
0.000589467
0.000945195
0.00145511
0.000548596
0.000257016
0.000289918
0.000469022
0.000472748
0.000117487
8.30741e-06
7.1293e-05
0.000433141
0.000130182
0.000170972
0.00036469
0.00742162
0.00724136
0.00695642
0.00670263
0.00491595
0.00480511
0.00461867
0.00444571
0.00254578
0.00249706
0.0024023
0.0023071
0.00133765
0.00131898
0.0012694
0.00121326
0.000871436
0.000861771
0.000829337
0.000790209
0.000292242
0.000290659
0.000279795
0.000264988
0.000118319
0.000111825
0.000105991
0.000103389
0.000379644
0.000359865
0.000343135
0.000337112
0.000971516
0.000961527
0.000925493
0.00088125
0.000325856
0.000323763
0.000311121
0.000294014
0.00014278
0.000133103
0.000123919
0.000119207
0.000445912
0.000419588
0.000396037
0.000385973
0.00452997
0.00438187
0.00416451
0.00398116
0.00301604
0.00292116
0.00277697
0.00265216
0.00157916
0.00153411
0.00146025
0.00139307
0.000844653
0.000825205
0.00078801
0.000751349
0.000560599
0.000550121
0.000527369
0.000503721
0.000206928
0.000206009
0.000201273
0.000195323
9.9416e-05
9.90365e-05
0.000101141
0.000104873
0.000262095
0.000254277
0.000250391
0.00025233
0.000627656
0.00061811
0.000593875
0.00056705
0.000221322
0.000220605
0.000214647
0.000206607
9.53322e-05
9.40489e-05
9.4661e-05
9.69673e-05
0.00027752
0.00026792
0.000261987
0.000262531
0.00207426
0.00193424
0.00175086
0.00161073
0.00139497
0.00130204
0.00117979
0.00108611
0.000758447
0.000710682
0.000647905
0.000600058
0.000443699
0.000419584
0.000388433
0.000365361
0.000324668
0.000309645
0.000291009
0.000277943
0.000174835
0.000170804
0.00016791
0.000167805
0.000148111
0.000147745
0.000151659
0.000158177
0.000246987
0.000242112
0.000241744
0.000246157
0.000380001
0.000365806
0.000346056
0.000330564
0.000181071
0.000178098
0.000175268
0.000174263
0.000133769
0.000134064
0.000138425
0.000144993
0.000246667
0.000241761
0.00024142
0.000245929
0.000381522
0.00032033
0.00024855
0.000199781
0.000264404
0.000222027
0.000173361
0.000141175
0.00017227
0.000147875
0.000121505
0.000105464
0.000145489
0.000130133
0.000115138
0.00010746
0.000139779
0.000127921
0.000117256
0.000112696
0.000134007
0.000126738
0.000121727
0.000121221
0.000166276
0.000160009
0.000156326
0.000156826
0.000220089
0.000210991
0.000203945
0.000202103
0.000178325
0.000164625
0.000151412
0.000144911
0.000147723
0.000140818
0.000136298
0.000136281
0.000171213
0.000166529
0.000165168
0.000167726
0.000235144
0.000227428
0.00022264
0.000222949
5.28466e-06
9.71273e-06
1.81986e-05
2.67161e-05
1.17382e-05
1.47155e-05
2.09976e-05
2.75501e-05
2.89003e-05
2.9421e-05
3.23256e-05
3.61087e-05
4.83292e-05
4.6415e-05
4.62112e-05
4.7628e-05
5.79135e-05
5.48493e-05
5.30994e-05
5.32831e-05
7.11489e-05
6.64262e-05
6.24296e-05
6.0815e-05
8.96042e-05
8.23536e-05
7.51067e-05
7.10244e-05
0.00010455
9.50798e-05
8.5078e-05
7.89838e-05
6.80698e-05
6.32168e-05
5.99566e-05
5.95934e-05
8.5864e-05
8.00959e-05
7.54505e-05
7.38673e-05
0.00011333
0.000105318
9.77236e-05
9.38512e-05
0.000137517
0.000126993
0.000116261
0.000110083
9.71001e-05
9.49732e-05
9.23328e-05
9.04138e-05
7.76645e-05
7.59247e-05
7.3795e-05
7.22744e-05
5.82216e-05
5.66763e-05
5.48776e-05
5.36672e-05
4.71791e-05
4.55563e-05
4.37965e-05
4.27131e-05
4.22128e-05
4.05724e-05
3.88149e-05
3.77514e-05
3.41105e-05
3.24271e-05
3.065e-05
2.95984e-05
2.54624e-05
2.36998e-05
2.18854e-05
2.08512e-05
2.01241e-05
1.82989e-05
1.64589e-05
1.54439e-05
4.60015e-05
4.46465e-05
4.34522e-05
4.2926e-05
4.03521e-05
3.82716e-05
3.61901e-05
3.50243e-05
3.45152e-05
3.15734e-05
2.84766e-05
2.66078e-05
3.10159e-05
2.74895e-05
2.37263e-05
2.14143e-05
1.95789e-05
1.51379e-05
1.02564e-05
7.21223e-06
1.7807e-05
1.41365e-05
1.00762e-05
7.51488e-06
1.58904e-05
1.30148e-05
9.81514e-06
7.77406e-06
1.46778e-05
1.22598e-05
9.56079e-06
7.82924e-06
1.41032e-05
1.18855e-05
9.39297e-06
7.77778e-06
1.25683e-05
1.07048e-05
8.61502e-06
7.26274e-06
1.08001e-05
9.32153e-06
7.67122e-06
6.60775e-06
9.62453e-06
8.3858e-06
7.00958e-06
6.12656e-06
2.21801e-05
1.97869e-05
1.70491e-05
1.5251e-05
1.85749e-05
1.67818e-05
1.47601e-05
1.34602e-05
1.46086e-05
1.3453e-05
1.21931e-05
1.14234e-05
1.20996e-05
1.13315e-05
1.05346e-05
1.00867e-05
0.0096335
0.00936008
0.00893394
0.00855888
0.00631588
0.00615297
0.00588255
0.00563413
0.00322616
0.00315769
0.00302549
0.00289325
0.00168312
0.00165773
0.00158917
0.00151123
0.00109188
0.00107951
0.00103519
0.000980839
0.000370659
0.000366404
0.000349174
0.000327242
0.000179847
0.000166006
0.000152458
0.00014508
0.000537502
0.000502931
0.000470827
0.000455658
0.00135594
0.00130548
0.00120288
0.00109813
0.000491098
0.000465292
0.000417952
0.000371999
0.000245696
0.000222237
0.000199091
0.000186217
0.000667698
0.000620394
0.000576502
0.00055461
0.000864739
0.000813917
0.000767052
0.000745486
0.0016956
0.00161041
0.00153249
0.00149694
0.00323208
0.00309657
0.00296659
0.00290137
0.00470246
0.00452753
0.00435373
0.00426103
0.00556232
0.00536434
0.00516659
0.00506013
0.00733049
0.00708461
0.00683734
0.00670256
0.00993135
0.00962241
0.00930812
0.00913353
0.012124
0.0117658
0.0113995
0.0111945
0.00637674
0.00610538
0.00582149
0.00565525
0.0081631
0.00788586
0.00760433
0.00744737
0.0106979
0.0104435
0.0102027
0.0100853
0.0127514
0.0125438
0.0123697
0.0123078
0.000848705
0.000909642
0.00100312
0.00107391
0.00178509
0.00185373
0.00197859
0.00209676
0.003703
0.00373411
0.00383949
0.00395135
0.00573681
0.00566924
0.00567465
0.0056947
0.00695058
0.00680373
0.00666621
0.00660248
0.00932512
0.00894049
0.0085255
0.00826888
0.0123797
0.011756
0.0110689
0.0106326
0.0146478
0.0138334
0.0130362
0.0125666
0.00177657
0.00227689
0.00462674
0.00714771
0.00281443
0.00349408
0.00705351
0.0109905
0.00794894
0.00680121
0.0110449
0.0158383
0.017213
0.0111921
0.0147601
0.0190574
0.00586163
0.00571128
0.00547847
0.00527402
0.00389483
0.00380004
0.00364557
0.00350513
0.00202748
0.00198397
0.00190428
0.00182673
0.00107094
0.00105339
0.0010121
0.00096735
0.000700505
0.000691419
0.000665115
0.000634691
0.000239984
0.0002392
0.000231767
0.000221509
9.63837e-05
9.38772e-05
9.27433e-05
9.35426e-05
0.000300376
0.000288452
0.000279971
0.000278884
0.000781222
0.000772038
0.000742947
0.000708397
0.000263561
0.000262454
0.000253332
0.000240777
0.000103542
9.93747e-05
9.61571e-05
9.53505e-05
0.00033304
0.000317917
0.000306045
0.000302898
0.000500319
0.000480102
0.000464371
0.000460351
0.00103309
0.000992505
0.000957691
0.00094447
0.00204606
0.00197205
0.00190167
0.00186716
0.00304276
0.00293875
0.00283424
0.00277743
0.00363838
0.00351654
0.00339206
0.0033224
0.00487214
0.00471391
0.00454911
0.00445379
0.00671506
0.0065062
0.00628378
0.00615065
0.00829091
0.00804085
0.00777129
0.00760705
0.00403578
0.00390186
0.00376665
0.0036925
0.00539303
0.00522049
0.00504318
0.00494288
0.00741316
0.00718697
0.00694944
0.00681036
0.00913449
0.0088646
0.0085777
0.00840662
0.000630754
0.000600218
0.000574193
0.000564529
0.001292
0.00123625
0.00118742
0.00116761
0.00253912
0.00244354
0.00235339
0.00230986
0.00375652
0.00362633
0.00349755
0.00342947
0.00447841
0.00432796
0.00417715
0.00409546
0.00596661
0.00577453
0.00557901
0.00547018
0.00817523
0.00792531
0.00766566
0.00751622
0.0100521
0.00975486
0.00944237
0.00925921
0.00498159
0.0048098
0.00463823
0.00454587
0.00660683
0.00639076
0.00617251
0.00605262
0.00901201
0.0087349
0.00845004
0.00828896
0.0110509
0.010724
0.0103844
0.0101892
0.00326648
0.00311577
0.00290745
0.00274026
0.00218267
0.00208449
0.00194628
0.00183373
0.00115715
0.00110874
0.00103826
0.000979479
0.000637429
0.000614845
0.000580035
0.000550056
0.000437625
0.000424612
0.000403911
0.00038586
0.000187743
0.000185675
0.000182542
0.000180199
0.000119752
0.000120224
0.00012434
0.000130355
0.00024796
0.00024251
0.000241502
0.000245533
0.000497631
0.000485929
0.000464286
0.000443532
0.000196024
0.000194649
0.000190865
0.00018684
0.000107862
0.000108084
0.000111396
0.000116409
0.000252643
0.000246205
0.000243973
0.000247101
0.000368038
0.000356603
0.000349531
0.000350166
0.000683062
0.00065567
0.000631238
0.000621002
0.00128961
0.0012339
0.00117653
0.00114398
0.00189414
0.00181162
0.00172202
0.00166681
0.00225861
0.00215983
0.00205072
0.0019818
0.00302234
0.00288987
0.0027402
0.00264263
0.00418716
0.00400615
0.00379734
0.00365751
0.00520305
0.00498153
0.00472317
0.00454783
0.00258783
0.00248483
0.00237332
0.00230492
0.00346979
0.00333277
0.0031811
0.00308496
0.00480664
0.00462113
0.00441133
0.00427442
0.00596596
0.00574034
0.00548224
0.00531134
0.000420284
0.000405492
0.00039511
0.000393968
0.000841576
0.000808952
0.000780647
0.000769595
0.00164734
0.0015844
0.00152243
0.00148992
0.00244505
0.00235423
0.00225967
0.00220504
0.0029243
0.00281676
0.00270279
0.00263509
0.00392308
0.0037812
0.00362756
0.00353318
0.00542869
0.00523838
0.0050277
0.00489417
0.00672762
0.00649756
0.00623982
0.00607387
0.00327184
0.0031584
0.00304057
0.00297277
0.00438709
0.00423865
0.00408124
0.00398756
0.00606012
0.00586269
0.00564862
0.00551695
0.00749669
0.0072593
0.00699876
0.00683577
0.00106853
0.000960836
0.00082661
0.000728998
0.000725971
0.000653001
0.000562727
0.000497687
0.000415416
0.00037604
0.000328745
0.000295905
0.000273608
0.000251844
0.00022742
0.000211986
0.000222836
0.000207962
0.000192536
0.000183959
0.000158987
0.000152836
0.000148952
0.000149264
0.000168935
0.000165928
0.000166819
0.000171229
0.000243519
0.000237129
0.000234416
0.000236649
0.000272006
0.000256708
0.000239482
0.000228718
0.00016782
0.000162681
0.000159396
0.000159717
0.000160591
0.00015909
0.000161817
0.000167603
0.000246735
0.000241347
0.000240174
0.000243825
0.000298061
0.000287986
0.000280952
0.000280212
0.000423359
0.000403124
0.000383719
0.00037411
0.000666558
0.000626648
0.000582989
0.000555818
0.000911718
0.000852113
0.000784015
0.000739049
0.00105765
0.000985811
0.000902509
0.000846447
0.00136364
0.00126602
0.00115031
0.00107027
0.0018478
0.00171121
0.00154641
0.00143005
0.0022831
0.00211271
0.00190532
0.00175744
0.00133013
0.0012495
0.00115657
0.0010945
0.0017422
0.00163245
0.00150309
0.00141421
0.00238652
0.00223329
0.00204935
0.0019202
0.00296047
0.0027699
0.00253903
0.00237521
0.00033186
0.000322079
0.00031632
0.000317313
0.000545494
0.000522176
0.000500679
0.000490943
0.000959514
0.00091105
0.000859239
0.000828062
0.00137499
0.00130203
0.00122012
0.00116727
0.00162532
0.0015373
0.00143688
0.00137067
0.00215155
0.00203202
0.00189256
0.00179787
0.00296645
0.00280046
0.00260306
0.00246592
0.00368661
0.00348112
0.00323434
0.00306094
0.00193667
0.00184269
0.001737
0.0016686
0.00258118
0.00245424
0.00230823
0.00221081
0.00357113
0.00339615
0.00319084
0.00305042
0.00443991
0.00422448
0.00396905
0.00379222
5.62878e-05
3.76181e-05
1.9197e-05
9.55708e-06
4.44557e-05
3.11682e-05
1.88703e-05
1.31985e-05
5.10356e-05
4.21703e-05
3.49061e-05
3.24794e-05
7.23472e-05
6.48526e-05
5.91304e-05
5.76598e-05
8.44935e-05
7.73825e-05
7.19739e-05
7.0587e-05
0.000101974
9.53369e-05
9.02504e-05
8.88725e-05
0.000135714
0.000127618
0.00012055
0.000117582
0.000169687
0.00015893
0.000148547
0.00014315
0.000108313
9.8755e-05
9.0782e-05
8.79607e-05
0.000118417
0.000111245
0.000106026
0.000105027
0.000154068
0.000146591
0.000140895
0.000139453
0.000197954
0.00018774
0.000178687
0.000174825
0.000184618
0.00017225
0.00015986
0.000152998
0.00020459
0.000189053
0.000172634
0.000162778
0.000240397
0.000218681
0.000194613
0.000179234
0.000275225
0.000247239
0.000215525
0.000194712
0.000291763
0.000260085
0.000223904
0.000199949
0.000322334
0.000283142
0.000237608
0.000206865
0.000379288
0.000327921
0.000267424
0.000225976
0.000436131
0.000373737
0.000299802
0.000248826
0.000430015
0.000388679
0.000341043
0.000309196
0.000503104
0.000449764
0.000387072
0.000344173
0.000627745
0.000555402
0.000469034
0.000408887
0.000745749
0.000656395
0.000548926
0.00047348
0.000251229
0.000239605
0.000229467
0.000225402
0.000310854
0.000292853
0.000274728
0.000264791
0.000424751
0.000394071
0.00036018
0.00033875
0.000539045
0.000495431
0.000445511
0.000412442
0.000604071
0.000552443
0.000492597
0.000452326
0.000737777
0.000669298
0.00058823
0.000532284
0.0009574
0.000862709
0.000748737
0.000668578
0.00116026
0.00104236
0.000899306
0.000797804
0.000814075
0.000752079
0.000680058
0.000631476
0.00102613
0.000942548
0.00084332
0.000774594
0.00136685
0.0012502
0.00110931
0.00100977
0.00167673
0.00153109
0.00135371
0.00122723
6.42959e-05
7.0509e-05
7.91858e-05
8.62522e-05
5.46925e-05
5.8989e-05
6.51632e-05
7.02904e-05
4.88139e-05
5.05189e-05
5.34297e-05
5.61179e-05
4.87233e-05
4.82977e-05
4.86513e-05
4.95248e-05
4.88824e-05
4.75079e-05
4.66612e-05
4.66356e-05
4.83323e-05
4.5575e-05
4.29743e-05
4.16338e-05
4.84757e-05
4.40394e-05
3.93711e-05
3.65286e-05
4.90582e-05
4.34337e-05
3.73409e-05
3.34947e-05
5.22155e-05
5.0313e-05
4.93456e-05
4.96096e-05
5.85466e-05
5.48759e-05
5.16034e-05
5.00906e-05
6.72544e-05
6.12817e-05
5.51076e-05
5.14354e-05
7.4123e-05
6.63866e-05
5.8051e-05
5.28202e-05
4.82499e-05
4.22578e-05
3.57112e-05
3.15358e-05
4.39336e-05
3.77916e-05
3.10209e-05
2.66587e-05
3.75549e-05
3.14004e-05
2.46137e-05
2.02488e-05
3.22843e-05
2.62603e-05
1.96873e-05
1.55273e-05
2.85051e-05
2.2787e-05
1.66273e-05
1.28017e-05
1.96259e-05
1.49143e-05
9.94713e-06
6.96711e-06
9.86327e-06
6.45352e-06
3.1978e-06
1.56658e-06
4.54208e-06
2.20587e-06
4.59146e-07
8.60155e-08
6.03734e-05
5.03163e-05
3.9268e-05
3.22456e-05
4.94302e-05
3.98023e-05
2.92911e-05
2.26947e-05
3.72268e-05
2.79255e-05
1.80389e-05
1.21144e-05
3.00377e-05
2.09317e-05
1.15945e-05
6.34792e-06
0.000109251
9.88601e-05
8.77127e-05
8.07828e-05
0.000110767
9.92549e-05
8.66586e-05
7.86425e-05
0.000112476
9.90999e-05
8.42393e-05
7.46351e-05
0.000113658
9.85575e-05
8.17009e-05
7.0779e-05
0.000111442
9.55983e-05
7.7936e-05
6.65353e-05
0.000103596
8.6628e-05
6.76181e-05
5.53146e-05
9.73921e-05
7.82379e-05
5.68151e-05
4.30512e-05
9.60963e-05
7.48572e-05
5.12381e-05
3.62345e-05
0.00018692
0.00016383
0.000137755
0.000120697
0.000191551
0.000164666
0.000133923
0.000113546
0.000206356
0.000173061
0.000134648
0.000108981
0.000224627
0.00018544
0.000140093
0.000109737
6.6977e-05
5.98596e-05
5.12409e-05
4.51553e-05
5.44726e-05
4.89987e-05
4.23946e-05
3.776e-05
4.14273e-05
3.76513e-05
3.31497e-05
3.00441e-05
3.35887e-05
3.08218e-05
2.75942e-05
2.54294e-05
3.00321e-05
2.77277e-05
2.50701e-05
2.33182e-05
2.39319e-05
2.22998e-05
2.04757e-05
1.93304e-05
1.73316e-05
1.6409e-05
1.54694e-05
1.49699e-05
1.32279e-05
1.27363e-05
1.23357e-05
1.22304e-05
3.68789e-05
3.48636e-05
3.25627e-05
3.10645e-05
2.88957e-05
2.73402e-05
2.56358e-05
2.45931e-05
2.03158e-05
1.92372e-05
1.81649e-05
1.76127e-05
1.50052e-05
1.42155e-05
1.35332e-05
1.32872e-05
1.12723e-05
1.09546e-05
1.07666e-05
1.08138e-05
7.93665e-06
7.864e-06
7.96852e-06
8.2197e-06
4.47831e-06
4.64376e-06
5.02523e-06
5.46367e-06
2.63199e-06
2.8976e-06
3.39032e-06
3.89873e-06
1.82093e-06
2.06258e-06
2.51938e-06
2.99653e-06
1.00387e-06
1.15803e-06
1.46724e-06
1.80734e-06
1.81469e-06
1.64845e-06
1.53059e-06
1.53283e-06
4.33293e-06
3.69885e-06
2.99452e-06
2.55955e-06
9.63154e-07
9.89406e-07
1.22467e-06
1.57296e-06
1.20224e-07
2.46409e-07
5.21115e-07
8.34683e-07
1.43746e-06
1.52346e-06
1.67988e-06
1.85012e-06
4.9895e-06
4.85911e-06
4.71674e-06
4.63916e-06
1.75586e-05
1.57557e-05
1.39451e-05
1.29527e-05
1.28877e-05
1.12573e-05
9.63239e-06
8.75488e-06
7.57385e-06
6.24602e-06
4.95969e-06
4.30172e-06
4.31873e-06
3.26596e-06
2.30244e-06
1.8655e-06
2.94439e-06
2.06694e-06
1.30048e-06
9.91773e-07
7.25631e-07
3.44752e-07
8.29986e-08
6.10177e-08
3.77568e-07
5.65463e-07
9.39078e-07
1.32611e-06
2.90674e-06
3.44984e-06
4.24855e-06
4.93024e-06
1.0853e-05
8.13539e-06
5.32337e-06
3.67727e-06
5.65301e-06
3.84232e-06
2.05386e-06
1.08606e-06
1.10149e-06
4.8098e-07
1.56037e-07
2.55593e-07
1.94323e-07
5.22635e-07
1.43146e-06
2.48029e-06
6.29325e-07
2.67549e-07
2.38881e-08
4.28905e-08
1.00623e-06
4.59762e-07
7.01632e-08
4.34041e-08
1.39797e-06
6.57939e-07
1.26615e-07
5.59331e-08
1.5391e-06
7.17694e-07
1.42203e-07
6.29879e-08
1.47968e-06
6.68769e-07
1.27351e-07
7.98565e-08
1.41531e-06
6.34036e-07
1.06337e-07
4.96099e-08
1.33296e-06
5.89844e-07
8.60338e-08
2.65547e-08
1.26797e-06
5.53289e-07
7.20629e-08
1.75386e-08
6.77294e-06
5.03605e-06
3.19518e-06
2.09097e-06
6.362e-06
4.73946e-06
3.02512e-06
1.99861e-06
5.82176e-06
4.3455e-06
2.7955e-06
1.87188e-06
5.41448e-06
4.04572e-06
2.61731e-06
1.77059e-06
1.21989e-06
5.30792e-07
6.82213e-08
1.60146e-08
1.05199e-06
4.39369e-07
4.45811e-08
2.16763e-08
8.54264e-07
3.33487e-07
2.20818e-08
3.78572e-08
7.17623e-07
2.62249e-07
1.24974e-08
5.92782e-08
7.20346e-07
2.99679e-07
3.56814e-08
3.75452e-08
5.09555e-07
2.0115e-07
1.07709e-08
2.99979e-08
4.51647e-07
2.07567e-07
3.44075e-08
3.54886e-08
6.28431e-07
3.45337e-07
1.11692e-07
6.39439e-08
2.59538e-06
1.96482e-06
1.35713e-06
1.03237e-06
1.72461e-06
1.31592e-06
9.355e-07
7.3506e-07
8.62398e-07
6.82937e-07
5.57632e-07
5.24148e-07
4.11169e-07
3.76777e-07
4.34672e-07
5.44476e-07
8.88532e-06
7.77534e-06
6.55214e-06
5.77526e-06
7.32964e-06
6.46071e-06
5.52512e-06
4.94748e-06
5.58831e-06
4.98147e-06
4.35866e-06
3.99838e-06
4.4807e-06
4.02766e-06
3.59016e-06
3.36102e-06
3.6364e-06
3.27362e-06
2.96295e-06
2.83902e-06
2.256e-06
2.02176e-06
1.86729e-06
1.85256e-06
1.04474e-06
8.63719e-07
7.8942e-07
8.47297e-07
6.27707e-07
3.82315e-07
2.62131e-07
3.18336e-07
3.20408e-06
3.22892e-06
3.40089e-06
3.64678e-06
1.93137e-06
1.91789e-06
2.03922e-06
2.24568e-06
1.44828e-06
1.20764e-06
1.0563e-06
1.07076e-06
2.20531e-06
1.60587e-06
1.03438e-06
7.61712e-07
