FiniteElementSpace
FiniteElementCollection: H1_2D_P2
VDim: 2
Ordering: 0

0
0.841733
1.62198
2.29953
2.87494
3.39129
3.90374
4.43692
4.97616
0
1.15201
2.17489
3.01582
3.68396
4.23723
4.75276
5.27967
5.81955
0.426218
1.00788
0.583152
0
1.24281
1.91381
1.68493
1.9747
2.67244
2.61871
2.59809
3.28908
3.36888
3.13679
3.81718
3.96999
3.64537
4.32725
4.49555
4.16802
4.85741
5.01365
4.70733
5.39807
5.54939
0.510051
1.47777
2.31239
2.99615
3.55956
4.07088
4.58951
5.12817
0.215367
0.47255
0.254372
0
1.0446
1.36572
1.24675
0.929786
1.80181
2.14916
2.11791
1.77354
2.45187
2.80167
2.83857
2.49125
3.00727
3.35061
3.42654
3.08556
3.51802
3.85864
3.94404
3.60561
4.03516
4.37841
4.45758
4.11542
4.57216
4.91763
4.99267
4.64682
0.635273
0.761943
1.08085
0.87129
0.54548
0.289287
0
1.43549
1.70029
2.0466
1.93554
1.58311
1.42353
2.14057
2.49718
2.84643
2.82302
2.46797
2.40267
2.73885
3.14599
3.48784
3.53066
3.18442
3.19755
3.26449
3.68938
4.02722
4.10531
3.76541
3.82997
3.77384
4.19845
4.53948
4.62391
4.28281
4.36695
4.30207
4.72288
5.06842
5.14605
4.80119
4.88258
4.84208
5.1872
5.26344
5.60885
5.68467
5.33886
5.41424
0.239683
1.15092
1.96553
2.65017
3.2199
3.73194
4.24612
4.78216
0.703193
0.816887
0.2685
1.57345
1.81997
1.33653
2.32436
2.66249
2.26267
2.9465
3.33995
3.02019
3.47882
3.89766
3.62924
3.98632
4.41068
4.15527
4.51209
4.93421
4.6696
5.05277
5.47414
5.20345
0.110304
0.229294
0.121202
0
0.943654
1.09938
1.04109
0.88735
1.71272
1.88535
1.87056
1.69944
2.37648
2.55247
2.57167
2.39693
2.94151
3.11446
3.15325
2.98129
3.45461
3.62525
3.66878
3.49886
3.96924
4.14057
4.18057
4.00956
4.50452
4.67708
4.71444
4.54177
0.531004
0.670771
0.588237
0.450814
0.636654
0.789598
0.682071
0.527657
0.126444
0.261379
0.131275
0
1.33986
1.50614
1.4705
1.30591
1.59013
1.76081
1.70279
1.53105
1.12825
1.29216
1.20979
1.04475
2.05848
2.23408
2.2378
2.06359
2.40598
2.58058
2.56657
2.39094
2.01705
2.19104
2.15598
1.98093
2.6691
2.84387
2.87486
2.70122
3.07198
3.24351
3.26321
3.09089
2.75661
2.93005
2.93455
2.76015
3.20081
3.37221
3.41496
3.24441
3.6248
3.79371
3.83195
3.66276
3.35844
3.52825
3.55927
3.38891
3.70942
3.88014
3.92233
3.75216
4.13454
4.3045
4.34666
4.17682
3.88067
4.04969
4.09137
3.92231
4.23491
4.40696
4.4451
4.27311
4.65603
4.82848
4.86754
4.69527
4.39222
4.5635
4.60436
4.43328
4.77478
4.94744
4.98526
4.81245
5.19586
5.36879
5.40654
5.23351
4.92498
5.09804
5.13586
4.96287
0.32088
0.356377
0.491999
0.382419
0.24743
0
1.14432
1.25915
1.4228
1.36328
1.19982
0.969717
1.8891
2.05839
2.23192
2.21636
2.04288
1.84481
2.5257
2.7268
2.89985
2.91838
2.74539
2.58293
3.07231
3.28564
3.45558
3.49353
3.32383
3.18805
3.58157
3.7952
3.96485
4.00741
3.83816
3.71167
4.10141
4.31208
4.48389
4.52336
4.3518
4.22131
4.63978
4.84991
5.02287
5.06042
4.88737
4.75205
0.738846
0.817102
0.885736
0.73333
0.949848
1.1165
1.01276
0.844019
0.727966
0.56397
0.407379
0.437141
0.277736
0.140052
0
1.52951
1.67447
1.8082
1.63798
1.93459
2.11115
2.05668
1.8781
1.81164
1.63429
1.46101
1.55557
1.38021
1.28902
2.22087
2.40882
2.58598
2.41189
2.75576
2.93155
2.92087
2.7432
2.72236
2.54379
2.36667
2.5122
2.3331
2.29028
2.80742
3.01669
3.21831
3.04708
3.41478
3.5861
3.60831
3.43558
3.45091
3.27698
3.10345
3.28449
3.10926
3.10806
3.32794
3.54233
3.75347
3.58448
3.9627
4.13213
4.17161
4.00145
4.03815
3.86774
3.6979
3.90065
3.72973
3.7578
3.83858
4.05068
4.26268
4.09241
4.47493
4.64593
4.68823
4.5171
4.55969
4.38899
4.21905
4.43132
4.26096
4.30228
4.36941
4.57935
4.79003
4.61741
5.00119
5.17402
5.21272
5.04006
5.07968
4.9073
4.73521
4.94794
4.77592
4.81751
4.90921
5.08171
5.12009
5.29264
5.33085
5.15809
5.50347
5.54158
5.71422
5.75221
5.57945
5.61705
5.44417
5.27114
5.48178
5.30886
5.34686
0.117703
0.993986
1.79332
2.47558
3.04834
3.56203
4.07486
4.60939
0.56111
0.659413
0.128839
1.40684
1.64711
1.16947
2.14979
2.48703
2.08725
2.77325
3.16817
2.84628
3.30852
3.7286
3.45927
3.81598
4.24056
3.98609
4.33989
4.76171
4.49821
4.88002
5.3012
5.03039
0.340052
0.37004
0.124117
1.20337
1.31224
1.08561
1.97542
2.13853
1.94495
2.62765
2.82357
2.6652
3.17977
3.39014
3.25652
3.6886
3.90144
3.77494
4.20666
4.41765
4.28635
4.74479
4.95513
4.81965
0.779547
0.852244
0.613161
0.918086
0.981303
0.704837
0.394706
0.421665
0.134266
1.60367
1.74246
1.5314
1.8721
1.99601
1.75752
1.41271
1.50851
1.24952
2.31643
2.49851
2.32303
2.67161
2.83875
2.64491
2.29227
2.43988
2.22354
2.91317
3.11829
2.97431
3.31705
3.51178
3.35737
3.01156
3.19433
3.02171
3.43562
3.64822
3.52032
3.85823
4.06709
3.93505
3.59603
3.79936
3.6587
3.94465
4.15668
4.02849
4.36873
4.58139
4.45299
4.11324
4.32501
4.1967
4.47427
4.68462
4.55049
4.89555
5.10691
4.97351
4.6292
4.84143
4.71076
5.01468
5.22547
5.09055
5.43623
5.64692
5.51184
5.16577
5.37649
5.24136
0
-0.172879
-0.582069
-1.18635
-1.93096
-2.76254
-3.62925
-4.49099
-5.33791
1
0.757703
0.231925
-0.507878
-1.36144
-2.24484
-3.11245
-3.95898
-4.80052
-0.0604529
0.323065
0.906996
0.5
-0.349544
-0.153666
0.528049
-0.8633
-0.833998
-0.117611
-1.54447
-1.64006
-0.926371
-2.33919
-2.50228
-1.80331
-3.19451
-3.37181
-2.68175
-4.06222
-4.226
-3.53751
-4.91554
-5.06955
-4.3794
0.459712
0.115099
-0.473292
-1.22603
-2.06778
-2.93821
-3.80109
-4.64809
-0.032064
0.21048
0.496884
0.25
-0.253759
-0.11007
0.227328
0.0840348
-0.717031
-0.664229
-0.307732
-0.362279
-1.36145
-1.384
-1.0267
-1.00759
-2.13278
-2.20397
-1.85267
-1.78531
-2.97783
-3.06719
-2.72035
-2.63322
-3.84616
-3.93199
-3.58703
-3.50116
-4.70371
-4.78181
-4.43726
-4.35857
-0.108015
0.400937
0.546905
0.843215
0.690293
0.948259
0.75
-0.45928
-0.0123153
0.0442968
0.387461
0.327435
0.652039
-1.02002
-0.649123
-0.666999
-0.308444
-0.290925
0.0630394
-1.73458
-1.43084
-1.49795
-1.1425
-1.07282
-0.714356
-2.54939
-2.28455
-2.3721
-2.02445
-1.93338
-1.58204
-3.41186
-3.15547
-3.24203
-2.89788
-2.80925
-2.46403
-4.27719
-4.01403
-4.09294
-3.74854
-3.66962
-3.32558
-5.1268
-5.20386
-4.85877
-4.93508
-4.58983
-4.51404
-4.16918
0.244543
-0.00521742
-0.507555
-1.19218
-1.99292
-2.84994
-3.71709
-4.57049
0.15647
0.628873
0.731457
-0.229438
0.193083
0.44589
-0.831256
-0.474556
-0.117507
-1.58203
-1.28358
-0.866869
-2.41766
-2.15269
-1.71487
-3.28441
-3.02628
-2.5911
-4.1458
-3.8817
-3.45645
-4.99284
-4.72445
-4.30362
-0.0195364
0.109493
0.251264
0.125
-0.211483
-0.127342
0.0414121
-0.0419946
-0.648129
-0.611067
-0.43344
-0.470725
-1.27287
-1.27645
-1.09892
-1.09641
-2.03125
-2.06308
-1.88863
-1.85826
-2.86997
-2.91424
-2.74147
-2.69824
-3.7378
-3.78178
-3.60924
-3.56542
-4.59748
-4.63708
-4.46462
-4.42479
-0.0821291
0.0269817
0.185852
0.0779205
0.432787
0.516773
0.66223
0.577049
0.50316
0.616281
0.743063
0.625
-0.40279
-0.342687
-0.16802
-0.227906
0.0532051
0.091804
0.26216
0.222798
0.277336
0.338252
0.498685
0.43674
-0.940438
-0.924859
-0.746523
-0.762762
-0.560005
-0.560831
-0.381548
-0.381002
-0.229191
-0.211412
-0.0350603
-0.0533726
-1.6387
-1.6583
-1.4823
-1.46406
-1.32782
-1.35657
-1.17768
-1.1487
-0.929448
-0.945963
-0.766089
-0.749586
-2.44388
-2.48387
-2.31054
-2.27189
-2.176
-2.21831
-2.04298
-2.00019
-1.746
-1.7833
-1.60615
-1.56845
-3.30315
-3.34841
-3.17583
-3.13117
-3.04694
-3.09084
-2.91792
-2.87364
-2.61131
-2.65556
-2.48168
-2.43696
-4.16985
-4.21154
-4.03903
-3.9972
-3.90769
-3.94794
-3.77578
-3.73542
-3.47956
-3.52179
-3.3494
-3.30693
-5.02122
-5.05982
-4.88734
-4.84865
-4.75343
-4.79165
-4.61923
-4.58112
-4.3317
-4.37051
-4.19833
-4.15955
-0.0437964
0.229991
0.337648
0.481161
0.373114
0.375
-0.299926
-0.0557791
0.0042064
0.173185
0.112924
0.205608
-0.788843
-0.584543
-0.567711
-0.389156
-0.406438
-0.256609
-1.45203
-1.28725
-1.30454
-1.12561
-1.10883
-0.920047
-2.23547
-2.09807
-2.13581
-1.95997
-1.92265
-1.71245
-3.08605
-2.95853
-3.0028
-2.82933
-2.78522
-2.5678
-3.95432
-3.82467
-3.86662
-3.69421
-3.65215
-3.43658
-4.80972
-4.6762
-4.71497
-4.54271
-4.5039
-4.29233
-0.138472
0.122417
0.364317
0.280967
0.59038
0.653829
0.80318
0.737606
0.877989
0.800066
0.713389
0.930559
0.841758
0.968257
0.875
-0.519154
-0.294253
-0.081331
-0.119352
0.120411
0.139393
0.311514
0.291618
0.459784
0.429153
0.388751
0.592291
0.550438
0.707349
-1.10206
-0.918333
-0.74051
-0.739294
-0.569761
-0.586373
-0.407153
-0.390384
-0.211817
-0.203101
-0.202847
-0.0258714
-0.026011
0.1491
-1.83205
-1.68307
-1.53496
-1.50609
-1.39038
-1.42885
-1.25169
-1.21213
-1.03399
-0.998631
-0.969166
-0.819744
-0.789596
-0.610308
-2.65565
-2.52525
-2.39334
-2.35111
-2.26242
-2.30798
-2.13477
-2.08797
-1.91394
-1.86766
-1.82398
-1.69265
-1.64768
-1.4716
-3.52059
-3.39287
-3.26376
-3.22005
-3.13432
-3.17718
-3.00537
-2.96193
-2.79003
-2.74523
-2.7003
-2.57309
-2.52718
-2.35461
-4.38424
-4.25231
-4.12012
-4.07997
-3.98741
-4.0261
-3.85381
-3.81524
-3.64312
-3.60365
-3.56318
-3.43169
-3.39104
-3.21919
-5.23234
-5.27092
-5.09834
-5.13672
-4.96414
-4.92583
-5.00234
-4.82972
-4.86781
-4.69515
-4.65717
-4.48458
-4.4468
-4.40884
-4.27427
-4.23652
-4.06409
0.119382
-0.0827365
-0.53944
-1.18544
-1.96012
-2.80608
-3.67371
-4.53104
0.0547391
0.549459
0.624581
-0.283608
0.159156
0.389706
-0.842585
-0.469721
-0.130868
-1.56041
-1.25206
-0.846904
-2.37753
-2.10914
-1.67556
-3.23979
-2.98236
-2.5463
-4.10451
-3.84181
-3.41451
-4.95426
-4.68638
-4.26509
0.0960986
0.358204
0.37884
-0.175818
0.060483
0.161337
-0.685573
-0.485722
-0.330031
-1.36938
-1.20589
-1.01351
-2.16704
-2.02891
-1.81713
-3.02263
-2.89402
-2.67645
-3.88963
-3.75953
-3.5445
-4.74293
-4.60948
-4.3982
-0.00542185
0.245529
0.311728
0.479157
0.698309
0.771608
0.59944
0.823436
0.858172
-0.405134
-0.186348
-0.0557992
0.0209041
0.217268
0.362341
0.282552
0.491954
0.604506
-1.00952
-0.8286
-0.652291
-0.654177
-0.487372
-0.295548
-0.294847
-0.113172
0.0582639
-1.75762
-1.60873
-1.40465
-1.46208
-1.32016
-1.1049
-1.04661
-0.893468
-0.687162
-2.5908
-2.45932
-2.24324
-2.32761
-2.19805
-1.97782
-1.89154
-1.75758
-1.53807
-3.45698
-3.32842
-3.11149
-3.19903
-3.06974
-2.85376
-2.76468
-2.63637
-2.41771
-4.31829
-4.18626
-3.97343
-4.05384
-3.92074
-3.70956
-3.62875
-3.49749
-3.28428
-5.16536
-5.03126
-4.82041
-4.89696
-4.76245
-4.55196
-4.47584
-4.34166
-4.13134
