FiniteElementSpace
FiniteElementCollection: H1_2D_P2
VDim: 2
Ordering: 0

0
-0.00289482
0.00783721
0.0172408
0.0201616
0.0178241
0.00918887
-0.00697924
-0.0272789
0
0.00739086
0.0146792
0.0192398
0.0196339
0.0149159
0.00266075
-0.0168097
-0.0381296
-0.00345586
0.00129329
0.00373651
0
0.00170202
0.0114217
0.0111772
0.0133463
0.0188385
0.0174504
0.0194262
0.0205176
0.0199787
0.0196438
0.0171257
0.0180535
0.0144388
0.0066737
0.00984704
0.00196631
-0.0115388
-0.00643397
-0.0170146
-0.0326822
-0.0276184
-0.000745103
0.00604699
0.0158852
0.020311
0.0195246
0.0129421
-0.00164551
-0.0221826
-0.00192298
-0.00192343
-0.000459847
0
-0.000959931
0.00389549
0.00346178
-0.000744345
0.0107589
0.0146883
0.0138247
0.00966751
0.0185333
0.019994
0.019746
0.018142
0.0200561
0.0197717
0.0201777
0.0204915
0.0163477
0.0139167
0.015281
0.0176954
0.00581808
0.000271532
0.00275092
0.00811857
-0.0119124
-0.0196123
-0.0168253
-0.00922873
-0.00378067
-0.00017692
0.00373108
0.0055318
0.000687103
0.00198939
0
0.00473865
0.00877524
0.0131328
0.0129949
0.00840707
0.00928878
0.0155158
0.0175582
0.0192493
0.0184749
0.0168692
0.0161773
0.019958
0.0205624
0.0202295
0.0199471
0.0203244
0.0197414
0.0189097
0.0185231
0.016182
0.016704
0.0189373
0.0190148
0.0120606
0.0100764
0.00486452
0.0065162
0.0115771
0.0126419
-0.00232255
-0.00644123
-0.0140289
-0.0115131
-0.00385092
-0.00167882
-0.0221708
-0.0299872
-0.0274999
-0.0353966
-0.0329401
-0.0248306
-0.0222129
-0.00095107
0.00128105
0.0123468
0.0192538
0.0202857
0.0160427
0.00443675
-0.0143675
-0.00187862
0.00190873
9.49214e-05
0.00678217
0.0108457
0.00597049
0.0166256
0.0182313
0.0151614
0.0203978
0.0204192
0.0199399
0.0189222
0.0177664
0.0197445
0.0112811
0.0084881
0.0141332
-0.00431321
-0.00880542
0.00073297
-0.0248493
-0.0301891
-0.0194085
-0.000707751
-0.00133989
-0.000317559
0
-0.00204117
0.000189355
0.000174637
-0.00178065
0.00933748
0.0115682
0.0110431
0.00876733
0.0179409
0.0189187
0.0187467
0.0177137
0.0201461
0.0202133
0.0204263
0.0203633
0.0171371
0.0162582
0.0169252
0.0178199
0.00756621
0.00516585
0.0063405
0.00870354
-0.00941766
-0.0131485
-0.0117773
-0.00810399
-0.00377391
-0.00277953
-0.00204291
-0.0026223
-0.00058002
0.000771302
0.00121857
-0.000116962
-0.000158158
-0.000229445
5.45816e-05
0
0.003199
0.00577707
0.00532367
0.00281994
0.00740754
0.00979655
0.00963487
0.00718752
0.00230711
0.00465027
0.00481183
0.00242523
0.0144901
0.0160904
0.0157097
0.0140345
0.0167705
0.0179346
0.0175929
0.0164113
0.01266
0.0145166
0.0141826
0.0122848
0.0197349
0.02021
0.0202362
0.0197384
0.0204747
0.0205307
0.0204075
0.0203588
0.0193368
0.019885
0.019634
0.019086
0.0193179
0.0189709
0.0193913
0.0197565
0.0190702
0.0181863
0.0184004
0.019271
0.0203855
0.0200004
0.0200254
0.0204127
0.0133106
0.0117289
0.0126637
0.0142402
0.0115758
0.00932957
0.0100999
0.0123063
0.0162622
0.0147523
0.0152187
0.0166973
-0.000126338
-0.00330607
-0.00197363
0.00114414
-0.00399941
-0.00758759
-0.00628804
-0.00270722
0.00477455
0.00178662
0.00285926
0.00581584
-0.0195947
-0.0235201
-0.0222377
-0.0183256
-0.024852
-0.0288365
-0.0275236
-0.0234923
-0.0141657
-0.0180952
-0.0167065
-0.0127547
-0.00285857
-0.00154396
-0.00132023
-0.000680319
-0.000696877
0
0.000304696
0.00253522
0.00496173
0.00471947
0.00235782
0.000262184
0.0121062
0.0135655
0.0153072
0.0149007
0.0130994
0.0105504
0.0190279
0.0196682
0.0201869
0.0200694
0.0195321
0.0185197
0.0198881
0.0200687
0.0196927
0.0198924
0.0202732
0.0205433
0.0154499
0.0150411
0.0134809
0.0141754
0.0157135
0.0174607
0.00395118
0.00241083
-0.000655192
0.000607395
0.00363306
0.00744139
-0.0144502
-0.0169837
-0.020893
-0.019502
-0.0155872
-0.0103679
-0.00348986
-0.00143907
0.000455399
-0.00103123
0.00275451
0.00535229
0.00645889
0.0034387
0.00463441
0.00189907
0.000319325
0.00286833
0.000724968
0.000980899
0
0.00630258
0.00823987
0.0101191
0.0077763
0.012014
0.0139427
0.0138557
0.0119194
0.0120978
0.00973593
0.00717561
0.0102379
0.00750181
0.00833947
0.0164365
0.0174361
0.0182461
0.0171175
0.018782
0.0193067
0.0188891
0.0184203
0.0179934
0.0172268
0.0160564
0.0168422
0.0157275
0.0154526
0.0200987
0.0204825
0.0205768
0.0205165
0.0203604
0.0199683
0.0198259
0.0202244
0.019996
0.020199
0.0201692
0.0198922
0.0198956
0.0195225
0.0184127
0.0183588
0.0178771
0.0187702
0.0170293
0.0155863
0.0158685
0.0172699
0.0174304
0.0185289
0.0193836
0.0185791
0.0194138
0.0193637
0.010688
0.00976533
0.00844127
0.0107282
0.00674205
0.00381535
0.00465466
0.00755152
0.00825089
0.0107573
0.0129206
0.011313
0.0134285
0.0138435
-0.00460958
-0.006736
-0.0089592
-0.00535351
-0.0113906
-0.0153763
-0.0141409
-0.0101091
-0.00893837
-0.00508865
-0.0015072
-0.00400792
-0.000418476
0.000550085
-0.0247383
-0.0286376
-0.0274348
-0.0313356
-0.0301127
-0.0261734
-0.034034
-0.032815
-0.0367612
-0.0355554
-0.0315586
-0.0302965
-0.0262052
-0.0221211
-0.0249229
-0.0207782
-0.0195055
-0.000436396
-0.000899616
0.0102044
0.0183673
0.0203259
0.017093
0.00699746
-0.0106021
-0.00285032
0.000226412
-8.90368e-05
0.00427925
0.00849477
0.00348186
0.0151176
0.0172192
0.0134375
0.0200157
0.0204816
0.0195277
0.0194066
0.0187761
0.0202446
0.0130477
0.0108849
0.0157848
-0.00103179
-0.00510522
0.00386271
-0.0209274
-0.0261768
-0.0154106
-0.0021233
-0.00109449
-0.000237452
0.00144423
0.00361521
0.00122716
0.0128513
0.0142501
0.0118611
0.0193747
0.0199021
0.0190727
0.0200241
0.0200235
0.020446
0.0153085
0.01466
0.0166447
0.00321265
0.00154471
0.00559993
-0.0157276
-0.0182362
-0.0129591
-0.00241959
-0.000500625
-0.00130739
0.00151192
0.00435735
0.0026205
-0.000257246
0.0012837
0.000241343
0.00728595
0.00918092
0.00635925
0.0110639
0.0129547
0.0108395
0.00589457
0.00861566
0.00640649
0.0169568
0.0178687
0.0162631
0.0185554
0.0189008
0.0178613
0.015508
0.0165133
0.0148668
0.0203251
0.0205672
0.0203908
0.0205081
0.0201321
0.0202462
0.020161
0.0200821
0.0196372
0.0184436
0.0181669
0.0192768
0.0174957
0.0164847
0.0179494
0.0196776
0.0190152
0.01973
0.0102807
0.00915083
0.0121705
0.00763875
0.00574903
0.00922228
0.013594
0.0121595
0.0145699
-0.00566729
-0.00782791
-0.00295877
-0.0101423
-0.012719
-0.00756119
-0.000406937
-0.00270356
0.00175798
-0.0260927
-0.0287738
-0.0235421
-0.0314577
-0.0341819
-0.028897
-0.0207936
-0.0234956
-0.0180678
0
-0.015698
-0.028401
-0.0311769
-0.0295333
-0.0252288
-0.0168365
-0.00490221
0.00679545
0
-0.00917905
-0.0198046
-0.0266798
-0.0303622
-0.0321132
-0.0309738
-0.0243973
-0.0136607
-0.00726588
-0.012555
-0.00371261
0
-0.0234219
-0.0247875
-0.0148567
-0.0306903
-0.0293133
-0.0237338
-0.0306622
-0.0302015
-0.0288191
-0.0277929
-0.0290306
-0.0314624
-0.0216049
-0.0243683
-0.0320825
-0.0111123
-0.0148923
-0.0284329
0.00119691
-0.00343522
-0.0192285
-0.00462983
-0.0197579
-0.027758
-0.0300238
-0.0299137
-0.0272804
-0.0201689
-0.00908814
-0.00393987
-0.0057904
-0.00149576
0
-0.0198369
-0.0215461
-0.0163877
-0.0140053
-0.029832
-0.0292959
-0.0264928
-0.0266239
-0.0310101
-0.0304118
-0.0297483
-0.0303267
-0.02875
-0.0288945
-0.0301198
-0.0299161
-0.02356
-0.0245528
-0.0282838
-0.0271921
-0.0140701
-0.0158201
-0.0224253
-0.0207626
-0.00180409
-0.0040159
-0.0120129
-0.0100455
-0.0113446
-0.00850402
-0.011122
-0.00631909
-0.00388455
-0.00175533
0
-0.0262858
-0.0225602
-0.022638
-0.0174504
-0.0177282
-0.0120711
-0.0311005
-0.0286715
-0.0280984
-0.0253205
-0.0259484
-0.0218993
-0.0301671
-0.03017
-0.030353
-0.0296531
-0.0294852
-0.0278369
-0.0266302
-0.0295612
-0.030688
-0.0318531
-0.0307848
-0.0309631
-0.0193592
-0.0259838
-0.0277522
-0.0316891
-0.0297944
-0.0322058
-0.00803069
-0.0176374
-0.0196192
-0.0265895
-0.0243287
-0.0298955
0.00405919
0.00168452
-0.0062044
-0.00853954
-0.0164372
-0.0141135
-0.0219159
-0.00244932
-0.018027
-0.0282174
-0.0304564
-0.029477
-0.0260059
-0.0184232
-0.00702231
-0.00977949
-0.007432
-0.000999008
-0.024419
-0.0204041
-0.0146117
-0.0299663
-0.0271404
-0.0244675
-0.0302269
-0.0299749
-0.0288682
-0.0281435
-0.0308156
-0.0306248
-0.0228085
-0.028937
-0.0303628
-0.0130046
-0.0221126
-0.0262166
-0.00109804
-0.0112892
-0.0169226
-0.00228833
-0.00313079
-0.00116355
0
-0.0178251
-0.0188971
-0.0160654
-0.0148118
-0.0292006
-0.0290282
-0.0274918
-0.027507
-0.0311198
-0.0307506
-0.0304163
-0.0307692
-0.0291613
-0.0291203
-0.0297133
-0.0297339
-0.0244293
-0.0248031
-0.0266303
-0.0262232
-0.0154816
-0.0163008
-0.0196279
-0.0188475
-0.0033448
-0.00444943
-0.00853692
-0.00752157
-0.00922951
-0.0105221
-0.00772511
-0.0064942
-0.00651772
-0.00794933
-0.00561454
-0.00419937
-0.000522469
-0.00118444
-0.000192596
0
-0.0249558
-0.0253366
-0.0230677
-0.0224579
-0.0212308
-0.021543
-0.0191199
-0.0187993
-0.014517
-0.0155415
-0.0129032
-0.0118545
-0.0309461
-0.0305486
-0.0296757
-0.0300036
-0.0282529
-0.0279409
-0.0265763
-0.0268966
-0.0256996
-0.025532
-0.0235986
-0.0237712
-0.0304319
-0.0302095
-0.0303356
-0.0305526
-0.0301119
-0.0300906
-0.0297448
-0.0297739
-0.0295532
-0.0293308
-0.0285042
-0.0287337
-0.0272392
-0.0273948
-0.0285419
-0.0283498
-0.0297575
-0.0302124
-0.030818
-0.0303712
-0.0301753
-0.0303922
-0.0305023
-0.0302958
-0.0205183
-0.0211231
-0.0237178
-0.0231083
-0.0266704
-0.0274861
-0.0294045
-0.0285642
-0.0286866
-0.0293501
-0.0305529
-0.0298851
-0.00958289
-0.0105722
-0.0144349
-0.0135229
-0.018934
-0.0198847
-0.023259
-0.0222635
-0.0234371
-0.0243404
-0.0270288
-0.0260834
0.0026476
0.00147551
-0.00254246
-0.0014305
-0.00763651
-0.00874445
-0.0126975
-0.0115995
-0.013464
-0.0144687
-0.0182909
-0.0172606
-0.00547741
-0.00401151
-0.00516709
-0.00293891
-0.00192146
0
-0.0217203
-0.0198627
-0.0206565
-0.0181387
-0.0172001
-0.0132598
-0.0303284
-0.0288145
-0.0285521
-0.0271741
-0.0273789
-0.0257258
-0.0308562
-0.0304533
-0.0302366
-0.0299038
-0.0301235
-0.0298432
-0.0282948
-0.0292051
-0.0294196
-0.0300335
-0.0298133
-0.0300742
-0.0226191
-0.0253143
-0.0259436
-0.0278164
-0.0271682
-0.0281313
-0.0126119
-0.0171517
-0.0180272
-0.0213342
-0.0204579
-0.0225982
-0.000287497
-0.00551246
-0.00656441
-0.0105508
-0.00953648
-0.0124938
-0.0135211
-0.0118941
-0.010536
-0.00910888
-0.0092847
-0.0102617
-0.00773471
-0.00690128
-0.00497703
-0.00370076
-0.00234001
-0.00264525
-0.00114577
-0.000929905
0
-0.0274409
-0.0256032
-0.023742
-0.0235034
-0.0215725
-0.0213375
-0.0186564
-0.0190691
-0.0161778
-0.0164494
-0.0162198
-0.0134801
-0.0134924
-0.0106289
-0.0311754
-0.0301797
-0.0290216
-0.0293436
-0.0276453
-0.0274146
-0.0260264
-0.0262706
-0.024556
-0.0249023
-0.0252468
-0.0228471
-0.0232709
-0.0208827
-0.0298675
-0.0300871
-0.0301998
-0.0302153
-0.0301774
-0.030375
-0.0300216
-0.0298282
-0.0292526
-0.0291658
-0.0291939
-0.0283477
-0.0283695
-0.0272814
-0.0259612
-0.0276949
-0.0293203
-0.0288695
-0.0307739
-0.0314325
-0.0320018
-0.0313643
-0.0316724
-0.0311499
-0.0307197
-0.0312254
-0.0308158
-0.0306752
-0.0181314
-0.0218229
-0.0252166
-0.0244265
-0.0283874
-0.0293807
-0.031376
-0.0303377
-0.0319243
-0.0309679
-0.0301119
-0.0321755
-0.0313162
-0.032184
-0.00646776
-0.0115382
-0.0162869
-0.0153508
-0.0208964
-0.0219916
-0.025534
-0.0243418
-0.0275581
-0.0263805
-0.0253157
-0.0292138
-0.0280652
-0.0304832
0.0054411
0.00424418
0.000310857
-0.000879791
-0.00480247
-0.00365803
-0.00598565
-0.00990038
-0.0110925
-0.0150366
-0.0138478
-0.0178373
-0.0166498
-0.015526
-0.020591
-0.0193981
-0.0231877
-0.00162127
-0.0169069
-0.0283447
-0.0307856
-0.0294452
-0.025546
-0.017606
-0.00598334
-0.00844076
-0.00602753
-0.000309265
-0.0239899
-0.0202349
-0.0137405
-0.0303236
-0.0274537
-0.0247045
-0.0303979
-0.0299469
-0.0290537
-0.0278973
-0.0303107
-0.0303579
-0.0221523
-0.0280638
-0.0296461
-0.0120649
-0.0211087
-0.0252543
3.93702e-05
-0.0101652
-0.0158802
-0.00470637
-0.00342588
-0.00080591
-0.0207599
-0.0189994
-0.0152774
-0.0295781
-0.0280188
-0.0266178
-0.0306713
-0.0301985
-0.0300069
-0.0287562
-0.0296344
-0.0299594
-0.0239912
-0.0265905
-0.02768
-0.0149375
-0.0192763
-0.0215659
-0.0029291
-0.00804726
-0.0110225
-0.0126674
-0.0111885
-0.00708326
-0.00990997
-0.00858254
-0.00526014
-0.00256853
-0.00232035
-0.000272812
-0.0265107
-0.0246897
-0.0221585
-0.0227176
-0.0202444
-0.0178002
-0.0172296
-0.015007
-0.0119013
-0.0306938
-0.0296247
-0.0289893
-0.0283646
-0.0268679
-0.0256162
-0.0262581
-0.0241208
-0.0223425
-0.0299882
-0.0301595
-0.0302415
-0.0302068
-0.0301152
-0.0295124
-0.0295696
-0.0287857
-0.0279134
-0.0268381
-0.0285261
-0.0291659
-0.030072
-0.0314189
-0.0312734
-0.0303974
-0.0309966
-0.0306083
-0.0200208
-0.0235514
-0.0252229
-0.0268265
-0.0299028
-0.0306914
-0.0289911
-0.0311745
-0.0314004
-0.0090546
-0.0139401
-0.0167159
-0.0185988
-0.0232019
-0.0254036
-0.0233421
-0.027269
-0.0287693
0.00287663
-0.00225104
-0.00509887
-0.00734913
-0.0124584
-0.0152489
-0.013038
-0.018037
-0.02072
