FiniteElementSpace
FiniteElementCollection: L2_2D_P3
VDim: 1
Ordering: 0

0.0302536
0.0218073
0.0300518
0.0387608
0.0146536
0.0136302
0.022805
0.0323893
0.00541549
0.00717963
0.0149066
0.0230147
0.00331374
0.00458162
0.00998771
0.0155956
0.0217728
0.0207043
0.019608
0.0189891
0.0178241
0.0169168
0.015995
0.0154826
0.0131912
0.0124817
0.0117728
0.0113897
0.010081
0.00951697
0.0089592
0.0086635
0.00973038
0.0090426
0.0082442
0.00770472
0.00782839
0.00726196
0.00661233
0.00617961
0.00566896
0.00524757
0.00477487
0.00446864
0.00428273
0.00396162
0.00360947
0.00338836
0.00248868
0.00220703
0.00187009
0.00163465
0.00199925
0.00177325
0.00150617
0.00132209
0.00148583
0.00132288
0.001135
0.00100921
0.00119278
0.00106996
0.000932599
0.000844103
0.000125907
8.68731e-05
4.71304e-05
2.52238e-05
0.000126055
9.22757e-05
5.79951e-05
3.91017e-05
0.000148929
0.000120059
9.0981e-05
7.50195e-05
0.000182932
0.00015594
0.000128953
0.000114213
0.000111283
0.000125394
0.000144968
0.000160791
7.45717e-05
8.37346e-05
9.67739e-05
0.000107509
4.74029e-05
5.07557e-05
5.63123e-05
6.13525e-05
3.95231e-05
3.88082e-05
3.93248e-05
4.06735e-05
0.000195583
0.000186907
0.00017558
0.000166923
0.000134187
0.000128561
0.000121195
0.000115569
7.49992e-05
7.22836e-05
6.87717e-05
6.61491e-05
4.34906e-05
4.23306e-05
4.09528e-05
4.00467e-05
4.06688e-05
3.34536e-05
2.51127e-05
1.95369e-05
3.033e-05
2.51478e-05
1.92497e-05
1.53821e-05
2.16758e-05
1.84638e-05
1.49541e-05
1.27738e-05
1.84728e-05
1.62937e-05
1.40491e-05
1.27735e-05
0.0267635
0.0260578
0.0255204
0.0253928
0.0225108
0.0217638
0.021138
0.0209162
0.0173124
0.0165736
0.0159076
0.0156156
0.0136728
0.0129832
0.0123344
0.0120208
0.00171918
0.00162625
0.00153584
0.00148906
0.000630582
0.000615962
0.000598838
0.000587387
0.00107388
0.00110225
0.00105404
0.000957758
0.00313261
0.00315346
0.00298433
0.00271686
0.00127544
0.000460647
0.000526905
0.000941093
0.00150224
0.000481295
7.20002e-05
0.000126175
0.00180235
0.000892451
0.000677305
0.000871393
0.0027139
0.00183027
0.00225544
0.00310507
0.0153542
0.0144457
0.0134392
0.0127994
0.0124544
0.0116953
0.0108641
0.0103438
0.00909797
0.00851998
0.00790006
0.00752312
0.00688647
0.00643757
0.00596454
0.00568473
0.00099668
0.000945778
0.000907292
0.000898747
0.000664651
0.000653771
0.000652639
0.000661125
0.00113767
0.00113505
0.00111802
0.00109566
0.002322
0.00228101
0.00218883
0.00209273
0.00128827
0.00121549
0.00115263
0.00112852
0.00063036
0.000621515
0.000620827
0.000627116
0.00108684
0.00112213
0.00112977
0.00110716
0.00267703
0.00270008
0.00263857
0.00252737
0.005411
0.00493996
0.00437896
0.00398833
0.0043305
0.00394832
0.00349859
0.00318967
0.00313846
0.00286007
0.00253995
0.00232603
0.00240321
0.00219399
0.00195975
0.0018085
0.000670053
0.000638366
0.000615988
0.000612774
0.000606319
0.000582169
0.000565613
0.000563972
0.000816776
0.000776056
0.000733931
0.000710121
0.00122569
0.00114913
0.00105848
0.000996668
0.000811012
0.000773413
0.000747725
0.000745442
0.00066475
0.000647366
0.000639459
0.00064436
0.00102928
0.00100087
0.000966541
0.00094299
0.00179377
0.00172204
0.0016219
0.00154227
0.000826827
0.000692075
0.000535027
0.000428948
0.000686106
0.000577558
0.000452685
0.000369606
0.000560266
0.000480161
0.000390442
0.000332665
0.000508948
0.000445666
0.000377033
0.000334646
0.00038479
0.00035835
0.000334352
0.000323356
0.000350179
0.000324776
0.00030174
0.000291223
0.000341611
0.000310861
0.000281221
0.000265967
0.000364209
0.000324019
0.000283084
0.000259986
0.000532265
0.000503054
0.000479567
0.000472119
0.00049268
0.000465379
0.000442961
0.000435345
0.000566368
0.000526306
0.000486734
0.000465734
0.000725173
0.000662622
0.000594486
0.000552329
5.91807e-06
1.24437e-05
2.61773e-05
4.06301e-05
1.23309e-05
1.42367e-05
2.12829e-05
3.00441e-05
3.58892e-05
3.21233e-05
3.13213e-05
3.36398e-05
6.34834e-05
5.5375e-05
4.89409e-05
4.69005e-05
0.000119795
0.000105564
9.08214e-05
8.20715e-05
0.000107781
9.56869e-05
8.35934e-05
7.67906e-05
9.16222e-05
8.28489e-05
7.51155e-05
7.17072e-05
7.94903e-05
7.36831e-05
7.00189e-05
6.99083e-05
0.000239712
0.000218376
0.000197338
0.000185876
0.000213027
0.00019352
0.000174714
0.000164861
0.000181309
0.000162592
0.000145077
0.000136442
0.000159769
0.000140446
0.00012273
0.000114415
0.000203288
0.000206336
0.000209929
0.000212381
0.000136934
0.000139314
0.000142146
0.0001441
7.4994e-05
7.62489e-05
7.78456e-05
7.90253e-05
4.34131e-05
4.36678e-05
4.42254e-05
4.4802e-05
8.27575e-06
6.5632e-06
5.07092e-06
4.46259e-06
1.90311e-05
1.75682e-05
1.63747e-05
1.59812e-05
4.41243e-05
4.31437e-05
4.25577e-05
4.26199e-05
7.23715e-05
7.18495e-05
7.18636e-05
7.23893e-05
4.20566e-05
3.50402e-05
2.76841e-05
2.32367e-05
4.48358e-05
3.92292e-05
3.36171e-05
3.0451e-05
5.44841e-05
5.14725e-05
4.91895e-05
4.85548e-05
6.71838e-05
6.67198e-05
6.7782e-05
6.97439e-05
0.000118203
0.000106416
9.18863e-05
8.14216e-05
8.324e-05
7.51752e-05
6.53152e-05
5.82922e-05
5.00828e-05
4.57256e-05
4.05549e-05
3.70183e-05
3.315e-05
3.08776e-05
2.83746e-05
2.68452e-05
1.42182e-05
1.46768e-05
1.57091e-05
1.68663e-05
1.99226e-05
1.96924e-05
1.98662e-05
2.03939e-05
3.41924e-05
3.24371e-05
3.07099e-05
2.98448e-05
5.05164e-05
4.70927e-05
4.3287e-05
4.09002e-05
5.56212e-06
6.2307e-06
7.51792e-06
8.86298e-06
1.60622e-05
1.61739e-05
1.67566e-05
1.7577e-05
4.05908e-05
3.95339e-05
3.86357e-05
3.83506e-05
6.80231e-05
6.57048e-05
6.32102e-05
6.17344e-05
4.46778e-06
3.01428e-06
1.57728e-06
8.10112e-07
4.18312e-06
2.84621e-06
1.52199e-06
8.0482e-07
4.9098e-06
3.59674e-06
2.29461e-06
1.5771e-06
6.32556e-06
4.90647e-06
3.49816e-06
2.71399e-06
1.02467e-05
8.55404e-06
6.82809e-06
5.81866e-06
9.64203e-06
7.92275e-06
6.17425e-06
5.1587e-06
9.19724e-06
7.32448e-06
5.42317e-06
4.32947e-06
9.14817e-06
7.06769e-06
4.95672e-06
3.75149e-06
1.75914e-05
1.66172e-05
1.58294e-05
1.55787e-05
1.88134e-05
1.74793e-05
1.62539e-05
1.56923e-05
2.295e-05
2.07368e-05
1.84493e-05
1.71392e-05
2.80995e-05
2.48923e-05
2.14081e-05
1.92584e-05
0.0304479
0.0286823
0.0271553
0.0264457
0.0258784
0.0244913
0.023128
0.0224074
0.0197747
0.0188661
0.0179798
0.0175237
0.0150463
0.0146236
0.0142467
0.0141109
0.0124895
0.0122957
0.0122515
0.0122817
0.00827228
0.00827752
0.00845857
0.00869751
0.00413732
0.0042646
0.00453161
0.0048038
0.00202373
0.00219066
0.00243328
0.00260556
0.00254526
0.00335682
0.00792866
0.0125796
0.00154465
0.00192173
0.00498915
0.00831385
0.00112041
0.000881176
0.00223295
0.00399495
0.00117302
0.000538273
0.00090088
0.00171653
0.018527
0.0175222
0.0164455
0.0157934
0.0150947
0.0142493
0.0133533
0.0128192
0.0110932
0.0104418
0.00976467
0.00937268
0.00843044
0.00791924
0.0073955
0.00709968
0.00714139
0.0066981
0.00624935
0.00600089
0.00493031
0.00460389
0.00428906
0.00412863
0.00269343
0.00250444
0.00233628
0.0022641
0.00155765
0.00145838
0.00137481
0.00134458
0.00857104
0.0080773
0.00759341
0.00734113
0.00595281
0.00558016
0.00523193
0.00506591
0.00325325
0.00303048
0.00283614
0.00275703
0.00183689
0.00171837
0.00161665
0.00157768
0.00739556
0.00681841
0.00613808
0.00566986
0.00593069
0.00545897
0.00490958
0.00453669
0.00428872
0.00394168
0.00354654
0.00328561
0.00325301
0.00299067
0.00269927
0.00251306
0.00275992
0.00253858
0.00229683
0.00214582
0.00194204
0.00178896
0.00162975
0.00153702
0.00118194
0.00109845
0.00102121
0.000984943
0.0008587
0.000811212
0.000774094
0.000763881
0.00361995
0.00334755
0.00305357
0.00287306
0.00251361
0.0023233
0.00212765
0.00201579
0.00145988
0.00135613
0.0012606
0.00121617
0.000985907
0.00092981
0.000885569
0.000872966
0.00151591
0.00131375
0.00107378
0.000907821
0.00123006
0.00106805
0.000878131
0.000748653
0.000944743
0.000827354
0.000693258
0.000604599
0.00079558
0.000705744
0.000606359
0.00054327
0.000723468
0.000646855
0.000563628
0.000512058
0.000596574
0.000541014
0.000483434
0.000450103
0.000498796
0.000461621
0.000426529
0.000409254
0.000478145
0.000447617
0.00042077
0.000409466
0.00105332
0.000949716
0.000835977
0.000764458
0.000818558
0.000745757
0.000669687
0.000625116
0.000623233
0.000578524
0.000536712
0.000516587
0.000563589
0.00053032
0.00050236
0.00049207
1.73564e-05
6.85558e-06
1.17425e-06
2.9193e-06
3.19985e-05
2.04226e-05
1.2308e-05
1.13146e-05
6.73613e-05
5.38396e-05
4.2368e-05
3.80631e-05
0.000105386
8.96271e-05
7.50856e-05
6.82245e-05
0.000121523
0.000105098
8.93945e-05
8.1389e-05
0.000139162
0.000122395
0.000105808
9.67527e-05
0.000161164
0.000143643
0.000125891
0.000115759
0.000176796
0.000158432
0.000139722
0.000128931
0.000196576
0.000170822
0.000144999
0.000130772
0.000208027
0.000184777
0.000161551
0.000148751
0.000226539
0.000204821
0.000183244
0.00017138
0.00024318
0.000221255
0.000199531
0.000187605
0.000167819
0.000177466
0.000190133
0.000199863
0.000112262
0.000118886
0.000127678
0.000134482
6.32891e-05
6.62294e-05
7.04323e-05
7.38684e-05
4.06886e-05
4.09834e-05
4.20292e-05
4.32512e-05
3.18453e-05
3.10499e-05
3.0746e-05
3.09844e-05
2.0047e-05
1.78017e-05
1.5704e-05
1.4639e-05
1.47174e-05
1.11635e-05
7.52263e-06
5.39551e-06
1.74436e-05
1.33476e-05
9.12831e-06
6.65241e-06
3.68935e-05
3.45184e-05
3.29e-05
3.26279e-05
3.30941e-05
2.86e-05
2.42483e-05
2.18978e-05
3.46335e-05
2.8245e-05
2.15494e-05
1.74905e-05
3.99648e-05
3.27889e-05
2.52033e-05
2.056e-05
0.000161229
0.00014977
0.000135269
0.000124531
0.000111885
0.000104212
9.45363e-05
8.74172e-05
6.44195e-05
6.04805e-05
5.5619e-05
5.21518e-05
3.9388e-05
3.75339e-05
3.54084e-05
3.40528e-05
2.93178e-05
2.83333e-05
2.7336e-05
2.68409e-05
1.51738e-05
1.52891e-05
1.57317e-05
1.63441e-05
6.69486e-06
7.56428e-06
9.03118e-06
1.04584e-05
7.31142e-06
8.2888e-06
9.94297e-06
1.15488e-05
3.07495e-05
3.02377e-05
2.97348e-05
2.95217e-05
1.32896e-05
1.35567e-05
1.4125e-05
1.47746e-05
2.50585e-06
3.27274e-06
4.58433e-06
5.87163e-06
2.73378e-06
3.54084e-06
4.97533e-06
6.40997e-06
1.6885e-05
1.28248e-05
8.38394e-06
5.6219e-06
1.35266e-05
1.04343e-05
7.10446e-06
5.06965e-06
1.1574e-05
9.35745e-06
7.04776e-06
5.69266e-06
1.18625e-05
1.00238e-05
8.16503e-06
7.11945e-06
1.21449e-05
1.04491e-05
8.74088e-06
7.78071e-06
1.19474e-05
1.0521e-05
9.12671e-06
8.37674e-06
1.28979e-05
1.15634e-05
1.02817e-05
9.61074e-06
1.4524e-05
1.30625e-05
1.16401e-05
1.08793e-05
1.73944e-05
1.56331e-05
1.38812e-05
1.29419e-05
1.51591e-05
1.4e-05
1.29744e-05
1.25452e-05
1.49424e-05
1.41308e-05
1.35304e-05
1.34048e-05
1.67562e-05
1.58927e-05
1.52374e-05
1.50791e-05
0.0249129
0.0238181
0.0227589
0.0222226
0.0205077
0.0195677
0.0186629
0.0182088
0.0153009
0.0145542
0.0138435
0.0134947
0.011771
0.0111712
0.0106029
0.0103267
0.0100552
0.00952562
0.00902587
0.00878493
0.00704556
0.00663391
0.00626329
0.00610122
0.00387654
0.00362265
0.00340699
0.00332565
0.00216316
0.00202687
0.00190798
0.00186093
0.0118188
0.0111787
0.0105706
0.0102738
0.00835463
0.00785508
0.00740333
0.00720329
0.00463448
0.00432526
0.0040617
0.00396093
0.00258348
0.00241459
0.00226231
0.00219825
0.00147733
0.00139754
0.00132435
0.00129154
0.00061182
0.000603832
0.00060066
0.000602357
0.00101105
0.00106452
0.00107669
0.00104336
0.00277231
0.00283512
0.00278359
0.0026492
0.00425819
0.00429202
0.00416276
0.00394344
0.00806343
0.00796652
0.0076553
0.00728486
0.0168085
0.0163723
0.0155535
0.0147532
0.0273714
0.0264492
0.0249465
0.0235982
0.00485069
0.00486091
0.00460931
0.00422637
0.00923392
0.009094
0.00864852
0.00812152
0.0190886
0.0187505
0.017957
0.0171001
0.0308597
0.0303064
0.0291687
0.0280039
0.00134938
0.0015348
0.00168638
0.00171259
0.000437684
0.000511284
0.000575184
0.000586532
0.00116001
0.00120396
0.00117793
0.0010948
0.00390904
0.00375973
0.00353918
0.00332661
0.00569781
0.00565119
0.00540636
0.00507739
0.011385
0.0109882
0.010178
0.00937115
0.0221405
0.021551
0.0203533
0.0191361
0.0327788
0.0326376
0.0319339
0.0309056
0.00293383
0.00284324
0.00422726
0.00547305
0.00288116
0.00347309
0.00831828
0.0140218
0.0140374
0.00954826
0.0183607
0.0296296
0.0509106
0.021587
0.029735
0.0441726
0.0123968
0.0115969
0.0106873
0.0100883
0.0100128
0.00934918
0.00860344
0.00811965
0.00727735
0.00677792
0.00622867
0.00588232
0.00549615
0.00511206
0.00469816
0.00444477
0.00464061
0.00431265
0.00396451
0.00375602
0.00320084
0.00296844
0.00273344
0.00260272
0.00179939
0.00167121
0.0015541
0.00150054
0.00113918
0.00107176
0.00101754
0.00100086
0.00581966
0.00543352
0.00503221
0.00479984
0.00400769
0.00372925
0.0034536
0.00330594
0.00220867
0.00205189
0.00191027
0.00184719
0.00132693
0.00124513
0.00117781
0.00115523
0.000894618
0.000851535
0.000820922
0.000816612
0.000671058
0.000657277
0.000653319
0.000660587
0.00110014
0.00108305
0.00105633
0.0010334
0.00207023
0.00201035
0.00191186
0.0018239
0.00276146
0.0026647
0.00250985
0.00237364
0.00452032
0.00431683
0.00401589
0.00376264
0.0081144
0.00767563
0.00705917
0.00655999
0.0120552
0.0113402
0.010363
0.00959022
0.00319291
0.0031145
0.00296042
0.00280866
0.00542532
0.00523094
0.00491578
0.00463291
0.0100897
0.00962647
0.00894373
0.00836979
0.0153064
0.014513
0.0133935
0.012485
0.00112601
0.00106466
0.00101499
0.000999705
0.000649588
0.0006403
0.000640319
0.000648594
0.00113505
0.00114994
0.00114465
0.00112277
0.00253151
0.00251748
0.00243731
0.00233371
0.00359437
0.00354459
0.00339835
0.00323173
0.00633341
0.00616216
0.00584478
0.00553658
0.0122199
0.0117486
0.0110119
0.0103658
0.0189602
0.0180998
0.0168412
0.0157912
0.00394271
0.00393307
0.00380149
0.0036192
0.00720516
0.00707217
0.0067654
0.00643612
0.0144657
0.0140043
0.0132264
0.0125099
0.0230152
0.0220983
0.0207
0.0194986
0.00377917
0.00340732
0.00296217
0.00265059
0.0030248
0.00272504
0.0023705
0.00212566
0.00220964
0.00199289
0.00174254
0.00157443
0.00172201
0.00155941
0.00137691
0.00125872
0.00149081
0.00135421
0.00120364
0.00110843
0.00110744
0.00101297
0.000913912
0.000855536
0.000773081
0.000718593
0.0006679
0.00064381
0.000653193
0.000616567
0.000586972
0.000577509
0.00205428
0.0018784
0.00168491
0.00156285
0.00147733
0.00135622
0.00122939
0.0011548
0.000956247
0.000889033
0.000826682
0.000797241
0.000749945
0.000708773
0.000676348
0.000667061
0.000602255
0.000571981
0.000549261
0.000544074
0.00055514
0.000528809
0.000508753
0.000503854
0.000691972
0.000650158
0.000608117
0.000585275
0.000961313
0.000890022
0.000809462
0.000757338
0.00112709
0.00103588
0.000929239
0.000857263
0.00153437
0.00139325
0.00122199
0.00110112
0.00236034
0.0021232
0.00183017
0.00161905
0.00323823
0.00290137
0.00248361
0.00218134
0.00148915
0.00138728
0.00126266
0.00117441
0.00214184
0.00197489
0.00176491
0.00161119
0.00344196
0.00314681
0.00277226
0.00249516
0.0048193
0.00438794
0.00384129
0.00343721
0.000738181
0.000704221
0.000681075
0.000679005
0.00064332
0.000622292
0.000609972
0.000611749
0.000932139
0.00089582
0.000856269
0.000832305
0.00150753
0.00143047
0.00133306
0.00126208
0.00189203
0.00178469
0.00164534
0.00154087
0.00285339
0.00266576
0.00241963
0.00223214
0.00476714
0.00441629
0.00395796
0.00360945
0.00680689
0.00627766
0.00559166
0.00507364
0.00232166
0.0022156
0.0020659
0.00194546
0.0036536
0.00345301
0.00317581
0.00295477
0.00633054
0.00593042
0.00539005
0.00496676
0.00921829
0.00859272
0.00776146
0.00711961
0.000379289
0.000298995
0.000208943
0.000151175
0.000331085
0.000265215
0.000192261
0.000146161
0.000304366
0.000253573
0.000198713
0.000165126
0.000311452
0.000268877
0.000224151
0.000197763
0.000312231
0.000273824
0.000233909
0.00021069
0.000301894
0.000270406
0.000238562
0.000220747
0.000303706
0.000277515
0.000251997
0.000238516
0.000316887
0.000291777
0.000267734
0.00025538
0.000482443
0.000427332
0.00036853
0.000333001
0.000428223
0.00038619
0.000343127
0.000318607
0.000393669
0.00036247
0.000332606
0.000317423
0.000395748
0.000367826
0.000342147
0.000330055
0.00031057
0.000286359
0.000263349
0.000251677
0.000278948
0.000256133
0.000234727
0.000224142
0.000252284
0.000227565
0.000204043
0.000192147
0.000243524
0.00021444
0.00018605
0.00017108
0.000229509
0.000198264
0.000167477
0.000151031
0.000198519
0.000162491
0.00012604
0.000105796
0.000195758
0.000148738
9.96141e-05
7.1057e-05
0.000223853
0.000164971
0.000102362
6.50761e-05
0.000368353
0.000322684
0.000275115
0.000247377
0.000380347
0.000321918
0.000258549
0.000219472
0.00046177
0.000378236
0.000284482
0.000224068
0.000576567
0.000467356
0.000342936
0.000261277
0.000459438
0.000431393
0.000407326
0.000397815
0.000422881
0.000395914
0.000372493
0.000362963
0.000447596
0.000411476
0.000376254
0.000357863
0.000524837
0.000473101
0.000418566
0.000386247
0.000562961
0.000501544
0.0004349
0.000393774
0.000656502
0.000571938
0.000476106
0.000413535
0.000891338
0.000762777
0.000612578
0.00051084
0.0011619
0.000988709
0.000784049
0.000643568
0.00081634
0.000739198
0.000652388
0.000596312
0.00103907
0.000926237
0.000793798
0.000703669
0.00151576
0.0013352
0.0011179
0.00096566
0.00203287
0.0017831
0.00148017
0.00126607
4.88705e-05
6.2807e-05
8.38847e-05
0.000102176
3.50886e-05
4.33063e-05
5.65946e-05
6.86255e-05
3.44875e-05
3.59713e-05
4.03428e-05
4.53819e-05
4.47537e-05
4.14385e-05
3.97268e-05
4.01904e-05
4.97273e-05
4.4489e-05
4.02216e-05
3.86772e-05
5.54085e-05
4.78145e-05
4.03903e-05
3.63475e-05
6.52777e-05
5.55148e-05
4.53165e-05
3.91724e-05
7.40135e-05
6.32679e-05
5.19292e-05
4.50063e-05
7.56038e-05
6.58343e-05
5.70758e-05
5.31129e-05
8.9685e-05
7.80504e-05
6.66171e-05
6.03932e-05
0.000107392
9.38737e-05
7.99343e-05
7.17228e-05
0.000119871
0.000105309
9.01521e-05
8.1096e-05
7.51442e-05
6.46472e-05
5.36362e-05
4.69714e-05
7.10386e-05
6.24219e-05
5.37416e-05
4.87902e-05
6.81117e-05
6.27601e-05
5.83047e-05
5.6594e-05
6.84239e-05
6.61906e-05
6.58886e-05
6.74488e-05
6.74199e-05
6.74374e-05
7.01056e-05
7.39872e-05
6.59356e-05
7.1254e-05
8.06313e-05
8.95562e-05
7.91196e-05
9.15374e-05
0.000110219
0.000126376
0.000102923
0.000121049
0.000147381
0.000169605
6.92478e-05
6.57131e-05
6.51078e-05
6.74375e-05
4.67348e-05
4.8623e-05
5.49743e-05
6.26175e-05
3.16426e-05
4.0502e-05
5.61879e-05
7.12562e-05
3.29566e-05
4.72625e-05
7.04782e-05
9.17051e-05
0.00017525
0.000157314
0.000139117
0.000128687
0.000155354
0.000139533
0.000123952
0.000115438
0.000128382
0.0001151
0.000102962
9.72184e-05
0.000107434
9.59508e-05
8.65316e-05
8.31806e-05
8.98487e-05
8.00122e-05
7.29258e-05
7.15321e-05
5.04835e-05
4.47023e-05
4.29543e-05
4.57718e-05
1.50625e-05
1.37027e-05
1.82944e-05
2.65101e-05
1.79016e-06
3.38322e-06
1.26078e-05
2.50451e-05
0.000139756
0.000120639
0.000103491
9.5873e-05
9.47563e-05
7.64027e-05
6.05393e-05
5.42196e-05
5.86327e-05
3.89459e-05
2.23947e-05
1.64657e-05
4.96407e-05
2.73955e-05
8.80583e-06
2.38835e-06
0.000211925
0.000208358
0.000203352
0.000199263
0.000143994
0.000141926
0.000138946
0.000136468
7.90599e-05
7.82124e-05
7.69911e-05
7.5992e-05
4.47899e-05
4.4429e-05
4.40381e-05
4.38217e-05
3.09415e-05
3.07829e-05
3.07179e-05
3.07978e-05
1.22755e-05
1.22986e-05
1.25683e-05
1.29789e-05
8.35743e-07
8.81987e-07
1.31938e-06
1.96135e-06
1.12906e-06
1.07524e-06
1.4765e-06
2.16169e-06
3.07483e-05
3.05885e-05
3.06854e-05
3.0968e-05
1.38526e-05
1.30811e-05
1.2497e-05
1.23456e-05
4.11805e-06
2.73012e-06
1.50725e-06
9.89799e-07
5.18381e-06
3.49445e-06
1.99289e-06
1.34723e-06
4.22546e-06
4.07812e-06
4.39608e-06
5.04551e-06
1.57316e-05
1.5352e-05
1.53685e-05
1.57896e-05
4.23405e-05
4.14789e-05
4.08779e-05
4.08344e-05
7.20574e-05
7.06592e-05
6.93801e-05
6.88311e-05
9.14346e-05
8.96479e-05
8.78757e-05
8.69574e-05
0.000135622
0.000132996
0.00013005
0.000128176
0.000210921
0.00020666
0.000201597
0.000198106
0.000283787
0.000277801
0.000270561
0.000265446
9.08135e-05
9.05847e-05
9.09802e-05
9.17991e-05
0.000133027
0.000133522
0.000134713
0.000136043
0.000206525
0.000207676
0.000209687
0.000211623
0.00027886
0.000280271
0.000282664
0.000284925
2.02025e-05
1.61717e-05
1.20714e-05
9.71449e-06
2.80624e-05
2.48601e-05
2.17796e-05
2.01701e-05
4.74394e-05
4.58172e-05
4.47501e-05
4.46619e-05
6.99117e-05
6.98542e-05
7.08266e-05
7.23087e-05
8.44476e-05
8.54559e-05
8.78117e-05
9.03558e-05
0.000117979
0.000121492
0.000126911
0.000131677
0.000179772
0.000186525
0.000196106
0.000204035
0.000243031
0.000252266
0.000265127
0.000275615
7.49666e-05
7.62829e-05
7.96701e-05
8.34287e-05
9.33409e-05
9.88272e-05
0.000107426
0.000115048
0.000134055
0.000145147
0.000161009
0.000174207
0.000180243
0.000195826
0.000217635
0.000235487
7.56749e-05
6.55743e-05
5.34686e-05
4.50197e-05
5.44408e-05
4.73853e-05
3.90319e-05
3.32917e-05
3.50008e-05
3.09651e-05
2.63607e-05
2.33491e-05
2.58262e-05
2.34624e-05
2.09526e-05
1.94808e-05
2.23128e-05
2.06408e-05
1.89834e-05
1.81261e-05
1.67347e-05
1.59978e-05
1.55e-05
1.54853e-05
1.42985e-05
1.41768e-05
1.4455e-05
1.50139e-05
1.59405e-05
1.58591e-05
1.62038e-05
1.68242e-05
2.64327e-05
2.50285e-05
2.36238e-05
2.29101e-05
1.66089e-05
1.63392e-05
1.63776e-05
1.67418e-05
1.11993e-05
1.17084e-05
1.27607e-05
1.38999e-05
1.23761e-05
1.29886e-05
1.42023e-05
1.54848e-05
1.72486e-05
1.70313e-05
1.72135e-05
1.772e-05
2.04368e-05
1.96655e-05
1.91645e-05
1.91766e-05
2.91121e-05
2.7065e-05
2.4994e-05
2.38739e-05
3.9305e-05
3.5842e-05
3.20316e-05
2.96595e-05
4.53327e-05
4.09231e-05
3.59533e-05
3.27492e-05
5.90408e-05
5.25008e-05
4.48806e-05
3.97425e-05
8.37898e-05
7.37184e-05
6.17231e-05
5.34063e-05
0.000108422
9.50106e-05
7.88927e-05
6.75933e-05
6.06777e-05
5.61188e-05
5.08989e-05
4.74761e-05
8.378e-05
7.66676e-05
6.82193e-05
6.23964e-05
0.000123911
0.000112623
9.89268e-05
8.92255e-05
0.000163006
0.000147796
0.00012919
0.000115875
9.68883e-06
1.0509e-05
1.19844e-05
1.3471e-05
1.80311e-05
1.81475e-05
1.8739e-05
1.9572e-05
3.80034e-05
3.66069e-05
3.52952e-05
3.47187e-05
6.05149e-05
5.74799e-05
5.41073e-05
5.20048e-05
7.48913e-05
7.07295e-05
6.59386e-05
6.27843e-05
0.000107582
0.00010089
9.28546e-05
8.72494e-05
0.000163339
0.000152506
0.000139213
0.000129677
0.000217115
0.000202381
0.000184164
0.000170965
8.57849e-05
8.25885e-05
7.89811e-05
7.66735e-05
0.000126209
0.000121054
0.000114882
0.0001106
0.000194739
0.000186291
0.000175905
0.000168443
0.000260685
0.000249073
0.000234677
0.000224214
5.18704e-07
3.57391e-07
2.26401e-07
1.92669e-07
5.51853e-07
3.72142e-07
2.22931e-07
2.15978e-07
1.21917e-06
8.46002e-07
5.75063e-07
6.11917e-07
2.2192e-06
1.49392e-06
1.02419e-06
1.10582e-06
2.74579e-06
1.86057e-06
1.08367e-06
8.84016e-07
3.26532e-06
2.14078e-06
1.08933e-06
6.69445e-07
4.04451e-06
2.62175e-06
1.24231e-06
5.75402e-07
4.70591e-06
3.08883e-06
1.48835e-06
6.58674e-07
6.98899e-06
5.54807e-06
4.12593e-06
3.33508e-06
7.6432e-06
6.23594e-06
4.83676e-06
4.04559e-06
8.8753e-06
7.38921e-06
5.89376e-06
5.032e-06
1.00809e-05
8.44129e-06
6.77514e-06
5.804e-06
4.70739e-06
3.08695e-06
1.47977e-06
6.46866e-07
4.10903e-06
2.67326e-06
1.25655e-06
5.55346e-07
3.41232e-06
2.25933e-06
1.1301e-06
6.3508e-07
2.95855e-06
2.03075e-06
1.14308e-06
8.36468e-07
2.50047e-06
1.69982e-06
1.08124e-06
1.02952e-06
1.70391e-06
1.16155e-06
6.81955e-07
5.83628e-07
1.22861e-06
7.78699e-07
3.62753e-07
2.2354e-07
1.28564e-06
7.96208e-07
3.68687e-07
2.09628e-07
8.84434e-06
6.69261e-06
4.49258e-06
3.23002e-06
8.07836e-06
5.88534e-06
3.63278e-06
2.34155e-06
7.97691e-06
5.60823e-06
3.17238e-06
1.78648e-06
8.56827e-06
5.99628e-06
3.3583e-06
1.87194e-06
1.4977e-05
1.34309e-05
1.19086e-05
1.10792e-05
1.49658e-05
1.32435e-05
1.15079e-05
1.05297e-05
1.60926e-05
1.38931e-05
1.15949e-05
1.02338e-05
1.78386e-05
1.50886e-05
1.21474e-05
1.03532e-05
1.84307e-05
1.5381e-05
1.21072e-05
1.01049e-05
1.97052e-05
1.59938e-05
1.19437e-05
9.41753e-06
2.34267e-05
1.84878e-05
1.30138e-05
9.54199e-06
2.79047e-05
2.17478e-05
1.48755e-05
1.04875e-05
3.07988e-05
2.69568e-05
2.27201e-05
2.00527e-05
3.69246e-05
3.16522e-05
2.56753e-05
2.17726e-05
4.90361e-05
4.13117e-05
3.23659e-05
2.63684e-05
6.1662e-05
5.15788e-05
3.97916e-05
3.18019e-05
