FiniteElementSpace
FiniteElementCollection: H1_2D_P2
VDim: 2
Ordering: 0

0
1.20088
2.09951
2.67876
3.08516
3.45128
3.84939
4.29422
4.76391
0
0.737295
1.34023
1.7936
2.16319
2.53223
2.94838
3.40836
3.88136
0.619257
0.994053
0.381868
0
1.69655
1.74627
1.05886
2.42069
2.25129
1.58273
2.89405
2.62755
1.98331
3.26722
2.9884
2.34357
3.64426
3.39447
2.73355
4.06679
3.84914
3.17462
4.52798
4.32236
3.64511
0.51435
1.40608
2.02311
2.4475
2.80464
3.18441
3.61721
4.08572
0.306061
0.566068
0.256956
0
1.46045
1.55439
1.20918
1.09948
2.26925
2.22489
1.89178
1.92624
2.79052
2.67188
2.35236
2.46719
3.17654
3.03516
2.71577
2.85641
3.54637
3.413
3.08468
3.21859
3.95665
3.84129
3.50444
3.62082
4.41058
4.30687
3.96714
4.0714
0.9192
0.761638
0.877466
0.563211
0.457169
0.194377
0
1.90921
1.58482
1.55359
1.20466
1.24447
0.902878
2.55634
2.14225
2.02787
1.69151
1.81083
1.46599
2.99159
2.53864
2.39687
2.07379
2.21863
1.89039
3.35847
2.89524
2.75974
2.43651
2.57435
2.25276
3.74524
3.28771
3.17024
2.83935
2.95795
2.63118
4.17945
3.7323
3.62797
3.29083
3.39484
3.06029
4.64588
4.54325
4.20432
4.10174
3.76338
3.86501
3.52663
0.27767
1.33747
2.08376
2.57309
2.94576
3.31419
3.72963
4.18875
0.841572
0.672951
0.234408
1.75033
1.40606
1.06825
2.35191
1.92352
1.68806
2.76568
2.30852
2.12565
3.1258
2.66566
2.48508
3.51522
3.06239
2.85708
3.95539
3.51062
3.28121
4.42521
3.98361
3.74629
0.145707
0.290528
0.134193
0
1.33367
1.39927
1.22108
1.15036
2.18687
2.17702
2.00719
2.01339
2.73581
2.68204
2.52116
2.57331
3.131
3.06093
2.90116
2.97067
3.49849
3.42987
3.26601
3.33454
3.90264
3.8429
3.67485
3.73481
4.35224
4.29967
4.12994
4.18277
0.771188
0.880422
0.705843
0.592372
0.639636
0.71896
0.56617
0.487192
0.127202
0.246515
0.11909
0
1.80585
1.83024
1.65495
1.62588
1.49767
1.49757
1.32705
1.32745
1.10385
1.14085
0.974622
0.937717
2.49035
2.45454
2.29002
2.32328
2.08407
2.03426
1.86833
1.91858
1.82091
1.79174
1.62237
1.65193
2.94342
2.87864
2.71928
2.78308
2.49346
2.42407
2.26387
2.33375
2.3027
2.23991
2.07747
2.14072
3.31269
3.24177
3.08026
3.15089
2.84968
2.78038
2.6197
2.68953
2.67166
2.60058
2.44092
2.51252
3.69434
3.62988
3.46369
3.52824
3.23562
3.17478
3.00973
3.07093
3.03613
2.97067
2.80798
2.87391
4.12283
4.06732
3.89807
3.95387
3.67451
3.62126
3.4525
3.50579
3.44908
3.39256
3.22536
3.28209
4.58691
4.5356
4.36605
4.41747
4.14504
4.09392
3.92436
3.97528
3.90803
3.85659
3.68704
3.73839
0.464443
0.422931
0.540265
0.386359
0.267337
0
1.58157
1.44859
1.48137
1.30991
1.27436
1.04761
2.34714
2.15624
2.125
1.95909
1.98887
1.83742
2.84316
2.62323
2.56011
2.40055
2.4633
2.35997
3.22186
2.99037
2.9198
2.76006
2.83077
2.74211
3.59493
3.36318
3.29842
3.13411
3.19916
3.10326
4.01137
3.78513
3.72906
3.56051
3.6168
3.50738
4.46919
4.24775
4.19626
4.02639
4.07788
3.96017
1.06277
0.972901
0.879881
0.802144
0.776796
0.811314
0.65112
0.621742
0.473277
0.422617
0.346466
0.288692
0.217773
0.100562
0
2.00713
1.8407
1.66763
1.66876
1.48152
1.45005
1.27364
1.30886
1.13297
1.15545
1.15817
0.982024
0.989517
0.821124
2.61904
2.41087
2.1979
2.24795
1.97663
1.91228
1.74329
1.80944
1.63801
1.69911
1.7508
1.52539
1.57976
1.40424
3.03874
2.81132
2.58328
2.65243
2.3528
2.28045
2.11853
2.1918
2.02875
2.10188
2.17263
1.93723
2.00923
1.84255
3.40461
3.17188
2.94147
3.01034
2.71232
2.64584
2.48397
2.55104
2.38971
2.45904
2.52952
2.29793
2.36916
2.20787
3.79691
3.56761
3.34067
3.40118
3.11591
3.05899
2.89346
2.95056
2.78602
2.84548
2.90707
2.68192
2.74391
2.58127
4.23661
4.01319
3.79054
3.8437
3.56913
3.51794
3.34946
3.40046
3.23252
3.28443
3.33772
3.11717
3.17043
3.00399
4.70491
4.65366
4.48431
4.4328
4.26344
4.31477
4.212
4.04274
3.99153
3.82241
3.87343
3.7043
3.75495
3.80563
3.58587
3.63629
3.46743
0.138307
1.2776
2.09754
2.62878
3.01592
3.38185
3.78848
4.24108
0.738412
0.604431
0.123767
1.73083
1.41453
1.0413
2.39064
1.97769
1.72355
2.83141
2.37925
2.1911
3.19615
2.73466
2.55652
3.57864
3.12241
2.92187
4.01032
3.56328
3.33695
4.47653
4.03464
3.7974
0.443088
0.404534
0.13076
1.51543
1.38034
1.16341
2.25219
2.05872
1.91518
2.73338
2.51239
2.41259
3.10586
2.87517
2.78648
3.47866
3.24836
3.15081
3.89805
3.6726
3.56171
4.3585
4.13702
4.0189
1.01793
0.927098
0.673067
0.830162
0.717806
0.523133
0.367708
0.320482
0.113526
1.9244
1.75534
1.57747
1.57664
1.38092
1.23368
1.23621
1.07401
0.901863
2.51534
2.30519
2.18799
2.08852
1.8617
1.7553
1.85667
1.64064
1.51626
2.92497
2.6975
2.60672
2.46844
2.2362
2.14709
2.28739
2.05599
1.96139
3.28787
3.05646
2.96483
2.82677
2.59805
2.50473
2.64488
2.41389
2.32472
3.68194
3.45387
3.34937
3.22802
3.00437
2.89759
3.02035
2.79425
2.69445
4.12483
3.90174
3.78612
3.67965
3.45905
3.34222
3.44887
3.22714
3.11435
4.59467
4.37388
4.25553
4.15305
3.93253
3.81424
3.91591
3.69561
3.57704
0
0.380075
1.16939
2.12308
3.08656
4.01547
4.91051
5.78799
6.66636
1
1.24212
1.80407
2.5789
3.4678
4.40452
5.34035
6.24973
7.13662
0.138721
0.77006
1.08461
0.5
0.738154
1.4675
1.48853
1.63889
2.34433
2.17207
2.60802
3.27603
3.01372
3.55585
4.21142
3.93361
4.46641
5.12761
4.87484
5.35017
6.02011
5.79875
6.22632
6.90176
6.69479
0.558402
1.08411
1.89373
2.80753
3.7451
4.67267
5.57631
6.46114
0.0734768
0.339263
0.502252
0.25
0.547356
0.90342
0.916443
0.566312
1.40108
1.76107
1.67659
1.31199
2.36603
2.70465
2.57489
2.22957
3.32243
3.64924
3.51073
3.17913
4.24192
4.56984
4.44279
4.11306
5.13073
5.46414
5.35268
5.0198
6.00697
6.34427
6.24082
5.90486
0.242076
0.649366
0.993827
1.15088
0.803904
1.04631
0.75
0.947081
1.26899
1.63291
1.63877
1.27946
1.35553
1.88021
2.11685
2.46265
2.37136
2.03256
1.98244
2.84835
3.04146
3.37357
3.23885
2.91222
2.79339
3.78683
3.97878
4.30911
4.16881
3.84082
3.69967
4.68917
4.90095
5.23437
5.10839
4.77452
4.64006
5.56915
5.7987
6.13474
6.02511
5.68759
5.5705
6.44616
6.78432
6.68135
7.01902
6.91593
6.57771
6.47285
0.276075
0.723617
1.533
2.46684
3.41488
4.34234
5.24256
6.12459
0.436594
0.884856
0.754259
1.10094
1.4492
1.12659
1.99386
2.24458
1.82808
2.94226
3.14182
2.68553
3.88201
4.0751
3.60678
4.79562
5.00525
4.54237
5.68481
5.91183
5.46181
6.56415
6.79839
6.3566
0.0443463
0.172328
0.25932
0.125
0.460247
0.633432
0.641828
0.471101
1.28425
1.46537
1.42145
1.2389
2.24462
2.41526
2.34808
2.17502
3.20481
3.36804
3.29717
3.13209
4.12896
4.29208
4.22792
4.06409
5.02074
5.18691
5.13135
4.96538
5.89745
6.06601
6.01475
5.84669
0.18551
0.337231
0.383613
0.237082
0.599978
0.76391
0.840728
0.6774
0.493741
0.624621
0.745638
0.625
0.840577
1.02212
1.00024
0.818803
1.17465
1.35769
1.36244
1.17997
0.840353
1.01925
1.05753
0.879205
1.75923
1.9356
1.877
1.69842
2.00465
2.18043
2.13773
1.96266
1.5709
1.75159
1.72921
1.54916
2.72843
2.8944
2.82352
2.65529
2.92438
3.09176
3.0267
2.85994
2.4593
2.6302
2.57356
2.40335
3.67165
3.8341
3.76583
3.60208
3.86205
4.02713
3.95796
3.79315
3.39339
3.55893
3.49003
3.32496
4.57799
4.74255
4.68294
4.51818
4.78701
4.95324
4.89007
4.72375
4.32728
4.49275
4.42586
4.26045
5.4597
5.62726
5.57457
5.40744
5.68765
5.8553
5.79989
5.63201
5.24033
5.40733
5.3483
5.1811
6.33618
6.50528
6.45417
6.28547
6.57124
6.73985
6.68809
6.51942
6.13053
6.29871
6.24578
6.07744
0.100962
0.303322
0.446064
0.525721
0.386254
0.375
0.64004
0.811011
0.991873
0.997905
0.817919
0.665866
1.51938
1.64631
1.82632
1.7843
1.60354
1.38829
2.4872
2.58573
2.75557
2.69101
2.52023
2.28618
3.43946
3.53225
3.69702
3.62798
3.46258
3.22726
4.3544
4.45631
4.62135
4.55792
4.39261
4.16223
5.24053
5.35349
5.52039
5.46467
5.29779
5.07385
6.11659
6.23442
6.40279
6.35101
6.18282
5.96262
0.306829
0.497671
0.706262
0.54046
0.936198
1.11444
1.19377
1.01328
1.11477
0.939037
0.775287
1.06205
0.894642
1.02883
0.875
1.05677
1.20501
1.36676
1.1833
1.53949
1.71803
1.71973
1.54297
1.56172
1.38229
1.20076
1.41986
1.23851
1.29638
2.00155
2.11145
2.23013
2.05444
2.35294
2.5214
2.4742
2.30847
2.27062
2.1026
1.92928
2.07598
1.90523
1.89178
2.96775
3.06081
3.1587
2.99144
3.25747
3.42135
3.35291
3.19104
3.12575
2.9637
2.79846
2.90291
2.74017
2.68536
3.90144
3.99775
4.09524
3.93032
4.19217
4.3572
4.28666
4.12243
4.05111
3.88776
3.72373
3.81644
3.65384
3.58343
4.80001
4.9079
5.01448
4.84841
5.12002
5.28745
5.2246
5.05698
4.9918
4.82491
4.65861
4.75758
4.59153
4.52236
5.67857
5.79489
5.90951
5.74191
6.02343
6.19213
6.13763
5.96839
5.91216
5.74314
5.5749
5.68487
5.51618
5.45567
6.55623
6.72543
6.67421
6.8431
6.79151
6.62281
6.96037
6.90867
7.07772
7.02631
6.85707
6.80543
6.63614
6.46723
6.58395
6.41461
6.36146
0.148649
0.548987
1.35113
2.29511
3.2503
4.17833
5.07629
5.95634
0.282569
0.71687
0.6172
0.918484
1.26694
0.946438
1.81663
2.07081
1.64917
2.775
2.97563
2.51635
3.71835
3.91019
3.44188
4.63057
4.83869
4.37675
5.51742
5.74382
5.29442
6.39532
6.62965
6.18817
0.20024
0.411587
0.374482
0.723524
0.902461
0.73888
1.58124
1.71414
1.49482
2.53535
2.63779
2.40299
3.48531
3.57993
3.34501
4.40536
4.50718
4.27762
5.29728
5.40924
5.186
6.1757
6.29281
6.07276
0.400186
0.599555
0.489161
0.818254
1.06089
0.972744
0.646564
0.91326
0.881063
1.12906
1.28432
1.08567
1.4519
1.62888
1.46072
1.0973
1.30817
1.1739
2.05513
2.16995
1.93983
2.29133
2.41414
2.20457
1.85618
2.00276
1.81026
3.01344
3.10939
2.87348
3.20822
3.30588
3.07695
2.74476
2.8514
2.63013
3.94935
4.04646
3.81383
4.14389
4.23984
4.00504
3.67604
3.77067
3.53737
4.85414
4.96133
4.73509
5.06737
5.17243
4.94113
4.60843
4.70837
4.47446
5.73701
5.85235
5.63127
5.9665
6.08044
5.85597
5.51986
5.62988
5.40204
6.61532
6.73292
6.51278
6.85007
6.9674
6.74666
6.40912
6.52547
6.30351
