FiniteElementSpace
FiniteElementCollection: H1_2D_P2
VDim: 2
Ordering: 0

0
-0.000205742
-0.00254423
-0.00847105
-0.0158354
-0.0204298
-0.0189653
-0.0118804
-0.00376307
0
0.00243144
0.00306612
-0.000604559
-0.0090781
-0.0179738
-0.020529
-0.0149616
-0.00659421
3.71915e-06
0.00128796
0.00130344
0
-0.000941557
0.000602456
0.00312381
-0.00511047
-0.00427118
0.00190085
-0.0122249
-0.012594
-0.0043979
-0.0187389
-0.0198308
-0.0139157
-0.0205447
-0.0204662
-0.0203566
-0.0159015
-0.0137045
-0.0185339
-0.00761315
-0.00516524
-0.0106942
0.000654269
0.00136169
-0.0012559
-0.00821382
-0.0167271
-0.0212028
-0.0177558
-0.00922467
4.04192e-05
0.000353161
0.000249256
0
-0.000481302
0.00026346
0.00140959
0.000574793
-0.00371127
-0.00304991
-0.000179195
-0.000874048
-0.0103305
-0.0101074
-0.00615178
-0.0062289
-0.0174094
-0.0178029
-0.0147396
-0.0141767
-0.0206987
-0.0211245
-0.0207674
-0.0203113
-0.0175924
-0.0170145
-0.0193281
-0.0199653
-0.00973158
-0.00844092
-0.0114587
-0.0128899
-6.4335e-05
0.00102671
0.00191784
0.00190323
0.000973454
0.000636602
0
-0.00162237
0.00110572
0.00191711
0.00321154
0.00232748
0.00284983
-0.00671202
-0.00262654
-0.00243634
0.000820269
0.000375121
0.00264173
-0.0140838
-0.0103883
-0.0109392
-0.00666586
-0.00636124
-0.00235697
-0.0197631
-0.0184561
-0.0190499
-0.0161029
-0.0154554
-0.0115332
-0.0199619
-0.0211026
-0.0206257
-0.0207309
-0.0209255
-0.01942
-0.0139681
-0.0158438
-0.0143726
-0.0168927
-0.0182363
-0.0197761
-0.00560683
-0.00445123
-0.00710555
-0.00588053
-0.00857049
-0.00995465
-0.0128578
0.000137833
0.000502982
-0.00182775
-0.00810868
-0.0160876
-0.0209566
-0.0186838
-0.0106517
0.000515385
0.00149916
0.0003832
-0.000184113
0.00224602
0.00220471
-0.00452722
-0.000874267
0.00130232
-0.0121558
-0.00860818
-0.00428163
-0.0192374
-0.0174223
-0.0132572
-0.0207917
-0.0210559
-0.0202423
-0.015048
-0.0164347
-0.0196643
-0.00635386
-0.0078272
-0.0121723
3.47849e-05
8.9227e-05
4.92833e-05
0
-0.000324461
1.9036e-05
0.000557161
0.000192272
-0.00309803
-0.00273391
-0.00131761
-0.00168106
-0.00939216
-0.00917425
-0.00715017
-0.00730289
-0.0166487
-0.0167462
-0.015151
-0.0149877
-0.0206147
-0.0208951
-0.0206901
-0.0204236
-0.0183223
-0.0182052
-0.0193773
-0.0195412
-0.0108073
-0.0102043
-0.0117743
-0.0124112
-2.62876e-05
0.000236843
0.000444875
0.000190583
0.00085185
0.00126828
0.0012485
0.000811379
8.62904e-05
0.000314436
0.00012739
0
-0.00125375
-0.000883162
6.76922e-05
-0.000326169
0.00126208
0.00169541
0.00231513
0.00186289
0.00136777
0.00182295
0.00207968
0.00161455
-0.00588855
-0.00557391
-0.00375853
-0.00403849
-0.00190558
-0.00173849
-0.000209434
-0.000424663
0.000247581
0.000579857
0.00164751
0.00127933
-0.0131632
-0.0130887
-0.0111301
-0.011126
-0.00929185
-0.00950966
-0.0074686
-0.00729249
-0.00518523
-0.00521542
-0.0033262
-0.00334675
-0.0192919
-0.0195354
-0.0185597
-0.0182869
-0.0176295
-0.0179723
-0.0164747
-0.01612
-0.0136801
-0.014022
-0.0121063
-0.0117843
-0.0203053
-0.0204562
-0.02102
-0.0209112
-0.0212198
-0.0211177
-0.0210613
-0.0211033
-0.0203577
-0.0205432
-0.0197059
-0.0194767
-0.0149598
-0.0145484
-0.0160621
-0.0165126
-0.0168354
-0.0161602
-0.0173754
-0.0180232
-0.0199558
-0.0195285
-0.0202081
-0.020582
-0.00659008
-0.00597248
-0.00737741
-0.00802795
-0.00814592
-0.00746877
-0.00887376
-0.009594
-0.0125877
-0.0118241
-0.013282
-0.014053
2.44976e-05
0.000245691
0.000505024
0.000445946
0.000194574
0
-0.000686909
0.000406448
0.000827506
0.001409
0.0009682
0.000940252
-0.00438361
-0.00240605
-0.00212753
-0.000680596
-0.000979585
-0.000114467
-0.0112777
-0.00909744
-0.00914577
-0.00716423
-0.00710997
-0.00522627
-0.0181082
-0.0169746
-0.0172862
-0.015759
-0.0154246
-0.0133865
-0.0206741
-0.0211013
-0.0212145
-0.0210498
-0.0209088
-0.020111
-0.0167822
-0.0178921
-0.0174234
-0.0185905
-0.0190512
-0.0202658
-0.00866202
-0.00953701
-0.00884054
-0.0103338
-0.011069
-0.0133188
-0.000123153
0.000559459
0.00117327
0.00077604
0.00172326
0.00219175
0.00217982
0.00171241
0.00160889
0.00113878
0.000680963
0.000986666
0.000487303
0.00024079
0
-0.00205329
-0.00049749
0.000886984
0.000478981
0.00211521
0.00251353
0.00317262
0.0027528
0.00319527
0.00274939
0.00228908
0.00300846
0.0025486
0.00265717
-0.00757519
-0.00535284
-0.00341684
-0.00355146
-0.00161761
-0.00152624
0.000151765
-2.40036e-05
0.00140541
0.00114898
0.000878833
0.00231446
0.00198951
0.0028932
-0.0149774
-0.0131746
-0.0114927
-0.0112644
-0.0097689
-0.0100427
-0.00786026
-0.00766616
-0.00550797
-0.0054021
-0.0052959
-0.00334399
-0.00333385
-0.00144063
-0.0201429
-0.0198231
-0.0191927
-0.0188779
-0.018285
-0.01855
-0.0170886
-0.0168015
-0.0150442
-0.0147243
-0.0143782
-0.012743
-0.0124324
-0.0103083
-0.0195127
-0.0204377
-0.0208494
-0.0209992
-0.02091
-0.0206061
-0.0207051
-0.0209255
-0.0206201
-0.0206756
-0.0206512
-0.0199605
-0.0198678
-0.0187601
-0.0129377
-0.0139862
-0.0147952
-0.0154759
-0.0154285
-0.0146723
-0.0159557
-0.0166763
-0.0177574
-0.0184042
-0.0190033
-0.019213
-0.0197447
-0.0202213
-0.00466348
-0.00410156
-0.00537957
-0.00480715
-0.00611099
-0.00673384
-0.00552253
-0.00682695
-0.00623583
-0.00755106
-0.00818782
-0.00961875
-0.0103165
-0.0110586
-0.0117746
-0.012513
-0.0139226
3.35747e-05
0.000124033
-0.00217583
-0.00822462
-0.0158891
-0.0207131
-0.0189218
-0.0113102
0.0002224
0.00105168
0.000105957
-0.000576598
0.00180762
0.00173764
-0.0047796
-0.00104359
0.00096657
-0.0121107
-0.00838839
-0.00425151
-0.0189514
-0.0170831
-0.0129138
-0.0207414
-0.0211793
-0.0200691
-0.0155585
-0.0171295
-0.0201163
-0.00698033
-0.00851308
-0.0129463
0.00014297
0.000346116
6.82302e-05
-0.000129902
0.000921146
0.000972954
-0.00335599
-0.00151854
-0.000512303
-0.0101444
-0.00811306
-0.00614546
-0.0175481
-0.0163829
-0.0144214
-0.0209604
-0.0211247
-0.0205675
-0.0173983
-0.0182833
-0.0197145
-0.00910647
-0.009946
-0.0121986
0.000227758
0.000873483
0.000651176
0.00145702
0.00196583
0.00143534
0.000558692
0.000825461
0.000159111
-0.00125124
0.000214551
0.000681446
0.00152073
0.00266687
0.00277911
0.00186621
0.00267135
0.00238769
-0.00641734
-0.00436004
-0.00280647
-0.00250769
-0.000734518
0.000604826
0.000116231
0.00161078
0.00229
-0.0140509
-0.0123302
-0.0101995
-0.0106453
-0.00884623
-0.00651427
-0.00623187
-0.00433869
-0.0023938
-0.0200274
-0.0195437
-0.0181209
-0.0187736
-0.0177248
-0.0157979
-0.0150948
-0.0135983
-0.0112429
-0.0200535
-0.0206949
-0.0211717
-0.020917
-0.0208374
-0.0208734
-0.0208893
-0.0203408
-0.0192697
-0.0134951
-0.0144165
-0.016483
-0.0151296
-0.0157011
-0.0175822
-0.0188267
-0.0191297
-0.0202409
-0.00501424
-0.00574718
-0.00776735
-0.00647018
-0.00718237
-0.00923701
-0.0107025
-0.0114118
-0.013604
0
-0.000978077
-0.0048802
-0.0123813
-0.02245
-0.0313136
-0.0359361
-0.0361634
-0.0336861
0
-0.00353907
-0.0100805
-0.0205995
-0.0311576
-0.035996
-0.033816
-0.029304
-0.0261125
-6.52185e-06
-0.00205464
-0.00179539
0
-0.00254264
-0.00724004
-0.00624713
-0.00816122
-0.016488
-0.0149874
-0.0172967
-0.0272433
-0.0262594
-0.0272866
-0.0342502
-0.0345471
-0.0342246
-0.0352028
-0.0355705
-0.0365273
-0.0328188
-0.0315058
-0.035086
-0.0298915
-0.027535
-0.000681648
-0.00415809
-0.0114091
-0.0219979
-0.0314984
-0.0353869
-0.0341972
-0.0313447
0.000191474
-0.000252277
-0.000223133
0
-0.00167802
-0.00326152
-0.00299931
-0.001437
-0.00639783
-0.00975928
-0.0091924
-0.00598532
-0.0147767
-0.0197829
-0.0192292
-0.0144839
-0.0249419
-0.0296402
-0.0295345
-0.0250579
-0.0329187
-0.0349412
-0.03501
-0.033003
-0.0363629
-0.0353135
-0.0347711
-0.0355987
-0.0356944
-0.0331813
-0.0320828
-0.0344204
-0.000419487
-0.00129019
-0.00277369
-0.00256294
-0.00122164
-0.00116642
0
-0.00360128
-0.00556414
-0.00860558
-0.00801965
-0.00516569
-0.00475919
-0.0101633
-0.0138581
-0.0184882
-0.0177408
-0.0131331
-0.0124151
-0.0198778
-0.0247011
-0.0292193
-0.0288549
-0.0241046
-0.0234727
-0.0294258
-0.0330798
-0.035216
-0.0355227
-0.0330831
-0.0330782
-0.0352281
-0.0354303
-0.0346386
-0.0348123
-0.0355946
-0.0359927
-0.0364519
-0.0335332
-0.0311683
-0.0303616
-0.0329808
-0.0326828
-0.0343915
-0.0318125
-0.0306147
-0.0279828
-0.0268015
-0.0294909
-0.0283613
5.60983e-05
-0.00225401
-0.00774076
-0.0170951
-0.0274745
-0.0341482
-0.0355512
-0.0338291
-0.000773058
-0.00190891
-0.0006238
-0.00449643
-0.00674613
-0.00384983
-0.0120199
-0.0157362
-0.0107419
-0.0224659
-0.0267748
-0.0213089
-0.0314957
-0.0343791
-0.0313468
-0.0354108
-0.0352451
-0.0356069
-0.0349253
-0.0320691
-0.0338583
-0.0325067
-0.0287174
-0.0303056
0.000161855
0.000153465
7.88689e-05
0
-0.00131155
-0.00194044
-0.00182454
-0.00118514
-0.00560868
-0.00705276
-0.0068302
-0.0054094
-0.0135593
-0.0159658
-0.0157755
-0.0134491
-0.0237099
-0.0262831
-0.0262929
-0.023821
-0.032152
-0.0335887
-0.03362
-0.0322267
-0.0361832
-0.0359426
-0.0356011
-0.0357683
-0.0359489
-0.0347376
-0.0341338
-0.0352619
-0.000196449
-0.000573607
-0.000494128
-9.93187e-05
-0.000967292
-0.00159143
-0.00154533
-0.000942447
-8.36928e-05
-0.000407148
-0.000336969
0
-0.00304722
-0.00402165
-0.00384928
-0.00287426
-0.00482888
-0.00614265
-0.00592145
-0.00465063
-0.00250263
-0.0034145
-0.0032834
-0.00240507
-0.00913307
-0.0110956
-0.0108619
-0.00895299
-0.0126079
-0.0147871
-0.0144118
-0.0122587
-0.00818253
-0.00995373
-0.00964004
-0.00790946
-0.0185836
-0.021228
-0.0211304
-0.0185832
-0.0233638
-0.025747
-0.0254618
-0.0230547
-0.01785
-0.0202671
-0.0198957
-0.0174816
-0.0283845
-0.030537
-0.030609
-0.0285417
-0.0323389
-0.0337557
-0.0337882
-0.032314
-0.0284253
-0.03046
-0.0303278
-0.0282458
-0.0347632
-0.0353386
-0.0352134
-0.034621
-0.0354461
-0.0353661
-0.0354573
-0.0355197
-0.0346798
-0.0353374
-0.0354653
-0.0347612
-0.036518
-0.0356582
-0.0351359
-0.0358953
-0.0338736
-0.0328213
-0.0325259
-0.0336121
-0.0350082
-0.0343401
-0.0342651
-0.0349479
-0.0347452
-0.0334507
-0.0328459
-0.0341202
-0.0309787
-0.0296685
-0.0291
-0.0304248
-0.0324522
-0.0312063
-0.0307312
-0.0320101
0.000121103
-6.76952e-05
-0.000449638
-0.000433505
-6.98736e-05
0
-0.00208974
-0.00273203
-0.00369262
-0.00354999
-0.00260987
-0.00172913
-0.00724875
-0.00871862
-0.0105769
-0.0102698
-0.00845443
-0.00659732
-0.0160245
-0.0184345
-0.0209132
-0.020616
-0.0181767
-0.0154923
-0.0261361
-0.0285924
-0.0306147
-0.0305611
-0.0285471
-0.0261882
-0.0336087
-0.0345866
-0.0351955
-0.0352432
-0.0346173
-0.0336696
-0.0364764
-0.0354533
-0.0347577
-0.0344982
-0.0351695
-0.0354164
-0.0354045
-0.0335105
-0.0322603
-0.0317133
-0.0329516
-0.0336155
-0.000684781
-0.00108791
-0.00165181
-0.00101425
-0.00231647
-0.00315336
-0.00302109
-0.00223462
-0.00215533
-0.00150986
-0.000916325
-0.00147177
-0.000883816
-0.000744712
0
-0.00421257
-0.00520869
-0.00636804
-0.00501335
-0.0076406
-0.00932816
-0.00901179
-0.0073717
-0.00709473
-0.00569855
-0.0044759
-0.00546637
-0.00429931
-0.00411548
-0.0112469
-0.01323
-0.0151549
-0.012938
-0.0170984
-0.019522
-0.0191604
-0.0167161
-0.0163435
-0.0140392
-0.0119079
-0.013672
-0.0115601
-0.0112126
-0.0211692
-0.0237787
-0.0259981
-0.0236143
-0.0280313
-0.0301836
-0.0300494
-0.0278042
-0.0275874
-0.0251663
-0.0227161
-0.0248826
-0.0223712
-0.022039
-0.0304026
-0.0322936
-0.0337165
-0.0323333
-0.034855
-0.035625
-0.0358243
-0.0349642
-0.0351006
-0.0338224
-0.0322676
-0.0338745
-0.0322137
-0.0321719
-0.0356178
-0.0355366
-0.0353459
-0.0354442
-0.0349688
-0.0342647
-0.0343393
-0.0350625
-0.0352298
-0.0356118
-0.0356476
-0.035832
-0.0358241
-0.036054
-0.0363323
-0.0346855
-0.0331803
-0.0342273
-0.0316151
-0.0302721
-0.0298195
-0.0312552
-0.0309259
-0.0322843
-0.0334273
-0.0320951
-0.0333105
-0.0332616
-0.0340352
-0.0327637
-0.0321638
-0.0308507
-0.0302519
-0.0315601
-0.0289368
-0.0283436
-0.0270448
-0.0264548
-0.0277645
-0.027158
-0.0285315
-0.0298923
-0.0279339
-0.0293623
-0.0288172
0.000129977
-0.00154366
-0.00619929
-0.0146907
-0.0250729
-0.0329484
-0.0358849
-0.0350138
-0.000318775
-0.00124801
-0.000197664
-0.00342027
-0.00536337
-0.00288355
-0.00999582
-0.0134985
-0.00889789
-0.019907
-0.0244191
-0.0188686
-0.0295747
-0.0330883
-0.0293935
-0.035017
-0.0354804
-0.0351011
-0.0357985
-0.0332215
-0.0346629
-0.0337894
-0.0300438
-0.0316061
5.90279e-05
-0.000235262
7.7894e-06
-0.00238367
-0.00312396
-0.0021469
-0.0079717
-0.00948432
-0.00749244
-0.0172663
-0.019544
-0.0168232
-0.0274415
-0.0296211
-0.0273995
-0.0341447
-0.0349498
-0.0341907
-0.0359445
-0.034981
-0.0353165
-0.0344382
-0.0326082
-0.0332885
-0.000863688
-0.00135289
-0.000713192
-0.0019756
-0.00266684
-0.00185025
-0.000662009
-0.00119233
-0.000508789
-0.004685
-0.00577204
-0.00432188
-0.00699143
-0.00831364
-0.00649902
-0.00400239
-0.00496497
-0.00369555
-0.0122488
-0.0141951
-0.0117306
-0.0161183
-0.0181075
-0.0153562
-0.0110759
-0.0127706
-0.0104101
-0.0225359
-0.0249227
-0.022274
-0.0270266
-0.0290325
-0.0265114
-0.0216668
-0.0237818
-0.0209467
-0.0314212
-0.0330497
-0.0315198
-0.0343129
-0.0353553
-0.0344543
-0.0314357
-0.033075
-0.0312478
-0.035587
-0.0354609
-0.0353574
-0.0351851
-0.0346894
-0.0353747
-0.0354743
-0.0357662
-0.0357808
-0.0354781
-0.0339296
-0.0345048
-0.0324162
-0.0307555
-0.0317664
-0.0339871
-0.0328017
-0.0338019
-0.0331095
-0.031207
-0.0319108
-0.0292985
-0.0273985
-0.0281413
-0.0308125
-0.0289373
-0.029807
