FiniteElementSpace
FiniteElementCollection: L2_2D_P3
VDim: 1
Ordering: 0

0.0228283
0.0100728
0.0134961
0.0193787
0.00667519
0.00461709
0.00856064
0.0135377
0.00126002
0.00168455
0.00409862
0.0069046
0.00109051
0.00126582
0.00216586
0.00301057
0.00784464
0.00743717
0.0068808
0.0064396
0.00539592
0.00513596
0.00477326
0.00448018
0.00305303
0.0029234
0.00273576
0.00257958
0.00183649
0.00176782
0.00166395
0.001575
0.00311711
0.00296442
0.0027615
0.00260386
0.00224097
0.00213464
0.00199235
0.00188107
0.00134283
0.00128052
0.0011968
0.00113098
0.000838062
0.000797893
0.00074439
0.00070263
0.00171068
0.00170019
0.00168192
0.00166446
0.00124458
0.00123672
0.00122261
0.00120887
0.000743443
0.000738483
0.000729215
0.000719978
0.000444708
0.000441264
0.000434898
0.000428553
0.00195266
0.00200315
0.00206269
0.00210323
0.00139624
0.0014307
0.0014701
0.00149585
0.000820693
0.000840367
0.000861598
0.000874347
0.000489082
0.000501277
0.000513583
0.000520123
0.00248561
0.00248358
0.00246946
0.00244991
0.00173845
0.00173769
0.00172699
0.0017114
0.000997784
0.000998877
0.000992941
0.000982818
0.000588669
0.000591238
0.000588772
0.000582486
0.00162981
0.00152505
0.00138915
0.00128614
0.00115918
0.00108825
0.000995893
0.000925751
0.000700576
0.00066301
0.000614116
0.000577191
0.000453932
0.000434923
0.000410539
0.000392627
0.000250907
0.000202446
0.000147461
0.000111546
0.000203493
0.000166723
0.000125457
9.88343e-05
0.000165267
0.000139732
0.000111808
9.43444e-05
0.000153172
0.000133338
0.000112279
9.96025e-05
0.0117156
0.0112833
0.0106473
0.0101113
0.00800739
0.00770108
0.00723502
0.00683289
0.00448491
0.00430492
0.00401737
0.00376153
0.00266889
0.0025634
0.00237845
0.00220461
0.000993267
0.000913011
0.000838142
0.000802457
0.00173287
0.00159908
0.00147005
0.00140347
0.00323129
0.00300469
0.00277023
0.00263451
0.00471759
0.00440804
0.0040745
0.00387035
0.000315973
0.0001097
0.000287969
0.000624094
0.000365784
0.000292457
0.000824932
0.00150294
0.000680137
0.000808766
0.00201049
0.00332262
0.00127549
0.00151406
0.00332273
0.00521727
0.00493397
0.00466798
0.0043126
0.00403569
0.00348317
0.00330406
0.00306208
0.00287158
0.00204537
0.00194674
0.00181168
0.00170407
0.001268
0.00120903
0.00112789
0.00106308
0.000409098
0.00037709
0.00034619
0.00033017
0.000695307
0.000644917
0.00059403
0.000565512
0.00132584
0.00123946
0.00114652
0.00108937
0.00198749
0.00186543
0.00172952
0.00164218
0.000632042
0.000587722
0.00054702
0.00052818
0.00109222
0.00101609
0.000942106
0.000903525
0.00206539
0.00193289
0.00179459
0.00171351
0.00306343
0.00287867
0.00267824
0.00255425
0.00212295
0.00205432
0.00196087
0.0018865
0.00154206
0.00149316
0.00142602
0.00137216
0.000927165
0.000897404
0.000856327
0.000823157
0.000568231
0.00054816
0.000520815
0.000498923
0.000113128
0.000100374
8.70197e-05
7.89974e-05
0.00024546
0.000228012
0.000209452
0.000198112
0.000541309
0.000513873
0.000483441
0.000463872
0.000854656
0.000816834
0.00077379
0.000745273
0.000236048
0.000213683
0.000190852
0.000177703
0.000421186
0.000389165
0.000355571
0.000335488
0.00083602
0.000783727
0.000726046
0.000689252
0.00127533
0.00120214
0.00111908
0.00106425
0.00169894
0.00172821
0.00176149
0.00178315
0.00122875
0.00124886
0.00127084
0.00128437
0.000729069
0.000740853
0.000752924
0.000759613
0.000433651
0.000441265
0.000448659
0.000452336
3.31111e-05
3.28403e-05
3.33265e-05
3.43506e-05
0.000132762
0.000131871
0.000132353
0.000133997
0.000358578
0.000357656
0.000359026
0.000362074
0.000599916
0.000599596
0.000602419
0.000607099
4.86038e-05
4.40931e-05
3.97487e-05
3.75001e-05
0.000156374
0.000149792
0.000143421
0.000140129
0.000396955
0.000386606
0.000376109
0.00037026
0.000651926
0.000637957
0.000623345
0.000614809
0.00230023
0.00234254
0.00238826
0.0024158
0.00162336
0.00165204
0.00168128
0.00169725
0.000940745
0.000957037
0.000971932
0.000978331
0.000557132
0.00056729
0.000575398
0.000577518
3.57032e-05
3.40485e-05
3.28935e-05
3.27446e-05
0.000144955
0.000142619
0.000142064
0.000143523
0.000402083
0.000399986
0.000401439
0.000405752
0.000682745
0.00068177
0.000685799
0.000692959
3.73802e-05
3.69961e-05
3.72645e-05
3.80571e-05
0.000139602
0.000139218
0.000140626
0.000143182
0.000376492
0.000377716
0.00038254
0.000388745
0.000632719
0.000636439
0.00064542
0.000655517
0.00226913
0.00220462
0.00211256
0.00203644
0.00158853
0.00154613
0.001484
0.00143159
0.000920277
0.000899682
0.000867703
0.000839667
0.000555366
0.00054696
0.000532139
0.000518213
4.6867e-05
5.00253e-05
5.64526e-05
6.33269e-05
0.000136378
0.000134123
0.000134836
0.000138287
0.0003596
0.00034719
0.000336281
0.000332001
0.000609927
0.000587557
0.000564773
0.000552218
3.05922e-05
3.02108e-05
3.12022e-05
3.31382e-05
0.000139637
0.000136345
0.000135143
0.000136595
0.000400349
0.000392573
0.000387352
0.000387105
0.000687445
0.000675851
0.000666839
0.000664598
0.000837287
0.000742512
0.000626807
0.00054442
0.000618758
0.000551883
0.000470797
0.000413563
0.00041099
0.000371817
0.000325421
0.000293638
0.000305212
0.000281424
0.00025452
0.000237214
0.000141753
0.000140421
0.000142558
0.00014722
0.000155386
0.000150409
0.000148183
0.000149777
0.000214787
0.000200648
0.000187263
0.000180888
0.000291942
0.000267453
0.000241385
0.000225897
9.47737e-05
9.897e-05
0.000107726
0.000117185
0.000146417
0.000144694
0.000146579
0.000151352
0.000291468
0.000277303
0.000264169
0.000258283
0.000461117
0.000433953
0.000404843
0.000387421
2.15529e-05
1.35059e-05
5.96315e-06
2.33816e-06
2.52966e-05
1.69303e-05
8.7832e-06
4.49674e-06
3.3715e-05
2.4333e-05
1.49503e-05
9.70703e-06
4.29505e-05
3.21477e-05
2.12902e-05
1.51401e-05
5.97822e-05
4.7353e-05
3.45639e-05
2.69718e-05
5.47497e-05
4.307e-05
3.1081e-05
2.39958e-05
4.95887e-05
3.83721e-05
2.69102e-05
2.02062e-05
4.66717e-05
3.54471e-05
2.40408e-05
1.7452e-05
0.000133425
0.000122947
0.000113006
0.000107989
0.000128087
0.000117099
0.000106551
0.000101124
0.000134474
0.00012043
0.000106261
9.83619e-05
0.000149447
0.000131228
0.000112131
0.000100872
0.0140048
0.0134192
0.0125567
0.0117966
0.00994375
0.00944305
0.00870059
0.00807467
0.00560921
0.00533687
0.00493066
0.00458915
0.00314013
0.00304788
0.00291933
0.00281505
0.00232063
0.00222265
0.00214024
0.00208174
0.000963368
0.000975923
0.000978467
0.000965294
0.000401501
0.000432522
0.000457726
0.000461971
0.000626062
0.000683758
0.000723254
0.000723205
0.000918085
0.000706405
0.00121398
0.00187603
0.000487641
0.000267433
0.000439767
0.000744267
0.000362031
6.8617e-05
5.21038e-05
0.0001825
0.000323525
6.97995e-05
0.000159809
0.000367998
0.00623349
0.00590051
0.00545153
0.00509908
0.00434866
0.00412969
0.00382983
0.00359117
0.00251201
0.00239656
0.00223485
0.00210364
0.00153797
0.00147247
0.00137898
0.00130216
0.00114476
0.00109752
0.00103042
0.000975471
0.000590602
0.000567026
0.000536023
0.000512081
0.000304563
0.00028754
0.000271551
0.000263608
0.000387316
0.00035965
0.000334373
0.000322744
0.00134996
0.0013033
0.00123182
0.00117001
0.000675351
0.000654768
0.000625347
0.000600984
0.000346071
0.000329992
0.000315851
0.000309776
0.000468374
0.000437109
0.000409372
0.000397567
0.00253317
0.00242619
0.00228305
0.00217103
0.00183257
0.00175713
0.00165551
0.00157547
0.0011021
0.00105692
0.000995856
0.000947533
0.000683371
0.000653464
0.000613514
0.000582171
0.00050681
0.00048287
0.000451348
0.00042688
0.000255537
0.000240091
0.000220917
0.000206756
0.00010527
9.32339e-05
8.01595e-05
7.18262e-05
0.000119968
0.000105168
8.97931e-05
8.06436e-05
0.000627427
0.0005958
0.000554269
0.000522206
0.000326867
0.000307269
0.000283087
0.00026539
0.000152693
0.000137937
0.000122275
0.000112633
0.000176766
0.000158242
0.000139421
0.000128636
0.00166348
0.00167488
0.00168503
0.00168918
0.00120767
0.00121529
0.00122121
0.00122265
0.000718904
0.000723322
0.000726059
0.000725833
0.000427745
0.000430597
0.000432123
0.000431583
0.000302922
0.000305187
0.000306359
0.00030587
0.000127284
0.000128489
0.000129124
0.000128873
1.23069e-05
1.22192e-05
1.21468e-05
1.20993e-05
8.96451e-06
7.81695e-06
7.04851e-06
6.98543e-06
0.000316514
0.000313716
0.000308629
0.000303592
0.00013608
0.000134035
0.000130801
0.000127832
1.96306e-05
1.72898e-05
1.46865e-05
1.29567e-05
1.88988e-05
1.53152e-05
1.18168e-05
9.94149e-06
0.00212905
0.00217993
0.00223851
0.00227719
0.00151224
0.00154679
0.00158506
0.00160899
0.000882805
0.000902333
0.000922448
0.000933603
0.000524931
0.000536898
0.000548146
0.000553259
0.000374675
0.000383469
0.000391226
0.000394198
0.000163381
0.000167626
0.000170796
0.000171328
2.27509e-05
2.33579e-05
2.33496e-05
2.26786e-05
1.19806e-05
1.12709e-05
1.05603e-05
1.01329e-05
0.000349102
0.000358223
0.000367043
0.000371346
0.000151774
0.000156419
0.000160519
0.000162103
2.06493e-05
2.17994e-05
2.26545e-05
2.27879e-05
1.17734e-05
1.17365e-05
1.19221e-05
1.22197e-05
0.00243617
0.00240287
0.00234889
0.00229975
0.001702
0.00168053
0.00164358
0.00160868
0.000978231
0.000968687
0.000949517
0.000929913
0.000580882
0.000578204
0.000569491
0.000559048
0.000415552
0.000415464
0.000411122
0.000404775
0.000184865
0.000187661
0.000188895
0.000188165
2.91898e-05
3.30341e-05
3.77427e-05
4.12514e-05
1.18237e-05
1.46601e-05
1.93442e-05
2.38118e-05
0.000418349
0.000421278
0.000420306
0.000415959
0.000181182
0.000184169
0.000185179
0.000183795
2.19756e-05
2.41054e-05
2.61703e-05
2.72479e-05
5.6527e-06
6.49565e-06
8.19535e-06
9.99352e-06
0.00122851
0.00112226
0.000988671
0.000890536
0.000887365
0.00081408
0.000722144
0.000654875
0.000557502
0.000516868
0.000466614
0.000430563
0.00038317
0.000360725
0.000333993
0.000315797
0.00031063
0.000295801
0.000278905
0.000268147
0.000199449
0.000194776
0.000191139
0.000190507
0.000123887
0.000126209
0.000132082
0.000138985
0.000115372
0.000118728
0.00012645
0.000135131
0.000351222
0.000339898
0.000325748
0.000315804
0.000200414
0.000198959
0.000198198
0.000198843
9.71946e-05
0.000102221
0.000110814
0.000119251
8.41135e-05
8.97377e-05
9.98717e-05
0.000110051
9.51054e-05
7.01352e-05
4.35786e-05
2.77075e-05
8.6302e-05
6.57089e-05
4.38877e-05
3.08264e-05
8.47126e-05
6.78539e-05
5.01636e-05
3.96229e-05
9.10078e-05
7.54084e-05
5.91711e-05
4.95586e-05
9.37685e-05
7.86621e-05
6.28324e-05
5.33374e-05
9.21186e-05
7.85782e-05
6.45152e-05
5.61481e-05
9.51269e-05
8.23682e-05
6.92018e-05
6.14129e-05
0.000101422
8.83053e-05
7.47369e-05
6.66796e-05
0.000148541
0.000131103
0.000112796
0.000101931
0.000133537
0.000120165
0.00010668
9.91337e-05
0.000127493
0.000116873
0.000106694
0.000101456
0.000132934
0.000122575
0.000112749
0.000107784
0.00979618
0.00931231
0.00863801
0.00809463
0.00664707
0.0063433
0.00590811
0.00554921
0.00368198
0.00353612
0.00331566
0.00312637
0.0021714
0.00209925
0.00198058
0.00187341
0.00156966
0.00152433
0.00144594
0.00137292
0.000757535
0.000739551
0.000709631
0.000682222
0.000384938
0.000368563
0.000354616
0.000349149
0.00056313
0.000525732
0.000492744
0.000478985
0.0019444
0.00185853
0.00171607
0.00158718
0.000921382
0.000880258
0.000817044
0.000762609
0.000465484
0.000434516
0.000405453
0.000391173
0.000719107
0.000659788
0.000605694
0.000580597
0.000776797
0.00072188
0.000671783
0.000649103
0.00135786
0.00126288
0.00117182
0.00112552
0.00255483
0.00239246
0.00222526
0.00212936
0.00375978
0.0035383
0.00330102
0.00315704
0.00447651
0.00421973
0.00394201
0.00377115
0.00597179
0.00564187
0.00527957
0.00505175
0.00823437
0.00780168
0.0073181
0.0070069
0.0101843
0.00966709
0.00908349
0.00870342
0.00553975
0.00520242
0.00483439
0.00460442
0.00717316
0.00679889
0.00639128
0.0061374
0.00955894
0.00915866
0.00872639
0.00846069
0.011539
0.0111419
0.010718
0.0104622
0.000840084
0.000890426
0.000960355
0.00100772
0.00163812
0.00167259
0.00174518
0.00181956
0.00337687
0.00334707
0.00336951
0.00341818
0.00527779
0.00513186
0.00503663
0.00498411
0.00640148
0.00616779
0.0059288
0.00579813
0.00868536
0.0082014
0.00767054
0.00733536
0.0117295
0.0109733
0.0101292
0.00958307
0.0140745
0.0130932
0.0120897
0.0114706
0.00168401
0.00215568
0.00431938
0.00661092
0.00268298
0.00333996
0.00667673
0.0103417
0.00771508
0.00659419
0.0106423
0.0151767
0.0169217
0.0109613
0.0143914
0.018503
0.00390655
0.0037007
0.00342712
0.00321476
0.00278555
0.00264435
0.00245511
0.00230706
0.00165586
0.00157539
0.00146673
0.00138108
0.00103333
0.000983171
0.000915697
0.000862702
0.000776403
0.00073777
0.000686499
0.000646646
0.000409906
0.000387218
0.000359079
0.000338443
0.000204503
0.000187936
0.000170873
0.000160861
0.000241618
0.000219811
0.000198334
0.000186707
0.000950726
0.000906555
0.000846468
0.000798869
0.000499881
0.000475696
0.00044513
0.000422355
0.000256469
0.000239163
0.000222027
0.000212624
0.000312164
0.000287434
0.000263966
0.000252183
0.000316901
0.000289773
0.000262792
0.000247966
0.000545028
0.000504431
0.000462592
0.000438304
0.00105342
0.000985401
0.000911209
0.000864651
0.00159015
0.00149433
0.00138649
0.00131614
0.00191705
0.00180451
0.00167638
0.00159163
0.0025999
0.00245252
0.00228166
0.0021662
0.00364575
0.00344507
0.00320819
0.00304481
0.00455269
0.00430554
0.00401087
0.00380541
0.00238883
0.00224536
0.00208369
0.0019782
0.00322763
0.00303954
0.00282364
0.00267954
0.00451394
0.00425848
0.00395968
0.00375584
0.00563169
0.00531797
0.0049471
0.00469108
0.000513062
0.000475603
0.000440458
0.000423323
0.000875623
0.000813678
0.000752377
0.000719272
0.00166038
0.00155268
0.00143851
0.00136991
0.00247613
0.00232434
0.00215742
0.00205205
0.00296853
0.00279041
0.00259212
0.0024649
0.00399785
0.00376477
0.00350052
0.00332695
0.00557428
0.00525947
0.00489556
0.00465087
0.00694415
0.00655926
0.00610939
0.00580299
0.0036619
0.00344622
0.00320946
0.00306057
0.00491229
0.00463216
0.00431931
0.0041179
0.00682008
0.00644593
0.00601988
0.00573884
0.00847455
0.00802075
0.00749813
0.00714868
0.00185711
0.00182028
0.0017679
0.00172458
0.00135145
0.00132492
0.00128667
0.00125466
0.000810277
0.000793939
0.000770095
0.000749896
0.000489964
0.000478817
0.000462754
0.000449237
0.000352871
0.000343815
0.000330957
0.000320235
0.000159428
0.000153266
0.000145119
0.000138681
3.71316e-05
3.17709e-05
2.57935e-05
2.18329e-05
4.0002e-05
3.30691e-05
2.58691e-05
2.15803e-05
0.000415544
0.000399308
0.000377503
0.000360224
0.00019919
0.000188403
0.000174762
0.000164466
6.59274e-05
5.71757e-05
4.75084e-05
4.11948e-05
7.37865e-05
6.29706e-05
5.16211e-05
4.47546e-05
7.35645e-05
6.52814e-05
5.67355e-05
5.17226e-05
0.000191018
0.000179558
0.000167603
0.000160525
0.000452998
0.000435054
0.000415534
0.000403335
0.000730354
0.000705792
0.000678348
0.000660621
0.000901922
0.000873469
0.00084132
0.000820273
0.00125989
0.00122368
0.001182
0.00115411
0.00179617
0.00174819
0.00169202
0.00165369
0.00225154
0.00219352
0.00212498
0.00207776
0.0010477
0.00100369
0.000953085
0.00091916
0.00145008
0.00139343
0.00132712
0.00128177
0.00205605
0.00197976
0.00188898
0.00182578
0.00257295
0.00247948
0.00236727
0.00228844
0.000167615
0.000150072
0.000131825
0.000120984
0.000321747
0.000297411
0.000271569
0.00025582
0.000667214
0.000628368
0.000585222
0.000557425
0.00103333
0.000979381
0.000917854
0.000876973
0.00125796
0.00119497
0.00112237
0.00107356
0.00172637
0.00164466
0.00154882
0.00148311
0.0024366
0.00232573
0.00219352
0.00210123
0.00304626
0.00290975
0.00274548
0.00262975
0.00154387
0.00145812
0.00135973
0.00129396
0.00210434
0.00199247
0.00186181
0.00177268
0.00295937
0.00280708
0.00262613
0.00250034
0.0036977
0.00350997
0.00328476
0.00312663
0.0018014
0.00184411
0.00189446
0.00192875
0.00129611
0.00132542
0.00135894
0.00138089
0.000765988
0.000782962
0.000801361
0.000812519
0.000456327
0.000467073
0.000478106
0.000484187
0.000324825
0.000333056
0.000341252
0.000345527
0.000139369
0.000143838
0.000148082
0.000150093
1.64096e-05
1.79094e-05
1.94021e-05
2.01865e-05
9.30294e-06
9.73539e-06
1.06047e-05
1.15023e-05
0.000307493
0.000313456
0.000319107
0.000321781
0.000129768
0.00013315
0.000136303
0.000137747
1.24438e-05
1.36263e-05
1.49219e-05
1.57261e-05
7.09511e-06
7.2672e-06
7.94691e-06
8.81497e-06
3.48403e-05
3.49244e-05
3.57856e-05
3.70348e-05
0.00013473
0.000134625
0.000136196
0.000138736
0.000363706
0.000364691
0.000368792
0.000374136
0.000609916
0.000612786
0.000620121
0.00062855
0.000764027
0.000768253
0.000777812
0.000788302
0.00109242
0.00110029
0.00111554
0.00113112
0.00159429
0.00160925
0.00163492
0.0016594
0.00203007
0.00205244
0.0020887
0.002122
0.000750613
0.000750833
0.000754734
0.000760534
0.00106941
0.00107147
0.00107853
0.00108733
0.00155169
0.0015579
0.00157131
0.00158571
0.00196609
0.00197697
0.00199724
0.00201748
3.62728e-05
3.4493e-05
3.32551e-05
3.31078e-05
0.000138365
0.000135342
0.000133186
0.000132875
0.000367519
0.000362843
0.000359345
0.000358634
0.000611164
0.000605249
0.000600736
0.000599712
0.000762913
0.000756392
0.00075141
0.000750276
0.0010819
0.00107472
0.00106948
0.00106861
0.00156077
0.00155356
0.00154907
0.0015494
0.00196883
0.00196241
0.00195961
0.00196175
0.000810238
0.000794204
0.000777212
0.000767096
0.00114146
0.0011216
0.00110015
0.00108703
0.00163697
0.00161181
0.00158418
0.00156692
0.00205744
0.00202818
0.00199585
0.00197548
0.00243089
0.00245516
0.00247589
0.00248328
0.00170632
0.00172296
0.00173535
0.00173762
0.000982644
0.000992646
0.00099855
0.000997532
0.000579844
0.00058679
0.000590133
0.000588236
0.000411895
0.000417375
0.00041975
0.00041786
0.000177568
0.000180781
0.000182013
0.000180652
2.08866e-05
2.17597e-05
2.20033e-05
2.1478e-05
6.20337e-06
5.66781e-06
5.3349e-06
5.33258e-06
0.000396737
0.000404232
0.000409667
0.000410389
0.000172069
0.000175733
0.000177771
0.000177151
2.22567e-05
2.26455e-05
2.22506e-05
2.12007e-05
9.50114e-06
8.4845e-06
7.40875e-06
6.72213e-06
3.2202e-05
3.07533e-05
3.00721e-05
3.04619e-05
0.00014315
0.000140062
0.000138832
0.00014001
0.000405976
0.000401111
0.000399366
0.000401535
0.00069399
0.000688147
0.0006863
0.000689299
0.000876519
0.000870238
0.00086856
0.000872263
0.0012755
0.00126891
0.0012683
0.00127392
0.00190638
0.00190064
0.00190303
0.00191241
0.0024737
0.00246976
0.002476
0.00248952
0.000860006
0.000859941
0.000865853
0.000875003
0.00124547
0.00124806
0.00125887
0.00127286
0.00185093
0.00185906
0.00187887
0.00190115
0.0023917
0.00240584
0.0024349
0.00246539
3.79214e-05
3.67679e-05
3.61217e-05
3.62602e-05
0.000143698
0.000142406
0.000142907
0.000144957
0.000390977
0.000391053
0.000394861
0.000400637
0.000659781
0.000662137
0.000669942
0.000679579
0.000828991
0.00083299
0.000843563
0.000855818
0.00119474
0.00120301
0.00122046
0.001239
0.0017648
0.00178117
0.00181081
0.00183995
0.00226989
0.00229461
0.00233639
0.00237583
0.000793525
0.000799007
0.000810828
0.000823531
0.00113873
0.00114875
0.00116762
0.00118661
0.00167181
0.00169036
0.00172177
0.00175146
0.00213966
0.00216694
0.00221084
0.00225096
0.00199117
0.00190121
0.00177998
0.00168469
0.00140197
0.00134201
0.0012602
0.00119528
0.000825412
0.000794942
0.000752495
0.000718372
0.000512457
0.000498377
0.000478143
0.000461679
0.000382167
0.00037477
0.000363795
0.000354807
0.000195935
0.000196834
0.000197736
0.000198581
6.87626e-05
7.47398e-05
8.36865e-05
9.17139e-05
5.26753e-05
5.86616e-05
6.86215e-05
7.81723e-05
0.000403513
0.000399955
0.000392282
0.000384437
0.000189923
0.000192164
0.000193575
0.000193784
4.48949e-05
5.0275e-05
5.76255e-05
6.37416e-05
2.747e-05
3.22876e-05
4.00884e-05
4.7441e-05
6.78511e-05
7.21982e-05
8.06726e-05
8.9546e-05
0.000139884
0.000138201
0.000139921
0.000144388
0.000327653
0.00031401
0.000301555
0.000296173
0.000541779
0.000516016
0.000488803
0.000472875
0.000678945
0.000645335
0.000608544
0.000585738
0.00098435
0.000933855
0.000876118
0.000837991
0.00148527
0.00140935
0.00132003
0.00125881
0.00194992
0.00185188
0.00173507
0.00165375
0.000770056
0.000741333
0.000710967
0.00069311
0.00112483
0.00108265
0.00103593
0.0010064
0.00169907
0.00163704
0.00156617
0.00151936
0.00222633
0.00214739
0.00205592
0.00199439
3.45728e-05
3.59088e-05
3.9509e-05
4.37982e-05
0.000136658
0.000133723
0.000133271
0.000135564
0.000384567
0.000374165
0.000365741
0.00036323
0.000659533
0.000642134
0.000625751
0.00061802
0.000834948
0.000813179
0.000791836
0.000780854
0.00122185
0.00119106
0.0011593
0.0011413
0.00184213
0.00179854
0.00175193
0.00172392
0.0024072
0.0023531
0.00229433
0.00225815
0.000870013
0.000856136
0.000844903
0.000841534
0.00127093
0.00125267
0.00123715
0.00123157
0.00190896
0.00188517
0.00186435
0.00185615
0.00248634
0.0024586
0.00243419
0.00242444
0.000501345
0.000427639
0.000340497
0.000280646
0.000383632
0.000330076
0.000267393
0.000224864
0.000276169
0.000242512
0.000204209
0.000179119
0.000226365
0.000203547
0.000178674
0.000163306
0.000205996
0.000187768
0.000168481
0.000157075
0.00016703
0.000155639
0.000144746
0.000139364
0.000143629
0.000137112
0.000132318
0.000131397
0.000145669
0.000140013
0.000136425
0.00013648
0.000261369
0.000244072
0.000225321
0.000214009
0.000189112
0.000180875
0.00017359
0.000170771
0.00014145
0.000139644
0.000140721
0.000144262
0.00013838
0.000137724
0.000140558
0.000145626
0.000147073
0.000141083
0.00013715
0.000137011
0.000148246
0.000140261
0.000133942
0.000132135
0.000175435
0.000161323
0.000147605
0.000140585
0.000215785
0.000194288
0.000171633
0.000158303
0.00023881
0.000212346
0.000183705
0.000166169
0.000291736
0.000254215
0.000211911
0.000184489
0.000397774
0.000341613
0.000276341
0.000232364
0.00050829
0.00043451
0.000347582
0.000288047
0.00033958
0.000308137
0.000273534
0.000251901
0.000447832
0.000401001
0.00034717
0.000311421
0.000643829
0.000572201
0.000487417
0.000428973
0.000837563
0.000743169
0.000629989
0.000550756
0.00012191
0.000124191
0.000130831
0.0001389
0.000153104
0.000150321
0.000150958
0.00015484
0.000253427
0.000239202
0.000225911
0.000219825
0.00037545
0.000348855
0.000320331
0.000303229
0.000452812
0.000417994
0.000379314
0.000354833
0.000627179
0.000574302
0.000512962
0.00047174
0.000927523
0.000846356
0.000749524
0.000682101
0.0012156
0.00110899
0.000980239
0.000889268
0.000569616
0.000533924
0.000494297
0.000469242
0.000812556
0.000758304
0.000695436
0.000653222
0.0012188
0.00113607
0.00103753
0.000969001
0.00160086
0.00149296
0.00136286
0.00127106
1.45035e-06
7.24374e-07
4.2716e-07
6.71674e-07
3.09956e-06
1.72647e-06
6.39048e-07
4.74836e-07
6.98453e-06
4.13327e-06
1.7992e-06
1.20566e-06
1.14186e-05
6.62856e-06
3.14947e-06
2.39483e-06
1.28189e-05
7.43918e-06
3.03553e-06
1.85403e-06
1.49159e-05
8.53213e-06
3.10552e-06
1.27248e-06
1.80519e-05
1.03441e-05
3.61427e-06
9.78211e-07
2.06973e-05
1.20516e-05
4.36981e-06
1.13387e-06
4.64583e-05
3.51589e-05
2.37035e-05
1.70968e-05
4.9407e-05
3.81239e-05
2.66172e-05
1.98955e-05
5.45969e-05
4.28871e-05
3.08776e-05
2.37834e-05
5.96139e-05
4.72134e-05
3.44458e-05
2.686e-05
2.07926e-05
1.21094e-05
4.37264e-06
1.09918e-06
1.82467e-05
1.04426e-05
3.59805e-06
8.90114e-07
1.5201e-05
8.67024e-06
3.07469e-06
1.13947e-06
1.31411e-05
7.59752e-06
3.00271e-06
1.70508e-06
1.16688e-05
6.73027e-06
3.10292e-06
2.28272e-06
7.16008e-06
4.20101e-06
1.768e-06
1.13712e-06
3.19242e-06
1.75413e-06
6.22574e-07
4.56621e-07
1.505e-06
7.37171e-07
4.28886e-07
6.96426e-07
4.32502e-05
3.24444e-05
2.15799e-05
1.54371e-05
3.41806e-05
2.4702e-05
1.52126e-05
9.91332e-06
2.61452e-05
1.74866e-05
9.04984e-06
4.61901e-06
2.27957e-05
1.42795e-05
6.28155e-06
2.43493e-06
0.000101648
8.84948e-05
7.4897e-05
6.68349e-05
9.4975e-05
8.2268e-05
6.91551e-05
6.14117e-05
9.1687e-05
7.82596e-05
6.43109e-05
5.60367e-05
9.31582e-05
7.82089e-05
6.25428e-05
5.31826e-05
9.09968e-05
7.53624e-05
5.90973e-05
4.95262e-05
8.57643e-05
6.86215e-05
5.05848e-05
3.98402e-05
8.90838e-05
6.78613e-05
4.52577e-05
3.1678e-05
9.93352e-05
7.35127e-05
4.58545e-05
2.92131e-05
0.000155596
0.000134684
0.0001125
9.92201e-05
0.000170031
0.000143096
0.00011362
9.52083e-05
0.000210416
0.000172328
0.000129474
0.000101771
0.00025818
0.000209015
0.000152964
0.00011617
