FiniteElementSpace
FiniteElementCollection: H1_2D_P2
VDim: 2
Ordering: 0

0
0.833816
1.63509
2.38591
3.0693
3.6549
4.12105
4.49145
4.83485
0
1.14131
2.14614
3.01957
3.79823
4.47487
5.01381
5.42111
5.77113
0.420067
0.998196
0.580792
0
1.23995
1.90154
1.66297
2.01757
2.71246
2.59632
2.7377
3.44499
3.41996
3.37635
4.07858
4.15159
3.9028
4.57958
4.76298
4.31448
4.96164
5.23043
4.66206
5.30352
5.59746
0.506874
1.46296
2.31704
3.08895
3.7766
4.34658
4.78159
5.13172
0.211601
0.469158
0.253426
0
1.03809
1.35679
1.23398
0.921769
1.82799
2.1709
2.11196
1.7728
2.56408
2.91602
2.9031
2.55214
3.22617
3.57983
3.61416
3.26
3.78271
4.12888
4.217
3.87066
4.22041
4.55108
4.684
4.35421
4.57692
4.89764
5.04715
4.72842
0.627651
0.755655
1.06976
0.865453
0.542121
0.288755
0
1.43903
1.68535
2.02489
1.90907
1.56359
1.40717
2.20363
2.51713
2.86787
2.81099
2.45811
2.37496
2.90629
3.26973
3.62434
3.61196
3.25677
3.22249
3.51938
3.93162
4.27979
4.31735
3.96711
3.97832
4.01542
4.46733
4.79904
4.89299
4.55762
4.62356
4.4044
4.87365
5.19214
5.32833
5.00762
5.12599
4.7479
5.06932
5.21675
5.53724
5.68406
5.36467
5.5103
0.238608
1.14167
1.974
2.73636
3.42324
4.00396
4.45573
4.81332
0.697297
0.810072
0.267491
1.56712
1.79807
1.32093
2.36361
2.66569
2.2447
3.09073
3.44338
3.06488
3.72915
4.12755
3.79914
4.2455
4.68279
4.42326
4.6415
5.10217
4.90699
4.98267
5.4503
5.2791
0.108384
0.227431
0.120795
0
0.936202
1.09169
1.03231
0.87969
1.73193
1.90217
1.87395
1.70528
2.47551
2.65093
2.6448
2.46981
3.14852
3.3255
3.34241
3.16537
3.71977
3.89449
3.93834
3.76386
4.17146
4.33909
4.40581
4.23875
4.53429
4.69546
4.77104
4.61046
0.524005
0.664403
0.583574
0.446492
0.631992
0.782953
0.677112
0.524334
0.126132
0.260378
0.130973
0
1.33983
1.50458
1.46254
1.30003
1.57496
1.74214
1.68183
1.51367
1.11694
1.2778
1.19642
1.03423
2.11103
2.28451
2.26778
2.09526
2.41769
2.59192
2.5626
2.38807
2.00744
2.1788
2.13563
1.96367
2.82264
2.99919
3.00402
2.82754
3.18
3.3572
3.35075
3.17347
2.80837
2.98456
2.96701
2.7907
3.44878
3.62525
3.65543
3.47897
3.85507
4.03036
4.04831
3.87262
3.53038
3.70738
3.71255
3.53536
3.96002
4.13164
4.1882
4.01703
4.40804
4.57577
4.62134
4.45286
4.14887
4.32091
4.35265
4.17997
4.35988
4.52366
4.59682
4.43365
4.82822
4.98828
5.05556
4.89508
4.63271
4.79606
4.854
4.68996
4.70482
4.86535
4.94001
4.78003
5.17411
5.33355
5.4074
5.24829
5.00461
5.1633
5.23589
5.07716
0.3158
0.354229
0.488855
0.380501
0.24649
0
1.13933
1.24983
1.41084
1.34931
1.1888
0.960929
1.92319
2.07298
2.24473
2.21514
2.0438
1.83804
2.65147
2.82678
3.00315
2.99664
2.82039
2.63298
3.30211
3.5024
3.67903
3.69627
3.51946
3.35321
3.84371
4.06746
4.23865
4.28289
4.1114
3.97552
4.26804
4.5041
4.66698
4.73357
4.57062
4.46773
4.61945
4.85547
5.01486
5.08947
4.93052
4.84544
0.730904
0.810072
0.877752
0.727355
0.940966
1.10528
1.00463
0.837412
0.724071
0.560881
0.405336
0.435901
0.276849
0.139922
0
1.53743
1.67053
1.79419
1.62716
1.9124
2.08558
2.0287
1.85356
1.78721
1.61319
1.44332
1.53633
1.36388
1.27553
2.29524
2.4584
2.61539
2.44109
2.76744
2.9441
2.916
2.73864
2.70445
2.52743
2.35217
2.48652
2.30997
2.26153
2.98851
3.17608
3.35808
3.18091
3.5346
3.71196
3.70584
3.52828
3.51666
3.3389
3.16147
3.3219
3.14414
3.12171
3.58809
3.8009
4.00613
3.83124
4.20473
4.37807
4.39721
4.2232
4.23548
4.06009
3.88402
4.06587
3.88944
3.8891
4.06907
4.3008
4.52448
4.3573
4.742
4.90695
4.95456
4.7885
4.82919
4.66096
4.49159
4.69448
4.52412
4.55039
4.4482
4.68531
4.91806
4.7581
5.14763
5.30673
5.37526
5.21547
5.28012
5.11935
4.95815
5.17912
5.01693
5.07096
4.79121
4.95208
5.02576
5.1865
5.25985
5.0998
5.42041
5.49354
5.65408
5.72746
5.56708
5.64072
5.48099
5.32196
5.55402
5.39471
5.46605
0.117061
0.98612
1.8042
2.56091
3.24622
3.83017
4.2897
4.6531
0.5557
0.65453
0.128525
1.40278
1.62881
1.15698
2.19036
2.49065
2.072
2.91401
3.26601
2.88825
3.55304
3.95247
3.62218
4.0753
4.51543
4.25155
4.47914
4.94232
4.74396
4.82253
5.29081
5.12047
0.336925
0.368134
0.123813
1.19632
1.30055
1.0756
1.99918
2.14485
1.94154
2.73982
2.91237
2.72726
3.40309
3.60012
3.43713
3.95676
4.1761
4.04452
4.38702
4.61954
4.52005
4.73772
4.9727
4.88817
0.772414
0.844828
0.608633
0.909538
0.972498
0.700153
0.392692
0.419838
0.134007
1.60541
1.73327
1.5197
1.85374
1.97058
1.73447
1.39668
1.48969
1.23576
2.37766
2.53759
2.34348
2.69194
2.84206
2.63378
2.28414
2.41952
2.19869
3.083
3.26778
3.09268
3.44701
3.62086
3.43428
3.07965
3.24219
3.04478
3.69553
3.9044
3.75609
4.10622
4.30172
4.14264
3.79089
3.97567
3.80152
4.18609
4.4135
4.29903
4.63392
4.84884
4.7259
4.38801
4.59372
4.45224
4.56737
4.80215
4.71311
5.03316
5.26161
5.16812
4.84638
5.06902
4.96296
4.90852
5.14289
5.05719
5.37672
5.61041
5.52398
5.20585
5.43796
5.35103
0
-0.186856
-0.588857
-1.13909
-1.78254
-2.50505
-3.31069
-4.19306
-5.12284
1
0.753602
0.263328
-0.371199
-1.10306
-1.93761
-2.86345
-3.82493
-4.77145
-0.0692995
0.311803
0.904778
0.5
-0.36428
-0.145941
0.532968
-0.849909
-0.743758
-0.0407837
-1.45086
-1.43243
-0.725062
-2.13368
-2.21203
-1.50708
-2.89742
-3.08134
-2.39187
-3.7435
-4.00705
-3.34384
-4.65498
-4.94695
-4.3012
0.454078
0.106244
-0.431993
-1.07739
-1.81026
-2.63689
-3.54
-4.47741
-0.0376704
0.20292
0.494612
0.25
-0.268931
-0.123704
0.215826
0.0701756
-0.715407
-0.637946
-0.28535
-0.36361
-1.29238
-1.26122
-0.907933
-0.938636
-1.95564
-1.96892
-1.61839
-1.60439
-2.69859
-2.76552
-2.42173
-2.35598
-3.52479
-3.6422
-3.30926
-3.19552
-4.42283
-4.567
-4.2421
-4.10099
-0.119737
0.391941
0.539222
0.839256
0.686595
0.948024
0.75
-0.471388
-0.0149252
0.0631773
0.40321
0.32514
0.650576
-0.991398
-0.584995
-0.554673
-0.202989
-0.23285
0.11493
-1.61428
-1.25217
-1.26563
-0.910926
-0.898888
-0.545214
-2.31677
-2.00814
-2.07264
-1.71911
-1.65657
-1.30173
-3.1015
-2.85698
-2.97005
-2.626
-2.51209
-2.16209
-3.96642
-3.77282
-3.91415
-3.58472
-3.43969
-3.10309
-4.88865
-5.03519
-4.71251
-4.85888
-4.5369
-4.38821
-4.06387
0.241085
-0.0201576
-0.497065
-1.09734
-1.7839
-2.55802
-3.41705
-4.33341
0.145312
0.622532
0.730375
-0.238707
0.199147
0.43925
-0.785358
-0.390851
-0.0812199
-1.43021
-1.07935
-0.724036
-2.15959
-1.8615
-1.45797
-2.97817
-2.73916
-2.28968
-3.87038
-3.67669
-3.20386
-4.80115
-4.62404
-4.15147
-0.0229023
0.10511
0.249707
0.125
-0.226201
-0.142938
0.0267686
-0.0563326
-0.651106
-0.605494
-0.429344
-0.475372
-1.21509
-1.19416
-1.01733
-1.0382
-1.86849
-1.86892
-1.69347
-1.69263
-2.60116
-2.62775
-2.4563
-2.42982
-3.41715
-3.47107
-3.3058
-3.25309
-4.3076
-4.37852
-4.21701
-4.14745
-0.0924548
0.0152662
0.176425
0.0695807
0.425393
0.509101
0.657117
0.57241
0.502213
0.6146
0.742787
0.625
-0.416499
-0.354007
-0.179879
-0.242706
0.0469939
0.0933547
0.263505
0.217084
0.265647
0.329085
0.491161
0.427217
-0.919863
-0.887727
-0.710882
-0.743253
-0.507738
-0.487132
-0.311091
-0.331542
-0.214671
-0.1823
-0.00804655
-0.0402744
-1.53198
-1.52145
-1.34507
-1.3553
-1.1641
-1.16515
-0.988402
-0.987508
-0.825178
-0.815316
-0.638666
-0.648494
-2.2246
-2.2374
-2.06355
-2.05046
-1.90845
-1.93426
-1.75825
-1.73285
-1.52469
-1.53761
-1.36103
-1.34844
-2.99881
-3.03963
-2.87123
-2.83109
-2.74636
-2.79757
-2.62509
-2.57397
-2.31617
-2.35516
-2.18045
-2.14178
-3.85446
-3.91878
-3.75595
-3.69314
-3.65619
-3.7244
-3.55809
-3.48944
-3.19491
-3.25612
-3.08665
-3.02522
-4.7717
-4.84513
-4.68404
-4.61132
-4.59501
-4.66816
-4.50625
-4.43264
-4.12451
-4.19655
-4.03286
-3.96031
-0.0510325
0.224438
0.331028
0.47727
0.370263
0.375
-0.315097
-0.0703996
-0.00735209
0.162602
0.0994377
0.192849
-0.78176
-0.566638
-0.53415
-0.357823
-0.390298
-0.253744
-1.37101
-1.17864
-1.1686
-0.991998
-1.00193
-0.840476
-2.04405
-1.87572
-1.88891
-1.71358
-1.70045
-1.51771
-2.79735
-2.66111
-2.70077
-2.52866
-2.48935
-2.28341
-3.63359
-3.52921
-3.59102
-3.42433
-3.363
-3.13818
-4.53866
-4.45009
-4.52227
-4.35975
-4.28781
-4.05406
-0.151399
0.10976
0.353993
0.270772
0.58313
0.647985
0.798857
0.732527
0.874781
0.797192
0.711085
0.929411
0.841194
0.968536
0.875
-0.52895
-0.300012
-0.0792966
-0.125629
0.132308
0.164387
0.334434
0.302438
0.46949
0.430434
0.383818
0.593466
0.5464
0.704129
-1.06454
-0.861295
-0.66368
-0.684419
-0.472054
-0.462257
-0.286366
-0.296144
-0.121116
-0.13593
-0.156188
0.0379261
0.017863
0.190112
-1.69782
-1.51665
-1.3416
-1.34049
-1.17174
-1.18387
-1.00619
-0.994638
-0.817223
-0.811437
-0.810769
-0.634401
-0.634026
-0.457486
-2.41027
-2.25708
-2.10934
-2.08322
-1.96631
-2.00458
-1.82755
-1.7898
-1.61225
-1.58134
-1.55648
-1.40354
-1.37938
-1.20155
-3.20547
-3.08629
-2.96867
-2.91722
-2.85419
-2.91605
-2.74437
-2.68192
-2.50843
-2.45135
-2.40025
-2.27635
-2.2253
-2.04912
-4.07931
-3.98542
-3.8898
-3.82159
-3.7954
-3.86892
-3.70495
-3.63002
-3.46432
-3.39105
-3.32158
-3.22339
-3.15276
-2.98306
-5.00576
-5.07917
-4.91825
-4.99113
-4.82984
-4.7569
-4.90282
-4.74156
-4.81505
-4.65428
-4.58025
-4.41925
-4.34434
-4.26994
-4.18275
-4.10716
-3.94459
0.117322
-0.0979057
-0.539422
-1.11553
-1.78013
-2.52811
-3.36154
-4.26272
0.0446548
0.54322
0.623959
-0.297024
0.156566
0.380027
-0.814707
-0.408581
-0.110315
-1.43776
-1.07564
-0.731229
-2.14325
-1.83278
-1.44228
-2.93473
-2.68521
-2.24776
-3.80555
-3.60676
-3.14032
-4.72815
-4.55049
-4.07842
0.0896901
0.3535
0.377597
-0.1913
0.0475893
0.147938
-0.673489
-0.461369
-0.321041
-1.2741
-1.08462
-0.920542
-1.95903
-1.79396
-1.60838
-2.72876
-2.5944
-2.38568
-3.58163
-3.47665
-3.25015
-4.49475
-4.40499
-4.17081
-0.0185676
0.233879
0.303245
0.470343
0.692585
0.767525
0.596361
0.821798
0.858229
-0.413529
-0.188548
-0.0651632
0.0276793
0.234566
0.367815
0.274678
0.490071
0.599168
-0.962257
-0.76175
-0.608523
-0.567112
-0.378483
-0.215273
-0.256075
-0.0581839
0.0921031
-1.60642
-1.42842
-1.25389
-1.25608
-1.08848
-0.902296
-0.900736
-0.722017
-0.547438
-2.33293
-2.18259
-1.98533
-2.03727
-1.89641
-1.68476
-1.63446
-1.47954
-1.28082
-3.14577
-3.02718
-2.8084
-2.91094
-2.7986
-2.56612
-2.46393
-2.3377
-2.11422
-4.03277
-3.93762
-3.70603
-3.84228
-3.74952
-3.5105
-3.37253
-3.27176
-3.03415
-4.96217
-4.87411
-4.63959
-4.7856
-4.69776
-4.46246
-4.31464
-4.2259
-3.98815
