FiniteElementSpace
FiniteElementCollection: H1_2D_P2
VDim: 2
Ordering: 0

0
-0.0072553
-0.00874204
-0.00554205
-0.00144992
-0.00513845
-0.0207214
-0.043201
-0.0657802
0
0.00486443
-0.0018069
-0.00698688
-0.00293385
-0.000543678
-0.00962568
-0.0283568
-0.0502165
-0.00451376
-0.000699117
0.00403027
0
-0.00861517
-0.00541086
0.00241912
-0.00765193
-0.00673971
-0.00555732
-0.00309517
-0.00174853
-0.00571034
-0.00183715
-0.00168075
-0.000636387
-0.0115872
-0.0143179
-0.00354063
-0.0316041
-0.03554
-0.0181876
-0.0547228
-0.0580235
-0.0392712
0.000155082
-0.00282495
-0.00707243
-0.00451422
-0.00030958
-0.00645481
-0.0243676
-0.046944
-0.0024749
-0.00153641
0.000116196
0
-0.00809375
-0.0053693
-0.00163314
-0.0034131
-0.00834566
-0.00761334
-0.00644378
-0.00704833
-0.00429709
-0.00401425
-0.00580243
-0.00647728
-0.00132164
-0.000874069
-0.000752989
-0.00158662
-0.00798336
-0.00871744
-0.00364341
-0.00311643
-0.0260112
-0.027789
-0.0191368
-0.017257
-0.0490051
-0.0507862
-0.0412565
-0.0392484
-0.0060721
-9.84618e-05
0.00181435
0.00489425
0.00169507
0.002232
0
-0.00883131
-0.00414199
-0.00371323
0.000393333
-0.000386862
0.00398685
-0.00669489
-0.00718239
-0.00681335
-0.0066278
-0.00634181
-0.00388171
-0.0020921
-0.00308268
-0.00212262
-0.00439087
-0.00498052
-0.00664242
-0.00309183
-0.000583644
-0.000797395
-0.000236637
-0.000182206
-0.00160162
-0.0158701
-0.0100479
-0.0117994
-0.00622532
-0.00472733
-0.00163761
-0.0373714
-0.0298759
-0.0319604
-0.0231275
-0.0212138
-0.0136491
-0.0603184
-0.0619043
-0.0525447
-0.0541286
-0.0447755
-0.0431376
-0.0337701
-0.00057744
-0.00438615
-0.00752293
-0.00534392
-0.000921324
-0.00550653
-0.0223424
-0.0450464
-0.00247534
0.00208157
0.000748356
-0.00629145
-0.00201816
0.000951775
-0.00726184
-0.0068938
-0.00522814
-0.00268841
-0.00356155
-0.00613253
-0.00157944
-9.93783e-05
-0.00091877
-0.0126714
-0.00791084
-0.00233937
-0.0334637
-0.026482
-0.0162766
-0.0564181
-0.0486781
-0.0375422
-0.00112604
-0.00128618
-0.000224738
0
-0.00771658
-0.00606998
-0.00389544
-0.00513241
-0.00858083
-0.00798197
-0.00732632
-0.0078866
-0.004923
-0.00492737
-0.0059454
-0.00613144
-0.00131362
-0.00109454
-0.00118853
-0.0015235
-0.0064602
-0.00666197
-0.00420623
-0.0040484
-0.0233189
-0.0241117
-0.0197458
-0.0189166
-0.0461125
-0.0470003
-0.0421507
-0.0411883
-0.00534103
-0.00405412
-0.00201166
-0.00280036
7.05896e-05
0.000958351
0.00197207
0.000884244
3.86531e-05
0.000413463
0.000267161
0
-0.00876143
-0.00749272
-0.00584311
-0.00686776
-0.00347719
-0.00309837
-0.00117927
-0.0016256
-0.00112739
-0.000362793
0.001452
0.000531275
-0.00720131
-0.00709571
-0.00749225
-0.00772441
-0.0071952
-0.00704681
-0.00669503
-0.00672005
-0.00596699
-0.00585153
-0.00450813
-0.0045792
-0.0025598
-0.00243206
-0.00333796
-0.0036326
-0.00380187
-0.0032945
-0.00428921
-0.00473145
-0.00632503
-0.00596179
-0.006542
-0.0067791
-0.00236687
-0.00226649
-0.00112756
-0.00130363
-0.000349952
-0.000273425
-4.96612e-05
-0.00018459
-0.001195
-0.000784355
-0.00147559
-0.0018957
-0.0136477
-0.0141921
-0.010608
-0.0100699
-0.00816007
-0.008922
-0.00622508
-0.0055258
-0.0025546
-0.0029213
-0.00146185
-0.00116797
-0.034474
-0.0353708
-0.0306055
-0.0296402
-0.0270948
-0.0281632
-0.0238143
-0.0227653
-0.0166674
-0.0176704
-0.0139727
-0.0130113
-0.0575395
-0.0583655
-0.0536178
-0.0527404
-0.0497573
-0.0506131
-0.0459174
-0.0450413
-0.0383969
-0.0393969
-0.034744
-0.0337423
-0.00357606
-0.00104763
-0.000611775
0.000162212
-0.00018814
0
-0.00839375
-0.00487952
-0.00405335
-0.00220338
-0.00294821
-0.00198257
-0.00803287
-0.00761925
-0.00737896
-0.00681611
-0.00700379
-0.00622957
-0.00368194
-0.00469199
-0.00428778
-0.0051901
-0.00561082
-0.00665366
-0.00149214
-0.00081218
-0.000542211
-0.000451656
-0.000803462
-0.00165281
-0.00969198
-0.00701357
-0.00751678
-0.00494698
-0.00450423
-0.00233033
-0.0287779
-0.025029
-0.026037
-0.0217093
-0.0206895
-0.0157293
-0.0518796
-0.047927
-0.0488564
-0.0441075
-0.0431358
-0.0373705
-0.00671031
-0.00294023
-0.000354598
-0.00120758
0.00202735
0.00323063
0.00499296
0.00336259
0.00457003
0.00271744
0.00126861
0.00327135
0.00131888
0.000922871
0
-0.00882454
-0.00669659
-0.0047932
-0.0051943
-0.00287298
-0.00279626
-0.000707601
-0.000867097
0.00144452
0.000942854
0.000332154
0.00327569
0.00237789
0.00452404
-0.00613617
-0.00691884
-0.00702762
-0.00726681
-0.00693322
-0.00687368
-0.00690421
-0.00674774
-0.00618406
-0.00595147
-0.00584721
-0.00479076
-0.00457336
-0.0028836
-0.00171725
-0.00209695
-0.00238856
-0.00289072
-0.00282803
-0.00245838
-0.00365985
-0.00391616
-0.00508313
-0.00529585
-0.00560388
-0.00624045
-0.006349
-0.00690161
-0.00401291
-0.00224218
-0.00102627
-0.00102026
-0.00034559
-0.000582639
-0.000290817
-7.934e-05
-0.000350311
-0.000324109
-0.000478941
-0.00105413
-0.00118166
-0.00223152
-0.0182307
-0.0148932
-0.0121063
-0.0112948
-0.0097743
-0.0106722
-0.00784085
-0.00701085
-0.0047873
-0.00406227
-0.00343021
-0.00248628
-0.00190626
-0.0009861
-0.0402857
-0.0363487
-0.0326951
-0.0316375
-0.0292017
-0.0301725
-0.0257137
-0.0248102
-0.0206152
-0.0196935
-0.018696
-0.0158615
-0.0149398
-0.0115661
-0.063068
-0.0638413
-0.0591807
-0.0599628
-0.055301
-0.0544779
-0.0560803
-0.0514152
-0.0521736
-0.0475081
-0.0467358
-0.0420291
-0.04122
-0.0403426
-0.0365165
-0.0356734
-0.0310478
-0.000460757
-0.00561811
-0.00797389
-0.00555056
-0.00123971
-0.00525212
-0.0214635
-0.0441002
-0.003453
0.000984134
0.00014316
-0.00720447
-0.00234701
0.000138427
-0.00745372
-0.00695594
-0.0052538
-0.00300921
-0.00402394
-0.00643208
-0.00168616
-0.000134879
-0.00128961
-0.0120474
-0.007131
-0.00193728
-0.032488
-0.0254341
-0.0152782
-0.0555698
-0.0478385
-0.0365655
-0.00208714
-0.0003731
-6.42857e-05
-0.0064876
-0.00348819
-0.00244312
-0.00789754
-0.00724665
-0.00665724
-0.00428063
-0.0049723
-0.0061775
-0.00111209
-0.000589862
-0.00116731
-0.00827014
-0.00590992
-0.00331051
-0.0268426
-0.0233234
-0.0181524
-0.0498831
-0.0460051
-0.0402541
-0.00461289
-0.00157017
-0.000890377
0.000807087
0.00339327
0.00313671
0.000678551
0.00211573
0.000448969
-0.00772163
-0.00573367
-0.00462668
-0.00385065
-0.00183493
6.9193e-05
-0.000956245
0.00172189
0.00288809
-0.00664953
-0.00701915
-0.00738505
-0.00698613
-0.00689798
-0.0064328
-0.00634584
-0.00532798
-0.00372215
-0.00193046
-0.002238
-0.00358462
-0.00257466
-0.00317943
-0.00463148
-0.00538635
-0.00587785
-0.00668867
-0.00305316
-0.00156898
-0.000682828
-0.000616016
-0.000230309
-0.000113616
-0.000408769
-0.000685329
-0.00177998
-0.0164864
-0.013438
-0.00931668
-0.0108878
-0.00875883
-0.00544174
-0.00412059
-0.00288136
-0.00113912
-0.0382753
-0.0344939
-0.0288134
-0.0309368
-0.0274676
-0.0222141
-0.0201718
-0.0172638
-0.0127378
-0.0611235
-0.057239
-0.0516817
-0.0533609
-0.0494655
-0.0439855
-0.0422243
-0.0384462
-0.0329118
0
-0.013544
-0.0268022
-0.0300917
-0.025412
-0.0209574
-0.0235608
-0.0349452
-0.0505545
0
-0.0156439
-0.0291827
-0.0282277
-0.0232195
-0.0269817
-0.0395813
-0.0560762
-0.0722735
-0.0062915
-0.0143251
-0.00712447
0
-0.0210147
-0.0289622
-0.0239272
-0.0298493
-0.0295571
-0.0303125
-0.0282537
-0.0238513
-0.0251308
-0.0226556
-0.0232419
-0.0237603
-0.021104
-0.0309374
-0.0324706
-0.0283308
-0.0452488
-0.0476507
-0.0426338
-0.0613824
-0.0643677
-0.0052753
-0.0230591
-0.030928
-0.0265889
-0.0225531
-0.0260666
-0.0375224
-0.0534144
-0.00349273
-0.00535156
-0.00172641
0
-0.017387
-0.0223278
-0.0189133
-0.0139015
-0.028695
-0.0306703
-0.0304373
-0.0282915
-0.0293686
-0.0271889
-0.0281488
-0.029833
-0.023959
-0.0223022
-0.0229755
-0.0242995
-0.0207615
-0.0234658
-0.0243877
-0.0218874
-0.0256761
-0.0329274
-0.0340465
-0.0272015
-0.0387082
-0.0480535
-0.0493208
-0.0401248
-0.00975152
-0.00964979
-0.0149067
-0.0112016
-0.00593843
-0.00384678
0
-0.0242079
-0.0264741
-0.0292154
-0.0270503
-0.0235512
-0.0200192
-0.0302895
-0.0305656
-0.0290842
-0.0295498
-0.0308065
-0.03025
-0.0268883
-0.0250979
-0.0236109
-0.0239209
-0.0260152
-0.0266535
-0.0216194
-0.0226334
-0.0249567
-0.0250523
-0.0231203
-0.0231483
-0.0220316
-0.0282609
-0.0349835
-0.0358655
-0.0290232
-0.0294811
-0.0314514
-0.0412858
-0.050508
-0.051853
-0.0423479
-0.0435357
-0.0466186
-0.055962
-0.0574531
-0.0668342
-0.0683662
-0.0588338
-0.0602628
-0.00189977
-0.0182982
-0.0299394
-0.0286329
-0.023138
-0.0224106
-0.0298407
-0.044047
-0.00946384
-0.0102589
-0.00230573
-0.0257223
-0.0268685
-0.0194631
-0.0305798
-0.0302516
-0.0305129
-0.0256914
-0.0246298
-0.0275803
-0.0218661
-0.0237459
-0.0230842
-0.0250657
-0.0317938
-0.0267283
-0.0363856
-0.046369
-0.0385262
-0.0520511
-0.0628934
-0.0546864
-0.00204767
-0.00248148
-0.000716464
0
-0.01548
-0.017903
-0.0161257
-0.0137256
-0.0278368
-0.0294474
-0.0292289
-0.0276913
-0.0297873
-0.0289495
-0.0292753
-0.0299586
-0.0246751
-0.0234381
-0.0236845
-0.0247401
-0.0207945
-0.0215455
-0.0220845
-0.0213632
-0.0245462
-0.027767
-0.0284612
-0.0253816
-0.0368007
-0.0413969
-0.0420692
-0.0375546
-0.00797014
-0.00954778
-0.00734518
-0.0057114
-0.0073996
-0.00990641
-0.00803099
-0.0055265
-0.000598074
-0.00192725
-0.000989735
0
-0.0226764
-0.0251014
-0.0241156
-0.0217781
-0.0248703
-0.0267029
-0.0253214
-0.0233239
-0.0166522
-0.0191893
-0.0172207
-0.0145947
-0.0301522
-0.030483
-0.0307157
-0.0303557
-0.0308398
-0.0304504
-0.030622
-0.0309117
-0.0298245
-0.0305191
-0.0299957
-0.0291287
-0.0275945
-0.026181
-0.0264367
-0.0276339
-0.0258227
-0.0248731
-0.0252865
-0.0263217
-0.028886
-0.0278935
-0.0283564
-0.0293571
-0.0220965
-0.0216642
-0.0220312
-0.0223822
-0.0225292
-0.0231559
-0.0233592
-0.0228129
-0.0233616
-0.0230168
-0.0232801
-0.0237293
-0.021491
-0.0235382
-0.0241979
-0.0222608
-0.0271016
-0.0299734
-0.0303528
-0.0274924
-0.0237484
-0.0255095
-0.0257748
-0.0240572
-0.0298382
-0.0339365
-0.0346155
-0.0306434
-0.0393735
-0.0437915
-0.0443386
-0.0398918
-0.0324419
-0.0362372
-0.0367154
-0.0329076
-0.0446269
-0.0493464
-0.0500586
-0.0453606
-0.0554443
-0.060166
-0.0608769
-0.0561117
-0.0472765
-0.0519841
-0.0525967
-0.0478507
-0.00478754
-0.00352569
-0.00521016
-0.00336672
-0.00170457
0
-0.0192437
-0.0203754
-0.0227373
-0.0210595
-0.0186229
-0.0140964
-0.0293609
-0.0304119
-0.0308531
-0.0307972
-0.0302537
-0.0286951
-0.0288519
-0.0279287
-0.0268637
-0.0273727
-0.0283848
-0.0297103
-0.023281
-0.0226754
-0.0223711
-0.0227047
-0.0230011
-0.0240251
-0.02086
-0.0228708
-0.0247283
-0.025162
-0.023355
-0.0225148
-0.0269393
-0.0313324
-0.0352104
-0.0357434
-0.0319237
-0.0290438
-0.0406587
-0.0460456
-0.0507326
-0.0513697
-0.0466812
-0.0426812
-0.0116283
-0.0116661
-0.0119736
-0.00950017
-0.0125677
-0.0152581
-0.0134043
-0.0106947
-0.00908821
-0.00648366
-0.00401136
-0.00535008
-0.00295
-0.00222426
0
-0.0255854
-0.0271149
-0.0278395
-0.0261593
-0.0281714
-0.0292326
-0.0282604
-0.0269829
-0.025613
-0.0237512
-0.0215865
-0.0220613
-0.0197397
-0.0178706
-0.0302624
-0.0302742
-0.0301256
-0.0306089
-0.0297277
-0.0287162
-0.0289466
-0.0299571
-0.0300289
-0.0306097
-0.0307781
-0.03041
-0.0304239
-0.0298616
-0.0261564
-0.0249747
-0.0244355
-0.0253545
-0.0240649
-0.0234538
-0.0234942
-0.0243258
-0.0244712
-0.0256308
-0.0267888
-0.0258687
-0.0271779
-0.0274561
-0.0212343
-0.0218172
-0.0228715
-0.0221955
-0.0242795
-0.0259321
-0.0259381
-0.0243827
-0.0243197
-0.0234444
-0.0230293
-0.0233642
-0.0231392
-0.0230966
-0.0227195
-0.0260682
-0.029542
-0.0266316
-0.0333406
-0.0371973
-0.0376877
-0.0337486
-0.0341214
-0.0306758
-0.0278135
-0.030918
-0.0280487
-0.0281625
-0.0331585
-0.0382261
-0.0432479
-0.038826
-0.0484286
-0.0532438
-0.053966
-0.0490478
-0.0497452
-0.0449241
-0.0404072
-0.0455776
-0.0409481
-0.0415332
-0.0486024
-0.0532615
-0.0540205
-0.0586703
-0.0594329
-0.054751
-0.064104
-0.0648789
-0.0695604
-0.0703296
-0.0656294
-0.0663818
-0.0615859
-0.0567676
-0.0623285
-0.0574429
-0.0581777
-0.0011042
-0.0158347
-0.0286725
-0.0295027
-0.0240659
-0.0213903
-0.0265086
-0.0394544
-0.00756937
-0.00765128
-0.000730815
-0.0235194
-0.0251212
-0.0169267
-0.030507
-0.030774
-0.0299521
-0.0269157
-0.0255692
-0.028654
-0.0219763
-0.0229154
-0.0233135
-0.0228279
-0.0286737
-0.0247162
-0.0322431
-0.0418163
-0.0345275
-0.047357
-0.0581511
-0.049913
-0.00400413
-0.00332747
-0.000580913
-0.0198943
-0.0207489
-0.0163897
-0.0300013
-0.030665
-0.0295946
-0.0283193
-0.0276346
-0.0290851
-0.0228743
-0.0226336
-0.0234696
-0.0218338
-0.0239754
-0.0228694
-0.0291477
-0.0335209
-0.0304289
-0.0433703
-0.0487058
-0.0446688
-0.0116181
-0.0117833
-0.00729233
-0.0122365
-0.0129598
-0.00851702
-0.00359632
-0.00460814
-0.00142502
-0.0264929
-0.027543
-0.0245465
-0.0280413
-0.0282426
-0.0254834
-0.0213332
-0.0218281
-0.0175358
-0.0302904
-0.0302258
-0.0308234
-0.0299657
-0.0293945
-0.0303773
-0.0308318
-0.0306386
-0.0299647
-0.0254519
-0.0246592
-0.0260964
-0.024254
-0.0238248
-0.0249335
-0.0271051
-0.0263882
-0.0279664
-0.0214573
-0.0222922
-0.0222246
-0.0235376
-0.0250826
-0.023834
-0.0228486
-0.0232111
-0.02322
-0.0243895
-0.0277765
-0.025615
-0.0313876
-0.0354307
-0.0321608
-0.026437
-0.0293022
-0.0269224
-0.0357112
-0.0407295
-0.0369825
-0.0458064
-0.0511413
-0.0469723
-0.0380289
-0.0429129
-0.0390399
-0.0513178
-0.0567254
-0.0527502
-0.0621503
-0.0676083
-0.0636218
-0.0540528
-0.0595246
-0.055347
