FiniteElementSpace
FiniteElementCollection: L2_2D_P3
VDim: 1
Ordering: 0

0.00188521
0.00120656
0.00217413
0.00328703
0.000845955
0.000740423
0.00161591
0.00265284
0.00039192
0.000430992
0.000993913
0.00167556
0.00038225
0.000334786
0.000608634
0.000953674
0.00473791
0.00491394
0.0051172
0.00525116
0.00323438
0.00335314
0.00348521
0.00356771
0.00177761
0.00184249
0.00190945
0.00194636
0.00100302
0.00104056
0.00107508
0.00108959
0.00661056
0.00667043
0.00669724
0.00667817
0.00441536
0.00445997
0.00447517
0.00445365
0.00234598
0.00237568
0.00238205
0.00236197
0.0012753
0.00129827
0.00130128
0.00128275
0.00543283
0.00525062
0.00498342
0.00475839
0.00366201
0.00354992
0.00337822
0.0032289
0.00199231
0.00194361
0.00186071
0.00178372
0.00113063
0.0011141
0.00107674
0.00103741
0.00206127
0.00186947
0.00162843
0.00145163
0.00145948
0.00132811
0.00116337
0.00104295
0.000891167
0.000818253
0.000728158
0.000663547
0.000605284
0.000563535
0.000513819
0.000479875
0.0001721
0.000130078
8.45823e-05
5.67605e-05
0.000141152
0.00010888
7.4686e-05
5.43831e-05
0.000129488
0.000106245
8.26313e-05
6.9441e-05
0.000141895
0.00012268
0.00010388
9.39797e-05
3.67686e-05
4.24922e-05
5.08109e-05
5.78202e-05
3.01968e-05
3.39026e-05
3.95704e-05
4.45116e-05
2.87124e-05
2.96403e-05
3.18156e-05
3.41451e-05
3.21691e-05
3.07632e-05
3.0172e-05
3.05586e-05
4.76473e-05
4.18842e-05
3.49191e-05
3.00122e-05
3.66027e-05
3.23298e-05
2.7188e-05
2.35936e-05
2.55281e-05
2.27615e-05
1.94868e-05
1.72533e-05
1.92105e-05
1.73165e-05
1.51519e-05
1.37444e-05
0.00349748
0.00368048
0.00390704
0.00406967
0.00248163
0.0025889
0.00271634
0.00280323
0.0014493
0.00149142
0.00153606
0.00156163
0.000866772
0.000881031
0.000891531
0.000892322
0.000178051
0.000185122
0.000196972
0.00020825
0.000437526
0.00044507
0.000461505
0.0004793
0.000969149
0.000981469
0.00100821
0.0010371
0.00150314
0.0015233
0.00156318
0.00160444
0.000444042
0.000272705
0.000166705
0.000145786
0.000403474
0.000273257
0.000268535
0.000348061
0.000347445
0.00029941
0.000515331
0.000807563
0.000344534
0.000363467
0.000797784
0.00129901
0.00588698
0.00603715
0.00619212
0.00627803
0.00396863
0.00406976
0.00416687
0.00421354
0.00213916
0.00219486
0.00224098
0.00225523
0.00118132
0.00121486
0.00123667
0.00123573
0.00022819
0.000223159
0.000222677
0.000226873
0.000598804
0.000594855
0.000602721
0.000618779
0.00136187
0.0013647
0.00138882
0.00142312
0.00214398
0.0021558
0.00219616
0.00224643
0.000223594
0.000220997
0.000223056
0.00022877
0.000529166
0.000531137
0.000544366
0.000562793
0.00116205
0.00117725
0.00121345
0.00125401
0.00181137
0.00184204
0.00190207
0.00196375
0.00649257
0.00642288
0.0062841
0.00614245
0.00433333
0.00429619
0.00420758
0.00410994
0.00230532
0.00229631
0.00225436
0.00219989
0.00126066
0.00126604
0.001248
0.0012158
0.000224607
0.000221088
0.000223449
0.00023074
0.000618204
0.000601302
0.000593799
0.000599159
0.00142853
0.00139156
0.00136589
0.00136333
0.00226011
0.0022061
0.00216298
0.0021507
0.000222268
0.000216883
0.000216307
0.000220788
0.000631464
0.000620221
0.000620008
0.000630907
0.0014689
0.00145197
0.00145272
0.00147081
0.00232519
0.00230536
0.00230731
0.00233015
0.0037626
0.00353674
0.00323571
0.00300206
0.00258764
0.00244047
0.00224183
0.00208606
0.00147269
0.00139922
0.00129807
0.00121771
0.000897311
0.00086214
0.000812358
0.000772408
0.000289293
0.000286557
0.000291211
0.000301324
0.00049881
0.000479426
0.000465707
0.000464052
0.000962018
0.000911336
0.000860882
0.000834006
0.00145436
0.00137303
0.00128547
0.0012323
0.000249826
0.000248193
0.000253726
0.000264124
0.000568521
0.0005492
0.000537392
0.000538599
0.00124069
0.00119127
0.00114651
0.00112708
0.00193915
0.00186191
0.00178482
0.00174361
0.000810818
0.000695961
0.000559174
0.000464488
0.000599122
0.000516498
0.000419261
0.000352908
0.0004113
0.000360332
0.000302319
0.000264355
0.000330804
0.000296693
0.000259867
0.000237461
0.000284849
0.000271301
0.000260738
0.000257866
0.000321754
0.000302456
0.000284789
0.000276768
0.000421717
0.00038859
0.000353912
0.000333633
0.000536851
0.000488483
0.000435076
0.00040133
0.000311257
0.000303597
0.000301728
0.000306552
0.000417428
0.000398222
0.000382729
0.000378098
0.000670721
0.000627274
0.000582369
0.000556784
0.000949041
0.00088045
0.000804639
0.000756776
2.94311e-06
1.12332e-06
2.8242e-06
7.17701e-06
1.09578e-05
8.26961e-06
8.38238e-06
1.1117e-05
3.14397e-05
2.6868e-05
2.42474e-05
2.4605e-05
5.43343e-05
4.75625e-05
4.21436e-05
4.03566e-05
0.000113204
0.000100288
8.67313e-05
7.85398e-05
0.000108954
9.5923e-05
8.21295e-05
7.37099e-05
0.000103508
8.97844e-05
7.51703e-05
6.62151e-05
9.9487e-05
8.48311e-05
6.92368e-05
5.97348e-05
0.00020825
0.000192292
0.00017681
0.000168668
0.000212902
0.000195131
0.000177291
0.00016737
0.000232922
0.000209913
0.000185646
0.000171146
0.000258735
0.000229569
0.000197891
0.000178217
7.06667e-05
6.93e-05
6.7611e-05
6.63918e-05
5.33949e-05
5.23596e-05
5.11095e-05
5.02364e-05
3.69562e-05
3.59973e-05
3.49385e-05
3.42797e-05
2.82457e-05
2.70894e-05
2.59418e-05
2.53306e-05
7.66342e-06
6.117e-06
4.65915e-06
3.95092e-06
4.99703e-06
3.63617e-06
2.36713e-06
1.76637e-06
2.59884e-06
1.54989e-06
6.12011e-07
2.11517e-07
1.85385e-06
1.07586e-06
4.42262e-07
2.39105e-07
4.0161e-05
3.34687e-05
2.63168e-05
2.18815e-05
3.5992e-05
2.95525e-05
2.26472e-05
1.8347e-05
2.99175e-05
2.40164e-05
1.77489e-05
1.39015e-05
2.50149e-05
1.96839e-05
1.41648e-05
1.09046e-05
1.07244e-05
7.88878e-06
4.85127e-06
3.023e-06
8.9137e-06
6.5214e-06
3.9746e-06
2.45404e-06
7.31703e-06
5.42308e-06
3.42981e-06
2.25793e-06
6.63161e-06
5.05866e-06
3.42278e-06
2.47667e-06
4.6746e-06
4.1701e-06
3.70409e-06
3.48439e-06
3.83311e-06
3.45042e-06
3.1169e-06
2.97745e-06
2.94269e-06
2.64526e-06
2.40423e-06
2.32048e-06
2.465e-06
2.16832e-06
1.92849e-06
1.84555e-06
3.74352e-06
3.84038e-06
4.151e-06
4.55146e-06
2.07032e-06
2.29503e-06
2.74684e-06
3.23631e-06
9.49717e-07
1.2279e-06
1.72069e-06
2.21992e-06
1.04471e-06
1.25634e-06
1.64968e-06
2.06225e-06
0.0027962
0.0029638
0.00319284
0.00336512
0.00219489
0.00226479
0.00235102
0.00241098
0.00142494
0.00143524
0.00144132
0.0014402
0.000891826
0.000895845
0.000894166
0.000887897
0.00063455
0.000638561
0.000641477
0.000640821
0.000279465
0.000280614
0.000279519
0.000276964
5.75807e-05
5.67484e-05
5.70116e-05
5.84181e-05
5.39848e-05
6.04758e-05
7.31389e-05
8.60404e-05
0.00039766
0.000314472
0.000462644
0.000682588
0.000420103
0.000286624
0.000274178
0.00033362
0.000457304
0.000277178
0.000149495
0.000103392
0.000456445
0.000271532
0.000138266
9.04217e-05
0.00533444
0.00550565
0.0056955
0.00581366
0.00361907
0.00373391
0.00385494
0.00392442
0.00197028
0.00203268
0.00209198
0.0021196
0.00110032
0.00113665
0.00116586
0.00117339
0.000751295
0.000775918
0.000793126
0.00079417
0.000288549
0.000296845
0.00029937
0.000294537
5.01614e-05
4.74629e-05
4.27621e-05
3.80525e-05
0.000118038
0.000113836
0.000111225
0.000111235
0.000692354
0.000717764
0.000739149
0.000745811
0.000277354
0.000286009
0.000290875
0.000289291
6.24218e-05
6.02465e-05
5.68712e-05
5.36998e-05
0.000123673
0.000120447
0.000119208
0.000120378
0.00667308
0.00667002
0.00661435
0.00653265
0.00444986
0.00445507
0.00441861
0.00435797
0.00236013
0.0023715
0.00235386
0.00231578
0.00128235
0.00129734
0.00128987
0.00126375
0.000851298
0.000865526
0.000862135
0.000842996
0.000292032
0.000302583
0.000304054
0.000295932
7.60897e-06
1.21869e-05
1.57087e-05
1.66224e-05
8.98749e-05
8.96251e-05
9.18565e-05
9.56163e-05
0.000847051
0.000865174
0.000866842
0.00085117
0.000290673
0.000300388
0.000300664
0.000291309
7.98267e-06
9.61123e-06
9.10921e-06
6.67138e-06
9.07151e-05
8.84508e-05
8.78771e-05
8.9217e-05
0.00463963
0.00442518
0.00412779
0.00388863
0.00315519
0.00301917
0.00282581
0.00266723
0.00175068
0.00168682
0.00159123
0.00150996
0.00102503
0.000998157
0.000953334
0.000912886
0.00073427
0.000721334
0.000696949
0.000673672
0.000339573
0.000342481
0.000343293
0.000342397
0.000132055
0.000141081
0.000155183
0.000168247
0.00018359
0.000188003
0.000199379
0.000212838
0.000785548
0.000780569
0.00076154
0.000738516
0.000326095
0.000333143
0.000336129
0.000334404
8.65844e-05
9.67421e-05
0.00011072
0.000122441
0.000147783
0.000152509
0.000163338
0.000175639
0.00136118
0.00120558
0.00101503
0.000878995
0.000981992
0.000872807
0.00074007
0.000646141
0.000630038
0.000566249
0.000490631
0.000438758
0.000460756
0.000421312
0.000376762
0.000348104
0.000393936
0.000364386
0.000332443
0.000313158
0.000288648
0.00027311
0.000259085
0.000253177
0.000244277
0.000236907
0.000233838
0.000236475
0.000276869
0.000268688
0.000265296
0.000268202
0.000491227
0.000462004
0.000428636
0.000407137
0.000321159
0.000308847
0.000297823
0.000293517
0.00023783
0.000235008
0.000237445
0.000244147
0.000271925
0.000267768
0.000269703
0.000276913
4.5089e-05
2.78736e-05
1.19996e-05
4.7796e-06
4.55341e-05
3.12769e-05
1.8384e-05
1.27173e-05
6.2177e-05
4.99561e-05
3.90314e-05
3.42677e-05
8.68586e-05
7.46378e-05
6.35495e-05
5.84755e-05
9.852e-05
8.62735e-05
7.496e-05
6.9544e-05
0.000111463
9.9681e-05
8.86183e-05
8.31046e-05
0.000133652
0.000121042
0.000108752
0.000102165
0.000154602
0.000140273
0.000125842
0.00011768
0.000148858
0.000131297
0.000114346
0.000105601
0.000152935
0.000138376
0.000124798
0.000118206
0.000172924
0.000159353
0.000146802
0.000140778
0.000199159
0.000184175
0.000169888
0.000162602
6.06811e-05
6.33842e-05
6.71327e-05
7.01714e-05
4.65093e-05
4.82993e-05
5.08865e-05
5.30516e-05
3.47917e-05
3.51663e-05
3.60579e-05
3.70221e-05
3.0129e-05
2.92141e-05
2.86745e-05
2.87104e-05
2.80587e-05
2.66176e-05
2.54347e-05
2.50058e-05
2.46318e-05
2.24385e-05
2.03322e-05
1.92341e-05
2.16227e-05
1.85484e-05
1.54073e-05
1.35936e-05
2.0194e-05
1.65359e-05
1.27375e-05
1.04915e-05
3.37359e-05
3.13472e-05
2.95092e-05
2.89568e-05
3.53575e-05
3.16245e-05
2.80691e-05
2.62168e-05
3.81249e-05
3.27851e-05
2.72544e-05
2.3965e-05
4.05135e-05
3.40604e-05
2.72093e-05
2.29973e-05
2.71988e-05
2.22242e-05
1.64751e-05
1.26386e-05
2.15156e-05
1.76988e-05
1.33091e-05
1.0401e-05
1.59132e-05
1.32983e-05
1.03308e-05
8.40241e-06
1.28228e-05
1.09267e-05
8.81832e-06
7.48657e-06
1.14908e-05
9.91803e-06
8.18858e-06
7.1157e-06
9.06057e-06
7.99331e-06
6.86636e-06
6.21309e-06
6.67653e-06
6.1345e-06
5.63609e-06
5.42253e-06
5.3989e-06
5.16125e-06
5.02873e-06
5.07248e-06
1.64431e-05
1.49458e-05
1.32695e-05
1.22155e-05
1.18997e-05
1.09701e-05
9.99842e-06
9.45868e-06
7.36035e-06
7.00706e-06
6.75711e-06
6.74805e-06
4.846e-06
4.82274e-06
4.98959e-06
5.28894e-06
0.00414825
0.00431708
0.00451663
0.00465222
0.00285291
0.00296603
0.00309559
0.00318001
0.0015851
0.00164621
0.00171198
0.00175092
0.000903799
0.000938834
0.000973171
0.000989975
0.000631373
0.000654705
0.00067608
0.000684824
0.000262707
0.000270736
0.000276298
0.000276486
6.7574e-05
6.69425e-05
6.58343e-05
6.46739e-05
0.000120332
0.000119745
0.000121543
0.000124762
0.000619276
0.000626867
0.00062927
0.000624542
0.000266534
0.000268224
0.000265978
0.000260678
5.94876e-05
6.24914e-05
6.54131e-05
6.68663e-05
9.15639e-05
9.87048e-05
0.000109225
0.000117871
0.000211827
0.000211679
0.000216126
0.00022315
0.000486785
0.000490874
0.000505371
0.00052364
0.00105317
0.00107042
0.00110704
0.00114616
0.00162984
0.00166337
0.00172441
0.00178478
0.0019779
0.00202227
0.0020993
0.00217339
0.00271854
0.00278529
0.00289563
0.00299856
0.0038521
0.00395483
0.00411723
0.00426409
0.00484128
0.00497662
0.00518571
0.00537158
0.00181267
0.00184029
0.00189307
0.00194652
0.00242886
0.00248794
0.00258513
0.00267522
0.0033382
0.00345551
0.00363317
0.00378837
0.00410389
0.00428048
0.00453879
0.00475835
0.000110007
0.000123651
0.00014838
0.000171578
0.000309944
0.000340928
0.000390149
0.000434103
0.000774593
0.000826643
0.000905934
0.000972765
0.00128968
0.0013488
0.00143976
0.00151147
0.00162805
0.00168183
0.00175539
0.00181532
0.0022404
0.0022769
0.00233524
0.00238837
0.00300671
0.00305991
0.00314787
0.00322945
0.00353813
0.00362793
0.00379049
0.00393924
0.00035596
0.000428467
0.00100715
0.00166071
0.000451961
0.000612546
0.0015194
0.00255
0.00124154
0.00113438
0.00230115
0.00361846
0.0027739
0.00184706
0.00298726
0.00424488
0.00633245
0.00644487
0.00654419
0.00658302
0.0042457
0.00432309
0.00438414
0.00439961
0.00226886
0.00231358
0.00234172
0.00233962
0.00124082
0.00126997
0.00128289
0.001273
0.000829397
0.000850384
0.000857245
0.000846349
0.000292181
0.000300985
0.000300877
0.000291657
1.84091e-05
1.76228e-05
1.42076e-05
9.61986e-06
9.81705e-05
9.44702e-05
9.20826e-05
9.19799e-05
0.000797558
0.000820645
0.000832768
0.000827635
0.000292766
0.000301028
0.000301683
0.000294058
3.41256e-05
3.18551e-05
2.70359e-05
2.1726e-05
0.000108474
0.000104124
0.000101092
0.000100603
0.000225535
0.000220009
0.000219067
0.000223073
0.00062081
0.000613189
0.000617136
0.000630817
0.0014314
0.0014249
0.00143835
0.00146555
0.00226085
0.00225795
0.00228093
0.00231916
0.00276734
0.00276646
0.00279541
0.0028408
0.00384394
0.00384775
0.00388991
0.00395095
0.00549364
0.00550643
0.00556905
0.00565254
0.00693835
0.00695978
0.0070407
0.00714365
0.00262141
0.0026386
0.00268905
0.00274944
0.00363537
0.00366436
0.00373672
0.00381901
0.00518934
0.00523774
0.00534342
0.0054575
0.0065497
0.00661561
0.00675055
0.00689204
0.000228067
0.000224031
0.000224609
0.000229449
0.000567305
0.000566645
0.000577708
0.000595416
0.00126873
0.00127897
0.00131085
0.0013497
0.00198877
0.002012
0.00206493
0.00212311
0.00242803
0.0024592
0.00252522
0.00259558
0.00336046
0.00340882
0.003503
0.0035995
0.00479043
0.00486607
0.0050029
0.00513762
0.00604225
0.00614209
0.00631614
0.00648378
0.00220648
0.00224689
0.00232199
0.00239706
0.00304528
0.00310659
0.00321383
0.00331744
0.00433244
0.00442657
0.00458265
0.00472843
0.00545922
0.00558237
0.00578109
0.00596331
0.00606916
0.00593716
0.00572485
0.00553344
0.00406527
0.00398747
0.00385199
0.00372366
0.00218094
0.00215123
0.00208683
0.00201901
0.00120987
0.00120447
0.00117628
0.00113967
0.000821208
0.000823787
0.000810165
0.000787701
0.000310923
0.000320594
0.000324155
0.000320564
4.7696e-05
5.72079e-05
6.89085e-05
7.76989e-05
0.000118304
0.000122074
0.000130743
0.000140617
0.000842745
0.000851814
0.000843388
0.000822084
0.000298728
0.000309453
0.000312284
0.000306316
2.05924e-05
2.80359e-05
3.59433e-05
4.08588e-05
9.86458e-05
0.000100583
0.000106129
0.000112928
0.000234221
0.000231847
0.000236043
0.000245084
0.000596861
0.000578343
0.000568282
0.000571348
0.00135058
0.00130606
0.00126937
0.00125742
0.00212796
0.00206024
0.00199771
0.00196931
0.00260476
0.00252265
0.00244439
0.00240621
0.00362447
0.00351213
0.00340072
0.00334173
0.00520148
0.0050462
0.00488662
0.00479653
0.00659453
0.00640336
0.00620328
0.00608688
0.00276929
0.00270467
0.00265104
0.0026332
0.00385607
0.0037693
0.00369377
0.00366435
0.00552958
0.00541209
0.00530517
0.00525822
0.00700259
0.0068598
0.00672686
0.00666528
0.00022112
0.000216478
0.00021709
0.000222732
0.000630323
0.000615891
0.000611741
0.000619773
0.00146863
0.00144119
0.00142844
0.00143626
0.00232654
0.00228908
0.00226824
0.00227366
0.00285115
0.00280735
0.00278174
0.00278615
0.00396897
0.00391215
0.00387692
0.00387954
0.00568549
0.00561153
0.00556308
0.00556251
0.00719256
0.00710495
0.00704606
0.00704313
0.00284834
0.00282652
0.00282937
0.00285558
0.00396156
0.00393594
0.00394125
0.00397501
0.00566835
0.00563922
0.0056491
0.0056934
0.00716444
0.00713331
0.00714795
0.00720157
0.00287963
0.00266253
0.00238216
0.0021709
0.00200715
0.00186206
0.0016739
0.00153171
0.00117885
0.00110237
0.00100324
0.000928697
0.000754315
0.000713979
0.00066245
0.00062467
0.000584325
0.000558307
0.000526002
0.000503241
0.000340491
0.000332855
0.000325872
0.000323309
0.000214311
0.000216272
0.000224033
0.000234272
0.000251707
0.000251384
0.000258039
0.000268807
0.00066672
0.000646414
0.000617337
0.00059408
0.00034589
0.000343631
0.000340895
0.000339638
0.000177069
0.000183219
0.000195129
0.000207656
0.000220321
0.000223001
0.000232965
0.000245926
0.000304799
0.00029998
0.000301976
0.000310004
0.000459594
0.000440367
0.000425855
0.0004228
0.000813594
0.000765812
0.00071712
0.000690063
0.00119564
0.00111909
0.00103523
0.000982964
0.0014304
0.00133572
0.00122969
0.0011615
0.00193657
0.00180315
0.0016491
0.00154588
0.00275134
0.00255952
0.0023327
0.00217615
0.00349274
0.00325021
0.00296004
0.00275697
0.0017575
0.00165699
0.00154625
0.00147663
0.00241019
0.00226885
0.00210823
0.00200273
0.00344565
0.0032437
0.00300838
0.00284877
0.00437814
0.0041241
0.00382435
0.00361795
0.000269409
0.000267735
0.000273545
0.000284416
0.000535326
0.000515815
0.00050289
0.000502587
0.00110773
0.00105632
0.00100699
0.000982546
0.0017085
0.00162672
0.0015412
0.00149158
0.00207823
0.00197755
0.00186962
0.00180446
0.0028726
0.00273186
0.00257602
0.00247721
0.00411901
0.00391962
0.0036928
0.00354358
0.0052324
0.00498307
0.00469553
0.00450304
0.00236833
0.00227383
0.00217691
0.00212244
0.00328827
0.00315736
0.0030183
0.00293537
0.00471974
0.00453627
0.00433535
0.00420996
0.00599037
0.00576252
0.00550913
0.00534754
0.00041845
0.000342976
0.000256245
0.000198734
0.000320395
0.000264568
0.000201469
0.000160483
0.000243991
0.00020727
0.000167386
0.000142804
0.000223171
0.000196253
0.000168472
0.000152576
0.000216727
0.000193849
0.000170935
0.000158434
0.000199365
0.000182902
0.000167686
0.00016055
0.000208078
0.00019501
0.000183934
0.000179726
0.000237823
0.00022374
0.000211527
0.000206571
0.000300082
0.00027288
0.000244648
0.00022847
0.000246372
0.000229457
0.000213999
0.000207078
0.000233455
0.000222507
0.000214701
0.000213498
0.000265036
0.000253345
0.000244954
0.000243567
0.000251444
0.000236033
0.000222224
0.000216147
0.000268264
0.000249377
0.000231176
0.000221859
0.000319691
0.000291722
0.000262339
0.000244982
0.000381137
0.000342839
0.000300849
0.000274515
0.000413844
0.000369067
0.000319196
0.000287278
0.000480979
0.000422416
0.000355287
0.000310744
0.000610702
0.000529313
0.000433847
0.000368757
0.000742204
0.000639804
0.000518377
0.000434563
0.000603499
0.000545435
0.000480112
0.000437798
0.000744947
0.000666055
0.000574584
0.000513022
0.00099474
0.000882479
0.000749243
0.000657052
0.00123586
0.00109344
0.000922529
0.000802772
0.000305113
0.000294341
0.00028802
0.000288998
0.000371629
0.000352329
0.000335699
0.000329345
0.000539076
0.000500691
0.000460696
0.000437559
0.000726998
0.000668216
0.000603106
0.000561842
0.000839793
0.00076802
0.000686885
0.00063403
0.001082
0.000982274
0.000866065
0.000787349
0.00149091
0.00134748
0.00117641
0.00105726
0.00187499
0.00169266
0.00147275
0.00131762
0.00111888
0.00103434
0.000938903
0.000876842
0.00148497
0.00136621
0.001228
0.0011345
0.00208593
0.00191472
0.00171075
0.0015688
0.00264019
0.00242289
0.00216106
0.00197645
1.03101e-05
1.54223e-05
2.4215e-05
3.25385e-05
1.30686e-05
1.59078e-05
2.15639e-05
2.7313e-05
2.43975e-05
2.40107e-05
2.54553e-05
2.79195e-05
3.83152e-05
3.51066e-05
3.30929e-05
3.30303e-05
4.46154e-05
4.02052e-05
3.66177e-05
3.53283e-05
5.25174e-05
4.65586e-05
4.09112e-05
3.79962e-05
6.29794e-05
5.49978e-05
4.67886e-05
4.19495e-05
7.09339e-05
6.13961e-05
5.12943e-05
4.50966e-05
6.48123e-05
5.70935e-05
5.03552e-05
4.74726e-05
7.76854e-05
6.89376e-05
6.06825e-05
5.64849e-05
9.56225e-05
8.5046e-05
7.43864e-05
6.83107e-05
0.000110128
9.77712e-05
8.49116e-05
7.723e-05
7.20066e-05
6.20718e-05
5.14733e-05
4.49096e-05
6.73173e-05
5.75517e-05
4.70833e-05
4.05644e-05
6.00753e-05
5.0534e-05
4.03487e-05
3.40601e-05
5.38313e-05
4.44721e-05
3.46217e-05
2.86812e-05
4.7936e-05
3.90398e-05
2.98479e-05
2.44684e-05
3.31286e-05
2.57149e-05
1.83187e-05
1.42559e-05
1.77234e-05
1.18668e-05
6.6347e-06
4.38849e-06
9.67902e-06
4.89744e-06
1.35906e-06
6.74661e-07
9.35171e-05
7.86506e-05
6.29382e-05
5.3486e-05
7.74421e-05
6.2631e-05
4.70056e-05
3.76893e-05
6.30606e-05
4.73038e-05
3.08669e-05
2.1329e-05
5.75289e-05
4.04833e-05
2.29464e-05
1.30709e-05
0.000160296
0.000145229
0.000129883
0.000121057
0.000158605
0.000142809
0.000126451
0.000116827
0.000160989
0.000142737
0.000123396
0.000111688
0.000166292
0.000145036
0.000122185
0.000108134
0.000164868
0.000142033
0.000117408
0.000102238
0.000157876
0.000132092
0.000103842
8.61295e-05
0.00016181
0.000130129
9.49509e-05
7.2604e-05
0.000174971
0.000137431
9.551e-05
6.87602e-05
0.000269334
0.000236472
0.000200397
0.000177703
0.000288186
0.000247684
0.000202108
0.000172548
0.00033745
0.0002836
0.00022172
0.000180606
0.000394039
0.000327583
0.000250458
0.000198655
6.4743e-05
6.02115e-05
5.4573e-05
5.0468e-05
4.90461e-05
4.57281e-05
4.16177e-05
3.86512e-05
3.34558e-05
3.12757e-05
2.86452e-05
2.68138e-05
2.46503e-05
2.30486e-05
2.12371e-05
2.00761e-05
2.07599e-05
1.9437e-05
1.79884e-05
1.71063e-05
1.46481e-05
1.37032e-05
1.27487e-05
1.22477e-05
8.53898e-06
7.96152e-06
7.50462e-06
7.39736e-06
5.12594e-06
4.75371e-06
4.58458e-06
4.71079e-06
2.43794e-05
2.31703e-05
2.19812e-05
2.13584e-05
1.83678e-05
1.70606e-05
1.57827e-05
1.5121e-05
1.24564e-05
1.10002e-05
9.60138e-06
8.89817e-06
9.1919e-06
7.62541e-06
6.14593e-06
5.42413e-06
3.68547e-06
3.40511e-06
3.34624e-06
3.55051e-06
1.57372e-06
1.43708e-06
1.52869e-06
1.82171e-06
1.11703e-07
1.13648e-07
3.33991e-07
6.87905e-07
1.94919e-07
2.409e-07
4.85426e-07
8.32407e-07
7.81792e-07
7.91243e-07
9.65443e-07
1.24161e-06
2.94292e-06
2.88951e-06
2.88629e-06
2.95821e-06
9.07973e-06
8.68099e-06
8.16732e-06
7.79842e-06
1.7133e-05
1.61964e-05
1.49789e-05
1.40608e-05
1.95819e-06
1.35481e-06
9.0749e-07
8.17306e-07
2.85e-06
2.74372e-06
2.77224e-06
2.926e-06
7.76457e-06
8.13077e-06
8.649e-06
9.08426e-06
1.54402e-05
1.59958e-05
1.67197e-05
1.72768e-05
1.89899e-05
1.52373e-05
1.13181e-05
8.98096e-06
1.56067e-05
1.20897e-05
8.40822e-06
6.20601e-06
1.154e-05
8.51932e-06
5.40123e-06
3.57446e-06
8.96507e-06
6.45647e-06
3.96477e-06
2.59118e-06
7.54475e-06
5.4776e-06
3.51899e-06
2.52608e-06
4.53871e-06
3.67769e-06
3.06853e-06
2.95952e-06
4.28317e-06
4.91345e-06
6.10863e-06
7.29052e-06
8.01349e-06
9.74813e-06
1.23576e-05
1.46092e-05
2.12574e-05
1.65344e-05
1.17954e-05
9.13226e-06
1.22386e-05
9.21448e-06
6.47349e-06
5.20758e-06
3.88416e-06
2.97478e-06
2.93208e-06
3.72245e-06
1.11256e-06
1.8468e-06
4.02905e-06
6.60797e-06
2.2061e-06
1.32318e-06
5.10948e-07
1.73632e-07
1.73793e-06
1.07247e-06
4.55227e-07
2.19366e-07
1.63408e-06
1.122e-06
6.53938e-07
5.36358e-07
1.88997e-06
1.37229e-06
9.20607e-07
8.81602e-07
2.1806e-06
1.60648e-06
1.00101e-06
7.56267e-07
2.37118e-06
1.67864e-06
9.49751e-07
5.93564e-07
2.69034e-06
1.85839e-06
9.91654e-07
5.25459e-07
2.97875e-06
2.06428e-06
1.117e-06
5.92658e-07
6.37836e-06
4.98026e-06
3.55098e-06
2.74608e-06
5.70777e-06
4.62573e-06
3.53582e-06
2.93554e-06
5.16247e-06
4.39878e-06
3.65062e-06
3.25662e-06
4.9543e-06
4.36816e-06
3.81012e-06
3.53076e-06
2.95764e-06
2.05093e-06
1.11893e-06
6.059e-07
2.53101e-06
1.73173e-06
9.40182e-07
5.44945e-07
2.02188e-06
1.40124e-06
8.30835e-07
6.26969e-07
1.67598e-06
1.20962e-06
8.32158e-07
8.0483e-07
1.23869e-06
8.92007e-07
7.40407e-07
9.68135e-07
6.13513e-07
4.58525e-07
4.11095e-07
5.63307e-07
2.54506e-07
1.91985e-07
1.5544e-07
1.98589e-07
3.92366e-07
2.98081e-07
1.8882e-07
1.39152e-07
2.05895e-06
1.75186e-06
1.48474e-06
1.37079e-06
1.51157e-06
1.16713e-06
8.51119e-07
6.99707e-07
1.61589e-06
1.12281e-06
6.32553e-07
3.63263e-07
2.39757e-06
1.71071e-06
9.9942e-07
5.85782e-07
4.72197e-06
4.60011e-06
4.60335e-06
4.73989e-06
3.4613e-06
3.47024e-06
3.61824e-06
3.84529e-06
2.44503e-06
2.50519e-06
2.69973e-06
2.94601e-06
2.2219e-06
2.21957e-06
2.33011e-06
2.50905e-06
2.09415e-06
2.00977e-06
2.02251e-06
2.13354e-06
2.40043e-06
2.07336e-06
1.77874e-06
1.66083e-06
4.31626e-06
3.45723e-06
2.51214e-06
1.92657e-06
7.20132e-06
5.72386e-06
4.03904e-06
2.93482e-06
1.38055e-06
1.4741e-06
1.71256e-06
2.00591e-06
2.93179e-06
2.7232e-06
2.54122e-06
2.49325e-06
7.4207e-06
6.53756e-06
5.48516e-06
4.77248e-06
1.32686e-05
1.15811e-05
9.52583e-06
8.07296e-06
