FiniteElementSpace
FiniteElementCollection: H1_2D_P2
VDim: 2
Ordering: 0

0
0.916619
1.77047
2.52554
3.16747
3.73354
4.28637
4.86074
5.44695
0
1.09116
2.16945
3.13504
3.91797
4.54604
5.10872
5.67468
6.25815
0.465526
1.00757
0.540917
0
1.35346
1.98088
1.63786
2.16235
2.84604
2.67254
2.85949
3.55548
3.55004
3.45601
4.14479
4.24614
4.00828
4.69702
4.83006
4.57067
5.26648
5.38916
5.15385
5.85244
5.96514
0.503923
1.50284
2.43155
3.22003
3.86008
4.42081
4.97853
5.55897
0.235521
0.4841
0.251386
0
1.13715
1.42951
1.25675
0.962074
1.96983
2.30165
2.21026
1.87876
2.69605
3.04548
3.03813
2.69147
3.31366
3.66167
3.71099
3.36639
3.87081
4.21562
4.28325
3.94142
4.4277
4.77433
4.83696
4.49192
5.00713
5.35611
5.41236
5.06319
0.69257
0.756316
1.05115
0.815821
0.523328
0.2676
0
1.56479
1.74464
2.07764
1.90637
1.57255
1.36562
2.34765
2.64372
2.99305
2.90946
2.55464
2.42539
3.01638
3.3922
3.73835
3.73957
3.38722
3.34863
3.59561
4.00419
4.3456
4.39883
4.05402
4.08636
4.14665
4.55848
4.90226
4.96952
4.62506
4.68931
4.71512
5.12176
5.47034
5.53123
5.18333
5.24842
5.30051
5.64958
5.70585
6.05544
6.11149
5.76209
5.81941
0.243718
1.19757
2.09399
2.87291
3.51663
4.07866
4.63226
5.20936
0.723922
0.787594
0.258972
1.65692
1.82786
1.31319
2.50098
2.77917
2.32039
3.2097
3.56782
3.19576
3.80283
4.20205
3.89996
4.35316
4.76347
4.48615
4.91806
5.3261
5.04209
5.50297
5.90881
5.61579
0.119408
0.239541
0.12279
0
1.02736
1.16743
1.0802
0.939224
1.87095
2.03304
1.98725
1.82547
2.61168
2.78624
2.7833
2.61021
3.2411
3.41643
3.44224
3.2684
3.80219
3.97522
4.01014
3.83815
4.35681
4.52996
4.56188
4.38921
4.93386
5.10813
5.13618
4.96184
0.579405
0.707981
0.604142
0.474471
0.630207
0.772193
0.655521
0.513712
0.125439
0.255213
0.12802
0
1.45977
1.61143
1.54384
1.39178
1.62435
1.78682
1.7008
1.53819
1.13248
1.2854
1.18243
1.0297
2.25589
2.4259
2.40238
2.23339
2.53882
2.7122
2.66819
2.49383
2.0965
2.26601
2.19999
2.0299
2.9387
3.11466
3.12858
2.95421
3.30728
3.48066
3.47884
3.30433
2.94336
3.11769
3.09582
2.92031
3.52608
3.70009
3.73266
3.55992
3.93267
4.1034
4.12869
3.95744
3.63413
3.80596
3.82019
3.64749
4.0773
4.25009
4.28428
4.11228
4.48958
4.66094
4.69427
4.52296
4.21421
4.3848
4.41616
4.24538
4.64271
4.81647
4.846
4.67242
5.04995
5.22385
5.25452
5.08083
4.7668
4.93943
4.97202
4.79957
5.22721
5.40167
5.42955
5.25489
5.6324
5.80734
5.83542
5.66052
5.3393
5.51403
5.54293
5.36835
0.350878
0.363951
0.49406
0.377592
0.247596
0
1.24587
1.31404
1.46658
1.38025
1.22743
0.984963
2.06695
2.1988
2.36758
2.32198
2.15298
1.93053
2.77861
2.96027
3.13389
3.13033
2.95667
2.76989
3.38525
3.58972
3.7616
3.78625
3.61467
3.46191
3.93946
4.14712
4.31842
4.35208
4.18127
4.04355
4.49897
4.70308
4.87637
4.90754
4.73458
4.5945
5.08048
5.28269
5.45749
5.4856
5.31079
5.16476
0.804982
0.843273
0.88214
0.740171
0.919498
1.07171
0.953532
0.802214
0.678217
0.532518
0.391068
0.404085
0.263219
0.131628
0
1.66836
1.76859
1.86353
1.70134
1.95354
2.12415
2.03873
1.86772
1.77271
1.60581
1.44329
1.50213
1.33998
1.22859
2.43749
2.59734
2.74614
2.57343
2.88749
3.06454
3.02377
2.84485
2.7924
2.61416
2.43866
2.5502
2.37348
2.29846
3.09258
3.28892
3.47489
3.30202
3.65428
3.8284
3.83012
3.65401
3.64629
3.46902
3.29288
3.4509
3.27264
3.24341
3.66471
3.87237
4.07484
3.90409
4.27429
4.44572
4.47302
4.30042
4.32327
4.15014
3.97784
4.16724
3.99331
4.00335
4.2163
4.42236
4.62761
4.45592
4.83277
5.00525
5.03908
4.86625
4.89986
4.72734
4.55574
4.7599
4.58756
4.61806
4.7878
4.99047
5.19396
5.01983
5.39805
5.57244
5.60278
5.42854
5.46001
5.28607
5.11252
5.31863
5.14504
5.17845
5.37376
5.54824
5.57632
5.75097
5.77921
5.60438
5.95394
5.98218
6.15688
6.1848
6.0102
6.03827
5.86364
5.68886
5.89217
5.71758
5.74689
0.121345
1.05375
1.9301
2.69924
3.34306
3.90675
4.45937
5.03489
0.591457
0.643036
0.126741
1.50224
1.66311
1.15784
2.33063
2.60425
2.14891
3.03532
3.39374
3.02034
3.63035
4.03101
3.72769
4.18105
4.59192
4.31533
4.74426
5.15215
4.86933
5.3283
5.73391
5.44107
0.357108
0.370842
0.124153
1.28013
1.34748
1.10654
2.13414
2.26131
2.04266
2.87119
3.04645
2.86448
3.48867
3.68878
3.5391
4.0437
4.24986
4.11255
4.60098
4.80526
4.66434
5.18148
5.38409
5.23766
0.823929
0.862798
0.617209
0.901114
0.937044
0.667333
0.384348
0.397837
0.129434
1.71919
1.8167
1.58458
1.90914
1.99674
1.73736
1.41223
1.47329
1.20607
2.51907
2.67285
2.47164
2.81757
2.95614
2.73085
2.38103
2.49501
2.24982
3.19231
3.38293
3.21904
3.5652
3.74247
3.56291
3.21233
3.3723
3.17008
3.76932
3.97412
3.83331
4.1748
4.37359
4.226
3.88248
4.07265
3.91196
4.31946
4.52505
4.38708
4.73013
4.93569
4.79684
4.45397
4.65763
4.51698
4.88901
5.09213
4.9479
5.29593
5.50032
5.35712
5.00993
5.21538
5.07501
5.47499
5.67773
5.53094
5.88071
6.08355
5.93688
5.5872
5.79052
5.64488
0
-0.0684388
-0.317342
-0.777065
-1.42235
-2.19343
-3.02255
-3.85525
-4.67184
1
0.907184
0.588824
0.00467451
-0.770614
-1.61788
-2.45991
-3.27817
-4.087
-0.0182555
0.442707
0.971305
0.5
-0.166898
0.160655
0.781831
-0.521303
-0.366862
0.327544
-1.07978
-1.0862
-0.366748
-1.79646
-1.90243
-1.19161
-2.60472
-2.74173
-2.04185
-3.44067
-3.56787
-2.87149
-4.26521
-4.37983
-3.68258
0.497752
0.332391
-0.0739196
-0.708453
-1.4877
-2.32234
-3.15726
-3.97462
-0.00989264
0.245685
0.507033
0.25
-0.111375
0.0904261
0.394936
0.194174
-0.41266
-0.290919
0.0510848
-0.0707037
-0.922959
-0.891138
-0.532328
-0.56698
-1.606
-1.64212
-1.28469
-1.25307
-2.3978
-2.46443
-2.11214
-2.04864
-3.23188
-3.29945
-2.9501
-2.88292
-4.06077
-4.11987
-3.7716
-3.71173
-0.037576
0.476589
0.679749
0.946315
0.738841
0.98372
0.75
-0.235455
0.254419
0.379888
0.693985
0.562178
0.852672
-0.642946
-0.213602
-0.176271
0.173112
0.131876
0.466475
-1.24659
-0.893614
-0.924557
-0.565641
-0.533179
-0.17595
-1.99263
-1.69397
-1.75792
-1.40466
-1.33654
-0.979812
-2.81326
-2.53236
-2.60037
-2.25172
-2.18079
-1.83046
-3.64854
-3.36315
-3.42347
-3.0753
-3.01454
-2.66645
-4.46882
-4.52573
-4.17723
-4.23367
-3.88473
-3.82902
-3.48049
0.25398
0.149201
-0.173508
-0.72366
-1.44485
-2.25582
-3.09163
-3.91623
0.226086
0.716058
0.750039
0.0172482
0.479331
0.628763
-0.422365
-0.015282
0.263906
-1.06806
-0.72547
-0.349496
-1.84374
-1.54663
-1.12875
-2.67368
-2.39118
-1.96954
-3.50617
-3.21957
-2.80817
-4.32291
-4.03133
-3.62651
-0.00665609
0.123251
0.253526
0.125
-0.088413
0.0209951
0.173354
0.0648214
-0.363375
-0.291016
-0.12028
-0.191843
-0.848621
-0.822312
-0.643903
-0.670701
-1.51326
-1.5255
-1.3482
-1.33759
-2.29524
-2.32721
-2.152
-2.12142
-3.12726
-3.16198
-2.98736
-2.95302
-3.95816
-3.98849
-3.8141
-3.78353
-0.0265555
0.0960564
0.237361
0.11524
0.488687
0.597578
0.729059
0.619543
0.505755
0.629752
0.751235
0.625
-0.199576
-0.10689
0.0556473
-0.0360607
0.295352
0.36826
0.522823
0.448658
0.420611
0.513195
0.656158
0.562532
-0.580571
-0.531031
-0.354956
-0.404232
-0.142
-0.113181
0.0601206
0.0302949
0.107819
0.158852
0.32395
0.271651
-1.16202
-1.15695
-0.978513
-0.984784
-0.800012
-0.80862
-0.628363
-0.619795
-0.448172
-0.439801
-0.261459
-0.270374
-1.89391
-1.91852
-1.74246
-1.71952
-1.59049
-1.6198
-1.44137
-1.41152
-1.1848
-1.20601
-1.02612
-1.00456
-2.70886
-2.74381
-2.56901
-2.53496
-2.4274
-2.46165
-2.28612
-2.25136
-2.00718
-2.04055
-1.86373
-1.82978
-3.54475
-3.57745
-3.40295
-3.37022
-3.26036
-3.29143
-3.11721
-3.08594
-2.84605
-2.87914
-2.70444
-2.671
-4.3671
-4.39582
-4.22145
-4.1925
-4.07595
-4.10433
-3.93018
-3.90189
-3.66984
-3.69913
-3.52507
-3.49575
-0.0127595
0.251141
0.373171
0.503849
0.381818
0.375
-0.137582
0.121564
0.213093
0.365547
0.27371
0.320016
-0.46538
-0.230439
-0.180914
-0.00953976
-0.0596045
0.0466466
-1.00009
-0.806143
-0.798946
-0.619167
-0.626961
-0.465711
-1.70045
-1.54287
-1.56469
-1.38571
-1.36442
-1.16914
-2.50101
-2.36
-2.39345
-2.21722
-2.18401
-1.9755
-3.33638
-3.19567
-3.22844
-3.05383
-3.02097
-2.81243
-4.16312
-4.01814
-4.04726
-3.87318
-3.84395
-3.63986
-0.0515757
0.211702
0.46132
0.352834
0.699677
0.794574
0.928654
0.83225
0.96052
0.855992
0.745754
0.979012
0.867798
0.989344
0.875
-0.274774
-0.0248905
0.209508
0.13753
0.431697
0.485564
0.643656
0.58785
0.740141
0.673175
0.597474
0.819412
0.741861
0.881975
-0.708524
-0.493109
-0.288626
-0.316613
-0.0941372
-0.0845663
0.090606
0.0801487
0.25226
0.23094
0.199855
0.39911
0.366411
0.529857
-1.33343
-1.15965
-0.989081
-0.98017
-0.824273
-0.846473
-0.667467
-0.644391
-0.465278
-0.448763
-0.440144
-0.270162
-0.261502
-0.0841791
-2.09253
-1.94584
-1.79798
-1.76874
-1.65218
-1.68718
-1.51131
-1.4748
-1.29806
-1.26313
-1.23228
-1.08547
-1.05324
-0.874781
-2.91787
-2.77833
-2.63715
-2.60311
-2.49594
-2.52997
-2.35603
-2.32115
-2.147
-2.11088
-2.07524
-1.93634
-1.89941
-1.7243
-3.75205
-3.60909
-3.46565
-3.43474
-3.32164
-3.35096
-3.17683
-3.14753
-2.97354
-2.94305
-2.91152
-2.76915
-2.73725
-2.56339
-4.57039
-4.59871
-4.42431
-4.45278
-4.27851
-4.25007
-4.30681
-4.1325
-4.16042
-3.98585
-3.95814
-3.78363
-3.75593
-3.72781
-3.58154
-3.55364
-3.37938
0.124574
0.0444996
-0.239688
-0.745098
-1.43071
-2.22401
-3.05757
-3.88615
0.107085
0.610118
0.629325
-0.0697556
0.410467
0.539709
-0.466001
-0.0396518
0.217251
-1.06974
-0.713216
-0.353665
-1.81846
-1.51538
-1.10469
-2.6393
-2.3566
-1.93511
-3.47398
-3.18884
-2.77523
-4.29423
-4.00313
-3.59754
0.120517
0.378924
0.380512
-0.00586734
0.245223
0.298594
-0.345921
-0.118428
-0.00458633
-0.902277
-0.711714
-0.544915
-1.62182
-1.46401
-1.26608
-2.4309
-2.28866
-2.07959
-3.26622
-3.12485
-2.91681
-4.0906
-3.94568
-3.74202
0.0819501
0.338048
0.364497
0.581776
0.815243
0.845785
0.626069
0.863228
0.871366
-0.14762
0.0939976
0.177195
0.321984
0.538864
0.632652
0.48287
0.70959
0.770184
-0.599335
-0.389575
-0.247036
-0.190156
-0.000543761
0.157409
0.0964932
0.300695
0.428105
-1.24629
-1.07378
-0.888504
-0.905807
-0.744734
-0.545643
-0.52859
-0.353949
-0.171602
-2.01954
-1.87184
-1.66631
-1.72464
-1.58096
-1.36881
-1.30834
-1.15788
-0.949372
-2.84842
-2.70784
-2.49829
-2.56646
-2.42575
-2.21619
-2.14598
-2.00528
-1.79336
-3.68064
-3.53743
-3.33174
-3.39372
-3.24936
-3.04544
-2.9827
-2.84033
-2.63381
-4.49729
-4.35141
-4.1487
-4.20556
-4.05927
-3.85703
-3.80057
-3.65481
-3.45237
