FiniteElementSpace
FiniteElementCollection: H1_2D_P2
VDim: 2
Ordering: 0

0
-0.00552822
-0.00225777
0.00471184
0.00997193
0.012669
0.0138644
0.0144172
0.0147361
0
0.00751117
0.0140553
0.0185101
0.0205503
0.0212869
0.0214628
0.0214966
0.0217523
-0.00369574
0.000420413
0.00387678
0
-0.00484086
0.00575594
0.0109484
0.00121787
0.0118174
0.0166172
0.00769359
0.0154609
0.0197707
0.0115835
0.0170865
0.0210171
0.0133862
0.0177045
0.0214208
0.0141905
0.0179565
0.0214674
0.0145834
0.0182177
0.0215938
-0.000334224
0.00264277
0.00900204
0.0139629
0.0164529
0.017475
0.0178459
0.0180763
-0.0018777
-0.00185219
-0.000188025
0
-0.00547751
-0.00101511
0.00137389
-0.00246282
-0.000570017
0.00519797
0.00740484
0.0018373
0.00628559
0.0108771
0.012977
0.00833835
0.0108534
0.014031
0.0160102
0.0127422
0.0130646
0.0154365
0.0173056
0.0148862
0.0140426
0.0160127
0.0177823
0.0157853
0.0145053
0.0163234
0.0180136
0.0161775
-0.00492778
-0.000154511
0.00354699
0.00571711
0.0013304
0.00196581
0
-0.00372499
0.00413674
0.00975128
0.0125569
0.00649218
0.00925871
0.00300453
0.0104861
0.0152049
0.0176487
0.0127768
0.0154157
0.00892217
0.0147851
0.0180812
0.0202094
0.0169395
0.0192116
0.0121819
0.0168066
0.019232
0.0211719
0.018798
0.020814
0.0136487
0.0176049
0.0196032
0.0214502
0.0194777
0.0213682
0.0143138
0.017902
0.0197357
0.0214754
0.0196705
0.0214658
0.0146577
0.0164759
0.0181446
0.019975
0.021669
0.0198367
0.0215356
-0.000801121
-0.00196684
0.00350695
0.00969323
0.0134498
0.0151924
0.0159101
0.0162505
-0.00243441
0.00234392
0.000468784
0.000291556
0.00811866
0.00494542
0.00682804
0.0140776
0.0113222
0.01189
0.0175741
0.0161557
0.0145042
0.0190435
0.0184826
0.0156305
0.0195516
0.0193739
0.0160999
0.0197004
0.0196404
0.0163992
0.0199023
0.0197806
-0.000740251
-0.0012529
-0.000277535
0
-0.00558223
-0.00367832
-0.00227708
-0.00395009
-0.00143228
0.00150485
0.0026635
-0.000171427
0.00551846
0.00800799
0.00903644
0.00654914
0.0104327
0.0121535
0.0131128
0.0113615
0.0128771
0.0141288
0.0150478
0.0137777
0.0139576
0.0149749
0.0158509
0.0148242
0.0144628
0.0153751
0.0162143
0.0152941
-0.00438471
-0.00363328
-0.00221283
-0.00271632
-0.000292692
0.00103526
0.00181736
0.000441143
-6.34529e-05
0.000108996
0.000180772
0
-0.00433455
-0.00167602
-0.000398992
-0.00288566
0.00336766
0.00609199
0.00729978
0.00452087
0.000852889
0.00310449
0.00422391
0.00192401
0.00211793
0.00494531
0.00602479
0.00324109
0.00976092
0.0122857
0.0134478
0.0108857
0.00658191
0.00935035
0.0105479
0.00772947
0.00833064
0.0104144
0.0114043
0.0092985
0.0143933
0.0161953
0.0172741
0.0154663
0.0124189
0.0145795
0.015702
0.0135206
0.0118977
0.0133431
0.0142799
0.0128078
0.0166398
0.0179361
0.0189286
0.0176383
0.01575
0.0172607
0.0182938
0.0167864
0.013524
0.0146396
0.015539
0.0144116
0.0175443
0.0185832
0.0195179
0.0184826
0.0172029
0.0183474
0.0193082
0.0181686
0.0142549
0.0152039
0.0160579
0.0150993
0.0178745
0.0188029
0.0196851
0.0187605
0.0177456
0.0187144
0.0196231
0.0186578
0.0146205
0.0155292
0.0163609
0.0154519
0.0181098
0.019022
0.0198686
0.018956
0.0179845
0.0188975
0.0197568
0.0188472
-0.00287342
-0.001367
-0.00107693
-0.000288245
-0.000487268
0
-0.00522663
-0.00154218
0.000814137
0.00197405
-0.000297197
-0.00102038
0.000319556
0.00435546
0.00711159
0.00821397
0.00546498
0.00380262
0.00701184
0.0103067
0.0124324
0.013491
0.0113485
0.0100916
0.0112361
0.0137549
0.0152486
0.0162437
0.0147379
0.0141109
0.0132336
0.0153214
0.0164586
0.0173958
0.0162527
0.0159909
0.0141199
0.0159637
0.0169291
0.0178154
0.0168467
0.0167462
0.0145452
0.0162867
0.0171985
0.0180442
0.0171307
0.0170659
-0.00531286
-0.00251682
8.32441e-05
-0.00128809
0.00291966
0.00538295
0.00662062
0.00387444
0.00480356
0.00245002
0.000876401
0.00293611
0.0010468
0.000894646
0
-0.00302597
0.00104199
0.00493666
0.00221698
0.00893833
0.011851
0.0133219
0.0102609
0.0117647
0.00861761
0.00570408
0.0101122
0.00697506
0.00839159
0.00387289
0.00760078
0.0111722
0.00867024
0.0146633
0.016868
0.0181011
0.0158638
0.0171552
0.014684
0.0120666
0.0160378
0.0133383
0.0147546
0.00946889
0.0123351
0.0151399
0.0133485
0.0178422
0.0193377
0.0203913
0.0189139
0.0200044
0.0183758
0.0165675
0.0195085
0.0177006
0.0188808
0.012438
0.0147055
0.0169549
0.0156609
0.0191442
0.0202728
0.0212342
0.0201236
0.0211003
0.019926
0.01865
0.0209227
0.0196689
0.0206912
0.0137617
0.0157122
0.017658
0.0166199
0.0195797
0.020539
0.0214582
0.020508
0.0214381
0.020458
0.01943
0.0213978
0.0203819
0.0213316
0.0143677
0.0161396
0.0179292
0.0170002
0.0197171
0.0206196
0.0214839
0.0205919
0.0214701
0.0205735
0.0196559
0.0214663
0.0205582
0.021465
0.014696
0.0156083
0.0164378
0.0173453
0.0181804
0.0172705
0.0190946
0.0199375
0.0208623
0.0217106
0.0207857
0.0216294
0.0207167
0.0198073
0.0215622
0.0206606
0.0215136
-0.000422656
-0.00388502
0.00065303
0.00729866
0.0117758
0.0139626
0.0149032
0.0153355
-0.00324743
0.000703945
3.54097e-05
-0.0023254
0.00529236
0.00248037
0.00410234
0.0116047
0.00854636
0.00987804
0.0158493
0.0140719
0.013089
0.0177962
0.0170368
0.0145317
0.0185367
0.018264
0.0151537
0.0187818
0.0186878
0.0154903
0.0189882
0.0188714
-0.00205391
-0.000810543
-0.000167806
-0.00334138
0.000215468
-0.000712449
0.00237213
0.0062951
0.00463025
0.00867499
0.0119118
0.0107413
0.0124966
0.0150065
0.01444
0.0142778
0.0163619
0.0161295
0.0150399
0.0168897
0.0167992
0.0154137
0.0171641
0.0170982
-0.00386833
-0.00121384
-0.00124197
0.00144129
0.0046177
0.00315436
0.00024314
0.00175361
0.000371426
-0.000952414
0.00299367
0.00148574
0.00690756
0.0110657
0.00944234
0.00378776
0.00779279
0.00617014
0.00576327
0.00940005
0.00790532
0.0129247
0.016388
0.0152957
0.010132
0.0140307
0.01261
0.0109082
0.0137477
0.0129105
0.0165067
0.0191389
0.0186608
0.0150435
0.0180569
0.0173053
0.0135718
0.0158352
0.0154659
0.0180597
0.0202037
0.0200316
0.0174604
0.0198059
0.0195138
0.0147367
0.0166868
0.0165442
0.0186232
0.0205254
0.0204859
0.0184199
0.0204237
0.0203319
0.0152505
0.0170334
0.0169657
0.0188246
0.0206043
0.0205819
0.0187383
0.0205659
0.0205496
0.0155688
0.0173076
0.017234
0.0190572
0.0208232
0.0207498
0.0189257
0.0206868
0.0206382
0
-0.0123874
-0.0306551
-0.046012
-0.0568273
-0.0651344
-0.0725006
-0.0794074
-0.0862855
0
-0.00942087
-0.0253065
-0.0412658
-0.0539285
-0.0636231
-0.0717359
-0.0789741
-0.0859424
-0.00515026
-0.0100209
-0.00373585
0
-0.0214593
-0.0280353
-0.0169725
-0.0389591
-0.0439942
-0.0335912
-0.0518791
-0.0556673
-0.048052
-0.0611632
-0.0645342
-0.059049
-0.0688911
-0.0722007
-0.0678191
-0.075993
-0.0792174
-0.0754329
-0.0828115
-0.0861086
-0.0824459
-0.0029018
-0.0188843
-0.036547
-0.0503131
-0.0603231
-0.0684677
-0.0757681
-0.0826327
-0.00280876
-0.00372949
-0.000609335
0
-0.0168148
-0.0200038
-0.0143363
-0.0109587
-0.034954
-0.0377576
-0.0324078
-0.0292667
-0.0490796
-0.0511876
-0.0472883
-0.0450674
-0.0590542
-0.0608164
-0.0580652
-0.056337
-0.0670339
-0.0687223
-0.0665291
-0.06489
-0.0742596
-0.0759046
-0.0740029
-0.072384
-0.0811055
-0.0827273
-0.080923
-0.0793264
-0.00841608
-0.00613872
-0.009536
-0.00626935
-0.00286264
-0.00200387
0
-0.0261228
-0.023495
-0.0267951
-0.0210998
-0.0179526
-0.013037
-0.0426449
-0.0404145
-0.0427511
-0.0375287
-0.0352123
-0.0294967
-0.0544484
-0.0530951
-0.0548553
-0.0510971
-0.0492701
-0.0447766
-0.0631827
-0.0624714
-0.0640995
-0.0613921
-0.0597213
-0.05657
-0.0707121
-0.0703568
-0.0719762
-0.0698084
-0.068156
-0.0657607
-0.0777064
-0.0775031
-0.0790945
-0.077218
-0.0756042
-0.0736084
-0.0845364
-0.0861972
-0.084359
-0.0860227
-0.0841835
-0.0825337
-0.0807129
-0.00129732
-0.0153663
-0.0336458
-0.048266
-0.058642
-0.0668302
-0.0741601
-0.0810234
-0.0070017
-0.00587973
-0.00068271
-0.0246853
-0.0223841
-0.0136202
-0.0415679
-0.0391067
-0.0310935
-0.0538652
-0.0521677
-0.046137
-0.062891
-0.0619589
-0.0573629
-0.0705724
-0.0700926
-0.066161
-0.0776238
-0.0773618
-0.0738115
-0.0844506
-0.084265
-0.0808142
-0.00167099
-0.00195963
-0.000523796
0
-0.0145594
-0.0160332
-0.0131208
-0.0116098
-0.0328412
-0.0342844
-0.0314864
-0.0299335
-0.0475821
-0.0486944
-0.0467027
-0.0455551
-0.0579568
-0.0588713
-0.0575078
-0.0566074
-0.0660894
-0.0669458
-0.0658667
-0.0650278
-0.0733834
-0.0742186
-0.0732763
-0.0724522
-0.080256
-0.0810671
-0.0801749
-0.0793712
-0.00667487
-0.0076422
-0.00526614
-0.0043798
-0.00442652
-0.00593061
-0.00427905
-0.00277347
-6.49219e-05
-0.000540386
-0.000112136
0
-0.0238016
-0.0253652
-0.0223493
-0.0206826
-0.0211904
-0.0229426
-0.0201632
-0.0184065
-0.0121375
-0.0139472
-0.0115363
-0.00972494
-0.0408443
-0.0421132
-0.0397013
-0.0383546
-0.0385155
-0.0397866
-0.0371892
-0.0359044
-0.0302466
-0.0317716
-0.0289623
-0.0274291
-0.0531897
-0.0541829
-0.0525542
-0.0515584
-0.0517322
-0.0526501
-0.050747
-0.0498129
-0.0456758
-0.0467364
-0.0444762
-0.0433981
-0.0621819
-0.0630547
-0.0618645
-0.0610103
-0.0614094
-0.0622244
-0.0608537
-0.0600335
-0.0568858
-0.0577275
-0.0561298
-0.0552773
-0.0698056
-0.0706533
-0.0696524
-0.068819
-0.0694182
-0.070229
-0.0691312
-0.068317
-0.0655394
-0.0663513
-0.0651393
-0.0643244
-0.0768518
-0.077671
-0.0767669
-0.0759562
-0.0766388
-0.0774339
-0.0764868
-0.0756883
-0.0731068
-0.0739101
-0.0728995
-0.072092
-0.0836709
-0.0844936
-0.0835859
-0.0827705
-0.0834932
-0.0843116
-0.0833972
-0.0825829
-0.0800705
-0.0808688
-0.0799552
-0.0791567
-0.00384321
-0.00239777
-0.00322893
-0.00162002
-0.000863485
0
-0.0191248
-0.0176691
-0.0194094
-0.0165923
-0.0148038
-0.0104296
-0.036998
-0.0357378
-0.0371596
-0.0345088
-0.0330259
-0.0286401
-0.0505107
-0.0497592
-0.0507717
-0.0488326
-0.0477977
-0.0445488
-0.0601208
-0.0597433
-0.0605856
-0.0592097
-0.0583715
-0.0560219
-0.0679669
-0.0677818
-0.0686039
-0.067505
-0.06669
-0.064724
-0.0751291
-0.075036
-0.075841
-0.0748898
-0.0740872
-0.0722991
-0.0819567
-0.0818738
-0.0826812
-0.0817765
-0.080975
-0.0792746
-0.0103258
-0.00890927
-0.00801228
-0.00649752
-0.00764242
-0.00943883
-0.00778072
-0.0059898
-0.00492204
-0.00317715
-0.0016623
-0.00275815
-0.0011634
-0.0011816
0
-0.0284157
-0.0269959
-0.0257801
-0.0240679
-0.0245977
-0.0261003
-0.0232005
-0.0217833
-0.0190204
-0.0174872
-0.0157647
-0.0149743
-0.0133264
-0.0111823
-0.0443687
-0.0433559
-0.04224
-0.0410048
-0.0409608
-0.0420446
-0.0394261
-0.0383605
-0.0355844
-0.03445
-0.0331781
-0.0315615
-0.0303462
-0.0274101
-0.0556586
-0.0551241
-0.0544051
-0.0535012
-0.0535361
-0.0544048
-0.0525391
-0.0516499
-0.0496039
-0.0486841
-0.0477343
-0.0464454
-0.0454862
-0.0430522
-0.0641653
-0.0638988
-0.0635123
-0.062695
-0.0630402
-0.063864
-0.0625203
-0.0616798
-0.0602361
-0.0593915
-0.058559
-0.0578285
-0.0569757
-0.055272
-0.07161
-0.0714829
-0.0712843
-0.0704724
-0.0710407
-0.0718564
-0.0707795
-0.0699511
-0.0688218
-0.0679886
-0.0671663
-0.066799
-0.0659625
-0.0647025
-0.0785578
-0.0784765
-0.0783621
-0.0775671
-0.0782305
-0.0790329
-0.078099
-0.0772891
-0.0763298
-0.0755182
-0.0747127
-0.0745262
-0.07371
-0.0726787
-0.0854087
-0.0862419
-0.0853218
-0.0861527
-0.0852307
-0.0844056
-0.0860651
-0.0851392
-0.0859813
-0.0850575
-0.0842212
-0.083313
-0.0824872
-0.0816732
-0.0815791
-0.0807615
-0.0798448
-0.000968309
-0.0137798
-0.0321419
-0.047161
-0.0577568
-0.0659928
-0.0733392
-0.0802189
-0.00590694
-0.00425902
-1.68758e-05
-0.0230311
-0.0206728
-0.0117949
-0.0402741
-0.0378779
-0.0296223
-0.0528979
-0.0512596
-0.0451006
-0.0620425
-0.0611418
-0.0565225
-0.0697407
-0.0692795
-0.0653462
-0.0768159
-0.0765646
-0.0730064
-0.083629
-0.0834448
-0.0800133
-0.003055
-0.00191572
-0.000232004
-0.0183435
-0.0170897
-0.0125753
-0.0363579
-0.0351267
-0.0308607
-0.0501585
-0.0493169
-0.0462087
-0.0599541
-0.0594934
-0.0572157
-0.0678874
-0.067653
-0.0657141
-0.0750906
-0.074968
-0.0731977
-0.0819171
-0.0818266
-0.0801249
-0.00955301
-0.00839442
-0.00476662
-0.00776138
-0.00764928
-0.00449468
-0.00152322
-0.00206372
-0.000426626
-0.0276721
-0.0263715
-0.0217414
-0.0251978
-0.0239449
-0.0196254
-0.0161574
-0.0153814
-0.0113389
-0.0438734
-0.0428139
-0.0391191
-0.0416262
-0.0402326
-0.0364321
-0.0338666
-0.0324194
-0.0282367
-0.0554173
-0.0547851
-0.0521646
-0.0539879
-0.0530526
-0.0501954
-0.048306
-0.0471157
-0.0437966
-0.0640488
-0.0637184
-0.0616517
-0.0632846
-0.0627837
-0.0605502
-0.0588967
-0.0582015
-0.0557118
-0.071557
-0.0713908
-0.0695436
-0.0711664
-0.0709106
-0.0689774
-0.0673414
-0.066984
-0.0649231
-0.0785223
-0.0784225
-0.076707
-0.0782975
-0.0781636
-0.0764077
-0.0748037
-0.0746194
-0.0727893
-0.0853656
-0.0852767
-0.0835406
-0.0851845
-0.085096
-0.0833523
-0.0817248
-0.0816239
-0.0798983
