FiniteElementSpace
FiniteElementCollection: L2_2D_P3
VDim: 1
Ordering: 0

0.00498739
0.00316045
0.00461418
0.00626168
0.00203165
0.00177406
0.00325085
0.00486555
0.000589288
0.000802384
0.00185651
0.00301419
0.000385184
0.000472229
0.00107159
0.00171515
0.00234297
0.00212718
0.00187175
0.00169506
0.00173046
0.00156509
0.00137257
0.00124203
0.0011039
0.000996268
0.000875568
0.000797582
0.000757146
0.000687299
0.000613291
0.000569324
0.000151162
9.74747e-05
4.56597e-05
1.99462e-05
0.000119206
8.12569e-05
4.77109e-05
3.42135e-05
0.000137554
0.000115325
0.00010005
9.87863e-05
0.00019506
0.000180974
0.000175177
0.000180267
0.00046553
0.000539235
0.00064372
0.000729999
0.000389574
0.000442876
0.00051934
0.000582998
0.000336532
0.000366565
0.00041162
0.000450313
0.000325709
0.000339967
0.000364236
0.000386781
0.0015206
0.00154694
0.00157747
0.00159781
0.00114553
0.00116445
0.00118583
0.00119957
0.000762555
0.000772895
0.000783967
0.000790482
0.000539566
0.000544188
0.000548581
0.000550557
0.00131533
0.00126202
0.00119162
0.0011372
0.000996383
0.000957922
0.000906816
0.000867115
0.000663785
0.000640455
0.000609196
0.00058478
0.000466089
0.000451609
0.000432077
0.000416787
0.000471521
0.000426788
0.000371672
0.000331949
0.000374746
0.000340429
0.000298315
0.0002681
0.000272955
0.000249704
0.00022147
0.00020146
0.000212656
0.000196092
0.000176298
0.000162529
4.77886e-05
3.82527e-05
2.7482e-05
2.04869e-05
4.37107e-05
3.55324e-05
2.63097e-05
2.03165e-05
4.01638e-05
3.33841e-05
2.57877e-05
2.0872e-05
3.88777e-05
3.28482e-05
2.61539e-05
2.18598e-05
0.0038804
0.00367964
0.0034494
0.00329605
0.00296632
0.00278992
0.00258936
0.00245707
0.00196337
0.00182468
0.00166974
0.00156974
0.00135074
0.00124337
0.00112632
0.00105318
0.000279471
0.000280041
0.000287361
0.000298142
0.000480826
0.000478074
0.000476032
0.000476149
0.00108427
0.00105173
0.00100491
0.000966828
0.00182601
0.00175074
0.00164396
0.00155734
0.000211534
6.07426e-05
3.77302e-05
8.36142e-05
0.000232072
0.000106341
0.000150778
0.000273113
0.000343204
0.00027939
0.000548079
0.000898841
0.000646379
0.000575165
0.00108101
0.00169963
0.000958604
0.000812755
0.00064316
0.000528672
0.000696155
0.000587472
0.000464161
0.000383501
0.000465474
0.000397771
0.000325477
0.000282124
0.000372866
0.000330563
0.000289889
0.000269687
0.000446134
0.000444653
0.000451435
0.000463392
0.000537599
0.000528075
0.000523577
0.000526335
0.000743649
0.000712471
0.000679658
0.000660741
0.000973651
0.000916551
0.000850735
0.000807215
0.000355155
0.000363608
0.000380552
0.000398428
0.000505315
0.000508281
0.000515885
0.00052503
0.000892282
0.000873244
0.000849704
0.000833354
0.00134868
0.00130025
0.001237
0.00118942
3.78728e-05
6.72696e-05
0.000120403
0.000172493
6.28451e-05
8.55413e-05
0.000127751
0.000169697
0.000130807
0.00014436
0.000172676
0.000202355
0.00020662
0.000212516
0.000230021
0.000250714
0.000385169
0.000363725
0.00034377
0.000334187
0.000361081
0.000335775
0.000310874
0.000297575
0.000325647
0.000295103
0.000264097
0.000246687
0.00029652
0.000261834
0.000226477
0.000206546
0.000460708
0.000447097
0.000438721
0.000439264
0.000486516
0.000465568
0.00044754
0.000440633
0.000539525
0.000503729
0.000467119
0.00044657
0.000596632
0.000545226
0.000489601
0.000455499
0.00108159
0.00114969
0.00123933
0.00130838
0.00083511
0.000883564
0.000947364
0.000996416
0.000592607
0.00061933
0.000654951
0.000682506
0.000458586
0.000471229
0.00048895
0.000503109
0.000124522
0.00011001
9.3822e-05
8.31957e-05
8.44385e-05
7.1386e-05
5.72841e-05
4.84453e-05
5.95672e-05
5.10191e-05
4.31803e-05
3.94967e-05
6.26859e-05
5.95174e-05
5.9104e-05
6.14618e-05
0.000253849
0.000232492
0.000210063
0.000196574
0.000209405
0.000187819
0.000165184
0.00015164
0.00015662
0.00013717
0.000117791
0.000107152
0.000121516
0.000105566
9.13902e-05
8.52633e-05
0.0015873
0.00156485
0.00153176
0.00150358
0.00119142
0.00117575
0.00115196
0.00113126
0.000782205
0.000772943
0.000758245
0.000745075
0.000540705
0.000534892
0.000525297
0.000516496
1.87132e-05
1.93538e-05
2.04246e-05
2.14796e-05
4.61832e-07
1.29993e-06
2.99914e-06
4.81698e-06
2.80396e-05
2.86563e-05
3.05341e-05
3.28398e-05
8.85908e-05
8.86383e-05
9.0114e-05
9.23638e-05
4.26111e-05
3.69914e-05
3.05578e-05
2.62058e-05
1.55702e-05
1.10963e-05
6.48451e-06
3.80843e-06
2.59916e-05
2.4256e-05
2.36621e-05
2.44363e-05
6.95579e-05
7.08023e-05
7.44466e-05
7.87528e-05
0.000881861
0.000823568
0.000749562
0.00069453
0.000680804
0.000637518
0.000582594
0.0005418
0.000469636
0.000442032
0.000407159
0.000381414
0.000343701
0.00032547
0.000302657
0.000286028
5.30904e-05
5.39065e-05
5.5891e-05
5.81803e-05
3.66904e-05
3.75671e-05
3.97444e-05
4.22542e-05
4.58317e-05
4.47944e-05
4.47003e-05
4.56239e-05
7.60897e-05
7.20735e-05
6.8321e-05
6.66028e-05
3.23683e-05
3.47762e-05
3.8361e-05
4.15537e-05
1.61617e-05
1.83541e-05
2.19293e-05
2.53044e-05
3.95038e-05
3.97342e-05
4.1127e-05
4.30947e-05
9.13151e-05
8.8758e-05
8.68157e-05
8.64407e-05
0.000189033
0.000163786
0.00013368
0.000112763
0.000157361
0.000137176
0.000113236
9.66966e-05
0.000124638
0.000109862
9.25541e-05
8.07591e-05
0.000106048
9.45137e-05
8.12167e-05
7.2317e-05
4.90499e-05
4.57009e-05
4.24474e-05
4.0743e-05
3.91294e-05
3.65259e-05
3.41736e-05
3.31074e-05
3.25271e-05
3.00229e-05
2.77912e-05
2.68148e-05
3.22625e-05
2.9168e-05
2.62264e-05
2.47559e-05
6.00714e-05
5.8342e-05
5.7279e-05
5.73672e-05
4.55648e-05
4.43657e-05
4.39836e-05
4.45812e-05
4.2963e-05
4.08812e-05
3.94334e-05
3.92757e-05
5.33896e-05
4.94336e-05
4.5683e-05
4.38663e-05
4.11033e-06
2.62846e-06
1.20751e-06
5.01852e-07
5.1374e-06
3.49957e-06
1.8571e-06
9.61931e-07
6.56374e-06
4.69937e-06
2.78336e-06
1.685e-06
7.71102e-06
5.62631e-06
3.4895e-06
2.2622e-06
7.79446e-06
5.84736e-06
3.84867e-06
2.67694e-06
6.63142e-06
4.95952e-06
3.24982e-06
2.25152e-06
5.28765e-06
3.92085e-06
2.5343e-06
1.73305e-06
4.37805e-06
3.20755e-06
2.03467e-06
1.36841e-06
2.76807e-05
2.43057e-05
2.07187e-05
1.8517e-05
2.29693e-05
2.02023e-05
1.73252e-05
1.56076e-05
1.83476e-05
1.60703e-05
1.37692e-05
1.2451e-05
1.59251e-05
1.37924e-05
1.16721e-05
1.04915e-05
0.00480686
0.00447253
0.00411919
0.00389374
0.00374912
0.00348677
0.00319141
0.00299818
0.00249124
0.00232463
0.00214063
0.00202426
0.00164783
0.00156381
0.00147658
0.00142941
0.00127582
0.00122162
0.00117697
0.00114985
0.000687445
0.000671175
0.00066309
0.000664801
0.000250616
0.000260456
0.000276535
0.000291578
0.000152421
0.000177499
0.000208105
0.000228262
0.00030787
0.000315357
0.000763877
0.00125368
0.00020179
0.000152683
0.000379339
0.000661094
0.000179665
5.86057e-05
8.62286e-05
0.000187526
0.000199578
4.72745e-05
1.13235e-05
5.71272e-05
0.00159477
0.00140979
0.00119125
0.00104059
0.00116735
0.00102736
0.000865115
0.000755848
0.000751662
0.000662394
0.000563506
0.000500784
0.00054154
0.000484747
0.000426291
0.000393231
0.000455559
0.000413589
0.000373172
0.000352999
0.000334938
0.000314966
0.000301115
0.000299734
0.000295686
0.000294301
0.000302302
0.000315971
0.000359518
0.000364003
0.000378205
0.000395655
0.000608977
0.000556639
0.00050385
0.000474991
0.000394282
0.000368425
0.000347616
0.000341378
0.000273
0.000271013
0.000278079
0.000290913
0.000308259
0.000315466
0.000332175
0.000350843
1.10367e-05
2.15604e-06
7.40871e-06
2.4421e-05
3.01968e-05
2.53373e-05
3.35444e-05
5.09804e-05
9.85865e-05
9.62677e-05
0.000105625
0.000122189
0.000181347
0.000178642
0.000186485
0.000201051
0.000221558
0.000218458
0.000225041
0.00023804
0.000275974
0.000271187
0.000274481
0.000284075
0.00035365
0.000344
0.000340281
0.000343932
0.000417344
0.000401886
0.000390657
0.000388564
0.000225891
0.000215209
0.000213017
0.000220212
0.000271275
0.000264451
0.000266011
0.000275073
0.000353579
0.000346764
0.000347429
0.000355074
0.000433676
0.000422905
0.000418323
0.000421854
0.000775062
0.000851894
0.000956582
0.00103996
0.000615261
0.00067023
0.000745583
0.000805819
0.000468174
0.00049873
0.000541806
0.000576918
0.000395431
0.00040992
0.000432187
0.000451422
0.000362193
0.00036965
0.000382674
0.00039476
0.000299465
0.000296897
0.000296774
0.00029873
0.000238449
0.000226112
0.000213498
0.000206076
0.000205618
0.00018821
0.000169381
0.000157497
0.000320313
0.000327606
0.000342507
0.000357636
0.000298441
0.000295508
0.000296697
0.000301011
0.000278432
0.000264884
0.000252224
0.000245905
0.000268125
0.000248436
0.000228087
0.000216108
0.00160331
0.00160425
0.00160112
0.00159539
0.00120331
0.00120432
0.00120186
0.00119709
0.000791994
0.000792315
0.000789867
0.000785796
0.000550523
0.000549966
0.000547116
0.000543296
0.000443223
0.000442248
0.00043922
0.000435539
0.000276989
0.000275404
0.000272195
0.00026885
0.000123032
0.00012098
0.000117934
0.000115302
4.93567e-05
4.72803e-05
4.47003e-05
4.28075e-05
0.000440272
0.000442389
0.000443872
0.000443893
0.000284883
0.000283514
0.000281039
0.000278488
0.000139575
0.000135177
0.000129522
0.000125132
6.84828e-05
6.29296e-05
5.62889e-05
5.15462e-05
0.001106
0.00104717
0.000971176
0.000913671
0.000844821
0.000801777
0.000746047
0.000703822
0.000571391
0.000544659
0.000510019
0.000483803
0.000408485
0.000391411
0.000369356
0.000352772
0.000335353
0.000322497
0.000305938
0.000293553
0.000218863
0.000212187
0.000203739
0.000197592
0.000111392
0.000110225
0.000109119
0.000108702
6.10755e-05
6.23572e-05
6.46051e-05
6.68724e-05
0.00037781
0.000367164
0.000352732
0.000341415
0.000239223
0.000234078
0.000227043
0.000221549
0.000111799
0.00011153
0.000111196
0.000111078
5.23224e-05
5.42248e-05
5.69825e-05
5.94252e-05
0.000311602
0.000276605
0.000234137
0.000204038
0.000252663
0.000225301
0.000192264
0.000168976
0.000190957
0.000171747
0.000148832
0.000132898
0.000154873
0.000140588
0.000123831
0.000112401
0.000137755
0.00012572
0.000111747
0.000102331
0.00010695
9.85867e-05
8.91603e-05
8.30396e-05
7.77262e-05
7.27837e-05
6.76243e-05
6.46185e-05
6.35136e-05
6.01903e-05
5.70766e-05
5.55842e-05
0.000184688
0.000171132
0.000155107
0.000144104
0.000136604
0.0001278
0.000117737
0.000111117
9.13539e-05
8.69248e-05
8.2394e-05
7.9873e-05
6.9586e-05
6.71881e-05
6.5264e-05
6.47033e-05
1.74886e-05
1.29579e-05
8.10998e-06
5.19287e-06
1.76991e-05
1.35166e-05
9.00031e-06
6.23132e-06
1.84886e-05
1.46124e-05
1.04067e-05
7.79258e-06
1.95273e-05
1.57312e-05
1.16267e-05
9.07807e-06
1.96171e-05
1.59058e-05
1.18738e-05
9.34844e-06
1.87913e-05
1.53847e-05
1.16908e-05
9.37498e-06
1.79859e-05
1.48706e-05
1.15105e-05
9.40998e-06
1.76116e-05
1.46355e-05
1.14404e-05
9.44998e-06
3.77873e-05
3.21552e-05
2.59096e-05
2.19017e-05
3.43478e-05
2.95408e-05
2.42555e-05
2.08902e-05
3.10112e-05
2.69927e-05
2.26371e-05
1.99038e-05
2.93757e-05
2.57424e-05
2.18479e-05
1.94332e-05
0.00316818
0.00292873
0.00264759
0.0024549
0.00236097
0.00217499
0.00195989
0.0018151
0.00150959
0.00138571
0.00124703
0.00115754
0.00101478
0.000932352
0.000844213
0.000791022
0.00079855
0.000735468
0.000670476
0.00063354
0.000478132
0.000444819
0.00041564
0.000403882
0.000261035
0.000255838
0.000259114
0.000269264
0.000261132
0.000267453
0.000282407
0.000299325
0.00107443
0.000982253
0.00088502
0.000827399
0.000624635
0.000570189
0.00051801
0.000491712
0.000287459
0.000269649
0.000259527
0.000261305
0.000243927
0.00024104
0.000246211
0.000256867
0.000302986
0.00031231
0.00032893
0.000345497
0.000477667
0.000482893
0.000490929
0.000498605
0.000957241
0.000941143
0.000917173
0.000897452
0.00153346
0.00148821
0.00142316
0.00136993
0.00190967
0.00184192
0.00174626
0.00166882
0.00276571
0.00264539
0.00247969
0.00234758
0.004286
0.00407553
0.00379072
0.00356651
0.00580259
0.00550453
0.00510527
0.00479359
0.00228209
0.00219114
0.00205745
0.00194474
0.00329922
0.00317034
0.00298431
0.00282968
0.00502393
0.00485247
0.004607
0.00440357
0.00666767
0.0064751
0.00620061
0.0059737
0.000186494
0.00022063
0.000252491
0.000266782
0.000356808
0.000399942
0.000451979
0.000486554
0.00101147
0.00104614
0.00110081
0.00114148
0.00197024
0.00192743
0.00193085
0.00194627
0.00249253
0.0024575
0.00242236
0.00240305
0.00390283
0.00374893
0.00354171
0.00337858
0.00601308
0.00573684
0.00535366
0.00504602
0.00775813
0.00743393
0.00700457
0.00665168
0.000781535
0.000937077
0.00165322
0.00241431
0.000969507
0.00122367
0.00282614
0.00476567
0.00436885
0.00295955
0.00520888
0.00818065
0.0135353
0.00599152
0.00768369
0.0107128
0.000469442
0.000368633
0.000256453
0.000185171
0.00034178
0.000268135
0.000189197
0.000141705
0.000258834
0.000214169
0.000170745
0.000148725
0.000257199
0.000229571
0.000207093
0.000200157
0.000263281
0.000243117
0.000229442
0.000228542
0.000276227
0.000266138
0.000264111
0.000270994
0.000341301
0.000337152
0.000341637
0.000352572
0.000428127
0.00042276
0.000425307
0.000434495
0.000339346
0.000308426
0.00028153
0.000271095
0.000296166
0.000281587
0.000274237
0.000277463
0.000320367
0.000318155
0.000325222
0.000338248
0.000401981
0.00040196
0.000411094
0.000425165
0.000465093
0.000457379
0.000456644
0.000463153
0.000523212
0.00050735
0.000495635
0.000493485
0.000646473
0.000611698
0.00057583
0.000555592
0.000780351
0.000724293
0.000661901
0.000622294
0.000845465
0.000776176
0.000697303
0.000645685
0.000982864
0.000884134
0.000768292
0.000689492
0.0012568
0.00110849
0.000931328
0.000808147
0.00154752
0.00135188
0.00111684
0.000952279
0.00110126
0.00102714
0.000939707
0.000880127
0.00138139
0.00126841
0.00113147
0.0010349
0.00189809
0.00171831
0.00149744
0.00133908
0.00242375
0.00217894
0.00187723
0.00166004
0.000407148
0.000411393
0.000424465
0.00044049
0.000529923
0.000527125
0.000529616
0.000536536
0.000825706
0.000800244
0.000772129
0.000754947
0.00116567
0.00111142
0.00104571
0.000999845
0.00136855
0.00129427
0.00120269
0.00113727
0.00182323
0.00170244
0.00155079
0.00143988
0.00264331
0.0024408
0.00218501
0.00199634
0.00346833
0.00318461
0.00282649
0.00256229
0.00163583
0.00156551
0.00147339
0.00140361
0.00228688
0.0021653
0.00200609
0.00188476
0.00345411
0.00324109
0.0029636
0.00275264
0.00462682
0.00432154
0.00392612
0.00362695
0.000203302
0.000260975
0.000348117
0.00042396
0.000193376
0.000235874
0.000301337
0.000359029
0.000217
0.000241446
0.000281767
0.000318864
0.000258924
0.000270432
0.000293327
0.000316579
0.000277828
0.000283531
0.00029838
0.000315073
0.000293236
0.000290004
0.000292545
0.000299265
0.000313914
0.000300474
0.000289456
0.000285558
0.000329011
0.000308805
0.000289205
0.000278889
0.000241976
0.000244311
0.000256543
0.000272677
0.000284807
0.000281086
0.00028453
0.000293195
0.000340083
0.000328048
0.000320184
0.000319775
0.000380931
0.00036218
0.000345718
0.000338809
0.000322997
0.000300564
0.000278109
0.000265646
0.000284921
0.000260593
0.000235758
0.000221558
0.000232942
0.0002076
0.000182033
0.000167754
0.000192592
0.000167618
0.000143361
0.000130745
0.000161527
0.000137989
0.000116073
0.00010564
9.49325e-05
7.59822e-05
6.06165e-05
5.57173e-05
3.25792e-05
2.04821e-05
1.53765e-05
1.94584e-05
7.31989e-06
1.33732e-06
5.64513e-06
1.81232e-05
0.000267754
0.000231716
0.000195203
0.000174871
0.000201994
0.000164368
0.000126679
0.000106193
0.000141173
0.000100734
6.1274e-05
4.09687e-05
0.000117294
7.42697e-05
3.34759e-05
1.37692e-05
0.000433
0.000414609
0.000399532
0.000394461
0.000430614
0.000406423
0.000383831
0.00037304
0.000430053
0.000395799
0.000360905
0.000341311
0.000432708
0.000388795
0.000342551
0.000315209
0.000419533
0.000370665
0.000318697
0.000287544
0.000384679
0.000326013
0.000262475
0.000223434
0.000373655
0.000298921
0.000216952
0.000165777
0.000395523
0.000305946
0.000207342
0.00014554
0.00061451
0.00055405
0.000487426
0.000445529
0.000646491
0.000566639
0.000476144
0.000417089
0.000744784
0.000632835
0.000503542
0.000417144
0.000868688
0.000726633
0.000561455
0.000450164
0.00134092
0.00139098
0.00145421
0.00150086
0.00101905
0.00105466
0.00109931
0.00113191
0.000694289
0.000713861
0.000738208
0.00075572
0.00050815
0.000517342
0.000528834
0.000536997
0.000424906
0.000429577
0.00043545
0.000439518
0.000291597
0.000289991
0.000288127
0.000286628
0.000165274
0.000158033
0.000149491
0.000143403
0.000101651
9.19816e-05
8.07802e-05
7.30484e-05
0.000398201
0.000404709
0.000414554
0.000422772
0.000296797
0.000294716
0.000293575
0.000293554
0.000199214
0.00018914
0.000178063
0.000170815
0.000148363
0.000134513
0.000118978
0.000108673
7.60784e-05
6.60939e-05
5.47449e-05
4.71155e-05
4.24571e-05
3.39539e-05
2.47959e-05
1.90863e-05
3.64095e-05
3.18769e-05
2.83089e-05
2.72452e-05
6.1635e-05
6.16303e-05
6.43349e-05
6.83867e-05
8.4743e-05
8.78907e-05
9.49158e-05
0.000102461
0.000149115
0.000159685
0.000176462
0.000191606
0.000286053
0.000307381
0.000338601
0.0003652
0.000435594
0.000466025
0.000509589
0.000546054
7.00068e-05
7.07669e-05
7.57028e-05
8.23637e-05
9.80878e-05
0.000108256
0.000125527
0.000141778
0.000180598
0.000204651
0.000240482
0.000271399
0.000283154
0.000319181
0.000371162
0.000414936
0.000185423
0.000166893
0.000146751
0.000133994
0.000140982
0.000123364
0.000104535
9.29223e-05
9.89037e-05
8.52562e-05
7.2007e-05
6.50387e-05
8.01829e-05
7.16705e-05
6.56138e-05
6.45784e-05
7.09364e-05
6.64526e-05
6.59206e-05
6.93614e-05
6.00104e-05
6.54389e-05
7.79684e-05
9.16168e-05
8.3335e-05
0.000103562
0.000135984
0.000165445
0.000134159
0.000167314
0.000217289
0.000260817
9.82155e-05
8.55022e-05
7.58988e-05
7.35798e-05
5.28645e-05
4.85632e-05
5.02323e-05
5.68755e-05
2.34008e-05
3.17534e-05
5.08023e-05
7.1554e-05
2.75604e-05
4.70919e-05
8.17067e-05
0.000115232
0.00148429
0.00144323
0.00138716
0.00134244
0.00111772
0.00108851
0.00104811
0.00101555
0.000737089
0.000719703
0.000695169
0.000675102
0.000511564
0.000500952
0.000485657
0.000472976
0.000411199
0.000403499
0.000392211
0.000382753
0.000255206
0.000251596
0.000246047
0.000241278
0.000111896
0.000111918
0.000111633
0.000111284
4.48732e-05
4.65559e-05
4.87927e-05
5.06445e-05
0.000433408
0.000429052
0.000421667
0.000414787
0.000267438
0.000265084
0.000260855
0.000256803
0.000114616
0.000114077
0.000112895
0.000111689
4.25685e-05
4.29512e-05
4.34136e-05
4.38016e-05
2.27967e-05
2.48666e-05
2.78339e-05
3.04069e-05
6.20343e-06
8.16406e-06
1.13241e-05
1.42884e-05
3.38008e-05
3.4437e-05
3.63044e-05
3.85925e-05
9.2583e-05
9.12874e-05
9.09605e-05
9.18017e-05
0.000137011
0.000134208
0.000132124
0.000131767
0.000247086
0.000240715
0.000234244
0.000230714
0.000446263
0.000433744
0.000419735
0.000410765
0.000643789
0.000625295
0.000603938
0.00058965
0.000134891
0.000134377
0.000135336
0.000137347
0.000250193
0.000248316
0.000247733
0.000248744
0.000459639
0.000455023
0.000451347
0.00045034
0.000668192
0.000660637
0.000653585
0.000650322
2.41691e-05
2.22063e-05
2.00713e-05
1.87458e-05
2.45702e-06
1.15098e-06
2.40928e-07
1.48736e-07
2.44263e-05
2.43394e-05
2.54893e-05
2.73457e-05
8.0068e-05
8.11385e-05
8.41449e-05
8.76914e-05
0.000123595
0.000125319
0.000129391
0.00013392
0.000233462
0.000236658
0.000242835
0.00024914
0.000436636
0.000441444
0.000450182
0.00045881
0.000641495
0.000647228
0.000657634
0.000667889
0.000105214
0.000108428
0.000114851
0.000121458
0.000197851
0.000205638
0.000218147
0.000229559
0.000376493
0.000390645
0.000411883
0.00043035
0.000561393
0.000580702
0.000609123
0.000633468
0.000664919
0.000611875
0.000545553
0.000497006
0.000520066
0.000480057
0.000430159
0.000393747
0.00036764
0.000341377
0.000308885
0.000285404
0.000276859
0.000258868
0.000236914
0.00022131
0.000235368
0.000221055
0.000203764
0.000191625
0.000166316
0.000157656
0.000147549
0.000140764
0.000101833
9.83138e-05
9.4803e-05
9.29767e-05
7.11461e-05
6.99702e-05
6.9519e-05
7.00339e-05
0.00028674
0.000272635
0.00025512
0.000242478
0.000194251
0.000186333
0.000176796
0.000170185
0.000108464
0.000106112
0.000103835
0.000102775
6.8024e-05
6.81688e-05
6.92209e-05
7.07601e-05
5.89366e-05
5.84548e-05
5.89252e-05
6.01541e-05
4.30937e-05
4.29183e-05
4.38325e-05
4.54259e-05
4.55261e-05
4.39008e-05
4.30743e-05
4.34382e-05
6.49775e-05
6.08363e-05
5.6913e-05
5.50376e-05
7.98119e-05
7.37838e-05
6.75282e-05
6.39586e-05
0.000118214
0.000107668
9.57083e-05
8.79028e-05
0.000195596
0.000177213
0.000155373
0.000140243
0.00027635
0.000250417
0.000219066
0.000196897
9.8962e-05
9.27262e-05
8.62323e-05
8.25216e-05
0.000156784
0.000145273
0.000132128
0.000123478
0.000267337
0.000246866
0.000222423
0.000205388
0.000379867
0.000350854
0.000315639
0.000290612
4.35257e-05
4.54121e-05
4.85574e-05
5.15852e-05
2.71588e-05
2.89064e-05
3.20639e-05
3.52308e-05
4.37532e-05
4.33711e-05
4.40539e-05
4.55339e-05
8.5377e-05
8.18821e-05
7.87718e-05
7.75335e-05
0.000116699
0.000110886
0.000104928
0.00010163
0.00019486
0.000183563
0.000170711
0.000162306
0.000339754
0.000319242
0.000294803
0.000277813
0.000485003
0.000455746
0.000420298
0.00039515
0.000130291
0.000125637
0.000121155
0.000118969
0.000226938
0.000217334
0.000206668
0.00019993
0.000403011
0.000385083
0.000364022
0.000349637
0.000578042
0.000552185
0.000521209
0.000499519
0.000102677
8.61387e-05
6.68509e-05
5.38017e-05
8.86911e-05
7.50846e-05
5.92911e-05
4.86535e-05
7.47417e-05
6.42448e-05
5.21952e-05
4.41705e-05
6.7389e-05
5.8708e-05
4.88762e-05
4.24239e-05
6.34098e-05
5.56094e-05
4.68252e-05
4.10935e-05
5.46157e-05
4.84134e-05
4.15429e-05
3.71425e-05
4.61418e-05
4.146e-05
3.64253e-05
3.33145e-05
4.19617e-05
3.80218e-05
3.38938e-05
3.1428e-05
9.68725e-05
8.68526e-05
7.54003e-05
6.78099e-05
7.91378e-05
7.16937e-05
6.33856e-05
5.8035e-05
6.21768e-05
5.71611e-05
5.18376e-05
4.86297e-05
5.38512e-05
5.0005e-05
4.61366e-05
4.39864e-05
3.89437e-05
3.53815e-05
3.17129e-05
2.95736e-05
3.17119e-05
2.88645e-05
2.60467e-05
2.45005e-05
2.56287e-05
2.31599e-05
2.07958e-05
1.95722e-05
2.34774e-05
2.08761e-05
1.8363e-05
1.70487e-05
2.1868e-05
1.91457e-05
1.65021e-05
1.51134e-05
1.91779e-05
1.60961e-05
1.29754e-05
1.12261e-05
2.09006e-05
1.66342e-05
1.2059e-05
9.28166e-06
2.61442e-05
2.04545e-05
1.41648e-05
1.01971e-05
3.21668e-05
2.85999e-05
2.50935e-05
2.32333e-05
3.36119e-05
2.88396e-05
2.3803e-05
2.08113e-05
4.43517e-05
3.69762e-05
2.87041e-05
2.33696e-05
5.933e-05
4.91873e-05
3.75076e-05
2.97288e-05
5.6514e-05
5.37898e-05
5.14309e-05
5.04955e-05
4.4061e-05
4.20209e-05
4.05055e-05
4.01791e-05
3.84784e-05
3.61014e-05
3.41792e-05
3.35668e-05
4.23001e-05
3.8728e-05
3.53466e-05
3.36936e-05
4.53653e-05
4.08689e-05
3.63589e-05
3.39016e-05
5.48734e-05
4.80995e-05
4.07126e-05
3.61265e-05
8.10807e-05
6.99658e-05
5.71429e-05
4.85719e-05
0.000111821
9.63262e-05
7.80452e-05
6.54946e-05
6.14643e-05
5.60859e-05
5.05829e-05
4.75007e-05
8.33844e-05
7.45619e-05
6.47102e-05
5.84029e-05
0.00013201
0.000117004
9.9374e-05
8.73235e-05
0.000184895
0.000163826
0.000138588
0.000120938
3.31657e-07
1.49274e-07
3.77314e-08
6.03933e-08
6.72456e-07
3.4745e-07
8.89061e-08
3.8869e-08
1.19721e-06
6.52219e-07
2.01321e-07
6.45129e-08
1.63991e-06
8.90178e-07
3.05981e-07
1.23391e-07
1.66179e-06
8.87632e-07
2.7396e-07
1.05973e-07
1.76883e-06
9.33087e-07
2.61166e-07
6.245e-08
1.91522e-06
1.00412e-06
2.65651e-07
3.18156e-08
2.02772e-06
1.06905e-06
2.87582e-07
2.87172e-08
7.94277e-06
5.80957e-06
3.60827e-06
2.32785e-06
7.99083e-06
5.90106e-06
3.74075e-06
2.47593e-06
8.05046e-06
6.00381e-06
3.89208e-06
2.652e-06
8.10786e-06
6.08012e-06
3.99437e-06
2.76989e-06
1.95944e-06
1.02487e-06
2.67943e-07
2.34906e-08
1.6244e-06
8.17446e-07
1.8618e-07
1.37866e-08
1.23039e-06
5.85737e-07
1.12784e-07
2.95294e-08
9.66873e-07
4.37135e-07
8.01221e-08
6.31538e-08
8.74645e-07
4.00423e-07
1.00344e-07
7.91484e-08
4.57208e-07
2.02326e-07
3.10274e-08
3.41509e-08
2.08236e-07
8.2864e-08
3.30441e-09
2.85506e-08
2.69647e-07
1.32688e-07
4.82617e-08
6.73574e-08
3.74261e-06
2.73775e-06
1.75249e-06
1.211e-06
2.17029e-06
1.56194e-06
9.72637e-07
6.52179e-07
7.59041e-07
5.13842e-07
3.12644e-07
2.34054e-07
1.86391e-07
1.3078e-07
1.51507e-07
2.29267e-07
1.67937e-05
1.39729e-05
1.09567e-05
9.08519e-06
1.4165e-05
1.17945e-05
9.28573e-06
7.74592e-06
1.13121e-05
9.39019e-06
7.38996e-06
6.1868e-06
9.53298e-06
7.85206e-06
6.13308e-06
5.1245e-06
8.15096e-06
6.66538e-06
5.19225e-06
4.36845e-06
5.11774e-06
4.06178e-06
3.05453e-06
2.52477e-06
2.53679e-06
1.7739e-06
1.11019e-06
8.28747e-07
1.57715e-06
8.77932e-07
3.19145e-07
1.47303e-07
1.40504e-05
1.20205e-05
1.00414e-05
8.97891e-06
1.02507e-05
8.41087e-06
6.62501e-06
5.67976e-06
8.10986e-06
6.06178e-06
4.02672e-06
2.92517e-06
8.54791e-06
6.0323e-06
3.46766e-06
2.03664e-06
