FiniteElementSpace
FiniteElementCollection: H1_2D_P2
VDim: 2
Ordering: 0

0
1.08258
2.08544
3.01523
3.92167
4.84276
5.79235
6.76931
7.76403
0
0.879093
1.76554
2.68602
3.66048
4.67548
5.69792
6.70807
7.70749
0.546767
0.985605
0.440306
0
1.59553
1.9281
1.3199
2.55651
2.84906
2.21971
3.46838
3.78812
3.16648
4.37903
4.75725
4.16497
5.31382
5.74434
5.18756
6.27783
6.73826
6.20484
7.26535
7.7354
7.20842
0.497506
1.46204
2.38849
3.31472
4.26945
5.24946
6.24079
7.23651
0.272157
0.520749
0.249546
0
1.34205
1.52742
1.2253
1.03302
2.32296
2.4704
2.15864
2.00502
3.24211
3.38959
3.08103
2.92994
4.14966
4.32359
4.02786
3.8535
5.07735
5.28214
5.00293
4.80003
6.03427
6.26002
5.99241
5.76906
7.01686
7.25117
6.9873
6.75432
0.817249
0.742937
0.936028
0.659634
0.472513
0.221033
0
1.84318
1.69613
1.84996
1.54191
1.39468
1.09909
2.78698
2.61841
2.76887
2.45117
2.30636
1.99131
3.69472
3.55038
3.72413
3.41193
3.2411
2.92445
4.61001
4.51267
4.71542
4.41977
4.21657
3.91168
5.55217
5.49665
5.72004
5.4431
5.21742
4.93156
6.5229
6.48941
6.72242
6.45688
6.22185
5.95185
7.51451
7.74969
7.48588
7.7213
7.45797
7.22204
6.95852
0.258739
1.28248
2.23885
3.15943
4.08773
5.04043
6.01408
7.00248
0.779066
0.704735
0.239639
1.7681
1.62249
1.16598
2.7005
2.53657
2.07769
3.62084
3.4813
3.00364
4.56105
4.46541
3.96934
5.52505
5.46877
4.96621
6.5068
6.47228
5.97109
7.50028
7.47166
6.97232
0.133594
0.264714
0.128028
0
1.21307
1.3117
1.15832
1.05728
2.20474
2.28013
2.12227
2.0445
3.12878
3.20002
3.04464
2.97178
4.03551
4.11838
3.97041
3.88713
4.95982
5.05905
4.92006
4.82146
5.9131
6.02447
5.89145
5.781
6.89296
7.00983
6.87832
6.76203
0.682566
0.797678
0.65045
0.53327
0.620554
0.724384
0.588683
0.485573
0.124807
0.244901
0.12123
0
1.72006
1.80497
1.64827
1.56086
1.57939
1.65982
1.50867
1.42891
1.10583
1.19621
1.05117
0.961378
2.67207
2.74292
2.58558
2.51265
2.5034
2.5777
2.42124
2.34772
2.04351
2.11854
1.96375
1.88948
3.5815
3.65721
3.50505
3.42831
3.4323
3.51578
3.36086
3.2779
2.96485
3.04239
2.88593
2.8091
4.49431
4.58548
4.44212
4.35113
4.39088
4.48887
4.34081
4.24286
3.90774
3.99847
3.84646
3.75602
5.43276
5.53889
5.40345
5.29821
5.37298
5.48254
5.34309
5.23326
4.87997
4.98439
4.84074
4.73616
6.40019
6.51511
6.38331
6.26921
6.36507
6.48073
6.3471
6.23118
5.86833
5.9816
5.8456
5.73202
7.38986
7.50744
7.37568
7.25837
7.36118
7.47872
7.34686
7.22921
6.86275
6.97972
6.8474
6.73024
0.41004
0.390051
0.508997
0.373799
0.254083
0
1.46954
1.4055
1.49466
1.34402
1.25385
1.00928
2.44017
2.35486
2.42921
2.27361
2.19855
1.96641
3.35527
3.2744
3.35184
3.19764
3.11992
2.88919
4.26416
4.20545
4.29636
4.14844
4.05758
3.82055
5.19535
5.16113
5.26581
5.1261
5.02166
4.77858
6.15586
6.13694
6.25047
6.11656
6.00331
5.75675
7.14101
7.12677
7.24386
7.11188
6.99492
6.74634
0.950637
0.906592
0.864632
0.760951
0.820542
0.908829
0.769308
0.68337
0.549997
0.457543
0.356278
0.33055
0.23194
0.112476
0
1.96495
1.88699
1.81234
1.73201
1.73623
1.80885
1.65349
1.58341
1.43073
1.35857
1.28046
1.20937
1.13384
0.989006
2.90132
2.81525
2.7336
2.65917
2.65244
2.72797
2.56815
2.49455
2.33503
2.26386
2.19187
2.10515
2.03547
1.87813
3.80808
3.73698
3.66899
3.58533
3.6024
3.69232
3.53583
3.44674
3.28878
3.20404
3.12202
3.04501
2.96443
2.80478
4.72616
4.68035
4.63481
4.53675
4.59029
4.69516
4.54754
4.44235
4.29222
4.19061
4.09273
4.03809
3.94043
3.78578
5.67203
5.64693
5.62044
5.51089
5.59442
5.7086
5.57061
5.45556
5.3154
5.20213
5.09178
5.0596
4.94855
4.8035
6.64595
6.63047
6.61381
6.49817
6.59739
6.71498
6.58258
6.46428
6.33097
6.213
6.09651
6.07846
5.9611
5.825
7.63925
7.75686
7.62496
7.74254
7.61063
7.49309
7.72831
7.59647
7.71435
7.58271
7.46473
7.33322
7.21508
7.09719
7.08353
6.96521
6.83338
0.129993
1.18515
2.16276
3.08593
4.00258
4.94005
5.90257
6.88583
0.666034
0.605171
0.123246
1.68352
1.54456
1.07907
2.62801
2.46257
2.00404
3.54265
3.39655
2.92548
4.4681
4.36568
3.87699
5.41836
5.35786
4.86018
6.39202
6.35596
5.85681
7.38285
7.35396
6.85498
0.399516
0.381781
0.126393
1.43693
1.37471
1.13204
2.39673
2.31401
2.08272
3.31412
3.23571
3.00443
4.23456
4.17676
3.93885
5.17844
5.14361
4.89997
6.14669
6.12682
5.87995
7.13402
7.11935
6.87058
0.928118
0.885577
0.635422
0.84314
0.796154
0.570483
0.365564
0.344626
0.118653
1.92527
1.84954
1.61374
1.77477
1.69602
1.47095
1.31281
1.24622
1.02138
2.85748
2.77413
2.54423
2.69319
2.6109
2.37889
2.23307
2.14941
1.92198
3.77202
3.70272
3.46838
3.63562
3.56919
3.32501
3.15986
3.08384
2.84581
4.70327
4.6575
4.41636
4.61238
4.56865
4.31631
4.12044
4.06529
3.81609
5.65977
5.63373
5.38825
5.60726
5.58214
5.32888
5.10876
5.07534
4.82181
6.63845
6.6222
6.37425
6.60548
6.5897
6.33871
6.10639
6.08713
5.83493
7.63212
7.61779
7.36844
7.6035
7.58953
7.33992
7.10446
7.09018
6.84015
0
0.144727
0.448897
0.797908
1.09396
1.29452
1.40819
1.47307
1.52799
1
1.13378
1.4087
1.75387
2.06854
2.2876
2.40892
2.47394
2.5264
0.0507701
0.62001
1.05344
0.5
0.283266
0.921832
1.25597
0.625118
1.27966
1.57911
0.956556
1.59109
1.92044
1.20666
1.801
2.19164
1.36018
1.9146
2.3584
1.44401
1.97535
2.44538
1.50001
2.02729
2.49978
0.527144
0.75645
1.10093
1.44603
1.70974
1.86755
1.94847
2.00043
0.025752
0.283523
0.501738
0.25
0.209521
0.516058
0.683651
0.377572
0.536631
0.861899
1.01059
0.682803
0.879529
1.20295
1.36503
1.03914
1.15348
1.46112
1.65387
1.34508
1.32987
1.61616
1.83708
1.55055
1.42728
1.69724
1.93278
1.66304
1.48657
1.75033
1.98785
1.72467
0.0911023
0.567343
0.871984
1.08783
0.783623
1.03121
0.75
0.363769
0.836488
1.1644
1.3293
1.00343
1.19029
0.712694
1.19115
1.51841
1.66677
1.34065
1.49253
1.02822
1.52164
1.83234
1.99731
1.68549
1.83889
1.25358
1.7587
2.04659
2.24297
1.95321
2.13345
1.38606
1.89313
2.16315
2.38582
2.11487
2.32589
1.45907
1.96243
2.22504
2.46029
2.19778
2.4285
1.51376
1.77763
2.01348
2.27683
2.51286
2.25018
2.48694
0.257509
0.442258
0.771748
1.12332
1.40649
1.58605
1.68134
1.73747
0.324008
0.821663
0.758069
0.596918
1.08112
0.933134
0.951544
1.43015
1.2515
1.2771
1.7619
1.60396
1.50905
2.00326
1.89622
1.64158
2.14112
2.08359
1.71146
2.21197
2.18176
1.76364
2.26317
2.23761
0.015215
0.140174
0.251511
0.125
0.175834
0.324765
0.408648
0.259936
0.492567
0.653632
0.727014
0.565118
0.839253
1.00167
1.08173
0.918567
1.12452
1.28076
1.37662
1.22022
1.31286
1.45866
1.56901
1.4233
1.41807
1.55464
1.67254
1.53605
1.47984
1.61206
1.73109
1.59897
0.0690973
0.206269
0.302021
0.165917
0.545602
0.693096
0.801053
0.653695
0.497536
0.628246
0.751619
0.625
0.322799
0.479459
0.555735
0.398647
0.795687
0.958258
1.04147
0.879178
0.650572
0.807408
0.901314
0.744798
0.669132
0.831957
0.906885
0.743143
1.14616
1.31083
1.38545
1.22082
0.965897
1.1309
1.20758
1.04278
0.993109
1.15323
1.24075
1.08018
1.48456
1.64233
1.72439
1.56626
1.32282
1.48491
1.56161
1.39935
1.23089
1.38212
1.48591
1.3347
1.73506
1.88159
1.97909
1.8321
1.62333
1.77567
1.86513
1.71232
1.37364
1.51434
1.62941
1.48879
1.8809
2.01755
2.12857
1.9917
1.81978
1.96088
2.06585
1.92437
1.4517
1.58543
1.70451
1.57087
1.95562
2.08737
2.20506
2.07336
1.92405
2.05757
2.17283
2.03924
1.50682
1.63868
1.75691
1.62518
2.00688
2.13834
2.25661
2.12535
1.98162
2.1128
2.23135
2.10031
0.0361218
0.268631
0.403838
0.512448
0.378189
0.375
0.245392
0.478147
0.635364
0.719028
0.561907
0.497597
0.580903
0.816784
0.981227
1.05567
0.8908
0.80177
0.918686
1.16376
1.32491
1.40614
1.24447
1.15955
1.18087
1.43465
1.5861
1.68267
1.53083
1.46869
1.34562
1.60174
1.74239
1.85297
1.71216
1.67641
1.43589
1.68954
1.8231
1.94089
1.80738
1.78922
1.49326
1.74387
1.87542
1.99411
1.86274
1.85014
0.116335
0.349276
0.592201
0.444337
0.845383
1.0016
1.10942
0.953167
1.06919
0.916886
0.769337
1.04075
0.892523
1.01948
0.875
0.405885
0.63936
0.878616
0.71598
1.12217
1.28646
1.36834
1.20486
1.29178
1.12907
0.967253
1.22208
1.06076
1.16081
0.755696
0.995685
1.23571
1.07133
1.47453
1.63667
1.7105
1.54888
1.62292
1.46017
1.29592
1.53559
1.37213
1.45017
1.06186
1.31189
1.55717
1.39989
1.79791
1.95111
2.03371
1.88027
1.95955
1.8036
1.6453
1.8802
1.72202
1.79675
1.27478
1.53058
1.78065
1.63454
2.02575
2.16766
2.26613
2.12373
2.21819
2.07307
1.92558
2.16343
2.0155
2.10185
1.39755
1.65275
1.90433
1.76782
2.15261
2.28637
2.39786
2.26387
2.37271
2.2371
2.0999
2.34284
2.20526
2.30752
1.46616
1.71815
1.96898
1.83712
2.21861
2.34957
2.46723
2.33627
2.45303
2.32178
2.19005
2.43723
2.3054
2.4191
1.5208
1.6528
1.77054
1.90247
2.02028
1.88858
2.15207
2.26991
2.4016
2.51956
2.38799
2.50626
2.37497
2.24387
2.49334
2.3623
2.48048
0.131731
0.291077
0.609143
0.960633
1.25131
1.44167
1.54569
1.60554
0.184295
0.671783
0.62346
0.438318
0.917922
0.77485
0.787741
1.26591
1.0865
1.11743
1.60501
1.44258
1.35921
1.8577
1.74484
1.50209
2.0052
1.94337
1.57832
2.08054
2.04877
1.63186
2.13177
2.10658
0.151144
0.389002
0.373546
0.360702
0.597619
0.528489
0.698379
0.935948
0.845997
1.04156
1.28531
1.20249
1.30855
1.55932
1.5006
1.47434
1.72792
1.69501
1.56301
1.8155
1.79865
1.61859
1.86905
1.85646
0.231563
0.469473
0.422393
0.717487
0.975968
0.933481
0.639096
0.90328
0.882859
0.521813
0.758352
0.674904
0.999953
1.24504
1.16613
0.842266
1.09388
1.02995
0.875628
1.11576
1.02642
1.35537
1.59299
1.50454
1.17574
1.41596
1.32889
1.18751
1.43509
1.36313
1.67812
1.91647
1.84262
1.52618
1.76337
1.67974
1.40346
1.65627
1.61116
1.90379
2.14653
2.09926
1.80475
2.04516
1.98415
1.52563
1.77897
1.75566
2.02887
2.2756
2.25107
1.97695
2.22186
2.18723
1.59229
1.84372
1.83028
2.09394
2.34302
2.32921
2.06573
2.31387
2.29626
1.64566
1.89543
1.88193
2.14511
2.39472
2.38142
2.11904
2.36862
2.35597
