FiniteElementSpace
FiniteElementCollection: H1_2D_P2
VDim: 2
Ordering: 0

0
0.0167553
0.0252576
0.0164064
0.00399983
-0.00252408
-0.00655658
-0.00904835
-0.0108589
0
-0.00252824
-0.0109251
-0.0142594
-0.00471868
0.00377262
0.00311633
-0.000650502
-0.00207635
0.00795557
0.00787041
-5.43101e-05
0
0.0233137
0.00798047
-0.00640562
0.0223913
0.000652683
-0.0141564
0.00966831
-0.00041446
-0.0106663
5.99995e-05
0.00115876
0.00084142
-0.00453838
-0.00173088
0.00405926
-0.0083319
-0.00507398
0.00152141
-0.00952502
-0.00663002
-0.00177346
0.00351754
0.0095785
0.00425335
-0.000978476
0.000879242
3.95512e-05
-0.00359652
-0.00573371
0.00369423
0.00586728
0.00126071
0
0.0205082
0.0166945
0.00914081
0.0126548
0.0243523
0.0132037
0.00625092
0.0166757
0.012994
0.0043639
-0.000469321
0.00837295
0.00181921
0.00102527
0.000267787
0.00213639
-0.00355472
-0.00219152
0.000735854
-0.000267571
-0.00753125
-0.00625893
-0.00267208
-0.00431825
-0.00916994
-0.00820908
-0.00547619
-0.00760553
0.0124175
0.00590424
0.00281839
-0.00113083
0.00142119
0.000565221
0
0.0249289
0.00915915
-0.00107435
-0.00869193
0.00199388
-0.00430003
0.0196403
0.00229456
-0.0069311
-0.0146755
-0.00478779
-0.0128343
0.00662984
-0.000908916
-0.00296014
-0.00783146
-0.00615615
-0.0128871
-0.00135413
0.00121106
0.00234955
0.00269497
0.000552674
-0.00171038
-0.00553666
-0.00081173
0.000884551
0.00366869
0.00213747
0.00416234
-0.00883725
-0.00443089
-0.00242876
0.000442981
-0.000805343
0.00241593
-0.0102179
-0.00903202
-0.00606596
-0.00412093
-0.00180709
-0.00320315
-0.0014576
0.00221519
0.0151389
0.0152607
0.00616615
0.00152779
-0.00116952
-0.00533112
-0.00795656
0.00947106
0.00232838
0.000456069
0.017202
0.000671865
0.00272675
0.010806
-0.00617603
-0.00299237
0.00303563
-0.0047531
-0.00692537
0.000460131
0.0017323
-0.00108859
-0.00325986
0.00158487
0.00244139
-0.00703876
-0.00168818
7.84452e-05
-0.00856805
-0.00352135
-0.00291451
0.00151575
0.00287336
0.000761008
0
0.0187355
0.0179104
0.0140008
0.0148141
0.0249516
0.0197596
0.0160651
0.0209522
0.0147025
0.00952694
0.00722824
0.0123125
0.0028548
0.00183319
0.00180797
0.00317607
-0.00305071
-0.0022826
-0.000699086
-0.00125677
-0.00705589
-0.00649133
-0.00483247
-0.00548397
-0.00910238
-0.00876133
-0.00780343
-0.00849703
0.0101701
0.0110584
0.00770438
0.00698376
0.00473743
0.00409891
0.00191103
0.00243173
0.000441897
0.000845126
0.000169146
0
0.0242846
0.0210869
0.0170813
0.0200605
0.00947184
0.00497716
0.00139827
0.00584416
0.0086028
0.00597637
0.00285032
0.00536034
0.0210937
0.0151407
0.0120275
0.0177264
0.00325082
-0.00194596
-0.0055481
-0.000249683
0.00716773
0.00166799
-0.00202944
0.00350758
0.00810343
0.00487925
0.00364194
0.0070057
-0.00100796
-0.00288601
-0.00552104
-0.00361917
1.88759e-05
-0.00373939
-0.00702629
-0.0031652
-0.000683574
-0.000267752
0.000759121
0.000729278
0.00108959
0.00145366
0.00120995
0.000683962
-7.97094e-05
-0.000454256
-0.00201414
-0.00173928
-0.00503366
-0.00442134
-0.00272398
-0.00334474
-0.000373149
0.000409197
0.00188445
0.00110635
0.000988882
0.00159739
0.00245453
0.0017504
-0.00862647
-0.00805853
-0.00667158
-0.00737645
-0.00403101
-0.00301883
-0.0012549
-0.00217148
-0.00220077
-0.00127192
0.000493361
-0.000399146
-0.00983937
-0.00950121
-0.00836472
-0.00903891
-0.00587697
-0.00472535
-0.00334376
-0.00439489
-0.0053028
-0.0041248
-0.00270441
-0.00369436
0.00581417
0.00400618
0.00468899
0.00232328
0.00173705
0
0.0220537
0.0160431
0.0131947
0.00946713
0.0122
0.0103136
0.0234877
0.0142937
0.00873275
0.00526641
0.0107744
0.0123625
0.0113047
0.00520827
0.00170201
-0.000800404
0.00284463
0.00450392
0.000891895
0.0012756
0.00102687
0.000597694
0.000963389
0.000909497
-0.00404781
-0.00167016
-0.00106238
0.000414318
-0.00017843
0.000505266
-0.00796184
-0.00580897
-0.00498582
-0.00313989
-0.00404608
-0.00305376
-0.00930015
-0.00808379
-0.00705874
-0.00561056
-0.00680707
-0.00642419
0.014638
0.0111327
0.00696102
0.00771609
0.00263709
0.000211646
-0.00178541
0.000599411
-0.000558908
0.000592951
0.000907929
0.000346165
0.000308761
0.000428727
0
0.0252572
0.0170612
0.00865332
0.0132292
-0.000162337
-0.00585143
-0.00982933
-0.00384874
-0.00753732
-0.00205504
0.00243909
-0.00531703
-0.000669068
-0.00336685
0.0180617
0.00957597
0.00141973
0.0065445
-0.0066428
-0.0106228
-0.0145914
-0.0104046
-0.0145279
-0.00940092
-0.00392334
-0.0135831
-0.00779741
-0.0119354
0.00526008
0.00254054
-0.000700463
0.00109144
-0.00388701
-0.00397341
-0.00629118
-0.0064172
-0.00931249
-0.00851451
-0.00663106
-0.0118768
-0.00997644
-0.0136939
-0.0019628
0.000119391
0.00123467
0.000908268
0.00211198
0.00300826
0.00332995
0.0021261
0.00186526
0.00058272
-0.000222189
-0.000359729
-0.0015298
-0.00318082
-0.00604582
-0.00379281
-0.00126637
-0.00204568
0.00124946
0.00206493
0.0034088
0.00267504
0.00388844
0.00311921
0.0023293
0.00415812
0.00328711
0.0040433
-0.00897399
-0.00735067
-0.00478148
-0.00580674
-0.0020855
-0.0013989
-0.000121026
-0.000519694
0.00099868
0.000439121
-0.000357072
0.00199561
0.00131945
0.00278743
-0.010578
-0.0100215
-0.00881155
-0.00790745
-0.00632068
-0.00739573
-0.00532325
-0.00376907
-0.00301772
-0.00188141
-0.00254553
-0.0017899
-0.00231561
-0.00307034
-0.00167782
-0.00201002
-0.00111149
0.000975715
0.0164663
0.0204768
0.0108984
0.00246731
-0.00176436
-0.005998
-0.00864097
0.00903817
0.00329257
0.000293122
0.0207213
0.0054962
0.00575714
0.0164825
-0.00114252
0.00261655
0.00588978
-0.00331852
-0.00353829
0.000224918
0.00112468
-0.00109523
-0.00388258
0.0007764
0.00172457
-0.0077476
-0.00260864
-0.000829444
-0.0092438
-0.00453877
-0.00393892
0.00492865
0.00314952
0.000595653
0.0191197
0.0128153
0.0113588
0.0188307
0.00979116
0.0116429
0.00822309
0.00220588
0.00361628
0.00126055
0.00100795
0.000921911
-0.00281012
-0.000601769
0.000194703
-0.00695451
-0.00452579
-0.00355383
-0.00888378
-0.00693712
-0.0066418
0.0129992
0.00908817
0.00623367
0.00479854
0.000461282
0.000634735
0.00158172
0.000480175
0.000103244
0.021162
0.0128991
0.0133306
0.0043047
-0.00483888
-0.00291105
0.00600481
-0.00130268
-0.000164673
0.0137374
0.00548966
0.00763774
-0.0026275
-0.0106203
-0.0099914
0.000700042
-0.0086587
-0.00684871
0.00397791
0.000958453
0.00133524
-0.00234773
-0.00521912
-0.00753127
-0.00376332
-0.00934095
-0.0104091
-0.000759243
0.00074445
0.000999405
0.00166257
0.00265023
0.00143578
0.000149573
-0.000414221
-0.00273042
-0.00495622
-0.00254968
-0.00154707
1.51308e-05
0.00238679
0.00292234
0.00138564
0.00324757
0.0032152
-0.00830737
-0.00614472
-0.00541632
-0.00338478
-0.000981985
-3.78439e-05
-0.00172197
0.000895034
0.00170921
-0.00978116
-0.0076435
-0.00720393
-0.00498243
-0.00273316
-0.00241906
-0.00426724
-0.00219341
-0.0017464
0
0.0144641
0.0490881
0.0866319
0.100972
0.0945889
0.0867486
0.0810729
0.0780703
0
0.00163435
0.0296346
0.0708696
0.0965519
0.0955463
0.0869812
0.0798275
0.0759257
0.00655788
0.00562819
-0.00300249
0
0.0293114
0.0386056
0.0126923
0.0696171
0.0805742
0.0502771
0.0973115
0.101237
0.087277
0.0990858
0.0960423
0.0984339
0.0902168
0.0871708
0.0912471
0.0835126
0.080289
0.0827645
0.0803306
0.0767623
0.0787351
-0.000616795
0.0191306
0.0605594
0.0948094
0.100562
0.0912212
0.0831684
0.0796504
0.00463454
0.00267602
-0.0012634
0
0.0210695
0.0237138
0.0114922
0.00962163
0.0595452
0.0650092
0.0495459
0.0434454
0.0928595
0.096822
0.0885965
0.0839758
0.100558
0.100429
0.101628
0.101969
0.092282
0.0907706
0.0935274
0.0955411
0.0851217
0.083358
0.0851686
0.0870149
0.0805974
0.0801854
0.0798545
0.0807182
0.0096676
0.00161932
0.00279016
-0.00150758
-0.00271103
-0.00267063
0
0.0388193
0.0282995
0.0341484
0.0205181
0.0154546
0.00636935
0.078786
0.0710784
0.0762946
0.0608462
0.0558248
0.0397023
0.099974
0.0990258
0.0993207
0.0928981
0.0915916
0.0798284
0.0969626
0.0985287
0.0959917
0.0973552
0.0997956
0.0983067
0.088407
0.0891451
0.087143
0.0891096
0.0913593
0.0934221
0.082079
0.0814262
0.0798647
0.0810094
0.0829184
0.0848352
0.0795784
0.0774774
0.0787924
0.0763018
0.0776624
0.0791027
0.0792233
0.00110398
0.0157959
0.0542807
0.0913177
0.101866
0.0930086
0.0851902
0.0803473
0.00529932
-0.000881428
-0.00246978
0.0330776
0.0241958
0.00825662
0.075073
0.0664795
0.0448649
0.10036
0.0964549
0.0847919
0.0981515
0.0981858
0.100326
0.0888239
0.0892247
0.0936326
0.0817555
0.0810856
0.0850235
0.079357
0.0782083
0.0793574
0.00314915
0.00280175
0.000563665
0
0.0175254
0.0183066
0.0124797
0.0119432
0.0543264
0.0568132
0.0488418
0.0461343
0.0899656
0.0922507
0.0878599
0.0853936
0.100917
0.101445
0.102106
0.101735
0.0934106
0.0926433
0.0942489
0.0951022
0.0859405
0.08516
0.0861087
0.0868866
0.0807681
0.0805028
0.0804649
0.0808879
0.00790676
0.00741643
0.00379413
0.00459795
0.000292037
0.000183732
-0.00202398
-0.00183691
-0.000874616
-0.00200224
-0.00151435
0
0.0339227
0.0358024
0.0282412
0.0263699
0.0235482
0.0261758
0.0196521
0.0171788
0.00833323
0.00972646
0.00530486
0.00403696
0.0743471
0.0769459
0.0701572
0.0672642
0.0659139
0.0688768
0.0612229
0.0582555
0.0440319
0.0472267
0.0394422
0.0363517
0.0988618
0.100427
0.0988333
0.0972895
0.097168
0.0978752
0.0942737
0.0933402
0.0847904
0.0868303
0.0807332
0.0785567
0.0980745
0.0976581
0.0993616
0.0999309
0.0996329
0.0984351
0.099095
0.100272
0.101638
0.101086
0.100041
0.100403
0.0892866
0.0886104
0.0897703
0.0904808
0.0901612
0.0892159
0.0902774
0.0913305
0.09477
0.0936309
0.0948124
0.0960804
0.0827562
0.0818992
0.0825069
0.0834275
0.0822433
0.0812421
0.0819461
0.0830418
0.086176
0.0851071
0.0860884
0.0871788
0.0800711
0.0795356
0.0798998
0.0803317
0.079352
0.0784873
0.0787827
0.0793584
0.0799999
0.0795844
0.0795384
0.0800558
0.00548301
0.00180386
0.000908628
-0.00112481
-0.000233843
0
0.0249872
0.0195527
0.0213049
0.0151046
0.0135203
0.00750423
0.0646645
0.0596951
0.0627941
0.0550793
0.0518788
0.0409534
0.0953143
0.0943074
0.0959825
0.0919408
0.0900973
0.0823771
0.099924
0.101281
0.100626
0.101246
0.101904
0.101778
0.0912148
0.091851
0.091029
0.0923437
0.0933152
0.0958613
0.084312
0.0842647
0.0832754
0.0841569
0.0851959
0.0871138
0.0804776
0.0802917
0.0799408
0.0797762
0.0801218
0.0805185
0.0118169
0.00723046
0.00339628
0.00334818
0.000733982
0.00195606
-0.000127695
-0.0014867
-0.00246266
-0.0031549
-0.00285152
-0.00307307
-0.00272801
-0.00170684
0
0.0438852
0.0381696
0.033342
0.0305884
0.0290473
0.031929
0.0249297
0.0223168
0.0164245
0.0139508
0.0116508
0.00933467
0.00711495
0.003806
0.0829008
0.0796961
0.0759823
0.0731327
0.071522
0.0737536
0.0659686
0.0638301
0.0556003
0.0531952
0.0503473
0.0449574
0.0423842
0.0345726
0.100665
0.10139
0.100371
0.0998714
0.0981343
0.0980292
0.0949916
0.0947935
0.0903494
0.0895756
0.088422
0.0837826
0.0824713
0.0755259
0.0957811
0.0968596
0.0973129
0.0984387
0.0971328
0.0958009
0.096509
0.0978124
0.0980186
0.0991696
0.100228
0.0985608
0.0993882
0.0976709
0.0875713
0.0879143
0.0881553
0.08901
0.0881837
0.0870737
0.0880463
0.0891832
0.0901676
0.0913225
0.0924772
0.092322
0.0935518
0.0944938
0.0815011
0.0811516
0.0807673
0.0816018
0.0803843
0.0797706
0.0803272
0.0809941
0.0818248
0.0828192
0.0839567
0.0837792
0.0849298
0.0859104
0.0789048
0.0778179
0.078522
0.0771069
0.0779067
0.0790959
0.0764914
0.0773518
0.0761295
0.0768587
0.0779543
0.0783199
0.0789069
0.0792518
0.0790125
0.0792275
0.0794617
0.00165338
0.0148931
0.0514671
0.089038
0.101764
0.0938455
0.086029
0.0806286
0.0058096
-0.00104843
-0.0012849
0.0309391
0.0215066
0.00665764
0.0722341
0.0636499
0.0417353
0.0990909
0.0958583
0.0828917
0.0988564
0.0994494
0.100956
0.0895184
0.090255
0.0948483
0.0826181
0.0820869
0.086149
0.080058
0.0790522
0.079747
0.00362202
0.000196883
-0.000264497
0.0221382
0.0172077
0.0102841
0.0621039
0.0573743
0.0463827
0.0950038
0.093279
0.0864472
0.100809
0.101408
0.102039
0.0915236
0.0921365
0.0945669
0.0842861
0.0842251
0.0861612
0.0804383
0.0800563
0.0802501
0.00944452
0.00519775
0.00193055
0.00188493
2.51718e-05
-0.00254266
-0.00214139
-0.00320537
-0.00160014
0.0408884
0.0356688
0.0257853
0.0311459
0.026989
0.0179578
0.0132457
0.0103318
0.00432603
0.08135
0.0779191
0.0680688
0.0738631
0.0689141
0.0585679
0.0527563
0.0477764
0.0370785
0.101293
0.101059
0.0981751
0.099382
0.0966643
0.0924372
0.0903198
0.0862507
0.0782941
0.0963887
0.0971697
0.0996115
0.0972934
0.0968587
0.0986047
0.100838
0.0994557
0.0989352
0.0877423
0.0880579
0.0899944
0.0881962
0.0881292
0.0902412
0.092456
0.092423
0.0946828
0.0813132
0.0809717
0.0823863
0.0805577
0.0802918
0.0818487
0.0840618
0.0838577
0.0860056
0.0787619
0.0782236
0.0796487
0.0776073
0.0771191
0.0785554
0.0794939
0.0790922
0.0794294
