FiniteElementSpace
FiniteElementCollection: L2_2D_P3
VDim: 1
Ordering: 0

0.000178279
0.000260742
0.000679627
0.00114959
0.000292248
0.000251997
0.000456992
0.000717248
0.000427695
0.000275675
0.000260862
0.000317991
0.000515014
0.000314319
0.000178988
0.000132166
0.000601903
0.000528847
0.000446904
0.000393665
0.000303446
0.00026177
0.000218242
0.000192742
0.000105218
9.58393e-05
9.16327e-05
9.44449e-05
9.40521e-05
0.000102794
0.000120449
0.000138968
1.9858e-05
4.05129e-05
8.4607e-05
0.000131598
9.37975e-05
0.000120611
0.000170659
0.00022065
0.000269959
0.000299414
0.000351144
0.00040112
0.000459982
0.000487337
0.000535691
0.000582631
0.00154678
0.00172181
0.00196444
0.00216095
0.00133699
0.00146066
0.00163337
0.001774
0.00116062
0.00122779
0.00132489
0.00140607
0.00108855
0.00111934
0.00116884
0.00121337
0.00441441
0.00454017
0.00468519
0.00478069
0.0032435
0.00332155
0.00340664
0.00345819
0.0020886
0.00211982
0.00214782
0.0021588
0.0014437
0.00144933
0.0014469
0.00143677
0.00435289
0.00420959
0.00400644
0.0038396
0.0031019
0.00300647
0.00286746
0.00275088
0.00187331
0.00182265
0.00174492
0.00167736
0.00119508
0.00116852
0.00112406
0.0010834
0.00173308
0.00158165
0.00139169
0.00125241
0.00128914
0.00118001
0.00104338
0.000943502
0.00084834
0.000782242
0.000700302
0.000641167
0.000606528
0.000565118
0.000514864
0.000479589
0.00015723
0.000120035
7.95323e-05
5.44678e-05
0.00014021
0.000109817
7.68681e-05
5.65007e-05
0.000131379
0.000107126
8.11389e-05
6.52175e-05
0.000134695
0.000112989
8.99944e-05
7.6071e-05
0.00110241
0.00102756
0.000948444
0.000901221
0.000577541
0.000533484
0.000489776
0.000466361
0.000163249
0.000148417
0.000137666
0.000135715
3.23881e-05
3.51197e-05
4.40168e-05
5.45232e-05
0.00117614
0.00119548
0.00121463
0.00122495
0.00184652
0.00184352
0.00182986
0.00181271
0.0029709
0.00292123
0.00284346
0.00277523
0.00403017
0.0039307
0.00378645
0.00366646
0.000653977
0.000452318
0.000493578
0.000675148
0.000617687
0.000506278
0.000792653
0.00123132
0.000758482
0.000728629
0.00140156
0.00225945
0.00118926
0.00110688
0.00207603
0.00329817
0.000154959
0.000109579
6.43493e-05
4.0046e-05
7.77209e-05
5.79637e-05
4.43947e-05
4.31724e-05
0.000109022
0.000114646
0.000132461
0.000154198
0.00022771
0.000246733
0.000281187
0.000315222
0.0012571
0.00125533
0.00125944
0.00126821
0.00156944
0.00154149
0.00151134
0.00149384
0.00207391
0.00199988
0.00191046
0.00184825
0.00254242
0.00242304
0.00227605
0.00217098
0.00118818
0.00119488
0.0012012
0.00120524
0.00168015
0.00166587
0.00164308
0.0016236
0.00249709
0.0024471
0.00237541
0.00231681
0.00326677
0.00318323
0.0030661
0.0029715
0.000466946
0.000570899
0.000725269
0.000858063
0.000514396
0.000596051
0.000718537
0.000824675
0.000634506
0.000688078
0.000771747
0.000846386
0.000764363
0.000796854
0.000852403
0.00090498
0.00104251
0.000993885
0.000945001
0.000918367
0.000988116
0.000924441
0.000857261
0.000817598
0.000909611
0.000827094
0.000738152
0.000683918
0.000845658
0.000749333
0.000645368
0.000581862
0.00123971
0.00120987
0.0011837
0.00117354
0.00135042
0.00129602
0.00123884
0.0012057
0.00151469
0.00142164
0.00131666
0.00124882
0.00165857
0.00153055
0.00138303
0.00128485
0.00304342
0.00323897
0.00349418
0.00368872
0.00237223
0.00250105
0.00266806
0.00279421
0.00171063
0.00177111
0.00184934
0.0019078
0.00134298
0.0013633
0.00139042
0.00141065
0.000393663
0.000349063
0.000299065
0.000266458
0.000273378
0.000236069
0.000197376
0.000174975
0.000192438
0.00017253
0.000159197
0.000158443
0.000188961
0.000188122
0.000201889
0.000223698
0.000731447
0.000678243
0.000621294
0.000586655
0.000596297
0.000540582
0.000481754
0.000446791
0.000438081
0.000385297
0.000332875
0.00030486
0.000332684
0.000286787
0.000245872
0.000228647
0.00495115
0.00493273
0.00488186
0.00482263
0.00353366
0.0035193
0.00347763
0.00342841
0.0021466
0.00213517
0.00210268
0.00206458
0.00138055
0.00137101
0.0013442
0.00131288
5.72486e-06
4.46481e-06
4.09704e-06
4.97159e-06
4.10218e-05
4.3e-05
4.98758e-05
5.86496e-05
0.000253832
0.000261072
0.000278131
0.000297267
0.000539802
0.000551744
0.000576985
0.000603948
0.00012345
9.9429e-05
7.18955e-05
5.34291e-05
8.18371e-05
6.69291e-05
5.38485e-05
4.8603e-05
0.000162457
0.000165111
0.000178037
0.000195253
0.000325051
0.000345193
0.000383068
0.0004211
0.00305748
0.00287837
0.00264342
0.00246338
0.00221775
0.00209386
0.00193012
0.00180388
0.0013833
0.00131339
0.00122004
0.00114759
0.000919646
0.000879637
0.000825619
0.000783568
0.000116566
0.00012195
0.000131908
0.00014208
0.000158291
0.000158714
0.000163677
0.00017103
0.000336018
0.000323896
0.000314359
0.000311913
0.00056274
0.000536665
0.000510277
0.000495897
3.69188e-05
4.57564e-05
5.86237e-05
6.99189e-05
9.77311e-05
0.000103394
0.000114663
0.000126576
0.000337136
0.000335091
0.000339145
0.000347596
0.000637877
0.000627341
0.000622103
0.000624743
0.00072455
0.000624228
0.000504773
0.000422038
0.000561867
0.000487509
0.000399683
0.000339446
0.000408345
0.000360224
0.000304627
0.000267519
0.00033228
0.000298929
0.000261657
0.000237842
0.000182282
0.000175461
0.000171193
0.000171358
0.000173728
0.000165744
0.000160086
0.000159277
0.000195553
0.000181715
0.000168955
0.000163111
0.000237099
0.000215514
0.000193333
0.000180799
0.000167828
0.000167659
0.000171757
0.000178319
0.000179652
0.000175882
0.000175867
0.00017966
0.000270418
0.000255821
0.000242705
0.000237177
0.00039594
0.000368608
0.000339828
0.000322988
6.40032e-06
3.63687e-06
1.26238e-06
3.6033e-07
1.03942e-05
6.64025e-06
3.05057e-06
1.25793e-06
1.72456e-05
1.18739e-05
6.53515e-06
3.61856e-06
2.36889e-05
1.67034e-05
9.80954e-06
6.0408e-06
3.14281e-05
2.27437e-05
1.41156e-05
9.25897e-06
2.80413e-05
2.01592e-05
1.23459e-05
7.96879e-06
2.42331e-05
1.71726e-05
1.02126e-05
6.36022e-06
2.17121e-05
1.51294e-05
8.70346e-06
5.21188e-06
0.000130741
0.000114586
9.77365e-05
8.76368e-05
0.000119539
0.000104436
8.87993e-05
7.95266e-05
0.000112732
9.73451e-05
8.13874e-05
7.19376e-05
0.000113201
9.63356e-05
7.87107e-05
6.82142e-05
0.00108739
0.0010763
0.00109169
0.00112367
0.00063482
0.000601328
0.000583276
0.000586056
0.000239236
0.000200447
0.000172113
0.00016426
7.27697e-05
4.35727e-05
2.66741e-05
2.70265e-05
2.92606e-05
1.10843e-05
6.66257e-06
1.41897e-05
2.90192e-05
3.52112e-05
6.2529e-05
9.30905e-05
0.000215045
0.000263935
0.000349606
0.000424108
0.000521269
0.000605465
0.000744593
0.000862072
0.00055398
0.000314215
0.000138383
6.5702e-05
0.00061147
0.000342878
0.000132041
4.12476e-05
0.000645389
0.000383656
0.000219844
0.000190097
0.000664557
0.000431752
0.000369523
0.000449176
0.00035969
0.000295898
0.000225751
0.000181472
0.000174197
0.000140196
0.000106953
8.966e-05
9.30677e-05
8.97536e-05
9.44688e-05
0.000104974
0.000147939
0.000161876
0.000187932
0.000214164
0.000206415
0.000226929
0.000260595
0.000292013
0.000360097
0.000386517
0.000426261
0.00046125
0.000681021
0.000705746
0.000741585
0.000772502
0.00101798
0.0010342
0.001058
0.00107914
0.000128262
0.000144007
0.000169608
0.000193408
0.000260664
0.000283124
0.000315374
0.000342865
0.00058955
0.000611159
0.000639882
0.000663099
0.000959334
0.000973095
0.000989997
0.00100316
0.000161636
0.000223602
0.000322853
0.000413177
0.000249437
0.000303947
0.000391033
0.00047013
0.000427132
0.000469267
0.00053823
0.000601891
0.000605563
0.000636056
0.000689196
0.000740233
0.000693019
0.000716938
0.000760984
0.000804634
0.000819477
0.000829159
0.000854005
0.000882414
0.000989073
0.000977163
0.00097414
0.000981363
0.00112047
0.00108971
0.00106317
0.00105315
0.000559585
0.000584434
0.000628949
0.000672514
0.00072291
0.000739181
0.000771776
0.000805641
0.000959968
0.000959072
0.000969311
0.000986062
0.00115799
0.00113931
0.00112717
0.00112737
0.00226894
0.00246347
0.00272569
0.00293234
0.00184771
0.00198016
0.00215905
0.00230005
0.00144448
0.00151126
0.00160342
0.00167714
0.00123083
0.00125733
0.0012974
0.00133151
0.00113061
0.00113978
0.00115733
0.00117427
0.000935607
0.000919886
0.000905464
0.000898366
0.000738209
0.00069994
0.000657735
0.000630657
0.000625341
0.000576774
0.000522961
0.000488404
0.00105142
0.0010661
0.00109435
0.00112241
0.000952646
0.00094254
0.000938382
0.000941555
0.000847926
0.000812872
0.000777239
0.000757108
0.000782853
0.000733966
0.000681864
0.000650323
0.00482319
0.00488146
0.0049321
0.00495102
0.00348011
0.00351439
0.00353735
0.00353793
0.00216182
0.00217245
0.00216975
0.00215473
0.00143019
0.00142837
0.00141276
0.00139035
0.00111372
0.00110641
0.00108602
0.00106183
0.000640871
0.000627471
0.00060324
0.000579344
0.000242
0.000226104
0.000203162
0.000183807
8.41577e-05
7.03459e-05
5.26499e-05
3.92453e-05
0.00116178
0.00115655
0.00114187
0.00112393
0.000726474
0.000708317
0.00068016
0.000654665
0.000344449
0.000318301
0.000283776
0.000256636
0.00017804
0.000151989
0.000120101
9.69101e-05
0.00374639
0.00357387
0.00334055
0.00315667
0.00268923
0.00257251
0.00241225
0.00228435
0.00164494
0.00158152
0.00149204
0.0014192
0.00106644
0.001032
0.000981343
0.000939028
0.000820102
0.000797554
0.000763306
0.000734153
0.000454162
0.00044724
0.000435347
0.00042466
0.000169732
0.00017459
0.000180434
0.000185016
8.48733e-05
9.32847e-05
0.000105206
0.000115528
0.000906206
0.000889395
0.000859197
0.000830527
0.000483139
0.000478717
0.000467678
0.000455815
0.000151502
0.000156794
0.000161745
0.000164549
4.80044e-05
5.68503e-05
6.82514e-05
7.73735e-05
0.00117997
0.00105183
0.000894806
0.000782501
0.000892088
0.00079849
0.000684396
0.000603331
0.000610581
0.000552255
0.000482353
0.000433719
0.000460745
0.000422681
0.000378415
0.000348793
0.000395904
0.000366612
0.000333438
0.000312021
0.000287165
0.00027091
0.000254176
0.000244887
0.000204812
0.000198803
0.000195233
0.000195836
0.00018451
0.000181584
0.000182233
0.000186194
0.000502268
0.000471384
0.000434698
0.000409657
0.000335621
0.000320156
0.00030336
0.000293319
0.000207375
0.000203842
0.00020281
0.000204934
0.000172596
0.000172532
0.000176467
0.000182708
4.43984e-05
3.04223e-05
1.63715e-05
8.68635e-06
4.77946e-05
3.45206e-05
2.09223e-05
1.31519e-05
5.6631e-05
4.33145e-05
2.95111e-05
2.1379e-05
6.68868e-05
5.25888e-05
3.77774e-05
2.90235e-05
7.05107e-05
5.57761e-05
4.03641e-05
3.11042e-05
7.14666e-05
5.71374e-05
4.21336e-05
3.30712e-05
7.47146e-05
6.02735e-05
4.51449e-05
3.59784e-05
7.89113e-05
6.38903e-05
4.81246e-05
3.85448e-05
0.00013597
0.000115342
9.33916e-05
7.998e-05
0.000129266
0.000111212
9.21865e-05
8.0668e-05
0.000127747
0.000111353
9.42264e-05
8.39454e-05
0.000132177
0.000115814
9.8709e-05
8.84229e-05
0.00086274
0.000783301
0.000695086
0.000638469
0.000446109
0.000400385
0.000352527
0.000324364
0.000132401
0.000119633
0.000110651
0.0001095
5.98192e-05
6.47843e-05
7.62295e-05
8.89062e-05
7.26106e-05
8.41159e-05
0.000102576
0.000119653
0.000188635
0.000206088
0.000229728
0.000249006
0.00053514
0.000549823
0.000566779
0.000578937
0.000949664
0.000953587
0.000954438
0.000953006
2.37541e-05
3.33848e-05
4.98244e-05
6.48394e-05
0.000109048
0.000130232
0.000158594
0.000180439
0.000445319
0.000474403
0.000509531
0.000533926
0.0008876
0.000912625
0.000941203
0.000959246
0.00120901
0.00120615
0.00119646
0.00118551
0.00178288
0.00176022
0.00172239
0.00168822
0.00272774
0.00267417
0.00259298
0.0025233
0.00360667
0.0035269
0.00340923
0.00330979
0.00414201
0.00404645
0.00390608
0.00378764
0.00528994
0.00516205
0.00497642
0.00482087
0.007158
0.00699465
0.0067582
0.00656011
0.00892037
0.00873795
0.00847336
0.00825114
0.0046233
0.00450928
0.00434502
0.00420755
0.00576575
0.00565863
0.00550125
0.00536648
0.00739359
0.0073618
0.00730174
0.00723912
0.0087268
0.00882014
0.00892557
0.00899175
0.000747112
0.000854284
0.00102342
0.00116272
0.00127556
0.00143874
0.001683
0.001882
0.00240821
0.00257621
0.00285431
0.00308554
0.00373844
0.00379798
0.00401343
0.00421386
0.00439886
0.00450635
0.00466426
0.00479606
0.00597928
0.00593054
0.00587826
0.00584024
0.00771705
0.00760488
0.00744171
0.00730637
0.00871881
0.00864186
0.00856445
0.0084953
0.00137685
0.00156535
0.0027496
0.00418408
0.00167791
0.00188741
0.00415938
0.00712995
0.00625881
0.00393788
0.00654228
0.0103878
0.0178286
0.00736676
0.00877266
0.0118766
2.76318e-05
1.12573e-05
5.39631e-06
1.26552e-05
4.2172e-05
4.33474e-05
5.85522e-05
8.06588e-05
0.000165129
0.000182003
0.000216037
0.000251451
0.000332752
0.000356247
0.000398229
0.000439316
0.000429448
0.000454349
0.000497505
0.000539024
0.000607205
0.000629384
0.000668073
0.000705517
0.000891367
0.000901915
0.000925062
0.00095037
0.00114749
0.00114281
0.00114648
0.00115719
0.000309062
0.000332713
0.000372407
0.000409918
0.00048134
0.000507459
0.000549162
0.000587388
0.000791631
0.000811825
0.000844832
0.0008758
0.00109371
0.0011022
0.00111974
0.00113878
0.00127125
0.0012554
0.00124485
0.00124492
0.00148233
0.00143992
0.0013953
0.00136973
0.00181163
0.00172465
0.00162385
0.00155675
0.00211
0.00198062
0.00182714
0.00172161
0.0022587
0.00210337
0.00191783
0.00178908
0.00255682
0.00234592
0.00209096
0.00191138
0.00307819
0.00277962
0.0024165
0.00215871
0.00359565
0.00321644
0.00275479
0.00242651
0.00280007
0.00265107
0.00246686
0.0023344
0.00333895
0.00312501
0.00285834
0.00266442
0.00425031
0.00393016
0.00353017
0.00323809
0.00513575
0.00471447
0.00418876
0.00380507
0.00121629
0.00122388
0.00123575
0.00124733
0.00162307
0.00160686
0.00158676
0.00157321
0.00229469
0.00223589
0.00215951
0.0021024
0.00292747
0.00282645
0.00269499
0.00259581
0.00329736
0.00316669
0.00299725
0.00286957
0.00408832
0.00389163
0.00363684
0.00344442
0.00542107
0.00511309
0.00471607
0.00441701
0.00671618
0.00629896
0.00576378
0.0053623
0.00373419
0.00362615
0.00347636
0.00335639
0.00474407
0.00458105
0.00435839
0.00418173
0.00644175
0.00618723
0.00584442
0.00557527
0.0080916
0.00774753
0.00728871
0.0069315
0.00093434
0.00107739
0.00128159
0.0014515
0.000882685
0.000988347
0.00114076
0.00126858
0.00088383
0.000946206
0.00103994
0.00112099
0.000928843
0.000961598
0.0010162
0.00106685
0.000946248
0.000965323
0.00100167
0.001038
0.000937447
0.00093377
0.000940052
0.000952991
0.000929662
0.000900384
0.000873981
0.000862365
0.000924162
0.000878233
0.000831497
0.00080534
0.000824075
0.000846166
0.000887668
0.000929085
0.000892072
0.000895055
0.000911089
0.000932509
0.000978045
0.000956566
0.000941175
0.000938815
0.00103973
0.000999837
0.000961667
0.000942756
0.000895706
0.000843123
0.000788418
0.000756687
0.000788757
0.000727358
0.000662508
0.000624034
0.000648806
0.0005798
0.00050772
0.000465766
0.000543339
0.000471474
0.000398419
0.000357823
0.000469535
0.000398253
0.000327536
0.00028995
0.000313755
0.000247226
0.000185155
0.000156123
0.000158877
0.000101754
5.60059e-05
4.26602e-05
8.34894e-05
3.60656e-05
6.73958e-06
8.91056e-06
0.000788185
0.000685762
0.00057557
0.000508601
0.000656697
0.000544509
0.000424458
0.00035215
0.000528413
0.000403873
0.00027258
0.000195384
0.000469783
0.000335991
0.000197258
0.000117887
0.00116084
0.00111978
0.00108043
0.00106105
0.00118067
0.00111909
0.00105423
0.00101622
0.00120548
0.00111429
0.00101364
0.000950315
0.00122571
0.0011096
0.000979585
0.000896073
0.00121152
0.00108221
0.000936827
0.000842929
0.00116409
0.00100913
0.000833528
0.000718937
0.00115476
0.00096272
0.000744421
0.000601384
0.00119543
0.000971864
0.000717973
0.000551831
0.0017142
0.00156609
0.00139425
0.00127887
0.00181178
0.00162212
0.00139943
0.00124764
0.00201998
0.00176723
0.00146845
0.00126302
0.00225187
0.00194309
0.00157753
0.00132566
0.00379029
0.00396336
0.00417943
0.0043363
0.00285691
0.00296756
0.00310271
0.00319816
0.00193298
0.00198133
0.00203741
0.00207405
0.0014153
0.0014284
0.00144069
0.00144542
0.00118561
0.00118388
0.00117807
0.00116998
0.000813585
0.000793118
0.000765236
0.00074225
0.000472165
0.000438136
0.000395826
0.000364432
0.000308658
0.00027178
0.000228111
0.000197496
0.00117634
0.00117968
0.00118521
0.00118944
0.000887228
0.000867707
0.000844774
0.00082836
0.00060879
0.000570657
0.000525841
0.000494611
0.000462759
0.000418157
0.000367006
0.000332558
0.000243793
0.000208315
0.000167902
0.000140969
0.000158571
0.000132473
0.000106461
9.2417e-05
0.000154721
0.000148073
0.000150294
0.000160264
0.000232946
0.000246385
0.000276975
0.00031043
0.000298126
0.000324523
0.000373342
0.00042187
0.000472342
0.000527979
0.000616674
0.000697345
0.000831847
0.000930423
0.00107793
0.00120608
0.0012143
0.00134955
0.00154736
0.00171613
0.000200016
0.000212052
0.000243925
0.000280696
0.00025372
0.000295543
0.000367939
0.000437281
0.000432651
0.000519002
0.000652209
0.00077051
0.000659072
0.000784027
0.000970008
0.00113079
0.000560361
0.000509798
0.000454307
0.000419222
0.000421605
0.000374157
0.000324261
0.000294747
0.000285439
0.000249617
0.00021745
0.000203611
0.000216851
0.000195507
0.000184568
0.000188864
0.000182032
0.000171247
0.000175431
0.000192413
0.000130176
0.000144869
0.000184056
0.000229409
0.000147391
0.000201075
0.000294036
0.000383051
0.000231665
0.000319773
0.000460252
0.000587843
0.000267685
0.000228094
0.000196848
0.000188175
0.000141621
0.000118866
0.000111627
0.000123041
4.06714e-05
4.48381e-05
7.60868e-05
0.000119728
1.8137e-05
4.68344e-05
0.000113156
0.000186136
0.00478146
0.00469162
0.00455117
0.00442669
0.00339925
0.00333928
0.00324093
0.00315095
0.00204652
0.00201386
0.00195558
0.00189962
0.00130081
0.00128293
0.00124657
0.00120943
0.000982306
0.000970223
0.000943569
0.000915406
0.000518359
0.000513632
0.000500426
0.000485411
0.000148797
0.000150647
0.000150147
0.000147945
2.58201e-05
3.11676e-05
3.73785e-05
4.19538e-05
0.00105168
0.00104256
0.00101876
0.000991621
0.000569671
0.000561505
0.000543224
0.00052358
0.000176167
0.000170455
0.000159952
0.000149766
3.41445e-05
3.15601e-05
2.75352e-05
2.41406e-05
7.81365e-06
1.37428e-05
2.24889e-05
3.03099e-05
6.31743e-05
6.87058e-05
7.98335e-05
9.16536e-05
0.000303512
0.000307098
0.00031886
0.000333538
0.000611107
0.000612123
0.000622474
0.000637518
0.000816351
0.000814925
0.000823488
0.000838191
0.00128666
0.00127933
0.00128253
0.00129488
0.00207009
0.00205254
0.00204571
0.00205284
0.0028038
0.00277611
0.00275884
0.00276005
0.000733771
0.000747923
0.00077749
0.000808871
0.00118321
0.00120178
0.00123942
0.00127883
0.00194141
0.00196511
0.00201284
0.00206259
0.00265825
0.00268511
0.00273987
0.00279725
4.27705e-05
3.08825e-05
1.7594e-05
9.06205e-06
4.40734e-05
3.89676e-05
3.74133e-05
4.02059e-05
0.000201206
0.000208462
0.000226312
0.000246582
0.000436818
0.000456
0.000491513
0.000526956
0.000600943
0.000627098
0.000673133
0.000717775
0.000988569
0.00102983
0.00109773
0.00116093
0.00165998
0.00172235
0.00182105
0.00191049
0.00230629
0.00238576
0.00250961
0.00262059
0.000444053
0.000475033
0.00052842
0.000579468
0.000735436
0.000790412
0.000877028
0.00095524
0.00126754
0.00135712
0.00149189
0.00160955
0.00179706
0.00191567
0.00209097
0.00224187
0.00236835
0.00219863
0.00198113
0.00181818
0.00173866
0.00161859
0.00146439
0.00134873
0.00111106
0.00104066
0.000950353
0.000882892
0.000762838
0.000720509
0.000666674
0.000627016
0.000613498
0.000582958
0.00054457
0.000516743
0.000381812
0.000368095
0.000351949
0.000341288
0.000202632
0.000201703
0.000202989
0.000206166
0.000152056
0.000154717
0.000161421
0.000169282
0.000721727
0.000694111
0.000656668
0.000627544
0.000421831
0.000411228
0.000397009
0.000386325
0.000189505
0.000191677
0.0001956
0.00019983
0.000122236
0.000127989
0.000137656
0.000147079
0.000146981
0.000149372
0.000156224
0.000164532
0.0001734
0.000171305
0.00017328
0.000178501
0.000307395
0.000293077
0.000280505
0.000275555
0.000483497
0.000455248
0.000425634
0.000408444
0.000597963
0.000560494
0.000519563
0.000494203
0.000856686
0.000798706
0.000732225
0.000688109
0.00129877
0.0012087
0.00110206
0.00102835
0.00171778
0.00159901
0.00145636
0.00135608
0.000710641
0.000675252
0.000637618
0.000615258
0.00104513
0.000988876
0.00092558
0.000884632
0.0016068
0.00151798
0.00141433
0.00134393
0.00213362
0.0020156
0.00187559
0.00177859
7.75575e-05
8.56532e-05
9.8277e-05
0.00010991
0.000132233
0.000135671
0.00014425
0.00015421
0.000347891
0.000340104
0.000336414
0.000338666
0.000618896
0.000598816
0.00058067
0.000572995
0.000796522
0.000768044
0.000740049
0.000725608
0.00119919
0.00115174
0.00110091
0.00107033
0.00186914
0.00179199
0.00170501
0.00164855
0.00249447
0.00239046
0.00227058
0.00219043
0.000836406
0.000819748
0.000807801
0.00080622
0.0012883
0.00125762
0.00122959
0.00121727
0.0020381
0.00198512
0.00193102
0.0019009
0.00273759
0.00266408
0.00258568
0.00253877
0.000380582
0.000312076
0.000233509
0.000181475
0.00030934
0.000257042
0.000197613
0.00015866
0.000247907
0.000211526
0.000171087
0.000145268
0.000223616
0.000195669
0.000165413
0.000146737
0.000213231
0.000188989
0.000163024
0.000147208
0.000186498
0.000168298
0.000149531
0.000138695
0.000169674
0.000156086
0.000142864
0.000135905
0.00017018
0.000157774
0.000146015
0.000140106
0.000299406
0.000272529
0.000243196
0.000225062
0.000238226
0.000221153
0.000203879
0.000194408
0.000193935
0.000184589
0.000176955
0.00017451
0.000185845
0.000178814
0.000174205
0.000174066
0.000167668
0.000155528
0.000144123
0.000138494
0.000155478
0.000143484
0.000132252
0.000126754
0.000157362
0.000142578
0.000128021
0.000120238
0.000172124
0.000152926
0.000133127
0.000121744
0.000178176
0.000155929
0.000132634
0.000118952
0.000193439
0.000164405
0.000132806
0.000113212
0.00024095
0.000199079
0.000151933
0.000121414
0.000298733
0.000243982
0.000181337
0.000140011
0.000261704
0.000234724
0.00020599
0.000188803
0.000319028
0.000280122
0.000236528
0.000208491
0.000438986
0.000379781
0.00031098
0.000264619
0.000566055
0.00048764
0.000395046
0.000331444
0.000180186
0.00017733
0.000178229
0.000182485
0.00017994
0.000174611
0.000172595
0.000174822
0.000232244
0.000218258
0.000205696
0.000200379
0.000311727
0.000287104
0.000261477
0.00024675
0.000362164
0.000330323
0.000295769
0.000274557
0.00047731
0.000429538
0.000374971
0.00033898
0.000691751
0.000618169
0.000531202
0.000471323
0.000905769
0.000808586
0.000692012
0.000610334
0.000477061
0.000441255
0.000401984
0.000377505
0.000660833
0.000606281
0.000543483
0.000501617
0.000984602
0.000900416
0.000800356
0.000730932
0.00129732
0.0011865
0.00105293
0.000958722
2.35545e-07
8.96e-08
8.09449e-08
2.49547e-07
8.52303e-07
4.4056e-07
1.24319e-07
1.4337e-07
2.44979e-06
1.34666e-06
4.48156e-07
2.32223e-07
4.25969e-06
2.28295e-06
8.46804e-07
4.75464e-07
4.32324e-06
2.25771e-06
7.0212e-07
3.76441e-07
4.94726e-06
2.57075e-06
7.07254e-07
2.11431e-07
5.87269e-06
3.06953e-06
8.17029e-07
1.1055e-07
6.64589e-06
3.53265e-06
9.92588e-07
1.22734e-07
2.53164e-05
1.7805e-05
1.0389e-05
6.30487e-06
2.70125e-05
1.9252e-05
1.15447e-05
7.24231e-06
2.95281e-05
2.12901e-05
1.30944e-05
8.48424e-06
3.17638e-05
2.30263e-05
1.43326e-05
9.43019e-06
6.50858e-06
3.43536e-06
9.45413e-07
1.1119e-07
5.49324e-06
2.82549e-06
7.12252e-07
8.64951e-08
4.29931e-06
2.15513e-06
5.28255e-07
1.66635e-07
3.5116e-06
1.73415e-06
4.72412e-07
3.15758e-07
3.39915e-06
1.72407e-06
5.92503e-07
3.88597e-07
1.77058e-06
9.27521e-07
2.78673e-07
1.8798e-07
4.71863e-07
2.18709e-07
4.90925e-08
1.32208e-07
1.54752e-07
5.21799e-08
7.651e-08
2.51664e-07
1.9848e-05
1.38569e-05
8.02549e-06
4.892e-06
1.34053e-05
9.1209e-06
4.92585e-06
2.67647e-06
6.93981e-06
4.28614e-06
1.83279e-06
6.80123e-07
3.53991e-06
1.81529e-06
4.90133e-07
1.53761e-07
7.82208e-05
6.33054e-05
4.76634e-05
3.8169e-05
7.08796e-05
5.71812e-05
4.28689e-05
3.42224e-05
6.39192e-05
5.11051e-05
3.77666e-05
2.97643e-05
6.03704e-05
4.77189e-05
3.46018e-05
2.68026e-05
5.59103e-05
4.38694e-05
3.15711e-05
2.44362e-05
4.44801e-05
3.38202e-05
2.29588e-05
1.67031e-05
3.48506e-05
2.46508e-05
1.44425e-05
8.81866e-06
3.13398e-05
2.07073e-05
1.03211e-05
4.93551e-06
0.000109864
9.22714e-05
7.40302e-05
6.3334e-05
0.000102747
8.34661e-05
6.31752e-05
5.10686e-05
0.000107084
8.29303e-05
5.70472e-05
4.13415e-05
0.000120692
9.09098e-05
5.86929e-05
3.90088e-05
