FiniteElementSpace
FiniteElementCollection: L2_2D_P3
VDim: 1
Ordering: 0

0.0211179
0.00947319
0.0128782
0.0185578
0.00618504
0.00433547
0.00811205
0.0128211
0.00117082
0.00156304
0.00381806
0.00642333
0.00101045
0.0011443
0.00196854
0.00274261
0.00764234
0.0072892
0.00679678
0.00639907
0.00517099
0.00494806
0.0046288
0.0043651
0.00282062
0.00271196
0.00254863
0.00240862
0.00161619
0.0015601
0.00147038
0.0013904
0.00344807
0.0033056
0.00310998
0.00295357
0.00239761
0.00230111
0.0021667
0.00205787
0.00135084
0.00129783
0.00122242
0.00116029
0.000783987
0.00075284
0.000707861
0.000670375
0.00187953
0.00183795
0.00177779
0.00172738
0.00131396
0.00128515
0.0012426
0.00120635
0.000736472
0.000720368
0.000695723
0.000674152
0.000414057
0.000404651
0.000389771
0.000376418
0.00144857
0.00144057
0.00142498
0.00140915
0.0010071
0.00100172
0.000990379
0.000978417
0.000559346
0.000556978
0.000550629
0.000543301
0.000309769
0.000309198
0.000305934
0.000301518
0.001216
0.00119094
0.00115459
0.00112408
0.000843764
0.000827044
0.000802151
0.000780835
0.000472909
0.000464723
0.000451765
0.000440193
0.000269437
0.000266076
0.000259995
0.000254133
0.000637165
0.000591291
0.000532888
0.000489379
0.000449728
0.00041811
0.00037796
0.000348166
0.000267335
0.000250047
0.000228408
0.000212652
0.000171042
0.000161787
0.000150651
0.000142959
8.99807e-05
7.25131e-05
5.26543e-05
3.96488e-05
7.01814e-05
5.71978e-05
4.26743e-05
3.33422e-05
5.53405e-05
4.65736e-05
3.71299e-05
3.13434e-05
5.2073e-05
4.53269e-05
3.83649e-05
3.43475e-05
0.0112393
0.0108305
0.0102247
0.00971124
0.0075757
0.00729058
0.00685245
0.00647175
0.0041273
0.00396191
0.00369447
0.00345456
0.00237785
0.00228121
0.00210886
0.00194529
0.0011274
0.00103828
0.000952919
0.000909907
0.00197842
0.00183487
0.00169452
0.00162027
0.00361679
0.00338127
0.00313645
0.00299374
0.00520474
0.00488796
0.00454608
0.0043364
0.000321746
0.000130978
0.000356997
0.000743119
0.000391192
0.000342892
0.000955912
0.00171818
0.00075676
0.000916239
0.00223706
0.00367458
0.00142233
0.00168655
0.00363636
0.00568217
0.00508067
0.00485233
0.00453768
0.0042857
0.00349858
0.00334757
0.00313566
0.00296328
0.00195283
0.00187309
0.00175792
0.00166202
0.00113481
0.00108993
0.00102325
0.000966626
0.000460989
0.000429498
0.000399387
0.000384178
0.000854348
0.000802552
0.000750922
0.000722754
0.0016463
0.00155742
0.00146316
0.00140658
0.002446
0.00232166
0.00218514
0.00209922
0.000705274
0.00065597
0.000609354
0.000586417
0.00127527
0.0011936
0.00111361
0.00107135
0.00240097
0.00226425
0.00212215
0.00203948
0.00352071
0.00333425
0.0031335
0.00301076
0.00244828
0.00236646
0.00225276
0.00216077
0.00171061
0.00165436
0.00157505
0.00151006
0.000964016
0.0009325
0.000887077
0.000849173
0.000552117
0.000533299
0.00050578
0.000482537
0.000194071
0.000181472
0.000168982
0.000162203
0.000404354
0.000384063
0.000363255
0.000351345
0.000828413
0.000793475
0.000755607
0.000732145
0.00125916
0.0012098
0.00115461
0.00111901
0.000300043
0.000279682
0.000259789
0.000249287
0.000580593
0.000547709
0.000514301
0.00049546
0.00114788
0.00109131
0.00103036
0.000992892
0.00172359
0.00164384
0.00155507
0.00149811
0.00158703
0.00156931
0.00154076
0.00151483
0.00110694
0.00109468
0.00107413
0.00105497
0.000616688
0.000610167
0.000598267
0.000586602
0.000342184
0.000338844
0.000331935
0.000324708
9.24842e-05
8.83757e-05
8.44808e-05
8.25557e-05
0.000232895
0.00022544
0.000218158
0.000214366
0.000515914
0.000502639
0.000488898
0.000481009
0.000804457
0.000785743
0.000765697
0.000753581
0.00012894
0.000121677
0.000114525
0.000110696
0.000296153
0.000284043
0.000271765
0.000264887
0.000632338
0.000611249
0.000588666
0.000574946
0.000973991
0.000944187
0.000911244
0.000890353
0.00135671
0.00134521
0.00132546
0.00130674
0.000941046
0.000933489
0.000919624
0.000905994
0.000523349
0.000520049
0.000512737
0.000504881
0.000292281
0.000291472
0.000288094
0.000283764
6.02431e-05
5.83115e-05
5.68419e-05
5.65115e-05
0.000165642
0.00016076
0.000156255
0.000154199
0.000384361
0.000374525
0.000364508
0.000358942
0.000611477
0.000597119
0.000581852
0.000572755
7.25006e-05
6.9847e-05
6.74897e-05
6.64982e-05
0.000194396
0.000188938
0.000183812
0.000181362
0.000442747
0.00043267
0.000422544
0.000417038
0.000697806
0.00068357
0.00066872
0.00066013
0.000969888
0.000929628
0.000875733
0.000833561
0.000676307
0.000649037
0.000612247
0.000583286
0.000386342
0.000372164
0.000352821
0.000337498
0.000229086
0.000222259
0.000212854
0.000205411
5.61473e-05
5.59607e-05
5.7179e-05
5.92965e-05
0.000118621
0.000114716
0.000111579
0.000110706
0.000256315
0.000245218
0.000233361
0.000226281
0.000403955
0.000385655
0.000364911
0.000351393
5.39249e-05
5.28478e-05
5.26363e-05
5.34151e-05
0.000140131
0.000135624
0.000131621
0.000129989
0.000323612
0.000312936
0.000301717
0.000295165
0.000516848
0.000500268
0.000481933
0.000470366
0.000309901
0.000273641
0.000229571
0.000198319
0.000224649
0.000199038
0.000168232
0.000146657
0.000145159
0.000130162
0.000112685
0.000100919
0.000106785
9.76279e-05
8.75656e-05
8.13207e-05
7.10701e-05
6.88734e-05
6.78381e-05
6.84404e-05
8.57909e-05
8.14125e-05
7.7697e-05
7.63665e-05
0.000124083
0.000114791
0.000105023
9.93225e-05
0.000167992
0.000153361
0.000137012
0.000126555
6.55157e-05
6.52081e-05
6.65421e-05
6.89565e-05
0.000102191
9.85557e-05
9.58523e-05
9.53833e-05
0.000187543
0.000177006
0.000165792
0.000159152
0.000281367
0.000263637
0.000243481
0.00023031
7.5861e-06
4.84953e-06
2.26377e-06
9.94549e-07
8.25896e-06
5.48133e-06
2.79349e-06
1.39042e-06
1.14577e-05
8.31546e-06
5.21094e-06
3.50242e-06
1.57591e-05
1.2023e-05
8.30579e-06
6.22102e-06
2.65757e-05
2.1574e-05
1.64284e-05
1.33773e-05
2.49975e-05
2.00363e-05
1.49433e-05
1.19414e-05
2.36265e-05
1.84682e-05
1.31899e-05
1.01128e-05
2.31281e-05
1.76365e-05
1.20362e-05
8.80645e-06
5.82858e-05
5.34555e-05
4.88004e-05
4.63832e-05
6.02446e-05
5.46247e-05
4.90096e-05
4.5915e-05
6.88923e-05
6.11734e-05
5.30384e-05
4.81879e-05
8.01338e-05
6.99903e-05
5.89617e-05
5.21077e-05
0.0134515
0.0128914
0.0120588
0.0113204
0.00943659
0.00895755
0.00824306
0.00763792
0.00521062
0.00494845
0.00455424
0.00422109
0.00284945
0.0027552
0.00262061
0.00250901
0.00207258
0.00197684
0.0018849
0.0018156
0.00083044
0.000834114
0.00082295
0.000799437
0.000390064
0.000414246
0.000432918
0.000433988
0.000698189
0.000756409
0.000800487
0.000805929
0.000852059
0.000634476
0.00108127
0.00167425
0.000463078
0.000231046
0.000362231
0.00062424
0.000356952
6.04266e-05
4.04458e-05
0.00017006
0.000323638
7.79079e-05
0.000197184
0.00043812
0.00621884
0.00593484
0.00554141
0.00522512
0.00425088
0.00406658
0.00380567
0.00359202
0.00235089
0.0022567
0.00211838
0.00200179
0.0013595
0.00130834
0.00123004
0.00116222
0.00096849
0.000932396
0.000876992
0.000828864
0.000445979
0.000428298
0.000403405
0.000382962
0.000233591
0.000217803
0.000202905
0.000195434
0.000394232
0.000365722
0.000339224
0.000326629
0.00114491
0.00110691
0.00104506
0.000989247
0.000520687
0.00050308
0.000476899
0.000454435
0.000281773
0.000263668
0.000247017
0.000239056
0.000489496
0.000454027
0.000421171
0.00040569
0.00288292
0.00277362
0.00262299
0.0025021
0.00201063
0.00193598
0.00183165
0.0017469
0.00113406
0.00109254
0.00103334
0.00098442
0.000654629
0.000629951
0.000594296
0.000564518
0.000460939
0.000442606
0.000416253
0.000394304
0.000202518
0.000192342
0.000178734
0.000167995
8.61171e-05
7.81036e-05
6.987e-05
6.50667e-05
0.000155615
0.000143378
0.000131471
0.000125205
0.000556042
0.000533045
0.000500011
0.000472566
0.000251129
0.000238571
0.000221851
0.000208732
0.000115865
0.000105973
9.59932e-05
9.0351e-05
0.000199469
0.000184128
0.000169369
0.000161784
0.00170693
0.00167913
0.00163723
0.00160097
0.00119222
0.00117294
0.00114307
0.00111667
0.000666068
0.000655455
0.000638122
0.00062224
0.000371556
0.000365605
0.000355275
0.000345425
0.000251402
0.000247218
0.000239738
0.000232473
9.29713e-05
9.08669e-05
8.72094e-05
8.36861e-05
1.77007e-05
1.5701e-05
1.34845e-05
1.20267e-05
5.6003e-05
5.21694e-05
4.84653e-05
4.65403e-05
0.000282656
0.000275807
0.000264867
0.00025497
0.000109059
0.000105364
9.97751e-05
9.48717e-05
2.77747e-05
2.46193e-05
2.12027e-05
1.90349e-05
7.13776e-05
6.60553e-05
6.08443e-05
5.80656e-05
0.00140323
0.00139504
0.00137936
0.00136357
0.000974226
0.000968831
0.000957584
0.000945791
0.000541106
0.00053887
0.000532784
0.000525731
0.000300564
0.000300221
0.000297315
0.000293228
0.00020246
0.00020277
0.000201165
0.000198417
7.24546e-05
7.32975e-05
7.32799e-05
7.24171e-05
5.5257e-06
5.79908e-06
6.08357e-06
6.23702e-06
2.87204e-05
2.76056e-05
2.67756e-05
2.65993e-05
0.000207964
0.000208014
0.000206022
0.000202931
7.3446e-05
7.39955e-05
7.35797e-05
7.23914e-05
5.77105e-06
5.70963e-06
5.57684e-06
5.416e-06
3.23407e-05
3.08506e-05
2.95777e-05
2.90874e-05
0.00110699
0.00107382
0.00102789
0.000990826
0.00076948
0.000747179
0.000715827
0.000690218
0.000434598
0.000423308
0.000406936
0.00039326
0.000251769
0.000246673
0.000238863
0.000232115
0.00017707
0.00017443
0.000170124
0.000166282
7.58526e-05
7.61794e-05
7.63168e-05
7.62937e-05
1.94461e-05
2.10138e-05
2.35149e-05
2.58497e-05
3.06986e-05
3.13516e-05
3.31946e-05
3.54247e-05
0.000186347
0.000184856
0.000181578
0.000178137
7.46371e-05
7.53045e-05
7.55427e-05
7.53077e-05
1.32673e-05
1.45423e-05
1.64379e-05
1.81134e-05
2.70382e-05
2.72017e-05
2.82425e-05
2.97092e-05
0.000465651
0.000422774
0.000369403
0.000330562
0.000332175
0.0003023
0.000265359
0.000238697
0.000204225
0.000187392
0.000167067
0.000152827
0.000138673
0.000129115
0.000118165
0.000111016
0.000112198
0.000105659
9.85817e-05
9.43463e-05
7.34003e-05
7.08779e-05
6.8987e-05
6.86743e-05
5.36645e-05
5.35735e-05
5.49591e-05
5.72243e-05
6.09858e-05
6.07458e-05
6.21303e-05
6.45356e-05
0.000131862
0.00012592
0.000119121
0.00011476
7.6284e-05
7.46539e-05
7.3564e-05
7.36235e-05
4.60782e-05
4.69869e-05
4.94618e-05
5.24284e-05
5.35473e-05
5.42018e-05
5.66241e-05
5.97554e-05
3.37486e-05
2.49148e-05
1.54783e-05
9.7999e-06
2.90497e-05
2.19861e-05
1.45348e-05
1.01015e-05
2.81929e-05
2.25671e-05
1.67667e-05
1.33953e-05
3.15548e-05
2.63216e-05
2.10093e-05
1.79763e-05
3.32435e-05
2.8144e-05
2.29371e-05
1.99238e-05
3.40151e-05
2.93362e-05
2.46111e-05
2.19088e-05
3.76653e-05
3.29344e-05
2.81608e-05
2.54284e-05
4.24849e-05
3.72509e-05
3.19124e-05
2.88115e-05
5.12384e-05
4.53108e-05
3.92957e-05
3.59055e-05
4.78104e-05
4.31693e-05
3.86913e-05
3.6365e-05
4.97142e-05
4.56253e-05
4.18271e-05
3.99853e-05
5.59488e-05
5.14531e-05
4.71927e-05
4.50454e-05
0.0094183
0.0089824
0.00836684
0.00786515
0.00630145
0.00603073
0.0056364
0.00530672
0.00338318
0.00325548
0.0030578
0.00288497
0.00191605
0.00185344
0.0017469
0.00164845
0.0013441
0.00130422
0.00123295
0.00116513
0.00060193
0.000583761
0.000554305
0.000527557
0.000338034
0.000316332
0.000296525
0.000287219
0.000610657
0.000565518
0.000523509
0.000503517
0.00169352
0.00161424
0.0014811
0.00135944
0.000762811
0.000721688
0.000660031
0.000607631
0.000436041
0.000399604
0.00036513
0.000347709
0.00079503
0.00072777
0.000664579
0.000633119
0.000878798
0.000815495
0.000755523
0.00072599
0.00156907
0.00146554
0.00136474
0.00131202
0.0029098
0.002741
0.00256703
0.00246717
0.00422365
0.00399909
0.00375941
0.00361487
0.00499737
0.00473984
0.00446283
0.00429386
0.00659726
0.00627161
0.00591694
0.00569664
0.00898501
0.00856492
0.00810026
0.00780562
0.0110205
0.0105236
0.00996938
0.00961418
0.00607648
0.00573365
0.0053597
0.00512622
0.00778579
0.00741397
0.00701079
0.00676131
0.0102482
0.00986376
0.00945336
0.0092054
0.0122672
0.011899
0.0115137
0.0112883
0.000959095
0.00101407
0.00109412
0.00115082
0.00185175
0.00189633
0.00198655
0.00207668
0.00372865
0.00371006
0.00375206
0.00381713
0.00574888
0.00560882
0.00552704
0.00548458
0.00693763
0.0067073
0.00647309
0.00634517
0.00932454
0.00883195
0.00829017
0.00794633
0.0124592
0.0116847
0.0108177
0.0102545
0.0148427
0.0138341
0.0128048
0.0121695
0.00187547
0.00238488
0.00469707
0.00715394
0.00297621
0.00365432
0.00718463
0.0110773
0.00838584
0.00713038
0.0113466
0.0161083
0.0181895
0.011772
0.0152668
0.0195288
0.00417036
0.00398848
0.00373869
0.00353907
0.00288769
0.00276578
0.00259569
0.00245789
0.00162148
0.00155563
0.00146153
0.00138378
0.000943254
0.000905254
0.000849855
0.000803417
0.000671999
0.000644226
0.000603911
0.000570198
0.000308644
0.000293863
0.000274042
0.000258418
0.00015057
0.000138768
0.000127093
0.000120718
0.000252695
0.000233777
0.000215813
0.000206836
0.000809711
0.000777375
0.000729417
0.000688725
0.000374246
0.000357639
0.000334963
0.000316821
0.000189899
0.000176157
0.000162857
0.000155875
0.000316743
0.000293573
0.000271842
0.000261283
0.000372439
0.000347064
0.000322541
0.000309875
0.0007029
0.000661556
0.000619928
0.000596812
0.00137053
0.0012994
0.0012233
0.00117701
0.0020469
0.00194689
0.00183622
0.0017658
0.00245454
0.00233732
0.00220605
0.00212122
0.00329968
0.00314699
0.00297309
0.00285828
0.00457327
0.00436811
0.0041302
0.00396969
0.00566626
0.00541647
0.00512383
0.00492407
0.00292616
0.00278079
0.00261927
0.002516
0.00392083
0.00373207
0.00351878
0.0033794
0.0054197
0.00516707
0.00487634
0.00468204
0.00670621
0.00639941
0.00604258
0.00580114
0.000569795
0.000530575
0.000493366
0.000474896
0.00104188
0.000976963
0.000912866
0.000878496
0.00198555
0.00187508
0.0017591
0.00169054
0.00293308
0.00278002
0.00261353
0.00251016
0.0034993
0.00332112
0.00312504
0.00300137
0.00467171
0.0044415
0.00418404
0.00401806
0.00643691
0.00613073
0.00578189
0.00555172
0.00795161
0.00758116
0.00715451
0.00686934
0.00418532
0.00396988
0.00373547
0.00358998
0.00556085
0.00528534
0.00498106
0.00478829
0.00762734
0.00726525
0.00685813
0.00659414
0.00939831
0.00896358
0.00846951
0.00814488
0.00212067
0.00206124
0.00197739
0.00190862
0.0014828
0.00144176
0.00138286
0.00133388
0.000833709
0.000810656
0.000776699
0.000747844
0.000473085
0.000459383
0.000438784
0.000420989
0.000326402
0.000316267
0.000301016
0.000287813
0.000132036
0.000126414
0.000118477
0.000111889
4.22092e-05
3.76321e-05
3.27655e-05
2.97639e-05
9.24276e-05
8.52023e-05
7.80968e-05
7.42768e-05
0.000385068
0.000371074
0.000350673
0.000333461
0.00016294
0.000155123
0.000144483
0.000135936
6.15631e-05
5.53446e-05
4.88436e-05
4.49412e-05
0.000120206
0.000110672
0.00010132
9.63202e-05
0.000157146
0.000147501
0.000137938
0.000132748
0.000343264
0.00032755
0.000311476
0.000302321
0.000717883
0.000690717
0.000661368
0.000643284
0.00109844
0.00106004
0.00101725
0.00098979
0.00133019
0.00128509
0.00123425
0.00120113
0.00181284
0.00175405
0.00168668
0.00164191
0.00253749
0.0024585
0.00236647
0.00230408
0.00315774
0.00306172
0.0029488
0.00287143
0.00152087
0.00146289
0.00139731
0.00135439
0.00206512
0.00198945
0.00190244
0.00184434
0.00288295
0.00278099
0.00266177
0.00258057
0.00358323
0.00345896
0.00331226
0.00321126
0.000241195
0.000225044
0.000209122
0.000200566
0.000482373
0.000456416
0.00042987
0.000414737
0.000969619
0.000924982
0.00087666
0.000846761
0.00146446
0.00140145
0.00133104
0.00128565
0.00176439
0.00169038
0.00160673
0.00155201
0.00238741
0.0022908
0.00217976
0.00210562
0.00332472
0.00319447
0.00304218
0.00293843
0.00412799
0.00396909
0.00378149
0.00365229
0.00207161
0.00197802
0.0018726
0.00180395
0.00279383
0.00267172
0.00253185
0.00243883
0.00388153
0.00371707
0.00352534
0.00339516
0.00481447
0.00461393
0.00437781
0.00421567
0.00150544
0.00149429
0.00147446
0.0014553
0.00104833
0.00104069
0.00102628
0.0010119
0.000582858
0.000579075
0.000570816
0.00056198
0.000322644
0.000321087
0.000316516
0.00031108
0.000216467
0.000215713
0.000212662
0.000208753
7.6447e-05
7.64422e-05
7.53368e-05
7.36403e-05
7.49795e-06
6.9995e-06
6.376e-06
5.89058e-06
3.75823e-05
3.55893e-05
3.37776e-05
3.29524e-05
0.000230159
0.000228003
0.000223142
0.00021786
8.25371e-05
8.16603e-05
7.94922e-05
7.70328e-05
1.12225e-05
1.00993e-05
8.8059e-06
7.90539e-06
4.51308e-05
4.23883e-05
3.98009e-05
3.852e-05
8.11194e-05
7.78988e-05
7.49338e-05
7.3565e-05
0.000211659
0.000205465
0.000199549
0.000196609
0.000475924
0.00046473
0.000453358
0.000447045
0.000746196
0.000730432
0.000713836
0.000704082
0.000912397
0.000893965
0.000874311
0.000862538
0.00126265
0.00123901
0.00121344
0.0011978
0.00179302
0.00176241
0.00172884
0.00170789
0.00225158
0.00221568
0.00217604
0.00215106
0.000981428
0.000959516
0.000935751
0.000921129
0.0013529
0.00132466
0.00129357
0.00127404
0.00191298
0.00187601
0.00183467
0.00180814
0.00239501
0.00235116
0.00230172
0.00226966
0.000107914
0.000102483
9.72146e-05
9.44789e-05
0.000260243
0.000250855
0.000241486
0.000236395
0.000566601
0.000550086
0.000532659
0.000522324
0.00087829
0.000854969
0.000829541
0.000813742
0.00106899
0.00104164
0.00101145
0.000992389
0.00146796
0.00143252
0.0013928
0.00136719
0.00206777
0.00202085
0.00196738
0.00193217
0.00258235
0.00252607
0.00246137
0.0024183
0.00118253
0.00114754
0.00110841
0.00108321
0.00161769
0.00157219
0.00152047
0.00148649
0.00227106
0.00221026
0.00214
0.00209289
0.00283058
0.00275705
0.00267131
0.00261318
0.0012974
0.00127998
0.00125292
0.00122896
0.000899671
0.000888144
0.000869455
0.000852423
0.000501769
0.000496387
0.00048664
0.000477156
0.000282532
0.000280668
0.000276156
0.000271169
0.000193062
0.000192516
0.000190131
0.000187084
7.34901e-05
7.43589e-05
7.46105e-05
7.41689e-05
9.057e-06
9.98079e-06
1.12541e-05
1.23042e-05
2.57674e-05
2.54385e-05
2.57168e-05
2.6485e-05
0.000198027
0.000198111
0.000196332
0.000193559
7.26516e-05
7.35858e-05
7.37656e-05
7.31279e-05
6.57757e-06
7.16399e-06
7.89638e-06
8.43628e-06
2.64722e-05
2.57195e-05
2.53758e-05
2.55963e-05
5.61974e-05
5.46534e-05
5.37409e-05
5.38924e-05
0.000152542
0.00014782
0.000143518
0.000141626
0.000354832
0.0003446
0.000334009
0.000327967
0.000566296
0.000550919
0.000534238
0.000523995
0.000697981
0.000679506
0.00065915
0.000646366
0.00098091
0.000956157
0.000928337
0.000910361
0.0014208
0.00138732
0.00134904
0.00132374
0.00181115
0.00177072
0.00172408
0.00169291
0.00075244
0.000735402
0.000717022
0.00070583
0.00105381
0.00103145
0.0010069
0.000991566
0.00151886
0.00148934
0.00145643
0.0014354
0.00192863
0.0018936
0.00185425
0.00182886
6.56905e-05
6.34214e-05
6.15089e-05
6.08251e-05
0.000179425
0.000174347
0.000169625
0.000167424
0.000413084
0.00040338
0.000393614
0.000388295
0.000654282
0.000640414
0.000625892
0.000617442
0.000803492
0.000787188
0.000769882
0.000759601
0.0011209
0.00109983
0.00107714
0.00106335
0.00160729
0.00157998
0.00155014
0.00153163
0.00203293
0.00200096
0.00196582
0.00194383
0.000855102
0.000838444
0.000820842
0.000810454
0.00118809
0.00116673
0.00114385
0.00113005
0.00169509
0.00166759
0.00163772
0.00161936
0.00213595
0.00210388
0.00206886
0.00204716
0.00080984
0.000764983
0.000706521
0.000661935
0.000567485
0.000536851
0.000496843
0.000466309
0.000329531
0.000313207
0.000291956
0.000275853
0.000201781
0.00019349
0.000182904
0.000175115
0.000149637
0.000144628
0.000138438
0.000134097
7.71974e-05
7.63707e-05
7.58852e-05
7.60833e-05
3.6787e-05
3.82823e-05
4.1249e-05
4.43946e-05
4.48598e-05
4.59096e-05
4.86662e-05
5.19248e-05
0.000164831
0.000160972
0.000155649
0.000151488
7.68508e-05
7.66825e-05
7.6595e-05
7.67411e-05
2.74976e-05
2.91814e-05
3.21041e-05
3.49873e-05
3.68197e-05
3.78229e-05
4.03164e-05
4.32117e-05
6.04011e-05
6.03546e-05
6.19025e-05
6.43919e-05
0.000109911
0.000106238
0.00010345
0.000102892
0.000221637
0.000210703
0.000199016
0.000192047
0.000342786
0.000324431
0.000303535
0.000289853
0.000418694
0.000395602
0.000368809
0.000350808
0.000584556
0.0005513
0.000511717
0.000484236
0.000852776
0.000804089
0.000745067
0.00070318
0.00109887
0.00103671
0.000960697
0.000906219
0.000496538
0.000473698
0.00044733
0.000429718
0.000698122
0.000665631
0.000627197
0.0006007
0.00102012
0.000973219
0.000916724
0.000876912
0.00131269
0.0012534
0.00118136
0.00113008
5.38554e-05
5.3272e-05
5.38285e-05
5.53115e-05
0.000128716
0.000124499
0.000120909
0.000119637
0.000290601
0.000279602
0.000267915
0.000260984
0.000462526
0.000444882
0.000425073
0.000412324
0.000570196
0.000548418
0.000523542
0.000507144
0.000803672
0.000773223
0.000737624
0.000713423
0.00117285
0.0011297
0.00107832
0.00104261
0.00150545
0.00145158
0.00138687
0.00134142
0.000637557
0.000617363
0.000594658
0.000579999
0.000898145
0.000870483
0.000838699
0.000817555
0.00130656
0.00126822
0.00122336
0.00119283
0.00167167
0.00162453
0.00156889
0.0015306
0.000182243
0.000155031
0.000122879
0.000100804
0.000135597
0.000116006
9.31778e-05
7.77615e-05
9.45606e-05
8.24442e-05
6.88426e-05
6.008e-05
7.74041e-05
6.92558e-05
6.06132e-05
5.54741e-05
7.09256e-05
6.44233e-05
5.77932e-05
5.40885e-05
5.93404e-05
5.51787e-05
5.14311e-05
4.9799e-05
5.66091e-05
5.37611e-05
5.16762e-05
5.12733e-05
6.36549e-05
6.05495e-05
5.8209e-05
5.76673e-05
9.15551e-05
8.48278e-05
7.78183e-05
7.38186e-05
6.78879e-05
6.44798e-05
6.16593e-05
6.07543e-05
5.76896e-05
5.62775e-05
5.60598e-05
5.71401e-05
6.49962e-05
6.34307e-05
6.3137e-05
6.42486e-05
6.75879e-05
6.40114e-05
6.11132e-05
6.01871e-05
7.46068e-05
6.95652e-05
6.48729e-05
6.26616e-05
9.54214e-05
8.68716e-05
7.78978e-05
7.26338e-05
0.000120262
0.000107801
9.4063e-05
8.54098e-05
0.000134249
0.000119272
0.00010248
9.16633e-05
0.000164756
0.000144292
0.000120704
0.00010496
0.000221091
0.000191553
0.000156768
0.000132945
0.000277273
0.000239279
0.000194092
0.000162793
0.00019431
0.000176208
0.000155575
0.000142019
0.000252049
0.000226377
0.000196262
0.000175734
0.000352362
0.000314555
0.000269272
0.000237621
0.000448977
0.00040009
0.000340982
0.000299214
6.97576e-05
6.87166e-05
6.91752e-05
7.09545e-05
9.45668e-05
9.06955e-05
8.76886e-05
8.69719e-05
0.000154854
0.000144887
0.000134349
0.000128166
0.0002223
0.000205853
0.000187274
0.000175234
0.000263846
0.000243192
0.00021938
0.000203515
0.000355036
0.000325234
0.000289899
0.000265501
0.000508196
0.000464038
0.000410641
0.000372885
0.000652567
0.000595512
0.000525897
0.000476161
0.000339872
0.000317506
0.000291567
0.000274155
0.00046807
0.000435677
0.00039709
0.000370288
0.000678699
0.000630839
0.000572745
0.00053147
0.00087424
0.000812681
0.000737307
0.000683218
5.93083e-07
4.01144e-07
3.20785e-07
3.80945e-07
9.53499e-07
6.06438e-07
3.38677e-07
3.53917e-07
2.64037e-06
1.7188e-06
1.02092e-06
1.00641e-06
4.9447e-06
3.11546e-06
1.8921e-06
1.8984e-06
5.97064e-06
3.79334e-06
1.94666e-06
1.48274e-06
7.17463e-06
4.45294e-06
2.00341e-06
1.09247e-06
8.98176e-06
5.55672e-06
2.36125e-06
9.26933e-07
1.05166e-05
6.61002e-06
2.88845e-06
1.08788e-06
1.76014e-05
1.36673e-05
9.74059e-06
7.51262e-06
1.95871e-05
1.55658e-05
1.15113e-05
9.16785e-06
2.29594e-05
1.85716e-05
1.40971e-05
1.14675e-05
2.61127e-05
2.12452e-05
1.62444e-05
1.32809e-05
1.05775e-05
6.64878e-06
2.89602e-06
1.07555e-06
9.29555e-06
5.78428e-06
2.45472e-06
9.14701e-07
7.78644e-06
4.90484e-06
2.20012e-06
1.07976e-06
6.78966e-06
4.40375e-06
2.21769e-06
1.47045e-06
5.89714e-06
3.79131e-06
2.16651e-06
1.86335e-06
3.91525e-06
2.54637e-06
1.3407e-06
1.01771e-06
2.43344e-06
1.49444e-06
6.53646e-07
3.91191e-07
2.0694e-06
1.23931e-06
5.90656e-07
4.19395e-07
2.21314e-05
1.66024e-05
1.09574e-05
7.71735e-06
1.92343e-05
1.39306e-05
8.50515e-06
5.40851e-06
1.72963e-05
1.19703e-05
6.5641e-06
3.55014e-06
1.71508e-05
1.16437e-05
6.12347e-06
3.13347e-06
4.3699e-05
3.8237e-05
3.26337e-05
2.93556e-05
4.30297e-05
3.72877e-05
3.13382e-05
2.78181e-05
4.46819e-05
3.79882e-05
3.09212e-05
2.66515e-05
4.7836e-05
3.99816e-05
3.15736e-05
2.64184e-05
4.84039e-05
3.99761e-05
3.0961e-05
2.54569e-05
4.89833e-05
3.9373e-05
2.89636e-05
2.25226e-05
5.42855e-05
4.22527e-05
2.90689e-05
2.08317e-05
6.18015e-05
4.72945e-05
3.13223e-05
2.13171e-05
8.54753e-05
7.3847e-05
6.10824e-05
5.30583e-05
9.67818e-05
8.19316e-05
6.52505e-05
5.44583e-05
0.00012108
0.000100585
7.71036e-05
6.15578e-05
0.000147125
0.000121204
9.1227e-05
7.11772e-05
