FiniteElementSpace
FiniteElementCollection: H1_2D_P2
VDim: 2
Ordering: 0

0
0.836414
1.63313
2.36373
3.01592
3.57976
4.0552
4.46702
4.86038
0
1.14673
2.15725
3.0232
3.77107
4.40948
4.93796
5.37721
5.77746
0.421683
1.00238
0.583169
0
1.24185
1.90731
1.67178
2.00759
2.70467
2.60639
2.70029
3.40449
3.41086
3.30932
4.00537
4.10412
3.82767
4.5049
4.68698
4.26643
4.92574
5.16607
4.6633
5.31946
5.57866
0.508593
1.46897
2.31865
3.06656
3.71774
4.26723
4.72236
5.12241
0.212536
0.470655
0.254032
0
1.04065
1.36073
1.23923
0.925016
1.82257
2.16724
2.11625
1.77495
2.53454
2.88674
2.8886
2.53782
3.16546
3.51673
3.56426
3.2134
3.70644
4.05048
4.13947
3.79576
4.16253
4.49644
4.61582
4.28271
4.56532
4.89345
5.02445
4.69769
0.629865
0.758632
1.07478
0.869251
0.544212
0.289874
0
1.43946
1.69162
2.03371
1.9193
1.57135
1.41431
2.18803
2.51473
2.86593
2.81861
2.46427
2.38611
2.86081
3.23855
3.5901
3.59435
3.24089
3.22053
3.44742
3.8648
4.20969
4.2603
3.91329
3.94102
3.94377
4.3889
4.72301
4.81561
4.4791
4.55168
4.36766
4.82536
5.15194
5.27332
4.94525
5.05455
4.7616
5.0901
5.22046
5.54838
5.67808
5.35058
5.47867
0.239149
1.14548
1.97383
2.71501
3.36805
3.9261
4.39155
4.79582
0.69974
0.813605
0.268259
1.57059
1.80669
1.32741
2.35523
2.66854
2.25278
3.05291
3.41871
3.05665
3.65931
4.06487
3.75499
4.16921
4.60406
4.34772
4.59819
5.05009
4.8365
4.99136
5.44919
5.25179
0.108867
0.228078
0.120994
0
0.938843
1.09482
1.03588
0.88255
1.72837
1.89949
1.87507
1.70545
2.44974
2.62572
2.62709
2.45178
3.09138
3.26762
3.29146
3.11552
3.64379
3.81714
3.86168
3.68864
4.10934
4.27771
4.33766
4.1697
4.51625
4.68082
4.74687
4.58272
0.525932
0.666675
0.585556
0.447996
0.634339
0.786224
0.679915
0.526236
0.126342
0.261062
0.131226
0
1.3411
1.50655
1.46634
1.30293
1.58118
1.74966
1.69008
1.52062
1.12169
1.28371
1.20219
1.03887
2.09838
2.27271
2.26191
2.08859
2.41747
2.59222
2.56729
2.39203
2.01261
2.18507
2.14422
1.97105
2.7812
2.95773
2.97053
2.79441
3.15331
3.32925
3.3306
3.15434
2.79739
2.97323
2.96211
2.78589
3.37908
3.55424
3.58878
3.41389
3.79208
3.96546
3.98993
3.81614
3.48515
3.66026
3.67337
3.49792
3.88633
4.0573
4.11053
3.93993
4.3288
4.49698
4.54236
4.37371
4.07323
4.24418
4.27955
4.10814
4.31733
4.4834
4.54765
4.38201
4.77424
4.93797
4.9981
4.83412
4.56095
4.72654
4.7804
4.6144
4.71237
4.87656
4.94233
4.77853
5.17139
5.33484
5.39986
5.23656
4.97524
5.13823
5.20206
5.03902
0.317083
0.355231
0.490436
0.381625
0.247049
0
1.14164
1.25377
1.41584
1.35499
1.19334
0.964638
1.91562
2.07121
2.24381
2.21825
2.04594
1.84208
2.61804
2.80156
2.97741
2.97833
2.80258
2.62205
3.2381
3.44314
3.61797
3.6418
3.4669
3.30969
3.76772
3.98902
4.15953
4.20413
4.03349
3.90129
4.21486
4.44444
4.60984
4.66958
4.5042
4.39438
4.61429
4.84465
5.00806
5.07347
4.91033
4.81199
0.733347
0.812939
0.881346
0.730045
0.945242
1.11058
1.00922
0.841133
0.727126
0.563139
0.406744
0.437649
0.277757
0.140352
0
1.53678
1.67346
1.80033
1.63208
1.92122
2.09565
2.03945
1.86309
1.79678
1.62158
1.45047
1.54432
1.37079
1.2818
2.27647
2.4472
2.61046
2.43581
2.76808
2.94496
2.92184
2.74393
2.71349
2.53563
2.35945
2.4973
2.31968
2.27279
2.93903
3.13387
3.32228
3.14648
3.50521
3.68111
3.68357
3.50703
3.50346
3.32635
3.14958
3.31656
3.13903
3.12276
3.5143
3.7283
3.9359
3.76279
4.13813
4.31011
4.33578
4.16313
4.1831
4.00925
3.83497
4.02345
3.84855
3.85691
4.00004
4.22658
4.44757
4.27969
4.66426
4.83083
4.87755
4.71024
4.75212
4.58349
4.41423
4.6202
4.4502
4.48147
4.41752
4.64817
4.87582
4.71213
5.10133
5.26463
5.32563
5.16184
5.22018
5.05586
4.89142
5.1109
4.9458
4.99694
4.81092
4.97526
5.04061
5.20485
5.2698
5.10599
5.43394
5.49867
5.66283
5.72773
5.56357
5.62838
5.46457
5.30126
5.52878
5.36522
5.42818
0.117293
0.989164
1.80307
2.53939
3.19228
3.75361
4.22421
4.63187
0.557604
0.657111
0.128753
1.40531
1.63611
1.16228
2.18127
2.49296
2.07896
2.87675
3.24257
2.88035
3.4848
3.89163
3.57989
3.99926
4.4361
4.17698
4.43302
4.88645
4.67109
4.82747
5.28566
5.0888
0.338005
0.369171
0.124006
1.19941
1.30537
1.07975
1.99465
2.14562
1.94477
2.71072
2.89071
2.71303
3.34148
3.54321
3.38905
3.87923
4.09726
3.96817
4.33028
4.55749
4.44986
4.72968
4.95923
4.8613
0.775009
0.848045
0.610773
0.913499
0.976997
0.703124
0.393949
0.421417
0.134302
1.60659
1.73785
1.52475
1.8613
1.98048
1.74349
1.40316
1.49737
1.24187
2.36288
2.52965
2.34054
2.68986
2.84533
2.64071
2.28942
2.42864
2.20871
3.03732
3.22882
3.06267
3.41437
3.5949
3.41752
3.06456
3.23353
3.04285
3.62218
3.83283
3.69116
4.03763
4.23749
4.08705
3.73902
3.92975
3.76567
4.11409
4.33768
4.22032
4.55639
4.77128
4.64767
4.30975
4.51769
4.38102
4.53327
4.76231
4.66135
4.98878
5.21357
5.10931
4.78085
5.0014
4.88898
4.92582
5.15527
5.05696
5.38425
5.61314
5.51407
5.18745
5.41499
5.31514
0
-0.185908
-0.593087
-1.16199
-1.83948
-2.5983
-3.42527
-4.30725
-5.22076
1
0.749016
0.245765
-0.421929
-1.195
-2.05005
-2.96313
-3.89738
-4.82198
-0.0678448
0.31045
0.901941
0.5
-0.364826
-0.155592
0.524126
-0.861327
-0.779919
-0.072532
-1.48937
-1.50819
-0.797111
-2.2097
-2.31742
-1.61344
-3.00394
-3.19018
-2.50145
-3.86052
-4.10096
-3.43003
-4.76213
-5.02136
-4.36172
0.453512
0.102487
-0.452397
-1.13292
-1.90364
-2.74726
-3.64266
-4.56155
-0.0363422
0.203469
0.494318
0.25
-0.268544
-0.125408
0.21359
0.0702305
-0.722726
-0.653501
-0.299728
-0.370049
-1.32262
-1.30865
-0.953475
-0.968134
-2.0222
-2.05474
-1.70351
-1.67159
-2.79907
-2.87472
-2.5305
-2.45639
-3.64128
-3.75187
-3.41546
-3.30748
-4.53392
-4.66242
-4.33118
-4.2047
-0.118451
0.391077
0.536236
0.835716
0.684843
0.945893
0.75
-0.473415
-0.0210848
0.0497418
0.39066
0.3189
0.64431
-1.008
-0.612703
-0.597785
-0.243743
-0.258643
0.0909591
-1.66178
-1.31792
-1.34933
-0.993357
-0.962394
-0.606526
-2.40179
-2.10836
-2.18181
-1.82966
-1.7565
-1.40178
-3.21274
-2.9673
-3.07491
-2.73132
-2.62251
-2.27416
-4.08264
-3.87131
-3.99794
-3.6639
-3.53478
-3.19624
-4.99127
-5.12139
-4.79173
-4.92141
-4.59226
-4.46092
-4.13007
0.241552
-0.0207216
-0.507459
-1.13541
-1.86075
-2.6636
-3.52841
-4.43317
0.14569
0.620288
0.729232
-0.242301
0.189905
0.435016
-0.807302
-0.424763
-0.100163
-1.48747
-1.15321
-0.77714
-2.25335
-1.96704
-1.5505
-3.08946
-2.8475
-2.40045
-3.97745
-3.76619
-3.30418
-4.892
-4.69152
-4.22963
-0.0219869
0.106012
0.249983
0.125
-0.225505
-0.142911
0.0265635
-0.0557527
-0.656763
-0.614205
-0.437618
-0.480544
-1.24153
-1.22838
-1.051
-1.0644
-1.93024
-1.94095
-1.76555
-1.75498
-2.69816
-2.73107
-2.55949
-2.52699
-3.53285
-3.58497
-3.41761
-3.3664
-4.42037
-4.48381
-4.31881
-4.25624
-0.0910691
0.0161454
0.176904
0.0706213
0.424692
0.507548
0.655134
0.57125
0.502052
0.6139
0.742103
0.625
-0.417712
-0.356655
-0.182423
-0.243684
0.0421586
0.0856973
0.255903
0.212117
0.263917
0.32587
0.48763
0.425058
-0.933735
-0.906938
-0.729482
-0.756628
-0.531643
-0.517876
-0.340795
-0.354575
-0.226528
-0.198898
-0.024067
-0.0517636
-1.57491
-1.57404
-1.39738
-1.3984
-1.22475
-1.23496
-1.05712
-1.047
-0.865933
-0.864594
-0.686698
-0.688072
-2.30519
-2.32715
-2.15348
-2.13174
-2.00544
-2.03722
-1.86122
-1.82956
-1.60523
-1.62647
-1.4493
-1.42819
-3.10786
-3.15103
-2.98166
-2.93917
-2.8569
-2.90703
-2.73467
-2.68448
-2.42348
-2.46505
-2.29068
-2.24916
-3.97124
-4.03028
-3.86442
-3.80639
-3.75683
-3.81851
-3.65041
-3.58844
-3.30255
-3.3595
-3.18935
-3.1322
-4.87663
-4.94182
-4.77719
-4.71251
-4.67669
-4.74155
-4.57632
-4.51112
-4.21602
-4.28025
-4.11381
-4.04925
-0.0496009
0.224988
0.331034
0.476836
0.370352
0.375
-0.315127
-0.0714556
-0.0100052
0.159701
0.0980997
0.192246
-0.790996
-0.579462
-0.552057
-0.375054
-0.402597
-0.261698
-1.40528
-1.22131
-1.22014
-1.04249
-1.04376
-0.873286
-2.11538
-1.95715
-1.9787
-1.80299
-1.7816
-1.58933
-2.901
-2.76869
-2.81071
-2.63845
-2.59671
-2.38651
-3.75052
-3.63986
-3.69721
-3.52885
-3.47183
-3.24867
-4.64787
-4.54772
-4.61204
-4.44637
-4.38222
-4.15285
-0.150268
0.110001
0.35292
0.270561
0.580563
0.64418
0.794857
0.729613
0.871614
0.794871
0.709602
0.926891
0.839559
0.967106
0.875
-0.531981
-0.304901
-0.0870572
-0.130418
0.121128
0.148923
0.319559
0.291558
0.458958
0.422892
0.378692
0.586047
0.541138
0.698802
-1.08415
-0.886881
-0.695484
-0.709194
-0.510447
-0.509065
-0.331996
-0.333378
-0.157215
-0.164621
-0.178391
0.0102443
-0.00353622
0.169532
-1.75
-1.57889
-1.41241
-1.4021
-1.25062
-1.2716
-1.09351
-1.07268
-0.894536
-0.879096
-0.86905
-0.701085
-0.691115
-0.513449
-2.49951
-2.35433
-2.21237
-2.18042
-2.07392
-2.11542
-1.93935
-1.89783
-1.72099
-1.68445
-1.65291
-1.50701
-1.4756
-1.29775
-3.31855
-3.19808
-3.07841
-3.02816
-2.96094
-3.01849
-2.84701
-2.78888
-2.61609
-2.56145
-2.51108
-2.38743
-2.33679
-2.16166
-4.19466
-4.09089
-3.98604
-3.92437
-3.88205
-3.94725
-3.78072
-3.71458
-3.54698
-3.4819
-3.41934
-3.31308
-3.24969
-3.07956
-5.10602
-5.17124
-5.00677
-5.07143
-4.90664
-4.84193
-4.97132
-4.80653
-4.8716
-4.7072
-4.64174
-4.47713
-4.41107
-4.34534
-4.24604
-4.17951
-4.01385
0.117845
-0.097561
-0.546232
-1.14561
-1.84735
-2.62852
-3.47531
-4.36986
0.0456297
0.541878
0.623552
-0.298745
0.150384
0.377412
-0.830855
-0.435319
-0.124195
-1.48555
-1.1403
-0.77557
-2.22888
-1.93284
-1.52671
-3.04465
-2.7954
-2.35664
-3.91805
-3.70336
-3.24562
-4.82712
-4.62641
-4.16474
0.0907092
0.353561
0.377658
-0.191709
0.0456805
0.147024
-0.684389
-0.476315
-0.331015
-1.31267
-1.13123
-0.957754
-2.03576
-1.87956
-1.68485
-2.83463
-2.70326
-2.49112
-3.69534
-3.58427
-3.35995
-4.59805
-4.49709
-4.26745
-0.0178183
0.233502
0.303158
0.468529
0.68928
0.764927
0.595411
0.819779
0.857222
-0.417324
-0.194782
-0.0687696
0.0182579
0.221563
0.358754
0.27069
0.483791
0.594724
-0.984823
-0.790409
-0.629713
-0.602149
-0.42039
-0.248086
-0.275728
-0.0830595
0.0738473
-1.66387
-1.49507
-1.31044
-1.33093
-1.17148
-0.975201
-0.955084
-0.784382
-0.59932
-2.42653
-2.28293
-2.079
-2.14268
-2.00612
-1.79059
-1.72743
-1.57943
-1.37297
-3.2583
-3.13806
-2.91903
-3.01932
-2.90345
-2.67486
-2.57435
-2.44874
-2.22566
-4.14303
-4.03847
-3.8106
-3.93382
-3.83094
-3.59821
-3.4738
-3.3657
-3.13393
-5.05655
-4.95676
-4.727
-4.85652
-4.75674
-4.52652
-4.39572
-4.2954
-4.06345
