FiniteElementSpace
FiniteElementCollection: L2_2D_P3
VDim: 1
Ordering: 0

0.0306818
0.01358
0.0190182
0.0278694
0.009458
0.00650329
0.0124662
0.0201765
0.00219898
0.0026051
0.00623655
0.0106457
0.0020489
0.00197971
0.00327175
0.00471932
0.0168319
0.016274
0.0154193
0.0146789
0.0111301
0.0108256
0.0103174
0.00985052
0.00599015
0.00588682
0.00566525
0.00543379
0.00345969
0.0034445
0.00334749
0.00321937
0.0074423
0.00697049
0.00634834
0.00587022
0.00531655
0.00500397
0.00458669
0.00426241
0.00325577
0.00308935
0.00286339
0.00268535
0.00215675
0.00206342
0.00193488
0.00183287
0.00204703
0.00186201
0.00163196
0.00146461
0.00158304
0.00144518
0.0012744
0.00115061
0.00110563
0.00101514
0.000904589
0.000825551
0.000836269
0.000771643
0.000694571
0.000640844
0.000389419
0.000350949
0.000303856
0.000270109
0.000323883
0.000292553
0.000254434
0.000227269
0.000251644
0.00022787
0.000199409
0.000179436
0.000208002
0.000188462
0.000165595
0.000149911
8.32953e-05
7.71454e-05
6.9486e-05
6.3892e-05
7.17293e-05
6.64e-05
5.97925e-05
5.49869e-05
5.77474e-05
5.34011e-05
4.80766e-05
4.42464e-05
4.82386e-05
4.45259e-05
4.00572e-05
3.68956e-05
2.60669e-05
2.40071e-05
2.14502e-05
1.95907e-05
2.23648e-05
2.06114e-05
1.8442e-05
1.68693e-05
1.80583e-05
1.66755e-05
1.49759e-05
1.37522e-05
1.51824e-05
1.40558e-05
1.26823e-05
1.17018e-05
3.89816e-06
3.196e-06
2.38926e-06
1.85413e-06
3.63869e-06
3.0238e-06
2.3163e-06
1.84544e-06
3.35177e-06
2.83406e-06
2.23854e-06
1.84151e-06
3.17246e-06
2.71555e-06
2.19122e-06
1.84217e-06
0.0205001
0.0203578
0.0199575
0.0194911
0.0136944
0.0135384
0.0131462
0.0127077
0.00741562
0.0072981
0.00699826
0.00666311
0.00422567
0.0041765
0.00397577
0.00372067
0.000813909
0.000767878
0.000729673
0.000718068
0.0018379
0.00172337
0.00163172
0.00160353
0.00393916
0.00372135
0.00352742
0.00344491
0.0060222
0.0057226
0.00543827
0.00530002
0.000973985
0.000403791
0.00028361
0.000480616
0.000866861
0.000506133
0.000890478
0.00157183
0.000921901
0.000927133
0.00230031
0.00389214
0.00128958
0.00157596
0.0038797
0.00630878
0.0118603
0.0112896
0.0104934
0.00985126
0.00814355
0.00779481
0.00729094
0.00687273
0.00466647
0.00450852
0.0042625
0.00404697
0.00288141
0.00281275
0.00268902
0.00257167
0.000599264
0.000576015
0.000563001
0.000565991
0.00102675
0.000960951
0.000905945
0.000886215
0.00205892
0.00191967
0.00178347
0.00171217
0.00317456
0.00296759
0.00275208
0.00262694
0.00066818
0.000642233
0.000626655
0.000628609
0.0013856
0.00130387
0.00123953
0.00122119
0.00293832
0.002772
0.00262093
0.0025536
0.00453965
0.0043021
0.00407112
0.00395271
0.00413845
0.00381598
0.00340581
0.00310082
0.00307699
0.00284921
0.00255905
0.00234302
0.00201475
0.00187851
0.00170592
0.00157815
0.00143017
0.00134222
0.00123275
0.00115324
0.000425942
0.000401393
0.000381272
0.000374368
0.000485291
0.000448813
0.00041535
0.000399762
0.000751449
0.000685374
0.000616668
0.000576532
0.00108939
0.000990915
0.000882838
0.000814719
0.000527285
0.000503758
0.000488113
0.000487174
0.0007252
0.000675791
0.000632604
0.000614852
0.00130436
0.00120309
0.00109989
0.00104167
0.00197212
0.00181901
0.00165363
0.0015519
0.000917053
0.000826717
0.000715801
0.000636111
0.000736756
0.000666232
0.000580142
0.000518623
0.000545834
0.000495754
0.000435612
0.000393316
0.000435296
0.000396562
0.000351147
0.000319987
0.000175602
0.000159164
0.000142811
0.000133737
0.000159355
0.000142879
0.00012646
0.00011734
0.000180771
0.000159845
0.000137938
0.000124883
0.000227984
0.000200463
0.000170468
0.000151628
0.00029847
0.000276053
0.000255186
0.000245023
0.000297296
0.000271334
0.000246359
0.000233426
0.000391718
0.000352431
0.00031129
0.000286894
0.000533055
0.000477371
0.000416173
0.000377435
0.000170055
0.000154938
0.000136316
0.000122874
0.000145033
0.000132261
0.000116613
0.000105373
0.000115912
0.000105733
9.34447e-05
8.47392e-05
9.71264e-05
8.84582e-05
7.82154e-05
7.11076e-05
3.73083e-05
3.31353e-05
2.87624e-05
2.612e-05
2.87659e-05
2.51919e-05
2.15281e-05
1.93821e-05
2.43727e-05
2.08668e-05
1.72578e-05
1.51384e-05
2.58587e-05
2.18891e-05
1.77002e-05
1.51626e-05
8.6413e-05
7.70262e-05
6.73687e-05
6.16953e-05
7.25778e-05
6.39483e-05
5.51743e-05
5.0114e-05
7.16968e-05
6.21808e-05
5.22736e-05
4.63843e-05
8.34091e-05
7.18506e-05
5.94289e-05
5.17418e-05
4.62316e-05
4.31321e-05
3.92516e-05
3.64022e-05
3.97129e-05
3.70219e-05
3.3665e-05
3.12086e-05
3.18914e-05
2.97148e-05
2.7022e-05
2.5067e-05
2.65411e-05
2.47244e-05
2.25027e-05
2.09074e-05
8.54594e-06
7.97189e-06
7.34218e-06
6.94064e-06
5.7366e-06
5.34474e-06
4.93769e-06
4.69622e-06
3.3616e-06
3.09238e-06
2.83355e-06
2.69778e-06
2.49056e-06
2.23305e-06
1.98649e-06
1.85847e-06
1.6273e-05
1.47406e-05
1.31047e-05
1.20917e-05
1.14294e-05
1.02316e-05
8.99796e-06
8.2702e-06
7.93039e-06
6.89985e-06
5.86003e-06
5.2662e-06
7.28496e-06
6.18997e-06
5.0645e-06
4.40623e-06
1.24311e-05
1.10224e-05
9.31712e-06
8.11151e-06
1.08556e-05
9.66585e-06
8.22957e-06
7.21711e-06
9.07414e-06
8.13656e-06
7.01133e-06
6.22306e-06
7.91902e-06
7.14854e-06
6.23032e-06
5.59195e-06
3.60967e-06
3.36629e-06
3.09621e-06
2.9238e-06
2.71396e-06
2.5519e-06
2.38071e-06
2.27866e-06
1.78371e-06
1.69661e-06
1.61667e-06
1.57969e-06
1.25356e-06
1.20006e-06
1.16118e-06
1.15367e-06
5.43196e-06
5.12986e-06
4.79541e-06
4.58211e-06
3.77729e-06
3.59084e-06
3.39842e-06
3.2874e-06
2.21889e-06
2.12412e-06
2.04396e-06
2.01362e-06
1.4776e-06
1.4095e-06
1.36159e-06
1.3542e-06
4.39947e-07
2.88994e-07
1.41339e-07
6.53192e-08
5.26103e-07
3.66182e-07
2.03068e-07
1.11888e-07
6.19855e-07
4.49902e-07
2.71979e-07
1.67654e-07
6.74923e-07
4.96843e-07
3.10141e-07
2.00217e-07
5.60385e-07
4.11713e-07
2.56937e-07
1.65817e-07
4.78776e-07
3.50992e-07
2.18223e-07
1.40258e-07
3.84792e-07
2.81022e-07
1.736e-07
1.10842e-07
3.21612e-07
2.33905e-07
1.43653e-07
9.13506e-08
2.00939e-06
1.77876e-06
1.519e-06
1.34871e-06
1.63532e-06
1.45608e-06
1.25712e-06
1.12875e-06
1.21137e-06
1.08774e-06
9.54782e-07
8.72136e-07
9.34682e-07
8.44761e-07
7.52163e-07
6.97864e-07
0.0209904
0.0209694
0.0207404
0.0203463
0.0151987
0.0148852
0.0142786
0.0136705
0.00869521
0.00844816
0.00798679
0.00754119
0.00478493
0.00474427
0.00460914
0.00444639
0.00340518
0.00331286
0.0032121
0.00311987
0.00122602
0.0012589
0.00125871
0.00122191
0.000170012
0.00020943
0.000232989
0.000225248
0.000330375
0.000402874
0.00045
0.000444849
0.00187758
0.00136973
0.00201782
0.00298854
0.00131865
0.000762875
0.000803295
0.00112545
0.00115302
0.000455536
0.000109403
7.50319e-05
0.00104291
0.000387697
0.00014458
0.000177571
0.0143284
0.013747
0.0129026
0.0121997
0.00965017
0.00931281
0.00879524
0.00834589
0.00535475
0.00521917
0.00498053
0.00475469
0.00319524
0.00315065
0.00303866
0.00291619
0.00231876
0.00230488
0.00224329
0.00216612
0.00110173
0.00111796
0.00111616
0.0010985
0.000409799
0.000426615
0.000446612
0.000460602
0.000463162
0.000458273
0.000460904
0.000470106
0.00243619
0.00244857
0.00240196
0.00232191
0.00106351
0.00109547
0.00110314
0.00108443
0.000328024
0.000350992
0.000374587
0.000387979
0.000444106
0.000441079
0.000443638
0.000450986
0.00563416
0.00523513
0.00471939
0.00433015
0.00410632
0.00383291
0.00347744
0.00320767
0.00260058
0.00244571
0.00224373
0.00209012
0.00178409
0.00169023
0.00156869
0.00147714
0.00143849
0.00136874
0.00127975
0.00121371
0.000898469
0.00086311
0.000821232
0.00079252
0.000521175
0.000505026
0.000492043
0.000488017
0.000460013
0.000441592
0.000429061
0.000427861
0.0016982
0.00163301
0.0015435
0.00147272
0.00100153
0.000974243
0.000938936
0.00091256
0.000535849
0.000526941
0.000522193
0.000523699
0.000482372
0.000467562
0.000460103
0.000463223
0.00138439
0.00125262
0.00108999
0.000972559
0.00109145
0.000990877
0.00086739
0.000778644
0.000785871
0.000717107
0.00063398
0.000575151
0.000611386
0.000560165
0.000499734
0.000458039
0.000530641
0.000487099
0.000436545
0.000402253
0.000391461
0.000360703
0.000326461
0.000304327
0.000279114
0.000257671
0.00023566
0.000222895
0.00024479
0.000225139
0.000205922
0.0001956
0.00071503
0.000661407
0.000598575
0.000555589
0.000510591
0.000474712
0.000434715
0.000408887
0.000351044
0.000327561
0.000304074
0.000291057
0.000307524
0.000285889
0.0002656
0.000255568
0.000254876
0.00023065
0.00020093
0.000179578
0.00021502
0.000194905
0.000170373
0.000152842
0.000169912
0.000154227
0.000135395
0.000122132
0.000141801
0.000128629
0.000113162
0.000102505
0.000126978
0.000115115
0.000101336
9.19463e-05
0.00010022
9.07592e-05
8.00374e-05
7.29182e-05
7.49618e-05
6.75129e-05
5.9419e-05
5.42997e-05
6.33107e-05
5.65282e-05
4.93784e-05
4.50273e-05
0.000185666
0.000168216
0.000148036
0.00013436
0.000145452
0.000131774
0.000116382
0.000106252
0.00010908
9.84406e-05
8.70053e-05
7.988e-05
9.38639e-05
8.41094e-05
7.39416e-05
6.78564e-05
6.13577e-05
5.71528e-05
5.18947e-05
4.80385e-05
5.2816e-05
4.91553e-05
4.45961e-05
4.1265e-05
4.24749e-05
3.94903e-05
3.58104e-05
3.31467e-05
3.5381e-05
3.28556e-05
2.9787e-05
2.7596e-05
3.16065e-05
2.93444e-05
2.6616e-05
2.46817e-05
2.4942e-05
2.31545e-05
2.10322e-05
1.9551e-05
1.77969e-05
1.6491e-05
1.49915e-05
1.39809e-05
1.35793e-05
1.2529e-05
1.13669e-05
1.06159e-05
4.31153e-05
3.97697e-05
3.57772e-05
3.29759e-05
3.402e-05
3.13463e-05
2.82137e-05
2.60561e-05
2.44687e-05
2.2447e-05
2.01638e-05
1.86516e-05
1.9037e-05
1.73318e-05
1.54743e-05
1.42946e-05
1.86259e-05
1.6891e-05
1.47594e-05
1.32267e-05
1.60639e-05
1.45981e-05
1.28029e-05
1.15163e-05
1.31283e-05
1.19795e-05
1.05813e-05
9.58604e-06
1.11964e-05
1.0262e-05
9.13354e-06
8.33693e-06
1.02038e-05
9.37815e-06
8.38502e-06
7.68706e-06
8.40081e-06
7.75955e-06
6.99584e-06
6.465e-06
6.39489e-06
5.9543e-06
5.44107e-06
5.09329e-06
5.12715e-06
4.80908e-06
4.4495e-06
4.21457e-06
1.37061e-05
1.27123e-05
1.15062e-05
1.06494e-05
1.10771e-05
1.03104e-05
9.38972e-06
8.74293e-06
8.17404e-06
7.6532e-06
7.04246e-06
6.62468e-06
6.36266e-06
5.98976e-06
5.56666e-06
5.28831e-06
1.60954e-06
1.22379e-06
8.03251e-07
5.43632e-07
1.62756e-06
1.27079e-06
8.7756e-07
6.30175e-07
1.64687e-06
1.3215e-06
9.59685e-07
7.28388e-07
1.65882e-06
1.35093e-06
1.00803e-06
7.87962e-07
1.63885e-06
1.34147e-06
1.00853e-06
7.93174e-07
1.54201e-06
1.27079e-06
9.66917e-07
7.69778e-07
1.41407e-06
1.17349e-06
9.04345e-07
7.29644e-07
1.31664e-06
1.09682e-06
8.51525e-07
6.92521e-07
3.05513e-06
2.62989e-06
2.1414e-06
1.81553e-06
2.76438e-06
2.39892e-06
1.98015e-06
1.70119e-06
2.41712e-06
2.11857e-06
1.77841e-06
1.55291e-06
2.17761e-06
1.9219e-06
1.63241e-06
1.44162e-06
0.0191728
0.0187001
0.0179044
0.0171704
0.0125321
0.0122761
0.0117915
0.0113133
0.00660136
0.00652223
0.00630368
0.00605335
0.00371174
0.00371785
0.00362059
0.00347133
0.0025438
0.00257294
0.00252593
0.00242876
0.00102836
0.00106706
0.00107099
0.00104024
0.000250857
0.000275779
0.000296682
0.000304304
0.000429009
0.000427161
0.000428062
0.000431751
0.00291607
0.00288174
0.00272963
0.00253688
0.00115058
0.00115148
0.00109469
0.00101069
0.000233144
0.000244654
0.000244672
0.00023446
0.00045544
0.000442895
0.000430346
0.000423463
0.000714241
0.000685387
0.000665973
0.000665416
0.00157809
0.00148971
0.0014228
0.00140699
0.00338318
0.00320944
0.00305919
0.0030003
0.0052059
0.00496517
0.0047418
0.00463833
0.00628864
0.00600725
0.00574321
0.00561773
0.00856772
0.00820122
0.00785215
0.00768061
0.0120158
0.0115356
0.0110687
0.0108298
0.0149935
0.0144218
0.0138603
0.0135676
0.00718773
0.00685942
0.00654997
0.00639987
0.00952906
0.00917466
0.00885528
0.00871561
0.012963
0.0126091
0.0123171
0.012219
0.0158369
0.0155141
0.0152803
0.0152406
0.000593866
0.000659986
0.000750635
0.000811508
0.00160886
0.0016683
0.00178609
0.00190498
0.0038491
0.00386916
0.00397527
0.00410254
0.00626939
0.00620262
0.00621981
0.00626025
0.00777439
0.00760158
0.00745595
0.00741505
0.0106731
0.0102488
0.00983654
0.00962577
0.0145225
0.0138636
0.0132154
0.0128724
0.0174552
0.0166295
0.0159303
0.0156159
0.00159505
0.00215847
0.00502112
0.00806017
0.00250967
0.00345997
0.00781182
0.0124803
0.00741261
0.00686675
0.0123426
0.0181623
0.0162943
0.0113508
0.0165242
0.022034
0.00953693
0.00900496
0.00828571
0.00772077
0.00667833
0.00633893
0.00587005
0.00549478
0.00395506
0.003787
0.00354558
0.00334636
0.00252912
0.00244406
0.00231469
0.00220408
0.0019411
0.00188698
0.0018022
0.00172832
0.00107332
0.00105803
0.00103245
0.00100934
0.000521005
0.000520755
0.000525169
0.000532202
0.000487892
0.00047699
0.000474363
0.00048117
0.00215205
0.0021153
0.0020401
0.0019643
0.00110726
0.00110694
0.00109306
0.00107321
0.000477315
0.000486024
0.000499139
0.000510652
0.000479671
0.000472237
0.000473191
0.000482208
0.000565723
0.000542683
0.000528937
0.000530511
0.000867773
0.000810523
0.000761582
0.000742729
0.00165871
0.00153813
0.00141735
0.00135128
0.00253911
0.00235775
0.00216481
0.00204888
0.0030806
0.00286239
0.00262597
0.00248006
0.00424
0.00394444
0.00361608
0.00340607
0.00607545
0.00566669
0.00520132
0.00489416
0.0077127
0.00720783
0.00662536
0.00623471
0.00385489
0.00360713
0.00334452
0.00318778
0.00530418
0.00497106
0.00460959
0.004386
0.00756739
0.00711163
0.00660484
0.00628071
0.00956745
0.00900864
0.00837884
0.00796905
0.000632081
0.000607761
0.000594052
0.000597115
0.00120086
0.00112651
0.00106596
0.00104613
0.00249196
0.00233678
0.00218976
0.0021176
0.00385299
0.00362636
0.00339719
0.00327063
0.00467614
0.00440652
0.00412923
0.00397167
0.00642138
0.00606203
0.00568437
0.00546193
0.00911526
0.0086293
0.00810597
0.00778635
0.0114767
0.0108854
0.0102398
0.00983812
0.00550002
0.00521964
0.00494281
0.00479665
0.0075273
0.00715786
0.00678608
0.00658262
0.0106253
0.0101328
0.00962521
0.00933618
0.0133216
0.0127278
0.0121076
0.011747
0.00295153
0.00270207
0.00238878
0.00215865
0.00223833
0.00205715
0.00182999
0.00166339
0.00151437
0.0014006
0.00125948
0.00115709
0.00111073
0.00103323
0.000939219
0.000872602
0.000933337
0.000870872
0.000796514
0.000744854
0.000641274
0.000602224
0.000558402
0.000529966
0.000421027
0.000397472
0.000374787
0.000363091
0.000368311
0.000346155
0.000326637
0.000318302
0.00117844
0.00111004
0.00102646
0.000966896
0.000774386
0.000735222
0.000690541
0.000661072
0.000480596
0.000459444
0.000440276
0.000431645
0.00042093
0.000399898
0.000383087
0.000377828
0.000363904
0.000339878
0.000318686
0.000309605
0.000385158
0.000354112
0.00032492
0.000310527
0.000549907
0.000498354
0.000444493
0.000412739
0.000774116
0.000698877
0.000616118
0.000563744
0.000915736
0.000825618
0.000724618
0.000659153
0.00122436
0.00110257
0.000961849
0.000867161
0.00175546
0.00158283
0.00137826
0.00123659
0.00225399
0.00203572
0.00177377
0.00158986
0.00130186
0.0011832
0.00105047
0.000964726
0.00176338
0.00160183
0.00141578
0.00129108
0.00253695
0.00230837
0.00203851
0.00185236
0.00325233
0.00296452
0.0026204
0.00237968
0.000480955
0.000456732
0.000438691
0.000434701
0.000598215
0.000555701
0.000517655
0.000500993
0.0010018
0.000919012
0.000833611
0.000784418
0.00148752
0.00136269
0.00122648
0.0011414
0.00179101
0.00164022
0.00147255
0.00136513
0.0024474
0.00224168
0.00200645
0.00185019
0.00352348
0.00323394
0.00289463
0.00266255
0.00450535
0.00414284
0.00371253
0.00341392
0.00238623
0.00220142
0.00199804
0.00186964
0.00327749
0.00302588
0.00274153
0.00255546
0.00471132
0.00435998
0.00395307
0.00367867
0.00600401
0.00556699
0.00505422
0.00470314
0.000599019
0.000539201
0.000465955
0.000413466
0.000490012
0.000442291
0.000384214
0.000342829
0.00037249
0.000337401
0.000295394
0.000265932
0.000303207
0.000275156
0.00024235
0.000219882
0.000268951
0.000244215
0.000215658
0.000196362
0.000207849
0.000188955
0.000167806
0.000153994
0.000154801
0.000140458
0.000125228
0.000115905
0.000134786
0.000121616
0.000108088
0.000100177
0.000382498
0.000348899
0.000310068
0.000283826
0.000289727
0.000264934
0.000237285
0.000219338
0.000212172
0.000194023
0.000175033
0.000163671
0.000185818
0.000169175
0.000152423
0.00014295
0.000125803
0.000112977
9.99645e-05
9.24939e-05
0.000109797
9.75381e-05
8.51766e-05
7.81556e-05
0.00011619
0.000101745
8.66558e-05
7.76657e-05
0.000140802
0.000122556
0.000102798
9.04704e-05
0.000156688
0.000136079
0.000113403
9.89817e-05
0.000191188
0.000165701
0.000136645
0.000117385
0.00026315
0.000228383
0.000187556
0.000159605
0.000336561
0.000292781
0.000240652
0.000204438
0.00025808
0.00022642
0.000191326
0.000168826
0.000323658
0.000283303
0.000237015
0.000206123
0.000451342
0.000395376
0.000329359
0.000283919
0.000578283
0.000507503
0.000422891
0.000363829
0.000234236
0.000214453
0.00019531
0.000185217
0.000221887
0.000200792
0.000180098
0.000168948
0.000270707
0.000241564
0.000211029
0.000192861
0.000354972
0.00031511
0.000271442
0.000243876
0.00040847
0.000361845
0.000309854
0.000276311
0.000525268
0.000464303
0.000394045
0.000346909
0.000741255
0.000655672
0.000554364
0.000484339
0.00095134
0.000842863
0.000712785
0.000621628
0.000622593
0.000556563
0.00048265
0.000434777
0.000818072
0.000730024
0.000628284
0.000559821
0.00116541
0.00104091
0.000893269
0.000790983
0.00149693
0.00133914
0.00114964
0.00101654
0.000116915
0.000107413
9.56437e-05
8.70978e-05
0.000100398
9.22511e-05
8.22104e-05
7.49529e-05
8.07097e-05
7.41167e-05
6.61012e-05
6.03797e-05
6.76049e-05
6.19587e-05
5.52296e-05
5.0517e-05
6.05092e-05
5.54027e-05
4.93743e-05
4.51918e-05
4.78222e-05
4.37132e-05
3.89617e-05
3.57336e-05
3.48782e-05
3.16895e-05
2.81418e-05
2.58315e-05
2.78965e-05
2.51059e-05
2.21046e-05
2.02279e-05
8.70243e-05
7.91842e-05
7.00145e-05
6.37158e-05
6.88427e-05
6.25363e-05
5.53246e-05
5.04853e-05
5.09564e-05
4.59942e-05
4.05424e-05
3.7045e-05
4.19629e-05
3.75106e-05
3.27712e-05
2.98473e-05
2.4302e-05
2.17337e-05
1.90202e-05
1.73617e-05
1.78601e-05
1.57486e-05
1.35797e-05
1.23047e-05
1.37692e-05
1.18184e-05
9.82729e-06
8.67109e-06
1.3736e-05
1.15954e-05
9.3622e-06
8.02888e-06
1.42447e-05
1.19749e-05
9.56984e-06
8.1058e-06
1.56702e-05
1.31858e-05
1.04263e-05
8.65021e-06
2.1531e-05
1.83471e-05
1.46523e-05
1.21564e-05
2.85346e-05
2.45773e-05
1.98933e-05
1.66612e-05
2.73501e-05
2.30917e-05
1.85313e-05
1.57191e-05
3.07932e-05
2.60175e-05
2.06812e-05
1.72231e-05
4.16436e-05
3.54813e-05
2.83272e-05
2.34927e-05
5.39916e-05
4.63491e-05
3.73189e-05
3.11019e-05
5.73548e-05
5.09067e-05
4.42048e-05
4.02041e-05
4.62501e-05
4.05266e-05
3.46768e-05
3.127e-05
4.25008e-05
3.65562e-05
3.03969e-05
2.67524e-05
4.7358e-05
4.03971e-05
3.29802e-05
2.84344e-05
5.09478e-05
4.33661e-05
3.51682e-05
3.00555e-05
5.88124e-05
5.00422e-05
4.01793e-05
3.37409e-05
7.93943e-05
6.78921e-05
5.45043e-05
4.54315e-05
0.000101848
8.75312e-05
7.05997e-05
5.89318e-05
9.1247e-05
7.84339e-05
6.44532e-05
5.5644e-05
0.000108242
9.2913e-05
7.55553e-05
6.41369e-05
0.00014721
0.000126702
0.000102734
8.64155e-05
0.000188202
0.000162527
0.000132074
0.000111017
3.50087e-05
3.25443e-05
2.94661e-05
2.72119e-05
3.00187e-05
2.78981e-05
2.52583e-05
2.33314e-05
2.41191e-05
2.24257e-05
2.03327e-05
1.88156e-05
2.01248e-05
1.87312e-05
1.70246e-05
1.57991e-05
1.80585e-05
1.68256e-05
1.53235e-05
1.42504e-05
1.44108e-05
1.3457e-05
1.23081e-05
1.14969e-05
1.04106e-05
9.75563e-06
8.98693e-06
8.45892e-06
7.94718e-06
7.46801e-06
6.92469e-06
6.56589e-06
2.37368e-05
2.21204e-05
2.01557e-05
1.87533e-05
1.87968e-05
1.75349e-05
1.60211e-05
1.49547e-05
1.34275e-05
1.25375e-05
1.15007e-05
1.07922e-05
1.01774e-05
9.49752e-06
8.7337e-06
8.23253e-06
6.70359e-06
6.31009e-06
5.87474e-06
5.59571e-06
4.54157e-06
4.29013e-06
4.02919e-06
3.8759e-06
2.60701e-06
2.45998e-06
2.32647e-06
2.26466e-06
1.78465e-06
1.65912e-06
1.55097e-06
1.50688e-06
1.50021e-06
1.37053e-06
1.25524e-06
1.20452e-06
1.21623e-06
1.06474e-06
9.12638e-07
8.28613e-07
1.80381e-06
1.55428e-06
1.27036e-06
1.08338e-06
2.9315e-06
2.56521e-06
2.12958e-06
1.82737e-06
2.25074e-06
1.98163e-06
1.71727e-06
1.57402e-06
2.11353e-06
1.81326e-06
1.49317e-06
1.2984e-06
3.22854e-06
2.79072e-06
2.2838e-06
1.94231e-06
4.9577e-06
4.36069e-06
3.64641e-06
3.14723e-06
1.14545e-05
1.05383e-05
9.54714e-06
8.92378e-06
7.7847e-06
7.1124e-06
6.41696e-06
6.0049e-06
4.88656e-06
4.36036e-06
3.83853e-06
3.54874e-06
4.04034e-06
3.50346e-06
2.96453e-06
2.6605e-06
3.89656e-06
3.33373e-06
2.75701e-06
2.42196e-06
3.99142e-06
3.38028e-06
2.71277e-06
2.29231e-06
5.9138e-06
5.09021e-06
4.1324e-06
3.48357e-06
8.5543e-06
7.4872e-06
6.21272e-06
5.32379e-06
7.34607e-06
6.1937e-06
4.98846e-06
4.26723e-06
7.8684e-06
6.62301e-06
5.2484e-06
4.37054e-06
1.11674e-05
9.55372e-06
7.67866e-06
6.40984e-06
1.53504e-05
1.33193e-05
1.0905e-05
9.23063e-06
7.49762e-06
6.43993e-06
5.18613e-06
4.32143e-06
6.70496e-06
5.80239e-06
4.73432e-06
3.99874e-06
5.81908e-06
5.09219e-06
4.23569e-06
3.64823e-06
5.25386e-06
4.64083e-06
3.92236e-06
3.43229e-06
4.94425e-06
4.38865e-06
3.7386e-06
3.29591e-06
4.30966e-06
3.8546e-06
3.32548e-06
2.96747e-06
3.58159e-06
3.23735e-06
2.84211e-06
2.57835e-06
3.102e-06
2.82719e-06
2.5162e-06
2.31204e-06
7.3163e-06
6.62969e-06
5.81407e-06
5.24907e-06
6.17703e-06
5.63335e-06
4.99314e-06
4.55394e-06
4.89536e-06
4.50801e-06
4.06029e-06
3.75967e-06
4.07207e-06
3.78131e-06
3.45303e-06
3.23879e-06
2.80789e-06
2.56924e-06
2.30201e-06
2.12879e-06
2.20044e-06
2.02841e-06
1.84137e-06
1.72455e-06
1.53933e-06
1.43392e-06
1.32728e-06
1.26724e-06
1.1332e-06
1.06309e-06
9.99378e-07
9.69996e-07
8.96827e-07
8.42396e-07
7.98337e-07
7.83497e-07
4.79689e-07
4.50846e-07
4.36236e-07
4.41254e-07
1.62684e-07
1.40234e-07
1.32095e-07
1.4115e-07
9.49956e-08
5.72348e-08
3.02099e-08
2.60637e-08
9.75736e-07
9.3298e-07
9.07409e-07
9.09614e-07
5.18553e-07
4.87431e-07
4.73492e-07
4.82184e-07
2.75778e-07
2.2377e-07
1.81382e-07
1.6775e-07
3.62005e-07
2.67137e-07
1.70457e-07
1.16767e-07
4.45362e-06
4.1942e-06
3.90743e-06
3.72547e-06
3.21258e-06
3.04995e-06
2.88166e-06
2.78463e-06
1.98479e-06
1.90477e-06
1.83747e-06
1.81283e-06
1.34225e-06
1.29266e-06
1.26249e-06
1.26446e-06
1.04327e-06
9.99281e-07
9.75585e-07
9.81907e-07
6.00039e-07
5.54077e-07
5.2389e-07
5.22586e-07
5.36097e-07
4.42593e-07
3.49051e-07
2.98557e-07
8.76775e-07
7.14857e-07
5.3357e-07
4.17254e-07
1.17621e-06
1.10898e-06
1.06105e-06
1.05281e-06
7.92727e-07
7.12495e-07
6.42367e-07
6.13725e-07
1.00348e-06
8.51454e-07
6.8551e-07
5.8236e-07
1.68822e-06
1.44512e-06
1.16145e-06
9.69257e-07
4.52416e-08
1.99379e-08
2.1941e-09
2.94035e-09
8.00057e-08
3.80098e-08
6.60347e-09
2.8139e-09
1.2243e-07
6.03867e-08
1.30275e-08
3.47749e-09
1.46525e-07
7.2898e-08
1.68038e-08
3.88941e-09
1.41677e-07
6.85124e-08
1.52845e-08
5.71032e-09
1.38987e-07
6.6663e-08
1.37582e-08
3.70025e-09
1.33331e-07
6.31827e-08
1.19025e-08
1.8954e-09
1.27304e-07
5.96579e-08
1.0489e-08
9.91915e-10
6.79248e-07
4.99467e-07
3.09524e-07
1.96539e-07
6.60422e-07
4.86336e-07
3.02653e-07
1.93348e-07
6.26577e-07
4.61557e-07
2.88291e-07
1.85505e-07
5.94593e-07
4.37604e-07
2.73634e-07
1.76777e-07
1.19173e-07
5.5044e-08
9.08563e-09
1.03815e-09
9.96801e-08
4.43613e-08
6.17565e-09
1.46846e-09
7.70824e-08
3.22101e-08
3.39592e-09
2.82926e-09
6.20983e-08
2.43969e-08
2.18896e-09
4.65445e-09
6.0211e-08
2.50458e-08
2.95288e-09
3.04038e-09
4.96792e-08
2.17471e-08
2.97682e-09
2.80402e-09
5.96211e-08
3.01881e-08
7.28342e-09
3.49292e-09
9.07958e-08
5.00346e-08
1.54622e-08
5.31932e-09
2.81462e-07
2.06235e-07
1.3019e-07
8.709e-08
2.02634e-07
1.52503e-07
1.0087e-07
7.03715e-08
1.44063e-07
1.17653e-07
8.99462e-08
7.28609e-08
1.35953e-07
1.22455e-07
1.0836e-07
9.96277e-08
1.23324e-06
1.02859e-06
8.00748e-07
6.53327e-07
1.03523e-06
8.66151e-07
6.79013e-07
5.58538e-07
8.05258e-07
6.77108e-07
5.36867e-07
4.47531e-07
6.49597e-07
5.48592e-07
4.39747e-07
3.71566e-07
5.44018e-07
4.61148e-07
3.74555e-07
3.22423e-07
3.45281e-07
2.98679e-07
2.52468e-07
2.26201e-07
1.6326e-07
1.51918e-07
1.46101e-07
1.4713e-07
8.31855e-08
9.14059e-08
1.09051e-07
1.27127e-07
7.58504e-07
6.87341e-07
6.18123e-07
5.81026e-07
4.34072e-07
3.98357e-07
3.70269e-07
3.61068e-07
1.46622e-07
1.38668e-07
1.43351e-07
1.5725e-07
3.02513e-08
3.04191e-08
4.54637e-08
6.77124e-08
