FiniteElementSpace
FiniteElementCollection: H1_2D_P2
VDim: 2
Ordering: 0

0
0.791045
1.49472
2.10612
2.66397
3.20268
3.7338
4.26058
4.78779
0
1.16199
2.13354
2.87782
3.48739
4.0437
4.58156
5.11065
5.63713
0.405097
0.992821
0.590431
0
1.15547
1.83299
1.67929
1.81001
2.5037
2.52914
2.38902
3.08073
3.19323
2.93457
3.62514
3.76908
3.46899
4.15856
4.31408
3.99746
4.68584
4.84685
4.52386
5.21237
5.37379
0.506616
1.43691
2.18533
2.79908
3.35493
3.89284
4.42268
4.94882
0.205575
0.461377
0.25333
0
0.976276
1.30477
1.22079
0.89957
1.65512
2.004
2.01409
1.67174
2.24886
2.59712
2.65362
2.3095
2.79966
3.14591
3.21848
2.87427
3.33604
3.68137
3.75926
3.41461
3.86574
4.21028
4.29079
3.94649
4.39216
4.73636
4.8173
4.47332
0.600437
0.754106
1.07867
0.881688
0.548052
0.291798
0
1.32828
1.64087
1.98519
1.91426
1.55991
1.42835
1.96009
2.34806
2.69203
2.70849
2.35893
2.33804
2.52722
2.94115
3.28456
3.34234
2.99699
3.03886
3.06887
3.49041
3.83465
3.90705
3.56232
3.62939
3.60156
4.02592
4.37017
4.44813
4.10363
4.17931
4.12904
4.55433
4.89823
4.97888
4.63481
4.71443
4.65573
5.00005
5.08049
5.42473
5.50539
5.16126
5.24225
0.235481
1.10689
1.84177
2.45503
3.01057
3.54821
4.07852
4.6048
0.683702
0.818687
0.269807
1.49296
1.77948
1.32617
2.15953
2.52977
2.17791
2.73663
3.14239
2.84729
3.28054
3.69899
3.42433
3.81412
4.23717
3.96948
4.34185
4.76662
4.50269
4.8681
5.2929
5.02974
0.10579
0.222693
0.11961
0
0.884327
1.04428
1.00436
0.847826
1.57562
1.75062
1.75779
1.58566
2.17784
2.35304
2.38276
2.20916
2.73192
2.90554
2.94257
2.76966
3.2694
3.44228
3.48147
3.30884
3.7998
3.97221
4.01255
3.84023
4.32636
4.4985
4.53905
4.36699
0.503294
0.644244
0.573128
0.434986
0.631306
0.786753
0.684582
0.527373
0.12601
0.261593
0.131639
0
1.24263
1.41324
1.40006
1.23284
1.5404
1.71095
1.67147
1.49916
1.10823
1.27415
1.20408
1.0363
1.88559
2.06143
2.08254
1.90891
2.26767
2.43951
2.44552
2.2728
1.92485
2.09673
2.0831
1.90986
2.45831
2.63262
2.66715
2.49395
2.87049
3.04206
3.07016
2.89839
2.5793
2.75089
2.77044
2.59838
3.00178
3.17495
3.21331
3.04056
3.42278
3.59482
3.6308
3.45877
3.1498
3.32159
3.3547
3.18288
3.53532
3.70795
3.7478
3.57531
3.95944
4.1316
4.17047
3.9983
3.69228
3.86445
3.90216
3.72999
4.06326
4.2355
4.27609
4.10393
4.48853
4.66049
4.70075
4.52877
4.22472
4.39677
4.43649
4.26441
4.58977
4.7619
4.8022
4.63011
5.01463
5.18669
5.22706
5.05504
4.75157
4.92352
4.96399
4.79204
0.305726
0.348822
0.484969
0.380384
0.244974
0
1.06661
1.20702
1.37237
1.33036
1.1653
0.947494
1.73319
1.9238
2.09591
2.10086
1.92931
1.75384
2.3192
2.52645
2.69874
2.72684
2.55511
2.40753
2.86719
3.07835
3.25068
3.28685
3.11485
2.97791
3.40256
3.61484
3.78721
3.82612
3.65386
3.52004
3.93162
4.14443
4.31653
4.35677
4.18471
4.05259
4.45799
4.67056
4.8426
4.88304
4.71106
4.5796
0.696308
0.792597
0.874697
0.719998
0.950134
1.12041
1.02351
0.850209
0.73718
0.569071
0.409506
0.442107
0.279887
0.140621
0
1.41225
1.58348
1.73836
1.56845
1.88403
2.05956
2.02586
1.84706
1.79883
1.61977
1.44481
1.55587
1.37739
1.29709
2.03355
2.23514
2.42668
2.25488
2.61187
2.78503
2.79429
2.61927
2.62018
2.4442
2.26979
2.43518
2.25816
2.23759
2.59574
2.80565
3.01121
2.83941
3.21383
3.38599
3.41529
3.24239
3.26834
3.09515
2.92275
3.11677
2.94315
2.95926
3.13583
3.34764
3.55786
3.38568
3.76693
3.93918
3.97551
3.80302
3.83824
3.6657
3.49352
3.69947
3.52686
3.55871
3.66772
3.88035
4.09229
3.92011
4.30374
4.47588
4.51492
4.34267
4.38119
4.20888
4.03664
4.24679
4.07441
4.11162
4.19481
4.40759
4.6201
4.44813
4.83244
5.00442
5.04479
4.87275
4.91291
4.74083
4.5688
4.78069
4.60857
4.64806
4.72173
4.89391
4.93405
5.10621
5.1464
4.97429
5.31854
5.35879
5.53092
5.57123
5.39913
5.43958
5.26751
5.09549
5.30802
5.13597
5.17646
0.115275
0.946981
1.66902
2.28152
2.83772
3.37561
3.90625
4.43273
0.540165
0.658164
0.128864
1.32404
1.6067
1.15677
1.98582
2.35724
2.00473
2.56352
2.97065
2.67535
3.10783
3.52692
3.25246
3.64167
4.06502
3.7973
4.16973
4.59466
4.33064
4.69598
5.12084
4.85778
0.328952
0.365499
0.12323
1.13955
1.2702
1.05768
1.83054
2.01364
1.84275
2.42381
2.62736
2.48189
2.97314
3.18289
3.04655
3.50884
3.72059
3.58701
4.0381
4.25065
4.11869
4.56429
4.77681
4.64533
0.746823
0.834846
0.603232
0.912881
0.986871
0.710826
0.394873
0.425431
0.134903
1.50041
1.66244
1.47177
1.81197
1.95513
1.73532
1.3883
1.50048
1.25069
2.13583
2.33192
2.17627
2.51984
2.70321
2.53301
2.18603
2.35267
2.16053
2.70131
2.9089
2.7694
3.11278
3.31458
3.16929
2.82519
3.01982
2.86494
3.24195
3.45293
3.31827
3.6625
3.87123
3.73453
3.39035
3.5965
3.45671
3.77413
3.9864
3.85371
4.19806
4.40934
4.27585
3.93145
4.14173
4.0069
4.30124
4.51387
4.38235
4.72628
4.93861
4.80682
4.46281
4.67475
4.54228
4.82788
5.04022
4.90842
5.25259
5.465
5.3333
4.98927
5.20174
5.07021
0
-0.193853
-0.662099
-1.33007
-2.10402
-2.92256
-3.75773
-4.60153
-5.44992
1
0.726961
0.106558
-0.689053
-1.52966
-2.37518
-3.22257
-4.0723
-4.92209
-0.0689485
0.303195
0.904833
0.5
-0.396235
-0.257371
0.451183
-0.977626
-1.00063
-0.280149
-1.70848
-1.81344
-1.10772
-2.51015
-2.64751
-1.95232
-3.33881
-3.48944
-2.79852
-4.17878
-4.33658
-3.64727
-5.02547
-5.18585
-4.49728
0.462186
0.0558342
-0.615068
-1.40253
-2.22914
-3.0677
-3.91251
-4.76117
-0.0391808
0.210489
0.501983
0.25
-0.286229
-0.162987
0.189206
0.0656752
-0.814487
-0.794571
-0.431822
-0.455737
-1.51664
-1.55554
-1.20008
-1.16483
-2.30608
-2.36977
-2.02086
-1.9589
-3.13031
-3.20325
-2.8574
-2.78508
-3.96801
-4.04565
-3.70082
-3.62357
-4.81339
-4.89333
-4.54884
-4.46908
-0.1209
0.39493
0.522863
0.829775
0.691666
0.950174
0.75
-0.52211
-0.0939644
-0.0693473
0.285671
0.260556
0.599531
-1.14997
-0.805199
-0.841068
-0.482767
-0.442677
-0.0829607
-1.90457
-1.60718
-1.66976
-1.31851
-1.25243
-0.897685
-2.71576
-2.43806
-2.51065
-2.16372
-2.08961
-1.74096
-3.54798
-3.27839
-3.35567
-3.01045
-2.93265
-2.58677
-4.38997
-4.12445
-4.20425
-3.85977
-3.77963
-3.43485
-5.23768
-5.31784
-4.97352
-5.05394
-4.7097
-4.62912
-4.28481
0.24677
-0.0394255
-0.620398
-1.35819
-2.16364
-2.99386
-3.83441
-4.68114
0.149797
0.620416
0.735895
-0.302541
0.102431
0.401822
-0.976543
-0.639634
-0.251885
-1.75602
-1.46063
-1.04567
-2.577
-2.30001
-1.87949
-3.41317
-3.14403
-2.72153
-4.25723
-3.99188
-3.56754
-5.10558
-4.84155
-4.41668
-0.0248164
0.107868
0.253013
0.125
-0.23784
-0.160322
0.0155498
-0.0609292
-0.736884
-0.716959
-0.536768
-0.558061
-1.42264
-1.4376
-1.26095
-1.24757
-2.20477
-2.23502
-2.06107
-2.03166
-3.02633
-3.06213
-2.88939
-2.85389
-3.86281
-3.90123
-3.72894
-3.69067
-4.70743
-4.74728
-4.57509
-4.53533
-0.0924142
0.0182041
0.183131
0.0746791
0.431711
0.509879
0.659474
0.579319
0.506767
0.62137
0.746204
0.625
-0.457364
-0.411
-0.230935
-0.277729
-0.0172046
0.00582719
0.183399
0.159957
0.248787
0.297434
0.46509
0.415094
-1.06276
-1.06325
-0.88468
-0.885897
-0.709378
-0.72149
-0.540499
-0.527789
-0.343368
-0.340604
-0.159436
-0.161938
-1.80607
-1.83051
-1.65543
-1.63223
-1.50461
-1.53347
-1.35638
-1.32694
-1.09992
-1.12222
-0.94304
-0.920068
-2.6128
-2.64648
-2.47327
-2.44009
-2.33353
-2.36886
-2.19478
-2.15916
-1.91702
-1.9499
-1.77457
-1.74125
-3.44332
-3.4806
-3.30814
-3.27106
-3.173
-3.21113
-3.03831
-3.00008
-2.7524
-2.78935
-2.61606
-2.57894
-4.28432
-4.32362
-4.1514
-4.11223
-4.01845
-4.05812
-3.88574
-3.84602
-3.59509
-3.63412
-3.46157
-3.42248
-5.13156
-5.17163
-4.99945
-4.95941
-4.86734
-4.90752
-4.73534
-4.69512
-4.4427
-4.48273
-4.31046
-4.27038
-0.0513424
0.231538
0.339442
0.485676
0.377353
0.375
-0.339225
-0.0990832
-0.0517823
0.12474
0.0770109
0.186871
-0.894839
-0.706411
-0.704112
-0.522474
-0.525182
-0.355368
-1.61198
-1.45642
-1.47884
-1.30098
-1.27886
-1.08235
-2.40791
-2.26655
-2.2994
-2.1249
-2.09217
-1.88607
-3.23447
-3.09848
-3.13544
-2.9625
-2.9256
-2.71625
-4.07334
-3.93999
-3.97907
-3.80663
-3.7676
-3.55648
-4.91941
-4.78722
-4.82724
-4.655
-4.61498
-4.40282
-0.154981
0.11046
0.351989
0.275092
0.57478
0.62677
0.78183
0.726967
0.871112
0.79996
0.717179
0.931486
0.845101
0.969812
0.875
-0.590497
-0.377587
-0.174141
-0.196775
0.0180622
0.0202249
0.197656
0.195761
0.370419
0.357649
0.333511
0.52784
0.502505
0.666232
-1.23915
-1.06998
-0.902336
-0.890344
-0.739881
-0.763954
-0.585546
-0.559949
-0.380895
-0.360025
-0.346389
-0.180732
-0.165911
0.0129482
-2.00394
-1.8572
-1.71014
-1.68146
-1.5651
-1.59917
-1.42407
-1.3889
-1.21306
-1.17926
-1.14883
-1.00258
-0.970717
-0.79315
-2.81904
-2.68094
-2.54272
-2.50748
-2.4053
-2.44271
-2.26944
-2.23159
-2.05802
-2.02062
-1.98451
-1.84664
-1.80979
-1.63531
-3.65279
-3.51831
-3.38387
-3.34575
-3.24982
-3.28901
-3.11649
-3.07712
-2.90446
-2.86545
-2.82706
-2.69262
-2.65398
-2.48096
-4.49571
-4.36313
-4.23049
-4.19083
-4.09805
-4.13821
-3.96603
-3.92575
-3.75351
-3.71337
-3.67356
-3.54105
-3.50111
-3.32869
-5.3438
-5.38387
-5.21171
-5.25184
-5.07968
-5.03954
-5.11988
-4.94775
-4.98801
-4.81589
-4.77561
-4.60349
-4.56317
-4.5229
-4.39105
-4.3507
-4.17856
0.118647
-0.108296
-0.63616
-1.34195
-2.1331
-2.95792
-3.79589
-4.64128
0.0492696
0.547886
0.628176
-0.342544
0.0847726
0.358927
-0.97362
-0.623935
-0.250069
-1.73096
-1.43002
-1.02077
-2.54314
-2.26396
-1.84548
-3.37576
-3.10557
-2.68411
-4.21788
-3.95205
-3.52827
-5.06551
-4.80132
-4.37655
0.0940064
0.361841
0.381903
-0.216953
0.0147861
0.13445
-0.800287
-0.613629
-0.439015
-1.5344
-1.37847
-1.18011
-2.33737
-2.19566
-1.98896
-3.16652
-3.03046
-2.82086
-4.00668
-3.87329
-3.66199
-4.85333
-4.7211
-4.50889
-0.0187706
0.233813
0.310339
0.465514
0.680143
0.767078
0.603927
0.826016
0.860538
-0.482953
-0.274535
-0.122435
-0.0765342
0.109516
0.278642
0.230964
0.432464
0.567484
-1.15463
-0.985707
-0.796416
-0.820256
-0.661534
-0.459378
-0.433267
-0.262113
-0.0716832
-1.93077
-1.78355
-1.57986
-1.63723
-1.49397
-1.28398
-1.22431
-1.07482
-0.867062
-2.75007
-2.61179
-2.40334
-2.47386
-2.33713
-2.12609
-2.05446
-1.91519
-1.70445
-3.58557
-3.45106
-3.24054
-3.31677
-3.18304
-2.97126
-2.89468
-2.75969
-2.54832
-4.42944
-4.2968
-4.08491
-4.16423
-4.03198
-3.81955
-3.74004
-3.60722
-3.39504
-5.27775
-5.14569
-4.93339
-5.0137
-4.88181
-4.6694
-4.58893
-4.45694
-4.24446
