FiniteElementSpace
FiniteElementCollection: H1_2D_P2
VDim: 2
Ordering: 0

0
0.00309361
-0.000198691
-0.0108701
-0.0246048
-0.0332304
-0.0332147
-0.0282817
-0.0229883
0
-0.00649941
-0.0127556
-0.0207692
-0.0293346
-0.0340895
-0.0327759
-0.0278962
-0.0228511
0.0020643
-0.00134558
-0.00340828
0
0.00241148
-0.00590623
-0.00950096
-0.0047334
-0.0155375
-0.0165102
-0.0178617
-0.0273551
-0.0252313
-0.0299778
-0.0343731
-0.0324451
-0.0341867
-0.0334487
-0.0341245
-0.0310075
-0.0281737
-0.0305243
-0.0255373
-0.0229071
-0.0252782
-0.000427528
-0.00303464
-0.0101226
-0.0215914
-0.0318412
-0.0347918
-0.0310119
-0.0254128
0.00102325
0.000697224
-0.000144189
0
0.00298412
-0.000320637
-0.00206282
0.000817889
-0.00223673
-0.00740909
-0.00784701
-0.0030355
-0.0143226
-0.0197567
-0.0185366
-0.0132023
-0.0275217
-0.0310204
-0.0298109
-0.0260512
-0.0339835
-0.0346186
-0.0348351
-0.0339352
-0.0322178
-0.0310706
-0.0323209
-0.0334328
-0.0268924
-0.0254764
-0.0267654
-0.0282513
0.00277139
-0.000821782
-0.00368613
-0.00498023
-0.00169272
-0.00173212
0
0.00135336
-0.00430622
-0.00903902
-0.0110765
-0.00598664
-0.00799076
-0.00763756
-0.0127046
-0.0179993
-0.018588
-0.0130614
-0.0145634
-0.0213391
-0.0245747
-0.028487
-0.0273685
-0.0234085
-0.0230055
-0.0318943
-0.0333744
-0.0344762
-0.0334684
-0.0323727
-0.0310497
-0.0339026
-0.0343028
-0.0332408
-0.0335968
-0.0346599
-0.034302
-0.0296713
-0.0296062
-0.0280459
-0.0292284
-0.0308256
-0.0317286
-0.0242328
-0.0229462
-0.0241295
-0.0228758
-0.0240348
-0.0253386
-0.0265702
0.000300992
0.000430114
-0.0050211
-0.0164424
-0.0287586
-0.0345442
-0.0323509
-0.026839
0.00089087
-0.00268918
-0.000660717
-0.00146943
-0.00739992
-0.00476466
-0.0101589
-0.0154334
-0.0109246
-0.0230069
-0.026046
-0.0206892
-0.0327596
-0.0336673
-0.0306252
-0.0342203
-0.0341167
-0.0347977
-0.0296797
-0.0294477
-0.0321157
-0.024179
-0.0240751
-0.0266665
0.000400419
0.000606285
0.000103524
0
0.00309599
0.00168352
0.000666805
0.00192394
-0.00115567
-0.0036349
-0.00397616
-0.00162522
-0.012576
-0.0153903
-0.0148049
-0.0120423
-0.0261188
-0.028162
-0.0274548
-0.0253455
-0.0336825
-0.034296
-0.0343094
-0.0336143
-0.0327489
-0.0323038
-0.0329225
-0.0333481
-0.027583
-0.0268665
-0.0275407
-0.0282709
0.00246146
0.00179042
0.000825061
0.0013323
-0.000611344
-0.00171677
-0.00219697
-0.00102121
-5.52754e-05
-0.000380921
-0.000244077
0
0.00194589
-6.97483e-05
-0.000843432
0.00102856
-0.003631
-0.00580386
-0.00666743
-0.00446322
-0.00167593
-0.00336944
-0.00421127
-0.00247501
-0.00613644
-0.0089034
-0.00874212
-0.00607633
-0.0113784
-0.0140345
-0.0142206
-0.0115501
-0.00683427
-0.00933906
-0.00995105
-0.00742352
-0.0196197
-0.0221866
-0.0213991
-0.0188195
-0.0230999
-0.0253238
-0.0247438
-0.0225002
-0.0170227
-0.0196001
-0.0193342
-0.0167437
-0.0310119
-0.0323563
-0.031959
-0.0305251
-0.0326722
-0.0335686
-0.033078
-0.0321504
-0.0286297
-0.030254
-0.0295985
-0.0279468
-0.0341028
-0.0340898
-0.0344736
-0.0344337
-0.034598
-0.0342465
-0.0344344
-0.0347686
-0.0346693
-0.0348634
-0.0346958
-0.0344735
-0.0303491
-0.0296845
-0.030384
-0.0310532
-0.0303166
-0.0295368
-0.0301436
-0.0309343
-0.0329131
-0.0322407
-0.0327042
-0.0333745
-0.0248772
-0.0242033
-0.0248193
-0.0255053
-0.0247626
-0.0241024
-0.0246987
-0.0253762
-0.0274645
-0.0267181
-0.0273515
-0.028115
0.00158802
0.000515545
0.000128295
-0.00027082
7.60268e-05
0
0.00275888
0.000102892
-0.00166596
-0.00251383
-0.000808688
-0.000260678
-0.00342774
-0.00616647
-0.00875152
-0.00894452
-0.00641805
-0.00445475
-0.016091
-0.0180989
-0.0206789
-0.0200646
-0.0174881
-0.0143631
-0.0288179
-0.0299512
-0.031461
-0.0308836
-0.0293095
-0.0267216
-0.0341537
-0.0346449
-0.0347395
-0.0348729
-0.0347257
-0.0341902
-0.0316329
-0.0317297
-0.0310572
-0.0316836
-0.0323571
-0.0334672
-0.0262079
-0.0261503
-0.0254462
-0.0260813
-0.0268057
-0.0282192
0.00298505
0.000890513
-0.00106381
3.31523e-05
-0.00318201
-0.00501493
-0.00574665
-0.00376582
-0.00420041
-0.00248325
-0.00117261
-0.00259667
-0.00109817
-0.000758978
0
0.000641237
-0.00219947
-0.00506429
-0.0028732
-0.00819026
-0.0108007
-0.0119032
-0.00914211
-0.0102797
-0.00765114
-0.00535482
-0.00874194
-0.00629124
-0.00724688
-0.00921715
-0.0116492
-0.0140946
-0.0114205
-0.0166962
-0.0193328
-0.0196689
-0.0169392
-0.0175354
-0.0147003
-0.0119628
-0.0155214
-0.0126506
-0.0136445
-0.0230108
-0.0245637
-0.0259976
-0.0238024
-0.0272968
-0.0289586
-0.0283754
-0.0267334
-0.0263139
-0.0243202
-0.0220514
-0.0241229
-0.0218208
-0.0218838
-0.0326406
-0.0334191
-0.0339407
-0.033101
-0.0341321
-0.0343581
-0.0338288
-0.033645
-0.0330037
-0.0324824
-0.0315508
-0.0317887
-0.0309013
-0.0302254
-0.0336044
-0.0338694
-0.0339156
-0.0342925
-0.0337151
-0.033043
-0.0332189
-0.0339039
-0.0339009
-0.0344512
-0.0347827
-0.0342595
-0.0346187
-0.0342453
-0.028978
-0.0289664
-0.02889
-0.0296539
-0.0287468
-0.0279705
-0.0285632
-0.0293428
-0.0298836
-0.0306876
-0.0314864
-0.0311416
-0.0319449
-0.0322761
-0.0236019
-0.0229676
-0.0235555
-0.0229259
-0.0235118
-0.024155
-0.0228902
-0.0234682
-0.022863
-0.0234343
-0.0240506
-0.0246491
-0.0253038
-0.0259952
-0.0259179
-0.0266149
-0.0272296
0.000202867
0.00185378
-0.00257313
-0.0136975
-0.0268059
-0.0340273
-0.0328576
-0.0275647
0.00159833
-0.00136541
-0.000134921
0.00053692
-0.00510067
-0.00290108
-0.00744465
-0.012761
-0.0083444
-0.0205211
-0.0239287
-0.0181595
-0.0315125
-0.0329211
-0.0291453
-0.0343177
-0.0345561
-0.0347308
-0.0303783
-0.0302427
-0.0328347
-0.0248463
-0.0247309
-0.0274115
0.00100147
0.000115632
2.31927e-05
0.00141071
-0.00119573
-0.000499148
-0.00480285
-0.00754021
-0.00538902
-0.0171039
-0.0190833
-0.0159096
-0.0294078
-0.0304449
-0.0280639
-0.0344305
-0.0347942
-0.0345255
-0.0316983
-0.0317253
-0.0329417
-0.0261789
-0.0261182
-0.0275076
0.00190148
-8.57123e-05
0.00010312
-0.00208342
-0.00439127
-0.00313259
-0.000685816
-0.00181067
-0.000393422
-0.000789126
-0.00361638
-0.00222395
-0.00657783
-0.00994965
-0.00837854
-0.00388833
-0.00695824
-0.00564652
-0.010439
-0.0128627
-0.0100474
-0.0153655
-0.0181204
-0.0157986
-0.010409
-0.0136518
-0.0117019
-0.0238024
-0.0252956
-0.0222576
-0.026667
-0.027874
-0.0255426
-0.0210516
-0.0230742
-0.0205696
-0.0330597
-0.033715
-0.0323478
-0.0340851
-0.0340573
-0.033117
-0.0312573
-0.0317394
-0.0299688
-0.0337631
-0.0339212
-0.0345685
-0.0338487
-0.033508
-0.034221
-0.0348729
-0.0345854
-0.0345431
-0.0289791
-0.028937
-0.0303637
-0.0288258
-0.0286571
-0.0300222
-0.031604
-0.0313316
-0.0325188
-0.0235773
-0.0235338
-0.0247921
-0.0234896
-0.0234487
-0.0246695
-0.0260394
-0.0259526
-0.0272885
0
0.00798332
0.0229162
0.0369011
0.0436388
0.0429181
0.0401074
0.0389686
0.0389314
0
0.00769094
0.0180864
0.0278725
0.0351749
0.0400038
0.0427945
0.0438123
0.0437906
0.00276419
0.00703997
0.00371697
0
0.0150708
0.0204428
0.0127315
0.0305016
0.0328552
0.0232319
0.0413822
0.0398959
0.0318629
0.0439248
0.0416216
0.0378641
0.0414271
0.0414267
0.0416402
0.0392897
0.0413884
0.0434953
0.0389325
0.0413887
0.0438631
0.00202561
0.0134892
0.0271145
0.0371749
0.0412264
0.0415679
0.0413665
0.0414183
0.00126339
0.00216923
0.000419455
0
0.0113655
0.0142207
0.0101457
0.00738325
0.0268018
0.0288097
0.0238571
0.0216618
0.0394133
0.0392783
0.0352131
0.0348818
0.0439925
0.0425901
0.0407096
0.041769
0.0421859
0.0415547
0.0416241
0.0423057
0.0396292
0.0403927
0.0413834
0.0408358
0.0389313
0.0401943
0.0414073
0.0402242
0.00506579
0.0042936
0.00708334
0.00552377
0.00250959
0.00231987
0
0.0189644
0.0169559
0.019249
0.0154087
0.0129524
0.0101286
0.0339023
0.030137
0.03062
0.0256273
0.0253051
0.0207081
0.0427855
0.0387305
0.0378007
0.0336015
0.0348266
0.0299533
0.0435319
0.041509
0.040855
0.0389989
0.0397052
0.0365924
0.0407165
0.041493
0.042022
0.0422765
0.0415564
0.0408833
0.0390775
0.0413713
0.0425527
0.0436954
0.042349
0.0431985
0.0389418
0.0401566
0.0414141
0.0426077
0.0438322
0.0426323
0.0438623
0.000546
0.0106659
0.0253241
0.0373148
0.0423578
0.0419521
0.0405751
0.0402021
0.00450274
0.00457856
0.000894928
0.0179246
0.0160941
0.00991358
0.0320239
0.0280821
0.0223411
0.0407575
0.0364633
0.0328768
0.042545
0.0403537
0.0388683
0.0411695
0.0418101
0.0412458
0.040281
0.0424667
0.0422007
0.0401821
0.0426328
0.0426071
0.00069096
0.000830131
0.000131252
0
0.00962346
0.010999
0.00898182
0.00765853
0.0248754
0.0260581
0.0235088
0.0222837
0.0382251
0.0383528
0.0361552
0.035882
0.0438764
0.0431679
0.0421128
0.0426934
0.0425615
0.0420835
0.0421385
0.0426206
0.0398509
0.0401279
0.0406956
0.040497
0.0389432
0.0395787
0.0402101
0.0396134
0.00382545
0.00474841
0.0032576
0.0024209
0.00309231
0.00436603
0.00348516
0.00218016
3.90852e-05
0.000568271
0.00035059
0
0.0170017
0.0184371
0.0160611
0.0146347
0.0152138
0.0165086
0.0145168
0.0131906
0.00855568
0.00998578
0.00846627
0.00700447
0.0322478
0.0329558
0.0304565
0.02965
0.0286594
0.029142
0.02672
0.0262318
0.0221644
0.0231092
0.0208072
0.019843
0.0421576
0.0417593
0.0400785
0.0403179
0.0380026
0.0376446
0.0356827
0.0360494
0.0340816
0.0340912
0.0317848
0.0317783
0.0437641
0.0430412
0.0425971
0.0432547
0.0413926
0.0409517
0.0400499
0.0404949
0.0403431
0.0398262
0.0383652
0.038892
0.0410621
0.0409663
0.0413576
0.0415104
0.0415307
0.0416447
0.0416891
0.0415599
0.041633
0.0414389
0.0410619
0.04125
0.0391689
0.0397005
0.0403289
0.0398654
0.0413667
0.041911
0.0424117
0.0418481
0.0414017
0.0417818
0.0421152
0.0417149
0.038938
0.0395632
0.0401898
0.0395701
0.0414184
0.0420248
0.0426353
0.0420247
0.0413983
0.0420041
0.0425838
0.0419649
0.00189467
0.0012578
0.00202962
0.00112819
0.000416795
0
0.013185
0.0124166
0.0138361
0.0117952
0.0103775
0.00717219
0.0286833
0.0270951
0.0279683
0.0255103
0.0245924
0.0210485
0.0404711
0.0383573
0.0382395
0.0362443
0.0362764
0.0338799
0.0440077
0.0425139
0.0419192
0.0410009
0.0415453
0.0408447
0.0418051
0.0417549
0.0415706
0.0416004
0.0417977
0.0419735
0.0394424
0.0404743
0.0408874
0.0413718
0.0409877
0.0411402
0.0389292
0.0401976
0.0408093
0.0414142
0.0408091
0.0408121
0.00645482
0.0058834
0.00561411
0.00434537
0.0057841
0.0073027
0.00657065
0.00495595
0.00457528
0.00302332
0.00164677
0.00296547
0.00148836
0.00146372
0
0.0209409
0.0197958
0.0187028
0.0174296
0.0176752
0.0186623
0.016753
0.0157234
0.0140684
0.0127929
0.0114146
0.0114188
0.00995284
0.00888671
0.03546
0.0335024
0.0315377
0.0310898
0.0293832
0.0293324
0.0267677
0.0269211
0.024446
0.0243115
0.0238428
0.0219841
0.0215431
0.0194078
0.0432815
0.0413198
0.0393596
0.0397567
0.037167
0.0365769
0.0344061
0.0351329
0.0327507
0.0334491
0.03389
0.0309269
0.0315145
0.0289315
0.0432472
0.0424445
0.0415824
0.0420373
0.04062
0.0404412
0.0395167
0.0397078
0.0384472
0.0388369
0.0393123
0.0372446
0.0378026
0.0359008
0.0403969
0.0409944
0.0414576
0.0413404
0.0419205
0.0423752
0.04255
0.0420149
0.0419732
0.0415793
0.0414093
0.0412768
0.0410591
0.0404587
0.0390121
0.040247
0.041379
0.0408331
0.0425137
0.0431645
0.0437632
0.0430562
0.0436066
0.0428918
0.0422786
0.0433597
0.0426661
0.0430103
0.0389409
0.0395418
0.0401707
0.0407739
0.0414043
0.0407999
0.0420002
0.0426242
0.0432054
0.0438112
0.0432347
0.0438506
0.0432438
0.0426231
0.0438678
0.0432239
0.0438446
0.000328013
0.00928229
0.024187
0.0371794
0.0429852
0.0423615
0.040299
0.0395911
0.00350058
0.00321015
0.000134225
0.0165224
0.0148421
0.00846032
0.0313455
0.0277172
0.0214895
0.0411052
0.0368912
0.0329771
0.0431803
0.040746
0.0393949
0.0412313
0.0416051
0.0413551
0.0397718
0.0418803
0.0417484
0.0395678
0.0420274
0.0419866
0.00152131
0.00112173
3.95041e-05
0.0127872
0.0120825
0.00873515
0.0278839
0.0263069
0.0228357
0.0394019
0.0373135
0.0351304
0.0432554
0.0417686
0.0412398
0.041797
0.0416871
0.0418954
0.0399835
0.0409312
0.0410574
0.0395727
0.0408097
0.0408093
0.00613936
0.00570293
0.0031146
0.00563533
0.00608646
0.00393549
0.00129236
0.00221012
0.000744145
0.0203621
0.0192422
0.0156229
0.0181794
0.0171969
0.0142534
0.0115678
0.0113572
0.0085991
0.0344726
0.0325305
0.0295659
0.0304974
0.0281527
0.0256382
0.0246928
0.0229442
0.0201138
0.0422888
0.0403521
0.0390533
0.0383093
0.0358824
0.0343205
0.0351151
0.0325118
0.0304522
0.0428514
0.0420235
0.0420054
0.0411171
0.0400898
0.0392905
0.04019
0.0383411
0.0372143
0.0407201
0.041235
0.0414534
0.0416807
0.0422041
0.0418069
0.0415055
0.0413303
0.0407631
0.0396487
0.0408193
0.0408552
0.0419394
0.0431169
0.0429814
0.0418151
0.0427869
0.0425291
0.0395547
0.040789
0.0408064
0.0420161
0.0432227
0.0432422
0.0420169
0.0432381
0.0431998
