FiniteElementSpace
FiniteElementCollection: L2_2D_P3
VDim: 1
Ordering: 0

0.00072406
0.000650486
0.00140477
0.0021768
0.000432692
0.000499719
0.00121134
0.00199964
0.000313088
0.000409476
0.000963795
0.00159237
0.000350296
0.000395319
0.0007793
0.00120576
0.00581103
0.00614322
0.00663564
0.00706022
0.00461184
0.00487207
0.0052641
0.00560661
0.00327667
0.00345276
0.00372698
0.00397269
0.00243656
0.00255653
0.0027512
0.00293062
0.0113288
0.011473
0.0117871
0.0121261
0.00903356
0.00914437
0.00939804
0.00967763
0.00640219
0.00647352
0.00665496
0.00686299
0.00467847
0.00472434
0.00485564
0.00501183
0.0125773
0.0123053
0.0120853
0.012019
0.0100493
0.00982411
0.00964708
0.00959977
0.00713365
0.00696454
0.006838
0.00681226
0.00520894
0.0050807
0.0049887
0.00497531
0.00848362
0.00809424
0.00765888
0.00737898
0.00675436
0.00643752
0.00608814
0.00586761
0.00477736
0.00454622
0.00429763
0.00414616
0.0034903
0.00331841
0.00313788
0.00303189
0.00384563
0.00359865
0.00330327
0.00309656
0.00304452
0.00284586
0.00261078
0.00244824
0.00214653
0.00200402
0.00183878
0.00172723
0.00157835
0.00147319
0.00135402
0.00127585
0.00115412
0.00104338
0.000909164
0.000813962
0.000914344
0.000826495
0.000721091
0.000647151
0.000657482
0.000595386
0.000522424
0.000472448
0.000505147
0.000459379
0.000407018
0.000372289
0.000121897
9.75264e-05
6.99358e-05
5.19832e-05
0.000105295
8.5332e-05
6.29293e-05
4.84761e-05
9.21709e-05
7.65976e-05
5.9437e-05
4.85773e-05
8.89351e-05
7.55664e-05
6.1126e-05
5.21977e-05
0.00315786
0.00346181
0.00389775
0.00426269
0.00256276
0.00278649
0.00311309
0.00339067
0.00190131
0.00203923
0.00224834
0.00243158
0.00148835
0.00157451
0.00171232
0.00183791
0.000374144
0.000381394
0.000398237
0.000416816
0.000354837
0.000355651
0.000362752
0.000372882
0.000510016
0.000516578
0.000529984
0.000543586
0.000765808
0.000791812
0.000830572
0.0008627
0.0006787
0.000519326
0.000389596
0.000336245
0.000662958
0.000510755
0.000399394
0.000361504
0.000580189
0.000472619
0.000465653
0.000525954
0.00048274
0.000431406
0.000559253
0.000752085
0.00874255
0.00903436
0.00950729
0.00994272
0.00695226
0.0071813
0.00756087
0.00791577
0.00492167
0.00507675
0.00534567
0.00560449
0.00361105
0.00371675
0.00390977
0.00410106
0.000364587
0.000349009
0.000338152
0.000336433
0.000255702
0.000238503
0.000217481
0.000201846
0.000607418
0.000613923
0.000609424
0.000594647
0.00131199
0.00135996
0.00139627
0.00140134
0.000419391
0.000406691
0.000401539
0.000405987
0.000356129
0.000342533
0.00033119
0.00032698
0.000589577
0.000598134
0.000608652
0.000615214
0.00103902
0.00108551
0.00114019
0.00117569
0.0127649
0.0126926
0.0127418
0.0128899
0.0101968
0.0101329
0.0101733
0.0102995
0.00723713
0.00718338
0.00721285
0.00731198
0.00528446
0.00523992
0.00526146
0.00533913
0.000231299
0.00022705
0.00022514
0.000226333
1.70635e-05
2.03863e-05
1.72328e-05
8.96672e-06
0.000482199
0.000507134
0.000505942
0.000478951
0.00151552
0.00156583
0.00156955
0.00152451
0.000284331
0.000272466
0.000263065
0.000259921
0.000112716
0.000101871
8.35112e-05
6.57269e-05
0.000542872
0.00055544
0.000545541
0.000516687
0.00146089
0.00151081
0.00152697
0.00149962
0.0109293
0.0105468
0.0101542
0.00993273
0.00872152
0.00840833
0.00809235
0.00791933
0.00618281
0.00595196
0.00572624
0.00560957
0.00451507
0.00434243
0.00417827
0.00409819
0.000277281
0.000276057
0.000280263
0.000288357
0.000125168
0.000138881
0.00015379
0.00016327
0.000565233
0.000584951
0.000589579
0.00057796
0.00147318
0.00148298
0.00145632
0.0014078
0.000236469
0.000236997
0.000241508
0.000248234
3.11745e-05
4.54171e-05
5.7271e-05
6.1439e-05
0.000499785
0.000529857
0.00053796
0.000520976
0.00152665
0.00156432
0.00155629
0.00150777
0.0059697
0.00564088
0.00525705
0.00499605
0.0047395
0.00447345
0.00416657
0.00396082
0.00334461
0.00315215
0.00293496
0.00279329
0.0024476
0.00230502
0.0021477
0.0020482
0.000294646
0.000284064
0.000277983
0.000279199
0.000250967
0.000247083
0.000245821
0.000247802
0.000532506
0.000520015
0.000501768
0.000486719
0.00103675
0.00100193
0.000949863
0.000905835
0.000305076
0.000298469
0.000297314
0.000302345
0.000215719
0.000220574
0.000228058
0.000234883
0.00058969
0.000591112
0.00058305
0.000570073
0.00130506
0.00128607
0.00124114
0.00119297
0.00225271
0.00208081
0.00187264
0.00172495
0.00178024
0.00164291
0.00147826
0.00136274
0.00125962
0.00116198
0.00104724
0.000968545
0.000937926
0.000866163
0.000783856
0.000729054
0.000210244
0.000200379
0.000193208
0.000191907
0.000198936
0.000190194
0.000183443
0.000181717
0.000303875
0.000287223
0.00026921
0.000258247
0.000481777
0.000451238
0.000414765
0.000389509
0.000256013
0.000244811
0.000237094
0.00023631
0.000236023
0.000227924
0.000222113
0.000221226
0.000421928
0.000404358
0.000383602
0.000369507
0.000740717
0.000704192
0.000656989
0.000621578
0.000469987
0.000408476
0.000335135
0.000284161
0.000378749
0.000329973
0.000272438
0.000232921
0.000286431
0.000251492
0.000211197
0.000184231
0.000236753
0.000210142
0.000180304
0.000161011
0.000125017
0.000116575
0.000108982
0.000105584
0.000115729
0.000107603
0.000100251
9.69208e-05
0.00012634
0.00011558
0.000104856
9.90105e-05
0.000152298
0.000137093
0.000120856
0.000111025
0.000167623
0.000158969
0.000152211
0.000150329
0.000157993
0.000149682
0.000142922
0.000140726
0.000204065
0.000190366
0.000176392
0.000168575
0.000286264
0.000263695
0.000238341
0.000221995
9.79213e-06
6.15694e-06
2.73107e-06
1.0791e-06
1.18827e-05
7.95721e-06
4.0953e-06
2.04531e-06
1.599e-05
1.14593e-05
6.88169e-06
4.3041e-06
2.0245e-05
1.49766e-05
9.65136e-06
6.62738e-06
2.61496e-05
2.03815e-05
1.44553e-05
1.09488e-05
2.3248e-05
1.80052e-05
1.2641e-05
9.48405e-06
2.00229e-05
1.52714e-05
1.04456e-05
7.64014e-06
1.79619e-05
1.34501e-05
8.9093e-06
6.31205e-06
7.59812e-05
6.76687e-05
5.91847e-05
5.42699e-05
6.89914e-05
6.1263e-05
5.34411e-05
4.8966e-05
6.55918e-05
5.75108e-05
4.92507e-05
4.44695e-05
6.73142e-05
5.80946e-05
4.84986e-05
4.28207e-05
0.00203559
0.00227838
0.00264592
0.00296026
0.00181602
0.00197673
0.00221682
0.00242343
0.00147117
0.00156422
0.00170454
0.00182702
0.00118359
0.00125561
0.00136069
0.00145058
0.000982448
0.00105855
0.00116724
0.00125614
0.00068295
0.000740484
0.000826
0.000899227
0.000415712
0.000450425
0.000506236
0.000557222
0.000312843
0.000334439
0.000372789
0.000409946
0.000399541
0.000404068
0.000675471
0.00100535
0.000501923
0.000440604
0.000546473
0.000721416
0.000616239
0.000489872
0.000438792
0.000463107
0.000668449
0.000516191
0.00040166
0.000362921
0.00727024
0.00759532
0.00809412
0.00853586
0.00577402
0.00602925
0.00642813
0.00678639
0.00409056
0.00426375
0.00454472
0.00480387
0.00301594
0.00313425
0.00333491
0.00352528
0.00251046
0.00260299
0.00276559
0.00292323
0.00167686
0.00172646
0.00182623
0.00193043
0.000882905
0.000891335
0.00092695
0.000973548
0.000520167
0.000509913
0.000511923
0.000525047
0.00204297
0.00213658
0.00229351
0.00244132
0.00139271
0.00144367
0.00153944
0.00163605
0.000782163
0.000792537
0.00082741
0.000870901
0.000512529
0.000504537
0.000508824
0.000523292
0.0122334
0.0122731
0.0124627
0.0127146
0.00976524
0.0097918
0.00994543
0.0101553
0.00692648
0.00693759
0.00704798
0.00720685
0.00505862
0.00506104
0.0051412
0.00526214
0.00417262
0.00417059
0.00423618
0.00433915
0.0026978
0.00268569
0.00272654
0.00280169
0.00123104
0.00121446
0.00122876
0.00126746
0.000497897
0.000485661
0.00048485
0.000495649
0.00386207
0.00389561
0.00400289
0.00413446
0.00250577
0.00251643
0.00258313
0.00267536
0.00116617
0.00115806
0.00118148
0.00122578
0.000505653
0.000493025
0.000492016
0.000502814
0.0119016
0.0115607
0.0112383
0.0110832
0.00950491
0.00922461
0.00896498
0.0088457
0.00674382
0.0065357
0.00635004
0.00627229
0.00492446
0.00476803
0.00463298
0.0045815
0.00406092
0.00392885
0.00381781
0.00377892
0.00262477
0.00253173
0.00246119
0.00244535
0.00119986
0.00115397
0.00112646
0.00112978
0.000492086
0.00047891
0.000475659
0.000483972
0.00429484
0.00418575
0.00411011
0.00410275
0.00277226
0.00269302
0.00264499
0.00265009
0.00125421
0.00121331
0.00119486
0.00120719
0.000492446
0.000480379
0.000478873
0.000488735
0.00719827
0.00683384
0.00641618
0.00613866
0.00572315
0.00542746
0.00509287
0.00487405
0.0040431
0.00382832
0.00359085
0.00344022
0.00295562
0.00279621
0.00262395
0.00251825
0.00244187
0.00230876
0.00216735
0.00208273
0.00159811
0.00150832
0.00141806
0.00136859
0.000792521
0.000748484
0.000709721
0.000693739
0.000423688
0.00040529
0.000392656
0.000391538
0.00288145
0.00273768
0.00258937
0.0025048
0.00187778
0.00178026
0.00168569
0.00163729
0.000908364
0.000861084
0.000821475
0.000807425
0.00045334
0.000435615
0.000424758
0.000425766
0.00298286
0.0027751
0.00252471
0.00234801
0.00235877
0.0021922
0.00199351
0.00185488
0.00166453
0.00154556
0.00140648
0.00131165
0.00122986
0.00114226
0.00104223
0.000975973
0.00102569
0.000953023
0.000871352
0.000818345
0.000694399
0.00064592
0.000593898
0.000562182
0.000394162
0.000368998
0.000345049
0.000333146
0.000272059
0.000257807
0.000246429
0.000243008
0.00131108
0.0012237
0.00112623
0.0010636
0.000876575
0.000818178
0.000756013
0.000718554
0.000477233
0.000447356
0.00041911
0.000405264
0.000309343
0.000293395
0.000280804
0.000277209
0.000765072
0.000680318
0.000578149
0.000506172
0.000609465
0.000542356
0.000462294
0.000406535
0.000446464
0.000398915
0.000343412
0.00030571
0.000353189
0.000317786
0.000277593
0.000251197
0.000309222
0.000279561
0.000246463
0.000225195
0.000235552
0.000214975
0.000193064
0.000179861
0.000174406
0.000161872
0.000149875
0.000143821
0.000155314
0.000145889
0.000137726
0.000134446
0.00043366
0.000395619
0.000352841
0.000325077
0.000316282
0.00029051
0.000262888
0.000246092
0.000215742
0.000201101
0.000187179
0.000180269
0.000180727
0.00017065
0.000162292
0.000159364
4.42054e-05
3.25047e-05
2.00264e-05
1.25618e-05
4.22071e-05
3.19742e-05
2.10513e-05
1.44618e-05
4.32924e-05
3.42674e-05
2.46719e-05
1.88612e-05
4.71253e-05
3.83571e-05
2.91085e-05
2.35429e-05
4.82027e-05
3.96438e-05
3.05568e-05
2.50186e-05
4.74926e-05
3.95956e-05
3.12521e-05
2.61775e-05
4.84584e-05
4.09193e-05
3.30023e-05
2.82046e-05
5.07646e-05
4.30919e-05
3.50504e-05
3.01811e-05
8.67217e-05
7.44611e-05
6.12758e-05
5.31511e-05
7.98053e-05
6.95055e-05
5.86254e-05
5.20574e-05
7.61706e-05
6.7331e-05
5.81998e-05
5.28332e-05
7.77004e-05
6.91206e-05
6.03314e-05
5.52166e-05
0.00444373
0.00476043
0.0052199
0.0056091
0.00353131
0.00377783
0.00414088
0.0044523
0.00252755
0.00269312
0.00294461
0.00316571
0.00190678
0.00201904
0.00219646
0.00235699
0.00161924
0.00170577
0.00184743
0.00197874
0.00113581
0.00118328
0.00126936
0.00135447
0.000685118
0.000696737
0.000729909
0.000769526
0.000491566
0.0004878
0.000496061
0.000512577
0.00128689
0.00135367
0.00146263
0.00156349
0.000923768
0.000963627
0.00103318
0.00110057
0.000578564
0.000596197
0.000631779
0.000669204
0.000429638
0.000439488
0.000460999
0.000484535
0.000421087
0.000413487
0.00041444
0.000423349
0.000373962
0.000364861
0.00036054
0.000362789
0.000549742
0.000558826
0.000574235
0.000588058
0.000881498
0.000923155
0.000978612
0.00102055
0.00109999
0.00116735
0.00125455
0.00131919
0.00165629
0.00178323
0.00194695
0.00206921
0.00275374
0.00299456
0.0033072
0.00354325
0.00391711
0.0042771
0.00474821
0.0051073
0.000914156
0.000957491
0.00101958
0.00106997
0.00127239
0.00136705
0.00149608
0.00159782
0.00195823
0.00215734
0.00242592
0.00263656
0.00266839
0.00298052
0.00340302
0.00373605
0.000282986
0.000298126
0.000327122
0.000357036
0.000302706
0.00031026
0.000326792
0.00034513
0.000466937
0.000476255
0.000492481
0.000508485
0.000695823
0.000714894
0.00074244
0.000765937
0.000847637
0.000860127
0.000885223
0.000910906
0.00105589
0.00110179
0.00117467
0.00123922
0.0013257
0.00146705
0.00167736
0.00185484
0.00151218
0.00177248
0.00216189
0.00249096
0.000429036
0.000419291
0.000644892
0.000904676
0.000365717
0.000382765
0.000738013
0.00116763
0.000314804
0.000358154
0.00085396
0.0014321
0.000322635
0.000372953
0.000933193
0.00152774
0.0101312
0.0103618
0.0107727
0.0111741
0.00806794
0.00824816
0.00857901
0.00890792
0.00571339
0.00583407
0.00606967
0.00631168
0.00418075
0.00426202
0.00443186
0.00461196
0.00345628
0.00351873
0.00365721
0.00380786
0.00225578
0.00228518
0.00237095
0.00247386
0.00108163
0.0010808
0.00111096
0.0011584
0.000514034
0.000501493
0.000500797
0.000511955
0.00299293
0.00307529
0.00323224
0.0033914
0.00197152
0.00201406
0.00211085
0.00221757
0.000984767
0.000989532
0.00102374
0.00107183
0.000519849
0.000508099
0.000508433
0.000520405
0.000324474
0.000309957
0.000298834
0.000295615
0.000184462
0.000169055
0.000147451
0.000129149
0.000581374
0.000589635
0.000580481
0.000556851
0.00140205
0.00145072
0.0014762
0.00146398
0.00202394
0.00210363
0.00216028
0.00216401
0.00358998
0.00373571
0.00387007
0.00392716
0.00673749
0.00702611
0.00732998
0.00750258
0.0101824
0.0106314
0.0111337
0.011448
0.00183198
0.00191188
0.00198323
0.00200933
0.00313897
0.00329131
0.00345055
0.00353909
0.00573812
0.00604176
0.00638734
0.00660888
0.00855121
0.00902256
0.00958147
0.0099604
0.000398005
0.000383052
0.00037429
0.000375282
0.000315295
0.000298933
0.000281748
0.000271223
0.000611102
0.000618116
0.000620924
0.000616971
0.00118892
0.00123655
0.00128341
0.00130532
0.00160346
0.001682
0.00176486
0.00181042
0.00264299
0.00279436
0.00296761
0.00307894
0.00469282
0.00499097
0.00534978
0.00559762
0.0068885
0.00734627
0.00791203
0.008316
0.00135142
0.00142656
0.00151592
0.0015755
0.00213551
0.00227874
0.0024542
0.00257759
0.00367714
0.003953
0.00429934
0.00455119
0.00531681
0.0057336
0.00626525
0.00665918
0.0128795
0.0126996
0.0126074
0.0126456
0.0102916
0.0101407
0.010067
0.0101042
0.00730651
0.00719047
0.007138
0.00717325
0.00533501
0.00524526
0.00520721
0.00523839
0.00439857
0.00432098
0.00428969
0.00431908
0.00283768
0.0027779
0.00275794
0.00278691
0.00127807
0.0012442
0.00123644
0.00125831
0.000491766
0.000480155
0.000479521
0.000490191
0.00435735
0.00431682
0.00433442
0.00440203
0.00281234
0.00277581
0.00278664
0.00283989
0.00126982
0.00124434
0.0012479
0.00127888
0.000493086
0.000481327
0.000480803
0.00049168
0.000226795
0.000225678
0.000227612
0.000231831
1.00222e-05
1.9959e-05
2.5313e-05
2.36707e-05
0.000480448
0.000509732
0.000514263
0.000492188
0.0015259
0.00157211
0.00157063
0.00152277
0.00235873
0.00241173
0.00240381
0.00233955
0.00445745
0.00450642
0.0044826
0.00439783
0.00876903
0.0088102
0.0087466
0.00860907
0.0135906
0.0136113
0.0134968
0.0133025
0.00233796
0.00240337
0.00241141
0.00235779
0.00441094
0.00449284
0.00451151
0.00445772
0.00867128
0.00879287
0.00883348
0.00877339
0.0134367
0.0135958
0.0136612
0.0136013
0.000251346
0.000243196
0.000237147
0.000235629
5.32576e-05
4.91008e-05
3.73703e-05
2.32309e-05
0.000505524
0.000524205
0.000517431
0.00048765
0.00149578
0.00154675
0.00155584
0.00151738
0.00227658
0.00234995
0.00237407
0.00233577
0.00424492
0.00435481
0.00441594
0.00439804
0.00827334
0.00846767
0.00861156
0.00863528
0.0127614
0.0130479
0.0132907
0.0133726
0.00217257
0.00225032
0.00229081
0.00227218
0.00396632
0.00409777
0.00419847
0.00421875
0.00760851
0.00786016
0.00809493
0.00819929
0.0116354
0.012022
0.0124163
0.0126283
0.00975683
0.00935949
0.00893032
0.00866771
0.00777772
0.00745343
0.00710847
0.00690207
0.00550781
0.00527011
0.00502411
0.00488315
0.00402271
0.00384553
0.00366673
0.00356868
0.00331929
0.00317077
0.00302382
0.00294608
0.00215568
0.00205415
0.00196057
0.00191768
0.00101988
0.000970937
0.000932735
0.000922526
0.000474662
0.000458266
0.000449871
0.000453413
0.00372424
0.00357911
0.00344415
0.00338148
0.00241209
0.0023117
0.00222586
0.00219378
0.00111956
0.00107099
0.0010368
0.00103244
0.000487127
0.000472385
0.000466698
0.000472807
0.000295327
0.00029152
0.000293335
0.000300252
0.000175577
0.000185362
0.000197318
0.000206152
0.000587074
0.000597771
0.00059644
0.000584654
0.00140457
0.00139897
0.00136231
0.00131372
0.0020177
0.0019946
0.00192801
0.00185173
0.00355396
0.00347728
0.00333456
0.00319503
0.00658386
0.00639124
0.00608495
0.00581177
0.00984746
0.00951679
0.00902228
0.00860028
0.00216829
0.00216395
0.0021094
0.00203301
0.00391521
0.00386268
0.00373759
0.00360101
0.0074097
0.00725038
0.00696871
0.00670017
0.0112237
0.0109323
0.0104659
0.010048
0.000255512
0.000255929
0.000261198
0.000269291
7.324e-05
8.87106e-05
0.000103822
0.00011184
0.000532145
0.000558825
0.000566972
0.000553698
0.00151183
0.00153683
0.00152021
0.00147172
0.00227584
0.00229213
0.00225225
0.00217755
0.0041991
0.00417755
0.00407936
0.00395278
0.0080941
0.00798735
0.00775559
0.00751067
0.0123937
0.0121766
0.0117834
0.0114034
0.00233874
0.00237492
0.00235092
0.00228
0.00438454
0.00439797
0.00433432
0.00422506
0.00856612
0.00852831
0.00837093
0.00817016
0.013221
0.013111
0.0128379
0.0125333
0.00484392
0.00455569
0.00421454
0.00397867
0.00384013
0.00360758
0.00333541
0.00314965
0.0027079
0.00254037
0.00234836
0.00222058
0.00198522
0.00186134
0.00172252
0.00163283
0.00164477
0.00154166
0.00142795
0.00135603
0.00108967
0.00102059
0.000947993
0.000905106
0.00057271
0.000537858
0.000505366
0.000489915
0.000348709
0.000331327
0.000317929
0.000314537
0.00202442
0.00190555
0.00177653
0.00169675
0.00133201
0.00125213
0.00116973
0.0011225
0.000678932
0.000639208
0.000603017
0.000586706
0.00038782
0.000369553
0.000356073
0.00035347
0.00027745
0.000266176
0.000258868
0.000258822
0.000248041
0.000241458
0.000237328
0.000237548
0.000480786
0.000464734
0.000444318
0.000429346
0.000887327
0.000850236
0.000799426
0.000759294
0.00117094
0.00111793
0.00104492
0.000986873
0.0018638
0.00176937
0.00164081
0.00153915
0.0031631
0.00298825
0.0027535
0.00256993
0.00449455
0.00423448
0.00388895
0.00362121
0.00139395
0.00134145
0.00126402
0.0011991
0.00227327
0.0021735
0.00203202
0.0019163
0.00393823
0.00374432
0.00347726
0.00326376
0.00566199
0.00536585
0.00496485
0.00464893
0.000304635
0.000295642
0.000291681
0.000294666
0.000241009
0.000241049
0.000243812
0.000248124
0.000570659
0.00056406
0.000550034
0.000535747
0.00117946
0.00115058
0.00110037
0.00105362
0.00161825
0.00157052
0.00149226
0.00142177
0.00270608
0.00260635
0.00245677
0.00232902
0.00479115
0.00458498
0.00429154
0.00405046
0.00697643
0.00665142
0.00620076
0.00583851
0.00183065
0.00179273
0.00171803
0.00164369
0.00314159
0.00304915
0.00289855
0.00276237
0.00568952
0.00548232
0.00517382
0.00491133
0.00839618
0.00805684
0.00757133
0.00717094
0.0016466
0.00150696
0.00133748
0.00121703
0.00130169
0.00119054
0.00105699
0.000963099
0.000926218
0.000847493
0.000754809
0.000691138
0.000698171
0.000640331
0.000573944
0.000529716
0.000591257
0.00054332
0.000489215
0.000453923
0.000417252
0.000385145
0.000350586
0.000329441
0.000264775
0.000247332
0.00023074
0.000222507
0.000207941
0.000196804
0.00018778
0.000184883
0.000787014
0.000727547
0.000660447
0.000616679
0.000542156
0.000502483
0.000459758
0.000433583
0.000323667
0.000302697
0.000282718
0.000272768
0.000238174
0.0002256
0.000215506
0.000212391
0.000188502
0.000179352
0.000172519
0.000171022
0.000178498
0.00016996
0.00016323
0.00016132
0.000251074
0.000235824
0.000219854
0.00021057
0.000375785
0.000349209
0.00031846
0.000297923
0.000457522
0.000423108
0.000382149
0.000353846
0.000652063
0.000598782
0.000533332
0.000486423
0.00101906
0.000931369
0.000821886
0.000741998
0.00139147
0.00126948
0.00111655
0.00100444
0.000600643
0.00056035
0.00051099
0.000475804
0.000885014
0.000820883
0.000740332
0.000681259
0.0014156
0.00130761
0.00117051
0.00106877
0.00195206
0.00179996
0.00160659
0.00146284
0.000233007
0.000222373
0.000214809
0.000213675
0.000218686
0.000209985
0.000203422
0.000201961
0.000361602
0.000344019
0.000324253
0.000311595
0.00060407
0.000570009
0.000527853
0.000497538
0.000768573
0.000722728
0.000664763
0.0006221
0.00116458
0.00108942
0.000992785
0.000920275
0.001901
0.00177114
0.00160346
0.00147696
0.00264633
0.00246071
0.00222146
0.00204121
0.000960013
0.00090961
0.000843457
0.000793023
0.00149169
0.00140602
0.00129299
0.00120608
0.00248246
0.00232981
0.0021291
0.00197508
0.00348993
0.0032678
0.00297735
0.00275554
0.000259276
0.000218077
0.000169885
0.000137175
0.000213808
0.00018086
0.000142729
0.00011715
0.00017068
0.000146429
0.000118981
0.000101031
0.000150433
0.000131143
0.000109876
9.64059e-05
0.000140334
0.000123429
0.000105018
9.35301e-05
0.000120441
0.000107402
9.36519e-05
8.54282e-05
0.000106193
9.63183e-05
8.64203e-05
8.09191e-05
0.000104541
9.5617e-05
8.69117e-05
8.22766e-05
0.000213021
0.000190362
0.000165358
0.000149514
0.000171402
0.000155011
0.000137671
0.000127298
0.000138535
0.000127524
0.000116793
0.00011116
0.000130297
0.000121192
0.000112833
0.000108922
0.000101429
9.2934e-05
8.47238e-05
8.04188e-05
9.29495e-05
8.49042e-05
7.71661e-05
7.31457e-05
9.41572e-05
8.47372e-05
7.52756e-05
7.00024e-05
0.000104575
9.25524e-05
7.99343e-05
7.24383e-05
0.000108873
9.52515e-05
8.07031e-05
7.18598e-05
0.000119134
0.000101849
8.27079e-05
7.0524e-05
0.000150919
0.000126262
9.8097e-05
7.95013e-05
0.00018942
0.000157156
0.000119801
9.4762e-05
0.000166673
0.000148572
0.000128738
0.000116303
0.000200693
0.000175868
0.000147528
0.000128818
0.000276988
0.000239519
0.000195459
0.000165345
0.00036037
0.000310217
0.000250547
0.000209227
0.000146809
0.000138373
0.00013134
0.00012881
0.000137253
0.000129077
0.000122105
0.00011943
0.000162711
0.000150531
0.000138323
0.000131656
0.000212275
0.000193534
0.000173046
0.000160276
0.000242443
0.000219307
0.000193258
0.00017638
0.000313805
0.000280347
0.000241121
0.000214411
0.000458175
0.00040579
0.000342762
0.000298551
0.000609313
0.000538129
0.000451683
0.000390415
0.000338664
0.000310045
0.00027692
0.000254744
0.000462897
0.000419904
0.000368272
0.000332155
0.000702786
0.000633632
0.000548796
0.000488018
0.000948695
0.00085359
0.000736127
0.000651339
6.67936e-07
3.36357e-07
1.87124e-07
2.85721e-07
1.4041e-06
7.84079e-07
2.80378e-07
1.92257e-07
3.07294e-06
1.81619e-06
7.59035e-07
4.61402e-07
4.94335e-06
2.86869e-06
1.31532e-06
9.22486e-07
5.45264e-06
3.16585e-06
1.25473e-06
6.94105e-07
6.25157e-06
3.57502e-06
1.26944e-06
4.61937e-07
7.43176e-06
4.24969e-06
1.4559e-06
3.52614e-07
8.41629e-06
4.88689e-06
1.74731e-06
4.28574e-07
2.15836e-05
1.61243e-05
1.05647e-05
7.35567e-06
2.27351e-05
1.72846e-05
1.17051e-05
8.44561e-06
2.46674e-05
1.90651e-05
1.33134e-05
9.92275e-06
2.6505e-05
2.06462e-05
1.46264e-05
1.10655e-05
8.32888e-06
4.83037e-06
1.72761e-06
4.33245e-07
7.10856e-06
4.04068e-06
1.37556e-06
3.56096e-07
5.66649e-06
3.19132e-06
1.11499e-06
4.59065e-07
4.70268e-06
2.66706e-06
1.04693e-06
6.82785e-07
4.12802e-06
2.33658e-06
1.09314e-06
8.9438e-07
2.24582e-06
1.3034e-06
5.63113e-07
4.37484e-07
7.15078e-07
3.83301e-07
1.44845e-07
1.74962e-07
2.04444e-07
8.80076e-08
1.1645e-07
2.72522e-07
1.61677e-05
1.19862e-05
7.82077e-06
5.48638e-06
1.13614e-05
8.11861e-06
4.90752e-06
3.1355e-06
6.90685e-06
4.47895e-06
2.17948e-06
1.0265e-06
4.85529e-06
2.82794e-06
1.05121e-06
3.19286e-07
4.99013e-05
4.23905e-05
3.45294e-05
2.97749e-05
4.4935e-05
3.80486e-05
3.08852e-05
2.65861e-05
4.06069e-05
3.40048e-05
2.71557e-05
2.3069e-05
3.88582e-05
3.20772e-05
2.50368e-05
2.08477e-05
3.63702e-05
2.96914e-05
2.28318e-05
1.88282e-05
3.02797e-05
2.38816e-05
1.7291e-05
1.34487e-05
2.66821e-05
1.97639e-05
1.26163e-05
8.48589e-06
2.71389e-05
1.92534e-05
1.11066e-05
6.45014e-06
6.63677e-05
5.65758e-05
4.63442e-05
4.02756e-05
6.4189e-05
5.31183e-05
4.12786e-05
3.4057e-05
7.09117e-05
5.6564e-05
4.08202e-05
3.09396e-05
8.32684e-05
6.52539e-05
4.52326e-05
3.25014e-05
