FiniteElementSpace
FiniteElementCollection: H1_2D_P2
VDim: 2
Ordering: 0

0
1.20934
2.06113
2.66428
3.15259
3.58829
3.99512
4.38451
4.76606
0
0.701025
1.30679
1.81613
2.26674
2.6841
3.08
3.46279
3.84083
0.638924
0.982901
0.359431
0
1.67767
1.70398
1.01778
2.38347
2.25075
1.57114
2.91758
2.71501
2.04673
3.37502
3.13922
2.47865
3.7945
3.53932
2.88421
4.19139
3.92442
3.27249
4.57572
4.30369
3.65197
0.518664
1.37302
1.99209
2.48961
2.9308
3.34169
3.73318
4.11423
0.318577
0.57616
0.260275
0
1.4556
1.52747
1.18644
1.09711
2.22858
2.18973
1.85247
1.88481
2.79369
2.70478
2.37219
2.45906
3.26513
3.15363
2.82394
2.93472
3.69218
3.56855
3.24113
3.36433
4.09372
3.96251
3.63665
3.76756
4.48028
4.34502
4.01944
4.15459
0.936837
0.760556
0.856188
0.532913
0.454366
0.181419
0
1.87848
1.54483
1.51321
1.16565
1.20636
0.862863
2.52806
2.12441
2.03707
1.69572
1.78699
1.44173
3.03695
2.60371
2.49257
2.15788
2.27062
1.93296
3.48265
3.03583
2.91257
2.58211
2.70594
2.37359
3.89543
3.44105
3.3102
2.98259
3.11365
2.78476
4.28827
3.82906
3.69386
3.36784
3.50323
3.17659
4.67096
4.53488
4.20893
4.07233
3.74643
3.88324
3.55746
0.283417
1.32274
2.04266
2.5843
3.04535
3.46717
3.86547
4.24994
0.848526
0.661909
0.235245
1.71392
1.36456
1.03731
2.32799
1.91449
1.65361
2.82137
2.38282
2.15555
3.25989
2.81001
2.60019
3.66863
3.21243
3.01374
4.05883
3.59877
3.40708
4.43996
3.97778
3.78864
0.150492
0.298769
0.136202
0
1.33572
1.3891
1.21269
1.15296
2.14658
2.13587
1.96522
1.9732
2.72974
2.6892
2.52234
2.5619
3.20921
3.15539
2.99035
3.04382
3.64044
3.57978
3.41594
3.47643
4.04455
3.97965
3.81663
3.88141
4.43245
4.36512
4.20231
4.26957
0.790867
0.892173
0.715299
0.606558
0.642021
0.713464
0.559675
0.488563
0.12844
0.248885
0.119326
0
1.78055
1.79637
1.62281
1.60264
1.46064
1.45651
1.28674
1.29174
1.08691
1.11411
0.948331
0.921867
2.45691
2.42827
2.25986
2.28686
2.05909
2.0204
1.85142
1.89068
1.77945
1.75438
1.58436
1.61017
2.97777
2.92933
2.76352
2.81137
2.54704
2.49373
2.32706
2.38067
2.31203
2.26453
2.09678
2.1447
3.4291
3.37139
3.207
3.26447
2.98353
2.92317
2.75818
2.81865
2.76976
2.7124
2.54663
2.60418
3.84513
3.78211
3.61875
3.68162
3.39151
3.32688
3.16318
3.22784
3.19035
3.12762
2.96332
3.02611
4.23991
4.17358
4.01075
4.07699
3.78119
3.71399
3.55107
3.61829
3.5881
3.52197
3.35874
3.42488
4.62336
4.55546
4.3925
4.46037
4.16159
4.09338
3.93051
3.99877
3.97197
3.90408
3.74128
3.8092
0.481922
0.431734
0.547274
0.390866
0.271753
0
1.56953
1.42756
1.45122
1.28172
1.25552
1.04078
2.30743
2.11742
2.09162
1.92329
1.94836
1.79527
2.85625
2.64508
2.59759
2.43136
2.4787
2.35543
3.32037
3.09976
3.04244
2.87762
2.93489
2.82516
3.74352
3.51803
3.45525
3.29157
3.3543
3.25195
4.14266
3.91409
3.84791
3.68501
3.75114
3.65354
4.52803
4.2975
4.22964
4.06685
4.13472
4.03955
1.07654
0.975776
0.87416
0.804985
0.760733
0.783268
0.617592
0.602679
0.446671
0.412402
0.346179
0.27074
0.214597
0.0939678
0
1.97189
1.80115
1.62586
1.63032
1.44
1.41229
1.23699
1.26789
1.09253
1.11542
1.12327
0.941138
0.954076
0.7827
2.5971
2.39433
2.18826
2.22681
1.97634
1.9276
1.75638
1.80634
1.63397
1.68059
1.72111
1.50705
1.54954
1.37495
3.09519
2.87842
2.65969
2.71287
2.43798
2.3801
2.21256
2.27089
2.1026
2.15934
2.21348
1.99018
2.04507
1.87494
3.5357
3.31232
3.08772
3.14805
2.86147
2.79857
2.63327
2.69634
2.53056
2.59262
2.65329
2.42632
2.48727
2.32039
3.94542
3.71823
3.49031
3.55496
3.26143
3.19524
3.0314
3.09767
2.93353
2.99912
3.06385
2.83463
2.89946
2.73458
4.33646
4.10677
3.87679
3.944
3.64637
3.5784
3.41536
3.4834
3.32023
3.38797
3.45524
3.22462
3.29196
3.12839
4.71853
4.65046
4.48742
4.4193
4.25629
4.32446
4.18804
4.02505
3.9566
3.79364
3.86213
3.6992
3.76764
3.83596
3.60472
3.6731
3.51015
0.141085
1.27404
2.05615
2.62626
3.09994
3.5283
3.93065
4.31739
0.75237
0.602989
0.124753
1.70181
1.37562
1.01992
2.35864
1.9563
1.68336
2.87083
2.43755
2.20513
3.31818
2.87112
2.65855
3.73203
3.2775
3.07703
4.12537
3.66621
3.47353
4.50793
4.04608
3.85668
0.455456
0.410989
0.132351
1.49855
1.3556
1.15067
2.21269
2.02111
1.87317
2.75087
2.53864
2.41767
3.21021
2.98892
2.88032
3.63088
3.40494
3.30331
4.02842
3.79962
3.70245
4.41277
4.1822
4.08717
1.02577
0.925602
0.678852
0.819751
0.694174
0.508643
0.370351
0.314035
0.112765
1.88673
1.71442
1.54269
1.53462
1.34103
1.19271
1.20465
1.03589
0.869865
2.49595
2.29187
2.16013
2.08317
1.86748
1.74407
1.82344
1.61578
1.48174
2.98697
2.76936
2.65564
2.54926
2.32577
2.21543
2.32303
2.10257
1.98677
3.42413
3.2002
3.09547
2.97482
2.74763
2.64467
2.76576
2.54016
2.43392
3.8319
3.60438
3.50525
3.37601
3.14657
3.04853
3.17788
2.94944
2.84918
4.22164
3.99183
3.89603
3.76165
3.53094
3.43574
3.57022
3.34005
3.2437
4.60297
4.37186
4.27706
4.14069
3.90937
3.81489
3.95144
3.72039
3.62578
0
0.487328
1.30518
2.2191
3.14853
4.08077
5.01413
5.94593
6.8733
1
1.31409
1.93444
2.72378
3.58988
4.48903
5.4037
6.32665
7.25272
0.196779
0.86428
1.11641
0.5
0.872963
1.60553
1.59482
1.75799
2.46596
2.31517
2.68325
3.36695
3.15082
3.61442
4.28387
4.0368
4.54744
5.20851
4.94499
5.48044
6.13633
5.86446
6.41024
7.06327
6.78963
0.601263
1.21087
2.02777
2.91357
3.8241
4.74553
5.67229
6.60014
0.106214
0.388635
0.519518
0.25
0.671905
1.03438
1.02979
0.666393
1.53
1.88889
1.81408
1.44975
2.45096
2.79656
2.68886
2.33978
3.38141
3.71842
3.59514
3.25651
4.31408
4.64606
4.5145
4.18174
5.24736
5.57612
5.44033
5.111
6.17825
6.50512
6.3683
6.04097
0.326197
0.71938
1.08079
1.203
0.841896
1.0603
0.75
1.0853
1.40374
1.7688
1.7585
1.39934
1.44578
1.98795
2.24537
2.59502
2.51666
2.17128
2.12059
2.9158
3.13969
3.47857
3.36915
3.03239
2.93546
3.84754
4.05371
4.38653
4.26237
3.93056
3.81255
4.7808
4.97689
5.30623
5.17405
4.84536
4.71661
5.71331
5.90431
6.23167
6.09542
5.76853
5.63386
6.64191
6.96827
6.83182
7.15815
7.0212
6.69507
6.55808
0.299275
0.842319
1.66729
2.56765
3.48726
4.4138
5.34357
6.27316
0.512703
0.948781
0.767198
1.23798
1.579
1.23227
2.11333
2.38105
1.96677
3.02623
3.2546
2.81236
3.94993
4.15813
3.70397
4.87848
5.07558
4.61564
5.80861
6.00004
5.53724
6.73682
6.92669
6.46337
0.0632264
0.19979
0.270904
0.125
0.577086
0.754878
0.751997
0.574498
1.4171
1.59726
1.55792
1.37586
2.33497
2.50861
2.45356
2.2786
3.26496
3.43402
3.37183
3.20214
4.19742
4.36378
4.29774
4.13107
5.13076
5.29537
5.22728
5.06246
6.06213
6.22566
6.15709
5.99339
0.256746
0.417041
0.446498
0.290525
0.656585
0.831056
0.891852
0.717703
0.501201
0.639593
0.749959
0.625
0.977969
1.15981
1.13497
0.951629
1.30603
1.49043
1.48776
1.30382
0.944816
1.12928
1.15437
0.970204
1.87279
2.04964
2.00081
1.82225
2.13614
2.31296
2.27558
2.09918
1.70907
1.88994
1.86687
1.68649
2.7995
2.97055
2.91131
2.73933
3.02647
3.19707
3.14325
2.97288
2.57716
2.75048
2.70331
2.53031
3.73097
3.89852
3.83414
3.66616
3.93883
4.10589
4.04423
3.87729
3.48094
3.64951
3.59111
3.4227
4.66412
4.82952
4.76225
4.59661
4.86118
5.02623
4.96041
4.79543
4.39913
4.56506
4.50101
4.33518
5.5969
5.76089
5.69238
5.5282
5.78829
5.95219
5.88426
5.72043
5.3244
5.4888
5.4217
5.25738
6.52611
6.68935
6.62101
6.45765
6.71601
6.87929
6.81089
6.64763
6.25232
6.41586
6.34752
6.18403
0.146075
0.339286
0.491945
0.555284
0.406246
0.375
0.7707
0.936655
1.12089
1.11865
0.934003
0.762965
1.64369
1.77767
1.95751
1.92036
1.73969
1.52643
2.56707
2.68199
2.8547
2.80101
2.62782
2.40233
3.4979
3.6028
3.7711
3.70953
3.54101
3.31149
4.43075
4.5299
4.69572
4.62997
4.46406
4.2327
5.36392
5.45985
5.62417
5.5563
5.39191
5.1597
6.29429
6.38917
6.55263
6.48424
6.32072
6.08863
0.403186
0.58633
0.78891
0.613357
1.01209
1.19548
1.25591
1.07261
1.15667
0.974383
0.800395
1.08444
0.90707
1.03539
0.875
1.19448
1.34301
1.50367
1.3194
1.67276
1.85169
1.84512
1.6686
1.67504
1.49657
1.31406
1.51839
1.33795
1.3777
2.10342
2.22634
2.35533
2.17868
2.48756
2.65966
2.6196
2.44912
2.41516
2.24348
2.06829
2.21696
2.04388
2.02639
3.03215
3.1413
3.25319
3.08267
3.36639
3.53436
3.47925
3.31205
3.25966
3.09181
2.92207
3.04274
2.87414
2.82912
3.96415
4.0658
4.16873
4.00169
4.27224
4.43785
4.37557
4.21033
4.14944
3.98377
3.81713
3.9245
3.75837
3.701
4.89747
4.99473
5.09267
4.92762
5.19086
5.35503
5.28881
5.12487
5.05944
4.89523
4.73043
4.83071
4.66619
4.60271
5.82965
5.92481
6.02032
5.85643
6.11584
6.27923
6.211
6.04779
5.9799
5.81656
5.65286
5.74911
5.58562
5.51872
6.75763
6.92077
6.85257
7.01577
6.94758
6.78432
7.11074
7.04245
7.2055
7.13697
6.974
6.90542
6.74241
6.57923
6.67385
6.51079
6.44235
0.163065
0.662252
1.48602
2.3935
3.31805
4.24741
5.17892
6.10956
0.349333
0.770763
0.622974
1.05454
1.39579
1.04757
1.93571
2.20556
1.7874
2.85489
3.08477
2.64008
3.78231
3.9915
3.53597
4.71306
4.91079
4.45005
5.64456
5.83629
5.37306
6.57354
6.76348
6.29995
0.240461
0.444088
0.383846
0.851544
1.02576
0.846202
1.7094
1.84811
1.63239
2.6239
2.74111
2.51487
3.55006
3.65599
3.42617
4.48018
4.57986
4.34834
5.4118
5.50804
5.27579
6.34169
6.4367
6.20469
0.492392
0.685098
0.548699
0.89783
1.1314
1.02019
0.673696
0.936698
0.884753
1.26703
1.42201
1.21891
1.58742
1.7589
1.58108
1.21485
1.41544
1.26453
2.16396
2.29024
2.06774
2.42124
2.55384
2.34563
1.99392
2.14285
1.94677
3.0863
3.19698
2.96857
3.30972
3.42297
3.20164
2.86143
2.98262
2.76646
4.01477
4.11714
3.88634
4.22045
4.32398
4.09692
3.76329
3.87092
3.64618
4.94599
5.04364
4.81164
5.14177
5.23989
5.00998
4.68019
4.78063
4.55192
5.87717
5.97254
5.74031
6.0681
6.16349
5.93215
5.60459
5.70105
5.47027
6.80509
6.90008
6.66851
6.99505
7.08977
6.85822
6.53176
6.6266
6.395
