FiniteElementSpace
FiniteElementCollection: H1_2D_P2
VDim: 2
Ordering: 0

0
-0.00084217
-0.00182432
0.00116578
0.010653
0.0252011
0.0430373
0.0632069
0.0845297
0
0.000852689
0.00333483
0.0087093
0.0181671
0.0317782
0.0492223
0.0694988
0.0906139
-0.000226908
-3.77309e-05
0.000230391
0
-0.00153451
0.00041483
0.00183921
-0.00109294
0.00437313
0.00555692
0.00513057
0.0138948
0.0129061
0.0174344
0.0280817
0.0244679
0.0337728
0.0458363
0.0400575
0.052893
0.0662237
0.0591148
0.0738146
0.0875396
0.0800798
9.74392e-06
-1.91293e-05
0.0017435
0.00845596
0.0204922
0.0365587
0.0557887
0.0768951
-4.37109e-05
-0.000159173
9.6027e-06
0
-0.00120325
-0.00083381
-5.38353e-05
-0.000490763
-0.00162385
0.000245516
0.000937443
-0.000771888
0.00293815
0.00668667
0.00623456
0.00267571
0.0139054
0.0188436
0.0170607
0.0121582
0.0293943
0.0350596
0.0322144
0.0265241
0.0478986
0.0542854
0.0507386
0.044352
0.0684844
0.0753564
0.0715463
0.0646907
-0.000504353
-8.70004e-06
0.000446906
0.000500329
0.000183197
5.27977e-05
0
-0.00176767
0.000117069
0.00176589
0.00251062
0.000886457
0.00129387
-0.00017457
0.00287922
0.00633432
0.00700712
0.00346936
0.00434088
0.00771472
0.0110179
0.015883
0.0154047
0.0104936
0.0106742
0.0212081
0.0241706
0.0298416
0.0279988
0.0223679
0.0211894
0.0383244
0.0411039
0.0474648
0.0445372
0.0382337
0.0358005
0.0580026
0.0609604
0.0678225
0.0642628
0.0573982
0.0540907
0.0791764
0.0860361
0.0822377
0.0890714
0.0853506
0.078465
0.0747846
-5.44437e-05
-0.000681782
-0.000416396
0.00448586
0.0153646
0.0306914
0.0492478
0.0700045
-0.000306685
0.000303227
7.32172e-05
-0.000887001
0.00124852
0.000632139
0.00126562
0.0047427
0.00249001
0.00925456
0.0130429
0.00825288
0.0225699
0.025986
0.0189964
0.0396174
0.0427512
0.0339269
0.0594418
0.0625649
0.0523552
0.0807188
0.0837758
0.0731353
-3.35943e-06
-6.6245e-05
-1.60642e-05
0
-0.00102302
-0.000958386
-0.000587888
-0.000682939
-0.0017635
-0.00103616
-0.000628726
-0.00131361
0.00199523
0.00368978
0.0035307
0.00190056
0.0122409
0.0146052
0.0137254
0.0113773
0.027273
0.0300119
0.0285818
0.0258309
0.0454501
0.048554
0.0467809
0.0436713
0.0658385
0.0692434
0.0673413
0.0639436
-0.000356334
-0.000422899
-0.000227153
-0.000211668
2.70577e-06
0.000151121
0.000241134
0.000101053
4.47279e-06
4.37584e-05
2.4323e-05
0
-0.00166929
-0.00134268
-0.000876987
-0.00119965
3.2961e-05
0.000666233
0.00105162
0.000423724
-4.9335e-05
0.000285151
0.000533005
0.000205339
-0.000688098
0.000527118
0.000708043
-0.000440715
0.00226849
0.00377309
0.00406843
0.00257202
0.000644626
0.00168431
0.00209973
0.00106709
0.00637363
0.0084582
0.00792637
0.00588426
0.0096962
0.0119941
0.0117314
0.00943638
0.00525854
0.00720404
0.0072537
0.00531413
0.0192914
0.0218573
0.020677
0.018108
0.0223016
0.0250525
0.024147
0.0214019
0.0154434
0.0179977
0.0174069
0.0148553
0.0360272
0.0389441
0.0373156
0.0343869
0.038807
0.041909
0.040467
0.037376
0.0301211
0.0330488
0.0318562
0.028938
0.0554348
0.0587124
0.0568504
0.0535747
0.0583612
0.0617515
0.059968
0.0565803
0.0482675
0.0515318
0.0498893
0.0466337
0.0764946
0.0799537
0.0780385
0.0745881
0.079569
0.0830026
0.081124
0.0776744
0.0688796
0.0723337
0.0704742
0.0670141
-0.000120705
-0.000102323
-8.08019e-05
1.18507e-05
-2.51461e-05
0
-0.00137723
-0.000766115
-0.000439706
-4.55455e-05
-0.000378828
-0.000273481
-0.00140664
-0.000127615
0.000971215
0.00130232
0.000239623
-0.000196866
0.00398065
0.00553841
0.007542
0.0073017
0.00533175
0.00349727
0.0156363
0.0170716
0.0196389
0.0187446
0.0161831
0.0129967
0.0315606
0.032851
0.0357851
0.0343608
0.0314271
0.0272758
0.0503802
0.0517503
0.0550236
0.0532467
0.0499766
0.0450748
0.0711451
0.0726775
0.0761237
0.0742194
0.0707709
0.0654499
-0.000667766
-0.000395552
-2.29482e-05
-0.000165543
0.000371218
0.000667076
0.000666177
0.000424712
0.000355102
0.000231727
0.000127715
0.000128573
8.29875e-05
8.79006e-06
0
-0.00182496
-0.000855123
0.000242157
-0.000400698
0.0014852
0.00251759
0.00290314
0.00186191
0.0021584
0.00135939
0.000748742
0.00155275
0.000971445
0.00106161
0.000438454
0.00192052
0.00358094
0.00204701
0.00549886
0.00745645
0.00782864
0.00581095
0.0062541
0.00445551
0.00294602
0.00492331
0.00336868
0.00381513
0.00914027
0.0106663
0.0124189
0.0101065
0.0144282
0.0169838
0.0167552
0.0141748
0.0141245
0.0116434
0.00933449
0.0117592
0.0094011
0.00966122
0.0231776
0.0245194
0.0260979
0.0233421
0.0278848
0.030789
0.0298586
0.0269683
0.0262032
0.0233894
0.020651
0.0227983
0.0200586
0.0196478
0.0406611
0.0419635
0.0434477
0.0403387
0.0450846
0.048328
0.0468553
0.0436278
0.0422706
0.0391283
0.0360533
0.0379006
0.0348449
0.03376
0.0605946
0.0620564
0.0635825
0.0601907
0.0651844
0.0686508
0.0668719
0.0634018
0.0616753
0.058243
0.0548593
0.056585
0.0532083
0.051635
0.0818617
0.0852894
0.0833885
0.0867846
0.0848951
0.0814783
0.0883027
0.0864223
0.0898433
0.0879772
0.0845595
0.082719
0.0792681
0.0758001
0.0774332
0.0739528
0.0721377
-2.08379e-05
-0.000821501
-0.00121148
0.00274221
0.0129543
0.0278961
0.0460942
0.0665867
-0.000309659
0.000126511
1.5764e-05
-0.00128831
0.000529093
0.000240393
-7.23532e-06
0.00313209
0.00134572
0.00712492
0.0106764
0.00621627
0.0199529
0.0231974
0.0163929
0.0366433
0.0396176
0.0309658
0.0561304
0.0591524
0.0490624
0.0772707
0.0803416
0.0696689
-0.000130194
-4.97996e-05
-7.37053e-06
-0.00108718
-0.000417875
-0.000328652
-0.000783179
0.000565333
-1.1591e-05
0.00473662
0.00639121
0.00436687
0.0163236
0.0178789
0.0145548
0.0321757
0.033581
0.029325
0.0510484
0.0524835
0.0475062
0.071912
0.0734452
0.0681045
-0.000548475
-0.000217744
-0.000119351
0.000176681
0.0005392
0.0003226
7.34916e-05
0.000151877
2.81549e-05
-0.00135514
-0.000323441
-0.000436419
0.000843732
0.00216882
0.0015946
0.000344753
0.00115356
0.000810546
0.00116068
0.00272451
0.00146399
0.00450093
0.00659811
0.00509952
0.00209207
0.00388171
0.0029172
0.00987616
0.0115129
0.00878179
0.0133886
0.0155463
0.0128747
0.00827888
0.0104867
0.00839269
0.0238169
0.025281
0.0214607
0.0269666
0.0288491
0.0251487
0.0196683
0.0216931
0.0184894
0.0412873
0.042685
0.0380383
0.0442484
0.045954
0.0413519
0.0351861
0.0369589
0.0327882
0.061318
0.0628106
0.0575939
0.0643734
0.0660172
0.0608089
0.0540389
0.0557081
0.0507471
0.0826318
0.0841409
0.0788028
0.0856552
0.0871972
0.0819177
0.0750035
0.076611
0.0712975
0
-4.98072e-05
-0.00410255
-0.0129871
-0.023175
-0.0318396
-0.039098
-0.0456584
-0.0518542
0
0.00015642
-0.00189906
-0.00642306
-0.0116984
-0.01629
-0.0204157
-0.025085
-0.0307393
0.000263443
0.000390086
0.000228201
0
-0.00140786
-0.00262922
-0.000521311
-0.00809809
-0.00961531
-0.00393188
-0.0181781
-0.0175663
-0.00909376
-0.0277343
-0.0241795
-0.0141013
-0.0355896
-0.0297777
-0.0183488
-0.042442
-0.0353559
-0.02263
-0.0487762
-0.0413434
-0.0278043
0.00046239
-0.000563956
-0.00576299
-0.0136866
-0.0210621
-0.0270355
-0.0325286
-0.0382828
0.00016043
0.000408542
0.000286413
0
-0.000574312
-0.000934079
4.25556e-05
0.000224548
-0.00595563
-0.00690026
-0.00407815
-0.00332322
-0.0155809
-0.0159313
-0.0116537
-0.0112852
-0.0255145
-0.0244135
-0.0193655
-0.0203817
-0.0337514
-0.0313076
-0.0256309
-0.028019
-0.0407876
-0.0374509
-0.0311464
-0.0344159
-0.0472267
-0.0434977
-0.0368056
-0.0404696
0.000211685
0.00051481
0.000395385
0.000257877
0.000404988
0.000102453
0
-0.00258103
-0.00145269
-0.00210014
-0.00112176
-0.000377143
-9.80796e-05
-0.010467
-0.00762999
-0.00798704
-0.00513704
-0.00473691
-0.0028427
-0.0207224
-0.0156679
-0.0146937
-0.0104158
-0.0114217
-0.00775334
-0.0298388
-0.0226623
-0.0202879
-0.015219
-0.0176453
-0.0129286
-0.0373681
-0.0284121
-0.0251313
-0.0193719
-0.022734
-0.0173277
-0.0440648
-0.0339307
-0.0302473
-0.0238243
-0.0276102
-0.0214971
-0.0503149
-0.0465869
-0.0397958
-0.0360582
-0.0292474
-0.033059
-0.0264131
0.000253171
-0.000211698
-0.00498014
-0.0136088
-0.0224544
-0.0296942
-0.0359378
-0.0419806
0.000415303
0.000477986
0.000223893
-0.00196903
-0.00111566
0.000120147
-0.00902515
-0.00631172
-0.00331763
-0.0182008
-0.0130926
-0.00970696
-0.0262643
-0.0189997
-0.016212
-0.0328765
-0.0239297
-0.0215265
-0.0389605
-0.0289068
-0.0263542
-0.0450298
-0.0345329
-0.0316317
8.10179e-05
0.000211131
0.000135819
0
-0.000274018
-0.000382593
3.99943e-05
9.85405e-05
-0.00498657
-0.00546153
-0.00411555
-0.00370559
-0.0142786
-0.0145924
-0.0124433
-0.0121325
-0.0243598
-0.0239865
-0.0214322
-0.0217796
-0.0328053
-0.0317219
-0.0288654
-0.0299302
-0.039947
-0.0383519
-0.0351785
-0.0367485
-0.0464453
-0.0445888
-0.0412247
-0.0430495
0.000261181
0.000325011
0.000433407
0.000346961
0.000507624
0.000515804
0.000458225
0.000448527
0.000156648
0.000267559
0.000113707
0
-0.00194784
-0.0022667
-0.00141134
-0.00116156
-0.000972779
-0.00125454
-0.000716496
-0.000440922
0.000246331
0.000109045
0.000283376
0.000416857
-0.00925658
-0.00974146
-0.00794112
-0.00749367
-0.00667802
-0.00695827
-0.00550904
-0.00523133
-0.00332204
-0.00367405
-0.0026824
-0.00233703
-0.0194597
-0.0194617
-0.0170752
-0.0170535
-0.0146861
-0.0143879
-0.0122647
-0.0125583
-0.010632
-0.0106797
-0.00884516
-0.00879478
-0.0288003
-0.0280535
-0.0253518
-0.0260763
-0.0218736
-0.0208411
-0.0183317
-0.0193645
-0.0184788
-0.0177996
-0.0154637
-0.0161398
-0.0364851
-0.0351165
-0.0320967
-0.0334454
-0.0277263
-0.0261762
-0.0233323
-0.0248912
-0.0249124
-0.0235864
-0.0209124
-0.0222427
-0.0432569
-0.0414987
-0.0382059
-0.0399338
-0.033227
-0.0314219
-0.0282532
-0.0300728
-0.0304611
-0.0287541
-0.0257393
-0.0274589
-0.0495468
-0.0476574
-0.0442612
-0.0461219
-0.0390342
-0.0371695
-0.0337894
-0.0356747
-0.0360776
-0.0342218
-0.0309341
-0.0328047
0.000227873
0.00034603
0.000447919
0.000386874
0.000280794
0
-0.000947506
-0.000534914
-0.000732164
-0.000226974
-6.76024e-05
0.000323585
-0.00699144
-0.00591036
-0.00632172
-0.00489465
-0.00451679
-0.0029618
-0.0168826
-0.0147738
-0.0148097
-0.0126742
-0.0126296
-0.0104458
-0.0266394
-0.0234481
-0.0227431
-0.0202265
-0.0209151
-0.0189783
-0.0346784
-0.0305076
-0.0291723
-0.026338
-0.0276649
-0.026103
-0.0416186
-0.0366951
-0.0349852
-0.0318354
-0.0335384
-0.0320943
-0.0480033
-0.042738
-0.0408882
-0.0375404
-0.0393894
-0.0379082
0.000111926
0.000347703
0.000477447
0.000479828
0.000458333
0.000313574
0.000224515
0.00039489
0.000257724
0.000331918
0.000324473
0.000174735
0.000164016
3.81883e-05
0
-0.00329544
-0.00260645
-0.00200603
-0.00169489
-0.0015786
-0.00194303
-0.00149126
-0.00106071
-0.000801328
-0.000394691
-9.99816e-05
-0.000289508
5.83153e-05
4.83679e-05
-0.0117116
-0.0101427
-0.00861234
-0.00832035
-0.00714101
-0.00719345
-0.00577416
-0.00569883
-0.00452442
-0.00429533
-0.00400566
-0.00337342
-0.00303018
-0.00235388
-0.021962
-0.0193039
-0.0166288
-0.0169371
-0.013903
-0.0132161
-0.0110635
-0.011771
-0.0097593
-0.0102682
-0.0105679
-0.00842526
-0.00873096
-0.00708635
-0.0308511
-0.0271527
-0.0234304
-0.0244681
-0.0196512
-0.0183063
-0.0157596
-0.0171284
-0.0146668
-0.0158937
-0.0169391
-0.0135223
-0.0145913
-0.0123208
-0.0382381
-0.0336491
-0.0290955
-0.0306434
-0.0245288
-0.0227864
-0.0198898
-0.0216643
-0.0188587
-0.0205558
-0.022133
-0.017839
-0.0194428
-0.0168119
-0.0448648
-0.039715
-0.0346404
-0.0364408
-0.0295715
-0.0276761
-0.0244459
-0.0263769
-0.0232187
-0.0251322
-0.0269776
-0.022056
-0.0239382
-0.0209504
-0.0510834
-0.0492068
-0.045805
-0.0439661
-0.0405672
-0.0424129
-0.0387071
-0.0352902
-0.0333968
-0.0299851
-0.0318882
-0.0285203
-0.0304346
-0.0323399
-0.027101
-0.0290297
-0.0257405
0.000107072
-0.000106507
-0.00454468
-0.013358
-0.0228976
-0.0308355
-0.0375532
-0.0438204
0.000358441
0.000499968
0.000142889
-0.00167116
-0.000814745
0.000290936
-0.00859408
-0.00607785
-0.00297625
-0.0182669
-0.0134814
-0.00973512
-0.0270783
-0.0201132
-0.0169817
-0.0342865
-0.0255352
-0.0229208
-0.0407182
-0.0307433
-0.0281043
-0.0468889
-0.0364162
-0.0335089
0.0002951
0.000377948
0.000153701
-0.000731675
-0.00036403
0.000159804
-0.00644535
-0.00539144
-0.00370546
-0.0158264
-0.0137236
-0.0115346
-0.025046
-0.0218425
-0.0199603
-0.0325911
-0.0284243
-0.026892
-0.0391451
-0.0342612
-0.0328167
-0.0453558
-0.0401362
-0.038647
0.000240972
0.000428129
0.000484173
0.000489748
0.000373874
0.000379078
0.000369033
0.000257455
7.26037e-05
-0.0029436
-0.00229108
-0.00117567
-0.00176341
-0.00147669
-0.000701829
-0.000134589
-0.000143243
0.000208699
-0.0109232
-0.00937175
-0.00730107
-0.00786719
-0.00643878
-0.0049839
-0.00442876
-0.00364422
-0.00246391
-0.0206336
-0.01797
-0.0158825
-0.0152748
-0.0125019
-0.0110258
-0.0116229
-0.0095024
-0.00796039
-0.0290034
-0.0252958
-0.0236178
-0.0215504
-0.0177236
-0.0165191
-0.0185937
-0.0152516
-0.013913
-0.0359366
-0.0313706
-0.0299114
-0.026817
-0.0222226
-0.0211095
-0.0242426
-0.0200011
-0.0188787
-0.0422757
-0.037173
-0.0357118
-0.0321091
-0.0270195
-0.0257478
-0.0294101
-0.0245292
-0.0233576
-0.0484297
-0.0431871
-0.0416467
-0.0379347
-0.032635
-0.0311552
-0.0349435
-0.0297258
-0.0283461
