FiniteElementSpace
FiniteElementCollection: H1_2D_P2
VDim: 2
Ordering: 0

0
1.06243
2.15871
3.14457
3.87705
4.35517
4.6822
4.95314
5.21416
0
0.932242
1.77775
2.49482
3.04025
3.4299
3.72625
3.98932
4.24897
0.520622
0.999209
0.477198
0
1.61349
1.9802
1.36741
2.67658
2.84241
2.15599
3.54642
3.4815
2.78961
4.14234
3.90694
3.25115
4.53057
4.21019
3.58543
4.82068
4.47264
3.8593
5.08372
4.73181
4.11895
0.499118
1.4965
2.43443
3.19236
3.71586
4.06779
4.34317
4.60179
0.256441
0.512648
0.24953
0
1.33756
1.55822
1.24873
1.03383
2.42254
2.55929
2.21209
2.07297
3.35436
3.37337
3.02504
2.99746
4.01716
3.93232
3.60489
3.68302
4.44663
4.30089
3.99036
4.13356
4.75256
4.5824
4.27741
4.4472
5.0185
4.84277
4.53715
4.71305
0.789725
0.749089
0.96332
0.70706
0.485197
0.24216
0
1.88807
1.74095
1.88145
1.57611
1.43151
1.15254
2.91805
2.64512
2.67654
2.33071
2.30082
1.97137
3.72049
3.34433
3.26891
2.92027
2.9997
2.64784
4.25437
3.81599
3.67314
3.344
3.49
3.15025
4.60861
4.14066
3.97009
3.6572
3.82972
3.51001
4.88734
4.40809
4.23145
3.92448
4.10224
3.79339
5.14897
4.97296
4.66663
4.49046
4.18395
4.36054
4.05409
0.254673
1.29625
2.32097
3.19371
3.81454
4.2206
4.51571
4.7779
0.772352
0.725127
0.244263
1.81788
1.65946
1.19907
2.78548
2.49485
2.09581
3.53631
3.14083
2.84496
4.03806
3.58559
3.3849
4.37598
3.90137
3.75406
4.64801
4.16698
4.0368
4.90778
4.42539
4.29591
0.126859
0.256376
0.126494
0
1.19979
1.31791
1.165
1.04915
2.29172
2.37268
2.19802
2.11679
3.25173
3.27488
3.09763
3.07188
3.94912
3.91655
3.7506
3.78078
4.40195
4.33402
4.17803
4.24485
4.7177
4.63424
4.48174
4.56487
4.98584
4.89819
4.74549
4.83309
0.654662
0.782079
0.642253
0.517679
0.624057
0.736875
0.605334
0.491948
0.124798
0.246803
0.123061
0
1.75113
1.85395
1.68847
1.58685
1.61925
1.70064
1.54612
1.46421
1.12411
1.22391
1.08155
0.981117
2.79913
2.85265
2.67405
2.61884
2.54134
2.57141
2.39927
2.36883
2.09719
2.15491
1.98967
1.93152
3.63577
3.62919
3.45692
3.46071
3.27023
3.24429
3.07192
3.09777
2.9356
2.9367
2.76242
2.76106
4.1999
4.14679
3.98659
4.03797
3.76718
3.702
3.53889
3.6043
3.54483
3.49642
3.32834
3.37685
4.57022
4.49254
4.339
4.41605
4.10472
4.02158
3.86598
3.94946
3.94949
3.87307
3.71434
3.79107
4.85413
4.7677
4.61531
4.7016
4.3757
4.2877
4.13467
4.22294
4.24404
4.15743
4.00365
4.09058
5.11633
5.02836
4.87526
4.96323
4.63418
4.54603
4.39293
4.4812
4.50489
4.4166
4.26367
4.35216
0.387813
0.38348
0.506197
0.374284
0.252242
0
1.47556
1.4274
1.52799
1.37292
1.27305
1.01701
2.55104
2.44151
2.49787
2.32458
2.26745
2.0274
3.45273
3.28565
3.28405
3.11062
3.11055
2.92108
4.08154
3.87505
3.82507
3.66183
3.71078
3.58339
4.48943
4.26149
4.18487
4.02973
4.10612
4.02101
4.78683
4.54923
4.46296
4.31043
4.3968
4.32902
5.05111
4.81032
4.7223
4.56945
4.65757
4.59293
0.925698
0.902904
0.874165
0.761143
0.844482
0.94678
0.820232
0.714922
0.592718
0.479995
0.364825
0.36038
0.242379
0.122381
0
2.0241
1.94615
1.86135
1.78014
1.77128
1.83019
1.67784
1.61786
1.47256
1.39909
1.31577
1.26068
1.17507
1.04302
3.0334
2.89337
2.74552
2.71638
2.58728
2.58808
2.41407
2.41486
2.24458
2.23005
2.19957
2.06482
2.03472
1.87559
3.80097
3.61164
3.4147
3.44149
3.20643
3.15696
2.98151
3.0331
2.85626
2.89728
2.92402
2.72007
2.74899
2.57267
4.30607
4.08698
3.86251
3.9279
3.63028
3.55283
3.38773
3.46638
3.29849
3.37244
3.43872
3.20174
3.26971
3.09641
4.64587
4.412
4.17578
4.25874
3.93604
3.84866
3.69199
3.77993
3.62169
3.70842
3.79247
3.54822
3.6331
3.47059
4.9203
4.68058
4.44039
4.52817
4.19923
4.1105
3.95691
4.0459
3.89194
3.98102
4.06964
3.82645
3.91546
3.76
5.18158
5.09352
4.94035
4.8524
4.69917
4.78721
4.61116
4.4579
4.36972
4.21646
4.3047
4.15142
4.23978
4.3282
4.0865
4.17507
4.0217
0.127107
1.18341
2.2458
3.17552
3.85058
4.29044
4.59986
4.86566
0.649501
0.614457
0.123884
1.72078
1.583
1.10275
2.73747
2.47163
2.04426
3.54714
3.17281
2.85066
4.09385
3.65433
3.43817
4.45489
3.98598
3.83286
4.73476
4.25539
4.12422
4.99578
4.51359
4.38437
0.38664
0.379108
0.125725
1.45248
1.40075
1.14507
2.49718
2.384
2.14847
3.37
3.19932
3.01777
3.97896
3.76946
3.64881
4.37582
4.1462
4.06446
4.66812
4.43004
4.36317
4.9307
4.68992
4.62525
0.91533
0.888989
0.633535
0.859123
0.831259
0.597815
0.369407
0.361497
0.122379
1.98608
1.90452
1.65453
1.81688
1.7249
1.50919
1.34444
1.28766
1.06141
2.96424
2.82055
2.60873
2.66791
2.50294
2.32381
2.26316
2.13359
1.9335
3.70706
3.51432
3.36476
3.31225
3.09645
2.9667
3.01905
2.82468
2.67007
4.19705
3.97556
3.87781
3.74752
3.51045
3.42042
3.55173
3.32224
3.21464
4.52914
4.29426
4.22233
4.05641
3.81459
3.74458
3.91188
3.6713
3.59365
4.80045
4.56058
4.49565
4.31995
4.07821
4.01352
4.19032
3.94835
3.88225
5.06095
4.81976
4.75473
4.57856
4.3372
4.27221
4.44888
4.2074
4.14277
0
0.0269223
0.290995
0.895162
1.76885
2.75248
3.74561
4.72345
5.69108
1
1.01951
1.21139
1.64833
2.31136
3.13031
4.0385
4.98891
5.95279
-0.00407586
0.50008
0.998286
0.5
0.119362
0.720089
1.08702
0.550831
1.24595
1.39848
1.30842
2.02632
1.95556
2.25543
2.93603
2.70597
3.25062
3.89033
3.57664
4.23636
4.85581
4.51064
5.20795
5.82188
5.47029
0.480766
0.574621
0.944613
1.61218
2.47185
3.41052
4.37263
5.33903
-0.00295889
0.234728
0.485579
0.25
0.0642189
0.34149
0.52933
0.258718
0.409804
0.741837
0.822352
0.499693
1.09448
1.45505
1.42196
1.06488
2.01
2.35969
2.24607
1.89292
3.00178
3.32813
3.17236
2.84106
3.9915
4.30337
4.13129
3.81623
4.96595
5.27318
5.09745
4.78899
0.00501593
0.48472
0.752791
1.00392
0.735276
1.00037
0.75
0.194446
0.637761
0.955403
1.1416
0.821576
1.04673
0.713178
1.08624
1.43955
1.51579
1.16181
1.29695
1.53414
1.81436
2.16674
2.128
1.77915
1.79527
2.50337
2.70223
3.03384
2.91494
2.58863
2.50441
3.49863
3.64997
3.96535
3.80598
3.49456
3.35116
4.4803
4.61418
4.92284
4.74922
4.44235
4.27357
5.4496
5.7563
5.58052
5.88752
5.71148
5.40495
5.22936
0.238598
0.291584
0.610176
1.25273
2.12372
3.08425
4.05998
5.03125
0.240586
0.738654
0.73996
0.410385
0.879704
0.779805
0.893899
1.29219
1.04939
1.66927
1.96785
1.60244
2.59922
2.80887
2.37416
3.57222
3.72897
3.26265
4.54638
4.68229
4.20326
5.51482
5.64625
5.16377
-0.000900628
0.11738
0.24351
0.125
0.0434216
0.176715
0.273156
0.141711
0.347467
0.508645
0.55226
0.394023
0.992716
1.17222
1.15684
0.978638
1.88873
2.06561
2.00756
1.82958
2.87715
3.04211
2.96254
2.79576
3.86869
4.02526
3.93815
3.78033
4.84477
4.99844
4.91016
4.756
-0.000994267
0.121789
0.236281
0.114477
0.481476
0.610383
0.735769
0.606933
0.491522
0.611816
0.744462
0.625
0.154194
0.301126
0.373454
0.229181
0.60388
0.756652
0.848536
0.696141
0.512837
0.652789
0.76458
0.624881
0.629299
0.802162
0.815386
0.64497
1.01309
1.18732
1.22484
1.05117
0.76873
0.933748
1.00013
0.835609
1.41993
1.60037
1.56083
1.38037
1.71192
1.89014
1.87213
1.69445
1.33206
1.51074
1.51918
1.34106
2.37917
2.5502
2.4791
2.30638
2.58655
2.75532
2.6981
2.52987
2.13534
2.30958
2.26949
2.09579
3.37475
3.53473
3.45017
3.28857
3.53011
3.6895
3.61149
3.45254
3.05393
3.21746
3.14782
2.98481
4.35844
4.51304
4.42492
4.26948
4.49338
4.64829
4.56223
4.40755
4.01075
4.16733
4.08414
3.92789
5.32881
5.48213
5.39403
5.24045
5.45979
5.61342
5.52558
5.37202
4.97663
5.13065
5.04327
4.88937
-0.00462928
0.235627
0.35676
0.482211
0.361214
0.375
0.0893302
0.31427
0.456536
0.549861
0.409037
0.378108
0.477442
0.67338
0.841627
0.881029
0.71464
0.60827
1.19972
1.35223
1.53234
1.51545
1.33597
1.15394
2.13228
2.24116
2.41497
2.3583
2.18397
1.95859
3.12629
3.20614
3.3689
3.29125
3.12781
2.88795
4.11406
4.18172
4.33783
4.25192
4.09541
3.853
5.08701
5.15225
5.30605
5.21825
5.06428
4.8223
0.0141627
0.247962
0.490813
0.361511
0.744248
0.884182
1.01038
0.869741
0.999984
0.865735
0.736811
0.998532
0.869751
1.00155
0.875
0.239846
0.452414
0.676484
0.522486
0.915333
1.08031
1.17463
1.0077
1.11253
0.951599
0.798759
1.06521
0.910907
1.0316
0.80173
0.977134
1.16395
0.988523
1.36386
1.54176
1.58028
1.4014
1.45527
1.27724
1.10335
1.34581
1.1701
1.25226
1.65049
1.78007
1.91926
1.74066
2.06614
2.23869
2.21842
2.04717
2.04038
1.86614
1.6892
1.87388
1.69716
1.72013
2.62784
2.71992
2.81876
2.65003
2.92083
3.08252
3.0219
2.86226
2.80961
2.64749
2.4806
2.60421
2.43924
2.40677
3.62226
3.69425
3.77006
3.61075
3.84694
4.00234
3.92189
3.76793
3.69087
3.53608
3.37826
3.46337
3.30739
3.24011
4.60197
4.66773
4.73499
4.58014
4.80251
4.95607
4.86896
4.71601
4.62977
4.4768
4.32268
4.39189
4.23878
4.15575
5.57036
5.72362
5.63556
5.78905
5.70122
5.54763
5.85473
5.76691
5.92025
5.83212
5.67895
5.59087
5.43773
5.28434
5.34978
5.19672
5.10906
0.121098
0.15715
0.448549
1.07341
1.94687
2.91889
3.90288
4.87728
0.116713
0.607432
0.617375
0.262572
0.724181
0.637038
0.720992
1.11699
0.882288
1.48903
1.79094
1.42404
2.428
2.64203
2.20178
3.41171
3.57082
3.10079
4.39134
4.52786
4.0475
5.36133
5.49272
5.00999
0.114852
0.357987
0.366933
0.200597
0.430596
0.39164
0.574076
0.775594
0.658873
1.27461
1.43252
1.24303
2.18551
2.29888
2.07047
3.16536
3.24823
3.00769
4.14746
4.21662
3.97419
5.11949
5.18519
4.94331
0.130008
0.368171
0.357815
0.6161
0.875552
0.866577
0.608485
0.866964
0.872718
0.344843
0.562846
0.487114
0.79379
1.04193
0.977683
0.672436
0.929438
0.895918
0.88807
1.06904
0.912669
1.26211
1.46967
1.33728
0.990098
1.22156
1.12308
1.71396
1.84857
1.63516
1.99185
2.14173
1.95527
1.60099
1.78008
1.61771
2.67283
2.7687
2.53207
2.86962
2.97176
2.75413
2.419
2.54249
2.33793
3.65761
3.73184
3.48976
3.80854
3.88485
3.65165
3.33473
3.4213
3.19443
4.63459
4.70124
4.459
4.7688
4.83595
4.59628
4.28736
4.35762
4.12033
5.60288
5.66835
5.42687
5.73409
5.79961
5.55832
5.25133
5.31719
5.07634
