FiniteElementSpace
FiniteElementCollection: L2_2D_P3
VDim: 1
Ordering: 0

0.0244227
0.0110612
0.0156035
0.0227873
0.00768396
0.00535676
0.0102711
0.016569
0.00180459
0.00215281
0.00516519
0.00880907
0.00163402
0.00158708
0.00269568
0.00394698
0.0140164
0.013664
0.0130982
0.0125905
0.00934785
0.00915119
0.0088036
0.00847218
0.00503767
0.00496886
0.00480845
0.00463442
0.00285831
0.00284796
0.00277255
0.00267053
0.00764302
0.00729296
0.00680831
0.00641914
0.00533047
0.0051043
0.00478334
0.00452029
0.00310297
0.00299027
0.00282238
0.00267969
0.00192169
0.00186619
0.00177648
0.00169632
0.00279347
0.00257007
0.00228664
0.00207643
0.0020572
0.00189911
0.00169858
0.00154995
0.00132873
0.00123511
0.00111731
0.00103084
0.000934443
0.000875883
0.000803764
0.000752127
0.000462265
0.000392611
0.000310631
0.000254557
0.000374002
0.000319996
0.000257053
0.000214467
0.000294818
0.000256724
0.000213369
0.000184827
0.000261049
0.000231673
0.00019925
0.000178689
9.95598e-07
2.57757e-07
1.32499e-06
3.66616e-06
5.31473e-06
3.37982e-06
2.69206e-06
3.5107e-06
1.62493e-05
1.26482e-05
9.69465e-06
8.66468e-06
2.80397e-05
2.29768e-05
1.82011e-05
1.58046e-05
3.89439e-05
3.87899e-05
3.86491e-05
3.85897e-05
2.55015e-05
2.55281e-05
2.56227e-05
2.57468e-05
1.32488e-05
1.33169e-05
1.35061e-05
1.37336e-05
7.21952e-06
7.19384e-06
7.33891e-06
7.58737e-06
1.17243e-05
9.598e-06
7.16098e-06
5.55049e-06
8.69189e-06
7.20667e-06
5.53713e-06
4.46173e-06
6.19769e-06
5.3285e-06
4.40169e-06
3.84864e-06
5.29736e-06
4.75238e-06
4.21867e-06
3.94415e-06
0.0166046
0.0164997
0.016207
0.0158662
0.0112357
0.0111133
0.0108155
0.0104859
0.00616006
0.00605946
0.00582026
0.00555895
0.00351419
0.00345988
0.00329061
0.0030877
0.000691558
0.000649345
0.000612659
0.000598911
0.00159854
0.00150368
0.00142508
0.00139756
0.0034466
0.00327006
0.00310957
0.00303771
0.00527677
0.00503401
0.00480024
0.00468302
0.000779395
0.000317006
0.000236697
0.000417085
0.000707985
0.000420769
0.000769402
0.00136391
0.000791722
0.000807395
0.00199995
0.00337924
0.00115239
0.00139209
0.00337785
0.00548246
0.0107346
0.0103685
0.00982823
0.00937169
0.00731948
0.00709627
0.00675002
0.00644632
0.00409421
0.00399597
0.00382442
0.00366235
0.00242016
0.00238221
0.0022956
0.00220339
0.000445249
0.00042644
0.000413895
0.000413323
0.000925914
0.000873622
0.000830054
0.000814718
0.00199798
0.00189
0.00178709
0.00173606
0.0031242
0.00296597
0.00280552
0.00271656
0.000532535
0.000508334
0.000490249
0.000486565
0.00121294
0.00114841
0.00109692
0.00108147
0.00264744
0.00252211
0.00241039
0.00236298
0.00411246
0.00393627
0.00376893
0.00368725
0.0049336
0.00463439
0.00423979
0.00393619
0.00352878
0.00332601
0.00305609
0.00284671
0.00215251
0.00204172
0.00189248
0.00177566
0.00141069
0.00134819
0.00126328
0.00119663
0.000344764
0.000332293
0.00032564
0.000327758
0.00050224
0.000472547
0.000447152
0.000437473
0.000933844
0.000869071
0.000802589
0.000764793
0.00142516
0.00132493
0.00121561
0.00114754
0.00038616
0.000371535
0.000363195
0.000364905
0.000687419
0.000647249
0.000613013
0.000600075
0.00141398
0.00132717
0.00124043
0.00119332
0.00220324
0.00207193
0.00193256
0.00184924
0.00131485
0.0011742
0.00100183
0.000878423
0.00100448
0.000900664
0.000774207
0.000684286
0.000700229
0.00063366
0.000554102
0.000498725
0.000540421
0.000494551
0.000441439
0.000405825
0.000253463
0.000240263
0.000229886
0.000226892
0.000259062
0.000242008
0.000227029
0.000220815
0.000331247
0.000302329
0.000272905
0.000256401
0.000434322
0.000391373
0.000344779
0.00031598
0.000305333
0.000292946
0.000285149
0.000285367
0.000364375
0.000342373
0.000323539
0.000316334
0.000575173
0.000530413
0.000484216
0.000457726
0.00083348
0.000764112
0.000687824
0.000639778
8.99747e-05
6.7459e-05
4.31758e-05
2.83912e-05
8.42858e-05
6.51795e-05
4.46974e-05
3.22878e-05
8.80085e-05
7.20712e-05
5.52047e-05
4.51096e-05
9.90811e-05
8.44532e-05
6.91621e-05
6.01254e-05
0.000112542
0.000101718
9.08948e-05
8.48445e-05
9.98808e-05
8.99349e-05
8.01716e-05
7.48871e-05
8.72032e-05
7.72728e-05
6.76511e-05
6.2595e-05
8.045e-05
6.969e-05
5.92667e-05
5.38325e-05
0.00018569
0.00017263
0.000160679
0.000155101
0.000172405
0.000158889
0.000146363
0.000140377
0.000177837
0.000160208
0.00014273
0.000133288
0.000199008
0.00017563
0.00015126
0.000137021
1.92096e-05
2.23535e-05
2.6903e-05
3.07283e-05
1.20566e-05
1.39874e-05
1.69412e-05
1.95232e-05
8.12349e-06
8.48428e-06
9.45019e-06
1.0537e-05
8.42561e-06
7.56029e-06
7.06283e-06
7.11362e-06
1.43501e-05
1.14492e-05
8.41201e-06
6.57799e-06
1.45799e-05
1.21478e-05
9.65419e-06
8.18952e-06
1.59416e-05
1.43277e-05
1.28327e-05
1.20869e-05
1.80477e-05
1.72143e-05
1.67105e-05
1.67082e-05
5.13276e-05
4.44183e-05
3.71769e-05
3.27972e-05
4.57143e-05
3.9733e-05
3.36112e-05
3.00309e-05
3.80135e-05
3.32597e-05
2.87187e-05
2.63499e-05
3.19938e-05
2.82005e-05
2.49846e-05
2.36989e-05
3.10503e-05
2.83596e-05
2.50653e-05
2.27085e-05
2.12652e-05
1.9516e-05
1.74041e-05
1.59238e-05
1.21017e-05
1.12731e-05
1.03319e-05
9.73021e-06
7.45443e-06
7.13556e-06
6.85998e-06
6.76923e-06
2.77528e-06
3.11382e-06
3.68062e-06
4.22709e-06
4.60957e-06
4.76644e-06
5.0947e-06
5.45752e-06
8.90215e-06
8.66868e-06
8.4932e-06
8.47426e-06
1.37759e-05
1.31095e-05
1.23826e-05
1.19508e-05
1.62446e-06
1.29545e-06
1.12099e-06
1.17848e-06
4.0617e-06
3.75049e-06
3.56511e-06
3.58978e-06
9.58746e-06
9.29997e-06
9.10015e-06
9.08088e-06
1.58495e-05
1.55646e-05
1.534e-05
1.52805e-05
1.11466e-06
6.9407e-07
3.02256e-07
1.15178e-07
1.20211e-06
8.00075e-07
4.1543e-07
2.17699e-07
1.57242e-06
1.1503e-06
7.3594e-07
5.09205e-07
2.05291e-06
1.57313e-06
1.09689e-06
8.30743e-07
3.29804e-06
2.67071e-06
2.02389e-06
1.63921e-06
3.16459e-06
2.53245e-06
1.88195e-06
1.49712e-06
3.07798e-06
2.40817e-06
1.72038e-06
1.31704e-06
3.08155e-06
2.35944e-06
1.61941e-06
1.18905e-06
5.37816e-06
5.18427e-06
5.06491e-06
5.07432e-06
5.85805e-06
5.53878e-06
5.26856e-06
5.17208e-06
7.23029e-06
6.6239e-06
6.00891e-06
5.67095e-06
8.88489e-06
7.95637e-06
6.95566e-06
6.34843e-06
0.017168
0.0170846
0.0168293
0.0164715
0.0124909
0.0122134
0.011704
0.0112071
0.00719675
0.00698826
0.00661418
0.00625961
0.00398151
0.00393865
0.00382503
0.00369614
0.00282856
0.002751
0.00266961
0.00259691
0.00102924
0.00104954
0.00104439
0.00101312
0.000147786
0.000174146
0.000187356
0.000178159
0.000284742
0.000338859
0.00037428
0.000371084
0.00148357
0.00108886
0.00166797
0.0025088
0.00103933
0.000596707
0.000657618
0.000947446
0.000911562
0.000348324
7.8647e-05
6.35193e-05
0.000829792
0.000297825
0.000110381
0.000152697
0.0123613
0.0119988
0.0114427
0.010959
0.00833666
0.00812418
0.00777481
0.00745606
0.00457687
0.0044918
0.00432438
0.0041557
0.00264955
0.00262429
0.00254254
0.00244542
0.00186915
0.00186294
0.001815
0.00174994
0.00080985
0.00082157
0.00081486
0.000793742
0.000226411
0.000236068
0.000244615
0.000248153
0.000305833
0.000299152
0.000295608
0.000297009
0.00197971
0.00198658
0.00194481
0.00187625
0.000810399
0.000829356
0.000825937
0.000802635
0.000193343
0.000204862
0.000213636
0.00021562
0.000314878
0.000307474
0.000302136
0.000301489
0.00622735
0.00589871
0.00545531
0.00510714
0.00439653
0.0041789
0.00388052
0.00364296
0.00261713
0.00250332
0.00234294
0.00221248
0.0016649
0.00160453
0.00151621
0.00144264
0.00126966
0.00122986
0.0011707
0.00112095
0.000693669
0.000680353
0.000660445
0.000643803
0.000324801
0.000323818
0.000325903
0.000330209
0.00030544
0.000299437
0.000299061
0.000304525
0.00143486
0.00140071
0.00134242
0.00128868
0.000739231
0.000731264
0.00071432
0.000697014
0.000308518
0.000310622
0.000315145
0.000320137
0.000303016
0.000297503
0.000297353
0.000302724
0.00197065
0.00178901
0.00156252
0.00139744
0.00147608
0.00134483
0.00118174
0.00106334
0.000987131
0.000906295
0.000807295
0.000736577
0.000724554
0.000671507
0.000608347
0.000564685
0.000611176
0.00056979
0.000521699
0.000489409
0.000426685
0.000402663
0.000377043
0.000361732
0.0002968
0.000284428
0.000274513
0.000271527
0.000277203
0.000266002
0.000258509
0.000258003
0.00076625
0.000722139
0.00066901
0.000631935
0.000502091
0.000478788
0.000453204
0.000437369
0.000318866
0.000308724
0.000301572
0.000300669
0.000293501
0.000283766
0.000278581
0.000280209
0.000228066
0.000185313
0.000136541
0.000104447
0.000194152
0.000159833
0.000121079
9.5862e-05
0.000169965
0.000144083
0.000115505
9.73863e-05
0.000166493
0.000144999
0.000121857
0.00010763
0.000163968
0.000144533
0.000123854
0.000111324
0.000152174
0.000136543
0.000120411
0.000111033
0.00014713
0.000134277
0.000121565
0.000114635
0.000151046
0.000138676
0.000126676
0.000120338
0.000245121
0.00021965
0.000192034
0.000174913
0.000210542
0.000191668
0.000172137
0.000160797
0.000188322
0.000174306
0.000160882
0.000154023
0.000188388
0.000175317
0.000163267
0.000157548
5.25822e-06
8.02492e-06
1.26907e-05
1.70609e-05
4.26681e-06
5.4682e-06
8.01705e-06
1.06875e-05
8.10369e-06
7.29615e-06
7.23774e-06
7.89061e-06
1.4201e-05
1.18103e-05
9.81594e-06
9.05721e-06
1.69457e-05
1.39389e-05
1.11382e-05
9.75093e-06
2.05536e-05
1.68264e-05
1.30621e-05
1.09087e-05
2.54588e-05
2.09911e-05
1.62931e-05
1.34365e-05
2.91397e-05
2.42581e-05
1.90818e-05
1.58973e-05
3.30791e-05
2.74823e-05
2.19745e-05
1.89781e-05
3.89908e-05
3.29254e-05
2.6722e-05
2.31156e-05
4.63087e-05
3.96792e-05
3.2736e-05
2.85446e-05
5.14319e-05
4.43998e-05
3.69961e-05
3.24913e-05
3.7987e-05
3.61888e-05
3.39544e-05
3.23303e-05
2.54339e-05
2.43395e-05
2.30018e-05
2.20541e-05
1.36571e-05
1.32048e-05
1.27096e-05
1.24151e-05
7.61073e-06
7.47589e-06
7.43157e-06
7.50958e-06
5.23131e-06
5.23616e-06
5.37491e-06
5.59486e-06
2.07214e-06
2.22769e-06
2.56663e-06
2.94383e-06
3.09805e-07
5.56042e-07
1.02653e-06
1.51454e-06
6.0898e-07
8.58815e-07
1.34672e-06
1.85713e-06
4.861e-06
4.80685e-06
4.92542e-06
5.16156e-06
1.85938e-06
1.73046e-06
1.76673e-06
1.95122e-06
3.60612e-07
1.22266e-07
4.56971e-08
1.64594e-07
8.60736e-07
5.4454e-07
3.91438e-07
4.68713e-07
4.76241e-06
3.53689e-06
2.22472e-06
1.4345e-06
3.92327e-06
3.00146e-06
2.02992e-06
1.45497e-06
3.51691e-06
2.86096e-06
2.19117e-06
1.81016e-06
3.7019e-06
3.1539e-06
2.60773e-06
2.30783e-06
3.85692e-06
3.34545e-06
2.83233e-06
2.54581e-06
3.86886e-06
3.42479e-06
2.98854e-06
2.75189e-06
4.22532e-06
3.79378e-06
3.37149e-06
3.14321e-06
4.75493e-06
4.27646e-06
3.79957e-06
3.53428e-06
5.03595e-06
4.62109e-06
4.23855e-06
4.06549e-06
4.46807e-06
4.22592e-06
4.05006e-06
4.02108e-06
4.50133e-06
4.35843e-06
4.30125e-06
4.35501e-06
5.09375e-06
4.93662e-06
4.86165e-06
4.90246e-06
0.0156331
0.015314
0.0147622
0.0142431
0.0103527
0.010173
0.00982466
0.00947579
0.00550682
0.0054457
0.00527865
0.00508722
0.00307372
0.00307167
0.00299108
0.00287311
0.00209466
0.00210856
0.00206297
0.00198165
0.000818584
0.000839805
0.000832195
0.000800461
0.000165412
0.000177212
0.000183762
0.000182208
0.000329255
0.000321289
0.000314177
0.000311307
0.00242688
0.0023853
0.00225347
0.00209681
0.000950266
0.000939661
0.000884061
0.000811934
0.00017969
0.000180663
0.000172256
0.000158894
0.000374314
0.000357192
0.000340239
0.000330552
0.000590782
0.000562991
0.000541115
0.00053544
0.00137395
0.00130269
0.00124711
0.00123192
0.00298804
0.00285426
0.00273891
0.00269418
0.00461013
0.00442759
0.00426013
0.00418465
0.00557498
0.00536307
0.00516683
0.00507642
0.00759809
0.00732433
0.00706774
0.00694612
0.0106412
0.0102853
0.00994531
0.00977778
0.0132547
0.0128332
0.0124269
0.0122231
0.00630369
0.00603939
0.00578652
0.00566016
0.00835323
0.00807535
0.00782283
0.00771032
0.0113425
0.0110782
0.0108633
0.0107951
0.0138294
0.0136037
0.0134521
0.0134422
0.000516963
0.000570167
0.000644398
0.000695278
0.00139942
0.00145409
0.00155787
0.00166022
0.00335065
0.00337778
0.00347813
0.00359083
0.0054679
0.00542045
0.00544637
0.0054858
0.00678123
0.00664784
0.00653514
0.00650205
0.00932716
0.00897407
0.00862231
0.00843313
0.0126931
0.0121339
0.0115676
0.011252
0.0152437
0.0145363
0.0139185
0.0136197
0.0014382
0.0019202
0.00438469
0.00701498
0.0022646
0.0030648
0.00683965
0.0109266
0.00672056
0.0061024
0.0108377
0.0159443
0.0148559
0.0101264
0.0145343
0.0193407
0.00915442
0.00879191
0.00827491
0.0078495
0.00631135
0.00608336
0.00574639
0.00546119
0.00359904
0.00349157
0.00331992
0.00316661
0.00217535
0.00212736
0.00203819
0.00195176
0.00159236
0.0015657
0.00150948
0.00145172
0.000774159
0.000772189
0.000758401
0.000740042
0.000285595
0.000290524
0.000296906
0.00030193
0.000301001
0.000295517
0.000294849
0.000299436
0.00173865
0.00172123
0.00166832
0.00160667
0.000798004
0.000802583
0.000792151
0.000772454
0.000257749
0.000265189
0.000272878
0.000277372
0.000301399
0.000295498
0.000293651
0.000296869
0.000412677
0.000396183
0.000385994
0.000386736
0.000800063
0.000753955
0.000714999
0.000700658
0.00169497
0.00159729
0.00150174
0.00145183
0.00264983
0.00250428
0.00235294
0.00226537
0.00323415
0.00305971
0.00287509
0.00276528
0.00447445
0.00423986
0.00398597
0.00382968
0.00639496
0.00607436
0.00571906
0.00549307
0.00808194
0.00768956
0.00724906
0.00696412
0.00380888
0.00362046
0.00342611
0.00331523
0.00525614
0.00500491
0.00474032
0.00458407
0.00747843
0.00713843
0.00677168
0.00654733
0.00941801
0.00900435
0.00855217
0.00827042
0.000485009
0.000463548
0.000448294
0.000446193
0.00106406
0.00100554
0.000957698
0.000941934
0.00231751
0.00220023
0.00209186
0.00204166
0.0036157
0.00344711
0.00328122
0.0031942
0.00439989
0.00420048
0.00400111
0.00389342
0.00605167
0.00578813
0.00551952
0.00536932
0.00857022
0.00821706
0.00784839
0.00763411
0.0107566
0.0103295
0.00987743
0.00960929
0.00499123
0.00478463
0.00458563
0.00448565
0.00683682
0.00656692
0.00630262
0.00616535
0.00963336
0.00927641
0.00891869
0.00872496
0.0120496
0.0116213
0.0111864
0.0109455
0.00378376
0.00352036
0.00317994
0.00292293
0.00274442
0.00256195
0.00232518
0.00214581
0.00171981
0.00161593
0.00148109
0.00137907
0.00116513
0.00110329
0.00102381
0.000964482
0.000930934
0.00088609
0.000829399
0.000787857
0.000573486
0.000552287
0.000527801
0.000511701
0.000330952
0.000323618
0.000319604
0.000320784
0.000302723
0.000294484
0.000291443
0.00029493
0.0011003
0.0010569
0.000998217
0.000952485
0.000638025
0.00062022
0.000597711
0.000581413
0.000332725
0.000328528
0.000327694
0.000330684
0.000306076
0.000299136
0.000297768
0.000302587
0.000325855
0.000313641
0.000306725
0.000308155
0.000428199
0.000402735
0.000380979
0.000372714
0.000739193
0.00068485
0.000628768
0.000596609
0.00110471
0.00102023
0.000927466
0.000869171
0.00133363
0.00123033
0.0011146
0.00103985
0.00182954
0.00168643
0.00152143
0.00141083
0.00264136
0.00243791
0.0021977
0.00203203
0.00338406
0.00312836
0.00282281
0.00260918
0.00173147
0.00160933
0.00147351
0.00138665
0.00239151
0.00222328
0.00203109
0.00190371
0.00345207
0.00321512
0.00293801
0.00274901
0.00440968
0.00411391
0.00376379
0.00352162
0.000364154
0.000350885
0.000343756
0.00034596
0.000588269
0.000553629
0.000523999
0.000512692
0.00115927
0.00108355
0.00100667
0.000963729
0.00179283
0.00167679
0.00155166
0.00147503
0.00218553
0.00204482
0.00189022
0.00179298
0.00302729
0.00283491
0.00261811
0.00247691
0.00435991
0.00409165
0.0037822
0.00357464
0.00555023
0.00521767
0.00482927
0.00456492
0.00268938
0.00253103
0.0023599
0.0022548
0.00372613
0.0035114
0.00327372
0.00312264
0.00534767
0.00505126
0.00471541
0.00449525
0.00678296
0.00641793
0.00599906
0.00572018
0.000817364
0.000714669
0.000591101
0.000504397
0.000639838
0.000562288
0.000469744
0.000405399
0.000469971
0.000418013
0.000357371
0.000316254
0.000385448
0.000347717
0.000305087
0.000277288
0.000347513
0.000315987
0.000281134
0.000259021
0.000277538
0.000255959
0.000233522
0.000220467
0.000228997
0.000214624
0.000201423
0.000195283
0.000223376
0.000210319
0.000199104
0.000194668
0.00047034
0.000433316
0.000391462
0.000364214
0.000350657
0.000327267
0.000302727
0.00028833
0.000266101
0.000252279
0.000240277
0.000235473
0.000253565
0.000241182
0.000231569
0.000228946
0.000221194
0.000207842
0.000196408
0.000191923
0.000213949
0.000198735
0.000185038
0.000178953
0.000245039
0.000222292
0.000199432
0.000186843
0.00029894
0.000266687
0.000232263
0.000211463
0.000330987
0.000292592
0.000250675
0.000224543
0.000401352
0.000349765
0.000291268
0.000252948
0.000544202
0.000470505
0.000384401
0.000325924
0.000691852
0.000597732
0.000486206
0.000409226
0.00049802
0.000446043
0.000388355
0.000351579
0.000637829
0.000566471
0.000484407
0.000429655
0.000894019
0.000791283
0.000669843
0.000586135
0.00114528
0.00101415
0.000857113
0.000747261
0.000281514
0.000268717
0.000259662
0.000258323
0.000308672
0.000289423
0.000272804
0.000266263
0.000440128
0.000403878
0.000366649
0.000345467
0.000610958
0.000555561
0.000494872
0.000456853
0.000717887
0.000650278
0.000574557
0.000525691
0.00095179
0.000858059
0.000749561
0.000676543
0.00135788
0.00122294
0.00106269
0.000951518
0.00174383
0.00157223
0.00136588
0.00122074
0.000995599
0.000910699
0.000815337
0.00075355
0.00134861
0.00123065
0.00109404
0.00100199
0.00194078
0.0017718
0.00157123
0.00143211
0.00249149
0.00227776
0.00202098
0.00184044
2.2336e-05
1.35683e-05
5.51909e-06
1.89306e-06
2.70002e-05
1.85528e-05
1.05399e-05
6.61216e-06
3.99314e-05
3.13996e-05
2.30082e-05
1.85329e-05
5.46104e-05
4.54974e-05
3.63441e-05
3.12405e-05
6.06429e-05
5.14082e-05
4.20097e-05
3.66379e-05
6.63928e-05
5.74499e-05
4.82577e-05
4.28962e-05
7.41589e-05
6.52498e-05
5.60389e-05
5.05985e-05
8.01944e-05
7.10353e-05
6.15609e-05
5.59558e-05
0.000103216
8.931e-05
7.48079e-05
6.62429e-05
0.000103963
9.17504e-05
7.91684e-05
7.18383e-05
0.000108294
9.72241e-05
8.5997e-05
7.95842e-05
0.000114104
0.000103092
9.20009e-05
8.57291e-05
7.94302e-05
7.04381e-05
6.11907e-05
5.57663e-05
7.01056e-05
6.21241e-05
5.41008e-05
4.95575e-05
5.84416e-05
5.13702e-05
4.45718e-05
4.10173e-05
4.99946e-05
4.33215e-05
3.72051e-05
3.43158e-05
4.27126e-05
3.64572e-05
3.09927e-05
2.8699e-05
2.6041e-05
2.09411e-05
1.6979e-05
1.58764e-05
1.1605e-05
7.26489e-06
4.58199e-06
4.73515e-06
6.55835e-06
2.38945e-06
3.36276e-07
1.32436e-06
7.37533e-05
6.25868e-05
5.182e-05
4.62829e-05
5.82878e-05
4.6462e-05
3.49472e-05
2.89735e-05
5.0056e-05
3.58787e-05
2.17964e-05
1.43036e-05
5.30462e-05
3.61127e-05
1.90469e-05
9.78761e-06
0.000148726
0.00013651
0.000124751
0.000118633
0.000134241
0.00012245
0.000111192
0.000105437
0.000126206
0.000112798
9.96711e-05
9.26965e-05
0.000128238
0.000111975
9.55511e-05
8.63988e-05
0.000126899
0.000108867
9.04162e-05
7.99448e-05
0.000123343
0.000101651
7.86783e-05
6.49899e-05
0.000139012
0.000110058
7.83431e-05
5.85848e-05
0.000166439
0.000130228
8.98669e-05
6.41681e-05
0.000209919
0.000182848
0.000154051
0.000136736
0.000233578
0.000198633
0.000159985
0.000135493
0.00029765
0.000248775
0.000192925
0.000156062
0.000371715
0.000309601
0.000237502
0.000189025
3.22654e-05
3.40421e-05
3.65033e-05
3.84999e-05
2.06048e-05
2.18537e-05
2.36331e-05
2.51101e-05
1.09308e-05
1.1407e-05
1.22423e-05
1.30372e-05
6.97338e-06
6.79256e-06
6.88585e-06
7.18909e-06
5.50366e-06
5.06441e-06
4.83687e-06
4.90444e-06
3.78834e-06
2.98111e-06
2.29298e-06
2.01976e-06
3.56078e-06
2.37538e-06
1.23705e-06
6.46796e-07
4.69036e-06
3.3059e-06
1.94715e-06
1.21381e-06
8.75723e-06
7.406e-06
6.28795e-06
5.8682e-06
9.4282e-06
7.44629e-06
5.51438e-06
4.47173e-06
1.14855e-05
8.87341e-06
6.16562e-06
4.55498e-06
1.37201e-05
1.07803e-05
7.69768e-06
5.83348e-06
5.44249e-06
4.06729e-06
2.71486e-06
1.98167e-06
7.23026e-06
6.07625e-06
4.96052e-06
4.37202e-06
1.14739e-05
1.07271e-05
1.00785e-05
9.80268e-06
1.64435e-05
1.60884e-05
1.59135e-05
1.59742e-05
1.97235e-05
1.96455e-05
1.98042e-05
2.01013e-05
2.74069e-05
2.80137e-05
2.89312e-05
2.97169e-05
4.28916e-05
4.42887e-05
4.6145e-05
4.75865e-05
5.98751e-05
6.17962e-05
6.43092e-05
6.62354e-05
1.92178e-05
1.89648e-05
1.91949e-05
1.97416e-05
2.20418e-05
2.3196e-05
2.5107e-05
2.68404e-05
3.09857e-05
3.39483e-05
3.81364e-05
4.15682e-05
4.28079e-05
4.7174e-05
5.3195e-05
5.80419e-05
2.9497e-05
2.46924e-05
1.96143e-05
1.65021e-05
2.72094e-05
2.31277e-05
1.8911e-05
1.6404e-05
2.43266e-05
2.13858e-05
1.8602e-05
1.71613e-05
2.24147e-05
2.05012e-05
1.90662e-05
1.86738e-05
2.05407e-05
1.94171e-05
1.90127e-05
1.94172e-05
1.63543e-05
1.71509e-05
1.91092e-05
2.12411e-05
1.58925e-05
1.9135e-05
2.42687e-05
2.88501e-05
2.02082e-05
2.53644e-05
3.30797e-05
3.97232e-05
2.68858e-05
2.38717e-05
2.17158e-05
2.12866e-05
1.52509e-05
1.41705e-05
1.44456e-05
1.58439e-05
5.43676e-06
6.60092e-06
9.91473e-06
1.37679e-05
2.67918e-06
5.47718e-06
1.11463e-05
1.70055e-05
2.12345e-05
1.84993e-05
1.52374e-05
1.29734e-05
1.4978e-05
1.31371e-05
1.09779e-05
9.51319e-06
9.30328e-06
8.34344e-06
7.27926e-06
6.61476e-06
6.62836e-06
6.15908e-06
5.71159e-06
5.50252e-06
5.64357e-06
5.37852e-06
5.18134e-06
5.15243e-06
4.14809e-06
4.13955e-06
4.25938e-06
4.46069e-06
3.55024e-06
3.7162e-06
4.05334e-06
4.41379e-06
4.06637e-06
4.25386e-06
4.61905e-06
5.00116e-06
5.65306e-06
5.55059e-06
5.54826e-06
5.66116e-06
3.14997e-06
3.30866e-06
3.63799e-06
3.99943e-06
1.82812e-06
2.17061e-06
2.73823e-06
3.28176e-06
2.19595e-06
2.57263e-06
3.18895e-06
3.77296e-06
4.49976e-06
4.64646e-06
4.96081e-06
5.3058e-06
5.62464e-06
5.59434e-06
5.68671e-06
5.8685e-06
8.40804e-06
7.98932e-06
7.59851e-06
7.42793e-06
1.16235e-05
1.07738e-05
9.85024e-06
9.29343e-06
1.35265e-05
1.23735e-05
1.10782e-05
1.0254e-05
1.80009e-05
1.61522e-05
1.39883e-05
1.25285e-05
2.62178e-05
2.31745e-05
1.95342e-05
1.70036e-05
3.46034e-05
3.0384e-05
2.53004e-05
2.17309e-05
1.68742e-05
1.58895e-05
1.47599e-05
1.40282e-05
2.41154e-05
2.24061e-05
2.03385e-05
1.88936e-05
3.7082e-05
3.41114e-05
3.04439e-05
2.78044e-05
5.01701e-05
4.59401e-05
4.06929e-05
3.68867e-05
1.30644e-06
1.52766e-06
1.97587e-06
2.45435e-06
3.67168e-06
3.77389e-06
4.05021e-06
4.38505e-06
9.06353e-06
8.91148e-06
8.83638e-06
8.88754e-06
1.51472e-05
1.47068e-05
1.42471e-05
1.39968e-05
1.91564e-05
1.84923e-05
1.77374e-05
1.72577e-05
2.8507e-05
2.73443e-05
2.58989e-05
2.48612e-05
4.52582e-05
4.31554e-05
4.0476e-05
3.84843e-05
6.22392e-05
5.91448e-05
5.51952e-05
5.22432e-05
2.00379e-05
1.97385e-05
1.94757e-05
1.93728e-05
2.98098e-05
2.95056e-05
2.91447e-05
2.89015e-05
4.78046e-05
4.72847e-05
4.6582e-05
4.60313e-05
6.64433e-05
6.55647e-05
6.43807e-05
6.34483e-05
6.9888e-08
3.54373e-08
2.54217e-08
4.15585e-08
1.51582e-07
8.35858e-08
3.26342e-08
2.87203e-08
3.75213e-07
2.22229e-07
1.01468e-07
7.76306e-08
6.43191e-07
3.7398e-07
1.83982e-07
1.54201e-07
7.54495e-07
4.41582e-07
1.84074e-07
1.16725e-07
8.94379e-07
5.16877e-07
1.92733e-07
8.10456e-08
1.10194e-06
6.41144e-07
2.32717e-07
6.67356e-08
1.27621e-06
7.57356e-07
2.88006e-07
8.22164e-08
2.28136e-06
1.7759e-06
1.26742e-06
9.75798e-07
2.4938e-06
1.98149e-06
1.46219e-06
1.16e-06
2.8718e-06
2.31828e-06
1.75195e-06
1.41772e-06
3.23651e-06
2.62589e-06
1.99687e-06
1.62284e-06
1.28795e-06
7.65552e-07
2.92802e-07
8.50412e-08
1.15879e-06
6.8142e-07
2.54402e-07
7.62342e-08
1.00607e-06
5.96153e-07
2.34806e-07
9.81988e-08
9.05146e-07
5.48524e-07
2.40487e-07
1.39002e-07
8.17253e-07
4.94093e-07
2.44908e-07
1.78124e-07
5.73796e-07
3.48821e-07
1.56245e-07
9.42799e-08
3.55002e-07
2.03005e-07
7.49266e-08
3.67526e-08
2.53912e-07
1.36383e-07
5.46908e-08
4.39871e-08
2.96626e-06
2.24021e-06
1.50011e-06
1.07536e-06
2.65681e-06
1.93723e-06
1.2051e-06
7.8861e-07
2.44865e-06
1.69144e-06
9.30309e-07
5.10619e-07
2.43583e-06
1.62273e-06
8.18357e-07
3.91291e-07
4.91031e-06
4.40381e-06
3.89423e-06
3.60676e-06
4.96295e-06
4.39778e-06
3.8205e-06
3.48809e-06
5.35454e-06
4.63911e-06
3.88876e-06
3.44157e-06
5.90851e-06
5.01982e-06
4.07059e-06
3.49217e-06
6.04399e-06
5.06409e-06
4.01914e-06
3.38567e-06
6.37616e-06
5.17894e-06
3.88636e-06
3.09138e-06
7.41068e-06
5.79866e-06
4.03777e-06
2.94241e-06
8.69531e-06
6.65965e-06
4.4261e-06
3.03274e-06
9.71251e-06
8.57299e-06
7.32502e-06
6.54976e-06
1.16872e-05
1.00582e-05
8.22116e-06
7.03266e-06
1.56182e-05
1.31322e-05
1.02694e-05
8.36582e-06
1.97882e-05
1.64537e-05
1.25822e-05
9.98104e-06
