FiniteElementSpace
FiniteElementCollection: H1_2D_P2
VDim: 2
Ordering: 0

0
0.00420456
0.00874331
0.00998656
0.00500009
-0.00658123
-0.0211629
-0.0347717
-0.047443
0
0.00332322
0.00748196
0.013083
0.0170144
0.0155958
0.00851243
-0.00188005
-0.0137172
0.00182678
0.00370802
0.00172865
0
0.00667788
0.00815806
0.00517893
0.00998492
0.0118959
0.0102219
0.00838999
0.0116075
0.0155367
-0.000113866
0.00496347
0.0170896
-0.0138077
-0.00618534
0.0126386
-0.0281959
-0.0182912
0.00357283
-0.0410732
-0.0305589
-0.00766611
0.00152422
0.00589996
0.0102891
0.0124813
0.00906401
-0.000294747
-0.0122605
-0.0243065
0.000866496
0.00167666
0.000540253
0
0.00546565
0.00620236
0.0047939
0.00392765
0.00949343
0.0100629
0.00926048
0.00834965
0.00940541
0.0104871
0.0123471
0.0109244
0.00264224
0.00462026
0.0105453
0.00841373
-0.0101408
-0.00690797
0.00244674
-0.000654298
-0.0247362
-0.0201379
-0.00922018
-0.0135549
-0.0379356
-0.032647
-0.021289
-0.0264679
0.00296084
0.00262202
0.00352415
0.00250078
0.00153641
0.000930533
0
0.00778747
0.00702709
0.00793515
0.00626781
0.00560403
0.00420591
0.0101656
0.0111884
0.0126844
0.0116671
0.010416
0.00881041
0.00692198
0.0122469
0.0145068
0.0164294
0.0142188
0.0143977
-0.00321205
0.00718872
0.0103557
0.016538
0.0132255
0.0172445
-0.0175038
-0.00319297
0.00110891
0.0106993
0.0061713
0.0142847
-0.0315362
-0.0152856
-0.0101315
0.000896188
-0.00441334
0.00612319
-0.044231
-0.0389871
-0.0273841
-0.0221095
-0.0106579
-0.0159815
-0.00473776
0.000615199
0.00506725
0.00928466
0.0108936
0.00672463
-0.00369601
-0.0168733
-0.0295595
0.00279691
0.00253398
0.000567583
0.00730797
0.00673776
0.00453777
0.0106288
0.0116073
0.00917419
0.00966749
0.0145451
0.0135779
0.00214125
0.0119778
0.0140712
-0.0102161
0.00372128
0.0084022
-0.0233346
-0.00725662
-0.0016158
-0.0357795
-0.0189909
-0.0130364
0.000387981
0.000717526
0.000215833
0
0.0048373
0.00524396
0.00449701
0.00405822
0.00914686
0.00934974
0.0088334
0.00850586
0.00974825
0.0101415
0.0109528
0.010437
0.0038744
0.00471365
0.00762269
0.0067293
-0.00834198
-0.00687429
-0.00214903
-0.00357458
-0.0229632
-0.0207693
-0.0152191
-0.0173198
-0.0363608
-0.0337271
-0.0280169
-0.0305965
0.00237247
0.0028878
0.00223518
0.0017669
0.00207252
0.00256675
0.00203769
0.00151037
0.000188492
0.000542971
0.000195593
0
0.00724829
0.00750925
0.00676085
0.00640755
0.00646169
0.00689498
0.00616231
0.0057602
0.00424938
0.00466939
0.00402596
0.00361358
0.0101168
0.0103696
0.0103758
0.0099891
0.0107587
0.0114292
0.0110219
0.0103792
0.00871543
0.00923917
0.0085516
0.00806369
0.00771324
0.00830782
0.0101304
0.00944129
0.0124126
0.0134384
0.0144248
0.0133915
0.0121573
0.0130016
0.0131586
0.0123257
-0.00162356
-0.000494777
0.00342428
0.00228951
0.00817307
0.00961286
0.0126505
0.0111798
0.0111292
0.0123474
0.0143399
0.0130988
-0.0156568
-0.0138181
-0.00855428
-0.0103142
-0.00172829
0.000267697
0.00497002
0.00294778
0.00373742
0.00544069
0.00941703
0.00768268
-0.0298814
-0.0274082
-0.0217448
-0.0241355
-0.0137753
-0.011277
-0.00583027
-0.00834285
-0.00769993
-0.00542239
-0.000242035
-0.0025394
-0.0426479
-0.0399896
-0.0342045
-0.0368415
-0.0258349
-0.0231863
-0.0174758
-0.020144
-0.0197895
-0.017165
-0.0115797
-0.0142159
0.00132752
0.0011271
0.00158728
0.000999865
0.000570196
0
0.00608105
0.00563678
0.00604122
0.005344
0.0049221
0.0038105
0.00977426
0.00969662
0.0101743
0.00978729
0.0092665
0.00824485
0.00895342
0.0107397
0.0115066
0.0124571
0.0116368
0.0114202
0.00131163
0.00572218
0.00687721
0.00985571
0.00866902
0.0100422
-0.0119658
-0.00528539
-0.00357424
0.0010998
-0.000594252
0.00218759
-0.026482
-0.0185136
-0.0161858
-0.0107411
-0.0130303
-0.0098502
-0.0395052
-0.0311009
-0.0284723
-0.0227928
-0.0254174
-0.0223707
0.00357534
0.00336088
0.00316695
0.00270061
0.00302804
0.00343011
0.00290594
0.00251415
0.00210633
0.00161044
0.00103793
0.0013522
0.000685227
0.000397872
0
0.00828736
0.00783928
0.00759387
0.00715725
0.00732952
0.00774881
0.0068592
0.00653513
0.00570747
0.0054153
0.00506297
0.00467883
0.00438688
0.00375483
0.0101234
0.0108137
0.01157
0.0109124
0.0121645
0.012945
0.0123839
0.0116952
0.0109445
0.0103722
0.00979787
0.00950872
0.00903957
0.0081334
0.00601754
0.00909523
0.0119792
0.0109848
0.014574
0.0158163
0.0167649
0.0155477
0.0160193
0.0149406
0.0139341
0.014995
0.0140508
0.0137587
-0.00486697
0.000778879
0.00611633
0.00469965
0.011211
0.012991
0.016115
0.0142857
0.016864
0.0151966
0.0136994
0.0172172
0.0157064
0.0171772
-0.0193419
-0.0118851
-0.00468077
-0.00668098
0.00243211
0.00478537
0.00963341
0.00719164
0.0117023
0.00939588
0.00731774
0.0135008
0.0113461
0.0149845
-0.0331662
-0.0249081
-0.0167902
-0.0192992
-0.00869033
-0.00602368
-0.00048119
-0.00320474
0.00224794
-0.000448438
-0.00300731
0.00486525
0.00222518
0.00733985
-0.0458281
-0.0432002
-0.0373746
-0.0347728
-0.0289598
-0.0315799
-0.0263353
-0.0205335
-0.0178919
-0.0121756
-0.0148092
-0.00915431
-0.0118206
-0.0145026
-0.00619359
-0.0088956
-0.00329976
0.000250954
0.00465156
0.00894988
0.0103373
0.0057749
-0.00520176
-0.0190537
-0.0321669
0.00231888
0.00203891
0.000184753
0.00696868
0.00632238
0.00413849
0.0102149
0.0109193
0.00865295
0.00892978
0.0134607
0.0126954
0.00093889
0.0104442
0.0127751
-0.0120627
0.00162729
0.00659691
-0.0257837
-0.00980887
-0.00397395
-0.0384087
-0.0216546
-0.0156881
0.00123228
0.0010492
0.000195855
0.00583095
0.00548114
0.00436552
0.00969814
0.00973794
0.0087667
0.00984392
0.0116179
0.0115683
0.00355023
0.00782367
0.00940893
-0.00858161
-0.00206399
0.00082597
-0.0224642
-0.0146124
-0.0114413
-0.0352836
-0.0269411
-0.0238954
0.00346898
0.00325633
0.00214274
0.00309099
0.00296898
0.00206139
0.00099859
0.00115665
0.000231728
0.00802345
0.00770674
0.006601
0.00747648
0.00713075
0.00596305
0.00520947
0.00489037
0.00390115
0.0104454
0.0111988
0.0105682
0.0119008
0.0123339
0.0110388
0.00981682
0.0097036
0.00838633
0.00757417
0.0105669
0.0112967
0.0133187
0.0157276
0.0152837
0.013236
0.0145275
0.0135208
-0.00200208
0.00348154
0.00583368
0.0086901
0.0136845
0.0147907
0.0118149
0.0155022
0.0158107
-0.0155729
-0.00826123
-0.00511593
-0.0011233
0.00601056
0.00832214
0.00422159
0.0104059
0.0122096
-0.0290118
-0.0208393
-0.0177479
-0.0127456
-0.00460718
-0.00181774
-0.00687955
0.00090038
0.00352175
-0.0415869
-0.0331665
-0.0300166
-0.0247464
-0.0163351
-0.0133056
-0.0186488
-0.0103509
-0.00745315
0
0.000514218
0.000736298
-0.000103088
-0.00728259
-0.025265
-0.0541763
-0.0889905
-0.124178
0
-0.00305045
-0.0024781
-0.00471242
-0.015923
-0.0383277
-0.0691177
-0.103269
-0.136946
0.000961067
-0.00152585
-0.00267798
0
0.000490893
-0.000775602
-0.00281392
0.000756434
-0.00175342
-0.00281677
-0.00255925
-0.0105993
-0.00892534
-0.0147785
-0.0308531
-0.0258058
-0.0385795
-0.0611307
-0.0529819
-0.0712554
-0.0960607
-0.0860697
-0.106755
-0.130615
-0.120296
-0.00106549
-0.00130036
-0.000650717
-0.00486953
-0.0192634
-0.0450207
-0.0783947
-0.113569
0.00108458
-8.71796e-05
-0.000592938
0
0.000447024
-0.000429953
-0.0014845
-0.000578338
0.000812748
0.000209725
-0.000612421
4.28203e-05
-0.00108725
-0.00344431
-0.00301658
-0.000696241
-0.0106622
-0.0167892
-0.0145571
-0.00867385
-0.0315948
-0.0416782
-0.0376488
-0.0278802
-0.0625845
-0.0747961
-0.0696685
-0.0575832
-0.097896
-0.110183
-0.10486
-0.0925259
0.000704818
-0.00138701
-0.00236107
-0.00297
-0.0019479
-0.0020386
0
0.000606049
-0.00103672
-0.00164504
-0.00261551
-0.00211117
-0.00298213
0.000481206
-0.000996621
-0.00313058
-0.00351718
-0.00169819
-0.00250764
-0.00460061
-0.00738036
-0.0130158
-0.012061
-0.00672155
-0.00649176
-0.0196485
-0.0247065
-0.0342866
-0.0317637
-0.0222406
-0.0205118
-0.0461391
-0.0528807
-0.0649344
-0.0609073
-0.0487354
-0.0454271
-0.080087
-0.0872181
-0.0996391
-0.0946682
-0.0821315
-0.0775305
-0.115537
-0.127404
-0.122156
-0.13381
-0.128662
-0.116948
-0.111825
0.000148721
-0.000575625
0.000210718
-0.00179563
-0.012357
-0.0344716
-0.0660783
-0.101389
-0.000404938
-0.00225874
-0.0012629
-0.00019932
-0.00186471
-0.00229812
-5.94662e-05
-0.00218925
-0.00155329
-0.00571707
-0.00950865
-0.00461536
-0.021971
-0.0279305
-0.017261
-0.0494148
-0.0566627
-0.0412473
-0.0836397
-0.0908831
-0.0734544
-0.118872
-0.125429
-0.108342
0.00081673
0.000610741
0.000136935
0
0.000463284
-8.33892e-05
-0.000596779
-5.75477e-05
0.000784565
0.000545359
0.000141716
0.000408639
-0.000540187
-0.00136702
-0.00118303
-0.000331203
-0.00888113
-0.0114438
-0.0104232
-0.00790615
-0.0283421
-0.0330015
-0.0310944
-0.0265323
-0.0583412
-0.0643258
-0.0617964
-0.0558691
-0.0934485
-0.0996489
-0.0969638
-0.0907624
0.000829349
0.00012663
-0.000257977
0.00043234
-0.00124715
-0.00183989
-0.00213269
-0.00152007
-0.000315559
-0.000925917
-0.000730971
0
0.000541254
0.00020812
-0.000320693
2.21304e-05
-0.0011732
-0.00145575
-0.00199018
-0.00171563
-0.00152531
-0.00190457
-0.00234824
-0.00195882
0.000650595
0.000270116
0.000114524
0.00053043
-0.000778744
-0.00156885
-0.00189348
-0.00115854
-0.000675223
-0.00107471
-0.00157618
-0.00120926
-0.00350377
-0.00508288
-0.00449913
-0.0029249
-0.00603968
-0.00838941
-0.00802704
-0.00574733
-0.00231653
-0.00377544
-0.00379958
-0.00240961
-0.0171174
-0.0207605
-0.0192874
-0.0157259
-0.021895
-0.0262508
-0.0249995
-0.0206846
-0.0124853
-0.015844
-0.0150461
-0.0117468
-0.0422924
-0.0477603
-0.0454861
-0.0401052
-0.0488958
-0.0547238
-0.0526502
-0.0468225
-0.0341744
-0.0393864
-0.0376963
-0.0325041
-0.0756584
-0.081865
-0.0792077
-0.0730242
-0.0827991
-0.089037
-0.0865024
-0.0802415
-0.0653699
-0.0715312
-0.0691692
-0.0629932
-0.11116
-0.117216
-0.114543
-0.108478
-0.117879
-0.123794
-0.121204
-0.115259
-0.100469
-0.106599
-0.104
-0.097843
0.0010524
5.77439e-05
-0.000587883
-0.000845177
-0.000242342
0
0.000455547
-0.000516873
-0.000871093
-0.00140616
-0.00104156
-0.0010657
0.000805114
0.000237234
-0.000189733
-0.000599704
-0.000179908
-0.000355279
-0.00175719
-0.00254692
-0.00409742
-0.00386515
-0.00235141
-0.00117673
-0.0126251
-0.0144792
-0.0179666
-0.0168175
-0.0133947
-0.00957332
-0.0350085
-0.038003
-0.0433114
-0.0412682
-0.0360157
-0.0293162
-0.0668946
-0.0704156
-0.0765828
-0.0740138
-0.0678551
-0.0593322
-0.102336
-0.105797
-0.111878
-0.109228
-0.103125
-0.09429
0.000592552
-0.000512967
-0.00147934
-0.000907445
-0.00233263
-0.00272692
-0.00303351
-0.00263746
-0.00285801
-0.002341
-0.00166115
-0.00241809
-0.00164322
-0.00134106
0
0.000671866
-7.44925e-05
-0.000899774
-0.000616111
-0.00174518
-0.00207206
-0.00253345
-0.00225486
-0.00271456
-0.00248026
-0.00221657
-0.00290865
-0.00265971
-0.00303448
0.000232462
-0.000326321
-0.0013177
-0.000488058
-0.00259726
-0.00390213
-0.00404506
-0.00284315
-0.00310993
-0.00225553
-0.00158897
-0.0026194
-0.00203537
-0.00246495
-0.00585685
-0.00710739
-0.00889953
-0.00648635
-0.0111707
-0.0144062
-0.0138982
-0.0107327
-0.0104008
-0.00778265
-0.0055865
-0.00762072
-0.00552386
-0.00552191
-0.0223631
-0.0248371
-0.0276953
-0.0232831
-0.0310292
-0.0362201
-0.0349731
-0.0297613
-0.0287035
-0.0239423
-0.0196603
-0.0230709
-0.0188133
-0.0181252
-0.0501042
-0.0534515
-0.0569634
-0.0511164
-0.0607616
-0.0669707
-0.0649823
-0.0587173
-0.0569036
-0.0507809
-0.044931
-0.0491525
-0.0432528
-0.0418147
-0.0845363
-0.088082
-0.0916409
-0.0854214
-0.0952641
-0.101449
-0.098972
-0.09276
-0.0903658
-0.0840724
-0.0777786
-0.0817892
-0.0754507
-0.073304
-0.119886
-0.125797
-0.123161
-0.12901
-0.1264
-0.120517
-0.132218
-0.129627
-0.135389
-0.132808
-0.127056
-0.124493
-0.118632
-0.112659
-0.116073
-0.110087
-0.107555
0.000425409
-8.90984e-05
0.000489778
-0.000789797
-0.0095833
-0.0296827
-0.0600607
-0.095211
0.000271126
-0.00170583
-0.000519511
0.000108621
-0.00158924
-0.00195118
0.000436256
-0.00131618
-0.00112118
-0.00392485
-0.00698169
-0.00302164
-0.0181491
-0.0233795
-0.0137027
-0.0438693
-0.0507211
-0.0358715
-0.0774329
-0.0846333
-0.0672347
-0.112861
-0.119542
-0.10223
0.000556049
-0.000410997
-0.000102064
-4.43211e-05
-0.000970466
-0.00107393
0.000562015
-0.000155317
-0.000250721
-0.00207611
-0.00314874
-0.00169819
-0.0134905
-0.0155872
-0.0113913
-0.0364784
-0.0395943
-0.0325869
-0.0686514
-0.0721993
-0.0635617
-0.104073
-0.107514
-0.0987146
1.51884e-05
-0.00100906
-0.000763578
-0.00192216
-0.002705
-0.00252039
-0.00125839
-0.00205671
-0.000975704
0.000310812
-0.000480684
-0.000749099
-0.00132456
-0.00215188
-0.00236844
-0.00182303
-0.00258099
-0.00271135
1.7331e-05
-0.000777808
-0.000296617
-0.0019293
-0.00330682
-0.00249599
-0.00108238
-0.00210584
-0.00202833
-0.00640806
-0.00794047
-0.00520828
-0.0099771
-0.0124772
-0.0091679
-0.00468147
-0.00656884
-0.00463666
-0.0235557
-0.0262131
-0.0205335
-0.0292953
-0.0329146
-0.0267682
-0.0181725
-0.0212888
-0.0165178
-0.0517643
-0.0551794
-0.0471563
-0.0588188
-0.0628102
-0.0547039
-0.0430409
-0.0469605
-0.0396696
-0.0863118
-0.0898561
-0.0809934
-0.0934424
-0.0971078
-0.0884122
-0.0758703
-0.0797489
-0.0711879
-0.121533
-0.124782
-0.116213
-0.128016
-0.131228
-0.122858
-0.110943
-0.114373
-0.105777
