FiniteElementSpace
FiniteElementCollection: H1_2D_P2
VDim: 2
Ordering: 0

0
0.939012
1.87637
2.79945
3.71436
4.63831
5.58156
6.53508
7.48079
0
1.09661
2.15256
3.15797
4.1153
5.04034
5.95773
6.88547
7.82457
0.46917
1.02045
0.551064
0
1.40909
2.01792
1.63079
2.33974
2.98166
2.66165
3.25693
3.9161
3.64201
4.17417
4.83886
4.58035
5.10763
5.76874
5.49854
6.05822
6.71016
6.41979
7.00969
7.65324
7.35429
0.510283
1.52321
2.50405
3.45169
4.37756
5.3022
6.2384
7.18237
0.235501
0.491691
0.253887
0
1.17426
1.46784
1.27281
0.98156
2.10856
2.42352
2.26207
1.94878
3.02835
3.35573
3.21752
2.89213
3.94383
4.27668
4.14702
3.81639
4.87233
5.20499
5.07018
4.73902
5.8197
6.14792
6.00323
5.67493
6.77279
7.09575
6.94632
6.6222
0.703807
0.766202
1.05818
0.825028
0.529154
0.274821
0
1.64319
1.77161
2.08536
1.89324
1.577
1.36523
2.56999
2.74388
3.06974
2.9114
2.58294
2.40871
3.4855
3.68444
4.01517
3.87986
3.54655
3.40146
4.40562
4.60807
4.9389
4.81077
4.47827
4.34867
5.34411
5.53505
5.86297
5.72787
5.39982
5.26947
6.2968
6.47411
6.79817
6.65218
6.32917
6.18833
7.24565
7.5669
7.41809
7.73936
7.58939
7.26882
7.11957
0.24665
1.22529
2.18695
3.12445
4.04642
4.9715
5.91114
6.85919
0.736885
0.794953
0.261484
1.70905
1.83251
1.31888
2.65855
2.82766
2.33551
3.58628
3.78174
3.30931
4.50747
4.70871
4.24722
5.4395
5.63103
5.16917
6.38503
6.56338
6.09568
7.33166
7.50427
7.03339
0.119134
0.241812
0.123773
0
1.05666
1.20035
1.10356
0.960914
1.99259
2.14826
2.06806
1.91309
2.91396
3.07689
3.00843
2.8463
3.829
3.99547
3.9314
3.76577
4.75515
4.92202
4.85514
4.68883
5.70055
5.86532
5.79295
5.62819
6.65402
6.81585
6.74073
6.57849
0.586391
0.721034
0.614303
0.481127
0.638417
0.780477
0.662385
0.519477
0.126346
0.257559
0.12898
0
1.52624
1.67664
1.58863
1.43901
1.64767
1.80216
1.70508
1.55019
1.14687
1.2959
1.18885
1.03932
2.45497
2.61478
2.54122
2.38214
2.62423
2.78587
2.70564
2.5436
2.14027
2.29891
2.21078
2.05175
3.3712
3.53632
3.47108
3.3068
3.56822
3.73309
3.66438
3.49915
3.09981
3.26347
3.18983
3.02578
4.28974
4.45677
4.392
4.22572
4.4928
4.6583
4.59354
4.42785
4.03163
4.19707
4.13135
3.96561
5.22573
5.3918
5.32212
5.15636
5.41852
5.58296
5.51534
5.35092
4.95444
5.11958
5.05401
4.88878
6.17752
6.34076
6.26645
6.10294
6.3562
6.51876
6.44619
6.28378
5.88589
6.04942
5.97922
5.81579
7.12779
7.28858
7.2138
7.05261
7.30029
7.46126
7.38656
7.22567
6.82824
6.98991
6.91574
6.7542
0.352152
0.369145
0.501219
0.381986
0.250398
0
1.29175
1.34672
1.49583
1.39826
1.24934
1.00128
2.22427
2.30543
2.46409
2.38333
2.22481
1.98366
3.14266
3.2402
3.40395
3.3348
3.17125
2.93717
4.05887
4.1615
4.32724
4.26232
4.09687
3.86643
4.98982
5.08812
5.25359
5.18609
5.02085
4.78898
5.93893
6.02948
6.1931
6.12074
5.95713
5.72179
6.89135
6.97754
7.13903
7.06437
6.90271
6.66613
0.821362
0.859325
0.893559
0.751789
0.92688
1.07721
0.961177
0.809739
0.688261
0.539669
0.395366
0.413432
0.267126
0.13499
0
1.7599
1.82911
1.89503
1.74064
1.95927
2.1189
2.0233
1.8628
1.76241
1.6038
1.44826
1.4984
1.34192
1.2313
2.68481
2.77551
2.86302
2.70151
2.94903
3.11374
3.03508
2.86944
2.78693
2.62223
2.45957
2.53558
2.37205
2.28103
3.59988
3.70137
3.80038
3.63557
3.89865
4.065
3.99786
3.83059
3.76126
3.59411
3.42821
3.52209
3.35524
3.28009
4.5218
4.62314
4.72342
4.55785
4.82381
4.98936
4.92563
4.75947
4.69569
4.52904
4.36285
4.46469
4.29769
4.23222
5.46272
5.55711
5.65179
5.48724
5.74691
5.91027
5.84271
5.67931
5.61315
5.44899
5.28443
5.38399
5.21909
5.15494
6.41599
6.50362
6.59211
6.42951
6.68071
6.84196
6.76872
6.60787
6.53587
6.37452
6.21233
6.30394
6.14198
6.07292
7.36332
7.52379
7.44934
7.61005
7.53575
7.37486
7.69637
7.6219
7.78215
7.70699
7.547
7.47182
7.31173
7.15109
7.23687
7.07664
7.00243
0.122153
1.08071
2.03084
2.96169
3.88057
4.80528
5.74668
6.69723
0.601051
0.650233
0.127583
1.55796
1.67647
1.16789
2.49861
2.66504
2.17563
3.42159
3.61632
3.14489
4.34113
4.54309
4.08145
5.27395
5.46685
5.00413
6.22185
6.4012
5.93251
7.1707
7.3435
6.87203
0.36132
0.375775
0.125146
1.31979
1.37279
1.1255
2.26536
2.34469
2.10447
3.19191
3.28775
3.0544
4.11051
4.21204
3.98168
5.03905
5.13711
4.90482
5.98409
6.07505
5.83937
6.93432
7.02092
6.78444
0.841004
0.876705
0.626592
0.910176
0.943816
0.675002
0.388413
0.403773
0.130821
1.79502
1.86238
1.61845
1.92726
1.99122
1.73366
1.42333
1.47322
1.20992
2.73067
2.81955
2.58303
2.90611
2.99195
2.74621
2.42156
2.49752
2.24585
3.65104
3.75107
3.51988
3.84951
3.94803
3.71263
3.38154
3.47499
3.23483
4.57267
4.67334
4.4425
4.77352
4.87446
4.64435
4.31252
4.41351
4.18153
5.50988
5.60441
5.3703
5.69928
5.7947
5.56408
5.23517
5.334
5.10423
6.45966
6.54781
6.31127
6.63643
6.72483
6.4911
6.16651
6.25815
6.02603
7.40626
7.49253
7.25702
7.57891
7.66462
7.42936
7.10779
7.19415
6.95923
0
-0.0962664
-0.323454
-0.65348
-1.05453
-1.4839
-1.89771
-2.2738
-2.62379
1
0.867114
0.614663
0.258398
-0.158038
-0.585035
-0.983765
-1.3441
-1.68468
-0.030915
0.400493
0.941756
0.5
-0.195299
0.156283
0.75633
-0.477368
-0.190913
0.447001
-0.847559
-0.604225
0.0546064
-1.26863
-1.0364
-0.373154
-1.69492
-1.44433
-0.789365
-2.09047
-1.81132
-1.16805
-2.45039
-2.15489
-1.51518
0.473905
0.293195
-0.00646182
-0.392103
-0.821015
-1.24528
-1.63254
-1.98401
-0.0139383
0.226556
0.49557
0.25
-0.141919
0.0521935
0.350792
0.156121
-0.397402
-0.239849
0.0778984
-0.0809274
-0.748571
-0.619074
-0.289762
-0.420772
-1.16107
-1.04522
-0.712429
-0.829251
-1.59023
-1.47103
-1.14191
-1.26091
-1.99536
-1.86223
-1.53976
-1.67194
-2.36271
-2.21737
-1.89817
-2.04301
-0.058953
0.441726
0.637266
0.909218
0.711609
0.964887
0.75
-0.255949
0.228204
0.388154
0.689044
0.527831
0.815908
-0.562895
-0.0962625
0.0356433
0.354976
0.222576
0.533779
-0.949781
-0.497185
-0.380242
-0.0510153
-0.167318
0.158014
-1.37648
-0.929233
-0.810973
-0.479809
-0.596778
-0.265669
-1.79751
-1.34616
-1.215
-0.887869
-1.01803
-0.688343
-2.18318
-1.72293
-1.57847
-1.25693
-1.40126
-1.0771
-2.53735
-2.38934
-2.06936
-1.91998
-1.60001
-1.75004
-1.43003
0.246347
0.108022
-0.157385
-0.518075
-0.936901
-1.36694
-1.7684
-2.13074
0.195947
0.679109
0.735634
-0.0109272
0.461495
0.586621
-0.327827
0.131466
0.308333
-0.72305
-0.272932
-0.0641991
-1.15346
-0.704504
-0.488449
-1.57278
-1.11787
-0.915627
-1.95366
-1.49081
-1.30941
-2.30341
-1.83498
-1.66471
-0.00774927
0.117713
0.250389
0.125
-0.118122
-0.0160531
0.133068
0.030931
-0.359658
-0.276807
-0.118379
-0.201527
-0.7005
-0.633083
-0.46892
-0.536795
-1.10762
-1.04907
-0.882943
-0.94191
-1.53725
-1.47884
-1.31414
-1.37264
-1.94687
-1.8821
-1.7205
-1.78507
-2.31844
-2.24678
-2.08705
-2.1585
-0.0437517
0.0696558
0.212472
0.0991037
0.458995
0.561394
0.696547
0.593869
0.500186
0.616787
0.743769
0.625
-0.224759
-0.132701
0.021517
-0.0707408
0.261595
0.345575
0.495574
0.411297
0.376666
0.469553
0.613003
0.51979
-0.519471
-0.44494
-0.283184
-0.358103
-0.0507189
0.0181054
0.177652
0.108617
0.117869
0.193731
0.349022
0.272889
-0.898309
-0.836354
-0.670736
-0.733167
-0.44435
-0.384811
-0.219863
-0.279395
-0.239856
-0.176599
-0.013821
-0.0771907
-1.32257
-1.26517
-1.09939
-1.15708
-0.875212
-0.816895
-0.650758
-0.708858
-0.65823
-0.600332
-0.434282
-0.492056
-1.74651
-1.68541
-1.52222
-1.58324
-1.29605
-1.23222
-1.06828
-1.13183
-1.08939
-1.02891
-0.863555
-0.923771
-2.13712
-2.06856
-1.90823
-1.97653
-1.67801
-1.60707
-1.4463
-1.51711
-1.49238
-1.42481
-1.26254
-1.32989
-2.49393
-2.42038
-2.26043
-2.3339
-2.02672
-1.95223
-1.79253
-1.86712
-1.85491
-1.78157
-1.62173
-1.69506
-0.0209122
0.237883
0.351492
0.486156
0.372109
0.375
-0.167695
0.0810444
0.173501
0.322949
0.230296
0.279295
-0.436668
-0.197898
-0.122626
0.0364319
-0.0391446
0.0383443
-0.797619
-0.568157
-0.505356
-0.340543
-0.40361
-0.305458
-1.21477
-0.991024
-0.933166
-0.766721
-0.824651
-0.716655
-1.64282
-1.41926
-1.35836
-1.19389
-1.25461
-1.1488
-2.04324
-1.81563
-1.74757
-1.58646
-1.65428
-1.55835
-2.40667
-2.17416
-2.10075
-1.94119
-2.01455
-1.92729
-0.0765552
0.177111
0.422211
0.319947
0.659331
0.753019
0.889365
0.795017
0.926704
0.827436
0.724628
0.95449
0.851451
0.978005
0.875
-0.288883
-0.0450957
0.193081
0.109373
0.425669
0.502081
0.652715
0.575981
0.723622
0.642833
0.558207
0.787133
0.702058
0.842614
-0.607591
-0.373717
-0.143022
-0.211587
0.0841019
0.14753
0.307219
0.243775
0.401612
0.335384
0.266162
0.491099
0.421691
0.575008
-1.00189
-0.775921
-0.55051
-0.609961
-0.326425
-0.268873
-0.104402
-0.161636
0.00202384
-0.0559545
-0.115397
0.106643
0.0473654
0.208641
-1.43029
-1.20732
-0.982985
-1.04145
-0.757931
-0.698052
-0.53264
-0.592126
-0.42663
-0.484855
-0.542644
-0.319478
-0.376868
-0.211828
-1.84794
-1.62269
-1.39559
-1.45969
-1.16678
-1.09964
-0.936151
-1.0031
-0.838948
-0.903879
-0.967129
-0.739165
-0.802105
-0.636962
-2.22874
-1.99856
-1.76735
-1.83845
-1.53485
-1.4615
-1.3007
-1.37412
-1.21273
-1.28493
-1.35564
-1.12286
-1.19353
-1.03075
-2.58062
-2.50651
-2.34635
-2.27215
-2.11206
-2.18641
-2.03751
-1.87745
-1.80236
-1.64235
-1.71758
-1.5576
-1.63273
-1.70745
-1.47267
-1.54754
-1.38719
0.122786
0.00842484
-0.238391
-0.584425
-0.995339
-1.42594
-1.83392
-2.20282
0.0855978
0.578809
0.622802
-0.100844
0.379339
0.495712
-0.400863
0.0639983
0.234088
-0.784418
-0.331825
-0.126426
-1.21116
-0.76298
-0.546114
-1.63463
-1.18235
-0.976585
-2.02283
-1.56236
-1.37768
-2.37719
-1.9097
-1.73847
0.109843
0.363295
0.37607
-0.0424687
0.202844
0.255804
-0.316735
-0.0801687
0.000377654
-0.682693
-0.45408
-0.354042
-1.10302
-0.87889
-0.770539
-1.5313
-1.30677
-1.20193
-1.92964
-1.70125
-1.60665
-2.29045
-2.05775
-1.97109
0.0513617
0.300709
0.336921
0.541713
0.775185
0.81244
0.606601
0.840395
0.862649
-0.166287
0.0746931
0.142326
0.310072
0.539882
0.610328
0.441392
0.673441
0.728618
-0.490277
-0.257948
-0.166457
-0.0289862
0.196191
0.290205
0.151885
0.379244
0.462666
-0.888883
-0.663096
-0.557349
-0.438255
-0.215111
-0.10855
-0.227621
-0.00394821
0.0978924
-1.31903
-1.09528
-0.98738
-0.870515
-0.645294
-0.538623
-0.65461
-0.430909
-0.322826
-1.73557
-1.50936
-1.40934
-1.2814
-1.05171
-0.95382
-1.08067
-0.853298
-0.750342
-2.11377
-1.8831
-1.79329
-1.65128
-1.41801
-1.32977
-1.47127
-1.23953
-1.14691
-2.46347
-2.22923
-2.14362
-1.99482
-1.75997
-1.67517
-1.82443
-1.59021
-1.50465
