FiniteElementSpace
FiniteElementCollection: H1_2D_P2
VDim: 2
Ordering: 0

0
0.00349814
0.0019643
0.000471227
0.00306859
0.0137197
0.0357156
0.0680273
0.104322
0
-0.001402
0.000317429
0.00568491
0.0168404
0.0363379
0.0652135
0.100577
0.136192
0.00258857
0.00121613
-0.00117187
0
0.00304214
0.000929626
-0.000903687
0.000935273
0.00253972
0.00243209
0.00102431
0.0090887
0.010375
0.00712798
0.0239401
0.0254129
0.0232215
0.0495518
0.0496751
0.0508858
0.0839781
0.0824385
0.0861882
0.120253
0.11872
0.000843996
0.00104867
0.00130453
0.00499826
0.0152622
0.0353838
0.066015
0.102408
0.00143217
0.00152016
0.000364865
0
0.00339654
0.00193474
0.00115977
0.00223613
0.0014087
0.000976563
0.00103156
0.00132519
0.000592211
0.0028127
0.00359188
0.00133504
0.00481264
0.0109612
0.0118867
0.00585665
0.0180931
0.0291035
0.0293103
0.0186021
0.0430022
0.0583712
0.0575387
0.0424861
0.0770431
0.0943464
0.0932038
0.0759948
0.00324794
0.00113631
0.00012791
-0.00139034
0.000166165
-0.000695105
0
0.00253472
0.000952377
0.000636545
-0.000391895
0.000171318
-0.00123719
0.000604063
0.00179257
0.00401113
0.00389872
0.00181958
0.00124913
0.00182825
0.0068118
0.0127458
0.0133642
0.00753042
0.00782975
0.0100785
0.0192662
0.0298046
0.0305721
0.0200542
0.0208448
0.0291044
0.0421447
0.0570576
0.0571943
0.0421768
0.0427111
0.0592663
0.07487
0.0921309
0.0914493
0.073975
0.0736585
0.0953379
0.112304
0.111457
0.128251
0.12754
0.110526
0.109705
0.000657133
0.00216627
0.00108853
0.00190735
0.00811986
0.0234853
0.0501557
0.0851468
0.00205004
0.000160322
0.000104486
0.00162907
0.000332212
0.000116502
0.00104187
0.00277039
0.00112043
0.00410873
0.00990134
0.00558296
0.014439
0.0246074
0.0161142
0.0354485
0.0493246
0.035662
0.0670254
0.0829577
0.0653051
0.103455
0.119497
0.101364
0.000574587
0.000950232
0.000229998
0
0.00348456
0.00273781
0.00222723
0.0028197
0.00167915
0.00120773
0.00119466
0.00160492
0.000495352
0.00119867
0.00158287
0.000855015
0.00387136
0.00640706
0.00691967
0.00440437
0.0158101
0.0207385
0.0209522
0.016106
0.0392775
0.0465584
0.0462468
0.0390711
0.0725134
0.0811127
0.0805567
0.0720199
0.00296843
0.00259589
0.00183274
0.00198736
0.00102012
0.000680919
0.000168769
0.000536412
0.000130387
0.000250238
3.18592e-05
0
0.00280053
0.00204206
0.00178614
0.00244738
0.000995033
0.000645592
0.000236426
0.000621767
0.0011999
0.000658759
0.000116961
0.000700488
0.000747313
0.00077771
0.00098378
0.000913155
0.00151905
0.00225797
0.0022614
0.00154448
0.0009622
0.00106472
0.000854049
0.000778707
0.00137436
0.00291206
0.00340796
0.00186454
0.00585082
0.00830928
0.00866019
0.00622319
0.00302478
0.00455227
0.0047532
0.00324612
0.00851754
0.0122011
0.012617
0.00898553
0.0171831
0.0218673
0.0222525
0.0175932
0.0104192
0.013941
0.0143619
0.0108638
0.0260673
0.0322384
0.0321866
0.0261174
0.0386807
0.0456637
0.0456745
0.0387065
0.0265377
0.0324119
0.0326511
0.0267996
0.0550212
0.0631452
0.0626511
0.0546178
0.0704027
0.0788741
0.0784345
0.0699451
0.0534782
0.0613631
0.0611226
0.0532388
0.0907743
0.0994278
0.0989215
0.090293
0.106959
0.11547
0.11504
0.106455
0.0885847
0.0972647
0.0967479
0.0880253
0.00209557
0.00111883
0.001156
0.000614577
0.000497623
0
0.00324354
0.00206495
0.00147647
0.00110669
0.00164964
0.00171216
0.0011568
0.00101351
0.00111091
0.00114402
0.00103438
0.00110557
0.000764391
0.00231472
0.00385934
0.00424768
0.00270758
0.00189952
0.00589244
0.00946427
0.0130529
0.0134992
0.00994668
0.00741906
0.0205597
0.0262024
0.0321884
0.03226
0.0263395
0.0212113
0.0468746
0.0542016
0.0621639
0.0617223
0.0538099
0.0459744
0.0816102
0.0897495
0.0983768
0.0978168
0.0891699
0.079974
0.00342252
0.00218076
0.00119884
0.00157455
0.000144954
-0.000558624
-0.00142021
-0.000509926
-0.0013103
-0.000378538
0.000146747
-0.000972034
-0.000171928
-0.000324135
0
0.00225113
0.00147256
0.000928681
0.00127245
0.000464431
0.00048778
-6.31216e-05
-7.41801e-06
-0.000671045
-0.000329245
0.000133402
-0.00109193
-0.000505028
-0.00134093
0.000508357
0.00115668
0.00213105
0.00138351
0.00335225
0.00482617
0.00475041
0.00332009
0.00312855
0.00211886
0.00144107
0.00180786
0.00118601
0.000754194
0.00238795
0.00492208
0.00788892
0.00541021
0.0112616
0.0147357
0.01504
0.0115854
0.0118126
0.00891468
0.0065071
0.00905078
0.00667676
0.00671097
0.011807
0.0164322
0.0215178
0.0167927
0.0271247
0.0329753
0.0333796
0.0275017
0.0279184
0.0226551
0.0180105
0.0230576
0.0184115
0.0187754
0.0323198
0.038884
0.0457714
0.0387459
0.0531222
0.0610386
0.0611455
0.0531572
0.0533684
0.0458223
0.0388388
0.0461214
0.0390851
0.0394498
0.0636082
0.0714791
0.0794006
0.0709271
0.0875282
0.0963121
0.0960055
0.0871436
0.0869215
0.0781314
0.0695938
0.0780124
0.0693939
0.0693877
0.0998727
0.108336
0.107922
0.116274
0.115888
0.107458
0.124249
0.123897
0.132243
0.131879
0.123529
0.123156
0.11462
0.105961
0.114233
0.105512
0.105148
0.000322362
0.00281073
0.00139687
0.000989698
0.00533703
0.0183286
0.0427371
0.076548
0.00234226
0.000627059
9.22878e-05
0.00225327
0.000623203
0.000683299
0.000821782
0.00186965
0.000900217
0.00233616
0.00721128
0.00385676
0.0105092
0.0196504
0.012334
0.0290856
0.042105
0.0295206
0.0588304
0.0743737
0.0572378
0.0948763
0.11099
0.0926421
0.0015302
0.000841638
0.000174014
0.0026123
0.00157177
0.00170033
0.00104361
0.00105118
0.00105475
0.00148722
0.00323715
0.00226392
0.0076195
0.011424
0.00861433
0.0233334
0.0291743
0.0236858
0.0505225
0.0579286
0.0498214
0.0857012
0.0937805
0.0845619
0.00275183
0.00167414
0.00140413
0.000703157
-0.00054569
-0.0004535
0.000406716
-0.000287074
-5.36795e-05
0.00182237
0.00118066
0.00137397
0.000695926
0.000216941
-0.000188006
0.000636295
-0.000433576
-0.000545501
0.000786052
0.00160813
0.0012198
0.00271522
0.00403301
0.00268406
0.00127806
0.00162136
0.000809859
0.00359789
0.00635367
0.00458131
0.00952485
0.0130983
0.0101936
0.00533924
0.00774501
0.00570624
0.0140636
0.018915
0.0148407
0.0242499
0.0301598
0.025002
0.0156925
0.0204606
0.0165058
0.0355681
0.0422799
0.0353806
0.0493781
0.0570339
0.0494182
0.0354751
0.0423772
0.0359514
0.0675475
0.0754233
0.066502
0.0834299
0.0917156
0.0826101
0.0656036
0.0737212
0.0651624
0.103925
0.111905
0.102941
0.119887
0.127904
0.119103
0.101874
0.110084
0.100916
0
0.00916861
0.0153736
0.0143553
0.00389153
-0.0169884
-0.0464189
-0.0795189
-0.112372
0
0.00594238
0.0127538
0.0153206
0.011348
-0.000431609
-0.0203346
-0.0470599
-0.0775134
0.00492048
0.00764706
0.00230606
0
0.0129571
0.0147184
0.00966225
0.0159354
0.0157414
0.0147471
0.0104041
0.00862964
0.0142466
-0.00527306
-0.00781223
0.00648446
-0.0308996
-0.0328188
-0.00940535
-0.0628404
-0.0630797
-0.0329988
-0.0960624
-0.0949661
-0.0620662
0.00315998
0.0117479
0.0161405
0.0133018
0.00159301
-0.0194057
-0.0475533
-0.078958
0.00297117
0.00394024
0.0012139
0
0.0111899
0.0123936
0.00980304
0.00837566
0.0159066
0.0161788
0.0156421
0.0151465
0.0126893
0.0120353
0.0147894
0.0152146
-0.000360063
-0.00163745
0.00541098
0.00645417
-0.0237018
-0.0249396
-0.0133545
-0.0121906
-0.0545609
-0.0550066
-0.0400545
-0.0394103
-0.087818
-0.087415
-0.0709945
-0.0711456
0.00702719
0.00538462
0.00689704
0.00405256
0.00263015
0.000946359
0
0.0143742
0.0134055
0.0139716
0.01132
0.0108981
0.0078442
0.0154281
0.0161829
0.0158204
0.0152271
0.0157078
0.0139107
0.00747705
0.0112552
0.0103055
0.0130351
0.0140844
0.0150014
-0.0108279
-0.00282011
-0.00387929
0.00328559
0.00433515
0.00916888
-0.0385015
-0.025914
-0.0265097
-0.0146365
-0.0142453
-0.00466494
-0.0711801
-0.0552488
-0.05512
-0.0398803
-0.0402878
-0.0264683
-0.10425
-0.10364
-0.0869552
-0.0862442
-0.0697524
-0.0705368
-0.0544778
0.00185865
0.0105014
0.0158972
0.0139145
0.00272375
-0.0183161
-0.0471062
-0.0792785
0.00613882
0.00473371
0.000840639
0.0139631
0.0125801
0.00898105
0.0159605
0.015982
0.0150269
0.00955445
0.0124611
0.0151963
-0.00661757
0.000506486
0.00760044
-0.0319956
-0.0201618
-0.00880557
-0.06304
-0.0476021
-0.0332372
-0.0955485
-0.0783505
-0.0627826
0.00180066
0.00235587
0.000932226
0
0.0102064
0.0108419
0.0094613
0.00876064
0.0157031
0.0159265
0.0155786
0.0152792
0.0136001
0.0133386
0.0146356
0.0148197
0.00185164
0.00122541
0.00466827
0.0052145
-0.0202773
-0.0209549
-0.0151873
-0.0145384
-0.0504666
-0.0507727
-0.0432281
-0.042854
-0.0836766
-0.0835026
-0.0752109
-0.0752803
0.00596054
0.00656521
0.0050257
0.00441235
0.00425644
0.00504998
0.00366208
0.00286309
0.000505653
0.000995996
0.000268606
0
0.013717
0.0141811
0.0132233
0.01268
0.012616
0.0130357
0.0117715
0.0113583
0.008745
0.00941694
0.00795386
0.00728238
0.0157525
0.0157265
0.0161341
0.016086
0.0162203
0.0161432
0.0158972
0.0159814
0.0152309
0.0153878
0.0145433
0.0143937
0.00902424
0.00855571
0.0108715
0.011258
0.0123495
0.0119278
0.0133376
0.0137615
0.0153306
0.0150592
0.0155674
0.0158446
-0.00796927
-0.00867441
-0.00405124
-0.00340947
-0.000540271
-0.00109382
0.00249044
0.00303083
0.00709474
0.00657474
0.00902189
0.00953748
-0.0346536
-0.0351895
-0.028418
-0.0278629
-0.0226067
-0.0230024
-0.0171471
-0.0167818
-0.0105173
-0.0110288
-0.00627692
-0.00578798
-0.0670075
-0.0670534
-0.0590109
-0.0588638
-0.0513804
-0.0514197
-0.0439156
-0.0439089
-0.0363997
-0.0366269
-0.0298296
-0.0296372
-0.100167
-0.0998734
-0.0914828
-0.0917009
-0.0829524
-0.0826564
-0.0744359
-0.0747494
-0.067029
-0.0668896
-0.0589363
-0.0590984
0.00392325
0.00287756
0.00352109
0.00213674
0.00149742
0
0.012115
0.0114832
0.012087
0.0108065
0.0101587
0.00800662
0.0159881
0.0160988
0.0162013
0.0159462
0.0158067
0.0149639
0.0116277
0.013049
0.0127212
0.0141139
0.0144027
0.0155263
-0.00273197
0.000621789
3.34444e-05
0.00357655
0.00412301
0.00759704
-0.0272426
-0.0215694
-0.0221224
-0.0163199
-0.0157828
-0.00994734
-0.0586885
-0.0510356
-0.0512443
-0.0437753
-0.0435402
-0.0360705
-0.0919493
-0.0833473
-0.0831749
-0.0749712
-0.0751175
-0.0670875
0.00810529
0.00726255
0.00652058
0.00574543
0.00581716
0.00646243
0.00499023
0.004412
0.00315446
0.00244711
0.00167967
0.00156036
0.00080515
0.000439015
0
0.0149319
0.0146064
0.0141076
0.0137089
0.0133147
0.0134324
0.0120678
0.0120167
0.010515
0.0103424
0.00996409
0.00876876
0.00846785
0.00689888
0.014966
0.0156554
0.0160242
0.016117
0.015957
0.0156514
0.0153224
0.0156823
0.0150323
0.0153024
0.0154158
0.0143702
0.0145411
0.0133688
0.00576975
0.00808286
0.0100155
0.0104589
0.0114505
0.010915
0.0122505
0.0128363
0.0136975
0.014252
0.0147024
0.0146783
0.0151828
0.0152125
-0.0138326
-0.00933203
-0.00524572
-0.00466369
-0.00161819
-0.00209129
0.0014908
0.00197032
0.00494849
0.00549145
0.00603761
0.00788913
0.00847088
0.0103194
-0.0424251
-0.0356629
-0.0293211
-0.0289073
-0.0232852
-0.0234146
-0.0174289
-0.0173768
-0.0119611
-0.0117879
-0.0114639
-0.00697309
-0.00668361
-0.00248491
-0.0753537
-0.0670872
-0.0591507
-0.0591137
-0.0513391
-0.0511156
-0.043436
-0.0437646
-0.0363984
-0.0366597
-0.0367258
-0.0296863
-0.0298585
-0.023349
-0.108323
-0.107982
-0.0996042
-0.0993002
-0.0909634
-0.0912477
-0.0906144
-0.0822853
-0.0818656
-0.0736177
-0.0740447
-0.0659013
-0.0663118
-0.0666504
-0.0582548
-0.0586518
-0.0507426
0.00126347
0.00982578
0.0156625
0.0141533
0.00330211
-0.0176802
-0.0467867
-0.0793946
0.0054745
0.00393867
0.000364083
0.0134783
0.012233
0.00836752
0.0159737
0.0161178
0.0149382
0.00998672
0.0129127
0.0155141
-0.00596372
0.00104014
0.00812797
-0.0314782
-0.0198372
-0.00834246
-0.0629508
-0.0476395
-0.0330918
-0.0957919
-0.0786969
-0.0629826
0.0033706
0.00247033
0.000690246
0.0117992
0.0111563
0.00910408
0.01607
0.0160619
0.015439
0.0123756
0.0136331
0.0150327
-0.00101091
0.00215479
0.00593687
-0.0243511
-0.0188933
-0.0127991
-0.0548017
-0.0473676
-0.0397718
-0.0876061
-0.0791437
-0.0710977
0.00766902
0.00688103
0.00461834
0.0061699
0.00543532
0.00340761
0.00187158
0.00156652
0.000252147
0.0147847
0.0143851
0.0129402
0.013757
0.0127595
0.0112079
0.0104157
0.00942542
0.00747579
0.015344
0.0158866
0.0162207
0.0160529
0.0157193
0.0155413
0.0157364
0.0149668
0.0140272
0.00696671
0.00910381
0.0116639
0.010803
0.0119391
0.0136053
0.0144756
0.0147759
0.0154726
-0.0115331
-0.00723429
-0.00224038
-0.0033714
5.89347e-06
0.00379787
0.00487516
0.00704778
0.00975832
-0.0389844
-0.0324463
-0.0254635
-0.0262719
-0.0203423
-0.0145242
-0.0138443
-0.00917384
-0.00432275
-0.0711659
-0.0630909
-0.0551625
-0.0552415
-0.0474127
-0.0401775
-0.0402354
-0.0332176
-0.0265887
-0.103941
-0.0952815
-0.0872098
-0.0866306
-0.0779389
-0.0701702
-0.0708124
-0.0624692
-0.0548638
