FiniteElementSpace
FiniteElementCollection: L2_2D_P3
VDim: 1
Ordering: 0

0.014254
0.00861427
0.0104321
0.0130951
0.00649103
0.00518501
0.00772748
0.0108233
0.00234473
0.00269276
0.00490273
0.00743624
0.00153455
0.0018539
0.00326145
0.00477821
0.00557832
0.00531346
0.00499674
0.00477527
0.00460086
0.00438022
0.00411858
0.0039373
0.00345066
0.00328201
0.0030849
0.00295055
0.00267622
0.00254264
0.00238874
0.00228558
0.00289747
0.00280312
0.00268874
0.00260752
0.00239826
0.00231982
0.00222539
0.00215884
0.00180299
0.00174346
0.00167274
0.00162362
0.00139563
0.00134892
0.00129422
0.00125684
0.00201966
0.0019925
0.00196129
0.00194055
0.00166849
0.001645
0.00161817
0.00160048
0.0012513
0.00123265
0.00121162
0.00119796
0.000965878
0.000950862
0.000934143
0.000923479
0.00175857
0.0017408
0.00172137
0.00170932
0.00143981
0.00142422
0.00140726
0.00139681
0.00106829
0.00105572
0.00104219
0.00103399
0.000818642
0.000808425
0.000797569
0.000791126
0.00142438
0.00138688
0.00134131
0.00130889
0.00115877
0.00112794
0.00109072
0.00106445
0.000854135
0.000831255
0.000803982
0.000785017
0.00065272
0.00063532
0.000614884
0.000600937
0.00078377
0.000735324
0.000675193
0.000631418
0.000640653
0.00060145
0.000553021
0.000517951
0.000478929
0.000450382
0.000415451
0.000390431
0.000373769
0.000352323
0.000326396
0.000308088
0.000175358
0.000149598
0.000119024
9.79166e-05
0.000149374
0.000127998
0.000102722
8.53369e-05
0.000120936
0.000104487
8.51855e-05
7.20213e-05
0.000103241
8.99631e-05
7.45224e-05
6.40968e-05
0.00761201
0.00735922
0.00706552
0.00686682
0.00645969
0.00619578
0.00588845
0.00567973
0.00503236
0.00477721
0.00447988
0.00427783
0.00402802
0.00379171
0.00351776
0.0033327
0.000734891
0.000675798
0.000619267
0.000590042
0.000420677
0.000381881
0.00034699
0.000331112
0.00042101
0.00037935
0.000333427
0.000304427
0.000760746
0.000694046
0.000608934
0.000545829
0.000111351
4.85863e-05
0.000222786
0.000449266
9.69969e-05
2.56052e-06
7.62887e-05
0.000212175
0.000129418
5.72556e-05
0.000169714
0.000331644
0.000306734
0.000240509
0.000489228
0.000789375
0.00391491
0.00375029
0.00355118
0.00341016
0.00323316
0.00309696
0.00293351
0.00281869
0.00242543
0.00232256
0.00220084
0.00211666
0.00187731
0.00179673
0.00170282
0.00163896
0.000288911
0.000272015
0.000255406
0.000246512
0.000140626
0.000129458
0.000119052
0.00011399
9.92205e-05
8.82554e-05
7.65693e-05
6.9453e-05
0.000189959
0.000173083
0.000152564
0.000137946
0.000443101
0.000412476
0.000382518
0.000366639
0.000239061
0.000218758
0.000199911
0.000190807
0.000209033
0.000189111
0.000167881
0.000154953
0.000381794
0.000350663
0.000312735
0.000285704
0.0023228
0.00227158
0.00221022
0.00216728
0.00192322
0.00188008
0.00182875
0.00179311
0.00144613
0.00141289
0.00137388
0.00134718
0.00111855
0.00109227
0.00106183
0.00104135
0.00015486
0.000149802
0.000144892
0.000142338
5.88057e-05
5.59176e-05
5.33345e-05
5.21932e-05
1.35722e-05
1.14898e-05
9.28502e-06
7.94441e-06
4.21711e-05
3.91161e-05
3.51018e-05
3.1985e-05
0.000202473
0.000193065
0.000183773
0.000178755
8.65256e-05
8.06213e-05
7.5149e-05
7.25138e-05
4.05876e-05
3.53077e-05
2.97023e-05
2.62944e-05
8.90177e-05
8.10333e-05
7.11779e-05
6.40174e-05
0.00186362
0.00184655
0.00182815
0.00181698
0.00153315
0.00151795
0.00150159
0.00149168
0.00114415
0.00113167
0.00111835
0.00111039
0.000880224
0.000869958
0.000859122
0.000852752
0.000116086
0.00011399
0.000112152
0.000111415
3.9735e-05
3.87203e-05
3.7937e-05
3.77393e-05
8.61206e-07
7.42214e-07
6.14142e-07
5.3057e-07
1.93957e-05
1.95919e-05
1.94447e-05
1.90205e-05
0.000130019
0.000127139
0.000124483
0.000123256
4.60149e-05
4.45406e-05
4.33233e-05
4.29044e-05
3.56994e-06
2.95451e-06
2.30472e-06
1.90859e-06
2.41697e-05
2.34762e-05
2.22657e-05
2.10978e-05
0.00162878
0.00160271
0.00157229
0.00155169
0.00132814
0.00130615
0.0012807
0.00126363
0.000980771
0.000963883
0.000944611
0.000931922
0.000749359
0.00073614
0.00072129
0.000711724
9.62346e-05
9.43916e-05
9.28628e-05
9.23669e-05
3.24081e-05
3.17894e-05
3.15301e-05
3.17594e-05
1.20872e-06
1.38764e-06
1.68829e-06
1.98479e-06
1.92401e-05
1.9395e-05
1.92681e-05
1.89393e-05
0.000105711
0.000103782
0.000102124
0.000101503
3.54212e-05
3.4558e-05
3.39458e-05
3.38663e-05
4.65227e-07
4.93562e-07
5.39707e-07
5.82155e-07
1.91334e-05
1.94721e-05
1.95007e-05
1.92092e-05
0.0011327
0.00108612
0.00102848
0.000986632
0.000921776
0.000883945
0.000837382
0.000803783
0.000681547
0.000653929
0.000620296
0.000596325
0.000523898
0.000503178
0.000478274
0.000460804
8.08437e-05
7.9142e-05
7.78944e-05
7.77161e-05
3.49017e-05
3.48177e-05
3.54441e-05
3.65249e-05
9.33544e-06
9.8203e-06
1.08922e-05
1.20963e-05
1.75253e-05
1.71893e-05
1.6985e-05
1.70636e-05
8.78641e-05
8.6161e-05
8.48549e-05
8.45775e-05
3.20411e-05
3.17773e-05
3.20584e-05
3.27784e-05
3.93714e-06
4.32285e-06
5.04204e-06
5.79327e-06
1.85349e-05
1.84206e-05
1.81655e-05
1.79327e-05
0.000440962
0.000400076
0.000349887
0.00031382
0.000364767
0.000331534
0.000290922
0.000261881
0.000279615
0.000255102
0.000225418
0.000204411
0.000225025
0.000206247
0.000183761
0.000168056
6.19836e-05
5.90552e-05
5.62642e-05
5.49116e-05
3.9279e-05
3.79487e-05
3.70891e-05
3.71007e-05
2.13064e-05
2.08757e-05
2.10664e-05
2.17921e-05
1.68935e-05
1.61956e-05
1.60079e-05
1.64249e-05
7.34346e-05
7.13359e-05
6.9622e-05
6.91192e-05
3.88667e-05
3.84565e-05
3.87614e-05
3.96676e-05
1.62492e-05
1.65018e-05
1.74857e-05
1.8777e-05
1.70536e-05
1.65632e-05
1.64871e-05
1.69035e-05
3.24847e-05
2.40381e-05
1.4991e-05
9.56182e-06
2.95707e-05
2.1631e-05
1.31535e-05
8.08603e-06
2.68711e-05
1.96437e-05
1.19828e-05
7.43894e-06
2.56723e-05
1.90046e-05
1.19941e-05
7.87016e-06
1.95953e-05
1.63057e-05
1.29639e-05
1.10624e-05
1.59265e-05
1.33758e-05
1.08283e-05
9.40558e-06
1.1685e-05
9.89557e-06
8.17097e-06
7.2501e-06
8.91523e-06
7.54657e-06
6.28342e-06
5.65202e-06
4.32803e-05
3.95142e-05
3.55842e-05
3.32831e-05
3.14711e-05
2.90187e-05
2.66479e-05
2.54247e-05
2.02487e-05
1.88554e-05
1.77344e-05
1.73713e-05
1.49826e-05
1.38793e-05
1.3093e-05
1.29565e-05
0.00966735
0.00891983
0.00810866
0.00756834
0.00817234
0.00760679
0.0069426
0.00648476
0.00619336
0.00583888
0.00543376
0.00516141
0.00466818
0.00450186
0.00433076
0.00423043
0.00394163
0.00382699
0.00375666
0.00371799
0.00263357
0.00262091
0.00264994
0.00269205
0.00142741
0.00146475
0.00153503
0.00160174
0.000843056
0.000883407
0.000945216
0.00099212
0.00116952
0.00130513
0.00252193
0.00382661
0.000595985
0.00072879
0.00160642
0.00255322
0.000239175
0.000284507
0.000760508
0.00130632
0.000136017
0.000105441
0.000351149
0.00066775
0.00465613
0.004444
0.0041886
0.00400864
0.00384077
0.00366517
0.0034555
0.00330903
0.00287859
0.00274571
0.00258934
0.00248187
0.00222872
0.0021244
0.00200346
0.00192176
0.00190946
0.00181908
0.00171528
0.00164594
0.00136766
0.00130099
0.00122632
0.00117792
0.00080238
0.000760388
0.000715665
0.000688526
0.000488316
0.000459714
0.000430736
0.000414432
0.00229663
0.00218011
0.00204705
0.00195882
0.0016504
0.00156317
0.00146602
0.00140351
0.000975545
0.000919636
0.000860324
0.000824555
0.000602758
0.000564252
0.000525303
0.000503468
0.00256681
0.00249685
0.00241232
0.00235256
0.00212558
0.00206711
0.00199695
0.00194772
0.00159867
0.00155404
0.00150118
0.00146462
0.00123719
0.00120206
0.00116104
0.00113312
0.00105921
0.00102885
0.000993738
0.000970099
0.000758105
0.000735882
0.000710793
0.000694386
0.000438361
0.000424639
0.000409882
0.000400826
0.000253306
0.000244323
0.000235148
0.000229928
0.0011949
0.00115458
0.0011078
0.00107618
0.000855112
0.000825651
0.00079229
0.000770369
0.00049586
0.00047763
0.000457972
0.000445841
0.000289789
0.000277705
0.000265324
0.000258234
0.00192975
0.00190917
0.00188629
0.00187178
0.00159115
0.00157304
0.001553
0.00154035
0.00119062
0.00117596
0.00115991
0.00114992
0.000917634
0.000905684
0.000892756
0.000884855
0.000784584
0.000774081
0.00076284
0.000756078
0.000560443
0.00055249
0.000544217
0.000539455
0.000321416
0.00031637
0.000311387
0.000308764
0.000181304
0.000178105
0.000175108
0.000173688
0.000826298
0.000813184
0.000798735
0.000789651
0.000590831
0.00058103
0.000570524
0.00056417
0.000339518
0.00033339
0.000327152
0.000323673
0.000192204
0.000188323
0.000184579
0.000182683
0.00170063
0.0016794
0.00165541
0.00163982
0.00138932
0.00137108
0.00135061
0.00133742
0.00102813
0.00101378
0.000997888
0.000987842
0.000786507
0.00077506
0.000762568
0.000754844
0.000670328
0.000660358
0.000649605
0.000643071
0.00047589
0.000468465
0.000460706
0.00045622
0.000270258
0.000265722
0.000261262
0.000258951
0.000150777
0.000148076
0.000145617
0.000144546
0.000698236
0.000689254
0.000679817
0.000674315
0.0004964
0.000489583
0.000482637
0.000478789
0.00028247
0.000278164
0.000274015
0.000271945
0.00015785
0.000155183
0.000152765
0.000151719
0.00128855
0.00124587
0.00119342
0.00115563
0.00104802
0.00101319
0.000970641
0.000940187
0.000773104
0.000747518
0.000716617
0.000694799
0.000592002
0.000572712
0.000549737
0.00053379
0.00050555
0.000489283
0.00047009
0.000456923
0.000361171
0.000349876
0.000336893
0.00032828
0.000209251
0.000203247
0.000196799
0.000192926
0.00012135
0.00011844
0.000115745
0.000114546
0.000556481
0.000541732
0.000524586
0.000513036
0.000395835
0.000385478
0.000373772
0.000366176
0.000226716
0.000221078
0.000215131
0.000211655
0.000128883
0.00012604
0.000123422
0.000122268
0.000606951
0.000561121
0.000504439
0.00046335
0.000498439
0.000461314
0.00041561
0.000382646
0.000376421
0.000349276
0.000316166
0.00029254
0.000297563
0.000277028
0.000252271
0.000234845
0.000259706
0.000242317
0.000221505
0.000206984
0.000195176
0.000182925
0.000168542
0.000158744
0.000126885
0.000120025
0.000112382
0.000107529
8.68576e-05
8.31075e-05
7.93453e-05
7.73389e-05
0.000323458
0.000305392
0.000283717
0.000268552
0.000238525
0.000225969
0.000211215
0.000201155
0.000148905
0.000142133
0.000134622
0.000129892
9.66621e-05
9.32212e-05
8.98631e-05
8.81775e-05
8.75346e-05
7.05856e-05
5.11776e-05
3.83694e-05
7.67741e-05
6.22343e-05
4.56253e-05
3.46849e-05
6.53072e-05
5.34981e-05
4.00853e-05
3.12981e-05
5.84632e-05
4.84134e-05
3.70739e-05
2.96952e-05
5.48549e-05
4.56999e-05
3.54034e-05
2.87261e-05
4.74402e-05
3.99554e-05
3.16249e-05
2.62871e-05
3.9489e-05
3.38773e-05
2.77582e-05
2.39328e-05
3.47094e-05
3.02779e-05
2.55588e-05
2.26967e-05
9.44137e-05
8.26706e-05
6.90739e-05
5.99381e-05
7.78855e-05
6.87719e-05
5.83554e-05
5.14624e-05
6.00858e-05
5.38058e-05
4.68255e-05
4.23634e-05
4.93585e-05
4.47815e-05
3.98731e-05
3.68827e-05
0.00667955
0.00636012
0.00598202
0.00572074
0.00552575
0.00525479
0.00493626
0.00471783
0.00416245
0.00395103
0.00370576
0.00354011
0.00324067
0.00307144
0.00287767
0.00274887
0.00278895
0.00264053
0.00247175
0.00236051
0.00201746
0.00190388
0.0017779
0.00169735
0.00120595
0.00113134
0.00105245
0.00100511
0.000757614
0.000705457
0.000652728
0.000623232
0.00350543
0.00328562
0.00303556
0.00287056
0.00253892
0.002376
0.00219612
0.00208159
0.00152329
0.00142043
0.00131314
0.00124988
0.00096669
0.00089678
0.000826985
0.000788703
0.000564404
0.000522292
0.000481211
0.000459548
0.000314573
0.000287234
0.000262039
0.000250051
0.000291445
0.000265322
0.000237283
0.000220068
0.000527411
0.000486692
0.000436176
0.000399567
0.000726389
0.000672972
0.000604683
0.000553739
0.00127085
0.00118278
0.00106705
0.000978305
0.00239097
0.00222718
0.00201096
0.00184452
0.00358288
0.00333497
0.00300926
0.0027597
0.00101814
0.0009417
0.000836
0.000752034
0.00172958
0.00161053
0.00144753
0.00131849
0.00318262
0.00298089
0.00270708
0.00249143
0.00473089
0.00444046
0.00405119
0.00374752
0.000652672
0.000691637
0.000730978
0.00074935
0.000388825
0.000402205
0.000416537
0.000423354
0.000480158
0.000471045
0.000454986
0.000439139
0.000998922
0.000934407
0.000868477
0.000821332
0.00132856
0.00124496
0.00114815
0.00108328
0.00238875
0.00220891
0.00197054
0.00178843
0.00439856
0.0040588
0.00360106
0.00324376
0.00639249
0.00593018
0.00531339
0.00482198
0.000398463
0.000497366
0.000911979
0.00127685
0.00052011
0.000740276
0.00179514
0.00296927
0.00291547
0.00212597
0.00391775
0.00605997
0.00980043
0.0046431
0.00632281
0.00897748
0.00333792
0.00321241
0.00306023
0.00295215
0.00276014
0.00265613
0.00253094
0.00244272
0.00207307
0.00199441
0.00190103
0.00183619
0.00160467
0.00154305
0.00147097
0.00142176
0.00137387
0.0013207
0.00125909
0.00121747
0.000982992
0.00094415
0.00090023
0.000871408
0.000571829
0.000547727
0.000521795
0.00050583
0.000338489
0.000322352
0.000305859
0.000296441
0.00160748
0.00153788
0.00145753
0.0014035
0.00115018
0.00109921
0.00104182
0.00100436
0.000671513
0.000639738
0.000605718
0.000584915
0.000402918
0.00038147
0.000359653
0.00034729
0.000239568
0.00022691
0.000214422
0.000207687
0.000109413
0.000101216
9.35825e-05
8.98706e-05
6.48442e-05
5.70813e-05
4.88242e-05
4.38015e-05
0.000130695
0.000118858
0.000104403
9.40405e-05
0.000197927
0.000182724
0.000163436
0.000149075
0.000389469
0.000365113
0.000333054
0.000308356
0.000778794
0.000735671
0.000678325
0.000633751
0.00118405
0.0011213
0.00103798
0.000973319
0.000276357
0.000254753
0.000227486
0.000207318
0.0005187
0.000484188
0.000439055
0.000404528
0.00100966
0.000948651
0.000868029
0.000805778
0.00152106
0.0014322
0.00131495
0.00122453
0.000354588
0.000331972
0.000309816
0.00029803
0.000182667
0.00016759
0.000153558
0.000146751
0.000146353
0.000131354
0.00011536
0.000105616
0.000271863
0.000248561
0.000220256
0.000200135
0.000384601
0.000354814
0.00031725
0.000289516
0.000697344
0.000649613
0.000587314
0.000539776
0.00133039
0.00124546
0.00113354
0.00104739
0.0019914
0.00186702
0.00170341
0.00157772
0.000530446
0.000490468
0.000439928
0.000402554
0.000940187
0.000875454
0.000790872
0.000726292
0.00177365
0.00165621
0.00150154
0.00138263
0.00264984
0.00247526
0.00224607
0.0020704
0.00214592
0.00210872
0.00206488
0.00203479
0.00177533
0.00174365
0.00170655
0.00168129
0.00133364
0.00130891
0.00128034
0.00126119
0.00103066
0.00101096
0.000988507
0.000973705
0.000882065
0.00086495
0.000845635
0.000833065
0.000631094
0.000618436
0.000604518
0.000595764
0.000363318
0.000355478
0.000347283
0.00034249
0.000206652
0.000201655
0.000196702
0.000194046
0.000957517
0.000934758
0.00090866
0.000891297
0.00068528
0.00066856
0.000649856
0.00063779
0.000395301
0.000384981
0.000373991
0.000367359
0.000226353
0.000219693
0.000212962
0.00020921
0.000140426
0.000136682
0.000133127
0.000131365
5.11485e-05
4.91297e-05
4.73877e-05
4.66921e-05
7.16735e-06
5.98613e-06
4.73743e-06
3.97822e-06
3.07343e-05
2.91042e-05
2.67787e-05
2.48337e-05
6.35758e-05
6.13617e-05
5.80327e-05
5.51399e-05
0.000163801
0.000159866
0.000153828
0.000148529
0.000371748
0.000364276
0.000353042
0.000343334
0.000590153
0.00057912
0.00056282
0.000548921
7.9439e-05
7.53863e-05
6.98039e-05
6.52927e-05
0.000191525
0.00018466
0.000174888
0.000166799
0.000422726
0.000410086
0.000392153
0.000377365
0.000664559
0.000646002
0.000619925
0.000598591
0.000174934
0.000168019
0.000161221
0.000157586
7.01547e-05
6.59946e-05
6.21862e-05
6.0403e-05
2.41545e-05
2.07376e-05
1.71151e-05
1.49127e-05
6.06687e-05
5.55513e-05
4.90965e-05
4.42913e-05
0.000104563
9.78818e-05
8.90845e-05
8.22708e-05
0.000234291
0.000223298
0.000208277
0.00019628
0.000500419
0.000480567
0.000453313
0.00043148
0.000777982
0.000748963
0.000709327
0.000677718
0.000142542
0.000132225
0.00011897
0.000108959
0.000297808
0.000281127
0.000258872
0.000241494
0.000614756
0.000585011
0.000544982
0.000513504
0.000944806
0.000901457
0.000843278
0.000797642
0.00180994
0.00179369
0.0017763
0.00176585
0.0014854
0.00147094
0.00145549
0.00144624
0.00110531
0.00109344
0.00108087
0.00107344
0.000848667
0.000838912
0.000828691
0.000822757
0.000724472
0.000715851
0.000706913
0.000701814
0.00051593
0.000509319
0.000502665
0.000499055
0.00029438
0.000290131
0.000286069
0.000284075
0.000164985
0.000162295
0.000159856
0.000158796
0.000752049
0.00074298
0.000733509
0.000728034
0.000536459
0.000529517
0.000522474
0.000518594
0.000306931
0.00030247
0.00029817
0.000296016
0.000172574
0.000169737
0.000167138
0.000165974
0.000110717
0.00010874
0.000107026
0.000106365
3.74512e-05
3.65174e-05
3.58158e-05
3.56664e-05
5.19343e-07
4.88421e-07
4.5672e-07
4.3536e-07
1.90447e-05
1.93737e-05
1.93854e-05
1.90736e-05
4.60115e-05
4.64095e-05
4.6298e-05
4.57278e-05
0.000129703
0.000130036
0.00012948
0.000128297
0.000306554
0.000306688
0.000305357
0.000303189
0.000496061
0.00049607
0.00049418
0.000491281
4.68343e-05
4.70645e-05
4.67486e-05
4.60313e-05
0.000132095
0.000132188
0.000131324
0.000129911
0.00031168
0.00031144
0.000309624
0.000307089
0.000503217
0.000502737
0.000500211
0.000496828
0.000122266
0.000119901
0.000117783
0.000116878
4.24455e-05
4.1277e-05
4.03499e-05
4.008e-05
1.71998e-06
1.43004e-06
1.12281e-06
9.32353e-07
2.08049e-05
2.06863e-05
2.01629e-05
1.94755e-05
4.91476e-05
4.89459e-05
4.80972e-05
4.69952e-05
0.000137069
0.00013644
0.000134647
0.000132536
0.000321485
0.000319951
0.000316449
0.00031263
0.00051717
0.000514816
0.000509845
0.000504595
5.41881e-05
5.32085e-05
5.13991e-05
4.96023e-05
0.000146763
0.000144838
0.000141377
0.000138011
0.000339944
0.000336066
0.000329509
0.000323361
0.00054385
0.000538069
0.000528619
0.000519947
0.00153769
0.00150596
0.00146805
0.00144161
0.00125206
0.0012257
0.00119443
0.00117281
0.000923306
0.000903452
0.000880223
0.000864434
0.000705137
0.000689847
0.000672235
0.000660506
0.000600729
0.000587673
0.000572798
0.000563036
0.00042639
0.00041707
0.000406766
0.000400281
0.000242661
0.00023741
0.00023199
0.00022893
0.000136297
0.000133502
0.000130936
0.000129808
0.00063838
0.000626986
0.000614333
0.000606314
0.000452895
0.000444593
0.00043566
0.000430254
0.000257115
0.000252245
0.000247338
0.00024468
0.000143602
0.000140853
0.000138338
0.000137236
9.18648e-05
9.00918e-05
8.86721e-05
8.82817e-05
3.18085e-05
3.13667e-05
3.13716e-05
3.18375e-05
2.25371e-06
2.53582e-06
3.03366e-06
3.53924e-06
1.89818e-05
1.90023e-05
1.87929e-05
1.8484e-05
4.23317e-05
4.18803e-05
4.08641e-05
3.97928e-05
0.000114818
0.000112864
0.00010957
0.000106512
0.000270523
0.000265547
0.000257871
0.000251122
0.000440252
0.000432124
0.000420016
0.000409631
4.42672e-05
4.41562e-05
4.34767e-05
4.25682e-05
0.000121623
0.000120544
0.00011826
0.000115864
0.000286702
0.000283635
0.000278276
0.000273156
0.000465789
0.000460665
0.000452259
0.000444529
0.000100882
9.89882e-05
9.73803e-05
9.68075e-05
3.36829e-05
3.29201e-05
3.245e-05
3.24934e-05
6.63489e-07
7.56815e-07
9.06504e-07
1.04871e-06
1.92687e-05
1.95383e-05
1.95038e-05
1.91919e-05
4.53152e-05
4.54924e-05
4.51248e-05
4.43952e-05
0.000125794
0.00012546
0.000124071
0.000122292
0.000296827
0.000295396
0.000292072
0.000288425
0.000481609
0.000479069
0.000473913
0.000468568
4.57377e-05
4.61009e-05
4.59473e-05
4.53517e-05
0.000128099
0.000128266
0.000127498
0.000126162
0.000302617
0.000302312
0.000300415
0.000297823
0.000490415
0.000489676
0.000486819
0.00048319
0.000961979
0.000913342
0.000852963
0.000808987
0.00078407
0.000744677
0.000696017
0.000660773
0.000582193
0.000553518
0.00051845
0.00049334
0.000450272
0.000428786
0.000402836
0.00038453
0.000387271
0.00036921
0.000347573
0.00033246
0.00028153
0.00026906
0.00025445
0.000244526
0.000170152
0.000163565
0.000156311
0.000151794
0.000105473
0.000102279
9.92346e-05
9.77892e-05
0.000448659
0.000431235
0.000410474
0.000396065
0.000322797
0.000310769
0.000296778
0.000287358
0.000190342
0.000184017
0.000177125
0.000172898
0.00011361
0.00011059
0.000107762
0.000106474
7.73883e-05
7.55484e-05
7.41493e-05
7.38763e-05
3.69965e-05
3.68268e-05
3.73982e-05
3.84791e-05
1.27682e-05
1.31901e-05
1.42956e-05
1.56122e-05
1.71963e-05
1.67791e-05
1.66457e-05
1.6911e-05
2.72377e-05
2.5841e-05
2.43608e-05
2.35446e-05
6.26026e-05
5.83905e-05
5.3121e-05
4.9311e-05
0.000146351
0.000136511
0.000123818
0.00011426
0.000241819
0.00022604
0.000205614
0.000190144
3.1576e-05
3.02799e-05
2.87188e-05
2.76816e-05
7.81016e-05
7.40453e-05
6.87091e-05
6.46449e-05
0.000183589
0.000174054
0.00016139
0.000151575
0.000301684
0.000286396
0.000266147
0.000250464
8.42364e-05
8.25696e-05
8.1338e-05
8.11452e-05
3.31273e-05
3.29985e-05
3.35086e-05
3.44519e-05
6.31951e-06
6.78282e-06
7.70932e-06
8.7085e-06
1.80063e-05
1.77708e-05
1.75189e-05
1.74206e-05
3.5774e-05
3.46864e-05
3.31841e-05
3.2025e-05
9.26132e-05
8.90448e-05
8.40747e-05
8.00811e-05
0.000218088
0.000209601
0.000197931
0.000188592
0.000356869
0.000343229
0.000324666
0.000309917
3.94551e-05
3.86621e-05
3.7353e-05
3.61864e-05
0.000105079
0.000102251
9.80063e-05
9.4376e-05
0.000247539
0.000240658
0.000230755
0.000222509
0.000403784
0.000392666
0.000376979
0.000364112
0.000294692
0.000260703
0.000219509
0.000190344
0.000246544
0.000218725
0.000185152
0.000161493
0.00019318
0.000172342
0.000147413
0.000130019
0.00015936
0.00014307
0.000123786
0.000110492
0.000142849
0.00012874
0.000112137
0.00010077
0.000113444
0.000102958
9.08081e-05
8.2646e-05
8.19935e-05
7.53437e-05
6.79185e-05
6.31617e-05
6.32387e-05
5.88401e-05
5.41925e-05
5.14429e-05
0.00019866
0.000182618
0.000163538
0.000150319
0.000152987
0.000141436
0.000127938
0.000118787
0.00010444
9.76108e-05
8.99851e-05
8.51165e-05
7.57703e-05
7.16809e-05
6.74631e-05
6.50819e-05
5.3614e-05
5.02154e-05
4.67892e-05
4.49132e-05
3.65807e-05
3.4663e-05
3.302e-05
3.23978e-05
2.17646e-05
2.08571e-05
2.04136e-05
2.06231e-05
1.63422e-05
1.5467e-05
1.50382e-05
1.52414e-05
1.43138e-05
1.32184e-05
1.25035e-05
1.24914e-05
1.40842e-05
1.20819e-05
1.0161e-05
9.20982e-06
2.52165e-05
2.08554e-05
1.59344e-05
1.2749e-05
4.30716e-05
3.59485e-05
2.75772e-05
2.18691e-05
1.66698e-05
1.54823e-05
1.46547e-05
1.4583e-05
2.2387e-05
1.96076e-05
1.66888e-05
1.50045e-05
4.66258e-05
4.02861e-05
3.28127e-05
2.77099e-05
7.90117e-05
6.8723e-05
5.62642e-05
4.74711e-05
6.84673e-05
6.59945e-05
6.38037e-05
6.2932e-05
3.98529e-05
3.90464e-05
3.88639e-05
3.9407e-05
1.9284e-05
1.92503e-05
1.99298e-05
2.10264e-05
1.70217e-05
1.64459e-05
1.63668e-05
1.68482e-05
1.95778e-05
1.82731e-05
1.72288e-05
1.69624e-05
3.36475e-05
3.0148e-05
2.6211e-05
2.37047e-05
7.51583e-05
6.70551e-05
5.71774e-05
5.01702e-05
0.000126138
0.000113065
9.68489e-05
8.50984e-05
2.31405e-05
2.175e-05
2.04618e-05
1.99235e-05
4.73741e-05
4.33618e-05
3.85879e-05
3.53272e-05
0.000109231
9.98918e-05
8.81738e-05
7.95977e-05
0.000181754
0.000166747
0.000147729
0.000133632
7.17182e-06
4.31543e-06
1.66663e-06
5.42494e-07
5.73892e-06
3.51802e-06
1.42672e-06
6.13085e-07
5.17624e-06
3.48679e-06
1.86694e-06
1.40663e-06
5.67091e-06
4.0575e-06
2.53712e-06
2.28909e-06
6.35583e-06
4.64077e-06
2.76093e-06
1.99715e-06
6.96755e-06
4.89552e-06
2.65704e-06
1.57771e-06
8.01274e-06
5.48149e-06
2.82822e-06
1.44356e-06
8.97229e-06
6.13904e-06
3.23074e-06
1.68628e-06
2.49661e-05
1.87422e-05
1.22693e-05
8.51055e-06
2.31315e-05
1.78311e-05
1.23308e-05
9.13735e-06
2.1497e-05
1.72044e-05
1.27677e-05
1.01941e-05
2.07419e-05
1.70715e-05
1.32931e-05
1.11046e-05
9.03125e-06
6.19231e-06
3.31672e-06
1.79047e-06
7.72138e-06
5.17382e-06
2.73775e-06
1.60184e-06
6.19238e-06
4.12223e-06
2.36225e-06
1.85277e-06
5.17451e-06
3.49946e-06
2.32819e-06
2.39709e-06
3.94557e-06
2.60747e-06
2.12605e-06
2.98539e-06
1.69244e-06
1.09798e-06
1.02406e-06
1.68254e-06
1.66494e-07
8.9723e-08
2.01691e-07
5.54052e-07
1.8816e-07
2.36411e-07
2.80675e-07
3.67815e-07
7.01914e-06
5.86411e-06
4.78347e-06
4.22579e-06
3.24954e-06
2.57136e-06
1.97054e-06
1.68726e-06
8.80967e-07
5.14776e-07
2.19522e-07
1.05466e-07
1.00168e-06
6.86958e-07
4.30802e-07
3.31158e-07
3.14577e-05
2.76447e-05
2.36548e-05
2.12914e-05
2.41963e-05
2.14714e-05
1.87232e-05
1.71775e-05
1.66898e-05
1.49496e-05
1.33215e-05
1.25121e-05
1.24997e-05
1.11811e-05
1.00298e-05
9.53255e-06
9.89245e-06
8.77477e-06
7.85963e-06
7.52857e-06
5.38899e-06
4.50052e-06
3.7881e-06
3.5458e-06
3.84207e-06
2.69565e-06
1.6128e-06
1.0722e-06
6.07268e-06
4.31616e-06
2.48115e-06
1.40694e-06
1.21982e-05
1.11262e-05
1.03759e-05
1.02671e-05
8.64303e-06
7.31302e-06
6.17244e-06
5.72817e-06
1.12788e-05
8.75237e-06
6.08307e-06
4.50077e-06
1.91533e-05
1.5031e-05
1.03898e-05
7.38796e-06
