FiniteElementSpace
FiniteElementCollection: H1_2D_P2
VDim: 2
Ordering: 0

0
1.12017
2.15745
3.11931
4.01938
4.85501
5.62074
6.32547
6.99585
0
0.891092
1.7774
2.63575
3.45027
4.21081
4.91823
5.58851
6.24648
0.567304
1.01126
0.445174
0
1.6497
1.97334
1.3365
2.64653
2.88338
2.21118
3.57695
3.74117
3.0493
4.44576
4.5394
3.83758
5.24653
5.27473
4.57051
5.97938
5.9597
5.25648
6.66294
6.62201
5.91768
0.509053
1.49914
2.43465
3.31918
4.1482
4.9146
5.622
6.29174
0.282913
0.536087
0.25384
0
1.38785
1.5745
1.25697
1.06519
2.40415
2.54142
2.20557
2.06589
3.35
3.44933
3.10294
3.00243
4.23465
4.29835
3.94662
3.88164
5.05299
5.08165
4.72897
4.69848
5.80184
5.80118
5.44978
5.44854
6.49501
6.47732
6.12618
6.14277
0.846481
0.761911
0.954765
0.667914
0.481191
0.223468
0
1.9061
1.73789
1.87784
1.5577
1.42084
1.11415
2.88486
2.66059
2.7614
2.42473
2.32498
1.99532
3.80011
3.53197
3.59753
3.25144
3.186
2.84401
4.65258
4.34582
4.37712
4.02594
3.99481
3.64568
5.43572
5.09644
5.09833
4.74573
4.74455
4.39228
6.15376
5.79181
5.77527
5.42306
5.4408
5.08835
6.8298
6.80881
6.45682
6.43466
6.0821
6.10544
5.75325
0.264693
1.32222
2.30553
3.22766
4.09202
4.89217
5.62647
6.31066
0.803215
0.718695
0.242928
1.8223
1.65053
1.18887
2.77369
2.54459
2.1027
3.66737
3.39348
2.97525
4.50053
4.18785
3.79802
5.26703
4.92303
4.56265
5.97311
5.60881
5.27079
6.64321
6.27002
5.94067
0.13802
0.272471
0.13008
0
1.25476
1.3548
1.19432
1.09236
2.28136
2.35491
2.1862
2.11168
3.23513
3.28909
3.11549
3.06109
4.12753
4.16365
3.98733
3.95083
4.95457
4.97284
4.79586
4.77703
5.71177
5.71426
5.53793
5.53479
6.41048
6.40279
6.2269
6.2341
0.707475
0.824414
0.670314
0.551027
0.635895
0.740848
0.600056
0.495658
0.126321
0.248679
0.122403
0
1.77856
1.86413
1.69894
1.61195
1.61894
1.69473
1.53597
1.46053
1.13457
1.22349
1.07208
0.983579
2.76619
2.82945
2.658
2.5941
2.54802
2.60302
2.43513
2.38026
2.08985
2.15459
1.99058
1.92608
3.68901
3.73404
3.55881
3.51342
3.42602
3.46314
3.29016
3.253
2.99357
3.03951
2.8687
2.8228
4.54972
4.57686
4.39997
4.37237
4.24751
4.26728
4.0918
4.07195
3.84437
3.87275
3.69823
3.66977
5.34167
5.35156
5.17484
5.16431
5.00598
5.01015
4.8342
4.83001
4.63469
4.64625
4.47034
4.45871
6.06694
6.06346
5.88746
5.89034
5.70717
5.70058
5.52503
5.53172
5.36264
5.36064
5.18489
5.18692
6.74647
6.73645
6.56033
6.57007
6.37431
6.36351
6.18773
6.19873
6.04309
6.03361
5.85808
5.86772
0.426015
0.400681
0.522299
0.381556
0.259128
0
1.51949
1.44894
1.537
1.37849
1.28973
1.03828
2.52586
2.42394
2.48831
2.3205
2.25581
2.01985
3.46395
3.33895
3.3846
3.21149
3.16563
2.94322
4.34074
4.1957
4.22365
4.0479
4.01969
3.81177
5.15032
4.98743
4.99844
4.82227
4.81091
4.6193
5.89104
5.7142
5.71177
5.53622
5.53835
5.36189
6.57914
6.39411
6.38457
6.20905
6.2185
6.05134
0.98409
0.934831
0.887043
0.782485
0.836959
0.924131
0.779464
0.69463
0.556462
0.46457
0.3622
0.334067
0.234847
0.113748
0
2.03238
1.94461
1.85602
1.78031
1.76449
1.82837
1.66775
1.60495
1.44725
1.37962
1.30513
1.22543
1.15258
1.00266
3.00256
2.8885
2.77239
2.71744
2.65335
2.69908
2.53056
2.4852
2.31825
2.26867
2.21417
2.10351
2.04967
1.88659
3.91024
3.77498
3.63703
3.60003
3.49594
3.52439
3.35127
3.32294
3.15077
3.11812
3.08103
2.94703
2.91011
2.74023
4.75436
4.60004
4.44311
4.42354
4.28296
4.29453
4.11881
4.10744
3.9322
3.91672
3.89688
3.74206
3.72235
3.5484
5.52875
5.35826
5.18601
5.18203
5.01105
5.00881
4.8323
4.83494
4.65848
4.6581
4.65404
4.48179
4.47803
4.30196
6.23992
6.05819
5.87596
5.88261
5.6922
5.68224
5.50589
5.51634
5.33994
5.3491
5.35607
5.17264
5.18007
5.00356
6.91292
6.90223
6.726
6.71543
6.53936
6.55002
6.52844
6.35233
6.34069
6.16429
6.17623
5.99987
6.01178
6.02311
5.83548
5.84725
5.67094
0.132609
1.22426
2.23381
3.17555
4.05775
4.87548
5.62497
6.31866
0.688369
0.61851
0.124574
1.73864
1.57799
1.10389
2.71225
2.492
2.04069
3.62421
3.3585
2.93155
4.47515
4.1701
3.77173
5.25846
4.92051
4.55296
5.97724
5.61639
5.27413
6.65335
6.28114
5.95079
0.412473
0.390816
0.128125
1.48402
1.41387
1.16454
2.475
2.37249
2.13828
3.40172
3.27555
3.05485
4.26854
4.12217
3.91622
5.06911
4.90518
4.71562
5.8027
5.62541
5.45053
6.48657
6.30164
6.13509
0.959083
0.910934
0.652937
0.862559
0.809481
0.579627
0.372366
0.349549
0.119711
1.98846
1.90054
1.65914
1.81076
1.71691
1.49251
1.34237
1.26629
1.03851
2.94573
2.83075
2.6033
2.71329
2.59248
2.37725
2.26779
2.15946
1.93929
3.84292
3.70637
3.49277
3.56691
3.42409
3.22094
3.14667
3.0145
2.80496
4.67749
4.52194
4.32411
4.36348
4.20143
4.01253
3.97283
3.81998
3.62381
5.44367
5.27241
5.09071
5.09893
4.92222
4.74691
4.73859
4.56849
4.38672
6.14906
5.9672
5.79748
5.78433
5.59943
5.43292
5.44648
5.26484
5.09475
6.8194
6.63269
6.46735
6.44594
6.25847
6.094
6.11624
5.92955
5.76483
0
0.195624
0.555966
1.03525
1.60661
2.26094
2.98075
3.73441
4.48901
1
1.14939
1.46286
1.89308
2.4118
3.00948
3.67835
4.40152
5.15133
0.0820829
0.651867
1.05423
0.5
0.357548
0.996268
1.28862
0.783246
1.45421
1.66578
1.31001
2.00055
2.14221
1.92412
2.62807
2.70112
2.61439
3.32494
3.33579
3.35561
4.06635
4.03466
4.11303
4.82028
4.77511
0.541267
0.806871
1.21335
1.71689
2.30461
2.9691
3.69203
4.44374
0.0470537
0.306176
0.507655
0.25
0.271374
0.578187
0.724521
0.418918
0.666323
0.995511
1.10165
0.772802
1.16985
1.51123
1.58289
1.24229
1.76283
2.11236
2.15008
1.80148
2.43579
2.78997
2.79654
2.44259
3.16741
3.52253
3.50732
3.15127
3.92396
4.27789
4.25492
3.89946
0.13198
0.590289
0.895255
1.09558
0.790347
1.02766
0.75
0.452771
0.897764
1.2264
1.37181
1.04377
1.21414
0.906315
1.33097
1.67114
1.77658
1.43684
1.56105
1.45563
1.85613
2.20393
2.2745
1.92717
2.01502
2.09025
2.46401
2.81709
2.85297
2.50084
2.55403
2.79622
3.14537
3.5009
3.50518
3.1512
3.17048
3.5448
3.87855
4.23407
4.217
3.86309
3.85497
4.30134
4.65444
4.63238
4.98622
4.96311
4.60981
4.58773
0.269885
0.493523
0.880958
1.37406
1.9544
2.61432
3.33592
4.08873
0.355923
0.836538
0.758758
0.671619
1.13127
0.964753
1.11605
1.55117
1.32844
1.65373
2.063
1.79652
2.27517
2.65662
2.34991
2.96911
3.32428
2.98203
3.71056
4.04773
3.68066
4.46651
4.79821
4.4216
0.0288333
0.156791
0.258229
0.125
0.232085
0.381373
0.454868
0.306112
0.610291
0.772895
0.826046
0.663568
1.10185
1.27139
1.30749
1.13817
1.68406
1.8581
1.8773
1.70353
2.34786
2.52456
2.52794
2.35127
3.07384
3.25125
3.24332
3.06556
3.82922
4.00612
3.99408
3.81665
0.105194
0.242724
0.329302
0.192997
0.564102
0.711853
0.811764
0.663956
0.500194
0.631461
0.751161
0.625
0.404099
0.561298
0.623873
0.466883
0.851308
1.01361
1.08652
0.924295
0.686897
0.84347
0.928741
0.772216
0.844031
1.01055
1.05505
0.888693
1.27144
1.44041
1.49329
1.32439
1.04813
1.21429
1.27659
1.11051
1.38214
1.55415
1.58182
1.41008
1.78586
1.959
1.99444
1.82144
1.51787
1.6891
1.73316
1.56204
2.00659
2.18221
2.19317
2.01773
2.38372
2.55985
2.57814
2.40223
2.07468
2.24947
2.2763
2.10169
2.70492
2.8822
2.87913
2.7017
3.0568
3.23454
3.23728
3.05981
2.71177
2.8889
2.89902
2.72215
3.45011
3.62733
3.6164
3.43869
3.7851
3.96306
3.95517
3.77743
3.41581
3.5938
3.59042
3.41268
4.20729
4.38381
4.37229
4.1953
4.53811
4.71536
4.70401
4.52681
4.16057
4.33826
4.32772
4.15017
0.0626084
0.286328
0.422127
0.522344
0.387115
0.375
0.313245
0.534681
0.691503
0.764557
0.607883
0.534129
0.723993
0.937461
1.10372
1.15674
0.990537
0.883696
1.23924
1.44197
1.61349
1.64923
1.47788
1.34763
1.84284
2.03276
2.20799
2.22673
2.05173
1.90049
2.52464
2.70168
2.87913
2.88233
2.70499
2.53487
3.26135
3.42902
3.60702
3.59942
3.42132
3.23776
4.01858
4.18335
4.36073
4.34933
4.1717
3.98274
0.162149
0.385861
0.619594
0.47171
0.864459
1.02099
1.12108
0.964434
1.07332
0.920426
0.772645
1.03894
0.890784
1.0162
0.875
0.503427
0.721292
0.946111
0.783766
1.17793
1.34388
1.41643
1.25071
1.32922
1.16524
1.00314
1.25027
1.08834
1.18053
0.970059
1.17847
1.39189
1.22285
1.61047
1.78149
1.83415
1.66324
1.72047
1.55065
1.38187
1.61265
1.44405
1.51113
1.53045
1.72695
1.9277
1.75438
2.13283
2.30729
2.34254
2.16816
2.20773
2.03409
1.86119
2.07798
1.90516
1.9534
2.17504
2.35832
2.54547
2.36911
2.73628
2.91286
2.93066
2.75433
2.77646
2.60047
2.42476
2.62698
2.45142
2.48231
2.88818
3.05985
3.23477
3.05687
3.41218
3.58949
3.59131
3.41452
3.42
3.24321
3.06611
3.25262
3.0759
3.08943
3.63958
3.80493
3.97232
3.79434
4.14072
4.3179
4.30902
4.13243
4.12553
3.94888
3.77157
3.94446
3.76775
3.76625
4.39524
4.57166
4.56054
4.7373
4.72645
4.54939
4.90329
4.89232
5.06898
5.05722
4.88083
4.86907
4.69262
4.51565
4.68131
4.50481
4.49445
0.141217
0.342361
0.717388
1.20409
1.78017
2.4374
3.15815
3.91139
0.216055
0.686227
0.624489
0.513046
0.967947
0.806566
0.94888
1.38168
1.16158
1.48144
1.88957
1.6249
2.09938
2.48044
2.17495
2.79155
3.14672
2.80499
3.53289
3.87003
3.5029
4.28965
4.62111
4.24413
0.173239
0.402628
0.378061
0.422934
0.648539
0.569683
0.830012
1.04636
0.936289
1.34005
1.54502
1.41208
1.93729
2.12924
1.97547
2.61267
2.79158
2.61941
3.34478
3.51394
3.32924
4.10077
4.26624
4.07718
0.272817
0.5014
0.445211
0.740576
0.99129
0.940775
0.645573
0.903727
0.880988
0.611504
0.832821
0.736617
1.06115
1.29638
1.20697
0.882755
1.12567
1.05341
1.07365
1.28454
1.16256
1.50054
1.72168
1.60623
1.26858
1.49658
1.39313
1.62818
1.82679
1.68328
2.02971
2.2371
2.10049
1.75461
1.96898
1.84267
2.26618
2.45143
2.28795
2.64043
2.83302
2.6768
2.32523
2.52534
2.37874
2.97355
3.14695
2.96758
3.32321
3.50157
3.32839
2.97386
3.15904
2.99384
3.72194
3.88844
3.70051
4.05646
4.22496
4.04038
3.68534
3.85798
3.67823
4.4778
4.64345
4.45513
4.80944
4.97495
4.7867
4.4325
4.59863
4.41121
