FiniteElementSpace
FiniteElementCollection: L2_2D_P3
VDim: 1
Ordering: 0

0.00171786
0.000926012
0.00114101
0.00148629
0.00070619
0.000528191
0.000831165
0.00121986
0.000222289
0.000258602
0.000511018
0.000812024
0.000151629
0.000182537
0.000329571
0.000492594
0.000717969
0.000689338
0.000653683
0.000627619
0.000582345
0.000559278
0.000530713
0.000509954
0.000427367
0.00041071
0.000390309
0.000375657
0.000325841
0.000313412
0.00029839
0.00028776
0.00035669
0.000337251
0.000312919
0.000295046
0.000293938
0.000278245
0.000258691
0.000244397
0.000222754
0.000211455
0.000197515
0.000187438
0.000176354
0.000168014
0.000157865
0.000150642
0.00010395
9.1005e-05
7.54145e-05
6.4467e-05
9.05004e-05
7.9885e-05
6.71619e-05
5.8282e-05
7.71675e-05
6.93004e-05
5.99874e-05
5.35892e-05
6.98896e-05
6.39073e-05
5.69574e-05
5.2299e-05
3.15975e-07
1.44829e-06
4.41014e-06
7.81736e-06
1.58267e-06
1.59606e-06
2.86472e-06
4.79071e-06
6.9369e-06
5.85222e-06
5.46039e-06
5.93364e-06
1.34847e-05
1.18069e-05
1.05212e-05
1.0214e-05
9.14024e-05
9.81115e-05
0.000107069
0.000114071
5.89475e-05
6.35088e-05
6.9646e-05
7.44676e-05
2.95519e-05
3.18196e-05
3.49835e-05
3.7536e-05
1.5766e-05
1.66097e-05
1.79661e-05
1.91691e-05
0.000124793
0.000119334
0.00011223
0.000106819
8.39978e-05
8.05355e-05
7.60317e-05
7.2613e-05
4.50503e-05
4.35382e-05
4.16157e-05
4.0209e-05
2.48657e-05
2.44146e-05
2.39394e-05
2.36924e-05
2.51237e-05
2.03925e-05
1.49904e-05
1.14368e-05
1.88648e-05
1.55079e-05
1.17497e-05
9.33809e-06
1.40698e-05
1.20036e-05
9.80525e-06
8.48991e-06
1.28032e-05
1.13732e-05
9.95338e-06
9.19305e-06
0.000907709
0.000888456
0.000864785
0.000847697
0.00075741
0.000735438
0.000708354
0.00068872
0.000574578
0.00055248
0.00052524
0.000505524
0.000448003
0.000427625
0.00040269
0.000384788
6.10208e-05
5.81919e-05
5.59458e-05
5.51877e-05
3.01789e-05
2.82969e-05
2.70296e-05
2.68839e-05
3.27114e-05
2.92459e-05
2.56731e-05
2.36256e-05
6.76916e-05
6.10703e-05
5.32527e-05
4.78708e-05
2.11901e-05
6.49137e-06
1.28917e-05
2.88658e-05
1.90233e-05
2.88934e-06
2.0532e-06
1.02444e-05
1.97114e-05
7.55917e-06
1.51519e-05
2.96074e-05
3.05703e-05
2.2063e-05
4.79951e-05
8.00244e-05
0.000518919
0.000495732
0.000466722
0.000445415
0.000423591
0.000404968
0.000381786
0.000364847
0.00031466
0.00030133
0.000284908
0.000273044
0.000243224
0.000233403
0.00022147
0.000212978
4.2306e-05
4.15581e-05
4.1117e-05
4.11801e-05
2.16227e-05
2.13906e-05
2.15609e-05
2.20486e-05
1.13256e-05
1.07737e-05
1.04846e-05
1.05928e-05
1.65666e-05
1.49884e-05
1.33586e-05
1.24422e-05
4.79882e-05
4.65174e-05
4.53137e-05
4.49169e-05
2.32972e-05
2.24776e-05
2.20195e-05
2.21183e-05
1.7165e-05
1.57962e-05
1.45339e-05
1.39564e-05
3.31808e-05
3.02551e-05
2.69331e-05
2.47624e-05
0.00021905
0.000202281
0.000181475
0.000166347
0.00018338
0.00016979
0.000153006
0.000140867
0.000143918
0.000134063
0.000122023
0.000113422
0.000118878
0.000111558
0.000102751
9.6577e-05
4.03397e-05
4.00478e-05
4.01621e-05
4.06426e-05
2.74694e-05
2.77925e-05
2.8676e-05
2.97208e-05
1.53838e-05
1.59486e-05
1.71478e-05
1.84352e-05
9.89452e-06
1.02074e-05
1.11131e-05
1.2203e-05
4.03706e-05
3.99388e-05
3.98489e-05
4.01461e-05
2.33727e-05
2.34901e-05
2.40751e-05
2.48594e-05
1.1059e-05
1.11348e-05
1.16493e-05
1.23696e-05
9.40625e-06
8.86094e-06
8.58276e-06
8.711e-06
2.50339e-05
1.84199e-05
1.13229e-05
7.06694e-06
2.55645e-05
1.97673e-05
1.3511e-05
9.72602e-06
2.89593e-05
2.42034e-05
1.90787e-05
1.59863e-05
3.33332e-05
2.9355e-05
2.51203e-05
2.26139e-05
4.15561e-05
4.0844e-05
4.05237e-05
4.07492e-05
3.85576e-05
3.85931e-05
3.9219e-05
4.01469e-05
3.43699e-05
3.53821e-05
3.73001e-05
3.92314e-05
3.10403e-05
3.28014e-05
3.5754e-05
3.8522e-05
4.13045e-05
4.09586e-05
4.10679e-05
4.15973e-05
3.31057e-05
3.34437e-05
3.44141e-05
3.55792e-05
2.3575e-05
2.44882e-05
2.62207e-05
2.79779e-05
1.72817e-05
1.83873e-05
2.04211e-05
2.24469e-05
3.16939e-05
3.84376e-05
4.82048e-05
5.64158e-05
1.9401e-05
2.36699e-05
3.0055e-05
3.55501e-05
1.10332e-05
1.27131e-05
1.55877e-05
1.82832e-05
9.79068e-06
9.91559e-06
1.07093e-05
1.17654e-05
2.96507e-05
2.78484e-05
2.59836e-05
2.48882e-05
3.8026e-05
3.68812e-05
3.58593e-05
3.54016e-05
5.29608e-05
5.31374e-05
5.38498e-05
5.47333e-05
6.76296e-05
6.91797e-05
7.17157e-05
7.40252e-05
3.82656e-05
3.69237e-05
3.57597e-05
3.52975e-05
4.09392e-05
4.03708e-05
4.01919e-05
4.04675e-05
4.52446e-05
4.6001e-05
4.75673e-05
4.91952e-05
4.92759e-05
5.12933e-05
5.4556e-05
5.75248e-05
0.000133021
0.000134133
0.000135354
0.000136113
8.78397e-05
8.88047e-05
8.98899e-05
9.05872e-05
4.49012e-05
4.56156e-05
4.64755e-05
4.70788e-05
2.27902e-05
2.32695e-05
2.39286e-05
2.44592e-05
9.82094e-06
9.23209e-06
8.75374e-06
8.60909e-06
2.3668e-05
2.28229e-05
2.2023e-05
2.16416e-05
5.12155e-05
5.00032e-05
4.87433e-05
4.80237e-05
7.9815e-05
7.82933e-05
7.66477e-05
7.56463e-05
1.80932e-05
1.65437e-05
1.48832e-05
1.38548e-05
3.08385e-05
2.95793e-05
2.82953e-05
2.75562e-05
5.50895e-05
5.45369e-05
5.41815e-05
5.4163e-05
7.97171e-05
7.99599e-05
8.06565e-05
8.14587e-05
7.57674e-05
6.80786e-05
5.86353e-05
5.18631e-05
5.25555e-05
4.74151e-05
4.11753e-05
3.67694e-05
3.10955e-05
2.84702e-05
2.54205e-05
2.33934e-05
2.07104e-05
1.94722e-05
1.82059e-05
1.75267e-05
1.41409e-05
1.42587e-05
1.47856e-05
1.54989e-05
1.97348e-05
1.91717e-05
1.88521e-05
1.89472e-05
3.21238e-05
3.01861e-05
2.8157e-05
2.70038e-05
4.56329e-05
4.22563e-05
3.84384e-05
3.59795e-05
9.42235e-06
9.69421e-06
1.03589e-05
1.11352e-05
2.03016e-05
1.98984e-05
1.97119e-05
1.98562e-05
4.28761e-05
4.12082e-05
3.94223e-05
3.8376e-05
6.67925e-05
6.38515e-05
6.04545e-05
5.82082e-05
2.19354e-06
1.37304e-06
6.08318e-07
2.42065e-07
2.40854e-06
1.59408e-06
8.1503e-07
4.14431e-07
3.35763e-06
2.45081e-06
1.56159e-06
1.07557e-06
4.60955e-06
3.53436e-06
2.46861e-06
1.87292e-06
7.97603e-06
6.47368e-06
4.92603e-06
4.00743e-06
7.65254e-06
6.13213e-06
4.56791e-06
3.64427e-06
7.43662e-06
5.81673e-06
4.15322e-06
3.17984e-06
7.43628e-06
5.68419e-06
3.88864e-06
2.84726e-06
1.52694e-05
1.43032e-05
1.34434e-05
1.30751e-05
1.65312e-05
1.52333e-05
1.39756e-05
1.33295e-05
1.99814e-05
1.79445e-05
1.58022e-05
1.454e-05
2.40303e-05
2.1186e-05
1.80792e-05
1.61469e-05
0.00109194
0.00102569
0.000950764
0.000897984
0.000912988
0.000862897
0.000801204
0.000756518
0.000673577
0.00064451
0.000610362
0.000586463
0.00048969
0.000480555
0.000472574
0.000468803
0.000407686
0.000401071
0.000402369
0.000405293
0.0002576
0.000262003
0.000272428
0.000282156
0.000126166
0.000133606
0.000145322
0.000155373
6.64869e-05
7.20283e-05
8.02902e-05
8.67892e-05
0.00011756
0.000123587
0.000246037
0.000384383
6.0339e-05
6.73752e-05
0.000150909
0.000246132
2.99164e-05
2.70143e-05
6.57326e-05
0.000114937
2.31879e-05
1.20132e-05
2.64899e-05
5.09411e-05
0.000613443
0.000587574
0.000555272
0.000531594
0.00049883
0.000478094
0.000452339
0.000433566
0.00036785
0.000353016
0.000334792
0.000321662
0.000282003
0.00027105
0.000257777
0.00024836
0.000240802
0.000231689
0.000220746
0.000213062
0.000171928
0.000165804
0.000158649
0.000153781
0.000100835
9.76987e-05
9.43204e-05
9.22581e-05
6.12295e-05
5.96222e-05
5.81722e-05
5.75398e-05
0.000277267
0.00026684
0.000254344
0.000245586
0.000196326
0.000189152
0.000180772
0.000175072
0.000112998
0.000109147
0.000104962
0.000102373
6.70956e-05
6.497e-05
6.29572e-05
6.19736e-05
0.000285327
0.00026722
0.000244617
0.00022807
0.000236667
0.000222023
0.000203825
0.000190568
0.000181969
0.000171392
0.000158382
0.000149013
0.000146641
0.000138816
0.000129327
0.000122608
0.00012946
0.000122962
0.00011516
0.0001097
9.9875e-05
9.555e-05
9.05009e-05
8.70894e-05
6.82056e-05
6.61218e-05
6.39245e-05
6.26457e-05
4.92503e-05
4.84147e-05
4.78185e-05
4.77482e-05
0.000153872
0.000146957
0.000138621
0.000132754
0.000115602
0.000111018
0.000105642
0.000101981
7.50722e-05
7.28605e-05
7.05025e-05
6.90992e-05
5.12887e-05
5.03611e-05
4.96459e-05
4.94793e-05
5.87221e-05
4.86286e-05
3.68909e-05
2.90005e-05
5.3622e-05
4.51887e-05
3.54167e-05
2.88801e-05
5.01873e-05
4.37413e-05
3.63589e-05
3.14991e-05
4.97278e-05
4.4671e-05
3.89892e-05
3.53482e-05
4.93291e-05
4.49726e-05
4.01356e-05
3.70897e-05
4.73368e-05
4.41575e-05
4.0742e-05
3.86981e-05
4.51071e-05
4.32852e-05
4.15463e-05
4.07149e-05
4.35898e-05
4.26716e-05
4.20809e-05
4.2106e-05
6.61769e-05
6.11204e-05
5.53172e-05
5.14917e-05
5.86922e-05
5.51626e-05
5.12478e-05
4.87908e-05
5.03381e-05
4.84864e-05
4.66747e-05
4.57646e-05
4.49291e-05
4.41208e-05
4.36429e-05
4.37345e-05
1.00151e-05
1.44847e-05
2.15995e-05
2.80269e-05
6.0339e-06
8.55366e-06
1.29198e-05
1.70776e-05
6.19837e-06
6.70911e-06
8.26156e-06
1.01084e-05
9.91171e-06
9.24591e-06
9.16932e-06
9.69134e-06
1.2307e-05
1.11848e-05
1.04526e-05
1.04246e-05
1.63795e-05
1.47083e-05
1.31697e-05
1.24529e-05
2.38925e-05
2.19377e-05
1.99604e-05
1.88532e-05
3.11745e-05
2.93206e-05
2.74562e-05
2.64203e-05
1.69273e-05
1.50573e-05
1.34482e-05
1.28362e-05
2.20843e-05
2.00537e-05
1.81235e-05
1.71782e-05
2.96144e-05
2.76828e-05
2.57921e-05
2.48066e-05
3.58811e-05
3.42536e-05
3.2731e-05
3.20047e-05
0.000117239
0.00012164
0.000127293
0.000131544
7.6633e-05
7.97453e-05
8.37499e-05
8.67612e-05
3.86369e-05
4.03296e-05
4.25592e-05
4.42668e-05
1.96247e-05
2.03984e-05
2.15181e-05
2.2442e-05
1.24843e-05
1.28584e-05
1.34856e-05
1.40539e-05
4.04276e-06
3.83842e-06
3.75631e-06
3.81557e-06
2.46227e-06
1.69719e-06
9.48534e-07
5.46944e-07
8.02043e-06
6.97146e-06
5.89873e-06
5.28431e-06
1.08786e-05
1.11188e-05
1.16974e-05
1.23108e-05
5.5165e-06
4.933e-06
4.45366e-06
4.26869e-06
6.51162e-06
5.22544e-06
3.86543e-06
3.03326e-06
1.30053e-05
1.14539e-05
9.77932e-06
8.73015e-06
0.000103227
9.59108e-05
8.66753e-05
7.9854e-05
7.03511e-05
6.55657e-05
5.95656e-05
5.51785e-05
3.92634e-05
3.69773e-05
3.42084e-05
3.22802e-05
2.34724e-05
2.257e-05
2.16236e-05
2.11077e-05
1.73406e-05
1.70029e-05
1.67919e-05
1.68397e-05
9.19219e-06
9.51996e-06
1.01858e-05
1.09124e-05
5.9055e-06
6.58008e-06
7.73598e-06
8.86657e-06
8.68531e-06
9.25695e-06
1.03214e-05
1.14146e-05
1.69754e-05
1.69513e-05
1.70525e-05
1.7263e-05
6.80808e-06
7.25604e-06
8.00938e-06
8.74741e-06
2.52495e-06
3.16509e-06
4.23198e-06
5.25799e-06
5.70459e-06
6.19518e-06
7.11968e-06
8.07676e-06
9.7596e-06
7.2039e-06
4.47727e-06
2.8415e-06
8.17263e-06
6.20951e-06
4.14919e-06
2.93442e-06
7.71582e-06
6.24315e-06
4.74436e-06
3.892e-06
8.56351e-06
7.24933e-06
5.93858e-06
5.2126e-06
9.06979e-06
7.80365e-06
6.53099e-06
5.81364e-06
9.34312e-06
8.19143e-06
7.05051e-06
6.41911e-06
1.05103e-05
9.32789e-06
8.15395e-06
7.5011e-06
1.20196e-05
1.06766e-05
9.31996e-06
8.54657e-06
1.25269e-05
1.13463e-05
1.02157e-05
9.64841e-06
1.16605e-05
1.08226e-05
1.01042e-05
9.82551e-06
1.24147e-05
1.17054e-05
1.1147e-05
1.0984e-05
1.43893e-05
1.35471e-05
1.28345e-05
1.25677e-05
0.000829614
0.000798929
0.000760862
0.000733151
0.000674096
0.000648622
0.000617172
0.000594394
0.000494967
0.00047595
0.000452708
0.000436061
0.00037674
0.000362277
0.000344826
0.000332505
0.0003201
0.000307863
0.000293195
0.000282917
0.000225929
0.000217243
0.00020708
0.000200153
0.000128663
0.000123762
0.000118389
0.00011502
7.53875e-05
7.25105e-05
6.9692e-05
6.82155e-05
0.000383334
0.000364753
0.000342566
0.00032706
0.000267608
0.000255226
0.000240883
0.00023119
0.000149201
0.000142812
0.000136047
0.000131971
8.56932e-05
8.21553e-05
7.89377e-05
7.74569e-05
5.3577e-05
5.14244e-05
4.95437e-05
4.87751e-05
2.59658e-05
2.47129e-05
2.38457e-05
2.37397e-05
2.26763e-05
2.07635e-05
1.88831e-05
1.78968e-05
4.60845e-05
4.22514e-05
3.77886e-05
3.47759e-05
6.69408e-05
6.15674e-05
5.50999e-05
5.05597e-05
0.000122865
0.000113722
0.000102294
9.39314e-05
0.000233968
0.000217702
0.00019701
0.000181589
0.00034902
0.000325542
0.000295538
0.000273072
9.49532e-05
8.69881e-05
7.69387e-05
6.95362e-05
0.000166711
0.000154686
0.000139258
0.00012769
0.000304725
0.000286064
0.000261877
0.000243536
0.000445428
0.000420586
0.000388339
0.000363817
4.60324e-05
5.06005e-05
5.66129e-05
6.0927e-05
2.37716e-05
2.5572e-05
2.7995e-05
2.97668e-05
3.82813e-05
3.72093e-05
3.57122e-05
3.45058e-05
8.92773e-05
8.37954e-05
7.78639e-05
7.34975e-05
0.000125329
0.000117119
0.000107624
0.000101422
0.00022708
0.000209889
0.000188304
0.000172566
0.000406599
0.000376585
0.000338346
0.00030975
0.00057619
0.00053694
0.000488159
0.000451227
3.71981e-05
3.86122e-05
8.14684e-05
0.000127519
5.07153e-05
6.89132e-05
0.000169308
0.000281556
0.000225237
0.000182268
0.00035162
0.000543455
0.000663516
0.000366604
0.000545536
0.000773706
0.000433982
0.000412924
0.000386552
0.000367165
0.000355812
0.000338852
0.000317711
0.000302247
0.000266685
0.000254511
0.000239488
0.00022862
0.000208323
0.000199351
0.000188428
0.000180646
0.000180129
0.000172693
0.000163727
0.000157407
0.000132507
0.000127584
0.000121808
0.000117866
8.25705e-05
8.01728e-05
7.76047e-05
7.60588e-05
5.38093e-05
5.2743e-05
5.18707e-05
5.1596e-05
0.000208819
0.000200673
0.000190868
0.000183966
0.000151038
0.000145627
0.000139291
0.000134972
9.09851e-05
8.83009e-05
8.54207e-05
8.36762e-05
5.70035e-05
5.57264e-05
5.46292e-05
5.4214e-05
4.10337e-05
4.04725e-05
4.02326e-05
4.04234e-05
2.2157e-05
2.21204e-05
2.25151e-05
2.31566e-05
1.05652e-05
1.03484e-05
1.04801e-05
1.09024e-05
1.19407e-05
1.09117e-05
9.99199e-06
9.61777e-06
1.5791e-05
1.41007e-05
1.23233e-05
1.1297e-05
2.95377e-05
2.61782e-05
2.22265e-05
1.95398e-05
6.31365e-05
5.67302e-05
4.88503e-05
4.31921e-05
0.000101257
9.18711e-05
8.01715e-05
7.16402e-05
2.34483e-05
2.10678e-05
1.83901e-05
1.66721e-05
4.4764e-05
4.03857e-05
3.50935e-05
3.13704e-05
9.2012e-05
8.40098e-05
7.40242e-05
6.67367e-05
0.000143437
0.000131906
0.000117378
0.00010666
4.44636e-05
4.3433e-05
4.26927e-05
4.25737e-05
2.19294e-05
2.14427e-05
2.13341e-05
2.1643e-05
1.34814e-05
1.25448e-05
1.17893e-05
1.15624e-05
2.35528e-05
2.13429e-05
1.89135e-05
1.73998e-05
3.41269e-05
3.09435e-05
2.72366e-05
2.47412e-05
6.45944e-05
5.90006e-05
5.21263e-05
4.71937e-05
0.000128378
0.000118398
0.000105825
9.6553e-05
0.000195954
0.000181692
0.000163593
0.000150139
4.82904e-05
4.41672e-05
3.92736e-05
3.58953e-05
8.9999e-05
8.29164e-05
7.41242e-05
6.77395e-05
0.000174421
0.000161854
0.000145927
0.000134103
0.000262441
0.000244436
0.000221488
0.000204349
0.000158133
0.000143005
0.000124437
0.000111105
0.000134307
0.000122002
0.000106971
9.62404e-05
0.000108758
9.97703e-05
8.89188e-05
8.12796e-05
9.31524e-05
8.64236e-05
7.84372e-05
7.29342e-05
8.54295e-05
7.97983e-05
7.31901e-05
6.87034e-05
7.13522e-05
6.75201e-05
6.31657e-05
6.03357e-05
5.58882e-05
5.39781e-05
5.20533e-05
5.10272e-05
4.61877e-05
4.54198e-05
4.49599e-05
4.50386e-05
0.000106628
0.000100533
9.32767e-05
8.82556e-05
8.51256e-05
8.10365e-05
7.63113e-05
7.31659e-05
6.1831e-05
5.98435e-05
5.77871e-05
5.66335e-05
4.75824e-05
4.68011e-05
4.62936e-05
4.63096e-05
4.07718e-05
4.04844e-05
4.06354e-05
4.11704e-05
3.01698e-05
3.05322e-05
3.14991e-05
3.26348e-05
1.90495e-05
1.9811e-05
2.13053e-05
2.28498e-05
1.27457e-05
1.34626e-05
1.49419e-05
1.65077e-05
9.50182e-06
1.00566e-05
1.13515e-05
1.27962e-05
4.40892e-06
4.43197e-06
5.07284e-06
6.04452e-06
3.00214e-06
1.86861e-06
1.10678e-06
1.08214e-06
6.33957e-06
3.95645e-06
1.68774e-06
6.00682e-07
7.71377e-06
7.72612e-06
8.26111e-06
9.08283e-06
5.73599e-06
4.89667e-06
4.35156e-06
4.36787e-06
1.0413e-05
7.89128e-06
5.24095e-06
3.7108e-06
1.99819e-05
1.57309e-05
1.09306e-05
7.8328e-06
4.01711e-05
3.98282e-05
3.98565e-05
4.02516e-05
2.51699e-05
2.54077e-05
2.61575e-05
2.70786e-05
1.26933e-05
1.30283e-05
1.38977e-05
1.49065e-05
8.76315e-06
8.65872e-06
8.98155e-06
9.59293e-06
8.12763e-06
7.60123e-06
7.38923e-06
7.60297e-06
1.03496e-05
8.69548e-06
7.03461e-06
6.15489e-06
2.29134e-05
1.91232e-05
1.47494e-05
1.18468e-05
4.03722e-05
3.44413e-05
2.73651e-05
2.24605e-05
1.07734e-05
9.68991e-06
8.71995e-06
8.32675e-06
1.82166e-05
1.57434e-05
1.2974e-05
1.12133e-05
4.03768e-05
3.53324e-05
2.92678e-05
2.50288e-05
6.73039e-05
5.97218e-05
5.04238e-05
4.37672e-05
5.15908e-06
2.42271e-06
4.14211e-07
7.76245e-08
7.94741e-06
5.06496e-06
2.62737e-06
1.77627e-06
1.44089e-05
1.14991e-05
8.78823e-06
7.54223e-06
2.12005e-05
1.83824e-05
1.56619e-05
1.43073e-05
2.45258e-05
2.18233e-05
1.91765e-05
1.78187e-05
2.90486e-05
2.66407e-05
2.42568e-05
2.30059e-05
3.49588e-05
3.30842e-05
3.12962e-05
3.04242e-05
3.93975e-05
3.80423e-05
3.68988e-05
3.64943e-05
3.53431e-05
3.17891e-05
2.80327e-05
2.58352e-05
3.74398e-05
3.46424e-05
3.17519e-05
3.01244e-05
4.00506e-05
3.82204e-05
3.64914e-05
3.56763e-05
4.18639e-05
4.0759e-05
3.99429e-05
3.98014e-05
4.05311e-05
3.95189e-05
3.88068e-05
3.87204e-05
4.0321e-05
4.00789e-05
4.03442e-05
4.09865e-05
3.9999e-05
4.09297e-05
4.27436e-05
4.45872e-05
3.98084e-05
4.17689e-05
4.49825e-05
4.79424e-05
3.88189e-05
4.13971e-05
4.54578e-05
4.90988e-05
3.64091e-05
4.03153e-05
4.61648e-05
5.12219e-05
3.58627e-05
4.16874e-05
5.01743e-05
5.73581e-05
3.77423e-05
4.51875e-05
5.5941e-05
6.49807e-05
2.8324e-05
3.04906e-05
3.4013e-05
3.72487e-05
2.2495e-05
2.54783e-05
3.01244e-05
3.42657e-05
1.71625e-05
2.12187e-05
2.74034e-05
3.28299e-05
1.51218e-05
2.00032e-05
2.74215e-05
3.39132e-05
4.16823e-05
4.11973e-05
4.11552e-05
4.15879e-05
3.60187e-05
3.62507e-05
3.71138e-05
3.82163e-05
2.87742e-05
2.97768e-05
3.16605e-05
3.35563e-05
2.3433e-05
2.48962e-05
2.74364e-05
2.98769e-05
1.98181e-05
2.1475e-05
2.43055e-05
2.69967e-05
1.25376e-05
1.4504e-05
1.7793e-05
2.08759e-05
5.68854e-06
7.88821e-06
1.16153e-05
1.51342e-05
2.79861e-06
5.03711e-06
8.96683e-06
1.27556e-05
1.35262e-05
1.46336e-05
1.67027e-05
1.87799e-05
6.58024e-06
7.54134e-06
9.46737e-06
1.14695e-05
1.18805e-06
1.62831e-06
2.99664e-06
4.66172e-06
2.34064e-07
1.11397e-08
6.5392e-07
1.86757e-06
6.08012e-05
6.83456e-05
7.87739e-05
8.71931e-05
3.84263e-05
4.34107e-05
5.04126e-05
5.61335e-05
1.9579e-05
2.18613e-05
2.52806e-05
2.82055e-05
1.21219e-05
1.27563e-05
1.40251e-05
1.52973e-05
9.91869e-06
9.86721e-06
1.02258e-05
1.07873e-05
8.12961e-06
7.16945e-06
6.32199e-06
5.9428e-06
1.188e-05
1.02109e-05
8.43802e-06
7.34882e-06
1.91079e-05
1.72443e-05
1.52312e-05
1.39681e-05
1.01795e-05
9.67195e-06
9.60039e-06
9.96114e-06
1.17598e-05
1.04399e-05
9.24996e-06
8.70755e-06
1.78679e-05
1.5983e-05
1.40185e-05
1.28526e-05
2.54224e-05
2.34673e-05
2.14071e-05
2.01643e-05
2.38966e-05
2.21118e-05
2.02051e-05
1.90274e-05
3.47459e-05
3.34683e-05
3.22143e-05
3.15332e-05
5.48034e-05
5.462e-05
5.48009e-05
5.52295e-05
7.48765e-05
7.58677e-05
7.76025e-05
7.92428e-05
8.68955e-05
8.86938e-05
9.14976e-05
9.39725e-05
0.000113001
0.000116662
0.000121888
0.000126222
0.000156318
0.000162846
0.000171853
0.000179123
0.000197264
0.000206368
0.000218792
0.000228738
7.60345e-05
7.8508e-05
8.22729e-05
8.55457e-05
9.40495e-05
9.86272e-05
0.00010515
0.000110555
0.000124736
0.000132542
0.000143344
0.00015209
0.00015429
0.00016498
0.00017963
0.000191401
3.45963e-05
3.29643e-05
3.13795e-05
3.05505e-05
4.01772e-05
3.92871e-05
3.86504e-05
3.8535e-05
4.96871e-05
5.01857e-05
5.13745e-05
5.26722e-05
5.88094e-05
6.06998e-05
6.3747e-05
6.65043e-05
6.35882e-05
6.63919e-05
7.06626e-05
7.43845e-05
7.35739e-05
7.84335e-05
8.54193e-05
9.12535e-05
9.18094e-05
9.97987e-05
0.000110963
0.000120083
0.000110201
0.000120962
0.000135858
0.000147933
5.08298e-05
5.36468e-05
5.79906e-05
6.18185e-05
5.37933e-05
5.83803e-05
6.50813e-05
7.07566e-05
6.12711e-05
6.85087e-05
7.87873e-05
8.73021e-05
7.01172e-05
7.96674e-05
9.31007e-05
0.000104144
0.000135618
0.000133181
0.000129817
0.000127108
9.03826e-05
8.89818e-05
8.70096e-05
8.54004e-05
4.71361e-05
4.66978e-05
4.60677e-05
4.55567e-05
2.46386e-05
2.46788e-05
2.4769e-05
2.48851e-05
1.58674e-05
1.60888e-05
1.64496e-05
1.67997e-05
4.83726e-06
5.20969e-06
5.82264e-06
6.40835e-06
4.27669e-07
7.49547e-07
1.37552e-06
2.03139e-06
4.21829e-06
4.33167e-06
4.74315e-06
5.27864e-06
1.42699e-05
1.46323e-05
1.51764e-05
1.5648e-05
3.82456e-06
3.95945e-06
4.26584e-06
4.6005e-06
3.39075e-07
1.50391e-07
1.14853e-07
2.48913e-07
4.94856e-06
4.50009e-06
4.18108e-06
4.1404e-06
8.60596e-06
8.52839e-06
8.7168e-06
9.10048e-06
2.14307e-05
2.08485e-05
2.03998e-05
2.03098e-05
4.74644e-05
4.59968e-05
4.44256e-05
4.34983e-05
7.47588e-05
7.2432e-05
6.97712e-05
6.80304e-05
9.20139e-05
8.91358e-05
8.57733e-05
8.35063e-05
0.000130296
0.000126249
0.000121354
0.000117902
0.000193005
0.000187122
0.000179869
0.000174635
0.000251734
0.000244191
0.000234828
0.000228014
9.78256e-05
9.61279e-05
9.42623e-05
9.30993e-05
0.000137656
0.000135637
0.000133325
0.000131798
0.00020267
0.000200138
0.000197172
0.000195154
0.000263401
0.000260412
0.000256884
0.000254463
1.31353e-05
1.20129e-05
1.08631e-05
1.02046e-05
2.69415e-05
2.58432e-05
2.47299e-05
2.41045e-05
5.38414e-05
5.29384e-05
5.209e-05
5.16777e-05
8.14836e-05
8.08559e-05
8.03793e-05
8.02634e-05
9.87323e-05
9.8323e-05
9.81384e-05
9.82529e-05
0.000136721
0.000136874
0.000137391
0.000138021
0.000198742
0.000199756
0.000201403
0.00020291
0.000256685
0.000258479
0.000261176
0.000263514
9.48454e-05
9.56516e-05
9.70928e-05
9.84756e-05
0.000127977
0.000130112
0.000133263
0.000135943
0.00018232
0.000186502
0.000192341
0.000197103
0.000233259
0.000239287
0.000247572
0.000254247
4.80879e-05
4.14176e-05
3.34758e-05
2.79778e-05
3.43069e-05
2.97407e-05
2.43917e-05
2.07651e-05
2.21914e-05
1.96758e-05
1.68752e-05
1.51047e-05
1.69957e-05
1.55807e-05
1.4163e-05
1.34115e-05
1.51545e-05
1.41867e-05
1.33188e-05
1.2963e-05
1.2259e-05
1.18587e-05
1.16966e-05
1.18552e-05
1.19478e-05
1.18397e-05
1.2053e-05
1.24944e-05
1.42422e-05
1.40363e-05
1.4144e-05
1.45209e-05
1.6768e-05
1.60976e-05
1.55511e-05
1.54082e-05
1.12572e-05
1.1281e-05
1.16222e-05
1.21461e-05
9.45456e-06
9.85783e-06
1.07058e-05
1.16268e-05
1.19779e-05
1.22971e-05
1.30666e-05
1.39513e-05
1.56976e-05
1.53258e-05
1.52342e-05
1.54712e-05
1.88228e-05
1.79203e-05
1.71785e-05
1.69489e-05
2.62032e-05
2.41863e-05
2.20797e-05
2.08718e-05
3.44554e-05
3.12496e-05
2.76885e-05
2.5439e-05
3.92236e-05
3.52345e-05
3.07184e-05
2.77877e-05
4.98742e-05
4.4148e-05
3.74812e-05
3.299e-05
6.88746e-05
6.03012e-05
5.01216e-05
4.30913e-05
8.76457e-05
7.64029e-05
6.29412e-05
5.35478e-05
5.38752e-05
4.95406e-05
4.45313e-05
4.12018e-05
7.22791e-05
6.5827e-05
5.81499e-05
5.28451e-05
0.000103771
9.39189e-05
8.19789e-05
7.35326e-05
0.000134125
0.000121129
0.000105259
9.39272e-05
1.16304e-05
1.19807e-05
1.27797e-05
1.36859e-05
1.99564e-05
1.95706e-05
1.94461e-05
1.96705e-05
3.77061e-05
3.58848e-05
3.39568e-05
3.28484e-05
5.67454e-05
5.34481e-05
4.96649e-05
4.71855e-05
6.86428e-05
6.43643e-05
5.93459e-05
5.59511e-05
9.51645e-05
8.87297e-05
8.09582e-05
7.54943e-05
0.000139532
0.000129676
0.000117569
0.000108869
0.000181685
0.000168695
0.00015263
0.000140989
8.18847e-05
7.81059e-05
7.3646e-05
7.06052e-05
0.000115455
0.000109855
0.000103042
9.82091e-05
0.000170872
0.000162402
0.000151923
0.000144333
0.000223052
0.000211972
0.000198177
0.000188105
1.42867e-07
8.68933e-08
7.38458e-08
1.04488e-07
2.86938e-07
1.69805e-07
8.2752e-08
8.53866e-08
8.04515e-07
4.99346e-07
2.65368e-07
2.42123e-07
1.47591e-06
8.91866e-07
4.94089e-07
4.6754e-07
1.76948e-06
1.07899e-06
5.04372e-07
3.60544e-07
2.13121e-06
1.27782e-06
5.2853e-07
2.61371e-07
2.67141e-06
1.60672e-06
6.37659e-07
2.22225e-07
3.12812e-06
1.91629e-06
7.89271e-07
2.67157e-07
5.18016e-06
4.03853e-06
2.89755e-06
2.24793e-06
5.78645e-06
4.61005e-06
3.42275e-06
2.73494e-06
6.82144e-06
5.52252e-06
4.19638e-06
3.41573e-06
7.79377e-06
6.34025e-06
4.84449e-06
3.95664e-06
3.1647e-06
1.94204e-06
8.01439e-07
2.70247e-07
2.83382e-06
1.72242e-06
6.93913e-07
2.36221e-07
2.44234e-06
1.50123e-06
6.38697e-07
2.89342e-07
2.18304e-06
1.37773e-06
6.53265e-07
3.99231e-07
1.94247e-06
1.21802e-06
6.49885e-07
5.08579e-07
1.35975e-06
8.56152e-07
4.14593e-07
2.75388e-07
8.80179e-07
5.21047e-07
2.07544e-07
1.06444e-07
7.05904e-07
4.00448e-07
1.6987e-07
1.16955e-07
7.18998e-06
5.41328e-06
3.59558e-06
2.55003e-06
6.46348e-06
4.70336e-06
2.9014e-06
1.871e-06
6.01849e-06
4.17931e-06
2.31246e-06
1.27049e-06
6.04838e-06
4.09342e-06
2.13374e-06
1.07151e-06
1.24792e-05
1.10516e-05
9.59716e-06
8.75865e-06
1.26281e-05
1.10528e-05
9.42468e-06
8.46922e-06
1.35885e-05
1.16439e-05
9.58722e-06
8.3464e-06
1.49107e-05
1.2549e-05
1.0012e-05
8.45395e-06
1.52814e-05
1.26997e-05
9.928e-06
8.23212e-06
1.59986e-05
1.29329e-05
9.60154e-06
7.53516e-06
1.83206e-05
1.4339e-05
9.96467e-06
7.22384e-06
2.1191e-05
1.62933e-05
1.08887e-05
7.49299e-06
2.60643e-05
2.27106e-05
1.90061e-05
1.6668e-05
3.05748e-05
2.60879e-05
2.10158e-05
1.77162e-05
3.94403e-05
3.30191e-05
2.56235e-05
2.07007e-05
4.86537e-05
4.03779e-05
3.07662e-05
2.43053e-05
