FiniteElementSpace
FiniteElementCollection: H1_2D_P2
VDim: 2
Ordering: 0

0
1.04351
2.07198
3.08267
4.07605
5.05614
6.03288
7.01735
8.01301
0
0.968638
1.94416
2.92563
3.91673
4.92259
5.93966
6.95424
7.95708
0.522736
1.00664
0.483775
0
1.56
2.00875
1.45564
2.57954
3.00457
2.43405
3.58142
3.99631
3.41957
4.56725
4.98896
4.41773
5.54417
5.98603
5.43046
6.52364
6.98583
6.44817
7.51414
7.98519
7.45704
0.503132
1.50852
2.50738
3.50068
4.49218
5.48694
6.48582
7.48571
0.261024
0.51211
0.251163
0
1.30233
1.53388
1.25779
1.02463
2.32631
2.54305
2.25826
2.04
3.33259
3.54046
3.25273
3.04313
4.32202
4.52911
4.24417
4.03553
5.30017
5.5154
5.2378
5.02211
6.27794
6.50513
6.23587
6.00961
7.26539
7.50032
7.23581
7.00209
0.783582
0.755074
0.98842
0.725896
0.494314
0.242314
0
1.81655
1.75884
1.97717
1.69974
1.48282
1.21192
2.83166
2.75614
2.96582
2.6796
2.47143
2.18893
3.82922
3.74851
3.95712
3.6677
3.46081
3.17225
4.8119
4.74043
4.95599
4.66971
4.4554
4.16673
5.78835
5.73637
5.96258
5.68502
5.45867
5.17624
6.77009
6.73583
6.96956
6.70159
6.46656
6.19412
7.76344
7.99929
7.73551
7.97102
7.70729
7.47103
7.20606
0.254752
1.27965
2.2919
3.29211
4.28245
5.26867
6.25719
7.25107
0.768807
0.741271
0.247709
1.78733
1.73001
1.23562
2.79345
2.71858
2.22431
3.78824
3.70876
3.2132
4.77563
4.70541
4.20598
5.76236
5.71054
5.20711
6.75344
6.71823
6.21463
7.74978
7.72117
7.2205
0.129507
0.25741
0.126667
0
1.17306
1.29082
1.15224
1.0339
2.19928
2.30894
2.16605
2.05583
3.20777
3.31214
3.1677
3.0627
4.19913
4.302
4.15903
4.05555
5.17817
5.28431
5.14538
5.03897
6.15534
6.26768
6.13336
6.02131
7.14127
7.25841
7.12654
7.00991
0.653242
0.776006
0.640576
0.517177
0.629139
0.748273
0.617751
0.498828
0.125406
0.249493
0.124177
0
1.68841
1.80178
1.6607
1.54678
1.63373
1.74453
1.60642
1.49578
1.13227
1.24681
1.11202
0.997638
2.70574
2.81237
2.66834
2.56112
2.63181
2.73747
2.595
2.48951
2.13355
2.24139
2.10074
1.99307
3.70545
3.80849
3.66441
3.56071
3.6246
3.72871
3.58474
3.48084
3.12868
3.23306
3.08948
2.98529
4.68963
4.79357
4.65238
4.54796
4.61627
4.72295
4.58033
4.47384
4.12022
4.22513
4.08148
3.97678
5.66623
5.77536
5.63885
5.52973
5.61163
5.72343
5.58457
5.47279
5.11334
5.22246
5.08149
4.97249
6.64677
6.76194
6.62924
6.51454
6.61082
6.72697
6.59243
6.47613
6.11093
6.2252
6.08861
5.97426
7.63874
7.75672
7.62503
7.50738
7.61062
7.72831
7.59615
7.47833
7.11083
7.22811
7.09508
6.97764
0.392065
0.383437
0.507494
0.377106
0.252891
0
1.43131
1.40687
1.52117
1.38321
1.26869
1.01559
2.45306
2.41757
2.52518
2.38287
2.27505
2.02435
3.45714
3.41636
3.5205
3.37672
3.27236
3.0238
4.44471
4.40581
4.51057
4.36815
4.26323
4.01584
5.42216
5.39201
5.50114
5.36233
5.25319
5.00547
6.4007
6.38112
6.49552
6.36084
6.24656
5.99783
7.38969
7.37567
7.49307
7.36077
7.2435
6.99402
0.913684
0.896822
0.880912
0.76186
0.864836
0.978811
0.84719
0.733878
0.604761
0.48934
0.370987
0.362932
0.245365
0.121888
0
1.9444
1.91376
1.88384
1.77305
1.85359
1.96092
1.82191
1.71512
1.57765
1.46949
1.35922
1.33373
1.22404
1.09022
2.9573
2.91838
2.88039
2.77475
2.84219
2.94598
2.80255
2.69935
2.55677
2.45299
2.34787
2.31144
2.20687
2.0665
3.95275
3.91194
3.8724
3.7683
3.83288
3.93715
3.7921
3.68847
3.54353
3.44045
3.33697
3.29582
3.19298
3.04886
4.93406
4.89887
4.86466
4.75795
4.83063
4.93939
4.79605
4.68769
4.5436
4.43673
4.33061
4.29211
4.18656
4.04161
5.91056
5.88595
5.86118
5.74936
5.83655
5.95102
5.81235
5.69773
5.55771
5.44456
5.33284
5.30329
5.19172
5.04933
6.89362
6.87772
6.86083
6.74468
6.84394
6.96173
6.82802
6.70973
6.57497
6.4572
6.34062
6.32121
6.20425
6.06693
7.88822
8.00623
7.87455
7.99228
7.86036
7.74269
7.97808
7.84611
7.96399
7.83223
7.71415
7.58224
7.46391
7.34582
7.33165
7.21312
7.08026
0.127542
1.16248
2.1825
3.18753
4.17885
5.16164
6.14444
7.13409
0.646701
0.623545
0.124829
1.6744
1.62018
1.12225
2.68686
2.61351
2.11726
3.6847
3.60476
3.10918
4.6708
4.59834
4.10092
5.65251
5.59808
5.09742
6.63817
6.60157
6.09973
7.63201
7.60335
7.1029
0.387438
0.380142
0.125992
1.41892
1.395
1.14221
2.43515
2.40019
2.14977
3.43653
3.39648
3.14814
4.42503
4.3869
4.13955
5.40701
5.37713
5.1293
6.39104
6.37101
6.12217
7.38284
7.36827
7.11874
0.905073
0.888803
0.634755
0.872976
0.856302
0.611553
0.374145
0.367255
0.123394
1.92892
1.89877
1.64719
1.86883
1.838
1.59229
1.37132
1.34674
1.10139
2.93765
2.89934
2.65004
2.86139
2.82262
2.57614
2.36547
2.32991
2.08387
3.93211
3.89209
3.64444
3.85272
3.81272
3.56438
3.35694
3.31665
3.06943
4.91629
4.88169
4.63425
4.84767
4.81345
4.56212
4.34944
4.31155
4.06176
5.89829
5.87356
5.62522
5.84883
5.82437
5.57112
5.34758
5.31809
5.06548
6.88585
6.86933
6.62008
6.85233
6.8358
6.58353
6.35067
6.33077
6.07766
7.88147
7.8675
7.61788
7.85321
7.8391
7.58909
7.35325
7.33859
7.0875
0
0.0577612
0.170455
0.323804
0.492016
0.644565
0.756822
0.827722
0.881564
1
1.04741
1.15505
1.30495
1.47403
1.63165
1.74977
1.8244
1.88
0.0243376
0.545274
1.01615
0.5
0.10753
0.658189
1.09469
0.243544
0.812594
1.226
0.407893
0.984435
1.38885
0.572151
1.14212
1.55634
0.706504
1.25759
1.69667
0.796338
1.32817
1.79147
0.854856
1.38104
1.85257
0.511209
0.595223
0.731546
0.898161
1.06715
1.20611
1.29731
1.35454
0.014394
0.265785
0.501432
0.25
0.0808026
0.349903
0.568448
0.299758
0.205911
0.486665
0.69373
0.413141
0.365597
0.652861
0.855036
0.567651
0.53283
0.820324
1.02651
0.738482
0.676959
0.957502
1.17563
0.89436
0.777802
1.04774
1.27879
1.00837
0.841558
1.1049
1.34162
1.0785
0.038833
0.526076
0.794464
1.02955
0.761349
1.00793
0.75
0.13754
0.625246
0.905517
1.12339
0.843494
1.06925
0.282975
0.771292
1.05842
1.26465
0.978032
1.18935
0.450201
0.941471
1.2297
1.43153
1.14356
1.3465
0.609526
1.10584
1.38794
1.5951
1.31255
1.51581
0.733111
1.23342
1.50474
1.72473
1.45253
1.6656
0.812821
1.31359
1.57677
1.8088
1.54521
1.77193
0.868103
1.13133
1.36749
1.63053
1.8662
1.60372
1.83881
0.255245
0.323006
0.448788
0.609953
0.780139
0.927427
1.02935
1.09196
0.280564
0.775682
0.752057
0.380066
0.87304
0.817192
0.526414
1.01742
0.940619
0.695877
1.18677
1.10062
0.858542
1.35142
1.27181
0.984472
1.4802
1.42173
1.06395
1.56186
1.52631
1.11788
1.6169
1.59053
0.00898063
0.134211
0.252015
0.125
0.0687926
0.201503
0.310901
0.178327
0.187885
0.327083
0.430664
0.291498
0.344606
0.487669
0.588697
0.445575
0.512582
0.656598
0.759462
0.615304
0.661115
0.802497
0.911253
0.769732
0.767644
0.903865
1.0192
0.882909
0.834738
0.966844
1.08533
0.953254
0.0310177
0.15924
0.272606
0.14464
0.518075
0.650353
0.767927
0.635679
0.499543
0.626188
0.750059
0.625
0.122147
0.258469
0.364599
0.228349
0.609849
0.748819
0.857881
0.71899
0.556387
0.692404
0.805359
0.669401
0.263056
0.404501
0.506329
0.364873
0.751201
0.89421
0.997502
0.854597
0.675655
0.816938
0.92276
0.781573
0.429076
0.573037
0.674388
0.53032
0.919825
1.06417
1.16517
1.02086
0.8337
0.977776
1.07939
0.935407
0.591113
0.734259
0.839706
0.696408
1.08676
1.22885
1.33225
1.19004
1.00562
1.1493
1.25089
1.10717
0.720182
0.85912
0.971374
0.832327
1.22016
1.35708
1.46676
1.32959
1.15924
1.29895
1.40519
1.26528
0.804812
0.938584
1.05609
0.922286
1.3057
1.43789
1.55378
1.42146
1.26854
1.40278
1.51588
1.38142
0.86145
0.992996
1.11136
0.979916
1.36098
1.49222
1.61028
1.47918
1.335
1.46616
1.58376
1.4526
0.0187773
0.26
0.387934
0.505632
0.377762
0.375
0.0937294
0.336023
0.472194
0.581407
0.445318
0.422066
0.224476
0.467469
0.608895
0.712375
0.571008
0.535375
0.386711
0.631362
0.775484
0.876543
0.732419
0.69
0.55271
0.800446
0.943905
1.04704
0.903447
0.861533
0.692103
0.942846
1.08209
1.19126
1.0518
1.01849
0.787358
1.03885
1.17274
1.28835
1.15432
1.13325
0.848236
1.09846
1.22978
1.34811
1.21688
1.20347
0.0477519
0.289629
0.535152
0.402829
0.784553
0.920469
1.03797
0.902081
1.02227
0.88818
0.756043
1.01133
0.879311
1.0046
0.875
0.153655
0.396261
0.641373
0.502327
0.888931
1.03001
1.13887
0.9979
1.10866
0.968731
0.829918
1.08155
0.942812
1.05787
0.303238
0.546872
0.791774
0.648686
1.03774
1.1816
1.28462
1.14091
1.2451
1.10184
0.959058
1.20741
1.06476
1.17189
0.471203
0.717264
0.96303
0.818698
1.2083
1.352
1.45284
1.30923
1.41018
1.26623
1.12203
1.3676
1.22353
1.32559
0.627365
0.876774
1.1243
0.9824
1.37
1.51007
1.61369
1.47352
1.57598
1.43467
1.29238
1.53627
1.39399
1.49504
0.745328
0.996794
1.24589
1.10923
1.49285
1.62753
1.73764
1.60276
1.7111
1.5749
1.43751
1.68152
1.54396
1.64898
0.820439
1.0714
1.32106
1.18895
1.5695
1.70071
1.81679
1.6855
1.80039
1.66855
1.53607
1.78201
1.64936
1.7612
0.874789
1.00643
1.12452
1.25621
1.37416
1.24271
1.50581
1.62363
1.75523
1.87306
1.74155
1.85937
1.72817
1.59716
1.84573
1.71474
1.83172
0.129658
0.18943
0.308991
0.466522
0.636106
0.786471
0.893726
0.960148
0.151366
0.642437
0.624423
0.243022
0.733519
0.680432
0.38448
0.874182
0.798949
0.551702
1.04252
0.956473
0.715607
1.20971
1.12838
0.846104
1.34373
1.28248
0.930671
1.42993
1.39246
0.986425
1.48567
1.45949
0.138932
0.382213
0.375383
0.214492
0.458326
0.433214
0.345724
0.589692
0.552889
0.508955
0.753901
0.711099
0.67672
0.92389
0.882638
0.817789
1.06733
1.0355
0.913369
1.16383
1.14413
0.97341
1.22336
1.21028
0.168246
0.41192
0.394816
0.659356
0.910756
0.89454
0.630225
0.883088
0.876621
0.274641
0.518507
0.486875
0.76485
1.01361
0.98293
0.705271
0.955347
0.931173
0.424883
0.669178
0.628576
0.914636
1.16108
1.12114
0.835502
1.08303
1.04708
0.59426
0.840196
0.797105
1.08574
1.33068
1.28773
0.999261
1.24481
1.20244
0.752316
1.00077
0.963426
1.24739
1.49211
1.45435
1.16988
1.41453
1.37312
0.871383
1.12162
1.09605
1.36964
1.61553
1.58922
1.31466
1.55981
1.52737
0.946089
1.19639
1.18109
1.44543
1.69328
1.67727
1.41243
1.65927
1.6388
0.999653
1.24937
1.23621
1.49892
1.74834
1.73483
1.47271
1.72149
1.70783
