FiniteElementSpace
FiniteElementCollection: H1_2D_P2
VDim: 2
Ordering: 0

0
0.00453955
0.00236559
0.00121981
0.00677894
0.0218421
0.0467387
0.0784477
0.111665
0
-0.00161078
0.00144664
0.00919327
0.0227667
0.0430701
0.0700696
0.101614
0.133604
0.00341902
0.00167633
-0.00151095
0
0.00382746
0.00159508
-0.000603511
0.00122427
0.00450937
0.00466151
0.00293434
0.0138587
0.0151853
0.0130338
0.0315113
0.0320434
0.0331661
0.0577304
0.0558066
0.0620573
0.0898367
0.0855072
0.0951971
0.122665
0.117801
0.00110198
0.00157032
0.00241282
0.00823629
0.0215779
0.0436366
0.0733426
0.106492
0.00191617
0.00196791
0.000467274
0
0.00435121
0.00254162
0.00165597
0.00292222
0.00169765
0.00166651
0.00187073
0.00182987
0.00183317
0.00542337
0.00615089
0.00270797
0.00959254
0.0171384
0.0174464
0.0101525
0.0272006
0.0382551
0.0373087
0.0265148
0.0542191
0.0676223
0.0653831
0.0521166
0.0868188
0.100856
0.0981891
0.0841109
0.00425382
0.00152171
0.000351423
-0.0017173
0.00024683
-0.00091819
0
0.003118
0.00152047
0.00150864
0.000285287
0.000619078
-0.00123413
0.00103881
0.00327673
0.00664957
0.00675351
0.00341526
0.00289892
0.00456997
0.0107965
0.0180092
0.0187699
0.0114499
0.0119983
0.0171163
0.0262652
0.0369656
0.0373377
0.0264833
0.0271881
0.0396975
0.0504604
0.0636736
0.0627652
0.0494305
0.0492323
0.0701642
0.081524
0.0956678
0.0935132
0.0792822
0.0776701
0.103511
0.117167
0.114668
0.12817
0.125757
0.112154
0.109735
0.000842186
0.00283629
0.00163355
0.00383275
0.0133519
0.032099
0.059702
0.0924953
0.00267008
0.000306781
0.000134765
0.00216697
0.000959527
0.000435229
0.00200365
0.0048502
0.00231341
0.00751882
0.0144989
0.00884113
0.0215249
0.0314714
0.021999
0.0449452
0.0563508
0.0429582
0.0757894
0.0874194
0.0713407
0.10911
0.120236
0.103941
0.00078673
0.00124205
0.000297442
0
0.00449558
0.00352965
0.00291361
0.00365954
0.00201171
0.00162061
0.00170818
0.00204949
0.00146671
0.00279461
0.00321463
0.00192454
0.00810624
0.0114361
0.0116797
0.00842913
0.0244413
0.0296175
0.0292335
0.0241447
0.0504281
0.0569404
0.0558623
0.0494033
0.0826293
0.0896593
0.0883009
0.0812754
0.00390367
0.00338159
0.00238101
0.00259355
0.00134817
0.000958597
0.000280559
0.000716711
0.00016707
0.000322405
3.95385e-05
0
0.00348493
0.00259002
0.00235662
0.00312677
0.0015355
0.00124209
0.000766847
0.00110986
0.00168141
0.00107382
0.000385002
0.00105297
0.00108824
0.00148053
0.00179275
0.00140286
0.00280175
0.00402514
0.00408949
0.00288384
0.00170381
0.00207128
0.00187681
0.00154184
0.00368062
0.00600735
0.00640556
0.00414124
0.00945546
0.0125869
0.0129185
0.00978665
0.00527698
0.00744469
0.00769516
0.00553415
0.0149921
0.0192858
0.019256
0.0150506
0.0238519
0.0287998
0.0289146
0.0239624
0.0155858
0.0196559
0.0199436
0.0158697
0.0363625
0.0422937
0.0415362
0.0356802
0.0469895
0.0533509
0.0528375
0.0464732
0.0343424
0.0400688
0.039901
0.0341711
0.0660834
0.072967
0.0716808
0.0648246
0.077411
0.0844491
0.0833314
0.0762812
0.0615135
0.0683222
0.0674683
0.0606543
0.0993692
0.106324
0.105002
0.098035
0.1106
0.117451
0.116214
0.10932
0.0940133
0.101057
0.0998061
0.0927377
0.00278226
0.00144104
0.0014964
0.000794114
0.000635294
0
0.00412047
0.0027068
0.00203381
0.00161509
0.00222526
0.00227663
0.00142835
0.0016163
0.00200503
0.00210514
0.00172064
0.00168429
0.0023176
0.00456706
0.00678539
0.00713632
0.0049494
0.00356855
0.0112313
0.0151705
0.0193093
0.0194435
0.0153507
0.0119581
0.0301076
0.0351074
0.0409029
0.0404084
0.0346581
0.0289654
0.0580988
0.0636257
0.0704591
0.0693297
0.0625133
0.0548888
0.0910139
0.0966839
0.103672
0.102352
0.0953363
0.0869627
0.00446342
0.00284588
0.00162796
0.00206652
0.000328474
-0.000514657
-0.00170063
-0.000555174
-0.00165751
-0.000461077
0.000200607
-0.00127173
-0.000229015
-0.000429303
0
0.00273683
0.00198689
0.00153756
0.0018188
0.00120541
0.00148083
0.000831125
0.000647579
-0.000192031
5.8712e-05
0.000511498
-0.00095061
-0.000318542
-0.00145494
0.00107706
0.00230623
0.00384459
0.00260266
0.00570297
0.00786515
0.00792997
0.00575711
0.00566614
0.0040071
0.00282529
0.00374098
0.00259069
0.00213576
0.00559846
0.00876626
0.0122635
0.0091115
0.0161957
0.0202994
0.0207177
0.0165521
0.0169286
0.0132427
0.0100924
0.0135445
0.0103535
0.0105504
0.0193968
0.0239445
0.0288189
0.0238465
0.034156
0.0399219
0.0401509
0.0343072
0.0346371
0.029167
0.0241792
0.0295627
0.0245002
0.0249254
0.0431572
0.0484746
0.0540435
0.0476635
0.0599654
0.0668062
0.0663774
0.0594815
0.0592406
0.0525331
0.0461365
0.0524703
0.0460032
0.0460995
0.0742907
0.0799368
0.0856695
0.0786395
0.0915348
0.0986281
0.0975566
0.0904403
0.0894935
0.0823552
0.0752819
0.0815631
0.0744525
0.0738364
0.107621
0.114423
0.113167
0.119913
0.118689
0.111889
0.125421
0.12422
0.130904
0.129691
0.123011
0.121795
0.114986
0.108059
0.113779
0.106837
0.105677
0.000423383
0.00363726
0.00181383
0.00230218
0.009857
0.0268047
0.053123
0.085464
0.00305449
0.000858534
0.000118157
0.00286617
0.00115976
0.0010674
0.0013993
0.00341121
0.00177476
0.0050061
0.0111283
0.00643762
0.0170892
0.0263147
0.0176991
0.0389206
0.0498558
0.0370555
0.0688695
0.0803443
0.0644471
0.102196
0.113405
0.0968988
0.001998
0.0010813
0.000222446
0.00335315
0.00213976
0.00227632
0.00147903
0.0018277
0.00167623
0.00340469
0.00580829
0.00420457
0.0131654
0.0172584
0.0135848
0.0325765
0.0377135
0.0317412
0.0608446
0.0664513
0.0586559
0.0938539
0.0995141
0.0911487
0.00357937
0.00221167
0.00183045
0.00102093
-0.000552809
-0.000524263
0.000532571
-0.000366477
-7.4396e-05
0.00231202
0.00173578
0.0019227
0.0013674
0.00103202
0.000325035
0.00108514
-0.000154032
-0.00043718
0.00165201
0.00303663
0.00226121
0.00473182
0.00676558
0.0048394
0.00243956
0.00325935
0.00199972
0.00714589
0.0104681
0.00788525
0.014167
0.0183708
0.0148445
0.00856033
0.0117475
0.00906114
0.0216367
0.0263336
0.0215052
0.0314194
0.0370563
0.0316785
0.0217437
0.0267756
0.0223431
0.04579
0.051222
0.0442217
0.0569531
0.0631002
0.0559578
0.0432098
0.0492143
0.0429058
0.0771067
0.082789
0.0745257
0.0885837
0.0945262
0.0863796
0.0722702
0.0783762
0.0705931
0.110405
0.115927
0.1078
0.121455
0.126971
0.119017
0.1052
0.110923
0.102735
0
0.0118835
0.0187944
0.0151786
0.00124551
-0.0199043
-0.044081
-0.0676594
-0.0899394
0
0.00791333
0.016103
0.0175634
0.0111199
-0.00151261
-0.0181194
-0.0372761
-0.0581648
0.00644624
0.0100944
0.00311832
0
0.0164367
0.0184085
0.0125906
0.0183963
0.0174128
0.0178478
0.00934505
0.00698286
0.0152582
-0.00867612
-0.010277
0.00542893
-0.0318834
-0.0309756
-0.00943241
-0.0560783
-0.0524358
-0.0274313
-0.0788682
-0.0740452
-0.0475653
0.00420368
0.0152077
0.0191805
0.0132488
-0.00100261
-0.0204004
-0.0417058
-0.0631655
0.00389926
0.00520623
0.00161687
0
0.0143716
0.0159041
0.0128368
0.01097
0.0189522
0.0189892
0.0191125
0.0187604
0.0125695
0.0114956
0.0156146
0.0165067
-0.00351833
-0.00469127
0.00317886
0.00428869
-0.0258348
-0.0260302
-0.0152591
-0.0149645
-0.0501238
-0.0487951
-0.0363346
-0.0374246
-0.0732974
-0.0709588
-0.0577943
-0.0599632
0.00916799
0.00714395
0.00915583
0.00543897
0.00351709
0.0012958
0
0.0179401
0.017091
0.0175972
0.0145387
0.0141925
0.0103451
0.0171316
0.0186096
0.0178077
0.017964
0.0188568
0.01722
0.00555268
0.0103562
0.00928117
0.0134019
0.0145351
0.0166548
-0.0141613
-0.00550649
-0.00580681
0.00209629
0.00237716
0.00844944
-0.0379849
-0.0256531
-0.024595
-0.0136904
-0.0149041
-0.00536507
-0.0619245
-0.0470745
-0.0449243
-0.032292
-0.0346458
-0.0227037
-0.0844078
-0.0819755
-0.0685745
-0.066089
-0.052834
-0.0553842
-0.0423723
0.00244516
0.0136368
0.0192166
0.014299
-8.65375e-06
-0.0204289
-0.0431287
-0.065472
0.00808714
0.00631228
0.00113459
0.0176403
0.0161403
0.0118297
0.01808
0.0186202
0.0185124
0.00814186
0.0121365
0.016437
-0.00969758
-0.00157833
0.0060127
-0.0317118
-0.0196923
-0.0102629
-0.0544077
-0.0397612
-0.029586
-0.0764571
-0.0606918
-0.0501317
0.00236286
0.00309277
0.00121636
0
0.013174
0.0140068
0.0123435
0.0114183
0.0189665
0.0191248
0.0190735
0.0188111
0.013957
0.0134818
0.0154801
0.0158909
-0.00108089
-0.00172506
0.00219217
0.00280802
-0.0228494
-0.0230986
-0.0176758
-0.0174007
-0.0471117
-0.0465915
-0.0402798
-0.0407184
-0.0704898
-0.0693563
-0.0627223
-0.0637799
0.00779543
0.00860978
0.00663312
0.00580753
0.00565617
0.00671811
0.00489054
0.0038193
0.000671328
0.00133541
0.000368453
0
0.0172702
0.017815
0.016845
0.0161846
0.0162149
0.0166788
0.0152223
0.0147534
0.011502
0.0123718
0.0105222
0.00964266
0.0178555
0.0176533
0.0186192
0.0187378
0.0189738
0.018688
0.0188102
0.0190924
0.0188382
0.0188851
0.0181238
0.0180722
0.00751941
0.00689078
0.0098847
0.0104662
0.0118653
0.011305
0.0133949
0.0139556
0.0165865
0.0160936
0.0171899
0.0176813
-0.0113803
-0.0118947
-0.00715771
-0.0066474
-0.00321794
-0.00351002
0.000436017
0.000726924
0.00513116
0.00464234
0.00769519
0.00818496
-0.034931
-0.0348145
-0.0288642
-0.0289234
-0.0230156
-0.0226679
-0.0172821
-0.0176413
-0.0127451
-0.0127432
-0.00800943
-0.00801689
-0.0590161
-0.0581327
-0.0516087
-0.0524022
-0.044391
-0.0434253
-0.037197
-0.0381823
-0.0336523
-0.0329644
-0.0270808
-0.0277856
-0.0816411
-0.080416
-0.0737048
-0.0748895
-0.0658634
-0.064634
-0.0580296
-0.0592776
-0.0551145
-0.0539682
-0.0475223
-0.048687
0.0051437
0.00380032
0.00466869
0.00284474
0.00198077
0
0.015472
0.01483
0.0155835
0.0140758
0.0132511
0.0105312
0.0187678
0.0191889
0.0191408
0.0192258
0.019217
0.0186311
0.0110344
0.0129693
0.0124257
0.0144998
0.0150128
0.0170172
-0.00605006
-0.00230539
-0.00280903
0.00113167
0.00162728
0.00568211
-0.0288478
-0.0232161
-0.0231923
-0.0178131
-0.0178179
-0.012591
-0.0531141
-0.045968
-0.0452362
-0.0390198
-0.0397157
-0.0341822
-0.0760898
-0.0682163
-0.067056
-0.0604768
-0.061624
-0.0561883
0.0105429
0.00954262
0.00863203
0.00759842
0.00774266
0.0085962
0.00667287
0.00589922
0.0042491
0.00328502
0.00225106
0.00211994
0.00109443
0.000606497
0
0.018457
0.0182812
0.0178231
0.0174041
0.0169327
0.0169532
0.0153725
0.0154409
0.0136072
0.0134871
0.0130557
0.0114987
0.0111709
0.00914527
0.0162429
0.0173749
0.0180876
0.0184023
0.0182843
0.0177751
0.0178263
0.0183867
0.0179689
0.0184511
0.018756
0.0175955
0.0179681
0.0167194
0.00346243
0.00627459
0.00872628
0.00929922
0.0107627
0.0102627
0.01231
0.0128395
0.0143836
0.0149741
0.0155497
0.016014
0.0166297
0.0171697
-0.0170035
-0.0123023
-0.00786205
-0.00756831
-0.0036617
-0.00364003
0.00032306
0.000290486
0.00379791
0.00394575
0.00423738
0.00697893
0.00728405
0.00982909
-0.0410367
-0.0345671
-0.0283079
-0.0286622
-0.0221312
-0.0213795
-0.0158848
-0.0167053
-0.0115394
-0.012172
-0.0125631
-0.0073742
-0.00780626
-0.00341123
-0.0648061
-0.0571923
-0.0497559
-0.0507284
-0.0423369
-0.0411265
-0.0347691
-0.036057
-0.0298455
-0.0310695
-0.0321082
-0.0250503
-0.026173
-0.0203931
-0.0871742
-0.0859425
-0.0792152
-0.078009
-0.071303
-0.0725126
-0.0700712
-0.0633766
-0.0621109
-0.0554892
-0.0567552
-0.0501913
-0.051481
-0.0527518
-0.0449575
-0.0462703
-0.0398107
0.00164667
0.012755
0.0190565
0.0147661
0.000594926
-0.0202294
-0.0436612
-0.066576
0.00719494
0.00524767
0.000489992
0.0170764
0.0157773
0.0110408
0.0182832
0.0189656
0.0185523
0.00874634
0.0126913
0.0169577
-0.00923389
-0.00135489
0.00646302
-0.0318641
-0.0201411
-0.0103559
-0.0552783
-0.0408012
-0.0303689
-0.0776521
-0.0619481
-0.0513246
0.00443517
0.00327492
0.000906606
0.0151587
0.014474
0.0119295
0.0190206
0.0192616
0.0190055
0.0120482
0.0137893
0.01609
-0.00414074
-0.000546889
0.00370586
-0.0259988
-0.0204901
-0.0151826
-0.0495063
-0.0424788
-0.0369492
-0.0721266
-0.0643388
-0.0589082
0.0100293
0.00907821
0.00611801
0.00819166
0.00725143
0.00456528
0.00250036
0.00211027
0.000351509
0.0183978
0.0180949
0.0165631
0.0174445
0.0162552
0.0145138
0.0136122
0.0123673
0.00990708
0.0168564
0.0177888
0.0188533
0.0182581
0.0181477
0.0184866
0.0190643
0.0182764
0.0175244
0.00491033
0.00754866
0.0109268
0.00980041
0.011603
0.0139635
0.0150906
0.0158629
0.0172669
-0.014619
-0.0100505
-0.00515209
-0.00573316
-0.00164351
0.00215438
0.00272771
0.00565637
0.00882012
-0.0377678
-0.0314185
-0.0259184
-0.0252174
-0.0190264
-0.0144197
-0.0151738
-0.00996664
-0.00569652
-0.0609666
-0.0534622
-0.0479863
-0.0460538
-0.0385818
-0.0335523
-0.0355695
-0.0286091
-0.0237625
-0.0831805
-0.0752572
-0.0697795
-0.0673418
-0.0594196
-0.0541096
-0.0566182
-0.0488673
-0.0436893
