FiniteElementSpace
FiniteElementCollection: L2_2D_P3
VDim: 1
Ordering: 0

0.00944498
0.00572366
0.007375
0.00955122
0.00416025
0.00338348
0.00543291
0.0078519
0.00139814
0.00169175
0.00338493
0.0053096
0.000901315
0.00111915
0.0021777
0.00332601
0.00493588
0.00476559
0.00456835
0.0044357
0.00398624
0.00384578
0.00368478
0.00357785
0.00287954
0.00277418
0.0026555
0.00257837
0.0021428
0.0020613
0.00197091
0.00191335
0.00316431
0.00309209
0.00300921
0.00295418
0.00254918
0.0024898
0.00242242
0.00237831
0.00182949
0.00178533
0.00173621
0.00170487
0.00134823
0.00131444
0.00127756
0.00125461
0.00253513
0.00251431
0.00249504
0.00248629
0.00203357
0.00201551
0.00199892
0.00199152
0.00144998
0.00143569
0.00142285
0.0014174
0.00106135
0.00105002
0.00104005
0.00103607
0.00238152
0.00236284
0.00234634
0.00233969
0.00189603
0.00187971
0.00186534
0.0018596
0.00133958
0.0013266
0.00131539
0.00131115
0.000974296
0.000964014
0.000955356
0.000952344
0.00199121
0.00193681
0.00187279
0.00182893
0.00157434
0.0015304
0.00147924
0.00144463
0.00110446
0.00107295
0.001037
0.00101333
0.000801286
0.000778309
0.000752746
0.000736495
0.00105605
0.000983946
0.000895416
0.000831704
0.000835634
0.000778762
0.000709463
0.000660017
0.000593491
0.000553961
0.000506552
0.000473353
0.000442119
0.000413949
0.000380877
0.000358325
0.000195486
0.000163324
0.000125721
0.00010023
0.000162762
0.000136868
0.0001068
8.65661e-05
0.00012986
0.000110704
8.87826e-05
7.42692e-05
0.000112059
9.69561e-05
7.99667e-05
6.89455e-05
0.00606408
0.00593268
0.00579029
0.00570252
0.00503886
0.00489133
0.00472734
0.00462243
0.00378776
0.00363817
0.003469
0.00335829
0.00291935
0.00277873
0.00261916
0.00251423
0.00031209
0.000286451
0.00026286
0.000251346
0.000162509
0.000146019
0.000130304
0.000122184
0.000329521
0.000305167
0.00027291
0.000247936
0.000752425
0.000707801
0.000643298
0.000589634
0.000159781
3.59785e-05
6.47918e-05
0.000159726
0.000165594
2.92561e-05
1.21681e-05
6.5246e-05
0.000202475
0.000101968
0.000176545
0.000310134
0.000349855
0.000267008
0.000506253
0.000809552
0.00387256
0.00375567
0.00361959
0.00352751
0.00312246
0.00302677
0.00291656
0.00284293
0.00224638
0.00217552
0.00209543
0.00204314
0.00166195
0.00160782
0.00154769
0.00150932
0.000128553
0.000120369
0.000112661
0.000108885
5.00327e-05
4.51401e-05
4.01892e-05
3.73812e-05
0.000131991
0.000125962
0.000117311
0.000110064
0.000345412
0.000333871
0.000316152
0.000300632
0.000193491
0.000180378
0.000168052
0.000162045
8.93225e-05
8.18795e-05
7.46464e-05
7.08203e-05
0.000197982
0.000189251
0.000176971
0.000166862
0.000484492
0.000467138
0.000440736
0.000417825
0.00274659
0.00270619
0.0026623
0.00263532
0.00220908
0.00217535
0.00213918
0.00211734
0.00158084
0.00155531
0.00152855
0.00151294
0.00116086
0.00114113
0.00112088
0.00110947
6.44057e-05
6.1696e-05
5.93945e-05
5.85308e-05
8.89414e-06
7.61493e-06
6.28266e-06
5.4877e-06
6.19734e-05
6.09063e-05
5.85279e-05
5.59439e-05
0.000203748
0.000201515
0.000196471
0.000190993
8.78418e-05
8.28709e-05
7.82594e-05
7.60703e-05
2.37134e-05
2.08628e-05
1.79035e-05
1.61501e-05
8.71805e-05
8.39013e-05
7.87656e-05
7.41574e-05
0.000254793
0.000248538
0.000238134
0.000228487
0.00244403
0.00243049
0.00242063
0.00241902
0.00195354
0.00194125
0.0019321
0.00193032
0.00138685
0.00137664
0.00136902
0.00136751
0.00101195
0.00100363
0.000997485
0.000996368
4.88693e-05
4.78564e-05
4.73645e-05
4.76161e-05
1.32637e-06
1.25012e-06
1.18596e-06
1.16159e-06
4.85023e-05
4.93208e-05
4.92131e-05
4.82325e-05
0.000173125
0.000174413
0.000173865
0.000171743
5.33807e-05
5.19478e-05
5.10034e-05
5.09707e-05
2.84393e-06
2.46503e-06
2.0861e-06
1.8738e-06
5.12745e-05
5.15688e-05
5.08545e-05
4.94664e-05
0.000180617
0.000180902
0.000179121
0.000176117
0.00225458
0.00222034
0.00218328
0.00216063
0.00178812
0.00175968
0.0017293
0.00171108
0.00125777
0.00123656
0.00121448
0.00120177
0.000912429
0.000896434
0.000880253
0.000871408
4.46312e-05
4.39186e-05
4.39709e-05
4.47869e-05
3.06364e-06
3.5099e-06
4.30607e-06
5.11079e-06
4.76016e-05
4.82678e-05
4.81596e-05
4.73752e-05
0.000162581
0.000162349
0.000160049
0.000156819
4.62004e-05
4.52412e-05
4.48482e-05
4.5206e-05
1.23141e-06
1.27992e-06
1.40392e-06
1.55165e-06
4.80571e-05
4.88725e-05
4.87615e-05
4.77896e-05
0.000169899
0.000170884
0.000169922
0.000167482
0.00157299
0.00150303
0.0014179
0.00135722
0.00124185
0.00118621
0.00111906
0.00107166
0.000872537
0.000833497
0.000787188
0.000755159
0.000637172
0.000609243
0.000576841
0.000555063
5.58478e-05
5.61044e-05
5.79542e-05
6.06174e-05
2.52072e-05
2.66893e-05
2.96306e-05
3.27528e-05
5.10192e-05
5.1086e-05
5.15117e-05
5.22229e-05
0.00012464
0.000121104
0.000116348
0.000112751
4.7056e-05
4.69222e-05
4.79568e-05
4.97354e-05
1.03369e-05
1.14637e-05
1.34724e-05
1.54938e-05
4.81323e-05
4.86276e-05
4.88123e-05
4.86965e-05
0.000147372
0.000145475
0.000141719
0.000137984
0.000556571
0.000498948
0.000428929
0.000379175
0.000445578
0.000400146
0.000345357
0.000306759
0.000326712
0.000294855
0.000257052
0.00023092
0.000255066
0.000231859
0.000204897
0.000186739
7.22525e-05
6.98711e-05
6.86156e-05
6.90622e-05
5.47253e-05
5.33541e-05
5.32335e-05
5.44156e-05
5.28096e-05
5.04719e-05
4.90159e-05
4.91276e-05
6.82063e-05
6.32653e-05
5.84969e-05
5.61439e-05
6.76688e-05
6.72872e-05
6.85751e-05
7.09959e-05
4.35758e-05
4.42884e-05
4.66803e-05
4.97087e-05
5.44148e-05
5.35068e-05
5.34736e-05
5.44267e-05
9.71108e-05
9.24408e-05
8.73729e-05
8.4392e-05
2.78163e-05
1.97091e-05
1.1307e-05
6.50723e-06
2.64596e-05
1.87757e-05
1.07819e-05
6.17091e-06
2.6492e-05
1.92284e-05
1.16766e-05
7.29247e-06
2.79652e-05
2.08557e-05
1.35043e-05
9.23904e-06
2.79855e-05
2.31273e-05
1.81636e-05
1.52573e-05
2.38006e-05
1.96624e-05
1.54826e-05
1.30621e-05
1.92023e-05
1.56949e-05
1.22179e-05
1.02505e-05
1.63933e-05
1.31329e-05
9.95398e-06
8.20236e-06
5.85639e-05
5.38041e-05
4.92454e-05
4.69108e-05
4.78697e-05
4.41103e-05
4.07213e-05
3.9183e-05
4.07942e-05
3.71881e-05
3.39563e-05
3.25119e-05
4.07947e-05
3.63873e-05
3.21896e-05
3.00726e-05
0.00720182
0.00676323
0.00629942
0.00599741
0.00601724
0.00568275
0.00529325
0.00502781
0.00444721
0.00424275
0.00401116
0.00385751
0.00324998
0.00316884
0.00308857
0.00304513
0.00267481
0.00262558
0.00261123
0.00260849
0.00168767
0.00169571
0.00173461
0.00177691
0.000796944
0.000825865
0.000876344
0.00092301
0.000389265
0.000413842
0.000450133
0.000477083
0.000689365
0.000777381
0.00165651
0.00260776
0.000365611
0.000418706
0.00100049
0.00165052
0.000195285
0.000157916
0.000409725
0.000736336
0.000162771
6.25773e-05
0.000140802
0.000295712
0.00435924
0.00421567
0.0040486
0.0039356
0.00351646
0.00339884
0.00326342
0.00317297
0.00253356
0.00244625
0.00234756
0.00228313
0.00187885
0.00181196
0.00173761
0.00169013
0.00156417
0.00150706
0.00144433
0.00140489
0.0010428
0.00100207
0.000958819
0.000932872
0.000521404
0.000497839
0.000474291
0.000461441
0.000254812
0.000240661
0.000227091
0.000220221
0.00178879
0.00171874
0.00164185
0.00159359
0.00120009
0.00114939
0.00109552
0.00106317
0.000608747
0.000578939
0.000549062
0.000532668
0.000305643
0.000287625
0.000270287
0.000261457
0.0029244
0.00286965
0.00280805
0.00276822
0.00235429
0.00230902
0.00225869
0.00222665
0.00168733
0.00165344
0.00161656
0.00159375
0.00124121
0.00121519
0.00118741
0.00117073
0.00102709
0.00100492
0.000981602
0.000967912
0.000674606
0.000658877
0.000643005
0.000634278
0.000321895
0.000312908
0.000304453
0.000300372
0.000139754
0.000134524
0.000129783
0.000127665
0.00111703
0.00108828
0.00105732
0.00103844
0.000735959
0.000715629
0.000694548
0.000682387
0.000354894
0.000343272
0.000331983
0.000326153
0.000158638
0.000151774
0.000145347
0.000142252
0.00248011
0.00246449
0.00245191
0.00244821
0.00198608
0.00197215
0.00196085
0.00195743
0.00141314
0.00140179
0.00139267
0.00139001
0.00103278
0.00102361
0.00101637
0.00101442
0.000851646
0.000843646
0.000837473
0.000835987
0.000554805
0.000548858
0.000544581
0.000543948
0.000258425
0.000254925
0.000252695
0.000252756
0.000105204
0.000103345
0.000102257
0.000102437
0.000875821
0.000866014
0.00085758
0.000854419
0.000571413
0.000564246
0.00055846
0.000556722
0.000267091
0.000262933
0.000259919
0.000259427
0.000109587
0.000107339
0.000105814
0.000105703
0.00233147
0.00230605
0.00228068
0.00226715
0.00185254
0.00183095
0.00180966
0.00179855
0.00130581
0.00128923
0.0012733
0.0012654
0.00094834
0.000935545
0.000923599
0.000918053
0.000779972
0.000769082
0.000759163
0.000754821
0.000505596
0.000497917
0.000491427
0.000489135
0.00023364
0.000229579
0.000226674
0.000226272
9.4244e-05
9.24357e-05
9.14837e-05
9.18402e-05
0.00080178
0.000792904
0.000785615
0.000783298
0.000520226
0.000513769
0.000508863
0.000507781
0.000240593
0.000236975
0.000234619
0.000234613
9.69119e-05
9.51548e-05
9.42203e-05
9.45461e-05
0.00179974
0.00173636
0.00166023
0.00160675
0.0014215
0.00137075
0.00131035
0.00126839
0.000997246
0.000961312
0.000919326
0.000890815
0.000725046
0.000699135
0.00066956
0.000650092
0.000598009
0.000576853
0.000553114
0.000537854
0.000391805
0.000378299
0.000363932
0.000355403
0.000189505
0.000183857
0.000178897
0.000176964
8.71957e-05
8.5831e-05
8.57799e-05
8.71269e-05
0.00065952
0.000640623
0.000619989
0.000607223
0.000429335
0.000417057
0.000404401
0.000397261
0.000202807
0.000197432
0.000192837
0.000191182
8.77535e-05
8.62271e-05
8.58684e-05
8.68918e-05
0.000795825
0.000729017
0.000647207
0.00058853
0.000632263
0.000579652
0.000515709
0.000470237
0.000454503
0.000417889
0.000374091
0.000343523
0.000345012
0.00031875
0.000287998
0.000267094
0.00029399
0.000272554
0.000247817
0.000231317
0.000209437
0.000195616
0.000180351
0.000170764
0.00012803
0.000121689
0.000115693
0.000112855
8.80996e-05
8.5562e-05
8.42521e-05
8.4807e-05
0.000371673
0.000348811
0.00032237
0.000304688
0.000256274
0.000241808
0.000225829
0.000215804
0.000144508
0.000138372
0.000132702
0.000130176
8.91077e-05
8.72751e-05
8.68648e-05
8.81214e-05
8.80795e-05
6.89694e-05
4.75484e-05
3.38003e-05
7.69229e-05
6.09009e-05
4.30102e-05
3.15555e-05
6.69326e-05
5.41466e-05
4.00013e-05
3.10187e-05
6.27919e-05
5.18256e-05
3.98239e-05
3.2288e-05
6.0428e-05
5.0369e-05
3.93838e-05
3.24909e-05
5.42414e-05
4.59268e-05
3.69774e-05
3.1452e-05
4.88855e-05
4.22701e-05
3.53232e-05
3.11564e-05
4.6896e-05
4.11146e-05
3.51675e-05
3.16911e-05
0.000103384
9.0194e-05
7.54697e-05
6.60025e-05
8.63704e-05
7.63693e-05
6.54756e-05
5.86836e-05
7.05807e-05
6.36438e-05
5.64489e-05
5.22549e-05
6.34644e-05
5.80221e-05
5.26466e-05
4.97422e-05
0.0055914
0.00539577
0.00517137
0.00502228
0.00453199
0.00436737
0.00417999
0.00405663
0.00329199
0.00316569
0.00302401
0.00293246
0.00246265
0.00236378
0.00225435
0.0021849
0.00206367
0.00197812
0.00188419
0.00182522
0.00139721
0.00133379
0.0012663
0.00122565
0.000721088
0.000682867
0.00064443
0.000623189
0.000372146
0.00034865
0.000325947
0.000314305
0.00247645
0.00234682
0.00220198
0.00210871
0.00168539
0.0015927
0.00149273
0.00143118
0.000880198
0.000826483
0.000772487
0.000742468
0.000466178
0.000433347
0.000401855
0.000385806
0.000240886
0.000223725
0.00020763
0.000199786
0.000116171
0.00010665
9.75431e-05
9.28714e-05
0.000242119
0.000231132
0.000215624
0.000202863
0.000578776
0.000557254
0.000524041
0.000494979
0.000840521
0.000809281
0.000761861
0.00072089
0.00150222
0.00144525
0.00136189
0.00129168
0.00275355
0.00264442
0.00248972
0.0023627
0.00403258
0.00386732
0.00363734
0.00345146
0.00106109
0.00100815
0.000927244
0.000857116
0.00183083
0.00175207
0.00163489
0.00153529
0.00326496
0.00314537
0.00297042
0.00282331
0.00471598
0.00455898
0.00433305
0.00414522
0.000268268
0.000290008
0.000309847
0.000317353
0.000153411
0.000160376
0.000165184
0.000164781
0.000380887
0.000375975
0.000364702
0.00035155
0.000932002
0.000888243
0.000844442
0.000811337
0.00129109
0.00124026
0.00117397
0.00112346
0.00230872
0.00218595
0.00201387
0.00187523
0.00404485
0.00383152
0.00353138
0.00328707
0.00563665
0.00538011
0.00502826
0.00473353
0.000422155
0.000459716
0.000861838
0.00128224
0.000537195
0.000702643
0.00169805
0.00284919
0.0025137
0.00184996
0.00347327
0.00544649
0.00783238
0.00382166
0.00536797
0.00765936
0.00347695
0.003384
0.00327625
0.00320373
0.00280241
0.00272623
0.00263887
0.00258084
0.00201369
0.00195723
0.00189372
0.00185253
0.00148679
0.00144367
0.00139602
0.00136585
0.0012335
0.00119683
0.00115683
0.00113195
0.000815488
0.000789578
0.000762312
0.000746194
0.000397799
0.000382973
0.000368328
0.00036051
0.000183365
0.000174535
0.000166142
0.000161964
0.00138096
0.00133488
0.00128432
0.0012526
0.000916442
0.000883814
0.000849245
0.000828583
0.000452438
0.000433716
0.000415079
0.000404979
0.000214912
0.000203716
0.00019301
0.000187617
0.000105749
9.93034e-05
9.32494e-05
9.02974e-05
3.53469e-05
3.15222e-05
2.75935e-05
2.53075e-05
0.000106931
0.000102313
9.54795e-05
8.96068e-05
0.000294486
0.00028572
0.000271885
0.00025951
0.000440679
0.000428519
0.000409486
0.000392577
0.000807202
0.000785951
0.000753824
0.000725989
0.00147865
0.00143971
0.00138285
0.0013349
0.00214692
0.00208961
0.00200767
0.00193972
0.000510925
0.000494922
0.000470468
0.000449142
0.000926458
0.000898466
0.000856952
0.000821534
0.00169166
0.00164019
0.00156618
0.00150457
0.00245656
0.00238059
0.0022734
0.00218552
0.000157225
0.0001469
0.000137185
0.00013244
6.79108e-05
6.18395e-05
5.58122e-05
5.25034e-05
0.000162388
0.00015497
0.000144498
0.000135846
0.000408555
0.000394094
0.000372155
0.000353133
0.000598681
0.000578499
0.000547992
0.000521629
0.00107719
0.00104151
0.0009891
0.000944762
0.00196425
0.00189786
0.00180323
0.00172505
0.00285591
0.00275719
0.002619
0.00250657
0.00070574
0.000681094
0.00064386
0.000611738
0.00126453
0.00122004
0.00115492
0.0011
0.00231031
0.00222562
0.00210548
0.00200667
0.00336992
0.00324212
0.00306418
0.00292017
0.00262035
0.00259126
0.00256151
0.00254493
0.00210501
0.00208034
0.00205543
0.00204184
0.00150379
0.00148478
0.00146604
0.00145624
0.00110247
0.00108762
0.00107331
0.00106615
0.000910464
0.000897712
0.000885657
0.000879872
0.000595076
0.000585893
0.000577671
0.000574193
0.000279516
0.000274244
0.000269937
0.000268558
0.000116148
0.000113226
0.000110954
0.000110361
0.000959568
0.000942704
0.000925686
0.000916374
0.00062856
0.000616533
0.000604946
0.000599125
0.000297269
0.000290393
0.000284269
0.000281684
0.000125883
0.000121969
0.000118621
0.00011735
5.77e-05
5.57529e-05
5.42582e-05
5.38849e-05
5.02588e-06
4.2855e-06
3.52404e-06
3.07812e-06
5.52128e-05
5.49399e-05
5.3538e-05
5.16606e-05
0.00018946
0.00018868
0.000185531
0.0001815
0.000295738
0.000294358
0.000289896
0.000284459
0.00056229
0.000559149
0.000551515
0.000542994
0.00104699
0.00104063
0.00102756
0.00101393
0.00152701
0.00151756
0.0014995
0.00148134
0.000315702
0.000312367
0.000305328
0.000297906
0.000596246
0.000589858
0.000577908
0.000566037
0.00110612
0.00109396
0.00107319
0.0010536
0.00161055
0.00159262
0.00156334
0.0015365
7.42406e-05
7.0518e-05
6.71663e-05
6.56846e-05
1.49842e-05
1.29932e-05
1.09154e-05
9.67279e-06
7.23858e-05
7.03066e-05
6.66728e-05
6.31715e-05
0.000225025
0.000220959
0.000213493
0.000206145
0.000345129
0.000339336
0.000329013
0.000319032
0.000645988
0.000635513
0.00061808
0.000601917
0.00119341
0.00117395
0.00114342
0.00111621
0.00173528
0.00170665
0.00166316
0.00162528
0.000386095
0.000377353
0.000363034
0.000349899
0.000715056
0.000699634
0.000675502
0.000654047
0.00131525
0.0012869
0.00124441
0.00120782
0.00191059
0.00186892
0.00180799
0.00175652
0.00241516
0.00240055
0.00238935
0.00238676
0.00192667
0.00191354
0.00190333
0.00190077
0.00136451
0.00135373
0.00134538
0.00134333
0.000994035
0.000985306
0.000978652
0.000977164
0.000818575
0.000810953
0.00080528
0.000804186
0.000531799
0.000526122
0.000522205
0.000521862
0.000246435
0.000243122
0.000241133
0.000241386
9.94708e-05
9.77761e-05
9.689e-05
9.72237e-05
0.000833903
0.00082661
0.000821344
0.000820546
0.000542494
0.00053702
0.000533347
0.000533173
0.000251998
0.000248755
0.000246842
0.000247138
0.000102078
0.000100378
9.94747e-05
9.97839e-05
4.74601e-05
4.64808e-05
4.60348e-05
4.63266e-05
1.16781e-06
1.143e-06
1.14538e-06
1.17457e-06
4.8228e-05
4.90847e-05
4.90116e-05
4.80489e-05
0.000171597
0.000172876
0.000172288
0.000170117
0.000269572
0.000270956
0.000269977
0.000267097
0.00051679
0.000518163
0.000516338
0.000512182
0.000972537
0.000974195
0.000971496
0.000965717
0.00143068
0.00143294
0.00143007
0.00142342
0.000272069
0.000273501
0.000272622
0.000269845
0.000521321
0.00052286
0.000521295
0.00051737
0.0009788
0.000980825
0.00097867
0.000973357
0.00143656
0.0014394
0.00143735
0.00143139
5.06711e-05
4.95316e-05
4.89023e-05
4.9066e-05
1.77735e-06
1.6043e-06
1.43972e-06
1.35524e-06
4.93027e-05
4.99497e-05
4.96516e-05
4.85497e-05
0.000175671
0.00017664
0.000175714
0.000173333
0.000275957
0.000276956
0.000275557
0.00027242
0.000528177
0.000529012
0.000526573
0.000522016
0.000989247
0.00099002
0.00098629
0.000979819
0.00144863
0.00144963
0.00144526
0.00143759
0.000283174
0.000283238
0.000280654
0.000276639
0.000540717
0.000539986
0.000535522
0.000529436
0.00100999
0.00100795
0.00100056
0.000991313
0.00147588
0.00147276
0.00146302
0.00145125
0.00214273
0.00209845
0.00204802
0.00201488
0.00169655
0.00166037
0.00161964
0.00159329
0.00119137
0.00116498
0.00113597
0.00111779
0.000863853
0.000844325
0.000823422
0.000810866
0.000710364
0.000694153
0.000677155
0.000667275
0.000460911
0.000450133
0.000439523
0.000434014
0.000214766
0.000209763
0.000205657
0.000204368
8.93079e-05
8.76172e-05
8.69567e-05
8.76665e-05
0.000750195
0.000736764
0.000723483
0.000716524
0.000486196
0.000477015
0.000468544
0.000464716
0.000225083
0.000220535
0.000217015
0.000216161
9.15991e-05
8.98065e-05
8.89376e-05
8.94161e-05
4.51163e-05
4.46695e-05
4.5169e-05
4.64219e-05
5.78598e-06
6.56263e-06
7.92964e-06
9.2977e-06
4.76177e-05
4.82092e-05
4.82185e-05
4.77129e-05
0.000156019
0.000154982
0.000151924
0.00014837
0.00024208
0.000239529
0.000234008
0.000228199
0.000460612
0.00045397
0.000442356
0.000431306
0.000870853
0.000856844
0.000834513
0.000814422
0.00129039
0.00126904
0.00123633
0.00120767
0.000253923
0.000252754
0.000248706
0.000243739
0.000485471
0.000481639
0.000473304
0.000464436
0.000918111
0.000909584
0.000893912
0.000878505
0.00135881
0.00134572
0.00132317
0.0013018
4.51499e-05
4.42661e-05
4.40212e-05
4.45393e-05
1.72099e-06
1.91858e-06
2.29455e-06
2.68912e-06
4.78244e-05
4.85664e-05
4.84246e-05
4.74927e-05
0.000167102
0.000167564
0.000165996
0.000163168
0.000261866
0.00026188
0.000259188
0.000255085
0.000501724
0.000500301
0.000494898
0.000488085
0.000947889
0.000944077
0.000934296
0.000923171
0.00140048
0.00139449
0.00138091
0.00136614
0.000266684
0.000267576
0.000265954
0.000262594
0.000511285
0.000511646
0.000508493
0.000503325
0.000964244
0.000963919
0.000958606
0.000950817
0.00142169
0.00142096
0.00141415
0.00140447
0.00132053
0.00124743
0.00115787
0.00109354
0.001043
0.000985151
0.00091482
0.000864751
0.000735567
0.000695234
0.000646989
0.0006133
0.000541274
0.000512541
0.000478905
0.000456047
0.000450837
0.000427544
0.000400693
0.000382811
0.000303549
0.0002889
0.000272802
0.000262778
0.000160183
0.000154202
0.000148769
0.000146457
8.85328e-05
8.71044e-05
8.71578e-05
8.87354e-05
0.000527502
0.000504809
0.000478901
0.000461859
0.000349352
0.000335029
0.000319475
0.000309955
0.000175208
0.000169372
0.000164151
0.000162015
8.76025e-05
8.63038e-05
8.64376e-05
8.801e-05
6.18922e-05
6.20021e-05
6.38107e-05
6.65551e-05
3.4513e-05
3.57865e-05
3.86992e-05
4.19832e-05
5.29388e-05
5.25933e-05
5.29103e-05
5.38611e-05
0.000111263
0.000107068
0.000102068
9.87449e-05
0.000156834
0.000149466
0.00014019
0.000133499
0.000274501
0.000259108
0.000239159
0.000224133
0.000503705
0.000473612
0.000434375
0.000404503
0.000743139
0.000698161
0.00063961
0.000595035
0.000182565
0.000176008
0.00016707
0.000160096
0.000331059
0.000316799
0.000297438
0.000282194
0.000616023
0.000587675
0.000549535
0.000519612
0.000911446
0.000868844
0.000811945
0.000767548
5.06849e-05
5.08232e-05
5.23606e-05
5.46542e-05
1.68946e-05
1.82941e-05
2.08819e-05
2.35354e-05
4.92934e-05
4.96293e-05
4.99821e-05
5.03033e-05
0.000136808
0.000134059
0.000129724
0.000125976
0.000205982
0.000200591
0.000192467
0.000185567
0.000382523
0.000370314
0.000352763
0.000338236
0.000718032
0.000693376
0.000658901
0.000630901
0.00106399
0.00102675
0.000975452
0.000934257
0.000226037
0.000222031
0.000215095
0.000208606
0.000426212
0.000416661
0.000401829
0.000388788
0.000804024
0.000784393
0.000755483
0.000730964
0.00119192
0.00116215
0.00111936
0.00108374
0.000353014
0.000307442
0.000252852
0.000214722
0.000286566
0.000250425
0.000207459
0.000177703
0.000216974
0.000191181
0.000161005
0.000140494
0.000176491
0.000157148
0.000134971
0.000120263
0.00015735
0.000141024
0.000122527
0.000110443
0.000123406
0.000111907
9.93124e-05
9.14463e-05
9.12907e-05
8.44474e-05
7.75572e-05
7.37774e-05
7.61093e-05
7.1563e-05
6.74967e-05
6.57485e-05
0.00022154
0.000202366
0.000180396
0.00016586
0.000164719
0.00015192
0.000137832
0.000129008
0.00011041
0.000103813
9.73874e-05
9.41144e-05
8.41507e-05
8.06589e-05
7.80671e-05
7.75712e-05
6.80924e-05
6.44419e-05
6.14554e-05
6.04681e-05
5.39298e-05
5.12865e-05
4.94691e-05
4.92711e-05
4.82797e-05
4.52305e-05
4.28516e-05
4.22058e-05
5.41901e-05
4.94386e-05
4.49467e-05
4.27711e-05
5.80803e-05
5.20082e-05
4.5889e-05
4.25456e-05
7.09752e-05
6.15043e-05
5.10908e-05
4.45738e-05
0.000107754
9.15141e-05
7.26905e-05
6.00669e-05
0.00015216
0.000128822
0.000101272
8.23818e-05
7.95203e-05
7.25241e-05
6.51561e-05
6.08796e-05
0.00011135
9.91626e-05
8.51608e-05
7.59133e-05
0.000183827
0.000161806
0.000135406
0.000117
0.000264904
0.00023279
0.000193784
0.000166155
7.16619e-05
7.04269e-05
7.0669e-05
7.23088e-05
5.08446e-05
5.06479e-05
5.20006e-05
5.43118e-05
5.46429e-05
5.30499e-05
5.24112e-05
5.30816e-05
8.26232e-05
7.77012e-05
7.27234e-05
7.00864e-05
0.000103892
9.6305e-05
8.78863e-05
8.26477e-05
0.000160784
0.000146497
0.000129411
0.000117589
0.000279444
0.000252728
0.000219767
0.00019605
0.000407413
0.000368055
0.000319094
0.000283503
0.000130123
0.000122399
0.000113306
0.000107221
0.000216419
0.000201007
0.000181838
0.000167996
0.000388699
0.000359154
0.000321697
0.000293969
0.000570816
0.000526945
0.000471132
0.000429606
4.58583e-06
2.78406e-06
1.18908e-06
5.71093e-07
4.27024e-06
2.65598e-06
1.14634e-06
5.91925e-07
5.18149e-06
3.48304e-06
1.90568e-06
1.47174e-06
6.92934e-06
4.70919e-06
2.86594e-06
2.55963e-06
7.99999e-06
5.50924e-06
3.0347e-06
2.10551e-06
9.09015e-06
6.03989e-06
2.98393e-06
1.60493e-06
1.0794e-05
7.03119e-06
3.2848e-06
1.42475e-06
1.2272e-05
8.03959e-06
3.84037e-06
1.68159e-06
2.83439e-05
2.15069e-05
1.44894e-05
1.04392e-05
2.78274e-05
2.17127e-05
1.54324e-05
1.1783e-05
2.80666e-05
2.26197e-05
1.70236e-05
1.37454e-05
2.88833e-05
2.37313e-05
1.84369e-05
1.53191e-05
1.22831e-05
8.06068e-06
3.89351e-06
1.7497e-06
1.04673e-05
6.7572e-06
3.20678e-06
1.53247e-06
8.33345e-06
5.40247e-06
2.75495e-06
1.78465e-06
6.90892e-06
4.59607e-06
2.70098e-06
2.35361e-06
5.50115e-06
3.62393e-06
2.5595e-06
2.97848e-06
2.62541e-06
1.78907e-06
1.31909e-06
1.62436e-06
6.65672e-07
4.65124e-07
3.76051e-07
5.45998e-07
4.97902e-07
4.20536e-07
4.02503e-07
4.70155e-07
1.41245e-05
1.10916e-05
8.12975e-06
6.50348e-06
9.12441e-06
6.73196e-06
4.42404e-06
3.19146e-06
5.84242e-06
3.81252e-06
1.8907e-06
9.17208e-07
5.71298e-06
3.68179e-06
1.78097e-06
8.57039e-07
4.43409e-05
3.90512e-05
3.3683e-05
3.06012e-05
3.71031e-05
3.27394e-05
2.84201e-05
2.60259e-05
3.06921e-05
2.68546e-05
2.31248e-05
2.11159e-05
2.81342e-05
2.41794e-05
2.0311e-05
1.82138e-05
2.56967e-05
2.17267e-05
1.78747e-05
1.5827e-05
2.11567e-05
1.698e-05
1.28249e-05
1.05365e-05
2.15075e-05
1.60873e-05
1.04533e-05
7.1706e-06
2.66204e-05
1.95398e-05
1.19936e-05
7.46491e-06
4.01488e-05
3.51524e-05
3.02689e-05
2.76968e-05
4.10513e-05
3.44231e-05
2.74884e-05
2.34176e-05
5.39809e-05
4.36067e-05
3.2102e-05
2.47956e-05
7.32422e-05
5.87207e-05
4.22326e-05
3.14544e-05
