FiniteElementSpace
FiniteElementCollection: H1_2D_P2
VDim: 2
Ordering: 0

0
1.10799
2.15071
3.11629
4.00386
4.80067
5.49545
6.103
6.66787
0
0.895529
1.77442
2.61308
3.39102
4.09259
4.71636
5.28532
5.83915
0.558208
1.00682
0.449203
0
1.63923
1.96926
1.33854
2.64294
2.8724
2.20013
3.57038
3.70648
3.0108
4.41466
4.45621
3.75193
5.16072
5.11357
4.41337
5.80783
5.69769
5.00531
6.38751
6.25422
5.56189
0.506108
1.49502
2.42871
3.29896
4.09282
4.79604
5.4123
5.97624
0.277833
0.530819
0.252587
0
1.37608
1.5676
1.2526
1.05735
2.3992
2.53709
2.20089
2.06089
3.3458
3.43648
3.08793
2.99591
4.21224
4.25574
3.90243
3.85713
4.98395
4.98002
4.62904
4.63034
5.65416
5.61083
5.26498
5.30576
6.24615
6.18183
5.83741
5.90063
0.835122
0.757863
0.953943
0.672544
0.480548
0.2259
0
1.89742
1.73394
1.87432
1.55758
1.41944
1.11771
2.88197
2.6526
2.74504
2.40836
2.31675
1.98871
3.78981
3.50523
3.55134
3.20323
3.15727
2.81399
4.61087
4.27746
4.27737
3.9248
3.9252
3.57398
5.33112
4.95743
4.91761
4.56689
4.60764
4.25538
5.95718
5.55627
5.49296
5.14608
5.21093
4.86229
6.52791
6.46091
6.1149
6.047
5.70035
5.76983
5.42371
0.262436
1.31457
2.30113
3.21857
4.05933
4.80828
5.46059
6.04188
0.796066
0.717936
0.242567
1.81638
1.64833
1.18789
2.76871
2.53278
2.0972
3.64942
3.35671
2.95329
4.44613
4.10405
3.74091
5.14573
4.76499
4.44519
5.75724
5.35298
5.06605
6.32127
5.90812
5.63166
0.135944
0.26916
0.129285
0
1.24265
1.34526
1.18648
1.08253
2.27556
2.35036
2.18155
2.10594
3.23166
3.28257
3.10782
3.05645
4.10879
4.13624
3.95894
3.93095
4.89315
4.89651
4.72009
4.71593
5.57548
5.55755
5.38379
5.40085
6.17485
6.14396
5.97147
6.00181
0.697072
0.815365
0.66394
0.544102
0.6323
0.738328
0.599342
0.493753
0.125874
0.247817
0.122297
0
1.76894
1.85697
1.69253
1.60342
1.61493
1.69165
1.53423
1.45774
1.13012
1.22074
1.0712
0.980846
2.76305
2.82564
2.65345
2.59026
2.54115
2.59321
2.42522
2.37324
2.08555
2.14955
1.98616
1.9223
3.68076
3.72006
3.54359
3.50385
3.40271
3.43155
3.25757
3.22867
2.98072
3.02115
2.84968
2.80925
4.51357
4.52895
4.3517
4.33566
4.18587
4.19141
4.01531
4.00965
3.80513
3.82229
3.64677
3.62951
5.24672
5.23873
5.06361
5.07072
4.87741
4.86181
4.68693
4.70247
4.54336
4.53777
4.36196
4.36745
5.883
5.85726
5.68447
5.70945
5.48465
5.45499
5.28226
5.31205
5.18983
5.16602
4.99232
5.01615
6.45777
6.42452
6.25157
6.28459
6.04555
6.01161
5.83892
5.87319
5.76771
5.73476
5.56243
5.59562
0.418626
0.396821
0.518292
0.37943
0.257423
0
1.50828
1.44162
1.53155
1.37424
1.28377
1.03219
2.52166
2.41965
2.48327
2.31528
2.25136
2.01539
3.45873
3.32813
3.3682
3.19403
3.15371
2.93459
4.31422
4.15827
4.17482
3.99833
3.98141
3.78233
5.07316
4.89492
4.8885
4.71326
4.71917
4.5438
5.73159
5.53624
5.51184
5.33911
5.36312
5.21005
6.31699
6.11196
6.07908
5.90689
5.93974
5.79931
0.972143
0.927204
0.882723
0.776961
0.836169
0.925642
0.784089
0.696177
0.560903
0.465815
0.361669
0.337445
0.235452
0.114884
0
2.02468
1.93917
1.85206
1.77544
1.7617
1.82509
1.66628
1.60372
1.4483
1.37981
1.30399
1.22832
1.15366
1.00675
2.99973
2.88287
2.76302
2.71106
2.63939
2.67968
2.51116
2.4712
2.30465
2.25909
2.2074
2.09479
2.04364
1.88189
3.89754
3.75395
3.6065
3.57783
3.45464
3.47188
3.29771
3.28063
3.10757
3.08467
3.05583
2.91292
2.88426
2.71402
4.7066
4.53901
4.36757
4.36233
4.1914
4.18581
4.00932
4.01523
3.839
3.83934
3.83372
3.66358
3.65818
3.48311
5.41403
5.22643
5.03612
5.05201
4.84186
4.81775
4.6421
4.66675
4.49067
4.51135
4.52707
4.33495
4.35113
4.17459
6.03048
5.82926
5.62724
5.65696
5.42318
5.38957
5.21585
5.25006
5.07593
5.10874
5.13889
4.93412
4.96487
4.78973
6.59792
6.56428
6.39102
6.35759
6.18443
6.21809
6.15071
5.97748
5.94315
5.76971
5.80438
5.63105
5.66608
5.70077
5.49278
5.52801
5.35457
0.131482
1.21446
2.22872
3.17011
4.03432
4.80703
5.47984
6.07313
0.680206
0.61624
0.124258
1.73077
1.57509
1.10114
2.70852
2.4837
2.03636
3.61261
3.33071
2.91573
4.43309
4.10123
3.72656
5.15549
4.78279
4.45332
5.78382
5.38386
5.0916
6.35459
5.94236
5.66533
0.407142
0.387917
0.127529
1.47491
1.40814
1.15845
2.47088
2.36783
2.13388
3.39383
3.26155
3.04472
4.23671
4.07884
3.88256
4.98441
4.80458
4.63224
5.63406
5.43797
5.28717
6.21441
6.0095
5.86972
0.949489
0.905023
0.64804
0.859892
0.811054
0.581062
0.370945
0.350526
0.119906
1.98203
1.89591
1.65398
1.80739
1.71474
1.49206
1.33961
1.26699
1.03986
2.94163
2.82337
2.59769
2.70173
2.5759
2.36558
2.26185
2.15176
1.93473
3.82619
3.68074
3.47364
3.53116
3.37685
3.18322
3.12548
2.985
2.78247
4.62324
4.45382
4.26932
4.28014
4.10118
3.92794
3.91666
3.7494
3.56565
5.3205
5.13169
4.97097
4.93957
4.74277
4.58963
4.62081
4.43186
4.26912
5.92989
5.72843
5.5848
5.52554
5.31999
5.17967
5.23947
5.03717
4.89176
6.49439
6.28773
6.14859
6.08105
5.87371
5.73517
5.80402
5.59705
5.45888
0
0.163877
0.504488
0.990758
1.59883
2.31654
3.11741
3.95657
4.79285
1
1.12841
1.41946
1.84355
2.37732
3.01085
3.73398
4.5259
5.35265
0.0649079
0.625066
1.04598
0.5
0.313251
0.946395
1.25506
0.73153
1.4043
1.61678
1.28025
1.97675
2.09751
1.94509
2.6546
2.68208
2.70912
3.42008
3.3622
3.53522
4.23929
4.12317
4.37658
5.07274
4.93747
0.530114
0.766229
1.16021
1.67681
2.30321
3.02819
3.82549
4.65652
0.0366584
0.292333
0.503359
0.25
0.232843
0.535525
0.690355
0.38971
0.613809
0.942574
1.04935
0.721736
1.1318
1.47573
1.53708
1.19453
1.76862
2.12161
2.13675
1.78514
2.5105
2.86637
2.83884
2.48314
3.32551
3.67861
3.62141
3.26668
4.16698
4.51584
4.44777
4.09665
0.107538
0.571341
0.87099
1.08118
0.781031
1.02425
0.75
0.404079
0.85182
1.17889
1.33288
1.00594
1.18666
0.857271
1.27862
1.62051
1.72665
1.38486
1.51425
1.43597
1.8234
2.174
2.23425
1.88391
1.96723
2.12788
2.47593
2.83057
2.84354
2.48996
2.52664
2.91168
3.22213
3.57629
3.5457
3.19372
3.18382
3.74579
4.03166
4.38295
4.32312
3.97424
3.92662
4.58515
4.93253
4.86503
5.2131
5.14492
4.79751
4.7309
0.263366
0.457108
0.828093
1.33155
1.95009
2.6723
3.47154
4.30637
0.334422
0.819821
0.755755
0.624
1.08801
0.933337
1.06481
1.49912
1.27799
1.62697
2.02567
1.74882
2.29942
2.65729
2.3288
3.06472
3.38281
3.0095
3.8872
4.17755
3.77362
4.72461
5.0055
4.58981
0.0225328
0.148542
0.254977
0.125
0.196835
0.343899
0.421962
0.275661
0.558059
0.720107
0.773867
0.612215
1.06033
1.23098
1.26214
1.09192
1.68286
1.85871
1.86677
1.69133
2.41287
2.59077
2.57707
2.3992
3.2212
3.39796
3.36879
3.19144
4.06185
4.23635
4.20151
4.0262
0.0844218
0.219803
0.31167
0.177539
0.5491
0.69405
0.798812
0.653832
0.498406
0.62792
0.750187
0.625
0.357404
0.513085
0.578555
0.423372
0.807857
0.968845
1.04584
0.884925
0.656327
0.810583
0.900832
0.746642
0.793407
0.960284
1.00274
0.836256
1.21849
1.38801
1.44109
1.27164
0.996856
1.16273
1.22744
1.06164
1.35719
1.53081
1.55048
1.37732
1.74926
1.92378
1.95396
1.77958
1.46981
1.64215
1.68382
1.51158
2.03571
2.21301
2.20975
2.03271
2.38881
2.56601
2.57287
2.39593
2.05593
2.23208
2.2506
2.07465
2.80994
2.98758
2.96505
2.78712
3.12462
3.30213
3.28769
3.11054
2.74605
2.92368
2.91935
2.74204
3.64044
3.81602
3.78276
3.60638
3.92835
4.10453
4.0756
3.89973
3.52036
3.69731
3.67451
3.49791
4.48101
4.65473
4.62033
4.44598
4.76083
4.93533
4.9015
4.72706
4.34346
4.5188
4.48623
4.31109
0.0488992
0.276215
0.409727
0.514792
0.381841
0.375
0.271666
0.494999
0.649784
0.727025
0.57256
0.506131
0.671636
0.88434
1.05054
1.10382
0.937822
0.833109
1.20509
1.40275
1.57555
1.60608
1.43357
1.29864
1.85603
2.03504
2.21177
2.21918
2.04276
1.88026
2.60925
2.76876
2.94676
2.93291
2.75502
2.56828
3.43021
3.57485
3.75171
3.72315
3.54609
3.34294
4.27191
4.41116
4.58606
4.55214
4.3769
4.16774
0.134017
0.360477
0.596691
0.451534
0.843949
0.998216
1.1034
0.948815
1.06208
0.91173
0.766682
1.03334
0.887894
1.0146
0.875
0.453119
0.67175
0.898023
0.73689
1.13239
1.29816
1.37514
1.20935
1.29287
1.12931
0.968411
1.21968
1.05868
1.15626
0.923049
1.12875
1.34057
1.1709
1.55894
1.73116
1.78426
1.612
1.67085
1.4999
1.33048
1.5646
1.39516
1.46589
1.5165
1.70519
1.89924
1.72448
2.09902
2.27487
2.30501
2.12913
2.1651
1.98987
1.81553
2.03157
1.85717
1.90458
2.22149
2.39056
2.56454
2.38706
2.74321
2.92018
2.92648
2.74979
2.76208
2.58533
2.4086
2.60361
2.42697
2.45122
3.01418
3.16529
3.32064
3.14295
3.47904
3.65503
3.63927
3.46404
3.45334
3.27764
3.10098
3.27235
3.09622
3.09665
3.85119
3.99185
4.13533
3.95915
4.28003
4.45462
4.42419
4.25049
4.22276
4.04879
3.87356
4.02444
3.85012
3.82978
4.68909
4.8626
4.82865
5.00256
4.96901
4.79474
5.14297
5.10941
5.28308
5.2488
5.0754
5.04114
4.86771
4.69359
4.83404
4.66058
4.62816
0.136816
0.308297
0.665095
1.16053
1.77417
2.49434
3.29441
4.13131
0.196907
0.67232
0.623188
0.466997
0.925734
0.777257
0.897299
1.32891
1.11118
1.45317
1.85084
1.576
2.12209
2.48021
2.15256
2.88688
3.20578
2.83218
3.71109
4.00187
3.5972
4.55048
4.83122
4.41484
0.161425
0.393922
0.375641
0.382289
0.609881
0.537932
0.77717
0.993204
0.884435
1.30324
1.50368
1.36521
1.9449
2.12646
1.96068
2.68838
2.8503
2.66099
3.50198
3.64863
3.44417
4.34126
4.48151
4.27229
0.246099
0.477283
0.428967
0.718862
0.972087
0.928689
0.638943
0.898144
0.880064
0.561511
0.783899
0.692151
1.01417
1.25271
1.16821
0.846509
1.09279
1.02714
1.02516
1.23386
1.10978
1.44891
1.67072
1.55506
1.21623
1.4466
1.34568
1.6102
1.80153
1.64915
1.99839
2.2012
2.05869
1.71001
1.9227
1.79333
2.30539
2.47695
2.29865
2.6533
2.83426
2.66681
2.31322
2.50538
2.35013
3.08913
3.24251
3.04434
3.39953
3.55899
3.37024
3.01649
3.18629
3.00751
3.92108
4.06334
3.85525
4.20763
4.35229
4.1493
3.79818
3.94904
3.75209
4.75875
4.89876
4.69049
5.03927
5.17929
4.97153
4.62289
4.76404
4.55741
