FiniteElementSpace
FiniteElementCollection: H1_2D_P2
VDim: 2
Ordering: 0

0
0.00323563
0.0105419
0.00853125
-0.00830985
-0.0286891
-0.0424325
-0.0498026
-0.0552786
0
0.00436787
0.00306823
-0.00494388
-0.0183362
-0.032312
-0.0428833
-0.0497546
-0.055477
0.000690996
0.00376004
0.00288057
0
0.00709341
0.00746529
0.0045093
0.0115116
0.00272516
-8.57625e-05
0.00149863
-0.0131994
-0.0112203
-0.0189474
-0.0311112
-0.0255773
-0.0365716
-0.0432492
-0.0381305
-0.0466433
-0.0500051
-0.0466625
-0.0525226
-0.0553928
-0.0525604
0.001416
0.00607377
0.00665281
-0.00424865
-0.0225939
-0.0380321
-0.0470701
-0.0526157
0.000188463
0.0012414
0.000480857
0
0.00509153
0.00674952
0.00496106
0.00370156
0.0114545
0.00916284
0.00740964
0.00912343
0.00546821
-0.00134232
-0.000428666
0.00568161
-0.0136469
-0.0207951
-0.0179353
-0.0107463
-0.0328893
-0.037387
-0.0347904
-0.0299596
-0.044709
-0.0469306
-0.045305
-0.0429321
-0.0511828
-0.0525748
-0.0513172
-0.0499437
0.00172167
0.00255754
0.00382759
0.00376764
0.00178822
0.00167134
0
0.00899976
0.00696367
0.00549098
0.00399634
0.00524478
0.00462579
0.0105581
0.00510059
-0.000649151
-0.00231206
0.00371665
0.00170988
-0.00317575
-0.00857038
-0.015728
-0.0147175
-0.00743899
-0.00793526
-0.0240109
-0.027023
-0.0319914
-0.0290396
-0.0242619
-0.0219847
-0.0397401
-0.0408414
-0.0432794
-0.0406396
-0.0383577
-0.0353512
-0.0483146
-0.048613
-0.049949
-0.0482709
-0.0470019
-0.0448805
-0.0538759
-0.0553316
-0.053958
-0.0554384
-0.0539873
-0.0526107
-0.0511666
0.000414062
0.00521357
0.00953087
0.00256266
-0.0157983
-0.033914
-0.0450924
-0.0512713
0.00234945
0.00287286
0.000663587
0.00812448
0.0055666
0.00463569
0.00789499
0.00186735
0.00490559
-0.0058516
-0.0114736
-0.0037845
-0.0255593
-0.0282746
-0.0200397
-0.0403818
-0.0409895
-0.0353597
-0.048522
-0.0485421
-0.0452668
-0.0539124
-0.0539821
-0.051285
7.32623e-05
0.000341542
0.00013612
0
0.00413259
0.00521685
0.0044446
0.00354464
0.0110982
0.0105085
0.00941401
0.00985926
0.0071283
0.00401155
0.00423021
0.00710399
-0.0109716
-0.0147255
-0.0132666
-0.00953091
-0.0308575
-0.0334131
-0.031996
-0.0293328
-0.0436198
-0.0449178
-0.0440568
-0.0426998
-0.0505011
-0.051229
-0.0506147
-0.04988
0.00113912
0.00211985
0.00176142
0.00104575
0.00197369
0.00267404
0.00234627
0.00155236
0.000169406
0.000545874
0.000247087
0
0.00807805
0.00860095
0.00747015
0.0069731
0.00655571
0.00629209
0.00544717
0.00566683
0.00436463
0.00478787
0.00425199
0.0037671
0.0111745
0.00922767
0.00864686
0.0103444
0.00597834
0.00356155
0.00287411
0.00525784
0.00751585
0.00621964
0.00526671
0.00652404
-0.000764039
-0.00451699
-0.0035342
7.42345e-05
-0.00635849
-0.0099907
-0.00941869
-0.00579376
0.00123924
-0.00204138
-0.00214612
0.00111282
-0.0215245
-0.024791
-0.0232158
-0.0198752
-0.0248441
-0.0276871
-0.026299
-0.0234531
-0.0155654
-0.0189958
-0.0178853
-0.0144525
-0.0382217
-0.0400774
-0.0389427
-0.0369936
-0.0394887
-0.0409641
-0.0397176
-0.0382465
-0.0330037
-0.0351264
-0.0337199
-0.0315984
-0.0475069
-0.0484298
-0.0477522
-0.046802
-0.0478649
-0.0486003
-0.0477927
-0.0470658
-0.0443172
-0.0453228
-0.0443078
-0.0433078
-0.0531933
-0.0538893
-0.0532365
-0.0525463
-0.0532786
-0.0539734
-0.0532878
-0.0526197
-0.0506671
-0.0513119
-0.0506221
-0.0499934
0.000377405
0.000791785
0.00133869
0.000907773
0.000450794
0
0.00609009
0.00598896
0.00644338
0.00553531
0.00511681
0.00375632
0.0116085
0.00945373
0.00794187
0.00712491
0.00850476
0.00832849
0.00358879
0.000698778
-0.00277545
-0.00226504
0.00109249
0.00423305
-0.0163197
-0.0183158
-0.0217038
-0.0202838
-0.0168685
-0.0119668
-0.0348
-0.0357114
-0.0377385
-0.0364655
-0.0343786
-0.0305575
-0.0457147
-0.046047
-0.0470225
-0.0462196
-0.0452246
-0.0431192
-0.0518529
-0.0519222
-0.0525997
-0.0519646
-0.0513024
-0.0499871
0.00242578
0.00299881
0.00315519
0.0024722
0.00336652
0.00401065
0.00410778
0.0032204
0.00335427
0.00221905
0.00121129
0.00233459
0.00100801
0.000792157
0
0.00983798
0.00868494
0.00727284
0.00757725
0.00558424
0.0043488
0.00358318
0.00480205
0.00430237
0.00485119
0.00496929
0.00461524
0.00456756
0.00454173
0.00968532
0.00690667
0.00401364
0.00653028
0.000688821
-0.00264355
-0.00358437
-6.45432e-05
-0.00115073
0.00195906
0.00438908
0.000862759
0.00342019
0.0024405
-0.00570255
-0.00826499
-0.0108587
-0.00719753
-0.0135831
-0.017028
-0.0165179
-0.0130463
-0.0129499
-0.0092361
-0.00555569
-0.0095492
-0.00572971
-0.0064026
-0.0264105
-0.0278114
-0.0291139
-0.0263074
-0.0301725
-0.0322465
-0.0307004
-0.0287433
-0.0273266
-0.0249862
-0.0221688
-0.0237912
-0.0210481
-0.0201615
-0.0411448
-0.0417095
-0.0420923
-0.0406412
-0.0421746
-0.0431444
-0.0417933
-0.0408906
-0.039418
-0.0383314
-0.0369043
-0.0367729
-0.0354498
-0.0338608
-0.0490764
-0.0492491
-0.0493235
-0.048585
-0.0492585
-0.0498696
-0.0490249
-0.0484335
-0.0474855
-0.04687
-0.0461624
-0.045796
-0.0451236
-0.0439109
-0.0545659
-0.0553011
-0.0546086
-0.0553633
-0.0546616
-0.0539367
-0.0554178
-0.0546996
-0.0554573
-0.0547241
-0.0539849
-0.0532658
-0.0525894
-0.0519457
-0.0518616
-0.0512359
-0.0504657
0.000112597
0.00435859
0.0102763
0.00567538
-0.0121214
-0.031436
-0.0438555
-0.0505624
0.00153449
0.00211287
0.000189673
0.00781871
0.0060186
0.00428951
0.00991366
0.00450246
0.00644572
-0.00215273
-0.00784757
-0.000382611
-0.0223742
-0.0256038
-0.0167241
-0.0385971
-0.0396536
-0.0334114
-0.0476429
-0.047855
-0.0443528
-0.0532114
-0.053288
-0.0506581
0.000650247
0.000854539
0.000152835
0.00609707
0.00579277
0.00443233
0.0105414
0.00832349
0.00849912
0.00213952
-0.0007603
0.00276232
-0.0173204
-0.0193052
-0.0144137
-0.035268
-0.0361162
-0.0325241
-0.0458969
-0.0461574
-0.0442144
-0.0518874
-0.0519496
-0.0506513
0.00279292
0.00309942
0.00188185
0.00322665
0.00364306
0.00274454
0.00101361
0.00164267
0.000362075
0.00929331
0.00801242
0.00704531
0.00646514
0.00462882
0.0048714
0.00525059
0.00474627
0.00432006
0.00829434
0.0054912
0.00734579
0.00242834
-0.00128948
0.00101513
0.0058253
0.00275609
0.00394567
-0.00698648
-0.00955195
-0.00492949
-0.0121996
-0.0150238
-0.0111119
-0.00385212
-0.00743862
-0.00413015
-0.0271173
-0.0284819
-0.0240427
-0.0296865
-0.0305283
-0.0268907
-0.0212434
-0.0230325
-0.01904
-0.0414438
-0.0419301
-0.0392451
-0.0421798
-0.0420537
-0.0396499
-0.0367368
-0.0369302
-0.0338861
-0.049172
-0.0493014
-0.0478284
-0.0493105
-0.049164
-0.0476714
-0.0462244
-0.046023
-0.0441659
-0.0545829
-0.0546361
-0.0532604
-0.0546831
-0.0547121
-0.0532788
-0.0519637
-0.0519107
-0.0505578
0
-0.00266677
0.00202307
0.0210543
0.0401374
0.0479107
0.0479899
0.0469825
0.0469747
0
-0.00626036
-0.00464691
0.00691165
0.0215528
0.0321025
0.0378544
0.0404441
0.0410654
-0.000752342
-0.00484253
-0.00422434
0
-0.00230712
-0.00208222
-0.00672367
0.0103507
0.0142095
0.000139938
0.0316837
0.0318182
0.0144428
0.045464
0.040679
0.0275089
0.0484125
0.0431246
0.0354691
0.0473849
0.0437645
0.0394659
0.0468854
0.044037
0.0409151
-0.00224116
-0.00529099
0.00487632
0.0238011
0.037399
0.0423434
0.0435204
0.0439336
0.000112148
-0.00141802
-0.000870449
0
-0.00291224
-0.00390546
-0.00545621
-0.00379956
0.00575592
0.00754149
0.000985367
-0.000137588
0.0265306
0.0277862
0.0191052
0.017616
0.0431999
0.0415531
0.0349241
0.0360707
0.0483371
0.0454982
0.0416638
0.0444231
0.0476783
0.0455504
0.0433509
0.045666
0.0468979
0.045459
0.0438566
0.0454547
-0.0018305
-0.00368018
-0.00571855
-0.00537389
-0.00319789
-0.00285556
0
-0.000682705
-0.00418773
-0.00370072
-0.00603679
-0.00633912
-0.00676073
0.0155532
0.00937314
0.0106965
0.00334892
0.00236002
-0.0025647
0.0362732
0.0280867
0.0271236
0.0181093
0.0194871
0.0106632
0.0469973
0.03929
0.0366013
0.0299727
0.0328138
0.0246991
0.0482617
0.0428064
0.040473
0.0367697
0.0389782
0.033924
0.0471465
0.0436544
0.0420483
0.0400268
0.0414388
0.038747
0.046924
0.0455173
0.0439952
0.0425491
0.0410137
0.0423921
0.0407337
-0.00030302
-0.0042692
0.00327704
0.0228323
0.0391721
0.0451258
0.0456179
0.0454448
-0.00273979
-0.00459368
-0.00157858
-0.0025483
-0.00547173
-0.00637034
0.0124177
0.00635232
-0.00105225
0.0322504
0.0235214
0.0151502
0.0432711
0.0349197
0.0302253
0.0456485
0.0398088
0.0379303
0.0454913
0.0417818
0.041008
0.0454891
0.04249
0.0422482
0.000249748
-5.41442e-05
-1.8691e-05
0
-0.00288839
-0.00360997
-0.00412462
-0.00324367
0.00375745
0.00449292
0.00145096
0.000917445
0.0238141
0.0246746
0.0202402
0.019323
0.0417756
0.0412021
0.0377133
0.0381147
0.0481782
0.0467615
0.0448231
0.0461947
0.0478348
0.0466817
0.0456467
0.0468613
0.0469303
0.0461955
0.0454465
0.0462473
-0.00129704
-0.00228142
-0.00208825
-0.00106126
-0.00297731
-0.00414718
-0.00391894
-0.00270236
-0.000353991
-0.00119186
-0.000776813
0
-0.0016401
-0.00164105
-0.0033576
-0.0031301
-0.0048608
-0.00488893
-0.00601331
-0.00587093
-0.00523225
-0.00595862
-0.00611652
-0.00531002
0.0128871
0.0139686
0.00991992
0.00892542
0.00706644
0.0078612
0.00429988
0.0035946
-0.000659842
-7.54479e-05
-0.0024773
-0.00294589
0.0340647
0.0342666
0.0300912
0.0297338
0.0260053
0.0258741
0.0215507
0.021703
0.0166674
0.0171699
0.0129252
0.0124743
0.04632
0.045159
0.0424898
0.0435294
0.0384122
0.0371637
0.0339227
0.0351746
0.0334502
0.0326487
0.0287375
0.0295459
0.0483588
0.0469878
0.045595
0.0469869
0.0425969
0.0413224
0.039417
0.0406853
0.0412152
0.0398327
0.0373047
0.0386877
0.0472571
0.0463506
0.0455186
0.0465008
0.043591
0.0427139
0.0416206
0.0424774
0.0432467
0.0421809
0.0407549
0.0418059
0.0469
0.0462178
0.0454729
0.0461901
0.0439666
0.0432406
0.0424464
0.0431598
0.0438126
0.0430482
0.042156
0.0429016
-0.000255794
-0.000804322
-0.00181273
-0.00152706
-0.000579758
0
-0.00273819
-0.00420355
-0.00462945
-0.00548103
-0.00488787
-0.00433506
0.0079498
0.00531563
0.00619258
0.00284199
0.00210661
-0.00114024
0.0291659
0.0253579
0.0258168
0.0214926
0.0209829
0.0159167
0.0444337
0.0404506
0.0395159
0.0362376
0.0370871
0.0339804
0.0484117
0.0453462
0.0439497
0.0420356
0.0434276
0.0425873
0.0475264
0.0455844
0.0445513
0.0434411
0.0445028
0.0444168
0.0468835
0.0454493
0.0447035
0.0438969
0.0446602
0.0446212
-0.00230714
-0.00332471
-0.00431277
-0.00320752
-0.00520115
-0.00604418
-0.00585463
-0.00500721
-0.00482693
-0.00371743
-0.00241319
-0.00356371
-0.00214248
-0.00180159
0
0.000523632
-0.00147463
-0.00325781
-0.00340078
-0.00469617
-0.00429477
-0.00542598
-0.00588111
-0.00646287
-0.00664616
-0.00644936
-0.00681555
-0.00665386
-0.00656772
0.0182825
0.0149953
0.0117674
0.010889
0.00849733
0.0088458
0.00509959
0.00484142
0.00169485
0.00119217
0.000571851
-0.00127849
-0.0019054
-0.00368402
0.0383077
0.0342479
0.030027
0.0301991
0.0253808
0.0244831
0.0198621
0.0209568
0.0162964
0.017087
0.0173459
0.0125589
0.0129943
0.00877586
0.0475266
0.0439109
0.0400407
0.0413194
0.0358083
0.034412
0.0310763
0.0325335
0.0287816
0.0302749
0.0315812
0.0261447
0.0275965
0.0231637
0.0481354
0.0456691
0.0429798
0.0442525
0.040159
0.0391505
0.0373372
0.0382872
0.0361476
0.0372376
0.0384848
0.0347284
0.0359621
0.0330488
0.0470544
0.0454697
0.043712
0.0445866
0.041924
0.041224
0.0402523
0.0408803
0.039765
0.040429
0.0412353
0.0391269
0.0398574
0.0383232
0.0469512
0.0462526
0.0455051
0.0447811
0.0440188
0.0447471
0.0432916
0.0425235
0.0418076
0.0410428
0.0417473
0.0409727
0.0416413
0.0423265
0.0408364
0.0414726
0.0406035
0.000133544
-0.00352059
0.00258138
0.0220177
0.0397572
0.0465293
0.0467743
0.046215
-0.00167879
-0.00344528
-0.000541578
-0.00252198
-0.00549554
-0.00571231
0.0113857
0.00567034
-0.00161763
0.0320793
0.0238432
0.0148284
0.0444272
0.0362313
0.031169
0.0470089
0.0410264
0.0393015
0.0464204
0.0426024
0.0420048
0.046201
0.043204
0.0429797
-0.000496927
-0.00115075
-0.000182328
-0.00349116
-0.00487067
-0.00469832
0.00661194
0.00405847
0.000368156
0.0272576
0.023444
0.018463
0.04246
0.0383836
0.0356193
0.0469095
0.0437217
0.0430537
0.0465889
0.0445299
0.0444666
0.0461876
0.0446815
0.0446401
-0.00281889
-0.00382487
-0.00252233
-0.00477704
-0.00556695
-0.00438665
-0.0019383
-0.00296557
-0.00112711
-0.000499242
-0.00239778
-0.00414129
-0.00403476
-0.00518728
-0.00636089
-0.00601658
-0.00673536
-0.0064142
0.016625
0.0133803
0.00848193
0.0101423
0.00681463
0.00296282
0.00167354
-0.000432488
-0.00319184
0.0362848
0.0321708
0.0280753
0.0277772
0.0227666
0.0190573
0.0194704
0.0150588
0.0109161
0.0457446
0.0420134
0.0404904
0.0379779
0.0335161
0.0314531
0.0339811
0.028988
0.0260918
0.0469352
0.0443476
0.0441229
0.0415801
0.0387399
0.0377877
0.0402901
0.0366305
0.0352239
0.0462925
0.0446036
0.0445696
0.0428134
0.0410649
0.0406689
0.0423376
0.0401591
0.039522
0.0462365
0.0447662
0.0447258
0.0432694
0.0417821
0.0417011
0.043108
0.0415659
0.0413593
