FiniteElementSpace
FiniteElementCollection: H1_2D_P2
VDim: 2
Ordering: 0

0
1.06075
2.14473
3.14816
3.9287
4.39222
4.58583
4.64509
4.67862
0
0.929236
1.78753
2.53298
3.09709
3.43933
3.59291
3.64565
3.67938
0.522226
0.99697
0.473694
0
1.60506
1.97612
1.36869
2.66508
2.86201
2.17857
3.57484
3.54182
2.84163
4.20067
3.94103
3.29575
4.51479
4.10326
3.53481
4.62392
4.14927
3.62595
4.66102
4.17929
3.66148
0.498555
1.49216
2.43745
3.23452
3.77677
4.04473
4.13323
4.16238
0.257774
0.512507
0.249382
0
1.33273
1.55141
1.24538
1.0313
2.40839
2.55526
2.21045
2.06377
3.36969
3.40975
3.05569
3.00968
4.07509
3.99392
3.66845
3.74055
4.46112
4.28376
3.99956
4.1714
4.6079
4.38041
4.12083
4.3475
4.65316
4.41188
4.15567
4.39803
0.790274
0.747816
0.961415
0.703356
0.484061
0.239869
0
1.8763
1.73618
1.88337
1.58108
1.43008
1.15118
2.91248
2.65529
2.70388
2.36093
2.3119
1.98705
3.76167
3.39696
3.32921
2.97635
3.04663
2.69356
4.30599
3.86727
3.69834
3.3741
3.54584
3.20354
4.55556
4.07859
3.85203
3.56777
3.79584
3.49248
4.63578
4.1422
3.89841
3.63681
3.88177
3.61179
4.6694
4.42896
4.17009
3.92934
3.67
3.91215
3.65358
0.254718
1.29165
2.31308
3.21755
3.87706
4.23477
4.36676
4.40488
0.771372
0.723478
0.243827
1.8093
1.65917
1.19719
2.78819
2.51325
2.10142
3.58452
3.19596
2.88217
4.09166
3.62968
3.44584
4.32058
3.82816
3.75318
4.3903
3.891
3.86932
4.41977
3.92009
3.90515
0.127495
0.25683
0.126533
0
1.19662
1.31303
1.16148
1.04684
2.27732
2.36171
2.1892
2.10519
3.26093
3.29475
3.11546
3.08002
4.00462
3.97723
3.81127
3.83579
4.42877
4.34893
4.20501
4.28286
4.59775
4.48787
4.35796
4.46733
4.64918
4.52908
4.40149
4.52172
0.65589
0.781634
0.641788
0.518165
0.623174
0.735506
0.603908
0.491197
0.124748
0.246563
0.12288
0
1.74093
1.84369
1.68068
1.5791
1.61459
1.69802
1.54515
1.46129
1.12132
1.22132
1.07961
0.979111
2.79016
2.8514
2.67302
2.6112
2.54763
2.58547
2.4138
2.37565
2.09408
2.15669
1.99324
1.93028
3.67076
3.67426
3.49941
3.49345
3.31785
3.29839
3.12323
3.14238
2.96058
2.97056
2.79464
2.78437
4.2559
4.19993
4.04513
4.09844
3.82418
3.75037
3.58971
3.66329
3.60742
3.55918
3.38958
3.43752
4.53666
4.43886
4.30355
4.40017
4.06294
3.95452
3.81318
3.92165
3.97208
3.87794
3.72738
3.82143
4.63025
4.51332
4.38572
4.50257
4.13805
4.017
3.8867
4.00805
4.11281
3.9958
3.86139
3.97858
4.66509
4.54454
4.41568
4.53644
4.16608
4.04512
3.91598
4.03735
4.1525
4.03057
3.9018
4.0241
0.389468
0.383491
0.505776
0.373965
0.252161
0
1.46894
1.42168
1.52233
1.36904
1.26899
1.01454
2.53779
2.4352
2.49734
2.32497
2.26263
2.0207
3.47455
3.31573
3.32353
3.14705
3.13793
2.93706
4.14057
3.93794
3.88682
3.72487
3.77425
3.64267
4.48975
4.26093
4.16535
4.02369
4.1184
4.05756
4.61653
4.37417
4.25732
4.12756
4.24445
4.22619
4.65704
4.40831
4.28722
4.15895
4.28043
4.2739
0.925269
0.901229
0.872438
0.759939
0.842675
0.944599
0.816761
0.712558
0.589006
0.477996
0.364037
0.357324
0.241336
0.121279
0
2.01101
1.93707
1.85674
1.77338
1.77195
1.83572
1.68508
1.62008
1.47556
1.39907
1.31404
1.26051
1.17364
1.04072
3.03201
2.90051
2.76014
2.72284
2.60999
2.62025
2.44826
2.43851
2.27092
2.24624
2.20769
2.08384
2.04486
1.88819
3.84784
3.66495
3.47162
3.49219
3.26461
3.21606
3.03841
3.08893
2.91063
2.94666
2.96619
2.76914
2.79007
2.6147
4.35147
4.13369
3.90615
3.98089
3.66582
3.57119
3.40825
3.50452
3.33656
3.42363
3.49787
3.25134
3.32763
3.15203
4.57187
4.33514
4.09194
4.20055
3.84104
3.7235
3.58121
3.69931
3.55235
3.667
3.77592
3.51488
3.62485
3.4673
4.64064
4.39435
4.1459
4.26662
3.89486
3.77222
3.64139
3.76425
3.63169
3.75439
3.87605
3.61935
3.74131
3.60302
4.67388
4.55375
4.42419
4.30415
4.17448
4.29496
4.05435
3.92454
3.80433
3.67456
3.79501
3.66561
3.78682
3.90857
3.65747
3.77945
3.64965
0.127271
1.17987
2.23421
3.1893
3.90909
4.3179
4.47846
4.52545
0.649644
0.6134
0.123801
1.71168
1.58013
1.10043
2.73263
2.4818
2.0443
3.58623
3.22241
2.87914
4.15162
3.70889
3.50053
4.42094
3.93931
3.85139
4.50833
4.01285
3.98793
4.54036
4.04109
4.02736
0.38723
0.3789
0.125702
1.44616
1.39587
1.14183
2.48749
2.38101
2.14244
3.39627
3.23274
3.03928
4.04039
3.83289
3.71084
4.37627
4.14348
4.08984
4.49582
4.25144
4.23612
4.53271
4.28375
4.2772
0.914061
0.887209
0.632787
0.857437
0.828918
0.595565
0.36894
0.359893
0.121999
1.97495
1.8976
1.64823
1.81478
1.72863
1.51017
1.34164
1.28685
1.05953
2.96734
2.83148
2.61137
2.68638
2.53075
2.34358
2.26719
2.14658
1.94116
3.75754
3.56975
3.41006
3.37009
3.15438
3.0196
3.05834
2.87005
2.7067
4.24365
4.0213
3.9361
3.78781
3.53954
3.46588
3.61339
3.37751
3.27376
4.45423
4.21443
4.18428
3.96753
3.71231
3.68427
3.90127
3.64725
3.59953
4.51772
4.27043
4.26232
4.02071
3.76839
3.75963
4.00244
3.74834
3.7331
4.549
4.29936
4.29094
4.04954
3.79953
3.79078
4.03388
3.78307
3.77586
0
0.0382834
0.288961
0.843883
1.70054
2.74042
3.81232
4.84662
5.85051
1
1.03276
1.22192
1.62642
2.24636
3.0357
3.93331
4.89544
5.88997
0.00205736
0.51398
1.00572
0.5
0.129572
0.72677
1.10236
0.525815
1.20721
1.39605
1.23949
1.9551
1.91145
2.20803
2.88126
2.62387
3.27919
3.87166
3.4742
4.3348
4.87088
4.40836
5.35053
5.87015
5.39072
0.487374
0.590101
0.931452
1.55144
2.40379
3.37356
4.37121
5.37053
0.000156157
0.241089
0.488321
0.25
0.0761714
0.354741
0.54508
0.271618
0.397317
0.723168
0.8203
0.502449
1.03255
1.39055
1.37118
1.02027
1.94983
2.30192
2.17484
1.82335
3.00993
3.32332
3.12625
2.80732
4.07498
4.35095
4.12138
3.83941
5.09934
5.35978
5.12071
4.85731
0.0141725
0.495328
0.76696
1.0145
0.742223
1.00464
0.75
0.200059
0.650311
0.965029
1.15554
0.838118
1.06171
0.674734
1.06046
1.40761
1.50423
1.15399
1.30199
1.4629
1.74665
2.09586
2.07308
1.72395
1.76233
2.4724
2.6399
2.95883
2.82601
2.51184
2.43031
3.54692
3.62225
3.90464
3.7015
3.42561
3.25203
4.59191
4.62105
4.88455
4.65064
4.39172
4.1691
5.60071
5.86014
5.62035
5.88021
5.64015
5.38132
5.1423
0.241263
0.305791
0.603335
1.19676
2.05811
3.0648
4.09585
5.10892
0.250612
0.749498
0.742959
0.419894
0.894135
0.796084
0.862202
1.27272
1.05149
1.60008
1.9036
1.55827
2.55239
2.73223
2.29916
3.58176
3.66392
3.19031
4.60472
4.63753
4.14735
5.6101
5.63063
5.13255
0.000751104
0.120171
0.244675
0.125
0.0553459
0.189877
0.286951
0.153904
0.340567
0.499117
0.550546
0.394504
0.93574
1.11349
1.10626
0.930893
1.82384
2.00285
1.93944
1.76082
2.8751
3.03631
2.93584
2.77279
3.94401
4.08458
3.96779
3.82496
4.97321
5.10373
4.98323
4.85143
0.0067038
0.131417
0.244525
0.120732
0.490127
0.621161
0.744699
0.613694
0.492716
0.614647
0.745809
0.625
0.16252
0.308795
0.385205
0.241007
0.618245
0.770331
0.864335
0.712341
0.527882
0.668965
0.779994
0.639028
0.59762
0.767269
0.790276
0.623284
0.993738
1.16458
1.21135
1.04068
0.771372
0.933862
1.0063
0.843918
1.34917
1.53035
1.49345
1.31386
1.64729
1.82372
1.81214
1.63608
1.28711
1.46294
1.48104
1.30549
2.33957
2.5113
2.42646
2.25386
2.52108
2.68563
2.62118
2.45715
2.0637
2.23609
2.19625
2.02432
3.4133
3.56337
3.4526
3.30024
3.49779
3.64323
3.54444
3.39964
3.00339
3.15821
3.07404
2.91981
4.46368
4.59767
4.47799
4.34212
4.49613
4.62948
4.51446
4.38168
3.99649
4.13457
4.02577
3.88834
5.47571
5.60526
5.485
5.35488
5.49544
5.62555
5.50592
5.37602
4.9958
5.12676
5.00844
4.87788
-7.11399e-05
0.240095
0.363236
0.486822
0.363899
0.375
0.10077
0.32832
0.471015
0.565774
0.424116
0.391582
0.458924
0.66085
0.825772
0.873664
0.710278
0.613092
1.13374
1.29157
1.46968
1.45937
1.28257
1.11228
2.07794
2.17903
2.35196
2.28831
2.11547
1.88811
3.14467
3.19401
3.34792
3.24968
3.09492
2.8436
4.20524
4.22357
4.3608
4.24629
4.10828
3.85514
5.2251
5.23443
5.36506
5.24562
5.11467
4.86391
0.0245817
0.259572
0.5032
0.371866
0.756865
0.898082
1.02238
0.880529
1.00903
0.872911
0.741759
1.00435
0.873203
1.00403
0.875
0.242056
0.458924
0.686463
0.53363
0.927694
1.09077
1.18711
1.02231
1.12739
0.967935
0.81543
1.08056
0.926845
1.04586
0.756706
0.938877
1.13166
0.959819
1.33819
1.5143
1.56367
1.38563
1.44846
1.27215
1.10074
1.34734
1.17392
1.26029
1.58002
1.71013
1.84935
1.67214
1.99827
2.16979
2.15838
1.98656
1.99082
1.81552
1.63932
1.83536
1.6578
1.69277
2.60608
2.67942
2.76003
2.59535
2.84485
2.99763
2.92998
2.77914
2.72396
2.56747
2.40445
2.52599
2.36389
2.33711
3.67995
3.71072
3.74689
3.60156
3.78401
3.91984
3.81688
3.68356
3.58725
3.45068
3.30754
3.36244
3.22179
3.1431
4.71954
4.73115
4.74597
4.61265
4.7609
4.89052
4.77275
4.64473
4.52916
4.40079
4.26934
4.28833
4.15905
4.05074
5.72561
5.85524
5.73513
5.86509
5.74525
5.61516
5.87522
5.75541
5.88516
5.76506
5.63553
5.51535
5.38629
5.25686
5.26635
5.13783
5.01865
0.122352
0.17008
0.444364
1.01984
1.88052
2.90441
3.95503
4.97774
0.124705
0.616239
0.618614
0.272707
0.739455
0.652405
0.69276
1.10051
0.886823
1.42018
1.7282
1.38221
2.38192
2.57058
2.12894
3.43196
3.52121
3.03856
4.47014
4.5055
4.01134
5.48014
5.50075
5.00226
0.119332
0.362505
0.368098
0.213426
0.445684
0.406148
0.558692
0.765718
0.659431
1.21151
1.37411
1.19525
2.12738
2.23272
2.00051
3.16831
3.22129
2.96897
4.21361
4.23462
3.98179
5.22942
5.2399
4.98935
0.141071
0.380226
0.366277
0.628684
0.887995
0.875591
0.613224
0.872262
0.874349
0.34931
0.571198
0.500286
0.805136
1.05477
0.993436
0.688906
0.945807
0.911006
0.846615
1.03378
0.890482
1.23295
1.44813
1.32703
0.985157
1.22117
1.13052
1.64395
1.77857
1.5691
1.92253
2.07676
1.89948
1.54764
1.73498
1.58427
2.64167
2.71899
2.47293
2.80211
2.88762
2.67239
2.34559
2.4646
2.26559
3.69439
3.72839
3.47471
3.76562
3.80131
3.56667
3.27861
3.3357
3.10907
4.72476
4.73835
4.4868
4.75361
4.76741
4.52251
4.25803
4.27962
4.03911
5.73027
5.74013
5.49014
5.75038
5.76033
5.51083
5.25134
5.26193
5.01401
