FiniteElementSpace
FiniteElementCollection: L2_2D_P3
VDim: 1
Ordering: 0

0.00839295
0.00387547
0.00506706
0.00705529
0.0027775
0.00193717
0.00342942
0.00535395
0.000629683
0.000799913
0.0018465
0.00309842
0.000488597
0.000582624
0.00105866
0.00156649
0.00307397
0.00289429
0.00265972
0.0024807
0.00227266
0.00214595
0.00197966
0.0018522
0.00146178
0.0013882
0.00129114
0.00121652
0.00100316
0.000959498
0.000901837
0.000857642
0.000802609
0.000706823
0.000590996
0.000509301
0.000637587
0.000564908
0.000477618
0.000416536
0.000476572
0.000428146
0.000371069
0.000332012
0.000392081
0.000357943
0.00031888
0.000293116
1.41369e-05
6.19783e-06
1.26352e-06
1.58741e-06
2.41692e-05
1.56964e-05
9.38392e-06
8.09775e-06
4.72077e-05
3.79457e-05
2.99707e-05
2.68833e-05
7.13307e-05
6.13003e-05
5.20425e-05
4.77244e-05
0.000147444
0.000160778
0.000179493
0.000194862
0.000103037
0.000112573
0.000126213
0.000137585
6.24566e-05
6.74968e-05
7.51955e-05
8.19299e-05
4.31648e-05
4.50859e-05
4.875e-05
5.23952e-05
0.000262058
0.000257459
0.000251964
0.000248137
0.000190472
0.000187405
0.000183839
0.000181445
0.000116056
0.000114487
0.000112822
0.000111849
7.2619e-05
7.18598e-05
7.12473e-05
7.10795e-05
0.00013661
0.000126097
0.000113106
0.0001037
0.000102197
9.44529e-05
8.49668e-05
7.8167e-05
6.6537e-05
6.17425e-05
5.59987e-05
5.19895e-05
4.60294e-05
4.30135e-05
3.95338e-05
3.72191e-05
2.10547e-05
1.74784e-05
1.33106e-05
1.04945e-05
1.68608e-05
1.40677e-05
1.08477e-05
8.69707e-06
1.30502e-05
1.10559e-05
8.81181e-06
7.35351e-06
1.14032e-05
9.84445e-06
8.14044e-06
7.0714e-06
0.00436033
0.00423179
0.004051
0.00390315
0.0032683
0.00315456
0.00299411
0.00286268
0.00211523
0.00202879
0.00190633
0.00180598
0.00143352
0.0013705
0.00128047
0.00120614
0.000166646
0.000158178
0.000153621
0.000154883
0.000249836
0.000230963
0.000215287
0.000209718
0.00056212
0.000517712
0.000472152
0.000446194
0.000941252
0.000870251
0.000792634
0.000744131
0.000123417
2.45408e-05
1.24018e-05
5.50318e-05
0.000118052
4.46808e-05
9.04063e-05
0.000186422
0.00015593
0.000135494
0.000340699
0.000585584
0.000265812
0.000280664
0.000655773
0.00106513
0.00176922
0.00162393
0.00144127
0.00130695
0.00134517
0.00123926
0.00110637
0.0010089
0.000916163
0.000850689
0.000769348
0.000710392
0.000675216
0.000633059
0.00058178
0.000545546
0.00018274
0.000180285
0.000181674
0.000186249
0.000172592
0.00016689
0.000164623
0.000166789
0.00023244
0.000216283
0.000201441
0.000194735
0.000332485
0.000303838
0.000273721
0.000256061
0.000162552
0.000162079
0.000165747
0.0001719
0.000189218
0.000182199
0.000178788
0.000180507
0.000352013
0.000328828
0.00030632
0.000294821
0.000569635
0.000528815
0.000484854
0.000458067
0.000231678
0.000185835
0.000134044
0.000100438
0.000203042
0.000166068
0.000124659
9.8078e-05
0.00018566
0.000158076
0.000127809
0.000108882
0.000186444
0.000164364
0.000140746
0.00012648
0.00016061
0.000152755
0.000146393
0.000144328
0.000136785
0.00013025
0.000125541
0.000124701
0.000112788
0.000106129
0.000101483
0.000100885
0.000100059
9.19173e-05
8.57529e-05
8.43249e-05
0.000184281
0.000178811
0.000176177
0.000177516
0.000158415
0.000152568
0.000149554
0.000150681
0.000156199
0.000145736
0.000137207
0.000134494
0.000178382
0.000161337
0.000144872
0.000136574
3.34458e-05
4.48175e-05
6.25886e-05
7.8451e-05
2.47474e-05
3.176e-05
4.35346e-05
5.45344e-05
2.55723e-05
2.75142e-05
3.2412e-05
3.79007e-05
3.41167e-05
3.25704e-05
3.28523e-05
3.47209e-05
6.76464e-05
6.07686e-05
5.35813e-05
4.92766e-05
6.76894e-05
6.2161e-05
5.66017e-05
5.34494e-05
7.00721e-05
6.71116e-05
6.48446e-05
6.41803e-05
7.41893e-05
7.38368e-05
7.50297e-05
7.707e-05
0.000117035
0.000108616
0.00010052
9.63316e-05
0.000104682
9.80259e-05
9.21084e-05
8.95103e-05
8.76588e-05
8.32387e-05
8.03024e-05
8.00575e-05
7.42692e-05
7.15254e-05
7.10047e-05
7.28036e-05
0.000241594
0.000246738
0.000254063
0.000260159
0.000172667
0.000176704
0.000182523
0.000187414
0.000102917
0.000105467
0.000109313
0.000112662
6.36201e-05
6.50177e-05
6.7398e-05
6.96419e-05
6.21343e-06
4.84177e-06
3.39331e-06
2.52352e-06
1.70987e-05
1.57467e-05
1.42169e-05
1.32034e-05
4.60343e-05
4.49777e-05
4.36812e-05
4.27308e-05
8.03679e-05
7.97296e-05
7.88663e-05
7.81624e-05
2.7848e-05
2.37805e-05
1.93513e-05
1.65352e-05
3.60247e-05
3.25917e-05
2.88621e-05
2.64859e-05
5.62181e-05
5.44067e-05
5.26531e-05
5.16865e-05
7.97381e-05
7.97897e-05
8.03967e-05
8.11873e-05
0.000214545
0.000204326
0.000191621
0.000182357
0.000158111
0.000150758
0.0001417
0.000135167
9.91377e-05
9.48129e-05
8.96162e-05
8.5983e-05
6.46073e-05
6.20992e-05
5.9232e-05
5.73578e-05
5.41811e-06
5.92304e-06
6.79198e-06
7.64792e-06
1.16706e-05
1.17377e-05
1.2003e-05
1.23725e-05
3.20663e-05
3.09632e-05
2.96735e-05
2.88311e-05
5.75763e-05
5.50782e-05
5.19635e-05
4.97202e-05
1.36728e-06
1.56679e-06
1.99515e-06
2.47461e-06
1.09055e-05
1.0767e-05
1.06837e-05
1.07176e-05
3.87433e-05
3.78685e-05
3.67235e-05
3.58683e-05
7.2635e-05
7.09322e-05
6.86336e-05
6.68391e-05
6.569e-05
5.8284e-05
4.93038e-05
4.29405e-05
5.02551e-05
4.4683e-05
3.79934e-05
3.33059e-05
3.47115e-05
3.10763e-05
2.68159e-05
2.39135e-05
2.62491e-05
2.37561e-05
2.09362e-05
1.90988e-05
1.1234e-05
1.0757e-05
1.04529e-05
1.04557e-05
1.17638e-05
1.11093e-05
1.05766e-05
1.0407e-05
1.60313e-05
1.47405e-05
1.34126e-05
1.26616e-05
2.21192e-05
2.00183e-05
1.76863e-05
1.62069e-05
1.01637e-05
1.02297e-05
1.0611e-05
1.11417e-05
1.3032e-05
1.27477e-05
1.26657e-05
1.28375e-05
2.43717e-05
2.30368e-05
2.16061e-05
2.07622e-05
3.91257e-05
3.65043e-05
3.3438e-05
3.13745e-05
2.90524e-06
2.12348e-06
1.30867e-06
8.38179e-07
2.57458e-06
1.82992e-06
1.05595e-06
6.09829e-07
2.58361e-06
1.86512e-06
1.12585e-06
7.02171e-07
2.94206e-06
2.21681e-06
1.47918e-06
1.05898e-06
4.12483e-06
3.5181e-06
2.91211e-06
2.5682e-06
3.6905e-06
3.12103e-06
2.55719e-06
2.24112e-06
3.26127e-06
2.68769e-06
2.12467e-06
1.81482e-06
3.05173e-06
2.434e-06
1.83005e-06
1.50244e-06
8.44894e-06
7.70667e-06
7.00553e-06
6.6525e-06
8.01606e-06
7.25256e-06
6.52179e-06
6.14545e-06
8.58898e-06
7.60602e-06
6.60935e-06
6.04623e-06
9.90891e-06
8.60886e-06
7.23273e-06
6.40631e-06
0.00513415
0.00490054
0.00459677
0.00435188
0.00394925
0.00375602
0.00349229
0.00328313
0.00253396
0.00242487
0.00227976
0.00216687
0.00160022
0.00156814
0.0015333
0.00151158
0.00124938
0.00121687
0.00120786
0.00120749
0.000628597
0.00064289
0.000665866
0.000682296
0.000215491
0.000236178
0.000259691
0.000274188
0.000125932
0.000143638
0.000158278
0.000163008
0.000398292
0.000355931
0.000690779
0.00109465
0.000209737
0.000165618
0.000336776
0.000559823
0.000141746
5.54114e-05
8.0126e-05
0.000156605
0.000129305
2.85924e-05
1.73345e-05
5.34349e-05
0.0023874
0.00222196
0.00201015
0.00185154
0.00178739
0.00166896
0.00151714
0.00140339
0.00117938
0.00110858
0.00101814
0.000950702
0.000835803
0.000792105
0.000736959
0.000696492
0.000684822
0.00065267
0.000612628
0.000583714
0.000445854
0.000430192
0.000411958
0.000399881
0.000252124
0.0002487
0.000247255
0.000248579
0.000188153
0.000187597
0.000190789
0.000196308
0.000803056
0.000772086
0.000731277
0.000700146
0.000495566
0.000481837
0.000464484
0.000451924
0.000250469
0.000249061
0.000249334
0.000251336
0.000174103
0.000174936
0.000179478
0.000185719
0.000468155
0.000398159
0.000315723
0.000259335
0.000385632
0.000331151
0.000267528
0.000224444
0.000311284
0.000273209
0.000229676
0.000200953
0.000278167
0.000249795
0.00021831
0.000198321
0.000261931
0.000238003
0.000211958
0.000195852
0.000225682
0.000209093
0.000192025
0.000182336
0.000195536
0.000185355
0.000176284
0.000172435
0.00018493
0.000177316
0.000171612
0.000170348
0.000353013
0.000325257
0.00029417
0.000274237
0.000280471
0.0002628
0.000244305
0.000233572
0.000219157
0.000209962
0.000202256
0.000199567
0.000196478
0.000190364
0.000186805
0.000187373
3.13408e-06
7.27597e-06
1.67776e-05
2.71716e-05
8.27958e-06
9.31473e-06
1.42905e-05
2.08216e-05
2.5192e-05
2.25785e-05
2.23692e-05
2.45578e-05
4.46769e-05
3.94869e-05
3.57559e-05
3.50888e-05
5.36426e-05
4.74656e-05
4.22899e-05
4.03835e-05
6.49711e-05
5.77635e-05
5.09668e-05
4.75939e-05
7.97748e-05
7.1756e-05
6.37001e-05
5.91933e-05
9.07101e-05
8.24687e-05
7.40837e-05
6.92851e-05
8.18861e-05
7.17037e-05
6.20324e-05
5.72215e-05
9.35336e-05
8.37064e-05
7.41259e-05
6.90889e-05
0.000107802
9.84628e-05
8.92486e-05
8.42741e-05
0.000117663
0.000108703
9.99326e-05
9.52522e-05
0.000201947
0.000211891
0.000225731
0.00023702
0.000142801
0.000150177
0.000160589
0.00016918
8.48758e-05
8.91238e-05
9.54144e-05
0.0001008
5.38004e-05
5.5822e-05
5.92522e-05
6.24632e-05
4.09322e-05
4.19814e-05
4.4111e-05
4.62959e-05
2.28195e-05
2.24088e-05
2.25735e-05
2.32005e-05
1.15061e-05
9.6741e-06
7.92671e-06
7.03447e-06
1.18931e-05
9.3624e-06
6.67278e-06
5.02676e-06
3.55486e-05
3.61275e-05
3.79942e-05
4.02191e-05
2.51267e-05
2.37674e-05
2.30189e-05
2.3164e-05
2.10452e-05
1.78623e-05
1.46637e-05
1.28629e-05
2.47656e-05
2.0742e-05
1.64214e-05
1.37304e-05
0.000244785
0.000236686
0.000226676
0.000219424
0.000179176
0.000173471
0.000166503
0.000161529
0.000110668
0.000107445
0.000103643
0.000101048
7.05091e-05
6.87418e-05
6.6815e-05
6.56429e-05
5.31371e-05
5.19969e-05
5.08559e-05
5.02644e-05
2.73874e-05
2.71062e-05
2.70358e-05
2.72302e-05
7.29714e-06
7.67839e-06
8.41608e-06
9.19071e-06
2.13861e-06
2.68679e-06
3.60572e-06
4.49381e-06
5.39219e-05
5.35041e-05
5.33081e-05
5.34399e-05
2.64876e-05
2.64962e-05
2.68107e-05
2.73012e-05
5.35889e-06
5.63791e-06
6.24935e-06
6.92711e-06
2.39145e-07
5.2032e-07
1.09423e-06
1.71341e-06
9.85612e-05
8.93513e-05
7.80597e-05
6.99558e-05
7.44502e-05
6.75981e-05
5.92744e-05
5.33629e-05
4.97274e-05
4.53811e-05
4.02213e-05
3.6655e-05
3.57931e-05
3.29463e-05
2.96874e-05
2.75362e-05
2.9691e-05
2.75033e-05
2.50691e-05
2.35236e-05
2.00794e-05
1.88645e-05
1.76464e-05
1.6993e-05
1.28106e-05
1.23739e-05
1.21318e-05
1.21973e-05
1.12751e-05
1.10604e-05
1.11001e-05
1.13768e-05
3.70754e-05
3.4838e-05
3.23368e-05
3.07452e-05
2.32849e-05
2.21806e-05
2.11018e-05
2.05593e-05
1.2645e-05
1.2456e-05
1.25255e-05
1.28306e-05
1.01063e-05
1.01901e-05
1.06012e-05
1.11589e-05
9.18553e-06
7.19237e-06
4.95843e-06
3.52246e-06
7.69613e-06
6.05911e-06
4.24151e-06
3.08373e-06
6.60866e-06
5.32064e-06
3.91786e-06
3.04213e-06
6.43902e-06
5.31941e-06
4.12365e-06
3.39331e-06
6.34717e-06
5.31089e-06
4.2121e-06
3.54571e-06
5.95556e-06
5.08763e-06
4.18908e-06
3.65994e-06
5.93943e-06
5.19345e-06
4.44511e-06
4.02247e-06
6.30689e-06
5.57417e-06
4.84951e-06
4.44865e-06
1.06622e-05
9.30028e-06
7.83171e-06
6.92556e-06
9.16165e-06
8.12572e-06
7.05272e-06
6.4257e-06
8.30913e-06
7.51601e-06
6.74344e-06
6.3327e-06
8.51166e-06
7.76222e-06
7.05086e-06
6.68929e-06
0.00379443
0.00361096
0.00336542
0.00317365
0.00278768
0.00265663
0.00247982
0.00234081
0.00176441
0.00168778
0.00158302
0.00149985
0.00118241
0.00113749
0.00107509
0.00102505
0.000928862
0.000897537
0.000853553
0.000818052
0.000548381
0.00053489
0.000516011
0.000500979
0.000248765
0.000247851
0.000247892
0.000249092
0.000160849
0.000161551
0.000165682
0.000171423
0.00112996
0.00107678
0.00100369
0.000945669
0.000644932
0.000618963
0.000583811
0.000556391
0.000268674
0.000261408
0.000254125
0.000250336
0.000167609
0.00016167
0.000159119
0.000161006
0.000154069
0.000152565
0.000155085
0.000160515
0.000205542
0.000196122
0.000190286
0.000190628
0.000433059
0.000404819
0.000376941
0.000362183
0.000721002
0.000673055
0.000621293
0.000589612
0.000909064
0.000848401
0.000781344
0.00073887
0.00132769
0.00123993
0.0011397
0.00107333
0.00201944
0.00189103
0.00174059
0.00163779
0.00265761
0.00249426
0.00230054
0.00216625
0.00116961
0.00108869
0.000997693
0.000938444
0.00166093
0.00156112
0.00144707
0.00137135
0.0024416
0.00232068
0.00218105
0.00208718
0.00313679
0.00300441
0.00285076
0.00274696
0.000122067
0.000135751
0.00015162
0.000161278
0.000231838
0.000238455
0.000249208
0.000259229
0.000608152
0.000598421
0.00059569
0.000598914
0.00109253
0.0010531
0.00102302
0.00100471
0.00139087
0.00133135
0.00126894
0.00123391
0.0020626
0.00193846
0.00179824
0.00170656
0.00303863
0.00284067
0.00261235
0.00245848
0.00384135
0.00358745
0.00331421
0.00313486
0.000340934
0.00042216
0.000911393
0.00143751
0.000526383
0.000691788
0.00154407
0.00249359
0.00178994
0.00150674
0.00266438
0.00396702
0.00437394
0.00267388
0.00375635
0.00504946
0.00123757
0.00111608
0.00096613
0.000857958
0.000958946
0.000868686
0.00075779
0.000678226
0.00067968
0.000621867
0.000551894
0.000502566
0.000525708
0.000486835
0.000441023
0.000409754
0.000456237
0.000425666
0.000390399
0.000366971
0.000336981
0.000319095
0.000299945
0.000288504
0.000237006
0.000229369
0.000223534
0.000222216
0.000200736
0.000196428
0.000195239
0.000197689
0.00056816
0.000536063
0.000497755
0.00047131
0.000392805
0.00037561
0.000356586
0.000344737
0.000248069
0.000242424
0.000238766
0.000238857
0.000197695
0.000195308
0.000196459
0.000200628
0.000186547
0.000182596
0.000182058
0.000185132
0.000165933
0.00016029
0.000157841
0.000159656
0.000189373
0.000176281
0.000164858
0.000160337
0.000245017
0.000222397
0.000199355
0.000186539
0.000282108
0.000253048
0.000222104
0.000203604
0.000369995
0.000326673
0.000277827
0.000246129
0.000546264
0.000479721
0.000401767
0.00034865
0.000728632
0.000640911
0.000536426
0.000463809
0.000399127
0.000362189
0.00032187
0.000296842
0.000553016
0.000497879
0.000434744
0.000392891
0.000834971
0.000750932
0.000651503
0.000582871
0.00111282
0.00100286
0.000870841
0.00077816
0.000173991
0.000172814
0.000175728
0.000181402
0.000179755
0.000173651
0.000171109
0.000173259
0.00028643
0.0002669
0.000248328
0.000239251
0.00044099
0.000406206
0.000369004
0.000346585
0.000543378
0.000498593
0.000449121
0.000417861
0.000776128
0.000709606
0.000633015
0.000581839
0.00118213
0.00108176
0.000962751
0.00088033
0.00157054
0.00144021
0.00128359
0.00117342
0.000712911
0.000660624
0.000602691
0.000565904
0.00103481
0.000957855
0.000869396
0.000810371
0.00157915
0.00146438
0.00132879
0.00123523
0.00208948
0.00194163
0.00176467
0.00164072
8.47631e-05
5.9965e-05
3.44016e-05
1.99485e-05
8.53373e-05
6.40046e-05
4.20347e-05
2.95976e-05
9.88026e-05
8.10518e-05
6.28847e-05
5.26567e-05
0.000117777
0.000101979
8.59491e-05
7.70131e-05
0.000125511
0.000110784
9.58747e-05
8.75765e-05
0.00013045
0.000118011
0.000105617
9.88785e-05
0.000137795
0.000127577
0.000117744
0.000112703
0.000143794
0.000134685
0.000126244
0.000122223
0.000185598
0.000166151
0.000145639
0.000133493
0.000174991
0.000160214
0.000145243
0.000136912
0.000167751
0.000157228
0.000147431
0.000142771
0.000166877
0.000158229
0.00015084
0.000147992
0.000140567
0.000132157
0.000124604
0.000121247
0.000121878
0.000115151
0.000109687
0.000107866
9.87707e-05
9.33787e-05
8.97957e-05
8.95423e-05
8.23424e-05
7.733e-05
7.45621e-05
7.51966e-05
6.91316e-05
6.43057e-05
6.20051e-05
6.3183e-05
4.07006e-05
3.62882e-05
3.47807e-05
3.67957e-05
1.68321e-05
1.18453e-05
1.02601e-05
1.27783e-05
9.60646e-06
3.45518e-06
1.11165e-06
3.67057e-06
8.98373e-05
8.05708e-05
7.32203e-05
7.11113e-05
6.91136e-05
5.72783e-05
4.69222e-05
4.28049e-05
6.19821e-05
4.47594e-05
2.81736e-05
1.99355e-05
7.25418e-05
4.97518e-05
2.67647e-05
1.4316e-05
0.000175528
0.000168699
0.000164044
0.000163603
0.000148925
0.000142732
0.000138904
0.000139101
0.000131304
0.000122979
0.000116712
0.000115314
0.000130959
0.00011879
0.00010803
0.000103598
0.000129673
0.000114768
0.000100782
9.41462e-05
0.000130083
0.000109006
8.74065e-05
7.52933e-05
0.000160981
0.000128867
9.37786e-05
7.20531e-05
0.000208545
0.000165808
0.000117797
8.69116e-05
0.000192764
0.000171172
0.000149188
0.000136973
0.000229244
0.000197491
0.000162802
0.000141277
0.000321264
0.000272384
0.000216381
0.000179318
0.000426235
0.000361399
0.000285585
0.00023412
8.69554e-05
0.000101121
0.000121604
0.000138845
6.03752e-05
7.00431e-05
8.44648e-05
9.68879e-05
4.05186e-05
4.49305e-05
5.23485e-05
5.92577e-05
3.5171e-05
3.59721e-05
3.86792e-05
4.19487e-05
3.36665e-05
3.29413e-05
3.35864e-05
3.52114e-05
3.18582e-05
2.90241e-05
2.67873e-05
2.60917e-05
3.56154e-05
3.08546e-05
2.60065e-05
2.32183e-05
4.27045e-05
3.71088e-05
3.11477e-05
2.74762e-05
3.85724e-05
3.55941e-05
3.38999e-05
3.41601e-05
4.46839e-05
3.98668e-05
3.55799e-05
3.36911e-05
5.53485e-05
4.89182e-05
4.23852e-05
3.865e-05
6.51116e-05
5.80467e-05
5.06575e-05
4.62328e-05
4.57809e-05
4.02344e-05
3.42904e-05
3.05928e-05
5.05792e-05
4.60312e-05
4.12577e-05
3.83597e-05
6.27072e-05
6.03555e-05
5.83416e-05
5.74822e-05
7.71255e-05
7.71617e-05
7.82481e-05
7.97579e-05
8.52172e-05
8.70028e-05
9.03649e-05
9.36192e-05
0.000103748
0.000109632
0.000118227
0.000125426
0.00014348
0.000155484
0.000172084
0.000185458
0.000187976
0.00020537
0.000229134
0.000248116
7.4871e-05
7.63994e-05
8.00907e-05
8.40878e-05
7.65088e-05
8.24193e-05
9.17912e-05
0.00010014
9.08615e-05
0.000103153
0.000121026
0.00013606
0.000113004
0.000130828
0.000156213
0.000177252
9.20277e-05
8.41452e-05
7.6191e-05
7.16931e-05
8.61819e-05
7.99274e-05
7.39679e-05
7.09092e-05
7.83092e-05
7.46726e-05
7.21282e-05
7.17011e-05
7.25002e-05
7.12657e-05
7.19959e-05
7.41996e-05
6.62034e-05
6.66631e-05
6.97066e-05
7.37733e-05
5.21916e-05
5.65724e-05
6.4789e-05
7.28957e-05
4.39836e-05
5.37796e-05
6.94114e-05
8.3512e-05
4.68502e-05
6.11697e-05
8.31674e-05
0.000102536
6.28405e-05
6.12314e-05
6.23556e-05
6.55539e-05
3.76798e-05
3.86747e-05
4.33531e-05
4.94302e-05
1.49828e-05
1.90655e-05
2.8293e-05
3.83035e-05
6.49935e-06
1.28512e-05
2.56651e-05
3.89421e-05
0.000261832
0.000261841
0.000262361
0.000263153
0.00018883
0.000189163
0.000190046
0.000191073
0.000113655
0.000114117
0.00011513
0.000116229
7.02817e-05
7.06539e-05
7.15672e-05
7.26002e-05
5.17462e-05
5.20655e-05
5.28838e-05
5.38247e-05
2.48449e-05
2.5008e-05
2.55784e-05
2.62965e-05
4.69096e-06
4.59644e-06
4.7765e-06
5.15301e-06
4.6541e-07
1.49904e-07
1.32187e-09
9.35903e-08
4.70155e-05
4.78998e-05
4.9584e-05
5.12725e-05
2.32307e-05
2.32943e-05
2.38604e-05
2.46533e-05
6.37293e-06
5.58055e-06
4.97607e-06
4.82579e-06
4.00807e-06
2.74438e-06
1.48836e-06
8.05936e-07
2.10517e-06
1.68948e-06
1.36355e-06
1.28502e-06
1.2693e-05
1.20836e-05
1.14148e-05
1.10051e-05
4.21547e-05
4.126e-05
4.00866e-05
3.91901e-05
7.75668e-05
7.64004e-05
7.4772e-05
7.34507e-05
0.000101352
0.000100009
9.80877e-05
9.64962e-05
0.00015645
0.000154709
0.000152125
0.000149918
0.000252051
0.000249465
0.000245628
0.000242345
0.000345874
0.000342316
0.000337124
0.000332735
0.000103237
0.000102927
0.000102422
0.000101939
0.000156106
0.000156587
0.000156937
0.000156981
0.000248652
0.000250194
0.000251747
0.000252579
0.000340194
0.000342535
0.000345029
0.000346504
1.46263e-05
1.20023e-05
9.13786e-06
7.31549e-06
2.47854e-05
2.24611e-05
1.98677e-05
1.81624e-05
5.06673e-05
4.92989e-05
4.77973e-05
4.68105e-05
8.10113e-05
8.08078e-05
8.0723e-05
8.07436e-05
0.000100843
0.000101515
0.000102507
0.000103305
0.000146561
0.000149309
0.000152823
0.00015542
0.000228152
0.00023399
0.000241369
0.000246813
0.00031006
0.000318574
0.00032937
0.00033738
9.44926e-05
9.59264e-05
9.82918e-05
0.000100399
0.00012839
0.000133077
0.000139523
0.000144646
0.000191694
0.000201286
0.000214031
0.000223924
0.00025724
0.000271158
0.000289554
0.000303792
0.000176734
0.000165777
0.000152172
0.000142267
0.000131167
0.00012318
0.000113347
0.000106259
8.36682e-05
7.88394e-05
7.30266e-05
6.89495e-05
5.60259e-05
5.31045e-05
4.97284e-05
4.74835e-05
4.39895e-05
4.18998e-05
3.95715e-05
3.81036e-05
2.57404e-05
2.48448e-05
2.40183e-05
2.36614e-05
1.15054e-05
1.15765e-05
1.19603e-05
1.24955e-05
7.89309e-06
8.25665e-06
8.99985e-06
9.79624e-06
4.96157e-05
4.78961e-05
4.60222e-05
4.4885e-05
2.71604e-05
2.65537e-05
2.60777e-05
2.59744e-05
9.57795e-06
9.86349e-06
1.0497e-05
1.12065e-05
5.01045e-06
5.55808e-06
6.50354e-06
7.43216e-06
8.08822e-06
8.42335e-06
9.1166e-06
9.86639e-06
1.25706e-05
1.24941e-05
1.26333e-05
1.29462e-05
2.8369e-05
2.71263e-05
2.57451e-05
2.48953e-05
4.84644e-05
4.58118e-05
4.26147e-05
4.03923e-05
6.17079e-05
5.80788e-05
5.36272e-05
5.04589e-05
9.24209e-05
8.65247e-05
7.91497e-05
7.3766e-05
0.000146062
0.000136332
0.000124043
0.000114961
0.000198468
0.000185047
0.000168053
0.000155447
7.45725e-05
7.10982e-05
6.67122e-05
6.34969e-05
0.000114012
0.000108267
0.000100919
9.54314e-05
0.000182418
0.00017282
0.000160484
0.000151203
0.000249113
0.00023578
0.000218641
0.000205729
2.85324e-06
3.34046e-06
4.14997e-06
4.9333e-06
1.08627e-05
1.09331e-05
1.1148e-05
1.14376e-05
3.54726e-05
3.45107e-05
3.33148e-05
3.24759e-05
6.58248e-05
6.36567e-05
6.08478e-05
5.87441e-05
8.61882e-05
8.31708e-05
7.92343e-05
7.62523e-05
0.000133444
0.000128451
0.000121891
0.000116862
0.000215151
0.000206772
0.000195769
0.000187314
0.000294827
0.000283126
0.000267806
0.000256051
9.54404e-05
9.31568e-05
9.0058e-05
8.76187e-05
0.000148334
0.000144704
0.000139752
0.000135818
0.00023979
0.000233786
0.000225643
0.000219192
0.000329157
0.000320762
0.000309458
0.000300549
3.97069e-05
3.42684e-05
2.77775e-05
2.32627e-05
3.09292e-05
2.67776e-05
2.18749e-05
1.85048e-05
2.2375e-05
1.95659e-05
1.63303e-05
1.41693e-05
1.80169e-05
1.59788e-05
1.37088e-05
1.22547e-05
1.60888e-05
1.43944e-05
1.25459e-05
1.13934e-05
1.27282e-05
1.1566e-05
1.03719e-05
9.68954e-06
1.04364e-05
9.68324e-06
8.99824e-06
8.68611e-06
1.02932e-05
9.63459e-06
9.0742e-06
8.85798e-06
2.25287e-05
2.05406e-05
1.8348e-05
1.69668e-05
1.64552e-05
1.5226e-05
1.39757e-05
1.32801e-05
1.202e-05
1.13882e-05
1.08851e-05
1.07371e-05
1.12996e-05
1.08255e-05
1.05256e-05
1.05315e-05
1.02173e-05
9.56128e-06
9.00494e-06
8.79242e-06
1.01031e-05
9.35566e-06
8.68189e-06
8.3816e-06
1.21012e-05
1.09413e-05
9.75984e-06
9.09485e-06
1.53104e-05
1.36034e-05
1.17539e-05
1.06132e-05
1.71426e-05
1.50848e-05
1.28075e-05
1.13629e-05
2.13478e-05
1.84908e-05
1.52161e-05
1.30443e-05
2.9958e-05
2.569e-05
2.06725e-05
1.72437e-05
3.90115e-05
3.33747e-05
2.66781e-05
2.20473e-05
2.58414e-05
2.32062e-05
2.02113e-05
1.8251e-05
3.44304e-05
3.05699e-05
2.60338e-05
2.29383e-05
5.05963e-05
4.46269e-05
3.74577e-05
3.24371e-05
6.69502e-05
5.89544e-05
4.92683e-05
4.24181e-05
1.12504e-05
1.10262e-05
1.10509e-05
1.13146e-05
1.27794e-05
1.22873e-05
1.1963e-05
1.19603e-05
2.01935e-05
1.88405e-05
1.74259e-05
1.66137e-05
3.01739e-05
2.77503e-05
2.4991e-05
2.31893e-05
3.65025e-05
3.33584e-05
2.96942e-05
2.72266e-05
5.11405e-05
4.63355e-05
4.05664e-05
3.65336e-05
7.76019e-05
6.99726e-05
6.06453e-05
5.39835e-05
0.000103856
9.3521e-05
8.08002e-05
7.16435e-05
4.86978e-05
4.5197e-05
4.10137e-05
3.81181e-05
7.08728e-05
6.53362e-05
5.85519e-05
5.37046e-05
0.000110089
0.000101108
8.99475e-05
8.18366e-05
0.000148601
0.000136317
0.000120979
0.000109768
6.19022e-07
4.25098e-07
2.20579e-07
1.20652e-07
4.11493e-07
2.92109e-07
1.69113e-07
1.42656e-07
5.02216e-07
3.95562e-07
3.09443e-07
3.65846e-07
8.31954e-07
6.41983e-07
5.13263e-07
6.18778e-07
1.08475e-06
8.36386e-07
5.78692e-07
5.273e-07
1.33965e-06
9.76969e-07
5.85881e-07
4.14866e-07
1.73564e-06
1.22586e-06
6.76773e-07
3.78524e-07
2.0804e-06
1.47201e-06
8.19084e-07
4.43106e-07
3.11065e-06
2.41169e-06
1.71699e-06
1.33204e-06
3.27633e-06
2.64304e-06
2.01275e-06
1.66013e-06
3.67997e-06
3.07991e-06
2.47967e-06
2.139e-06
4.11355e-06
3.49884e-06
2.88014e-06
2.52519e-06
2.12306e-06
1.50512e-06
8.44437e-07
4.59266e-07
1.84034e-06
1.29415e-06
7.22684e-07
4.0824e-07
1.51046e-06
1.08598e-06
6.60461e-07
4.68491e-07
1.29242e-06
9.70157e-07
6.7628e-07
6.03736e-07
1.0292e-06
7.71743e-07
6.30275e-07
7.40564e-07
5.65816e-07
4.34334e-07
3.59054e-07
4.26821e-07
3.16017e-07
2.28499e-07
1.52961e-07
1.5428e-07
4.13013e-07
2.92193e-07
1.66467e-07
1.10542e-07
2.83757e-06
2.20212e-06
1.56704e-06
1.21253e-06
2.28611e-06
1.67251e-06
1.05291e-06
7.05926e-07
2.11916e-06
1.47829e-06
8.24421e-07
4.56533e-07
2.39304e-06
1.70364e-06
9.96992e-07
5.98348e-07
6.2755e-06
5.55311e-06
4.84282e-06
4.45345e-06
5.77562e-06
5.07486e-06
4.38456e-06
4.00549e-06
5.62119e-06
4.83566e-06
4.04296e-06
3.59333e-06
5.88651e-06
4.95229e-06
3.98632e-06
3.42097e-06
5.89474e-06
4.88629e-06
3.83664e-06
3.21883e-06
5.83603e-06
4.6709e-06
3.42657e-06
2.67051e-06
6.75225e-06
5.24201e-06
3.58818e-06
2.55409e-06
8.20327e-06
6.33208e-06
4.25806e-06
2.94428e-06
1.0539e-05
9.04752e-06
7.44488e-06
6.46405e-06
1.1948e-05
1.0023e-05
7.88317e-06
6.51544e-06
1.56117e-05
1.28759e-05
9.74994e-06
7.68571e-06
1.98268e-05
1.62865e-05
1.21923e-05
9.45196e-06
