FiniteElementSpace
FiniteElementCollection: H1_2D_P2
VDim: 2
Ordering: 0

0
0.901842
1.80875
2.73295
3.68701
4.66957
5.66539
6.65972
7.64716
0
1.0762
2.09386
3.05326
3.98558
4.92015
5.87168
6.84151
7.82322
0.451351
0.992475
0.542032
0
1.35399
1.95388
1.59363
2.26774
2.89313
2.57912
3.20589
3.83472
3.52069
4.1755
4.7933
4.45129
5.16692
5.76764
5.39347
6.16332
6.7503
6.35458
7.15422
7.73511
7.33147
0.499323
1.47723
2.42475
3.3623
4.31168
5.27895
6.25837
7.24273
0.226511
0.478085
0.250071
0
1.12766
1.41831
1.23594
0.949833
2.03759
2.34811
2.18984
1.8837
2.9684
3.28477
3.12744
2.8143
3.93043
4.24337
4.0726
3.76104
4.91798
5.22231
5.03568
4.73095
5.9145
6.21024
6.01281
5.71585
6.90721
7.19814
6.99649
6.70452
0.676467
0.746876
1.03353
0.810993
0.519421
0.269981
0
1.58096
1.71646
2.02283
1.8458
1.53455
1.33712
2.49946
2.65903
2.97192
2.81731
2.50074
2.33814
3.44545
3.59799
3.90914
3.75322
3.44027
3.28754
4.42198
4.55193
4.85641
4.68523
4.38081
4.21816
5.41613
5.52298
5.81988
5.63196
5.33621
5.15621
6.41175
6.50423
6.79624
6.5976
6.30681
6.11258
7.40083
7.69092
7.48895
7.77936
7.57721
7.28738
7.08618
0.241672
1.18454
2.11586
3.04888
4.00148
4.97626
5.96301
6.95143
0.714221
0.778086
0.258029
1.65128
1.78018
1.2857
2.58081
2.73692
2.26287
3.52213
3.67447
3.20622
4.48659
4.61808
4.14453
5.4689
5.5776
5.0958
6.45743
6.55126
6.06298
7.44461
7.53334
7.04165
0.114972
0.235328
0.121985
0
1.01469
1.15703
1.0673
0.926755
1.92302
2.07746
1.99979
1.84704
2.85042
3.009
2.93144
2.77409
3.80849
3.96598
3.88107
3.72413
4.79368
4.94695
4.8535
4.70013
5.78997
5.93853
5.83941
5.6904
6.78352
6.92918
6.828
6.68195
0.563907
0.696223
0.596171
0.465582
0.623333
0.762423
0.64916
0.509236
0.125003
0.253984
0.12779
0
1.46739
1.617
1.53488
1.38707
1.59709
1.74828
1.65776
1.50587
1.11448
1.2608
1.16003
1.01298
2.38339
2.54069
2.46438
2.30858
2.54194
2.69784
2.61901
2.46263
2.07202
2.22627
2.14316
1.9883
3.32541
3.48398
3.40326
3.2456
3.48003
3.63606
3.55733
3.40111
3.01024
3.16666
3.08912
2.93237
4.29858
4.45419
4.36483
4.2094
4.43166
4.58489
4.49932
4.34611
3.95351
4.10841
4.02674
3.87177
5.2915
5.4423
5.34555
5.19442
5.40088
5.55027
5.45679
5.30754
4.91437
5.06567
4.97597
4.82477
6.28758
6.43439
6.33384
6.18657
6.38127
6.52778
6.42896
6.28261
5.89017
6.03791
5.94134
5.79376
7.27757
7.42263
7.32141
7.17607
7.36584
7.51118
7.41034
7.26508
6.87338
7.0191
6.9189
6.7733
0.338796
0.360009
0.489128
0.374868
0.246103
0
1.24076
1.30153
1.44818
1.35685
1.21066
0.971567
2.15248
2.23195
2.3867
2.3074
2.15317
1.91915
3.08688
3.16665
3.3236
3.24478
3.08827
2.85388
4.05277
4.12225
4.27745
4.19199
4.03699
3.79786
5.0424
5.0992
5.25051
5.15721
5.00586
4.76202
6.03895
6.08662
6.23421
6.13555
5.9878
5.74163
7.03077
7.07482
7.22039
7.1196
6.9739
6.72734
0.789098
0.83213
0.869933
0.730954
0.906209
1.05448
0.944125
0.794157
0.676911
0.530302
0.388933
0.406472
0.263308
0.132836
0
1.69474
1.76754
1.83538
1.68427
1.90186
2.05789
1.97032
1.81255
1.72025
1.56367
1.41054
1.46593
1.31101
1.20721
2.61597
2.69744
2.77608
2.62014
2.85453
3.0121
2.93552
2.77662
2.69852
2.53944
2.38205
2.45901
2.30003
2.21644
3.56598
3.64139
3.71622
3.56008
3.79173
3.94702
3.86939
3.71345
3.637
3.48004
3.32325
3.40422
3.24641
3.17057
4.54565
4.60864
4.67248
4.51917
4.73712
4.88821
4.80255
4.65151
4.56814
4.41584
4.26255
4.33464
4.18107
4.10182
5.54077
5.59234
5.64524
5.49582
5.69863
5.84589
5.75167
5.60486
5.51256
5.36488
5.21588
5.27469
5.12599
5.03803
6.53579
6.58099
6.62725
6.48075
6.67369
6.81902
6.71945
6.57458
6.47597
6.33084
6.18481
6.23345
6.08791
5.99199
7.52402
7.66896
7.56776
7.71297
7.61204
7.46674
7.75726
7.65637
7.80139
7.70019
7.55537
7.4543
7.30954
7.16448
7.20876
7.06404
6.96376
0.11986
1.04193
1.96219
2.89135
3.84485
4.82344
5.81447
6.8056
0.580899
0.636157
0.126362
1.50204
1.62739
1.13724
2.42449
2.58035
2.10752
3.36456
3.51851
3.04952
4.33164
4.46536
3.98997
5.31832
5.4288
4.9451
6.31051
6.40514
5.91576
7.29939
7.38812
6.89617
0.350333
0.367835
0.123663
1.27208
1.32961
1.09131
2.19292
2.26997
2.03625
3.12709
3.2058
2.97097
4.08751
4.15706
3.91726
5.07062
5.12809
4.88383
6.06257
6.11098
5.86468
7.05267
7.09716
6.85062
0.811513
0.851439
0.610162
0.888035
0.924783
0.662642
0.381751
0.397218
0.129528
1.73199
1.80184
1.56639
1.86857
1.93564
1.68857
1.38368
1.43782
1.18323
2.65722
2.73695
2.5034
2.81516
2.89454
2.65827
2.34463
2.42005
2.17933
3.60383
3.6788
3.44168
3.75381
3.8302
3.59675
3.28384
3.36328
3.12937
4.57703
4.64046
4.39816
4.7047
4.76973
4.53356
4.22713
4.29835
4.06397
5.56634
5.61868
5.3731
5.67192
5.72525
5.48473
5.18649
5.2453
5.00696
6.55821
6.60404
6.35747
6.6505
6.69671
6.45261
6.1602
6.20927
5.96678
7.54581
7.58986
7.34358
7.63424
7.67838
7.43242
7.14207
7.18674
6.94146
0
-0.113957
-0.353445
-0.669404
-0.993582
-1.27744
-1.50694
-1.69747
-1.87356
1
0.874729
0.610103
0.282273
-0.0366541
-0.308338
-0.52823
-0.714206
-0.889156
-0.0445876
0.397267
0.954468
0.5
-0.219676
0.136469
0.755892
-0.506345
-0.193019
0.44887
-0.834204
-0.519348
0.118451
-1.14229
-0.798351
-0.179396
-1.3985
-1.02154
-0.423967
-1.60551
-1.20743
-0.623942
-1.78601
-1.38163
-0.801906
0.47623
0.280608
-0.024659
-0.360144
-0.666123
-0.916178
-1.11749
-1.29459
-0.0254996
0.221442
0.498061
0.25
-0.162768
0.0333702
0.343038
0.146023
-0.42807
-0.265035
0.0573948
-0.106918
-0.752071
-0.598107
-0.277201
-0.431578
-1.06951
-0.905582
-0.594477
-0.757722
-1.33968
-1.15848
-0.858978
-1.03922
-1.55726
-1.36208
-1.07048
-1.26512
-1.74198
-1.54039
-1.25118
-1.45276
-0.0742884
0.442019
0.640109
0.920229
0.72
0.976085
0.75
-0.283604
0.211309
0.375748
0.685622
0.52159
0.819434
-0.587152
-0.1085
0.0451953
0.365684
0.21362
0.530746
-0.91495
-0.441073
-0.278947
0.0395275
-0.12113
0.19959
-1.21164
-0.734095
-0.554824
-0.245602
-0.42411
-0.10971
-1.45415
-0.970245
-0.776003
-0.477357
-0.671448
-0.367723
-1.65211
-1.163
-0.961285
-0.669565
-0.871504
-0.576961
-1.82984
-1.62758
-1.33795
-1.13545
-0.845535
-1.04845
-0.758216
0.243215
0.0937654
-0.184352
-0.515318
-0.833333
-1.10057
-1.31461
-1.49677
0.18895
0.685578
0.742551
-0.0339356
0.451378
0.584976
-0.34781
0.129627
0.296063
-0.679135
-0.201417
-0.0386808
-0.974238
-0.491296
-0.353277
-1.21322
-0.72506
-0.614802
-1.408
-0.916905
-0.824677
-1.58392
-1.09185
-1.00502
-0.0157967
0.110602
0.248651
0.125
-0.137299
-0.0335902
0.120983
0.0171626
-0.390234
-0.306041
-0.145153
-0.229855
-0.710756
-0.633938
-0.473509
-0.550662
-1.03193
-0.95179
-0.795926
-0.876011
-1.30901
-1.22044
-1.07034
-1.15867
-1.53239
-1.4361
-1.29014
-1.38625
-1.7198
-1.61941
-1.47484
-1.57518
-0.0581907
0.0586633
0.206547
0.0897988
0.460505
0.56495
0.704247
0.599403
0.501831
0.621554
0.748092
0.625
-0.250838
-0.158266
0.000503145
-0.0924526
0.246733
0.332034
0.487249
0.40191
0.371258
0.464933
0.613664
0.519726
-0.546506
-0.46756
-0.306229
-0.385656
-0.0664253
0.0107721
0.171745
0.0948056
0.0973828
0.177175
0.336329
0.256677
-0.874811
-0.797378
-0.638884
-0.716453
-0.4009
-0.321417
-0.161582
-0.240732
-0.235208
-0.157944
0.00313137
-0.0738135
-1.17742
-1.0933
-0.940366
-1.02431
-0.70057
-0.613035
-0.45816
-0.545436
-0.557326
-0.474163
-0.316531
-0.399384
-1.42671
-1.33393
-1.18623
-1.27878
-0.94358
-0.847945
-0.69861
-0.794131
-0.829105
-0.737227
-0.585243
-0.676932
-1.62899
-1.53015
-1.38521
-1.48393
-1.1404
-1.0401
-0.894357
-0.99468
-1.04628
-0.947801
-0.800597
-0.899032
-1.80793
-1.70688
-1.56215
-1.66321
-1.31626
-1.21492
-1.07013
-1.17157
-1.22937
-1.12818
-0.983212
-1.08447
-0.0336563
0.233642
0.350272
0.488812
0.372034
0.375
-0.190286
0.0645061
0.157746
0.312764
0.219314
0.272711
-0.466825
-0.224359
-0.144651
0.0166659
-0.0631563
0.0152347
-0.793271
-0.556882
-0.479302
-0.318875
-0.396364
-0.312316
-1.10633
-0.869894
-0.786178
-0.630747
-0.714213
-0.638812
-1.36951
-1.12994
-1.03762
-0.887987
-0.980089
-0.919111
-1.58162
-1.33857
-1.23995
-1.0942
-1.19274
-1.14356
-1.76403
-1.51861
-1.41753
-1.27291
-1.37404
-1.33019
-0.0929357
0.168718
0.420903
0.316705
0.66414
0.758443
0.898831
0.803992
0.938873
0.838273
0.732803
0.967009
0.860591
0.985678
0.875
-0.31786
-0.0697938
0.174499
0.0892914
0.414153
0.493587
0.648431
0.569267
0.721512
0.639604
0.554226
0.788613
0.703153
0.84823
-0.628169
-0.389633
-0.150738
-0.228073
0.0874018
0.163913
0.323933
0.247959
0.407361
0.331673
0.255108
0.490039
0.413953
0.570817
-0.954584
-0.718769
-0.480572
-0.560337
-0.240555
-0.158046
0.00105652
-0.081103
0.0786653
-0.00139556
-0.0801314
0.158771
0.0805125
0.240775
-1.245
-1.00719
-0.766682
-0.854498
-0.52351
-0.431982
-0.277404
-0.368841
-0.212943
-0.302116
-0.38914
-0.144992
-0.231807
-0.0736002
-1.48088
-1.2395
-0.996214
-1.09199
-0.75084
-0.652416
-0.503086
-0.601548
-0.451001
-0.54808
-0.643523
-0.396224
-0.491656
-0.338442
-1.67491
-1.4305
-1.18533
-1.28562
-0.939199
-0.837866
-0.691983
-0.793398
-0.646897
-0.747932
-0.848294
-0.600645
-0.701074
-0.552839
-1.85172
-1.75053
-1.60572
-1.50463
-1.35973
-1.46095
-1.25858
-1.11361
-1.0123
-0.867343
-0.968718
-0.823709
-0.925222
-1.02675
-0.780078
-0.881698
-0.736266
0.118585
-0.00713599
-0.267446
-0.592339
-0.91429
-1.19
-1.41146
-1.59737
0.0755532
0.583596
0.625814
-0.124565
0.367741
0.493443
-0.42639
0.0529267
0.217363
-0.757163
-0.281375
-0.115991
-1.05926
-0.579696
-0.437192
-1.30673
-0.821401
-0.707516
-1.50721
-1.01755
-0.923679
-1.68505
-1.19323
-1.10639
0.101455
0.362742
0.376184
-0.0620839
0.18947
0.24711
-0.345491
-0.103589
-0.0234955
-0.675346
-0.43802
-0.354421
-0.988479
-0.750638
-0.676919
-1.25003
-1.00927
-0.950042
-1.46024
-1.21656
-1.16842
-1.64134
-1.39581
-1.35218
0.0391259
0.295954
0.334852
0.543615
0.782536
0.82263
0.61214
0.850962
0.86837
-0.193413
0.0528839
0.124299
0.294956
0.532007
0.605194
0.434363
0.672323
0.73193
-0.509026
-0.270154
-0.186189
-0.0315151
0.205911
0.289921
0.136272
0.373063
0.454179
-0.837022
-0.599927
-0.520098
-0.36077
-0.119951
-0.0415648
-0.199553
0.0393219
0.122073
-1.12644
-0.887263
-0.820797
-0.645439
-0.400854
-0.335929
-0.510248
-0.267405
-0.195345
-1.36042
-1.1181
-1.06518
-0.873803
-0.627283
-0.575162
-0.766084
-0.520257
-0.462241
-1.55278
-1.30802
-1.26295
-1.06239
-0.815733
-0.770813
-0.97145
-0.724702
-0.676995
-1.72871
-1.48274
-1.43923
-1.23669
-0.990494
-0.946959
-1.14989
-0.90348
-0.859839
