FiniteElementSpace
FiniteElementCollection: H1_2D_P2
VDim: 2
Ordering: 0

0
-0.00356453
0.00647677
0.0210995
0.0300597
0.0283476
0.0148037
-0.00789065
-0.0340438
0
0.00683984
0.0163862
0.026165
0.0305707
0.024594
0.00707628
-0.018133
-0.0451412
-0.00321242
0.000645532
0.0032055
0
4.56524e-05
0.0111462
0.0112967
0.0139959
0.0242241
0.021575
0.0267002
0.0314428
0.0294043
0.0306964
0.0277071
0.0290773
0.0229788
0.0118449
0.017137
0.00428721
-0.012663
-0.00494257
-0.020919
-0.0395793
-0.0317305
-0.000697846
0.00492645
0.0179723
0.0289603
0.0311269
0.0211762
0.00030344
-0.0262036
-0.0016667
-0.00186005
-0.000372166
0
-0.00221294
0.00245529
0.00246315
-0.00146072
0.0102039
0.0160303
0.0145629
0.0088006
0.0241408
0.0280385
0.0268321
0.0227864
0.0307399
0.0312314
0.0316602
0.0310306
0.0260334
0.0223503
0.0248184
0.0283447
0.00979991
0.00241066
0.00630464
0.0135234
-0.014351
-0.0235611
-0.0194125
-0.0102354
-0.0038889
-0.000413925
0.00316297
0.00492578
0.000689861
0.00162813
0
0.00301679
0.00787793
0.0136394
0.01379
0.00774159
0.00896716
0.0176771
0.0212341
0.0253822
0.0239915
0.0198377
0.0190096
0.0286955
0.0305222
0.0313026
0.0302879
0.029441
0.0280004
0.029903
0.029813
0.0264618
0.027217
0.0304136
0.0301845
0.0192186
0.0168294
0.00971828
0.0123968
0.019451
0.0212218
-0.00164299
-0.00605517
-0.0152703
-0.0114417
-0.00211946
0.00126397
-0.0274989
-0.0368217
-0.0329515
-0.0423491
-0.0384867
-0.0289143
-0.0249232
-0.000854073
0.000102557
0.0123974
0.0256533
0.0315044
0.0257256
0.00820956
-0.0168666
-0.0021191
0.00164463
0.000178457
0.00542096
0.0105891
0.0052263
0.0195393
0.0227465
0.0167635
0.0298553
0.0306856
0.0276448
0.0301821
0.0288282
0.0312281
0.0182625
0.0148919
0.0233252
-0.00377326
-0.00858336
0.00401564
-0.0302295
-0.0356977
-0.0220781
-0.000604951
-0.00119453
-0.000280526
0
-0.00301669
-0.00104315
-0.000787267
-0.00249432
0.00832195
0.0113094
0.0105839
0.00764432
0.0226777
0.0249387
0.0242745
0.0219742
0.03049
0.0312016
0.0313583
0.0306173
0.0272853
0.0259574
0.0271313
0.0284295
0.0123712
0.00904028
0.0109328
0.0142113
-0.0111012
-0.0156123
-0.0135363
-0.00905977
-0.00367048
-0.00297872
-0.00210043
-0.00249819
-0.000648365
0.000536316
0.00110337
-7.217e-05
-0.000122701
-0.000135092
8.3401e-05
0
0.0014549
0.00422405
0.00387379
0.00125789
0.00635181
0.0091889
0.00913163
0.00627149
0.00146573
0.00376811
0.00413239
0.00182101
0.0158633
0.0186302
0.0178098
0.0150274
0.0196293
0.0220161
0.0213187
0.0189156
0.0128457
0.0156565
0.0151993
0.0123674
0.0277756
0.0293383
0.0290231
0.0274218
0.0298166
0.0306692
0.0301367
0.0292591
0.0255819
0.0272882
0.0265653
0.0248421
0.0303956
0.0301279
0.0308046
0.0310479
0.0305683
0.0293974
0.0297183
0.0308464
0.0316424
0.0315182
0.0313549
0.0314432
0.0211847
0.0188
0.0203917
0.0227342
0.0190867
0.0159264
0.0172529
0.0203842
0.0263588
0.0241458
0.0249881
0.0271605
0.00136843
-0.00269554
-0.000639696
0.00337252
-0.0028379
-0.0072833
-0.00531699
-0.000863484
0.00913829
0.0052127
0.00692718
0.0108413
-0.0242138
-0.0288687
-0.0269024
-0.0222466
-0.0295871
-0.0343197
-0.0323171
-0.0275477
-0.0160262
-0.0207264
-0.0186651
-0.0139393
-0.00255668
-0.00142908
-0.00127413
-0.000583609
-0.000610059
0
-0.0011889
0.00119023
0.00366819
0.00362368
0.00125892
-0.000428044
0.012106
0.0142202
0.0170109
0.0162772
0.0134793
0.00996314
0.0254892
0.0269122
0.0285516
0.0279615
0.026285
0.023537
0.030812
0.0314633
0.0312557
0.0314893
0.0316556
0.0313047
0.0245975
0.0241298
0.021831
0.0230884
0.0253451
0.0281023
0.00710211
0.00536461
0.00139149
0.00335522
0.00730079
0.0127368
-0.0176286
-0.0202116
-0.0248772
-0.0228081
-0.0181292
-0.011432
-0.00386461
-0.00190704
1.78404e-05
-0.00127772
0.00233344
0.00479764
0.00586276
0.00305967
0.00405142
0.00173311
0.000391617
0.00240803
0.000702111
0.000780416
0
0.00470042
0.00707175
0.00948293
0.00663167
0.0120965
0.0149768
0.0150797
0.0121141
0.0125276
0.00939946
0.00643495
0.0101114
0.00693196
0.00788138
0.019432
0.0212039
0.0227699
0.0204074
0.0241039
0.0258288
0.0251124
0.0234105
0.0228056
0.0207287
0.0183133
0.0203034
0.0178833
0.0176986
0.0294624
0.0305273
0.0310665
0.0302496
0.0310764
0.031014
0.0305086
0.0305616
0.0299154
0.0294935
0.028606
0.0287604
0.0278871
0.0271289
0.0292216
0.0293616
0.0288585
0.0300752
0.0277424
0.0256076
0.0260023
0.0281026
0.0282439
0.0298251
0.0309155
0.0297244
0.0307852
0.0304652
0.0170898
0.0159697
0.0144117
0.0176068
0.0123768
0.00846656
0.00980518
0.0137181
0.0148462
0.0183709
0.0214774
0.0192672
0.0223523
0.0230017
-0.00473364
-0.00697621
-0.00933457
-0.00488879
-0.0119055
-0.0166656
-0.0147702
-0.00996628
-0.00816212
-0.00347562
0.000995698
-0.00179595
0.00270294
0.00422658
-0.0307765
-0.0354366
-0.0335366
-0.0382019
-0.0362846
-0.0315893
-0.0409593
-0.0390439
-0.0437421
-0.0418325
-0.0370872
-0.0351215
-0.0303078
-0.0254979
-0.0283313
-0.0234753
-0.0215226
-0.000384891
-0.00188642
0.00945965
0.023512
0.0309999
0.027289
0.0116935
-0.0123191
-0.00285429
0.00015352
-4.88228e-05
0.00267047
0.00768783
0.00271791
0.0168541
0.0204925
0.0140066
0.0284567
0.0300388
0.0261181
0.030685
0.0302199
0.0315711
0.0208527
0.0182381
0.0257486
0.000382268
-0.00403716
0.00808896
-0.0255636
-0.0309442
-0.0173226
-0.0019455
-0.000997122
-0.000203143
1.04917e-05
0.00238324
0.000316557
0.0131741
0.0152529
0.011709
0.0262473
0.0274841
0.0249652
0.0312194
0.0315514
0.0315712
0.0244375
0.0236797
0.02682
0.00626277
0.00439897
0.0100838
-0.0189253
-0.0215023
-0.0147676
-0.00286342
-0.000961039
-0.00137859
0.00109294
0.00387925
0.00235197
-0.00015557
0.00119964
0.000249107
0.00589112
0.00826305
0.00509223
0.0107546
0.0135328
0.0107319
0.00495901
0.0081298
0.0058201
0.020344
0.022013
0.0187346
0.0234695
0.0246573
0.022095
0.0172974
0.0193189
0.0164301
0.0300622
0.0308615
0.0294765
0.0311396
0.0308688
0.0300992
0.0283381
0.0287514
0.0269076
0.0293761
0.0291873
0.0307638
0.028377
0.026952
0.0290607
0.0312776
0.0303991
0.0309882
0.0165832
0.0152475
0.0198036
0.0134571
0.0111624
0.0161247
0.0223553
0.0204499
0.0240739
-0.00584721
-0.00813419
-0.00170893
-0.0105884
-0.0132965
-0.0066886
0.00222407
-0.000340806
0.00564305
-0.0321594
-0.034911
-0.0282417
-0.0376604
-0.0404346
-0.0337092
-0.024138
-0.0268943
-0.0200629
0
-0.0130704
-0.0287701
-0.0362304
-0.0354117
-0.0285455
-0.0173213
-0.00430312
0.00757504
0
-0.007032
-0.0176095
-0.0268475
-0.0339668
-0.0380877
-0.0369404
-0.029629
-0.0186528
-0.00551725
-0.00980516
-0.00264794
0
-0.0215736
-0.0237644
-0.0123198
-0.0336832
-0.0321023
-0.0224907
-0.0366965
-0.0351444
-0.0306837
-0.0326312
-0.0337978
-0.0365329
-0.023351
-0.0275496
-0.0383007
-0.0108297
-0.0171377
-0.033979
0.00187786
-0.00557294
-0.0243193
-0.00308095
-0.0172549
-0.0287092
-0.0341812
-0.0350432
-0.0313019
-0.0227137
-0.0112707
-0.00294748
-0.00415794
-0.000788786
0
-0.017374
-0.019345
-0.0135706
-0.0113243
-0.0315313
-0.0311945
-0.0264411
-0.0262405
-0.0367017
-0.0354606
-0.0332907
-0.034176
-0.0341957
-0.0339299
-0.0352296
-0.0353263
-0.0260721
-0.0275136
-0.0327102
-0.0313165
-0.0141069
-0.0169617
-0.0252491
-0.02264
-0.00115118
-0.00476503
-0.0142104
-0.0108633
-0.00899308
-0.00620704
-0.00842732
-0.0046432
-0.0024614
-0.00130878
0
-0.0254241
-0.0206867
-0.0210367
-0.014999
-0.0150546
-0.0096338
-0.0352384
-0.0305862
-0.0297493
-0.0247351
-0.0259303
-0.0201133
-0.0362549
-0.0347952
-0.0347275
-0.032401
-0.0326502
-0.0288303
-0.0307403
-0.0345711
-0.0360412
-0.0374581
-0.0359224
-0.0353555
-0.0204194
-0.0295765
-0.0322579
-0.0378245
-0.0348595
-0.0383803
-0.00754445
-0.0199917
-0.0233238
-0.0319552
-0.0283156
-0.0356521
0.0047744
0.000992009
-0.00837662
-0.0120983
-0.0214843
-0.0177362
-0.0270604
-0.00162734
-0.0153794
-0.0289743
-0.0350109
-0.0347813
-0.0295595
-0.0198794
-0.00778899
-0.00747141
-0.00523148
-0.000456156
-0.0230092
-0.018169
-0.0117659
-0.0329172
-0.0279647
-0.0236253
-0.0355578
-0.0337916
-0.0313056
-0.0327746
-0.0361313
-0.0354451
-0.0251975
-0.0337364
-0.0356243
-0.0139385
-0.0259255
-0.0304407
-0.0018341
-0.0148869
-0.0205717
-0.00173017
-0.0022357
-0.000742687
0
-0.0152152
-0.0163446
-0.013347
-0.0121645
-0.0302296
-0.030233
-0.027672
-0.0274825
-0.0365298
-0.0358454
-0.0346441
-0.0351899
-0.0348493
-0.0344998
-0.0350923
-0.0353724
-0.0273424
-0.0278655
-0.0304747
-0.0299716
-0.0157258
-0.0170584
-0.0212823
-0.020046
-0.00271342
-0.00450499
-0.00932301
-0.00763042
-0.00714663
-0.00820041
-0.00572616
-0.00481022
-0.00456755
-0.00567875
-0.00377733
-0.00270097
-0.000189956
-0.00054785
1.30949e-05
0
-0.023557
-0.0241904
-0.0212253
-0.0204297
-0.0190098
-0.0194734
-0.0166382
-0.0161869
-0.0116851
-0.012681
-0.010093
-0.00910384
-0.034536
-0.0340626
-0.0321165
-0.0324216
-0.0296946
-0.0293305
-0.0269795
-0.0273768
-0.0251536
-0.0250901
-0.0223657
-0.022454
-0.0365288
-0.0359034
-0.0355516
-0.0360709
-0.0345216
-0.0343341
-0.033246
-0.0334599
-0.0327353
-0.0323461
-0.0305543
-0.0309776
-0.0317257
-0.0317881
-0.03339
-0.0333011
-0.0348436
-0.0353811
-0.0360622
-0.0355151
-0.0352201
-0.0353722
-0.0351146
-0.0349735
-0.0219094
-0.022871
-0.0263876
-0.0254895
-0.0304779
-0.0316742
-0.0343428
-0.033102
-0.0332937
-0.0341918
-0.0358751
-0.0349469
-0.00918495
-0.0107978
-0.01546
-0.013958
-0.0213728
-0.0229604
-0.0271505
-0.0255202
-0.0264312
-0.0278545
-0.0313899
-0.0299175
0.00334231
0.00146411
-0.0032861
-0.00146363
-0.00981486
-0.011629
-0.016309
-0.0145
-0.0156795
-0.017388
-0.0219625
-0.0202295
-0.00409697
-0.00277991
-0.0035763
-0.00181306
-0.00115471
0
-0.0195058
-0.0173892
-0.0182948
-0.0154354
-0.0144606
-0.0105405
-0.0326861
-0.0301485
-0.0299678
-0.0276251
-0.0277209
-0.0250114
-0.0367572
-0.0352818
-0.03484
-0.0337715
-0.0341693
-0.0331572
-0.0334561
-0.0343935
-0.0345136
-0.0351709
-0.0350297
-0.0352573
-0.0247409
-0.0285715
-0.0294448
-0.0320459
-0.0311703
-0.0325902
-0.012473
-0.018437
-0.0198699
-0.0240078
-0.0225995
-0.0251319
0.000380415
-0.00626808
-0.00803054
-0.0127385
-0.0110173
-0.0140235
-0.0109752
-0.0093519
-0.00796849
-0.00680534
-0.00679843
-0.00774134
-0.00580735
-0.00487366
-0.00359682
-0.00241123
-0.00135676
-0.00189699
-0.000676999
-0.000742134
0
-0.02717
-0.0246849
-0.0222734
-0.0218507
-0.0196354
-0.019444
-0.0163137
-0.0167005
-0.0136633
-0.0137868
-0.0134251
-0.0109725
-0.0107659
-0.00831751
-0.0358041
-0.0336024
-0.0313871
-0.0317691
-0.0288863
-0.0283844
-0.0258061
-0.0264473
-0.0236277
-0.0243188
-0.0248119
-0.0213163
-0.0219863
-0.0188741
-0.0358823
-0.035482
-0.0350024
-0.0351967
-0.0342856
-0.0343963
-0.033204
-0.0331532
-0.0315596
-0.0317325
-0.0320033
-0.0297726
-0.0301432
-0.0278538
-0.0296799
-0.0320831
-0.0342228
-0.033703
-0.0361254
-0.0370871
-0.0378134
-0.0368239
-0.0370303
-0.0362633
-0.0357153
-0.0359734
-0.0354425
-0.0346853
-0.0188886
-0.0239466
-0.0285991
-0.0274247
-0.0330408
-0.0345925
-0.0374342
-0.0357814
-0.0381141
-0.0365886
-0.0352862
-0.0383897
-0.037018
-0.0382794
-0.00591532
-0.0124042
-0.0185776
-0.0169932
-0.0246474
-0.0264482
-0.030826
-0.0289152
-0.0330082
-0.0311271
-0.0294142
-0.0348621
-0.0330326
-0.0363464
0.00618327
0.00428602
-0.000410135
-0.00229802
-0.00696287
-0.00511438
-0.00883537
-0.0134804
-0.0153609
-0.0200584
-0.0181646
-0.0229071
-0.0210013
-0.0191601
-0.0257059
-0.0237874
-0.0283702
-0.00115226
-0.0142487
-0.0289293
-0.0355746
-0.0349778
-0.0289536
-0.0185695
-0.00605965
-0.00640766
-0.00411659
-3.36177e-05
-0.022363
-0.0178636
-0.0108898
-0.0333098
-0.0283933
-0.0238153
-0.0360346
-0.0339262
-0.0316947
-0.0325833
-0.035484
-0.0352035
-0.0242085
-0.0324299
-0.0346103
-0.0123821
-0.0242652
-0.0289223
1.52913e-05
-0.0130588
-0.0188187
-0.00340796
-0.00224664
-0.000426765
-0.0184165
-0.0164027
-0.0124969
-0.0313986
-0.0289015
-0.026424
-0.0360099
-0.0345454
-0.0337079
-0.0339405
-0.0348078
-0.0351792
-0.0267097
-0.0303451
-0.0319185
-0.0155191
-0.0212563
-0.023893
-0.00297163
-0.00951833
-0.0125216
-0.0101318
-0.00863137
-0.00510855
-0.00735717
-0.00627768
-0.0035805
-0.00150422
-0.00144611
-0.000132622
-0.0259027
-0.0234852
-0.0201166
-0.0210045
-0.0180946
-0.0152605
-0.0144535
-0.0122836
-0.00924598
-0.0346887
-0.0325124
-0.0309222
-0.0301902
-0.0274381
-0.0254068
-0.0262758
-0.0231774
-0.0207399
-0.035682
-0.0352632
-0.0350562
-0.0346831
-0.0337977
-0.0324638
-0.0329335
-0.0309583
-0.0292847
-0.030917
-0.0331845
-0.0341454
-0.0352027
-0.0369951
-0.0365785
-0.0354767
-0.0358831
-0.0349455
-0.0214817
-0.0263104
-0.0284702
-0.0308357
-0.0352346
-0.036233
-0.033689
-0.0368499
-0.0370963
-0.00921184
-0.0155165
-0.0184466
-0.0216127
-0.0277099
-0.0300565
-0.0267185
-0.032121
-0.0338579
0.00288561
-0.00369465
-0.00656115
-0.0102199
-0.0167525
-0.0195842
-0.0159459
-0.0224052
-0.0251378
