FiniteElementSpace
FiniteElementCollection: L2_2D_P3
VDim: 1
Ordering: 0

0.02391
0.0171008
0.0243134
0.0319174
0.0113061
0.0105732
0.0183986
0.0266201
0.00402858
0.00548612
0.0119357
0.0187627
0.00249765
0.00347324
0.00790044
0.0125429
0.0198758
0.0190562
0.0182512
0.0178318
0.0161712
0.0154778
0.014804
0.0144595
0.0118341
0.0112957
0.010782
0.0105287
0.00892752
0.00850395
0.00810421
0.00791171
0.0101227
0.00947901
0.00874159
0.00825149
0.00811034
0.0075815
0.00698316
0.00659153
0.00581951
0.00542793
0.00499487
0.00471972
0.00434175
0.00404559
0.00372533
0.00352835
0.00308081
0.00278019
0.0024194
0.00216613
0.00245429
0.00221355
0.00192804
0.00173024
0.00177911
0.00160644
0.00140643
0.0012716
0.00137714
0.00124815
0.00110293
0.00100846
0.000361774
0.000298244
0.000224883
0.000175901
0.000308494
0.00025652
0.000197183
0.000158053
0.000264881
0.000224874
0.000180254
0.0001516
0.000252226
0.000218612
0.000182112
0.000159415
1.08804e-06
2.10899e-06
4.63972e-06
7.4738e-06
3.5702e-06
3.2166e-06
3.86437e-06
5.16665e-06
1.14706e-05
9.27419e-06
7.54098e-06
7.00238e-06
2.03673e-05
1.66276e-05
1.3049e-05
1.11902e-05
2.60059e-05
2.52462e-05
2.42384e-05
2.34563e-05
1.62373e-05
1.58083e-05
1.52345e-05
1.47896e-05
7.56097e-06
7.36671e-06
7.12485e-06
6.95495e-06
3.48648e-06
3.35572e-06
3.2376e-06
3.19188e-06
6.65412e-06
5.61459e-06
4.37973e-06
3.52608e-06
4.22912e-06
3.54817e-06
2.75628e-06
2.22357e-06
2.29519e-06
1.95511e-06
1.58905e-06
1.36882e-06
1.65924e-06
1.49303e-06
1.3478e-06
1.2928e-06
0.0229767
0.0225467
0.0222989
0.0223423
0.0191729
0.0186851
0.0183319
0.0182714
0.0145437
0.0140366
0.0136141
0.0134666
0.0113174
0.0108342
0.0104029
0.0102187
0.00105161
0.00101376
0.000977012
0.00095773
0.000292669
0.000300307
0.000298479
0.000289113
0.000939437
0.000961775
0.000908943
0.000810778
0.00291801
0.00292605
0.00276656
0.00252247
0.00135493
0.000519417
0.000344499
0.000531058
0.00154663
0.000578961
8.85216e-05
2.98163e-05
0.00177594
0.000943143
0.000762757
0.000960951
0.00248639
0.00170987
0.00221306
0.00312135
0.0149689
0.0141903
0.013348
0.0128307
0.0120835
0.011435
0.0107421
0.0103239
0.00874481
0.00825409
0.00774109
0.00744151
0.00654293
0.00616525
0.00577749
0.00555783
0.000756686
0.000727447
0.00070823
0.000708105
0.000475497
0.000480395
0.000491621
0.000503764
0.00101601
0.0010302
0.00102585
0.00100644
0.00225641
0.00224091
0.00217038
0.00208206
0.000881991
0.000845703
0.000815833
0.000806473
0.000363716
0.00037469
0.000387786
0.000396325
0.000913797
0.000960995
0.000975413
0.000951655
0.00248651
0.00253049
0.00248984
0.00238879
0.00604615
0.0055741
0.00501506
0.00462821
0.00481654
0.00443417
0.00398682
0.00368155
0.00344797
0.00317048
0.00285324
0.0026427
0.00259253
0.00238536
0.00215455
0.00200648
0.000592472
0.00056716
0.000550636
0.000550215
0.000545812
0.000528378
0.000517573
0.000518201
0.000829466
0.000795537
0.000757926
0.000734497
0.00134005
0.00126956
0.00118102
0.00111677
0.00067331
0.000648014
0.000633493
0.000636393
0.000548964
0.00054303
0.000544862
0.000553531
0.000985262
0.000970235
0.000946309
0.00092564
0.00184667
0.00179195
0.00170445
0.00162763
0.00125867
0.00109984
0.000910358
0.000778486
0.00101724
0.000890281
0.000740608
0.000637799
0.00077169
0.000679686
0.000573844
0.000503157
0.00063954
0.000568666
0.000489555
0.00043863
0.000350116
0.000325273
0.000302518
0.000291864
0.000328939
0.000304541
0.000281832
0.00027086
0.000365424
0.000333077
0.000300136
0.000281495
0.000444379
0.000399021
0.00034991
0.000319551
0.000484978
0.000458676
0.000437688
0.000431237
0.000461871
0.000437462
0.000417151
0.000409962
0.00059881
0.000559949
0.000519625
0.000496416
0.000841162
0.000776876
0.00070353
0.000655344
4.86348e-05
3.38292e-05
1.86981e-05
1.02735e-05
5.211e-05
3.85401e-05
2.45667e-05
1.66274e-05
6.48312e-05
5.20392e-05
3.87917e-05
3.11108e-05
8.06907e-05
6.76191e-05
5.40887e-05
4.61868e-05
0.00010382
9.15351e-05
7.88157e-05
7.12731e-05
9.17141e-05
8.06214e-05
6.93428e-05
6.2833e-05
7.74454e-05
6.72618e-05
5.72028e-05
5.16777e-05
6.77287e-05
5.77613e-05
4.81718e-05
4.31704e-05
0.000212921
0.000193298
0.000173839
0.000163121
0.000193672
0.00017493
0.000156449
0.000146373
0.000185281
0.000164502
0.000143574
0.000131818
0.00019174
0.000166917
0.000141243
0.000126281
1.89555e-05
2.05583e-05
2.2748e-05
2.44962e-05
1.14992e-05
1.24729e-05
1.3861e-05
1.50072e-05
6.53236e-06
6.61674e-06
6.92183e-06
7.28846e-06
5.58284e-06
4.93638e-06
4.40589e-06
4.20988e-06
9.68282e-06
7.99009e-06
6.25111e-06
5.2359e-06
1.11851e-05
9.84387e-06
8.52045e-06
7.79611e-06
1.45149e-05
1.37473e-05
1.31277e-05
1.29149e-05
1.83147e-05
1.80624e-05
1.8096e-05
1.83726e-05
3.79138e-05
3.22057e-05
2.6193e-05
2.25293e-05
3.41187e-05
2.92979e-05
2.43566e-05
2.14598e-05
2.91018e-05
2.55581e-05
2.22301e-05
2.05451e-05
2.54048e-05
2.29309e-05
2.10162e-05
2.04388e-05
1.74268e-05
1.58421e-05
1.38657e-05
1.24231e-05
1.10743e-05
1.00604e-05
8.80568e-06
7.90056e-06
5.36e-06
4.89037e-06
4.33116e-06
3.95001e-06
2.68784e-06
2.5076e-06
2.32518e-06
2.23318e-06
3.11278e-06
3.1391e-06
3.23935e-06
3.37463e-06
5.48906e-06
5.34173e-06
5.22068e-06
5.19024e-06
1.00175e-05
9.53311e-06
8.98493e-06
8.63623e-06
1.46308e-05
1.37971e-05
1.28081e-05
1.21322e-05
2.86579e-06
2.71302e-06
2.63719e-06
2.67639e-06
5.93299e-06
5.75028e-06
5.62499e-06
5.61955e-06
1.18824e-05
1.16205e-05
1.13807e-05
1.12799e-05
1.80537e-05
1.76885e-05
1.73099e-05
1.70992e-05
1.08268e-06
8.36012e-07
5.71607e-07
4.10391e-07
6.60044e-07
4.69939e-07
2.74089e-07
1.61342e-07
5.92711e-07
4.53089e-07
3.2243e-07
2.58505e-07
8.90956e-07
7.65503e-07
6.59197e-07
6.17338e-07
2.28654e-06
2.03753e-06
1.8108e-06
1.70825e-06
2.28271e-06
1.95487e-06
1.64354e-06
1.48982e-06
2.41609e-06
1.94494e-06
1.48011e-06
1.23408e-06
2.64838e-06
2.03414e-06
1.41628e-06
1.07857e-06
3.37036e-06
3.19932e-06
3.0597e-06
3.01788e-06
4.42211e-06
4.08928e-06
3.74954e-06
3.56246e-06
6.42093e-06
5.79164e-06
5.08753e-06
4.63798e-06
8.44753e-06
7.52516e-06
6.4622e-06
5.75531e-06
0.0252865
0.0240492
0.0230388
0.0226232
0.0213798
0.0204044
0.0194745
0.0190119
0.0161528
0.0155281
0.0149406
0.0146607
0.0121176
0.0118672
0.0116699
0.0116327
0.0099455
0.00986628
0.0099254
0.0100172
0.00640917
0.00646496
0.00667296
0.00690995
0.0029919
0.00311316
0.00334951
0.00358388
0.00129817
0.00142885
0.00161912
0.00175656
0.00196786
0.00255388
0.00622357
0.0100176
0.0013135
0.00150062
0.00384881
0.00647145
0.00112963
0.000776106
0.00165505
0.00293159
0.00125126
0.000566156
0.000630843
0.0011237
0.0174793
0.0166625
0.0158145
0.0153265
0.0141644
0.0134795
0.0127769
0.01238
0.0103047
0.00978058
0.00925403
0.00896679
0.00773748
0.00733021
0.0069272
0.00671354
0.00650077
0.00614984
0.0058071
0.00562976
0.00439459
0.00413896
0.00390307
0.00379395
0.00227241
0.00213076
0.00201203
0.00196931
0.00120185
0.00113669
0.00108576
0.00107218
0.00752326
0.007155
0.00681094
0.00664886
0.0051106
0.00483569
0.0045931
0.00449276
0.00263986
0.00248265
0.00235513
0.00231425
0.00135787
0.00128472
0.00122632
0.0012093
0.00795935
0.00739936
0.00674536
0.00630017
0.00635626
0.00589946
0.00537253
0.00501901
0.00455017
0.00421548
0.00383816
0.00359217
0.00340166
0.0031504
0.00287392
0.00269955
0.00285736
0.00264624
0.00241789
0.00227728
0.00195806
0.00181369
0.00166547
0.00158099
0.00111891
0.00104357
0.000975474
0.000945205
0.000759022
0.00072048
0.000692116
0.000686608
0.0036384
0.00338831
0.00312231
0.00296262
0.00246862
0.0022958
0.00212152
0.00202516
0.00135227
0.00126217
0.00118182
0.00114726
0.000848133
0.000804916
0.000773243
0.000767354
0.00203581
0.00181122
0.00154178
0.00135289
0.00162913
0.00144977
0.00123713
0.00108999
0.001201
0.0010722
0.000923125
0.000822785
0.000955764
0.000858554
0.000749322
0.000678426
0.000839533
0.000757357
0.000666616
0.000609018
0.000645028
0.000586885
0.000525595
0.000489106
0.000486075
0.000449254
0.000414037
0.000396203
0.000441239
0.000412455
0.000386999
0.000376113
0.00118766
0.00107946
0.000959804
0.000883738
0.000875207
0.000800474
0.000721773
0.000675041
0.000608594
0.000564826
0.000523672
0.000503607
0.00051988
0.000489156
0.00046343
0.000454072
0.000154191
0.000120219
8.24445e-05
5.84732e-05
0.000140821
0.000112046
8.03197e-05
6.03479e-05
0.000137835
0.00011407
8.83209e-05
7.24022e-05
0.000146936
0.000125339
0.00010238
8.84857e-05
0.000149226
0.000128896
0.000107361
9.43601e-05
0.000146586
0.000128714
0.000110037
9.89243e-05
0.000149357
0.000133051
0.000116291
0.00010651
0.000156403
0.000139987
0.00012323
0.000113533
0.000244135
0.000213753
0.000181096
0.00016103
0.000223551
0.000198651
0.000172571
0.000157068
0.000212957
0.000192115
0.000171036
0.00015909
0.000217795
0.000197589
0.000177458
0.000166291
9.03526e-06
1.12905e-05
1.46973e-05
1.76498e-05
5.98116e-06
7.06585e-06
8.93584e-06
1.0694e-05
6.67876e-06
6.22472e-06
6.16107e-06
6.47494e-06
9.98377e-06
8.30488e-06
6.79611e-06
6.09751e-06
1.1433e-05
9.29621e-06
7.21038e-06
6.08008e-06
1.35612e-05
1.08844e-05
8.11175e-06
6.46312e-06
1.68415e-05
1.36457e-05
1.02589e-05
8.17952e-06
1.95223e-05
1.60761e-05
1.24308e-05
1.01988e-05
2.4003e-05
1.97081e-05
1.54056e-05
1.29838e-05
2.85197e-05
2.36485e-05
1.85783e-05
1.55456e-05
3.41084e-05
2.86213e-05
2.2806e-05
1.92332e-05
3.79692e-05
3.21124e-05
2.59076e-05
2.20969e-05
2.28218e-05
2.14103e-05
1.96071e-05
1.82579e-05
1.44117e-05
1.35363e-05
1.24197e-05
1.15895e-05
6.79463e-06
6.40483e-06
5.92265e-06
5.5814e-06
3.13387e-06
2.985e-06
2.8317e-06
2.75381e-06
1.82559e-06
1.77372e-06
1.74961e-06
1.77289e-06
3.80832e-07
4.33905e-07
5.52434e-07
6.89703e-07
3.47678e-07
4.45823e-07
6.35218e-07
8.35981e-07
1.61641e-06
1.69008e-06
1.85763e-06
2.04934e-06
2.00922e-06
1.90824e-06
1.83884e-06
1.83782e-06
4.22807e-07
3.37138e-07
3.03031e-07
3.40749e-07
3.67428e-07
2.62779e-07
2.27918e-07
2.82693e-07
1.70394e-06
1.56766e-06
1.50891e-06
1.55807e-06
3.11116e-06
2.48597e-06
1.77007e-06
1.29635e-06
1.96973e-06
1.55051e-06
1.08534e-06
7.89913e-07
1.25219e-06
1.02274e-06
7.92847e-07
6.68246e-07
1.24185e-06
1.09992e-06
9.82543e-07
9.42937e-07
1.32003e-06
1.20643e-06
1.12493e-06
1.11167e-06
1.45979e-06
1.37575e-06
1.33277e-06
1.34902e-06
1.98913e-06
1.87579e-06
1.80409e-06
1.80563e-06
2.63984e-06
2.45231e-06
2.29847e-06
2.24826e-06
1.5208e-06
1.41634e-06
1.34766e-06
1.348e-06
1.4183e-06
1.38204e-06
1.39902e-06
1.46247e-06
1.95555e-06
1.91606e-06
1.9331e-06
1.99994e-06
2.84748e-06
2.73858e-06
2.67432e-06
2.68606e-06
0.0220212
0.0212302
0.0205102
0.0201923
0.0179998
0.0173227
0.0167093
0.0164416
0.0132607
0.0127264
0.0122486
0.0120461
0.010058
0.0096336
0.00925574
0.00909782
0.00850895
0.00813662
0.00780666
0.00767036
0.00582119
0.00553479
0.00529505
0.00521022
0.0030191
0.00285053
0.00271956
0.00268444
0.00152902
0.00145037
0.00138663
0.00136749
0.00967998
0.00923242
0.00882625
0.00864838
0.00666583
0.00632336
0.00603049
0.00591931
0.00347062
0.003271
0.0031135
0.00306796
0.001748
0.00165337
0.00157283
0.0015454
0.000956935
0.000921585
0.000889798
0.00087659
0.000309987
0.000322979
0.000333751
0.000336992
0.000845983
0.000903272
0.000915019
0.000877509
0.00255503
0.0026249
0.00258617
0.00246245
0.00398192
0.00403451
0.00393709
0.00374423
0.00760701
0.00756055
0.00732316
0.00701319
0.0156498
0.0153763
0.0147816
0.0141566
0.0251628
0.0245761
0.0235213
0.0225135
0.0045203
0.00452102
0.00429989
0.00396622
0.00855479
0.00845427
0.00809581
0.00765791
0.0171721
0.0170024
0.0164786
0.0158576
0.0271139
0.0269214
0.0263151
0.0255892
0.000771492
0.00090558
0.00101755
0.00104188
0.000185338
0.0002351
0.000270686
0.00026773
0.00108733
0.00111298
0.0010748
0.000992019
0.0036243
0.00349829
0.00331026
0.00312837
0.00529661
0.0052468
0.00503376
0.00475792
0.0103
0.00998368
0.00933899
0.00869345
0.019205
0.0188331
0.0180197
0.0171586
0.0275903
0.0277126
0.0275069
0.0269776
0.0026705
0.00245221
0.00378648
0.00523292
0.00272856
0.00315784
0.00747682
0.0126777
0.0117595
0.00810098
0.0157099
0.0254806
0.0396087
0.0173906
0.0246268
0.0365728
0.0124837
0.0117653
0.0109627
0.0104468
0.0100389
0.00944451
0.00878876
0.00837397
0.00723093
0.00678606
0.00630613
0.00601187
0.00539769
0.00505838
0.00469974
0.00448669
0.00452128
0.00423302
0.00393312
0.00375929
0.00305261
0.00285053
0.00265147
0.00254594
0.00162281
0.00151622
0.00142271
0.00138416
0.000948834
0.000899538
0.000862884
0.000855431
0.0054859
0.00516288
0.00483608
0.00465549
0.00370029
0.00346986
0.0032494
0.00313904
0.00193058
0.00180646
0.00169975
0.00165822
0.00106556
0.00100883
0.000965617
0.000955503
0.000712055
0.000685408
0.000669526
0.000671821
0.000519978
0.000519896
0.000527203
0.000538414
0.00101771
0.00101642
0.00100198
0.0009824
0.00206925
0.00203145
0.00195069
0.00186819
0.00283234
0.00276053
0.00262591
0.0024961
0.00475775
0.00458601
0.0043135
0.0040722
0.00866659
0.00827406
0.00770102
0.00722229
0.0129554
0.0123
0.0113794
0.0106342
0.00318411
0.00313618
0.00300912
0.00286828
0.00553693
0.00538586
0.00511428
0.00485468
0.0104136
0.0100253
0.00942303
0.00889711
0.0158638
0.0151809
0.014183
0.0133497
0.000812736
0.000779739
0.000755331
0.00075105
0.000421356
0.00042988
0.000443048
0.000454345
0.000980131
0.00101083
0.00101661
0.000996206
0.00239828
0.00241013
0.00235324
0.00225912
0.00349289
0.00347613
0.00336198
0.00321087
0.00627851
0.00615959
0.00590013
0.0056276
0.0121898
0.0118247
0.0112124
0.0106493
0.0189292
0.0182432
0.0171918
0.0162827
0.00374665
0.00376735
0.00366971
0.00350743
0.00695464
0.00687737
0.00663906
0.00635761
0.0139427
0.0136183
0.0130134
0.0124221
0.0220826
0.0214175
0.0203359
0.0193628
0.00441567
0.00403142
0.00357223
0.00325127
0.00351383
0.00320456
0.00283939
0.00258756
0.00252449
0.00230174
0.00204478
0.00187237
0.00191908
0.00175315
0.00156688
0.00144616
0.00163382
0.00149502
0.00134195
0.00124505
0.00116546
0.00107077
0.000971472
0.000912923
0.000751735
0.000699483
0.00065107
0.000628248
0.000598165
0.000565481
0.00053959
0.000531956
0.00218858
0.00201511
0.00182522
0.00170625
0.00152436
0.00140632
0.00128357
0.00121213
0.000920169
0.000857468
0.000800109
0.000773864
0.000677002
0.000641863
0.000615289
0.000609093
0.000542846
0.000516926
0.00049813
0.000494729
0.000512622
0.000490891
0.000474595
0.000470987
0.000719031
0.000680909
0.000640474
0.000616598
0.00108287
0.00101318
0.000930518
0.00087387
0.00131553
0.00122391
0.0011121
0.00103295
0.00188294
0.00173581
0.00155148
0.00141693
0.00298723
0.00273241
0.00241015
0.00217235
0.00413945
0.00377145
0.0033063
0.00296308
0.00167784
0.00158064
0.00145566
0.00136264
0.00251007
0.00234353
0.00212684
0.00196287
0.00413162
0.00382704
0.00343146
0.0031321
0.00583556
0.00538225
0.00479712
0.0043567
0.000634954
0.000609993
0.000595107
0.000596972
0.000558194
0.000546236
0.000541747
0.000546687
0.000920808
0.000894674
0.000862741
0.000840565
0.00159933
0.00153366
0.00144345
0.00137255
0.00206262
0.00196627
0.00183269
0.00172662
0.00321465
0.00303614
0.00279246
0.00260002
0.00547943
0.00513219
0.00466686
0.00430459
0.00788703
0.00735259
0.00664612
0.00610278
0.00245314
0.00236512
0.00222828
0.00211001
0.00397332
0.0037926
0.00352973
0.00331115
0.00700465
0.00662671
0.00610055
0.00567735
0.0102749
0.00967075
0.00884965
0.00820276
0.000714817
0.000609856
0.0004861
0.000401244
0.000588659
0.00050419
0.000405775
0.000339173
0.000468005
0.000405493
0.000334433
0.000287682
0.000410934
0.000361106
0.000306116
0.000271218
0.000382124
0.000338451
0.000290932
0.0002613
0.000327662
0.000293978
0.000258605
0.000237567
0.000289912
0.000264221
0.000238704
0.000224734
0.000287635
0.000264011
0.000241202
0.000229279
0.000575885
0.000515115
0.000448383
0.000406305
0.000465517
0.000420906
0.000373942
0.000345984
0.000380595
0.000349663
0.00031952
0.000303638
0.000363086
0.000336602
0.000312024
0.000300206
0.000279742
0.000257083
0.000235364
0.00022415
0.000258864
0.000236793
0.000215556
0.000204532
0.000266589
0.000239824
0.000212713
0.000197421
0.000299872
0.000265169
0.000228411
0.000206304
0.000314004
0.000274729
0.00023235
0.000206244
0.000346336
0.000296531
0.000240909
0.000205141
0.000440769
0.00037033
0.000289381
0.000235553
0.000553328
0.00046192
0.000355578
0.000283881
0.000486484
0.000433176
0.000374083
0.000336436
0.0005854
0.000513269
0.000430311
0.000375039
0.000804969
0.000697141
0.000569821
0.000482405
0.00104423
0.000900356
0.000728781
0.000609679
0.000419823
0.000393789
0.000371334
0.000362329
0.000398631
0.000373355
0.000350884
0.000341178
0.000478203
0.000441528
0.000403916
0.000382519
0.000625888
0.000570209
0.000508484
0.000469242
0.000711957
0.000644139
0.000566904
0.000516121
0.000917092
0.000819882
0.00070505
0.000626193
0.00133479
0.00118213
0.000997688
0.0008678
0.00177522
0.00156623
0.00131191
0.00113141
0.000990106
0.000908902
0.000813544
0.000748684
0.00134937
0.00122631
0.00107687
0.000971184
0.0020565
0.00185373
0.00160327
0.00142274
0.00279406
0.00250919
0.00215597
0.00190029
7.43405e-06
3.50979e-06
8.03617e-07
5.47591e-07
1.37665e-05
9.07773e-06
5.13758e-06
3.71953e-06
2.74639e-05
2.14906e-05
1.57803e-05
1.28799e-05
4.1614e-05
3.42748e-05
2.6931e-05
2.28424e-05
4.71934e-05
3.94277e-05
3.14839e-05
2.68886e-05
5.32977e-05
4.52653e-05
3.6891e-05
3.18858e-05
6.08463e-05
5.23521e-05
4.34084e-05
3.79701e-05
6.61862e-05
5.724e-05
4.78253e-05
4.21008e-05
8.65535e-05
7.3594e-05
6.00917e-05
5.21014e-05
9.1346e-05
7.90318e-05
6.61803e-05
5.85179e-05
9.8857e-05
8.67121e-05
7.40581e-05
6.64974e-05
0.000105556
9.30007e-05
7.99517e-05
7.21725e-05
6.53957e-05
5.66516e-05
4.74909e-05
4.19552e-05
5.76324e-05
4.99895e-05
4.21623e-05
3.75841e-05
4.73824e-05
4.10645e-05
3.49405e-05
3.16687e-05
3.95725e-05
3.41937e-05
2.93755e-05
2.71821e-05
3.33169e-05
2.87487e-05
2.50119e-05
2.36806e-05
1.87315e-05
1.62148e-05
1.4999e-05
1.55293e-05
5.74425e-06
5.40719e-06
7.08874e-06
9.93301e-06
9.55404e-07
2.04239e-06
5.77083e-06
1.03625e-05
5.91975e-05
4.9684e-05
4.07636e-05
3.63548e-05
3.91283e-05
3.09105e-05
2.35974e-05
2.04194e-05
2.20353e-05
1.44203e-05
8.14081e-06
6.01565e-06
1.61825e-05
8.38856e-06
2.28991e-06
6.68936e-07
0.0001534
0.000137363
0.000121055
0.000111669
0.000137231
0.00012231
0.000107327
9.88771e-05
0.000122576
0.000107486
9.24056e-05
8.39992e-05
0.000116265
9.98074e-05
8.32831e-05
7.40554e-05
0.000108485
9.15752e-05
7.46157e-05
6.52003e-05
8.98548e-05
7.21858e-05
5.4293e-05
4.42828e-05
8.14077e-05
6.05659e-05
3.90992e-05
2.68737e-05
8.70708e-05
6.23591e-05
3.66159e-05
2.17662e-05
0.000190428
0.00016352
0.000135376
0.000118748
0.000186594
0.000155111
0.000121257
0.000100545
0.000210599
0.000169126
0.00012326
9.42323e-05
0.000251045
0.000199064
0.000140776
0.000103288
2.50669e-05
2.54156e-05
2.58464e-05
2.61583e-05
1.54014e-05
1.56772e-05
1.603e-05
1.62966e-05
7.36248e-06
7.39898e-06
7.4946e-06
7.6039e-06
4.01787e-06
3.78664e-06
3.61011e-06
3.5639e-06
2.82666e-06
2.49756e-06
2.21146e-06
2.09415e-06
1.67802e-06
1.20372e-06
7.52897e-07
5.27341e-07
2.04292e-06
1.42092e-06
8.1662e-07
5.01351e-07
3.55101e-06
2.86027e-06
2.19572e-06
1.85512e-06
5.34364e-06
4.42187e-06
3.55583e-06
3.11824e-06
5.43384e-06
4.1587e-06
2.85985e-06
2.10952e-06
6.88575e-06
5.28044e-06
3.60492e-06
2.60282e-06
8.80033e-06
7.05223e-06
5.23683e-06
4.15957e-06
4.64813e-06
3.97325e-06
3.33402e-06
3.01629e-06
7.32983e-06
6.7849e-06
6.29079e-06
6.06846e-06
1.26587e-05
1.23174e-05
1.20611e-05
1.20028e-05
1.83069e-05
1.81344e-05
1.80844e-05
1.81743e-05
2.1946e-05
2.18712e-05
2.19393e-05
2.2113e-05
3.01486e-05
3.03136e-05
3.06226e-05
3.09327e-05
4.49356e-05
4.52492e-05
4.57126e-05
4.61127e-05
5.99389e-05
6.02208e-05
6.06392e-05
6.1e-05
2.07381e-05
2.08278e-05
2.12918e-05
2.18887e-05
2.62176e-05
2.71268e-05
2.85463e-05
2.98021e-05
3.776e-05
3.9603e-05
4.21764e-05
4.42758e-05
5.0624e-05
5.30774e-05
5.64378e-05
5.91354e-05
2.00229e-05
1.6677e-05
1.31646e-05
1.10372e-05
1.93778e-05
1.66492e-05
1.38775e-05
1.22764e-05
1.91758e-05
1.74171e-05
1.5855e-05
1.51491e-05
1.97261e-05
1.88288e-05
1.83784e-05
1.85221e-05
1.99002e-05
1.96087e-05
1.99324e-05
2.06626e-05
2.02543e-05
2.1424e-05
2.35022e-05
2.5484e-05
2.52903e-05
2.82307e-05
3.25467e-05
3.62076e-05
3.33642e-05
3.75884e-05
4.35859e-05
4.85501e-05
2.2472e-05
2.08034e-05
1.99338e-05
2.01631e-05
1.56598e-05
1.59638e-05
1.74958e-05
1.9469e-05
1.1685e-05
1.43377e-05
1.88917e-05
2.3183e-05
1.30822e-05
1.74399e-05
2.42821e-05
3.03965e-05
1.16241e-05
1.0219e-05
8.50573e-06
7.28541e-06
7.40004e-06
6.48742e-06
5.38989e-06
4.6223e-06
3.73026e-06
3.29207e-06
2.7931e-06
2.47007e-06
2.16339e-06
1.97767e-06
1.80141e-06
1.72153e-06
1.67652e-06
1.58632e-06
1.53076e-06
1.54035e-06
1.17192e-06
1.19127e-06
1.27463e-06
1.3878e-06
1.58622e-06
1.63761e-06
1.76528e-06
1.91452e-06
2.66907e-06
2.66657e-06
2.73073e-06
2.83669e-06
1.77179e-06
1.70468e-06
1.6679e-06
1.68615e-06
7.67648e-07
8.30254e-07
9.61654e-07
1.10831e-06
9.54869e-07
1.07283e-06
1.28135e-06
1.49106e-06
2.15825e-06
2.24044e-06
2.40917e-06
2.59385e-06
3.4189e-06
3.35373e-06
3.34108e-06
3.39172e-06
5.13579e-06
4.89036e-06
4.65148e-06
4.53537e-06
8.38946e-06
7.80222e-06
7.13652e-06
6.70742e-06
1.16864e-05
1.07519e-05
9.6542e-06
8.9094e-06
1.36562e-05
1.2498e-05
1.1122e-05
1.0174e-05
1.79708e-05
1.63186e-05
1.43206e-05
1.29127e-05
2.51599e-05
2.27066e-05
1.97065e-05
1.75626e-05
3.19714e-05
2.87699e-05
2.48386e-05
2.2014e-05
1.7467e-05
1.64002e-05
1.51175e-05
1.42238e-05
2.37332e-05
2.21471e-05
2.01981e-05
1.88019e-05
3.41365e-05
3.16889e-05
2.8648e-05
2.64371e-05
4.3999e-05
4.073e-05
3.66546e-05
3.36767e-05
2.71987e-06
2.75298e-06
2.87188e-06
3.02923e-06
5.60956e-06
5.51472e-06
5.46585e-06
5.49427e-06
1.11571e-05
1.08057e-05
1.04246e-05
1.02002e-05
1.68505e-05
1.62245e-05
1.54916e-05
1.50015e-05
2.04252e-05
1.96075e-05
1.86297e-05
1.79551e-05
2.83841e-05
2.7137e-05
2.55915e-05
2.44765e-05
4.16994e-05
3.96958e-05
3.71772e-05
3.53242e-05
5.44357e-05
5.16768e-05
4.81978e-05
4.56246e-05
2.1991e-05
2.15418e-05
2.1052e-05
2.07543e-05
3.08165e-05
3.01836e-05
2.94188e-05
2.88859e-05
4.59124e-05
4.48506e-05
4.35155e-05
4.25353e-05
6.06359e-05
5.90741e-05
5.7097e-05
5.56293e-05
3.00241e-07
2.41664e-07
1.50079e-07
1.03378e-07
1.12733e-07
1.00823e-07
1.0909e-07
1.7141e-07
2.62112e-07
2.29157e-07
2.86099e-07
4.66637e-07
6.05942e-07
5.00727e-07
5.26602e-07
7.77086e-07
8.55114e-07
6.97007e-07
5.97161e-07
6.55154e-07
1.02072e-06
7.9149e-07
5.79241e-07
5.14751e-07
1.26977e-06
9.62759e-07
6.32945e-07
4.47445e-07
1.48332e-06
1.13632e-06
7.40811e-07
4.91156e-07
1.0718e-06
9.58759e-07
8.82012e-07
8.73519e-07
1.32276e-06
1.21023e-06
1.13406e-06
1.12565e-06
1.76926e-06
1.61707e-06
1.49895e-06
1.4659e-06
2.18087e-06
1.97086e-06
1.7913e-06
1.72221e-06
1.45838e-06
1.1154e-06
7.18791e-07
4.69924e-07
1.24295e-06
9.56621e-07
6.15668e-07
4.10165e-07
1.00663e-06
8.10372e-07
5.65143e-07
4.46076e-07
8.64195e-07
7.41247e-07
5.82643e-07
5.53932e-07
6.93533e-07
5.94304e-07
5.08408e-07
6.18681e-07
5.95808e-07
4.61851e-07
3.45891e-07
3.89629e-07
7.96087e-07
5.22406e-07
2.53454e-07
1.6455e-07
1.25977e-06
8.06111e-07
3.44001e-07
1.25755e-07
2.75433e-06
2.06174e-06
1.34341e-06
9.30777e-07
3.02721e-06
2.22041e-06
1.36617e-06
8.60577e-07
3.73466e-06
2.78061e-06
1.75053e-06
1.12407e-06
4.54959e-06
3.48868e-06
2.33067e-06
1.61518e-06
2.94181e-06
2.69791e-06
2.47729e-06
2.38108e-06
3.40953e-06
3.03341e-06
2.65248e-06
2.44232e-06
4.34689e-06
3.74122e-06
3.08486e-06
2.68173e-06
5.32886e-06
4.50617e-06
3.59068e-06
3.00729e-06
5.85546e-06
4.90945e-06
3.84598e-06
3.15888e-06
6.98233e-06
5.78073e-06
4.41015e-06
3.50842e-06
9.02432e-06
7.42199e-06
5.57167e-06
4.33594e-06
1.10523e-05
9.08957e-06
6.80972e-06
5.27656e-06
9.60836e-06
8.50493e-06
7.2212e-06
6.35671e-06
1.21243e-05
1.06259e-05
8.8546e-06
7.63776e-06
1.63995e-05
1.42668e-05
1.17161e-05
9.93877e-06
2.04927e-05
1.77745e-05
1.45077e-05
1.2218e-05
