FiniteElementSpace
FiniteElementCollection: H1_2D_P2
VDim: 2
Ordering: 0

0
-0.00495999
-0.00167885
0.00788893
0.016953
0.0221767
0.0241037
0.0244505
0.0245527
0
0.00967289
0.0192796
0.0256731
0.0271894
0.0264912
0.0266185
0.0275118
0.0279873
-0.00307162
0.00181077
0.00471179
0
-0.00447789
0.00857001
0.0146549
0.00276335
0.0170641
0.0230802
0.0128137
0.0223915
0.026958
0.0200667
0.0244577
0.0268639
0.0234487
0.0254088
0.0263891
0.0243696
0.0260226
0.0270547
0.0244937
0.026304
0.0278419
0.000361777
0.00461593
0.0129852
0.0202497
0.0236835
0.0249873
0.0257554
0.0262067
-0.00145133
-0.00127436
8.46116e-05
0
-0.0050293
0.000182606
0.00304224
-0.00149972
0.000394771
0.00806341
0.0107719
0.00360388
0.0104213
0.0166649
0.0187879
0.0126604
0.0186414
0.0218503
0.0231235
0.0197245
0.0229042
0.0241471
0.0247413
0.0232488
0.0242716
0.0250489
0.0255915
0.0247102
0.0244708
0.0253718
0.0261251
0.0252476
-0.0042825
0.000926776
0.0053637
0.00716846
0.0022011
0.00231206
0
-0.00333717
0.00648497
0.0136444
0.0170403
0.00925999
0.0121822
0.00530128
0.0151102
0.0213453
0.0245422
0.0178856
0.0213116
0.015004
0.021445
0.0249065
0.0271776
0.0236698
0.026471
0.0212389
0.0241153
0.0255996
0.0266576
0.0254067
0.0270618
0.0238389
0.0252079
0.0260818
0.0264672
0.025789
0.0263968
0.0244222
0.0258993
0.0267771
0.0272916
0.0264403
0.0268224
0.0245227
0.0254478
0.0262667
0.0271439
0.0279371
0.0270225
0.0276989
-0.00056306
-0.000900984
0.0057603
0.0147685
0.0208934
0.0237485
0.024902
0.0253161
-0.00161433
0.00370368
0.00081687
0.00171015
0.0114263
0.00722144
0.0103979
0.0197444
0.0158267
0.0183191
0.0244069
0.0226557
0.0226252
0.025518
0.0252208
0.0244627
0.0259226
0.0256836
0.0251611
0.0266166
0.0262582
0.0254176
0.0270983
0.0269142
-0.000547238
-0.000965785
-0.000192596
0
-0.00507371
-0.00291837
-0.00126196
-0.00318949
-0.000686009
0.00314699
0.00465649
0.00102808
0.00916885
0.0126497
0.0137378
0.0103386
0.0178303
0.0197647
0.020337
0.0183509
0.0225649
0.0232954
0.0235126
0.0226831
0.024198
0.0245742
0.0248124
0.0243881
0.0244608
0.024899
0.0252838
0.0248519
-0.00373599
-0.00291383
-0.00149878
-0.00214136
0.000606328
0.00226039
0.00293819
0.00122783
3.46074e-05
0.000421254
0.00030271
0
-0.00397795
-0.000753503
0.000895049
-0.00209413
0.0055179
0.00890678
0.0103314
0.00688275
0.00238246
0.00507384
0.00626804
0.00352989
0.0040201
0.00791878
0.00923361
0.00548428
0.0140642
0.0174206
0.0188439
0.0154178
0.00966285
0.0132704
0.0147453
0.0110675
0.0139375
0.0166893
0.017523
0.0147817
0.0208798
0.0229466
0.0240709
0.0219765
0.0179571
0.0207325
0.0220376
0.0192076
0.0206833
0.0219077
0.0222584
0.0209432
0.0239127
0.0248387
0.0254687
0.0245684
0.0227815
0.0241959
0.0250833
0.023672
0.0236612
0.0241261
0.0243143
0.0237688
0.0251003
0.025578
0.0258522
0.0254035
0.0246053
0.0252303
0.0256398
0.0250487
0.0244001
0.0247904
0.0251087
0.0247027
0.0258299
0.0262621
0.0265298
0.0261037
0.0255025
0.0259329
0.0261685
0.0257557
0.0245075
0.0249774
0.0253959
0.0249396
0.0262395
0.0266831
0.0270647
0.0266157
0.0260765
0.0265214
0.026849
0.0264026
-0.00231269
-0.000952137
-0.000452801
0.00019179
-0.000238569
0
-0.00483115
-0.000418218
0.00240266
0.00378842
0.00107041
0.000153215
0.00155111
0.00690098
0.0105478
0.0118835
0.008285
0.00610046
0.0116401
0.0157455
0.0184823
0.0195521
0.0168057
0.0148905
0.0193865
0.0213963
0.0227715
0.023422
0.0220184
0.0210735
0.0231974
0.0239592
0.0245617
0.0248681
0.0242401
0.0238503
0.0243277
0.0249804
0.0254016
0.0256759
0.0252445
0.0250557
0.0244815
0.0253453
0.025793
0.0261685
0.0257238
0.0256375
-0.00469623
-0.00161607
0.00132672
-0.000345683
0.00450988
0.00738774
0.00841813
0.00531818
0.00593087
0.00335047
0.0014857
0.00351205
0.001422
0.00102995
0
-0.00256671
0.00261736
0.00750634
0.00410569
0.012534
0.0163634
0.0181818
0.0141164
0.0158618
0.0118275
0.00822081
0.013426
0.00956681
0.0109295
0.00659706
0.0115438
0.0161126
0.0127808
0.0205795
0.0234948
0.0251505
0.0221096
0.023852
0.0204279
0.0168765
0.022232
0.0184919
0.0203251
0.0160106
0.0190523
0.0219472
0.0199028
0.0246833
0.0260827
0.0272065
0.0258191
0.0270991
0.02533
0.023199
0.0267524
0.0245657
0.0261139
0.0217355
0.022954
0.0242955
0.0233705
0.0255602
0.0260876
0.0265672
0.0261313
0.0267589
0.0261782
0.0253263
0.0269682
0.0261814
0.0271396
0.023985
0.0245942
0.0253107
0.0248303
0.0259994
0.0263739
0.0265348
0.0262245
0.0264179
0.0261239
0.0257329
0.0263818
0.0260794
0.0264338
0.0244382
0.0252071
0.0259636
0.0255313
0.0266994
0.027147
0.0274049
0.0269608
0.027174
0.0267594
0.0263493
0.0269365
0.0265579
0.0267153
0.0245382
0.0250076
0.0254359
0.0258796
0.0262882
0.0258461
0.0267245
0.0271238
0.027564
0.0279674
0.027516
0.0278953
0.0274307
0.0269722
0.0277763
0.0273063
0.0276103
-0.000324564
-0.00312425
0.00205282
0.0115129
0.0190881
0.023008
0.0244894
0.0248766
-0.00258469
0.00171811
0.000146635
-0.00148464
0.00787224
0.00426723
0.00669706
0.016442
0.0121696
0.0157654
0.0224942
0.0200044
0.0214506
0.0247134
0.0239559
0.0239606
0.0254903
0.0251415
0.0247507
0.0261849
0.0258447
0.0249588
0.0266529
0.0264649
-0.00160064
-0.000375387
-8.02214e-05
-0.00257451
0.00168653
0.000558779
0.00429633
0.00941351
0.00717588
0.0137416
0.0176752
0.0158756
0.0203821
0.0224164
0.021572
0.023548
0.0244083
0.0240549
0.0246446
0.0253268
0.0251544
0.0249197
0.0257604
0.0256829
-0.00311863
-0.000147252
-0.000446377
0.00286214
0.00633931
0.00432414
0.000789566
0.00238865
0.000505963
8.81673e-05
0.00507261
0.00321212
0.00997561
0.0152497
0.0129724
0.00594756
0.0106899
0.00846482
0.00913717
0.0138559
0.0116742
0.0183443
0.0228411
0.0213037
0.0143567
0.0194881
0.0174471
0.0175513
0.0205179
0.0192243
0.0233373
0.0259758
0.0256065
0.0213895
0.024985
0.0240699
0.0223173
0.0236232
0.0230879
0.0249489
0.0261067
0.0261571
0.0243978
0.0261888
0.0261489
0.0242677
0.024948
0.0247019
0.0256666
0.0262938
0.0261674
0.0253171
0.0260945
0.0260776
0.0248236
0.0255871
0.0254696
0.0263349
0.0270566
0.0268611
0.0260195
0.0266576
0.0264626
0.0249944
0.0258658
0.0258215
0.0267065
0.0275439
0.0274784
0.0265717
0.0273732
0.0272306
0
-0.0104511
-0.0318045
-0.052093
-0.0643424
-0.0691638
-0.0710024
-0.0734377
-0.0769471
0
-0.00960847
-0.0281298
-0.0486708
-0.0632026
-0.069468
-0.0714751
-0.0736521
-0.0768304
-0.00344303
-0.00871948
-0.00399481
0
-0.020508
-0.0298194
-0.0180163
-0.0427182
-0.0510525
-0.0387333
-0.0593308
-0.0646001
-0.0570081
-0.0674347
-0.0697656
-0.0672139
-0.0701665
-0.0712754
-0.0706578
-0.0720445
-0.0734692
-0.0724051
-0.0751267
-0.0768704
-0.0751804
-0.00189847
-0.0185363
-0.0410608
-0.0590044
-0.068003
-0.0706276
-0.0721663
-0.0751093
-0.00162062
-0.00229637
-6.0262e-05
0
-0.0152119
-0.0192741
-0.0133444
-0.00925741
-0.0373944
-0.0418771
-0.0355297
-0.0306712
-0.0559954
-0.0593772
-0.0553147
-0.0516878
-0.0660976
-0.0679331
-0.0665483
-0.0647153
-0.0697176
-0.0704642
-0.0702624
-0.0696082
-0.0714833
-0.0720897
-0.0716732
-0.0711502
-0.0742546
-0.0751081
-0.0742585
-0.0734344
-0.00645517
-0.00485237
-0.00882342
-0.00640126
-0.00242727
-0.00241985
0
-0.0261111
-0.0240937
-0.0290538
-0.0229354
-0.018165
-0.0135251
-0.0476483
-0.0462729
-0.0500969
-0.0438509
-0.0400911
-0.0334458
-0.0621034
-0.0620973
-0.0640869
-0.060388
-0.0582307
-0.0530844
-0.0684297
-0.0690446
-0.0697001
-0.0685204
-0.0677438
-0.0654638
-0.0705768
-0.070943
-0.0713742
-0.0710763
-0.0706783
-0.0701497
-0.0726967
-0.0727663
-0.0735372
-0.0729866
-0.0722645
-0.0719067
-0.0760301
-0.0769072
-0.0759921
-0.076848
-0.0759984
-0.0751313
-0.0743901
-0.000424759
-0.013987
-0.0363839
-0.0558236
-0.0665592
-0.070094
-0.0715726
-0.0742413
-0.00529423
-0.00518201
-0.000571056
-0.0249046
-0.0235068
-0.0132094
-0.0470139
-0.0452846
-0.0346344
-0.0623357
-0.0614499
-0.0544342
-0.068919
-0.0688916
-0.0661672
-0.0707956
-0.0710252
-0.0702646
-0.0727119
-0.0728521
-0.0717765
-0.0760068
-0.0759878
-0.0743049
-0.00092535
-0.00092652
-3.54454e-05
0
-0.0127465
-0.0145213
-0.0115392
-0.00977003
-0.0346256
-0.0368591
-0.0335455
-0.0311918
-0.0541163
-0.0559532
-0.0538259
-0.0519168
-0.0652765
-0.066397
-0.0656998
-0.0645992
-0.0694576
-0.0699339
-0.0698709
-0.0694262
-0.0712331
-0.0715244
-0.0713511
-0.0710773
-0.0738373
-0.0742436
-0.0738288
-0.0734303
-0.00480618
-0.0057861
-0.00366337
-0.00278528
-0.0032535
-0.00491648
-0.00368925
-0.00203666
0.000221274
-0.000190441
-0.000100432
0
-0.0232851
-0.0254485
-0.02206
-0.0198211
-0.0212819
-0.0237836
-0.0207988
-0.0183128
-0.0109492
-0.0132171
-0.0109347
-0.00869059
-0.0452419
-0.0473385
-0.0444974
-0.0422858
-0.0437137
-0.0458208
-0.042728
-0.0406084
-0.0326868
-0.0351013
-0.0318494
-0.0294393
-0.060787
-0.0622862
-0.0609297
-0.0594115
-0.0606249
-0.0618242
-0.0599134
-0.0586697
-0.0532516
-0.0549261
-0.0523293
-0.0506231
-0.0679693
-0.0687264
-0.0684685
-0.0677459
-0.0685695
-0.0689988
-0.0683661
-0.0679103
-0.0656396
-0.0664003
-0.065194
-0.0643907
-0.0703719
-0.0706941
-0.0706308
-0.0703324
-0.0707873
-0.0709907
-0.0708555
-0.0706648
-0.0700362
-0.0702814
-0.0700069
-0.0697571
-0.0723582
-0.0726978
-0.0723879
-0.0720612
-0.0724531
-0.0728047
-0.0725458
-0.072212
-0.0714642
-0.0717237
-0.0715664
-0.0713269
-0.0755762
-0.0760174
-0.0755553
-0.0751149
-0.0755486
-0.0759885
-0.0755576
-0.0751174
-0.0738547
-0.0742777
-0.0739121
-0.0734986
-0.00235964
-0.00121038
-0.00199335
-0.00082847
-0.000143717
0
-0.0178056
-0.0165745
-0.0188508
-0.0158823
-0.0135975
-0.00890759
-0.0401011
-0.0391673
-0.041476
-0.0383264
-0.0359486
-0.0302214
-0.0577358
-0.057674
-0.0592405
-0.0572325
-0.0556121
-0.0514035
-0.0668134
-0.0672995
-0.068014
-0.0673322
-0.0666048
-0.0647113
-0.0699499
-0.0702886
-0.0705618
-0.0704563
-0.0702017
-0.0697184
-0.0717519
-0.0718186
-0.0721254
-0.0719071
-0.0716228
-0.0712166
-0.074685
-0.074669
-0.0751063
-0.0746781
-0.0742464
-0.0734478
-0.00833794
-0.00716724
-0.00668079
-0.00498035
-0.00690108
-0.00912328
-0.00791077
-0.00566681
-0.00509911
-0.00307711
-0.00139352
-0.00310182
-0.00132444
-0.00153175
0
-0.0289606
-0.0277836
-0.0269472
-0.0244596
-0.0262651
-0.0286288
-0.0255076
-0.0232332
-0.0204317
-0.0180714
-0.0156276
-0.0157082
-0.0133119
-0.0114874
-0.0499383
-0.0494139
-0.0487219
-0.0466645
-0.0477443
-0.0494546
-0.0463075
-0.0446385
-0.0413231
-0.039478
-0.0373866
-0.0361028
-0.034095
-0.0307821
-0.0632872
-0.0635949
-0.0634202
-0.0622697
-0.0628403
-0.0636914
-0.0618696
-0.0609733
-0.0587718
-0.0576809
-0.0564028
-0.055115
-0.0538266
-0.0509371
-0.0688236
-0.0692946
-0.069439
-0.069021
-0.0693325
-0.0696014
-0.0690343
-0.0687302
-0.0679194
-0.0675102
-0.0670143
-0.0664016
-0.0658544
-0.0644036
-0.0707839
-0.0709671
-0.071104
-0.0708785
-0.0711959
-0.0714213
-0.0712732
-0.0710514
-0.0708726
-0.0706736
-0.0704848
-0.0704195
-0.0702183
-0.0698364
-0.073056
-0.0730615
-0.0731059
-0.0727352
-0.0731832
-0.0735871
-0.0733085
-0.0729111
-0.072684
-0.072327
-0.0720087
-0.0721449
-0.0718354
-0.0716829
-0.0764885
-0.0769283
-0.0764588
-0.0768871
-0.076434
-0.0759983
-0.0768574
-0.0764188
-0.0768399
-0.0764128
-0.0759909
-0.0755874
-0.075152
-0.0747125
-0.0747799
-0.0743416
-0.0740126
-0.000379187
-0.0120622
-0.034047
-0.054006
-0.0655581
-0.0696985
-0.0712909
-0.073828
-0.00414849
-0.00335807
0.000144356
-0.0226078
-0.0210133
-0.0108715
-0.0448668
-0.0432584
-0.0322794
-0.0609207
-0.0603206
-0.0528406
-0.0682763
-0.0685016
-0.0654617
-0.0705138
-0.0708306
-0.0700426
-0.0723669
-0.0724955
-0.0715157
-0.0755639
-0.0755509
-0.073879
-0.00170245
-0.000913274
0.000160154
-0.0171162
-0.016167
-0.0111697
-0.0396127
-0.0387463
-0.0331001
-0.0577555
-0.0574999
-0.0535771
-0.0671222
-0.0673646
-0.0657223
-0.0701419
-0.070392
-0.069981
-0.0717806
-0.0718613
-0.0714094
-0.0746736
-0.0746705
-0.0738379
-0.00766707
-0.00683723
-0.00335961
-0.00669987
-0.00729631
-0.00426191
-0.000974582
-0.00210373
-0.000590466
-0.028319
-0.0273336
-0.0216239
-0.0265995
-0.0259115
-0.0206123
-0.0157062
-0.015631
-0.0111369
-0.0496926
-0.0490953
-0.0441198
-0.0482786
-0.0470965
-0.0420939
-0.0378827
-0.0368054
-0.0313623
-0.0635099
-0.0635613
-0.0608291
-0.0631791
-0.0624048
-0.0593999
-0.0568697
-0.0558227
-0.0517018
-0.0691055
-0.0694023
-0.0685618
-0.0694132
-0.069204
-0.0681701
-0.067213
-0.0667426
-0.064841
-0.07088
-0.0710419
-0.0707214
-0.0711542
-0.0712334
-0.0708672
-0.0704854
-0.0704605
-0.0699359
-0.0730527
-0.0730797
-0.0724171
-0.07314
-0.0732381
-0.072607
-0.0719555
-0.0720699
-0.0716201
-0.0764735
-0.0764453
-0.0755502
-0.0764251
-0.0764147
-0.0755695
-0.0746918
-0.0747414
-0.0739557
