FiniteElementSpace
FiniteElementCollection: L2_2D_P3
VDim: 1
Ordering: 0

0.00294693
0.00184789
0.00275659
0.00379149
0.00117774
0.00102593
0.00192943
0.00292374
0.000335869
0.000457217
0.00108513
0.00178078
0.000228056
0.000267656
0.000612265
0.000988169
0.00157897
0.00145423
0.00130532
0.00120131
0.00115285
0.00105822
0.000946951
0.000870615
0.000714847
0.000654454
0.000585871
0.000540849
0.000469738
0.000431527
0.000390445
0.000365527
0.000179759
0.00013258
8.21942e-05
5.21161e-05
0.000129908
9.64343e-05
6.25454e-05
4.40464e-05
0.000109999
9.07923e-05
7.41239e-05
6.77573e-05
0.00012739
0.000116281
0.000109434
0.000110031
0.000210145
0.000256086
0.000323307
0.000380348
0.00018595
0.00021977
0.000269997
0.000313058
0.000180544
0.000200351
0.000231301
0.000258763
0.000193423
0.000203589
0.000221608
0.00023885
0.00103169
0.00106474
0.00110625
0.00113672
0.000782124
0.000805683
0.000835028
0.000856322
0.000527811
0.000540856
0.000556948
0.000568426
0.000380396
0.000386668
0.000394408
0.000399842
0.0010748
0.00104047
0.000994437
0.000958321
0.000809941
0.000785301
0.000751977
0.000725656
0.000534266
0.00051945
0.00049917
0.000483018
0.00037068
0.000361583
0.000349006
0.000338942
0.000436296
0.000397231
0.00034885
0.000313791
0.00034249
0.000312882
0.000276348
0.00024999
0.000244264
0.000224656
0.000200714
0.000183654
0.000186276
0.000172699
0.000156393
0.000145005
4.83971e-05
3.89159e-05
2.81698e-05
2.11598e-05
4.33514e-05
3.53658e-05
2.63412e-05
2.04617e-05
3.884e-05
3.23948e-05
2.51719e-05
2.04985e-05
3.70205e-05
3.14141e-05
2.51976e-05
2.12186e-05
0.00243321
0.00232541
0.00220059
0.00211651
0.00183432
0.00173953
0.00163055
0.00155769
0.00118245
0.00110818
0.00102407
0.000968851
0.000787768
0.000730654
0.000667422
0.000627073
0.000153944
0.000153978
0.000157073
0.000161834
0.000307684
0.000303671
0.000298925
0.000295915
0.000718608
0.000695001
0.000661881
0.000635269
0.00120166
0.00115227
0.00108366
0.00102867
0.000148897
4.75145e-05
2.44117e-05
4.96015e-05
0.000159496
7.87702e-05
0.000110247
0.000193895
0.000226065
0.000188172
0.000375291
0.000617033
0.000407731
0.00037001
0.000717271
0.00113811
0.000748374
0.000652999
0.000540286
0.000462644
0.000536648
0.00046599
0.000384205
0.000329302
0.000340186
0.000296858
0.000249266
0.000219523
0.000249368
0.000223101
0.000196861
0.000182852
0.000247319
0.000248999
0.00025573
0.000264516
0.000319185
0.000315518
0.000314782
0.000317493
0.000479107
0.000461336
0.000442048
0.000430473
0.000656195
0.000621714
0.000580956
0.000553224
0.000189883
0.000195249
0.000204917
0.000214614
0.000302149
0.000303325
0.000306335
0.000310073
0.000576257
0.000563546
0.000547069
0.000534938
0.000891335
0.000861104
0.000820937
0.000790127
2.39914e-06
9.11814e-06
2.81365e-05
5.06137e-05
1.92517e-05
2.54735e-05
4.23722e-05
6.20513e-05
6.57813e-05
7.03438e-05
8.37002e-05
9.95564e-05
0.000118111
0.000120496
0.000130364
0.000143019
0.000258868
0.000248195
0.00023958
0.000236862
0.000250345
0.000236353
0.000223464
0.000217513
0.000238317
0.000219105
0.000199929
0.000189559
0.000229117
0.00020522
0.000180696
0.000166808
0.000277145
0.000272504
0.000271962
0.000275755
0.000305222
0.00029543
0.000288081
0.000286597
0.00036227
0.000341611
0.000320524
0.000308851
0.00042301
0.000390683
0.000355175
0.00033306
0.000636845
0.000691736
0.000765884
0.000824484
0.000499965
0.00053933
0.00059275
0.000635077
0.000368406
0.000390584
0.000421357
0.000446118
0.000298569
0.000309594
0.000325935
0.0003397
0.000112662
0.000101281
8.89055e-05
8.10596e-05
8.27752e-05
7.21749e-05
6.09153e-05
5.40283e-05
5.90356e-05
5.15166e-05
4.45544e-05
4.1212e-05
5.34246e-05
4.98256e-05
4.83063e-05
4.94153e-05
0.000195334
0.000181957
0.000168615
0.000161261
0.000167127
0.000152876
0.000138464
0.000130354
0.000130904
0.000116894
0.000103177
9.59158e-05
0.000104432
9.1679e-05
8.01285e-05
7.49478e-05
0.00119406
0.00119026
0.00118247
0.00117435
0.000896098
0.000893543
0.000887756
0.000881463
0.000588237
0.000586523
0.000582434
0.000577898
0.000406709
0.000405212
0.000401914
0.000398369
1.43394e-05
1.34688e-05
1.26776e-05
1.23381e-05
6.46036e-07
1.6158e-07
1.11176e-07
5.25847e-07
2.19084e-05
2.20098e-05
2.30289e-05
2.45005e-05
6.84779e-05
6.90593e-05
7.09333e-05
7.32346e-05
4.52171e-05
3.9084e-05
3.21483e-05
2.75144e-05
2.35823e-05
1.84652e-05
1.30356e-05
9.71942e-06
2.63868e-05
2.3983e-05
2.2372e-05
2.22244e-05
5.29528e-05
5.36484e-05
5.63256e-05
5.96699e-05
0.000771307
0.000725547
0.000667013
0.000623153
0.000590027
0.00055636
0.000513281
0.000481019
0.000400299
0.000379225
0.000352338
0.000332302
0.000287481
0.000273918
0.00025676
0.000244126
3.48927e-05
3.62438e-05
3.86651e-05
4.1096e-05
2.36521e-05
2.48992e-05
2.7291e-05
2.97686e-05
3.61983e-05
3.5734e-05
3.60853e-05
3.71306e-05
6.66665e-05
6.36854e-05
6.09391e-05
5.97409e-05
1.74607e-05
1.92305e-05
2.18628e-05
2.42067e-05
6.614e-06
8.24595e-06
1.09021e-05
1.34095e-05
2.93606e-05
2.97427e-05
3.10455e-05
3.2713e-05
7.51399e-05
7.3735e-05
7.29246e-05
7.31276e-05
0.000183416
0.000159699
0.000131307
0.000111495
0.000150312
0.000131623
0.000109377
9.39496e-05
0.000116242
0.0001029
8.72315e-05
7.65275e-05
9.6911e-05
8.6772e-05
7.50711e-05
6.72392e-05
4.20097e-05
3.95315e-05
3.72603e-05
3.62102e-05
3.37691e-05
3.18278e-05
3.02077e-05
2.96203e-05
2.94226e-05
2.7339e-05
2.55451e-05
2.48361e-05
3.0966e-05
2.81266e-05
2.54164e-05
2.4061e-05
4.61528e-05
4.54725e-05
4.55291e-05
4.63078e-05
3.52145e-05
3.47965e-05
3.52042e-05
3.62539e-05
3.64552e-05
3.49843e-05
3.41117e-05
3.42453e-05
4.92776e-05
4.59323e-05
4.27475e-05
4.12069e-05
4.36868e-06
2.81857e-06
1.32166e-06
5.66807e-07
5.26626e-06
3.59511e-06
1.91756e-06
1.00071e-06
6.58538e-06
4.72473e-06
2.81467e-06
1.72031e-06
7.70674e-06
5.64822e-06
3.53858e-06
2.32527e-06
7.94961e-06
6.05024e-06
4.09732e-06
2.94654e-06
6.78325e-06
5.14707e-06
3.47218e-06
2.4896e-06
5.44544e-06
4.09343e-06
2.72208e-06
1.92683e-06
4.54987e-06
3.37438e-06
2.1975e-06
1.52739e-06
2.57876e-05
2.28273e-05
1.97175e-05
1.78404e-05
2.15125e-05
1.90677e-05
1.65612e-05
1.5097e-05
1.75709e-05
1.54814e-05
1.33939e-05
1.22217e-05
1.57617e-05
1.37026e-05
1.16596e-05
1.05301e-05
0.00292675
0.00274816
0.00255802
0.00243487
0.00226062
0.00211836
0.00195604
0.00184804
0.00147195
0.00138168
0.00128031
0.00121481
0.000948443
0.00090424
0.000857553
0.00083163
0.000719853
0.000691491
0.000668056
0.000653454
0.000366456
0.000358388
0.00035399
0.00035426
0.000115861
0.000120885
0.000128626
0.00013557
7.32715e-05
8.64489e-05
0.000102431
0.000112889
0.000188581
0.000180275
0.000429236
0.000708419
0.000134576
9.0584e-05
0.000203426
0.000354298
0.000129007
4.16674e-05
3.78172e-05
8.30118e-05
0.000142237
3.83275e-05
3.50994e-06
2.24345e-05
0.00114149
0.00102888
0.00089445
0.000800628
0.000826336
0.000741779
0.000642533
0.000574656
0.000513996
0.000460986
0.000401249
0.000362489
0.000349636
0.000316769
0.000282196
0.000261968
0.00028194
0.000258208
0.00023482
0.000222643
0.000187832
0.000177554
0.000170513
0.000169987
0.0001494
0.000150345
0.000156578
0.000165266
0.000186369
0.000190746
0.000200607
0.000211511
0.000365566
0.000337541
0.000308861
0.000292819
0.000217067
0.000204238
0.000193968
0.000191004
0.000132682
0.00013311
0.00013836
0.000146049
0.000155144
0.000160246
0.000170324
0.000180869
3.8591e-05
1.88904e-05
4.07603e-06
1.10317e-06
3.5827e-05
2.2813e-05
1.52688e-05
1.67263e-05
6.46175e-05
5.78957e-05
5.71512e-05
6.27101e-05
0.000109493
0.000105647
0.000107946
0.000115279
0.000132352
0.000129621
0.000132886
0.000140572
0.000164687
0.000162828
0.000166486
0.000173888
0.000215605
0.000212452
0.000213927
0.000219254
0.000260688
0.000254655
0.000252359
0.000254772
0.000139154
0.000131505
0.000128651
0.000131907
0.000158169
0.000154889
0.000156914
0.000163281
0.000204674
0.000203285
0.000207162
0.000214477
0.000256501
0.000253571
0.000255328
0.000260934
0.000411299
0.000465964
0.000542295
0.000604513
0.000335666
0.000375256
0.000431062
0.000476849
0.00027193
0.000294579
0.000327647
0.000355468
0.000245935
0.000257357
0.000275653
0.000292023
0.000233887
0.000240365
0.000252047
0.00026321
0.000206349
0.000205604
0.000207644
0.000211241
0.000179952
0.000171969
0.00016458
0.000160952
0.000165904
0.000153975
0.000141643
0.000134378
0.000199087
0.000204952
0.000217072
0.000229556
0.000198409
0.000197746
0.000200948
0.00020627
0.000199935
0.000192228
0.000186092
0.000184123
0.000202097
0.000190072
0.00017845
0.000172379
0.00114908
0.0011642
0.00118127
0.00119228
0.000864856
0.000875716
0.000887617
0.000894942
0.000572723
0.000578627
0.000584673
0.000587974
0.000401493
0.000404067
0.000406311
0.000407105
0.000325333
0.000326453
0.000327043
0.000326754
0.000206616
0.000205713
0.000204064
0.000202371
9.63203e-05
9.36731e-05
9.02742e-05
8.76448e-05
4.33096e-05
4.00242e-05
3.61497e-05
3.34301e-05
0.000314603
0.000317931
0.000322024
0.000324811
0.000210176
0.000209404
0.00020847
0.000207656
0.000112036
0.000107615
0.000102386
9.86467e-05
6.36445e-05
5.76899e-05
5.08083e-05
4.60709e-05
0.000936533
0.000893865
0.000838195
0.000795652
0.000710162
0.00067917
0.000638592
0.000607507
0.000473824
0.000454859
0.000429951
0.000410857
0.000333347
0.000321488
0.000305926
0.000294054
0.000270622
0.000261862
0.000250375
0.000241646
0.000171923
0.000167638
0.000162086
0.000157969
8.1475e-05
8.11733e-05
8.09992e-05
8.11312e-05
3.9722e-05
4.1191e-05
4.34825e-05
4.56182e-05
0.000297891
0.000291273
0.000282047
0.000274634
0.000184629
0.00018153
0.000177123
0.000173568
8.09298e-05
8.09613e-05
8.09571e-05
8.10104e-05
3.29826e-05
3.44282e-05
3.64975e-05
3.83107e-05
0.000295514
0.000263725
0.00022498
0.000197387
0.000236305
0.000211779
0.000182034
0.00016097
0.000174597
0.000157788
0.000137657
0.000123605
0.00013862
0.000126466
0.000112167
0.000102396
0.000121867
0.000111816
0.000100127
9.22523e-05
9.24254e-05
8.57242e-05
7.82023e-05
7.33604e-05
6.49543e-05
6.13399e-05
5.7683e-05
5.56751e-05
5.20251e-05
4.98394e-05
4.79954e-05
4.73352e-05
0.000159739
0.000148853
0.000135932
0.000127039
0.000115033
0.000108307
0.000100631
9.56132e-05
7.35409e-05
7.06093e-05
6.77544e-05
6.63273e-05
5.41212e-05
5.29191e-05
5.22966e-05
5.25586e-05
1.81074e-05
1.34839e-05
8.51695e-06
5.51007e-06
1.78582e-05
1.36787e-05
9.15925e-06
6.38237e-06
1.82032e-05
1.44307e-05
1.0341e-05
7.80155e-06
1.90192e-05
1.53894e-05
1.14704e-05
9.04122e-06
1.90595e-05
1.5534e-05
1.1711e-05
9.32153e-06
1.81558e-05
1.49581e-05
1.15016e-05
9.34222e-06
1.73475e-05
1.44544e-05
1.13476e-05
9.41484e-06
1.70438e-05
1.42872e-05
1.13418e-05
9.5168e-06
3.57831e-05
3.05993e-05
2.48636e-05
2.11952e-05
3.21914e-05
2.78473e-05
2.30932e-05
2.00859e-05
2.88402e-05
2.52823e-05
2.14575e-05
1.90845e-05
2.73256e-05
2.4136e-05
2.07525e-05
1.86851e-05
0.00204506
0.00191117
0.00175257
0.00164275
0.00150491
0.00140221
0.00128224
0.00120054
0.000936733
0.00086983
0.000794071
0.000744474
0.000607172
0.000563777
0.000516809
0.000487985
0.000464585
0.000432045
0.000398126
0.000378514
0.000257673
0.000241527
0.000227368
0.000221687
0.000122676
0.000121335
0.000124293
0.00013019
0.000129205
0.000133175
0.000141374
0.000150183
0.000611533
0.000562873
0.000510781
0.00047922
0.000332803
0.000305143
0.000278173
0.000264143
0.000133799
0.000125694
0.000121337
0.000122528
0.000120554
0.000119358
0.000122087
0.000127365
0.000163561
0.000168491
0.000176782
0.000184802
0.000294864
0.000296005
0.000297643
0.000299356
0.00062695
0.000614427
0.000596083
0.000580976
0.00101188
0.000982275
0.000940077
0.000905611
0.00126301
0.00122072
0.0011613
0.00111321
0.0018295
0.00175823
0.00166007
0.00158162
0.00280585
0.00268737
0.00252649
0.00239922
0.00375625
0.00359409
0.00337566
0.00320398
0.00149779
0.00143922
0.00135544
0.00128605
0.00214325
0.00206683
0.00195798
0.00186821
0.00320175
0.00311052
0.00298022
0.00287214
0.00418193
0.00409036
0.00395863
0.00384869
0.000103194
0.000121252
0.000139281
0.000148494
0.000235667
0.000261141
0.000292873
0.000314851
0.000674089
0.000695814
0.000731025
0.000757929
0.00128176
0.00125977
0.00126626
0.00127822
0.00162086
0.00160234
0.00158399
0.00157398
0.00249303
0.00240297
0.00228333
0.00218987
0.0037533
0.00359503
0.00337799
0.00320507
0.00476416
0.00458046
0.00434436
0.00415322
0.000494308
0.000581892
0.0010606
0.00158738
0.000635296
0.000788004
0.00180227
0.00303251
0.00266358
0.00184392
0.00323784
0.00506318
0.00785179
0.0036169
0.00469271
0.00650661
0.00042106
0.000347937
0.000263891
0.000208061
0.00029981
0.000246563
0.000187126
0.000149167
0.000203041
0.000171271
0.000138462
0.000119884
0.000174186
0.000155383
0.000138694
0.000131894
0.000166278
0.000153168
0.000143347
0.000141395
0.000158691
0.000153418
0.000152911
0.000157416
0.00018817
0.000188154
0.00019372
0.000202304
0.000240931
0.000240991
0.000246389
0.000254662
0.0002144
0.000195757
0.000178838
0.000171521
0.000168292
0.000160601
0.000156935
0.000159015
0.000168804
0.000169587
0.000175943
0.000184971
0.000216419
0.000219006
0.000227206
0.00023731
0.000267433
0.000266113
0.000269559
0.00027623
0.000317275
0.000310481
0.000306531
0.000307355
0.000422836
0.000403136
0.00038257
0.00037085
0.000537143
0.000502842
0.00046387
0.000438554
0.000599305
0.000555543
0.000504663
0.000470563
0.000733589
0.000668688
0.000591011
0.000536989
0.000982134
0.000882065
0.000760367
0.000674044
0.00123499
0.00110161
0.000938605
0.00082228
0.000760183
0.000714468
0.000659329
0.000620812
0.000989754
0.000918475
0.000830523
0.000767289
0.00139796
0.0012835
0.00114076
0.00103675
0.00180346
0.00164751
0.00145261
0.00131017
0.000220001
0.000224034
0.000232966
0.000242832
0.000312842
0.000312031
0.000313842
0.000317674
0.00052983
0.000514642
0.000497014
0.000485506
0.00077524
0.000742331
0.000701419
0.000672023
0.000926322
0.00088102
0.000823994
0.000782331
0.0012643
0.00119043
0.00109631
0.00102636
0.00185688
0.00173406
0.00157703
0.00145969
0.00244096
0.00227046
0.00205276
0.00189014
0.0010922
0.00104914
0.000991993
0.00094805
0.001545
0.00147223
0.00137601
0.00130192
0.00233446
0.00221046
0.00204753
0.00192249
0.00311056
0.00293634
0.00270867
0.00253471
6.51915e-05
9.45866e-05
0.000142006
0.000185305
7.38985e-05
9.62556e-05
0.000133104
0.000167184
0.000107683
0.000121333
0.000145576
0.000168976
0.000148321
0.000155458
0.000170673
0.000186706
0.000167089
0.000171248
0.00018219
0.000194637
0.000187555
0.000186863
0.000190929
0.000197657
0.000213518
0.000206872
0.000202886
0.000203198
0.000232122
0.000221179
0.000211684
0.00020783
0.000143113
0.00014439
0.000152362
0.000163203
0.000175467
0.000174437
0.000178741
0.000186239
0.00021888
0.00021386
0.000212564
0.000215439
0.000252386
0.000243547
0.000237316
0.000236426
0.000231565
0.000218976
0.000207359
0.000201893
0.000210765
0.000196096
0.000181834
0.000174397
0.000181078
0.000164123
0.000147338
0.00013833
0.000157123
0.000138761
0.000120792
0.000111383
0.000136614
0.000118098
0.00010032
9.1369e-05
9.15004e-05
7.35529e-05
5.70806e-05
4.96013e-05
4.87648e-05
3.16978e-05
1.7551e-05
1.28059e-05
3.07392e-05
1.4552e-05
2.80108e-06
8.8591e-07
0.000215378
0.000189165
0.000162087
0.000146606
0.000182825
0.000152299
0.000120336
0.000101706
0.0001595
0.000122096
8.26675e-05
5.95027e-05
0.000158729
0.000115114
6.91839e-05
4.22808e-05
0.000274456
0.000266559
0.000261813
0.00026233
0.000282589
0.000270293
0.000259821
0.000255959
0.000299768
0.000279271
0.000258629
0.000247372
0.000318841
0.000290109
0.000259549
0.000241317
0.000321081
0.000287593
0.000251341
0.000229145
0.000322209
0.00027878
0.000230426
0.000199633
0.000352573
0.000293087
0.000225568
0.000181467
0.000400915
0.000326646
0.000241756
0.000185813
0.000450759
0.000411208
0.000366784
0.00033823
0.000507846
0.000452547
0.000388467
0.000345542
0.000629045
0.000547938
0.000452111
0.000386336
0.000761826
0.00065661
0.000531453
0.000444822
0.000853573
0.000900709
0.000962414
0.0010097
0.000655563
0.000689188
0.000733177
0.0007668
0.000457231
0.000475988
0.000500746
0.000519734
0.000345011
0.000354218
0.000366852
0.000376784
0.000294636
0.000299687
0.000306997
0.000312923
0.000211771
0.000210989
0.000210863
0.000211228
0.000132793
0.000126661
0.000119901
0.000115455
9.26248e-05
8.40483e-05
7.44148e-05
6.80097e-05
0.000266917
0.000273069
0.000283023
0.000291864
0.000210727
0.00020993
0.000210803
0.000212672
0.000156455
0.000149041
0.000141466
0.000137005
0.000127937
0.000117239
0.000105645
9.83049e-05
7.51833e-05
6.6207e-05
5.61987e-05
4.96297e-05
4.88802e-05
4.09676e-05
3.24835e-05
2.72169e-05
3.82447e-05
3.35763e-05
2.95925e-05
2.80172e-05
4.90368e-05
4.82396e-05
4.95801e-05
5.23202e-05
6.01537e-05
6.21553e-05
6.73014e-05
7.30963e-05
9.38248e-05
0.000102491
0.000116387
0.000128987
0.000174254
0.00019288
0.000220087
0.000243198
0.000266908
0.000294215
0.000333121
0.00036553
5.23677e-05
5.17548e-05
5.43169e-05
5.87192e-05
5.75936e-05
6.42342e-05
7.63688e-05
8.82527e-05
9.43086e-05
0.000111936
0.000138821
0.000162404
0.000148308
0.000175639
0.000215662
0.000249739
0.000154174
0.000141233
0.000127653
0.000119494
0.000123222
0.000110402
9.70552e-05
8.91541e-05
8.98815e-05
7.9142e-05
6.88254e-05
6.35219e-05
7.06351e-05
6.29612e-05
5.70577e-05
5.54792e-05
5.86237e-05
5.35291e-05
5.12289e-05
5.26167e-05
3.75175e-05
3.89288e-05
4.53341e-05
5.36202e-05
3.3259e-05
4.4638e-05
6.46422e-05
8.38837e-05
5.05948e-05
7.08839e-05
0.000103172
0.000132393
8.5146e-05
7.39135e-05
6.46567e-05
6.14895e-05
4.54143e-05
3.84438e-05
3.5124e-05
3.68464e-05
1.1689e-05
1.13198e-05
1.74681e-05
2.71703e-05
2.25431e-06
7.87627e-06
2.27622e-05
3.99194e-05
0.00116615
0.00114517
0.00111552
0.00109112
0.000875656
0.000860787
0.000839363
0.000821475
0.00057433
0.000565447
0.000552287
0.000541079
0.000395988
0.000390464
0.000382082
0.000374839
0.000316775
0.000312695
0.000306391
0.000300881
0.000194244
0.000192185
0.000188857
0.000185883
8.18654e-05
8.16256e-05
8.11087e-05
8.06165e-05
2.95532e-05
3.01894e-05
3.11079e-05
3.1937e-05
0.000326092
0.000324676
0.000321723
0.000318622
0.00020138
0.000200068
0.000197657
0.00019528
8.64518e-05
8.52838e-05
8.35729e-05
8.21238e-05
3.22663e-05
3.12788e-05
3.01409e-05
2.93886e-05
1.26602e-05
1.3522e-05
1.49089e-05
1.62246e-05
1.02787e-06
1.95365e-06
3.6559e-06
5.38628e-06
2.5078e-05
2.55333e-05
2.69219e-05
2.86338e-05
7.37281e-05
7.33784e-05
7.3942e-05
7.51866e-05
0.000110435
0.000109404
0.000109221
0.000109994
0.000201247
0.000198599
0.000196448
0.000195818
0.000365484
0.000359856
0.000354134
0.000350993
0.000528704
0.000520049
0.000510688
0.000504978
0.000104182
0.000104992
0.000107302
0.000110044
0.000193324
0.000194639
0.000197718
0.000201141
0.000356434
0.00035807
0.000361866
0.000366069
0.00051993
0.000521501
0.000525519
0.000530125
2.48065e-05
2.15091e-05
1.78148e-05
1.53869e-05
7.66143e-06
5.10894e-06
2.60462e-06
1.27126e-06
2.16493e-05
2.08299e-05
2.0882e-05
2.17506e-05
6.06873e-05
6.17386e-05
6.44639e-05
6.75681e-05
9.15109e-05
9.37928e-05
9.82607e-05
0.000102813
0.000170008
0.000175151
0.000183424
0.000190974
0.000317946
0.000327064
0.000340806
0.000352786
0.000469081
0.00048142
0.000499672
0.000515357
7.52553e-05
7.81036e-05
8.37292e-05
8.94549e-05
0.00013457
0.000142479
0.000154755
0.000165659
0.000253916
0.000269233
0.000291455
0.000310243
0.000380553
0.000402199
0.000433001
0.000458643
0.000598943
0.000554761
0.000499181
0.000458238
0.000463425
0.000430457
0.000389067
0.000358661
0.000321405
0.000300218
0.00027381
0.000254588
0.000237103
0.000222989
0.000205634
0.000193215
0.00019896
0.000187972
0.000174601
0.000165158
0.000136589
0.000130314
0.000122967
0.00011804
7.90063e-05
7.69864e-05
7.5133e-05
7.43647e-05
5.22245e-05
5.21171e-05
5.27805e-05
5.39534e-05
0.000236834
0.000226566
0.000213666
0.000204259
0.000155828
0.000150416
0.000143823
0.00013922
8.13722e-05
8.03075e-05
7.94353e-05
7.92449e-05
4.69188e-05
4.7789e-05
4.95244e-05
5.13916e-05
4.22019e-05
4.26145e-05
4.39802e-05
4.57051e-05
3.0841e-05
3.13196e-05
3.28257e-05
3.46907e-05
3.72902e-05
3.62982e-05
3.60273e-05
3.66277e-05
5.85249e-05
5.52154e-05
5.20825e-05
5.06048e-05
7.43464e-05
6.93074e-05
6.40299e-05
6.09878e-05
0.000114429
0.000105273
9.47903e-05
8.78734e-05
0.000192126
0.00017593
0.000156558
0.000143038
0.000271895
0.000248952
0.000221071
0.000201239
8.9348e-05
8.44918e-05
7.94239e-05
7.65328e-05
0.000145925
0.000136631
0.000125954
0.000118883
0.000251545
0.000234766
0.000214639
0.000200543
0.000357978
0.000334075
0.000304956
0.000284179
2.584e-05
2.77211e-05
3.06492e-05
3.33406e-05
1.49379e-05
1.66307e-05
1.94723e-05
2.22059e-05
3.33784e-05
3.34089e-05
3.4321e-05
3.57419e-05
7.25645e-05
7.02336e-05
6.82701e-05
6.76309e-05
0.000101761
9.76613e-05
9.35237e-05
9.13103e-05
0.000174003
0.000165731
0.000156331
0.000150204
0.000306001
0.000290714
0.000272486
0.000259815
0.000437593
0.000415628
0.000388998
0.000370098
0.000109384
0.00010661
0.000104153
0.000103192
0.000193888
0.000187887
0.000181389
0.000177444
0.000346727
0.000335225
0.000321875
0.000312901
0.000498403
0.000481602
0.000461649
0.00044783
0.000101803
8.57997e-05
6.70698e-05
5.4345e-05
8.63809e-05
7.34233e-05
5.83404e-05
4.81494e-05
7.1008e-05
6.12686e-05
5.00729e-05
4.26088e-05
6.28504e-05
5.49941e-05
4.60995e-05
4.02703e-05
5.86634e-05
5.1698e-05
4.38672e-05
3.87741e-05
4.97782e-05
4.43802e-05
3.8433e-05
3.46563e-05
4.14386e-05
3.75074e-05
3.3336e-05
3.08111e-05
3.75355e-05
3.42972e-05
3.09745e-05
2.90553e-05
8.76348e-05
7.89677e-05
6.90658e-05
6.25164e-05
7.02171e-05
6.39899e-05
5.70766e-05
5.26655e-05
5.38947e-05
4.99361e-05
4.582e-05
4.34247e-05
4.61976e-05
4.33031e-05
4.05148e-05
3.90886e-05
3.48498e-05
3.19376e-05
2.90124e-05
2.73768e-05
2.85676e-05
2.62195e-05
2.39674e-05
2.28023e-05
2.38621e-05
2.1694e-05
1.96577e-05
1.86476e-05
2.28896e-05
2.04331e-05
1.8057e-05
1.68191e-05
2.20407e-05
1.93583e-05
1.67232e-05
1.53176e-05
2.10488e-05
1.77706e-05
1.4376e-05
1.24107e-05
2.50779e-05
2.03128e-05
1.50926e-05
1.18297e-05
3.22061e-05
2.57768e-05
1.8541e-05
1.38653e-05
3.20439e-05
2.86236e-05
2.52122e-05
2.33652e-05
3.60644e-05
3.1201e-05
2.59712e-05
2.27854e-05
5.01653e-05
4.24259e-05
3.36194e-05
2.7836e-05
6.78088e-05
5.71039e-05
4.46349e-05
3.62115e-05
4.60424e-05
4.4342e-05
4.31132e-05
4.29097e-05
3.61748e-05
3.49056e-05
3.42136e-05
3.44004e-05
3.37501e-05
3.19044e-05
3.05098e-05
3.01948e-05
3.98756e-05
3.67153e-05
3.37077e-05
3.22345e-05
4.44196e-05
4.02623e-05
3.60315e-05
3.36799e-05
5.70898e-05
5.05095e-05
4.32234e-05
3.86118e-05
8.71321e-05
7.6113e-05
6.32629e-05
5.45629e-05
0.000120724
0.0001053
8.69505e-05
7.4227e-05
5.8838e-05
5.40852e-05
4.91599e-05
4.63558e-05
8.37783e-05
7.5647e-05
6.64544e-05
6.04813e-05
0.000135457
0.0001214
0.000104744
9.32478e-05
0.000190181
0.000170371
0.000146483
0.000129651
3.69257e-07
1.74798e-07
5.37855e-08
6.84069e-08
6.96633e-07
3.70844e-07
1.05778e-07
4.4711e-08
1.22264e-06
6.86181e-07
2.33118e-07
8.64513e-08
1.69535e-06
9.46114e-07
3.58171e-07
1.69755e-07
1.75391e-06
9.69617e-07
3.2816e-07
1.3551e-07
1.89353e-06
1.03212e-06
3.17097e-07
8.38684e-08
2.09243e-06
1.13446e-06
3.32676e-07
5.21921e-08
2.25169e-06
1.23101e-06
3.71153e-07
5.65967e-08
7.95604e-06
5.85738e-06
3.69354e-06
2.43351e-06
8.01141e-06
5.96978e-06
3.85994e-06
2.62201e-06
8.11901e-06
6.1278e-06
4.07174e-06
2.85975e-06
8.24057e-06
6.26568e-06
4.23068e-06
3.02987e-06
2.19166e-06
1.1918e-06
3.53932e-07
5.29054e-08
1.82819e-06
9.61985e-07
2.58434e-07
3.77707e-08
1.39949e-06
7.07383e-07
1.76144e-07
5.67325e-08
1.11213e-06
5.4512e-07
1.42155e-07
9.96839e-08
9.82871e-07
4.82342e-07
1.61107e-07
1.34018e-07
4.93622e-07
2.3756e-07
6.0898e-08
5.85032e-08
1.56216e-07
5.8528e-08
1.49643e-09
3.1218e-08
1.34503e-07
5.73211e-08
2.9792e-08
6.99647e-08
3.90151e-06
2.87976e-06
1.87739e-06
1.32487e-06
2.30209e-06
1.65397e-06
1.02802e-06
6.89736e-07
8.56501e-07
5.45266e-07
2.83666e-07
1.77403e-07
2.42197e-07
1.03667e-07
4.86142e-08
9.22528e-08
1.62884e-05
1.36738e-05
1.08926e-05
9.17713e-06
1.37927e-05
1.1584e-05
9.26101e-06
7.84608e-06
1.11677e-05
9.3371e-06
7.44369e-06
6.31454e-06
9.60688e-06
7.95399e-06
6.26962e-06
5.28745e-06
8.34249e-06
6.84391e-06
5.35861e-06
4.53064e-06
5.57747e-06
4.41217e-06
3.28671e-06
2.68585e-06
3.37543e-06
2.37311e-06
1.44289e-06
9.92664e-07
2.72295e-06
1.67736e-06
7.28114e-07
3.04331e-07
1.42686e-05
1.22353e-05
1.02419e-05
9.16644e-06
1.13325e-05
9.31209e-06
7.30555e-06
6.20672e-06
1.03937e-05
7.92775e-06
5.38807e-06
3.93335e-06
1.18258e-05
8.69705e-06
5.39061e-06
3.43709e-06
