FiniteElementSpace
FiniteElementCollection: H1_2D_P2
VDim: 2
Ordering: 0

0
1.06673
2.0798
3.0349
3.96295
4.89574
5.84978
6.82795
7.82332
0
0.904999
1.81598
2.75283
3.73244
4.74744
5.77051
6.78219
7.78277
0.53653
0.988909
0.453218
0
1.58156
1.94994
1.35859
2.56303
2.89307
2.27978
3.50003
3.84553
3.23703
4.42734
4.82007
4.23708
5.36967
5.80948
5.25964
6.33607
6.80471
6.27818
7.32429
7.80273
7.28321
0.497481
1.47304
2.42204
3.36674
4.33021
5.31363
6.30667
7.30342
0.267133
0.515973
0.249357
0
1.32622
1.52623
1.23194
1.02699
2.3231
2.49085
2.18637
2.01348
3.26801
3.43169
3.12938
2.96217
4.19478
4.37808
4.08715
3.90295
5.13195
5.34205
5.06648
4.85782
6.09217
6.32205
6.05795
5.83028
7.07566
7.31413
7.05399
6.81687
0.803315
0.744024
0.949418
0.679032
0.477779
0.22746
0
1.83271
1.71228
1.88544
1.58666
1.41848
1.13145
2.8001
2.65744
2.82432
2.515
2.35291
2.04689
3.73151
3.6054
3.78912
3.48341
3.3026
2.99348
4.66092
4.57458
4.78308
4.4918
4.28331
3.98381
5.60893
5.56134
5.78904
5.51539
5.28575
5.00354
6.58137
6.5556
6.79274
6.53062
6.29153
6.0248
7.57362
7.81303
7.55301
7.7926
7.53303
7.29289
7.033
0.256652
1.27814
2.25319
3.1969
4.13996
5.0994
6.07575
7.06524
0.77289
0.713789
0.241547
1.77128
1.65209
1.18432
2.727
2.58791
2.1189
3.66693
3.54483
3.06248
4.61737
4.53266
4.03536
5.58569
5.53743
5.03421
6.56911
6.54229
6.04043
7.56343
7.54274
7.04291
0.131661
0.261347
0.12731
0
1.19699
1.30175
1.15294
1.04647
2.2019
2.28753
2.13362
2.04607
3.15162
3.23181
3.07956
2.99787
4.07879
4.16704
4.02132
3.93252
5.01366
5.11579
4.97848
4.8768
5.97078
6.08424
5.95291
5.8403
6.95168
7.07062
6.94098
6.82263
0.670278
0.787744
0.644784
0.525894
0.620952
0.72928
0.595789
0.488025
0.124751
0.245668
0.121948
0
1.70766
1.80147
1.64912
1.55342
1.59288
1.68257
1.53534
1.44616
1.11067
1.20852
1.06696
0.969545
2.68188
2.76288
2.60908
2.52629
2.53974
2.62289
2.47026
2.38774
2.06828
2.15295
2.00213
1.91804
3.6158
3.6987
3.54923
3.46527
3.48589
3.57511
3.42345
3.33472
3.01112
3.09603
2.94317
2.85885
4.54398
4.63905
4.49758
4.4025
4.45224
4.5535
4.40783
4.30666
3.96615
4.06118
3.91201
3.81729
5.4891
5.59755
5.46375
5.35604
5.43743
5.54924
5.41159
5.29955
4.94317
5.05021
4.90857
4.80144
6.45855
6.57549
6.44549
6.32933
6.43111
6.54883
6.41695
6.29897
5.93368
6.04905
5.91477
5.79912
7.44889
7.56858
7.43873
7.31932
7.4282
7.54783
7.41783
7.29809
6.92933
7.04837
6.91785
6.79862
0.402201
0.386505
0.506624
0.373602
0.252956
0
1.45442
1.40257
1.49957
1.35273
1.255
1.00791
2.44345
2.37225
2.45626
2.30427
2.21962
1.98159
3.38412
3.31426
3.39896
3.24791
3.16289
2.92738
4.31094
4.25887
4.354
4.20851
4.11337
3.87402
5.25062
5.22059
5.32785
5.18998
5.08292
4.83888
6.21394
6.1988
6.31442
6.18228
6.06691
5.81993
7.19987
7.18962
7.3088
7.17869
7.05965
6.81084
0.935501
0.900294
0.866686
0.75841
0.831686
0.928057
0.791965
0.697182
0.566147
0.46624
0.359793
0.340238
0.235635
0.115373
0
1.95675
1.89272
1.83129
1.74169
1.76878
1.85158
1.70114
1.62029
1.47249
1.38946
1.30148
1.24492
1.15879
1.01815
2.91774
2.84467
2.7752
2.692
2.70592
2.78911
2.63357
2.55209
2.39708
2.31707
2.23581
2.16307
2.08371
1.93121
3.84721
3.78483
3.72528
3.63593
3.66672
3.76089
3.60761
3.51433
3.35987
3.27013
3.18228
3.11489
3.0284
2.87279
4.77816
4.73745
4.69719
4.59587
4.65776
4.76505
4.61953
4.51208
4.36429
4.26013
4.15914
4.11023
4.0096
3.85785
5.72916
5.70787
5.68537
5.57355
5.66325
5.77944
5.64304
5.52609
5.38758
5.2724
5.15995
5.13161
5.01862
4.87546
6.70451
6.69291
6.68013
6.56242
6.66755
6.78721
6.65651
6.53616
6.40451
6.28453
6.16602
6.1516
6.03228
5.89776
7.69844
7.81819
7.68821
7.80788
7.67785
7.55823
7.79762
7.66766
7.78763
7.65789
7.5378
7.40815
7.2879
7.16792
7.15817
7.03775
6.90768
0.128861
1.17456
2.16717
3.11493
4.04968
4.99613
5.96212
6.94652
0.65718
0.608751
0.123508
1.67789
1.5645
1.0892
2.64482
2.50524
2.03554
3.58196
3.4547
2.97727
4.52063
4.42993
3.93903
5.47664
5.42436
4.92574
6.45228
6.42391
5.92409
7.44389
7.42295
6.9235
0.393967
0.379941
0.126007
1.42804
1.3776
1.13177
2.40722
2.33808
2.10081
3.34857
3.28083
3.04509
4.28464
4.23353
3.99354
5.23575
5.20528
4.96078
6.20665
6.19061
5.94335
7.19489
7.18419
6.9352
0.917524
0.883453
0.632802
0.849561
0.812634
0.581708
0.36707
0.35083
0.119966
1.92419
1.8619
1.62093
1.8004
1.73586
1.50484
1.3275
1.27412
1.04344
2.88054
2.8097
2.57421
2.74074
2.67033
2.43435
2.27033
2.20021
1.96751
3.81554
3.75482
3.51732
3.69598
3.63732
3.39192
3.21517
3.14895
2.90846
4.75777
4.71724
4.47479
4.67735
4.63847
4.38595
4.18374
4.13466
3.88499
5.71877
5.69666
5.45061
5.67417
5.65282
5.39927
5.17482
5.1455
4.89178
6.69894
6.68658
6.43836
6.67373
6.66176
6.41042
6.17402
6.15849
5.90593
7.69335
7.68304
7.43348
7.67271
7.66271
7.41287
7.17323
7.16286
6.91254
0
0.110045
0.354139
0.649701
0.911766
1.09326
1.19336
1.24402
1.28306
1
1.1054
1.32843
1.61854
1.89264
2.08832
2.1947
2.24539
2.28224
0.0377592
0.591772
1.04197
0.5
0.219521
0.834417
1.20356
0.501444
1.1363
1.47031
0.788953
1.41035
1.76245
1.01367
1.59985
2.00232
1.15196
1.69994
2.15122
1.22231
1.74664
2.22415
1.26316
1.78279
2.26354
0.519964
0.699939
0.983734
1.28142
1.51725
1.65941
1.72704
1.76395
0.019058
0.274436
0.500767
0.25
0.160869
0.456568
0.641883
0.346984
0.42697
0.741475
0.907954
0.592056
0.720983
1.03638
1.2104
0.893076
0.965488
1.26796
1.46678
1.16311
1.12504
1.40784
1.63231
1.34906
1.20906
1.47568
1.71479
1.44824
1.25366
1.51368
1.75531
1.49581
0.0685436
0.550822
0.844454
1.06898
0.775771
1.02465
0.75
0.284467
0.764592
1.08022
1.26323
0.949079
1.15059
0.576128
1.06031
1.37851
1.54431
1.22711
1.3979
0.852767
1.34835
1.65365
1.82976
1.52372
1.69167
1.05622
1.56159
1.84622
2.04833
1.76205
1.95034
1.17454
1.68172
1.9487
2.17508
1.90714
2.12249
1.23376
1.73743
1.99644
2.23545
1.97648
2.21081
1.2729
1.53293
1.773
2.03251
2.27269
2.01385
2.25458
0.254915
0.397813
0.665777
0.966344
1.21847
1.38104
1.46322
1.50476
0.305428
0.805133
0.756258
0.521814
1.01199
0.892816
0.817699
1.30294
1.1524
1.10222
1.59106
1.45251
1.31146
1.80718
1.7108
1.43002
1.93001
1.8794
1.48632
1.98709
1.96393
1.52298
2.02286
2.00519
0.0112896
0.135813
0.250664
0.125
0.134359
0.278425
0.37132
0.227526
0.390256
0.545887
0.628578
0.47248
0.685709
0.843806
0.930046
0.771368
0.939317
1.09261
1.1915
1.03799
1.10979
1.25368
1.36573
1.22185
1.20156
1.33647
1.45609
1.32122
1.24888
1.37926
1.50032
1.37002
0.051697
0.185935
0.288541
0.155086
0.53408
0.67684
0.789177
0.646533
0.497792
0.627203
0.751347
0.625
0.251293
0.402409
0.488473
0.337213
0.731531
0.88776
0.979786
0.823816
0.615758
0.766499
0.867579
0.717115
0.538855
0.696729
0.77961
0.621119
1.02201
1.1817
1.26497
1.10536
0.870813
1.02996
1.11591
0.956952
0.821437
0.977931
1.06988
0.912964
1.31545
1.47016
1.55793
1.40296
1.17366
1.33175
1.41578
1.2576
1.03565
1.18454
1.29045
1.1415
1.54018
1.68494
1.78538
1.6402
1.43928
1.58933
1.68294
1.53251
1.16376
1.30278
1.41946
1.28048
1.67112
1.80628
1.91914
1.78373
1.61678
1.75636
1.86352
1.72357
1.22822
1.36021
1.48118
1.34924
1.73242
1.86243
1.98198
1.852
1.70774
1.83966
1.9567
1.82467
1.26797
1.39792
1.51826
1.38843
1.76841
1.89795
2.01829
1.88894
1.75101
1.88032
2.00086
1.87166
0.0267402
0.263196
0.395992
0.508808
0.37669
0.375
0.189291
0.426287
0.577499
0.670003
0.518976
0.468397
0.464099
0.703472
0.862392
0.945654
0.78651
0.712742
0.755452
1.00183
1.15921
1.24636
1.08857
1.01476
0.990287
1.24395
1.39318
1.49277
1.34317
1.28722
1.13908
1.39505
1.53412
1.64649
1.50722
1.47504
1.21595
1.46972
1.60161
1.7212
1.58932
1.57447
1.2584
1.5092
1.63886
1.75961
1.63012
1.62136
0.0880059
0.324965
0.570085
0.427036
0.823608
0.973843
1.08605
0.935794
1.0543
0.907612
0.764833
1.03207
0.888869
1.01546
0.875
0.318805
0.556407
0.79895
0.642574
1.04553
1.20409
1.29522
1.13717
1.23263
1.07567
0.92004
1.17617
1.02083
1.12696
0.613142
0.855575
1.09846
0.938936
1.34084
1.49888
1.58149
1.42387
1.5072
1.34882
1.18952
1.43382
1.2751
1.36271
0.882912
1.13332
1.38001
1.2257
1.623
1.77373
1.86183
1.71097
1.79663
1.6436
1.48853
1.72744
1.57253
1.65533
1.07542
1.33098
1.58146
1.43711
1.82745
1.96781
2.06909
1.92833
2.02611
1.88277
1.73718
1.97709
1.83116
1.9222
1.18438
1.43958
1.6913
1.55632
1.93983
2.07203
2.18538
2.05294
2.16373
2.02963
1.89391
2.13752
2.00144
2.10613
1.239
1.49117
1.74214
1.61206
1.99188
2.12101
2.24054
2.11141
2.23
2.10052
1.9705
2.21777
2.08764
2.20315
1.27791
1.40798
1.52786
1.65787
1.77779
1.64801
1.90766
2.0276
2.15736
2.2774
2.14776
2.26806
2.1387
2.0095
2.25905
2.12992
2.25003
0.129687
0.251891
0.508864
0.807936
1.066
1.23842
1.3292
1.37468
0.169082
0.660395
0.623686
0.369103
0.855047
0.740743
0.658968
1.14349
0.99307
0.946022
1.43711
1.29497
1.16375
1.66334
1.56164
1.29215
1.79557
1.74067
1.35491
1.85741
1.83254
1.39311
1.89338
1.87603
0.143958
0.384763
0.373445
0.306919
0.547332
0.492612
0.58337
0.824279
0.74927
0.878858
1.12435
1.05198
1.11778
1.36893
1.31591
1.26768
1.5213
1.49182
1.34313
1.59574
1.58226
1.38383
1.63447
1.62577
0.205471
0.446491
0.41016
0.695777
0.953652
0.920459
0.635406
0.897124
0.881386
0.436932
0.677116
0.60931
0.921789
1.17004
1.10566
0.794249
1.04734
0.996292
0.734254
0.977017
0.900669
1.21978
1.46147
1.38626
1.06745
1.3117
1.23917
1.00861
1.25712
1.19303
1.50198
1.74298
1.67781
1.36779
1.60846
1.53596
1.2039
1.45681
1.4159
1.705
1.94882
1.90632
1.61552
1.85772
1.80315
1.31244
1.56585
1.54577
1.81595
2.06297
2.04186
1.77069
2.01619
1.98534
1.36522
1.61681
1.60702
1.86716
2.11633
2.10617
1.84611
2.09438
2.08023
1.40287
1.65284
1.64337
1.9027
2.15248
2.14317
1.88461
2.1343
2.12551
