FiniteElementSpace
FiniteElementCollection: H1_2D_P2
VDim: 2
Ordering: 0

0
-0.00667041
-0.0137818
-0.0199134
-0.0264468
-0.0367069
-0.0537433
-0.0770119
-0.101669
0
-0.00197513
-0.00683997
-0.0132054
-0.0185458
-0.0238099
-0.0341494
-0.0529928
-0.0765507
-0.00311587
-0.0040969
-0.000777417
0
-0.0103322
-0.0101955
-0.00404557
-0.0169439
-0.0164981
-0.0100284
-0.0229497
-0.022232
-0.0160649
-0.0308768
-0.0295937
-0.0209247
-0.0442905
-0.0431368
-0.0279893
-0.0648412
-0.0646338
-0.0425758
-0.0895021
-0.0892859
-0.0646305
-0.0015412
-0.00701149
-0.0134212
-0.0193815
-0.0254408
-0.0353348
-0.0530593
-0.0769985
-0.00153673
-0.00219105
-0.000526492
0
-0.00851598
-0.00854005
-0.00550987
-0.0052523
-0.0153968
-0.0151499
-0.0118175
-0.0118991
-0.0214012
-0.021203
-0.0179593
-0.0182218
-0.0285147
-0.0281133
-0.0237585
-0.0243571
-0.0402653
-0.0395934
-0.0322291
-0.0330145
-0.0591152
-0.0587125
-0.04785
-0.0481807
-0.0832625
-0.0831755
-0.070776
-0.0706571
-0.00484329
-0.00277286
-0.00305639
-0.00126264
-0.00111391
-0.000444931
0
-0.0120923
-0.00858305
-0.00854977
-0.00536903
-0.00556681
-0.0029066
-0.0184402
-0.0149853
-0.0148116
-0.0116416
-0.011729
-0.00841061
-0.0246121
-0.0207918
-0.0202462
-0.0173439
-0.0176306
-0.0146858
-0.0335906
-0.027358
-0.0265032
-0.0222561
-0.0230021
-0.0197168
-0.0487886
-0.0389625
-0.0384877
-0.0307916
-0.0314711
-0.0256887
-0.0708387
-0.0586884
-0.058792
-0.0475742
-0.0477235
-0.0380831
-0.0956555
-0.0954785
-0.0832066
-0.0829867
-0.0705846
-0.0708399
-0.058721
-0.000796958
-0.00687437
-0.0135458
-0.0197114
-0.0261276
-0.0360664
-0.0532263
-0.0768987
-0.00369157
-0.00201602
-0.000377893
-0.0102235
-0.00701402
-0.00424104
-0.0167067
-0.0132971
-0.0101347
-0.0227352
-0.0189492
-0.0162565
-0.0303853
-0.0246146
-0.0215739
-0.043629
-0.0347003
-0.0287607
-0.0645572
-0.0530739
-0.0428391
-0.0894007
-0.0769319
-0.0647571
-0.000701307
-0.00108405
-0.000285858
0
-0.00759467
-0.00764936
-0.00605651
-0.00591964
-0.0145988
-0.014452
-0.012727
-0.0128111
-0.0206534
-0.0205722
-0.0189682
-0.019077
-0.0274483
-0.0273297
-0.0252199
-0.0254179
-0.038429
-0.0381197
-0.0344846
-0.0348295
-0.0563799
-0.0560959
-0.0506448
-0.0508877
-0.0801344
-0.0800393
-0.0737671
-0.0737822
-0.0039601
-0.00423459
-0.00293433
-0.00262196
-0.00214268
-0.00238298
-0.00154814
-0.00131086
-0.000185045
-0.000442792
-0.000130285
0
-0.0112207
-0.01112
-0.00938116
-0.00939218
-0.00779013
-0.00779886
-0.00627703
-0.0062888
-0.0047918
-0.00487344
-0.00363045
-0.00357118
-0.0176974
-0.0175743
-0.0159339
-0.0160379
-0.0142089
-0.0141366
-0.0125182
-0.012573
-0.011007
-0.0109756
-0.00933857
-0.0093729
-0.0237637
-0.0236933
-0.0219611
-0.0220958
-0.0200857
-0.0198489
-0.0182951
-0.0184895
-0.0172344
-0.017096
-0.0155431
-0.015647
-0.0321868
-0.0319718
-0.0292094
-0.0294926
-0.0263651
-0.0259444
-0.0237796
-0.024184
-0.0229804
-0.0226338
-0.0209021
-0.0212121
-0.0464807
-0.0461399
-0.0415472
-0.0418828
-0.0370818
-0.0367847
-0.0330177
-0.033355
-0.0308572
-0.0304475
-0.0275803
-0.0280032
-0.0678115
-0.0676353
-0.0615963
-0.0617062
-0.0558276
-0.0558581
-0.0503461
-0.0503601
-0.0454284
-0.0453063
-0.0405941
-0.0407688
-0.0925977
-0.0925053
-0.0862994
-0.0863072
-0.0801089
-0.080082
-0.0738885
-0.0739223
-0.0676877
-0.0677611
-0.0617516
-0.0616986
-0.00231283
-0.00146655
-0.00183467
-0.000991188
-0.000644191
0
-0.00942999
-0.00770328
-0.00775547
-0.00625038
-0.00617015
-0.00465116
-0.0161785
-0.0143535
-0.014279
-0.012623
-0.0126713
-0.0110331
-0.0221653
-0.0204547
-0.0202911
-0.0186737
-0.018835
-0.0173587
-0.0296558
-0.0270894
-0.0267556
-0.0245756
-0.024929
-0.0232865
-0.0422187
-0.0377685
-0.0374132
-0.03372
-0.0341026
-0.0312664
-0.0619381
-0.0559191
-0.0558383
-0.0503971
-0.0504853
-0.0456036
-0.0863906
-0.0800387
-0.080079
-0.0738835
-0.0738175
-0.0676149
-0.00575053
-0.00446373
-0.00342449
-0.00320567
-0.00251831
-0.00253104
-0.00159074
-0.00164904
-0.000989957
-0.000940152
-0.000718925
-0.00060763
-0.000369901
-0.000209624
0
-0.0129466
-0.0110637
-0.00938601
-0.00938563
-0.00777317
-0.00771062
-0.00608925
-0.00621006
-0.00468639
-0.00482542
-0.00488708
-0.00345117
-0.00359188
-0.00241373
-0.0191782
-0.0174685
-0.0157482
-0.0158426
-0.0140622
-0.0139966
-0.012433
-0.0124661
-0.0108394
-0.0108832
-0.010933
-0.00921763
-0.00928363
-0.00761665
-0.0255047
-0.0235314
-0.0215049
-0.0217598
-0.0195975
-0.0193521
-0.0179523
-0.0181094
-0.0167165
-0.0168184
-0.0169518
-0.0153891
-0.0154504
-0.0139584
-0.035096
-0.0316515
-0.0284312
-0.0288421
-0.0255185
-0.0251031
-0.0229968
-0.0233814
-0.0215676
-0.021911
-0.0222704
-0.0203103
-0.0205963
-0.0191311
-0.0512103
-0.0458416
-0.0409816
-0.0412413
-0.0365231
-0.0362851
-0.032396
-0.0327051
-0.0293206
-0.0296834
-0.0300546
-0.0267779
-0.0271737
-0.0246998
-0.0739097
-0.0675823
-0.0616289
-0.0615829
-0.0558942
-0.0558963
-0.0502367
-0.050319
-0.0450151
-0.0451346
-0.0452182
-0.04026
-0.0404364
-0.0360418
-0.0986882
-0.0985572
-0.0924657
-0.0923849
-0.0862724
-0.0863078
-0.0861538
-0.0799659
-0.0797768
-0.0735572
-0.0737599
-0.0676106
-0.0677449
-0.0677911
-0.0616618
-0.0617488
-0.0558257
-0.000381815
-0.00678105
-0.0136384
-0.0198235
-0.0263467
-0.0364181
-0.0534375
-0.0769038
-0.00341778
-0.0018306
-0.000150686
-0.0102595
-0.00703365
-0.00420767
-0.0168116
-0.0133603
-0.0101727
-0.0228822
-0.0191714
-0.016379
-0.030689
-0.0250327
-0.0219116
-0.0439496
-0.0350023
-0.0291723
-0.0646369
-0.0530595
-0.0429703
-0.0894207
-0.0770067
-0.0647098
-0.00184481
-0.00119792
-0.000221341
-0.00852109
-0.00695561
-0.00540156
-0.0152517
-0.0134798
-0.0118547
-0.0213278
-0.0195636
-0.0181007
-0.0283759
-0.0258148
-0.0240892
-0.0399408
-0.035696
-0.0326293
-0.0588556
-0.0531076
-0.0479823
-0.083178
-0.076947
-0.0707021
-0.00506982
-0.00391946
-0.00250921
-0.00296321
-0.00206758
-0.0012731
-0.000838416
-0.000643128
-0.00012587
-0.0119712
-0.0102088
-0.00856654
-0.00857994
-0.00694847
-0.00550075
-0.0055677
-0.00418792
-0.00303892
-0.0183285
-0.0166062
-0.0150665
-0.0148991
-0.0132399
-0.0116793
-0.0117767
-0.010083
-0.00849104
-0.0245362
-0.0225125
-0.0210212
-0.0205269
-0.0187342
-0.0174724
-0.0177986
-0.0161453
-0.0147343
-0.0333502
-0.0300077
-0.0277618
-0.0269312
-0.0242041
-0.0226205
-0.0233881
-0.0212396
-0.0199701
-0.048454
-0.0433565
-0.0392615
-0.0387072
-0.0344228
-0.0311257
-0.0318395
-0.0283677
-0.0260881
-0.0706883
-0.0645702
-0.0586679
-0.0587428
-0.0530653
-0.0476709
-0.0477727
-0.0427196
-0.0382893
-0.0955568
-0.0893751
-0.0832022
-0.0831356
-0.076763
-0.0707551
-0.070836
-0.0647369
-0.0587961
0
-0.00337198
-0.00771804
-0.0118499
-0.0143929
-0.0181796
-0.0278069
-0.0457266
-0.0698687
0
-0.000310865
-0.0059492
-0.0108276
-0.0150935
-0.0239767
-0.0420185
-0.0672567
-0.0934115
-0.00221917
-0.00129664
0.00132615
0
-0.00534286
-0.00667255
-0.00299787
-0.00999628
-0.0112407
-0.00862323
-0.0132305
-0.0142854
-0.0127858
-0.0158357
-0.0202556
-0.0185638
-0.0220216
-0.0341382
-0.0318026
-0.0357392
-0.0560721
-0.0541109
-0.0573587
-0.0814058
-0.0805522
0.000222677
-0.00382685
-0.00924096
-0.0127659
-0.0165246
-0.0260563
-0.044311
-0.0687187
-0.00180614
-0.000834629
0.000417004
0
-0.00427325
-0.0045193
-0.00247762
-0.00219979
-0.00889542
-0.00961598
-0.0080181
-0.00718075
-0.0125902
-0.0129009
-0.0120413
-0.0115128
-0.0150416
-0.0159319
-0.015265
-0.0141603
-0.0198807
-0.0237998
-0.0228743
-0.0189433
-0.031503
-0.0399771
-0.0389888
-0.0308202
-0.0513745
-0.0631058
-0.0623348
-0.0509321
-0.00269173
-0.000373195
-0.000658117
0.000702998
0.000943342
0.00133645
0
-0.00651359
-0.0052528
-0.0062544
-0.00448096
-0.00330961
-0.00157793
-0.0109865
-0.0103154
-0.0110282
-0.00977994
-0.00891216
-0.00734242
-0.0138123
-0.013485
-0.014637
-0.0138477
-0.0127576
-0.0118077
-0.0168555
-0.0181604
-0.0219622
-0.0209879
-0.0174438
-0.0166304
-0.0246522
-0.0298152
-0.0378309
-0.0366339
-0.0287236
-0.0275769
-0.0404943
-0.0500332
-0.0614262
-0.060609
-0.0489465
-0.0478772
-0.0635793
-0.0756487
-0.0751132
-0.0873338
-0.0870203
-0.0744763
-0.0739401
-0.000406101
-0.00327474
-0.00845345
-0.0122544
-0.0149361
-0.021113
-0.0351462
-0.0569102
-0.00137588
0.000330216
0.00094213
-0.00584742
-0.00478744
-0.00190298
-0.0106384
-0.010038
-0.00764426
-0.013511
-0.0136332
-0.0119155
-0.0172396
-0.0194472
-0.0158725
-0.0270331
-0.0329959
-0.025045
-0.0452613
-0.0550632
-0.0431729
-0.0694151
-0.080945
-0.0679334
-0.00125188
-0.00104798
-0.000199843
0
-0.00379725
-0.00374903
-0.00271122
-0.00274853
-0.00831437
-0.00867924
-0.00782783
-0.00745142
-0.0122356
-0.0124068
-0.0118979
-0.0116752
-0.0147047
-0.0149241
-0.0145266
-0.0142238
-0.018979
-0.0204196
-0.0199669
-0.0184801
-0.0295865
-0.033306
-0.0329181
-0.0292766
-0.048504
-0.0541759
-0.0538883
-0.0483555
-0.00243333
-0.00198866
-0.00107196
-0.00149132
-3.14506e-05
1.8349e-05
0.000692101
0.000622951
0.000299596
0.000703458
0.000613892
0
-0.00592022
-0.00617647
-0.00517793
-0.00491786
-0.00453561
-0.00500165
-0.00404503
-0.00354423
-0.00186064
-0.00216086
-0.00125432
-0.000942825
-0.0105078
-0.010813
-0.0101453
-0.00981042
-0.00979683
-0.0101718
-0.0094929
-0.00907032
-0.00735771
-0.00782204
-0.00696222
-0.00645012
-0.0135264
-0.0136219
-0.0132059
-0.0130387
-0.0131207
-0.013544
-0.0131855
-0.0127512
-0.0116535
-0.0119712
-0.0114815
-0.0111292
-0.0163128
-0.0169673
-0.0165416
-0.0158094
-0.0172902
-0.0187661
-0.018386
-0.0169521
-0.0147465
-0.0155424
-0.0152191
-0.0144407
-0.023273
-0.0257887
-0.0253479
-0.0228429
-0.0278645
-0.0313531
-0.0307868
-0.0273397
-0.021497
-0.0239127
-0.0234301
-0.0210661
-0.0380539
-0.0428923
-0.0425667
-0.0378573
-0.0471274
-0.0525003
-0.051968
-0.0465775
-0.0365012
-0.0410278
-0.040443
-0.0359311
-0.06045
-0.0665364
-0.0662544
-0.0602696
-0.0719215
-0.0780007
-0.0777249
-0.0715651
-0.0591816
-0.0650967
-0.0646682
-0.0587061
-0.00201471
-0.000621211
-0.000261413
0.000373752
5.78595e-05
0
-0.00479111
-0.00388146
-0.00415326
-0.00313717
-0.00284972
-0.00171614
-0.00945896
-0.00905043
-0.00942403
-0.00864652
-0.00823028
-0.00691802
-0.0129217
-0.0125859
-0.0128131
-0.0124087
-0.012134
-0.011368
-0.015416
-0.0154009
-0.0161785
-0.0158538
-0.0150572
-0.014187
-0.0208928
-0.0223901
-0.024874
-0.0243941
-0.0219368
-0.0195425
-0.0335541
-0.0375018
-0.0421185
-0.0415956
-0.0370335
-0.0324371
-0.0543319
-0.0599872
-0.0659094
-0.0655183
-0.0596164
-0.0534911
-0.00300114
-0.00175332
-0.000798044
-0.000838942
-0.000125491
-0.00044642
0.000236493
0.000559546
0.00107713
0.00118236
0.0010338
0.00143259
0.00115995
0.000933909
0
-0.00711622
-0.0065176
-0.00596783
-0.00553655
-0.00552681
-0.0060875
-0.00522228
-0.00461334
-0.00373717
-0.00312655
-0.00259179
-0.00227421
-0.0017076
-0.000918105
-0.0114354
-0.0110933
-0.0107952
-0.0104714
-0.0105484
-0.0109309
-0.0103175
-0.00990984
-0.00921884
-0.00876477
-0.00829517
-0.00800013
-0.00748521
-0.00665969
-0.0140994
-0.0138254
-0.0138689
-0.0134701
-0.0141127
-0.0148594
-0.0144414
-0.0137392
-0.0133013
-0.0127736
-0.0123376
-0.0122936
-0.0118649
-0.0113244
-0.0174751
-0.0180378
-0.0191465
-0.0176455
-0.0206366
-0.0229336
-0.0224055
-0.0201905
-0.0197074
-0.0179849
-0.0166098
-0.0175402
-0.0162396
-0.0158185
-0.0261622
-0.0288585
-0.0319086
-0.0283752
-0.0353461
-0.0398524
-0.0392584
-0.0347508
-0.0341419
-0.0302083
-0.0268092
-0.0296088
-0.0262658
-0.0256957
-0.0430544
-0.0480532
-0.0530188
-0.0476296
-0.0582202
-0.0642663
-0.0639203
-0.0577547
-0.0573326
-0.0514465
-0.0460112
-0.0509519
-0.0454463
-0.0448918
-0.0667401
-0.0727938
-0.0725591
-0.0785161
-0.0782751
-0.0722627
-0.0843447
-0.084139
-0.0903632
-0.0902106
-0.0839561
-0.0838044
-0.0774715
-0.0712068
-0.0772604
-0.0708747
-0.0706
-0.000602258
-0.00322317
-0.0080746
-0.0120559
-0.0145565
-0.0193932
-0.0312247
-0.0512263
-0.0017111
0.000371058
0.000470664
-0.00554063
-0.00426909
-0.00152544
-0.010329
-0.00963941
-0.0071488
-0.0133326
-0.0131403
-0.0115614
-0.0163494
-0.0178032
-0.0149594
-0.0242493
-0.0292743
-0.0224187
-0.0403175
-0.049498
-0.0384188
-0.0633901
-0.0747929
-0.0618847
-0.0012794
-7.02125e-05
8.41768e-05
-0.00431738
-0.00348619
-0.00225654
-0.00925929
-0.00884371
-0.0075859
-0.0127324
-0.0124804
-0.0117646
-0.0153385
-0.0155806
-0.0145969
-0.0215685
-0.0233364
-0.0206748
-0.0355186
-0.0395189
-0.0346715
-0.057195
-0.0627485
-0.0565267
-0.00233583
-0.00124163
-0.000512264
-0.000424624
9.59017e-05
0.00092958
0.000736696
0.00127127
0.000748127
-0.00681605
-0.00623179
-0.0048402
-0.00573145
-0.00535677
-0.00386695
-0.00283773
-0.00240297
-0.0010509
-0.0112615
-0.0109373
-0.00996628
-0.0106669
-0.0104346
-0.0093546
-0.00846326
-0.00814188
-0.00679951
-0.0139159
-0.0138153
-0.0131392
-0.013973
-0.0142735
-0.0132436
-0.0123644
-0.0123181
-0.0114059
-0.0176751
-0.0185361
-0.0168635
-0.0198513
-0.0214901
-0.0190241
-0.0162026
-0.0170599
-0.0155101
-0.0274649
-0.0303379
-0.0265545
-0.0335744
-0.0372345
-0.0324055
-0.025553
-0.0281596
-0.024523
-0.0455746
-0.0505219
-0.0448255
-0.055574
-0.0609916
-0.0545683
-0.0437512
-0.0484012
-0.0425922
-0.069687
-0.075412
-0.069086
-0.0811802
-0.0871559
-0.0807309
-0.068328
-0.0741807
-0.067565
