FiniteElementSpace
FiniteElementCollection: L2_2D_P3
VDim: 1
Ordering: 0

0.00523706
0.00260018
0.00360795
0.00510572
0.00156764
0.00118519
0.0021948
0.00335677
0.000270988
0.000398324
0.000969881
0.0015884
0.00019414
0.000246172
0.000476206
0.000673425
0.00116856
0.00107122
0.000947026
0.000854414
0.0007524
0.000686625
0.000603262
0.00054149
0.0003732
0.000336316
0.000291031
0.000258511
0.000208891
0.000184837
0.000157196
0.000138727
0.000337211
0.000322537
0.000302803
0.000287283
0.00019603
0.00018634
0.000173351
0.000163161
7.1891e-05
6.67251e-05
6.0059e-05
5.49986e-05
2.47631e-05
2.14038e-05
1.75117e-05
1.48606e-05
0.000254692
0.000260735
0.000267704
0.000272321
0.000142249
0.000146263
0.000150818
0.000153767
4.43497e-05
4.63311e-05
4.8551e-05
4.99558e-05
6.88494e-06
7.63221e-06
8.48878e-06
9.03259e-06
0.000382792
0.000393087
0.000405072
0.000413097
0.000226578
0.000233674
0.000241813
0.000247147
8.63872e-05
9.02323e-05
9.45672e-05
9.73263e-05
2.49803e-05
2.68948e-05
2.90183e-05
3.03177e-05
0.000441893
0.000435273
0.000425039
0.000416021
0.000271506
0.000268001
0.000262191
0.000256835
0.000116599
0.00011594
0.000114349
0.000112612
4.49778e-05
4.5617e-05
4.61003e-05
4.62469e-05
0.00021726
0.000197406
0.000172652
0.000154642
0.000137296
0.000124919
0.000109726
9.88937e-05
6.91992e-05
6.39193e-05
5.79091e-05
5.40562e-05
4.22295e-05
4.05578e-05
3.93073e-05
3.91442e-05
1.20661e-05
8.13864e-06
4.41601e-06
2.61096e-06
1.16157e-05
8.76645e-06
6.24023e-06
5.16978e-06
1.6668e-05
1.43558e-05
1.24253e-05
1.17086e-05
2.47839e-05
2.2222e-05
2.00039e-05
1.90874e-05
0.00247113
0.00227166
0.00201421
0.00182026
0.0016229
0.00148659
0.00131012
0.00117706
0.000853807
0.000774834
0.000673534
0.000597989
0.000507706
0.000456881
0.000392653
0.00034579
0.000852128
0.000798654
0.000744099
0.000712977
0.00127744
0.00119982
0.00111652
0.00106528
0.00201669
0.00189466
0.00175637
0.00166527
0.00270501
0.00254003
0.00234803
0.0022177
0.000105483
0.000112504
0.000330204
0.000592144
0.000200633
0.000258996
0.000642952
0.00107338
0.000507067
0.000612052
0.00127175
0.00198623
0.000983972
0.0010642
0.00194556
0.00290847
0.000582083
0.000541365
0.000488719
0.000448894
0.000359084
0.000331538
0.000296185
0.000269632
0.000158758
0.000143437
0.000124471
0.000110717
7.69876e-05
6.70695e-05
5.57266e-05
4.81769e-05
0.000388524
0.000372226
0.000354931
0.000344447
0.000599035
0.000575606
0.000549504
0.000532637
0.000948707
0.000912535
0.000870527
0.000842015
0.00126992
0.00122159
0.00116436
0.00112467
0.000553549
0.000522588
0.000490008
0.000470523
0.000840428
0.00079725
0.000749602
0.000719215
0.00132804
0.00126321
0.00118861
0.00113859
0.00177963
0.00169465
0.00159494
0.00152658
0.000253456
0.000251893
0.000248941
0.000245986
0.000141351
0.000140396
0.000138493
0.000136533
4.3995e-05
4.3493e-05
4.25458e-05
4.15892e-05
8.10077e-06
7.54561e-06
6.841e-06
6.29417e-06
0.000249744
0.000244501
0.000238872
0.00023544
0.000391667
0.000384354
0.000376275
0.000371157
0.000620599
0.000610092
0.000598149
0.000590302
0.000827613
0.000814324
0.000798986
0.000788715
0.000299522
0.000290535
0.000280858
0.000274884
0.000465638
0.000452654
0.000438072
0.000428571
0.000735727
0.00071592
0.000692843
0.000677141
0.000980916
0.000954742
0.000923699
0.000902155
0.000307028
0.000317405
0.000329905
0.00033864
0.000176401
0.000183337
0.000191594
0.000197276
6.10498e-05
6.45596e-05
6.86851e-05
7.14644e-05
1.3653e-05
1.51938e-05
1.6996e-05
1.81813e-05
0.000197632
0.000193968
0.000190177
0.000188012
0.000323057
0.000318737
0.000314393
0.000312038
0.000529778
0.000524993
0.000520398
0.000518128
0.000719878
0.000715054
0.00071066
0.000708739
0.000220118
0.000216352
0.000212403
0.000210101
0.000350425
0.000345662
0.000340674
0.000337774
0.00056188
0.000555952
0.000549749
0.000546156
0.000754111
0.000747417
0.000740438
0.00073642
0.000442557
0.000446774
0.000450442
0.000451832
0.000267814
0.0002712
0.000274192
0.000275376
0.000109256
0.000111649
0.000113885
0.000114905
3.69239e-05
3.8551e-05
4.01685e-05
4.10073e-05
0.000150074
0.000146023
0.00014194
0.000139718
0.000264722
0.000258766
0.000252577
0.000249025
0.000461118
0.000452468
0.000443214
0.000437655
0.000646603
0.000635767
0.000623969
0.000616697
0.00017472
0.000170695
0.000166536
0.000164161
0.00029663
0.000291604
0.000286491
0.000283656
0.000501527
0.000495466
0.000489418
0.000486188
0.000692544
0.000685923
0.000679432
0.000676084
0.000358502
0.000341639
0.000319216
0.000301801
0.000222922
0.000212725
0.000199119
0.000188549
0.000101306
9.74393e-05
9.23521e-05
8.85108e-05
4.64829e-05
4.5824e-05
4.51742e-05
4.49303e-05
0.000112067
0.000109481
0.000107582
0.000107312
0.000188403
0.000182004
0.000175427
0.000171783
0.000322823
0.000309917
0.00029526
0.00028572
0.000452252
0.000433225
0.000410909
0.000395737
0.000127603
0.000124186
0.000121052
0.000119687
0.000227334
0.000220893
0.000214171
0.000210316
0.000400929
0.000389631
0.000377016
0.000368972
0.000566684
0.000551014
0.000533013
0.000521076
8.29156e-05
6.9377e-05
5.3688e-05
4.31974e-05
5.52086e-05
4.6566e-05
3.69205e-05
3.07931e-05
3.66376e-05
3.24273e-05
2.83144e-05
2.62291e-05
3.48673e-05
3.26905e-05
3.11658e-05
3.10111e-05
8.97992e-05
8.56132e-05
8.17198e-05
7.9927e-05
0.000112232
0.000105341
9.81134e-05
9.39118e-05
0.000151675
0.00013994
0.000126747
0.000118245
0.000189692
0.00017323
0.000154224
0.000141539
0.000102682
0.000100068
9.82508e-05
9.81328e-05
0.000150828
0.000144464
0.00013799
0.000134473
0.000236065
0.000223087
0.000208366
0.000198807
0.000318518
0.00029917
0.000276483
0.000261074
1.52267e-06
1.46834e-06
1.66555e-06
1.98619e-06
2.95356e-06
2.31762e-06
1.82318e-06
1.64045e-06
6.24572e-06
4.65745e-06
3.14203e-06
2.32223e-06
9.87676e-06
7.31778e-06
4.84716e-06
3.5257e-06
1.92491e-05
1.40426e-05
8.70507e-06
5.61466e-06
1.9787e-05
1.4417e-05
8.87622e-06
5.65145e-06
2.0399e-05
1.48269e-05
9.03935e-06
5.6563e-06
2.0764e-05
1.50539e-05
9.10804e-06
5.631e-06
6.10959e-05
5.4848e-05
4.80905e-05
4.38822e-05
6.71911e-05
5.97727e-05
5.16204e-05
4.6448e-05
7.73997e-05
6.78996e-05
5.72831e-05
5.0422e-05
8.68902e-05
7.5365e-05
6.23692e-05
5.38933e-05
0.0036149
0.00328798
0.00286683
0.00254394
0.00242172
0.00219116
0.00189323
0.0016692
0.0012707
0.00115067
0.000999661
0.000890069
0.000703918
0.000645098
0.000580813
0.00054133
0.000541689
0.000502118
0.000459375
0.000429101
0.00030196
0.000296482
0.000288036
0.000280972
0.000338907
0.000353126
0.000372468
0.000386244
0.000573516
0.000608682
0.000651638
0.000679054
0.000141877
0.000108658
0.000250415
0.000417494
5.3882e-05
1.73268e-05
9.20327e-05
0.000194765
5.12157e-05
8.33284e-06
8.62351e-05
0.000202374
7.7388e-05
5.92049e-05
0.000220178
0.000415554
0.00081365
0.000750477
0.000669456
0.000608689
0.000514782
0.000471827
0.000417139
0.000376418
0.000243613
0.000219446
0.000189704
0.000168291
0.000128954
0.000113218
9.51888e-05
8.31813e-05
9.7322e-05
8.44511e-05
7.04983e-05
6.18237e-05
8.62448e-05
7.67325e-05
6.77076e-05
6.31442e-05
0.000186267
0.000174624
0.00016371
0.000158309
0.000347142
0.000329298
0.000311126
0.000300764
0.000160002
0.000140312
0.000118807
0.000105305
0.00012735
0.000113054
9.92839e-05
9.21209e-05
0.000233591
0.000216837
0.000201064
0.000193195
0.000422556
0.000397451
0.000371944
0.000357463
0.000281453
0.000274349
0.00026426
0.000255924
0.000159513
0.000154903
0.000148324
0.000142865
5.31346e-05
5.07279e-05
4.74209e-05
4.47519e-05
1.36612e-05
1.20005e-05
1.00275e-05
8.63334e-06
7.54237e-06
6.02782e-06
4.40228e-06
3.38825e-06
2.39831e-05
2.22463e-05
2.06478e-05
1.98844e-05
0.000101342
9.80757e-05
9.48832e-05
9.3191e-05
0.000202816
0.000197424
0.000191768
0.000188413
1.62853e-05
1.34551e-05
1.04288e-05
8.56388e-06
3.10772e-05
2.84796e-05
2.61082e-05
2.4992e-05
0.000113687
0.000109387
0.000105262
0.000103136
0.000224715
0.000217603
0.000210186
0.000205809
0.000276027
0.000284667
0.000294999
0.000302158
0.000156137
0.000161876
0.000168654
0.000173273
5.11045e-05
5.39614e-05
5.72953e-05
5.95232e-05
9.50256e-06
1.06896e-05
1.20822e-05
1.30011e-05
9.78566e-07
1.39807e-06
1.92229e-06
2.28186e-06
1.00805e-05
9.20428e-06
8.31633e-06
7.8114e-06
7.03074e-05
6.80441e-05
6.5681e-05
6.43045e-05
0.000152458
0.000149307
0.000146021
0.000144118
2.96322e-07
4.53396e-07
6.69529e-07
8.24607e-07
1.27892e-05
1.18714e-05
1.09558e-05
1.04532e-05
7.70958e-05
7.48642e-05
7.256e-05
7.12429e-05
0.000162303
0.000159083
0.00015572
0.000153768
0.000417588
0.000425614
0.000434406
0.000439819
0.00025018
0.000255926
0.000262117
0.000265828
9.89751e-05
0.000102335
0.000105911
0.000108002
3.11676e-05
3.30328e-05
3.50073e-05
3.61363e-05
1.08467e-05
1.19445e-05
1.31265e-05
1.38115e-05
1.06109e-06
7.68619e-07
5.39173e-07
4.53512e-07
4.17796e-05
3.97339e-05
3.76978e-05
3.65978e-05
0.000111977
0.000108607
0.000105163
0.000103229
7.61936e-06
8.61137e-06
9.7173e-06
1.03836e-05
2.67564e-06
2.11614e-06
1.56533e-06
1.24827e-06
4.87286e-05
4.64398e-05
4.4072e-05
4.27029e-05
0.000122473
0.00011904
0.000115474
0.000113414
0.000410224
0.00039796
0.000380842
0.000366946
0.000253586
0.000246422
0.000236221
0.00022782
0.000111756
0.000109384
0.000105843
0.000102857
4.65803e-05
4.6571e-05
4.64434e-05
4.63311e-05
2.52991e-05
2.60586e-05
2.7121e-05
2.80608e-05
8.59111e-06
9.79578e-06
1.17852e-05
1.36907e-05
3.16793e-05
3.19418e-05
3.31573e-05
3.48091e-05
8.1774e-05
8.02288e-05
7.94153e-05
7.97609e-05
2.16511e-05
2.26223e-05
2.3757e-05
2.45685e-05
3.98375e-06
4.85904e-06
6.27033e-06
7.59375e-06
3.03119e-05
2.99407e-05
3.0228e-05
3.10678e-05
8.61702e-05
8.40406e-05
8.23796e-05
8.19884e-05
0.000144755
0.000127089
0.000105765
9.0795e-05
9.30127e-05
8.18856e-05
6.87884e-05
5.98905e-05
5.1873e-05
4.68694e-05
4.15623e-05
3.84806e-05
3.88125e-05
3.68396e-05
3.54589e-05
3.5365e-05
3.63825e-05
3.55009e-05
3.55198e-05
3.64771e-05
3.69019e-05
3.70223e-05
3.83608e-05
4.03336e-05
5.48714e-05
5.45538e-05
5.54549e-05
5.71892e-05
8.12055e-05
7.92991e-05
7.83081e-05
7.87279e-05
3.47174e-05
3.43607e-05
3.48483e-05
3.60313e-05
3.03263e-05
3.11911e-05
3.33555e-05
3.58796e-05
4.90887e-05
4.95929e-05
5.14946e-05
5.39688e-05
8.11971e-05
8.00262e-05
7.99631e-05
8.10968e-05
2.16385e-06
1.23708e-06
8.23033e-07
1.08115e-06
4.82301e-06
3.70872e-06
2.97376e-06
2.89911e-06
1.10134e-05
9.20965e-06
7.6304e-06
6.92371e-06
1.7906e-05
1.51763e-05
1.25593e-05
1.118e-05
2.12741e-05
1.80609e-05
1.48101e-05
1.29377e-05
2.55407e-05
2.16786e-05
1.765e-05
1.52264e-05
3.21903e-05
2.72222e-05
2.19007e-05
1.85961e-05
3.81767e-05
3.21703e-05
2.56434e-05
2.15273e-05
2.92435e-05
2.64618e-05
2.39259e-05
2.27361e-05
3.53295e-05
3.21237e-05
2.90426e-05
2.74346e-05
4.61241e-05
4.18009e-05
3.73586e-05
3.47768e-05
5.65731e-05
5.09865e-05
4.50247e-05
4.13751e-05
0.00171909
0.00156724
0.00137408
0.00123056
0.00111544
0.00101455
0.00088686
0.00079243
0.000568226
0.000512721
0.000444429
0.000395301
0.000328481
0.000292771
0.000251343
0.000223412
0.000252914
0.000224215
0.000192312
0.000171865
0.000187428
0.000166837
0.000146758
0.000136108
0.000300619
0.00027692
0.00025473
0.000243783
0.000529019
0.00049344
0.000457507
0.000437314
0.000398767
0.000353565
0.000301301
0.000266381
0.000274172
0.000244143
0.00021448
0.000198541
0.000384934
0.000354475
0.000327696
0.000316064
0.000667087
0.000620887
0.000576085
0.000552236
0.000685624
0.000642942
0.000598087
0.000571356
0.00102829
0.000969826
0.000905526
0.000864735
0.00161404
0.00152832
0.00143007
0.00136453
0.00215464
0.00204454
0.00191576
0.00182788
0.00246801
0.00234326
0.00219654
0.00209578
0.00309996
0.0029459
0.00276251
0.00263485
0.00402343
0.00382803
0.00359283
0.00342709
0.00479756
0.00456874
0.00429175
0.0040954
0.00307108
0.00289449
0.00268449
0.00253838
0.0037608
0.00357199
0.00334572
0.00318693
0.00472472
0.00453217
0.00430088
0.004138
0.00548943
0.00530804
0.0050898
0.00493595
0.000729877
0.000767712
0.000827149
0.000874006
0.00117169
0.00121015
0.00127846
0.00134081
0.00206393
0.00206223
0.00209701
0.00213858
0.0030297
0.00294241
0.00289588
0.00287342
0.00354459
0.00342335
0.00330144
0.00323012
0.00464926
0.00438206
0.00407362
0.00386264
0.00605797
0.00562578
0.00510926
0.00474604
0.00710833
0.00653219
0.00589373
0.00545818
0.00127847
0.00150989
0.00251276
0.00360674
0.00190351
0.00211799
0.00371939
0.00560434
0.00522654
0.00403651
0.00582621
0.00812174
0.0115877
0.00672741
0.00785817
0.00978053
0.000431828
0.000406462
0.000373202
0.00034768
0.00025865
0.000241671
0.000219551
0.000202674
0.000104813
9.55524e-05
8.39325e-05
7.53739e-05
4.4385e-05
3.84126e-05
3.15667e-05
2.69843e-05
3.15013e-05
2.65938e-05
2.13402e-05
1.81135e-05
4.20868e-05
3.80796e-05
3.4399e-05
3.26466e-05
0.000130369
0.0001245
0.000118951
0.00011616
0.000253946
0.000244404
0.000234542
0.000228788
5.67808e-05
4.86836e-05
3.99667e-05
3.459e-05
5.93402e-05
5.31408e-05
4.73613e-05
4.45331e-05
0.000153478
0.000145289
0.000137612
0.000133811
0.00029329
0.000280349
0.000267094
0.000259463
0.000337519
0.000325462
0.000312562
0.000304657
0.000522703
0.000505269
0.000485736
0.000473031
0.000826633
0.000799759
0.000768439
0.000747102
0.00110401
0.00106819
0.00102566
0.000996088
0.00126518
0.00122418
0.00117512
0.00114074
0.00158686
0.00153561
0.00147352
0.00142941
0.0020477
0.00198132
0.00190002
0.00184162
0.00242778
0.00234868
0.00225126
0.00218088
0.00145652
0.00140112
0.00133501
0.00128879
0.00182955
0.00175999
0.00167591
0.0016163
0.00236773
0.00227699
0.00216604
0.00208646
0.00281423
0.00270546
0.00257164
0.00247508
0.000457813
0.000435507
0.000411977
0.000397843
0.000701499
0.000669838
0.000634765
0.000612269
0.00111145
0.001063
0.00100699
0.00096921
0.00149025
0.00142584
0.0013499
0.00129753
0.00171025
0.00163654
0.00154898
0.00148808
0.0021516
0.00205902
0.00194758
0.00186896
0.00279371
0.00267267
0.00252524
0.00241993
0.00333037
0.00318489
0.00300654
0.00287831
0.00204149
0.00194486
0.00183063
0.00175166
0.00256906
0.00244857
0.00230435
0.00220326
0.00334199
0.0031858
0.00299658
0.00286225
0.00399203
0.0038053
0.00357753
0.0034147
0.000246069
0.000248752
0.00025133
0.000252588
0.000136619
0.000138437
0.000140129
0.000140896
4.163e-05
4.25211e-05
4.33399e-05
4.36938e-05
6.20861e-06
6.40355e-06
6.58677e-06
6.65352e-06
7.62511e-07
5.75055e-07
3.92581e-07
2.81934e-07
1.57096e-05
1.46932e-05
1.37047e-05
1.31864e-05
8.40647e-05
8.17363e-05
7.93697e-05
7.80471e-05
0.000173167
0.000169617
0.000165899
0.000163723
2.87637e-06
2.17747e-06
1.42799e-06
9.5397e-07
1.92161e-05
1.79619e-05
1.67796e-05
1.61912e-05
9.18508e-05
8.92081e-05
8.65726e-05
8.51367e-05
0.000186197
0.000181957
0.000177504
0.000174872
0.000233341
0.000229064
0.000224521
0.000221809
0.00036827
0.000362555
0.000356387
0.000352619
0.00058624
0.000578519
0.000570031
0.000564713
0.000783664
0.00077434
0.000763979
0.000757395
0.00089888
0.000888708
0.000877358
0.000870108
0.00113086
0.00111929
0.00110635
0.00109804
0.00146296
0.00144993
0.00143535
0.00142602
0.0017376
0.0017238
0.00170845
0.0016987
0.000948202
0.000933364
0.000916127
0.000904496
0.00119002
0.00117236
0.00115164
0.0011375
0.00153478
0.00151343
0.0014882
0.00147083
0.00181853
0.00179449
0.00176598
0.00174627
0.000271108
0.000264336
0.000257029
0.000252524
0.000423143
0.000413458
0.000402622
0.000395614
0.000668899
0.000654438
0.000637707
0.000626439
0.000891287
0.000872482
0.000850354
0.000835156
0.00102066
0.000999382
0.000974166
0.000956711
0.00127934
0.00125335
0.0012222
0.00120037
0.0016476
0.00161503
0.00157561
0.00154769
0.00195005
0.00191224
0.00186626
0.00183352
0.00112344
0.00109359
0.00105794
0.00103301
0.00140794
0.00137095
0.00132623
0.00129455
0.00181363
0.00176632
0.00170852
0.00166712
0.00214705
0.00209123
0.00202266
0.00197329
0.000344121
0.000355139
0.000368298
0.000377398
0.000200828
0.000208277
0.000217061
0.000223031
7.32267e-05
7.70968e-05
8.15923e-05
8.45725e-05
1.89611e-05
2.07558e-05
2.28141e-05
2.41327e-05
4.80018e-06
5.63513e-06
6.60426e-06
7.21797e-06
4.90791e-06
4.17363e-06
3.42577e-06
2.98254e-06
5.60682e-05
5.36994e-05
5.12151e-05
4.97489e-05
0.000132835
0.000129474
0.000125965
0.000123923
2.53743e-06
3.17916e-06
3.95277e-06
4.46535e-06
7.44018e-06
6.61017e-06
5.76261e-06
5.26747e-06
6.3328e-05
6.09915e-05
5.85375e-05
5.70906e-05
0.000142796
0.000139562
0.000136187
0.000134226
0.00018646
0.000182617
0.000178642
0.000176368
0.000310287
0.000305698
0.000301076
0.000298561
0.000516345
0.000511159
0.000506147
0.000503634
0.000707124
0.000701793
0.000696861
0.000694619
0.000819867
0.000814584
0.000809871
0.000807919
0.00105185
0.00104702
0.00104323
0.00104223
0.00139394
0.00139047
0.00138886
0.00138985
0.00168534
0.00168357
0.00168449
0.00168767
0.000831795
0.000827077
0.000822967
0.000821376
0.00106077
0.00105663
0.00105358
0.00105304
0.00139577
0.00139319
0.00139255
0.00139414
0.00167898
0.00167827
0.00168036
0.00168427
0.000208596
0.000204996
0.000201258
0.000199113
0.000335959
0.000331621
0.0003272
0.000324746
0.000544073
0.000539081
0.000534134
0.000531531
0.000734259
0.000729022
0.000723988
0.000721502
0.000845844
0.000840582
0.000835647
0.00083334
0.00107284
0.00106788
0.00106362
0.00106204
0.00140231
0.00139849
0.00139606
0.00139614
0.00167866
0.00167635
0.00167614
0.00167814
0.000866565
0.000859528
0.000852222
0.00084805
0.00109409
0.00108669
0.00107917
0.00107502
0.00142186
0.00141459
0.00140754
0.00140399
0.0016947
0.00168806
0.00168206
0.00167951
0.000452073
0.000451218
0.000448274
0.000444632
0.000275844
0.000276029
0.000274847
0.000272866
0.000115561
0.000116565
0.000117002
0.00011668
4.16771e-05
4.28833e-05
4.39789e-05
4.44657e-05
1.79715e-05
1.90681e-05
2.02514e-05
2.09824e-05
1.32681e-06
1.79474e-06
2.58543e-06
3.33886e-06
3.18487e-05
3.08104e-05
3.01561e-05
3.01966e-05
9.30642e-05
9.03727e-05
8.791e-05
8.683e-05
1.43384e-05
1.54751e-05
1.66786e-05
1.7375e-05
4.69267e-07
5.29393e-07
7.53938e-07
1.02569e-06
3.58981e-05
3.42774e-05
3.28196e-05
3.21926e-05
0.00010192
9.87971e-05
9.57184e-05
9.41082e-05
0.000138215
0.000134408
0.0001307
0.000128826
0.000246509
0.000240233
0.00023368
0.000229901
0.000433598
0.000423554
0.000412535
0.000405674
0.000611315
0.000598007
0.000583046
0.000573399
0.000717897
0.000702693
0.000685441
0.000674178
0.00094146
0.000922498
0.000900686
0.000886175
0.00128008
0.00125599
0.00122797
0.00120904
0.00157589
0.00154777
0.00151486
0.00149248
0.000757493
0.000745444
0.000732244
0.000724035
0.000989165
0.000974846
0.000959038
0.000949092
0.00133793
0.00132078
0.00130176
0.0012897
0.00164088
0.00162174
0.00160048
0.001587
0.000162457
0.000158341
0.000154118
0.000151738
0.000281497
0.000275982
0.000270305
0.000267092
0.000483538
0.00047627
0.000468742
0.000464447
0.000673157
0.000664632
0.000655764
0.000650674
0.000786103
0.000776946
0.000767429
0.000761978
0.00102099
0.00101082
0.00100034
0.000994416
0.00137233
0.00136127
0.00135009
0.00134398
0.0016757
0.00166436
0.00165318
0.00164734
0.000805875
0.000799053
0.000792465
0.000789174
0.00104036
0.00103345
0.0010271
0.00102426
0.0013887
0.00138233
0.00137712
0.00137548
0.00168754
0.00168214
0.00167854
0.0016784
0.000291598
0.000272027
0.000246873
0.000227983
0.000182539
0.000170486
0.000155098
0.000143658
8.64603e-05
8.15681e-05
7.56122e-05
7.14688e-05
4.49099e-05
4.36791e-05
4.26532e-05
4.24084e-05
3.20522e-05
3.2144e-05
3.29239e-05
3.41211e-05
2.25614e-05
2.38355e-05
2.63311e-05
2.89661e-05
4.21176e-05
4.29517e-05
4.51696e-05
4.78089e-05
8.01779e-05
7.92602e-05
7.9455e-05
8.07409e-05
2.882e-05
2.92847e-05
3.02394e-05
3.13278e-05
1.49779e-05
1.63443e-05
1.87415e-05
2.11285e-05
3.58556e-05
3.65701e-05
3.85003e-05
4.08128e-05
7.99586e-05
7.88713e-05
7.87512e-05
7.97184e-05
0.000107014
0.000104589
0.00010297
0.000102975
0.00016945
0.000163116
0.000156661
0.000153147
0.000279799
0.000266666
0.000251733
0.000242006
0.000386362
0.000366747
0.000343691
0.000327984
0.000450153
0.00042651
0.000398399
0.000378959
0.00058487
0.000552714
0.000513812
0.000486322
0.000794758
0.000749876
0.000694866
0.000655382
0.000982672
0.000926774
0.000857831
0.000807982
0.000530059
0.000507266
0.000480227
0.000461572
0.000694413
0.000663718
0.000626677
0.000600568
0.000948315
0.000905958
0.000854174
0.000817097
0.00117405
0.00112172
0.00105733
0.00101089
0.000118816
0.00011585
0.000113377
0.000112594
0.00020779
0.000201326
0.000194621
0.000190831
0.000363656
0.000351375
0.000337507
0.000328539
0.000513162
0.000495507
0.000474949
0.00046109
0.000603127
0.000582207
0.000557578
0.000540733
0.000792912
0.000765218
0.000732065
0.000708905
0.001084
0.00104647
0.00100094
0.000968629
0.00134119
0.00129537
0.00123944
0.00119943
0.000666324
0.000648044
0.000626824
0.000612558
0.000876011
0.000852409
0.000824571
0.000805466
0.00119556
0.0011644
0.00112717
0.00110121
0.00147628
0.0014389
0.00139396
0.00136236
3.80172e-05
2.94967e-05
2.02299e-05
1.45376e-05
2.77227e-05
2.21218e-05
1.6355e-05
1.30961e-05
2.48542e-05
2.16582e-05
1.88127e-05
1.7613e-05
3.03117e-05
2.79551e-05
2.61606e-05
2.57259e-05
3.42698e-05
3.21279e-05
3.05623e-05
3.02593e-05
4.04998e-05
3.83996e-05
3.68621e-05
3.65552e-05
5.47491e-05
5.17329e-05
4.90741e-05
4.79605e-05
7.02013e-05
6.57825e-05
6.14245e-05
5.91065e-05
3.64587e-05
3.49754e-05
3.43054e-05
3.47641e-05
4.07545e-05
3.98424e-05
3.98914e-05
4.08767e-05
5.73634e-05
5.58025e-05
5.5092e-05
5.55574e-05
7.81374e-05
7.50753e-05
7.25557e-05
7.17465e-05
7.78785e-05
7.25598e-05
6.71082e-05
6.40131e-05
9.07009e-05
8.34382e-05
7.56205e-05
7.08444e-05
0.000112925
0.000102177
9.01329e-05
8.23681e-05
0.000134131
0.000119977
0.000103817
9.31529e-05
0.000144994
0.000128765
0.000110117
9.77176e-05
0.000166624
0.000146057
0.000122125
0.000105971
0.000203041
0.000175508
0.00014312
0.000120989
0.00023744
0.00020354
0.000163456
0.000135911
0.000210924
0.000191515
0.000168894
0.000153611
0.000254698
0.000229054
0.000198683
0.00017776
0.000326008
0.000290623
0.000248176
0.000218485
0.000391963
0.000347834
0.000294571
0.000257046
9.75426e-05
9.43251e-05
9.17319e-05
9.10029e-05
0.00013202
0.000125468
0.000118738
0.000114996
0.00019299
0.000180499
0.000166392
0.000157273
0.000251958
0.000233702
0.00021243
0.000198087
0.000286229
0.00026436
0.000238596
0.000220975
0.000357937
0.00032839
0.000292976
0.000268233
0.000472429
0.000431102
0.00038091
0.00034528
0.000576867
0.000525107
0.000461843
0.000416601
0.000367398
0.000344065
0.00031639
0.000297311
0.000470355
0.000438564
0.000400192
0.000373158
0.000632461
0.000587871
0.000533338
0.000494306
0.000778809
0.000723013
0.000654344
0.000604833
2.2115e-06
1.22057e-06
3.89129e-07
2.08492e-07
1.43344e-06
6.6454e-07
1.05867e-07
1.11262e-07
1.60399e-06
6.43737e-07
3.5945e-08
9.31624e-08
2.45135e-06
1.06026e-06
1.58529e-07
1.29732e-07
2.34076e-06
8.7841e-07
5.99038e-08
2.08783e-07
2.73097e-06
1.07828e-06
7.95994e-08
1.34476e-07
3.32117e-06
1.39397e-06
1.42756e-07
7.22049e-08
3.84178e-06
1.68267e-06
2.18578e-07
4.5457e-08
1.1307e-05
8.28359e-06
5.23773e-06
3.50689e-06
1.31684e-05
9.64821e-06
6.07646e-06
4.02778e-06
1.59742e-05
1.16921e-05
7.3289e-06
4.81449e-06
1.84764e-05
1.3514e-05
8.44409e-06
5.51506e-06
3.88892e-06
1.68948e-06
2.04872e-07
4.60329e-08
3.87408e-06
1.68744e-06
2.18535e-07
7.78867e-08
3.84596e-06
1.67648e-06
2.48884e-07
1.60095e-07
3.83056e-06
1.6747e-06
2.94744e-07
2.67e-07
3.95059e-06
1.78338e-06
3.27178e-07
2.06204e-07
3.37041e-06
1.55361e-06
2.86303e-07
1.94623e-07
2.10545e-06
9.34537e-07
1.30574e-07
1.6581e-07
1.08152e-06
4.36379e-07
2.90789e-08
1.65465e-07
2.03846e-05
1.47963e-05
9.02548e-06
5.68764e-06
1.85195e-05
1.3309e-05
7.92315e-06
4.80709e-06
1.5275e-05
1.04745e-05
5.6606e-06
3.03143e-06
1.23654e-05
7.88171e-06
3.62572e-06
1.55489e-06
4.04163e-05
3.39754e-05
2.69297e-05
2.24537e-05
4.26188e-05
3.56525e-05
2.7993e-05
2.31063e-05
4.59855e-05
3.81234e-05
2.94335e-05
2.38711e-05
4.88799e-05
4.01713e-05
3.05287e-05
2.43599e-05
4.9221e-05
4.01682e-05
3.02124e-05
2.39101e-05
4.87737e-05
3.91132e-05
2.85047e-05
2.18193e-05
4.86262e-05
3.76758e-05
2.57573e-05
1.83835e-05
4.89045e-05
3.66511e-05
2.34615e-05
1.54748e-05
9.07587e-05
7.80859e-05
6.37838e-05
5.44581e-05
9.75991e-05
8.2609e-05
6.55835e-05
5.44129e-05
0.000110012
9.10791e-05
6.94671e-05
5.52369e-05
0.000122263
9.96209e-05
7.37354e-05
5.66914e-05
