FiniteElementSpace
FiniteElementCollection: H1_2D_P2
VDim: 2
Ordering: 0

0
0.92059
1.84765
2.75825
3.63397
4.46142
5.23961
5.98694
6.73194
0
1.10441
2.14933
3.14585
4.10309
5.01163
5.85654
6.64044
7.39376
0.458646
1.01603
0.557911
0
1.38486
2.00219
1.63421
2.30624
2.95609
2.65259
3.20149
3.8736
3.62961
4.0542
4.74235
4.56451
4.856
5.55292
5.44253
5.61529
6.31585
6.25478
6.35839
7.06329
7.01827
0.509517
1.5133
2.48318
3.42006
4.31493
5.15488
5.93863
6.68932
0.229896
0.487292
0.253802
0
1.15271
1.45116
1.26577
0.970986
2.07762
2.39596
2.24367
1.92651
2.9811
3.31189
3.18927
2.85827
3.84569
4.1861
4.09591
3.75507
4.66022
5.00736
4.95049
4.60367
5.42821
5.77854
5.74711
5.39813
6.1725
6.52438
6.50276
6.1525
0.689056
0.763935
1.0595
0.833157
0.5316
0.278591
0
1.61662
1.75874
2.07601
1.89341
1.57359
1.37134
2.53321
2.72069
3.05188
2.90041
2.5685
2.4023
3.41918
3.64824
3.98961
3.86773
3.52596
3.38894
4.25944
4.53046
4.87816
4.78999
4.441
4.33545
5.04901
5.35562
5.70533
5.65162
5.29965
5.22919
5.80136
6.12801
6.47809
6.44892
6.09694
6.05748
6.54487
6.89767
6.87605
7.22867
7.20595
6.8537
6.83
0.245107
1.21162
2.16204
3.08627
3.9722
4.80723
5.58941
6.33845
0.729418
0.797418
0.262703
1.6895
1.82613
1.31813
2.6281
2.81131
2.32342
3.5349
3.75919
3.29013
4.39662
4.66147
4.21696
5.20424
5.5044
5.09091
5.96605
6.28853
5.90271
6.71068
7.04103
6.66626
0.116582
0.238767
0.123199
0
1.03661
1.18295
1.09143
0.946706
1.96278
2.12024
2.04447
1.88756
2.86996
3.03396
2.97256
2.80854
3.74022
3.90931
3.86403
3.69485
4.56121
4.73426
4.70588
4.53305
5.33413
5.50934
5.49407
5.31943
6.07969
6.25572
6.24551
6.07006
0.573686
0.710287
0.608375
0.474089
0.636997
0.780539
0.665002
0.520263
0.126319
0.2581
0.129417
0
1.5008
1.65363
1.57049
1.41868
1.63628
1.79255
1.70021
1.54353
1.14118
1.29199
1.18923
1.03774
2.41994
2.58096
2.51227
2.35145
2.60219
2.76622
2.69019
2.52603
2.12317
2.28371
2.20002
2.03924
3.31068
3.47733
3.42373
3.25697
3.53449
3.70402
3.64291
3.47329
3.07297
3.23996
3.1713
3.00423
4.15723
4.32849
4.29179
4.12056
4.42315
4.5963
4.5517
4.3783
3.98515
4.15676
4.10368
3.93192
4.95283
5.12719
5.10619
4.93224
5.25569
5.43027
5.40252
5.22755
4.84689
5.021
4.98503
4.81057
5.70842
5.88413
5.87246
5.6974
6.03355
6.20837
6.19303
6.01793
5.65037
5.82509
5.80444
5.62935
6.45154
6.62782
6.61747
6.44154
6.78264
6.95857
6.94735
6.77155
6.40938
6.58455
6.57231
6.39704
0.343962
0.366241
0.498793
0.381659
0.249666
0
1.2688
1.33153
1.4826
1.3898
1.23908
0.993909
2.19211
2.27922
2.43985
2.36367
2.20315
1.96466
3.09161
3.19939
3.36626
3.30498
3.13805
2.90745
3.95034
4.07957
4.25088
4.20585
4.0344
3.81466
4.75847
4.90771
5.08152
5.05315
4.87926
4.67341
5.52191
5.68421
5.85889
5.84317
5.6686
5.4759
6.26537
6.43139
6.60696
6.59605
6.42076
6.23438
0.804703
0.850309
0.890285
0.747069
0.9289
1.0816
0.969334
0.814841
0.695952
0.544091
0.397325
0.419009
0.269375
0.136485
0
1.73224
1.80818
1.88071
1.72446
1.95139
2.11265
2.02176
1.85968
1.76425
1.60372
1.44624
1.50326
1.34447
1.2384
2.64598
2.74344
2.83866
2.67466
2.93188
3.09907
3.02342
2.85602
2.7768
2.61065
2.44625
2.52776
2.36291
2.27616
3.52695
3.64535
3.76129
3.59187
3.87477
4.04666
3.98578
3.81376
3.749
3.57807
3.40836
3.50959
3.33978
3.26769
4.36084
4.50058
4.63687
4.46393
4.7703
4.94516
4.90132
4.72602
4.67773
4.50307
4.32941
4.45042
4.27652
4.21967
5.14459
5.30153
5.45468
5.28032
5.60533
5.78102
5.7546
5.57815
5.54762
5.37128
5.19578
5.3364
5.16028
5.12094
5.89418
6.05938
6.22209
6.04729
6.38353
6.55917
6.54497
6.36866
6.35221
6.17584
6.00019
6.15656
5.98012
5.95749
6.63833
6.81481
6.80408
6.98052
6.96959
6.79343
7.146
7.1348
7.31126
7.29979
7.12347
7.11213
6.9359
6.76003
6.92424
6.74802
6.73542
0.121089
1.06487
2.00406
2.92154
3.80247
4.63406
5.41464
6.1629
0.592128
0.650786
0.127778
1.53626
1.66834
1.16522
2.46643
2.64639
2.16175
3.36749
3.58899
3.12239
4.22494
4.48775
4.04474
5.03007
5.32937
4.91627
5.79089
6.11341
5.72761
6.5346
6.86503
6.4909
0.35623
0.374302
0.124907
1.30089
1.36105
1.11671
2.23604
2.32173
2.08412
3.14578
3.25246
3.02303
4.01534
4.14306
3.92492
4.83364
4.98083
4.77679
5.60356
5.76401
5.57258
6.34858
6.51385
6.32763
0.828493
0.870696
0.623072
0.909518
0.948725
0.679947
0.389179
0.407309
0.13159
1.77073
1.84477
1.60374
1.91618
1.98652
1.73209
1.41808
1.47453
1.21351
2.69501
2.79132
2.5575
2.8855
2.97784
2.73363
2.40514
2.48708
2.2381
3.58646
3.70363
3.4794
3.81833
3.93058
3.69625
3.35694
3.45924
3.21973
4.43119
4.56912
4.35784
4.70391
4.83609
4.61501
4.26796
4.39023
4.16199
5.22362
5.37849
5.18134
5.53024
5.68008
5.47523
5.12476
5.2663
5.05323
5.97716
6.14096
5.95329
6.30289
6.46416
6.27258
5.92184
6.07838
5.88102
6.72122
6.88688
6.70014
7.05222
7.21731
7.02968
6.67808
6.84204
6.65376
0
-0.123529
-0.379496
-0.727048
-1.15108
-1.65393
-2.23552
-2.8785
-3.5452
1
0.837685
0.553753
0.175991
-0.28505
-0.833775
-1.4601
-2.1283
-2.79537
-0.0439089
0.373303
0.928971
0.5
-0.237958
0.0975473
0.709638
-0.5434
-0.266777
0.375194
-0.929534
-0.709334
-0.0438053
-1.39238
-1.2359
-0.548477
-1.93545
-1.84255
-1.13894
-2.55129
-2.50182
-1.79188
-3.21178
-3.17064
-2.46392
0.4641
0.248498
-0.0748861
-0.47797
-0.961873
-1.53036
-2.16818
-2.83767
-0.0214302
0.215909
0.49249
0.25
-0.176965
0.00835029
0.314583
0.129027
-0.458862
-0.30682
0.0138362
-0.138432
-0.825941
-0.701396
-0.36992
-0.494615
-1.26922
-1.17484
-0.832912
-0.927822
-1.79225
-1.73138
-1.3807
-1.4429
-2.39168
-2.35942
-2.004
-2.03811
-3.04475
-3.02502
-2.66983
-2.6903
-0.0787108
0.423554
0.609326
0.88854
0.70101
0.958266
0.75
-0.305688
0.175929
0.328228
0.634765
0.482203
0.777619
-0.632847
-0.168443
-0.0433479
0.278136
0.152377
0.467122
-1.03788
-0.591061
-0.495186
-0.161686
-0.258895
0.0687113
-1.52062
-1.09623
-1.03281
-0.688473
-0.753143
-0.413976
-2.08331
-1.68447
-1.64959
-1.29783
-1.33272
-0.984075
-2.71378
-2.33436
-2.31418
-1.95988
-1.97865
-1.62504
-3.37887
-3.35801
-3.00475
-2.98316
-2.63024
-2.65052
-2.29649
0.242471
0.0723337
-0.220112
-0.595607
-1.04871
-1.58469
-2.19723
-2.85755
0.177394
0.660229
0.731748
-0.0621174
0.408178
0.549578
-0.398352
0.0569615
0.242855
-0.812092
-0.374379
-0.148598
-1.30625
-0.890316
-0.621423
-1.88266
-1.4893
-1.1804
-2.52401
-2.14597
-1.81294
-3.19203
-2.81749
-2.48257
-0.012228
0.112432
0.248904
0.125
-0.149279
-0.0514788
0.101653
0.00374679
-0.418532
-0.338911
-0.178625
-0.258361
-0.775921
-0.71018
-0.544517
-0.610253
-1.20953
-1.15834
-0.987616
-1.03882
-1.72247
-1.68802
-1.51317
-1.5479
-2.31314
-2.29436
-2.11725
-2.13663
-2.96149
-2.95129
-2.77385
-2.78451
-0.0600179
0.0505739
0.197991
0.0874413
0.445134
0.543009
0.681953
0.583857
0.499175
0.613492
0.742161
0.625
-0.271051
-0.183251
-0.0261149
-0.114077
0.212983
0.292779
0.445974
0.366154
0.344933
0.432978
0.580478
0.492317
-0.587538
-0.515031
-0.351991
-0.424544
-0.121064
-0.0551909
0.105284
0.0393208
0.0563385
0.128957
0.286198
0.213549
-0.983118
-0.924366
-0.756125
-0.814855
-0.533877
-0.482199
-0.315979
-0.367911
-0.317741
-0.258734
-0.0953476
-0.154528
-1.45587
-1.41286
-1.23988
-1.28301
-1.02838
-0.992764
-0.821053
-0.856992
-0.770455
-0.726648
-0.55762
-0.601739
-2.00882
-1.9827
-1.80647
-1.83304
-1.60689
-1.58647
-1.41051
-1.43109
-1.30767
-1.28007
-1.10599
-1.13386
-2.63222
-2.61896
-2.44146
-2.45534
-2.25106
-2.23994
-2.06215
-2.07313
-1.92289
-1.90814
-1.73093
-1.74569
-3.29538
-3.28556
-3.10862
-3.11854
-2.92134
-2.9111
-2.73415
-2.74404
-2.5858
-2.57609
-2.39839
-2.40784
-0.0309575
0.230789
0.341479
0.479981
0.368857
0.375
-0.206601
0.0412011
0.129225
0.282406
0.194369
0.252219
-0.500522
-0.262853
-0.190265
-0.0299091
-0.102522
-0.0197845
-0.877157
-0.647897
-0.589118
-0.423324
-0.4822
-0.380131
-1.33017
-1.11111
-1.06781
-0.896719
-0.94025
-0.818012
-1.86326
-1.65744
-1.63047
-1.45495
-1.48224
-1.33891
-2.47109
-2.27798
-2.26365
-2.08579
-2.1004
-1.94005
-3.12822
-2.9413
-2.93136
-2.75381
-2.76368
-2.59602
-0.100006
0.154331
0.399571
0.301711
0.635968
0.724423
0.864362
0.775368
0.910131
0.815897
0.717638
0.945069
0.846453
0.974251
0.875
-0.341891
-0.0995765
0.137435
0.0576243
0.368911
0.441615
0.594984
0.522158
0.673005
0.596681
0.516779
0.744544
0.664439
0.808716
-0.679373
-0.445894
-0.217011
-0.282826
0.0074219
0.0668088
0.227701
0.168054
0.3273
0.264319
0.198243
0.421804
0.355561
0.511112
-1.09388
-0.869322
-0.649542
-0.701009
-0.434108
-0.389633
-0.222667
-0.267554
-0.10206
-0.150875
-0.203106
0.0131206
-0.0394654
0.123001
-1.58664
-1.37393
-1.16541
-1.20071
-0.960911
-0.932774
-0.760462
-0.788881
-0.617782
-0.650306
-0.686597
-0.480519
-0.517206
-0.348803
-2.1589
-1.95989
-1.76305
-1.78322
-1.56902
-1.55436
-1.37858
-1.39306
-1.21791
-1.23531
-1.25599
-1.06095
-1.08171
-0.908309
-2.79591
-2.60699
-2.41798
-2.42909
-2.23001
-2.22096
-2.04408
-2.05257
-1.87578
-1.88485
-1.89555
-1.70826
-1.71853
-1.54227
-3.4622
-3.45164
-3.27517
-3.26435
-3.08786
-3.09841
-3.07691
-2.9005
-2.88932
-2.71295
-2.72389
-2.54724
-2.55714
-2.56663
-2.38034
-2.38935
-2.21246
0.120387
-0.0228938
-0.297986
-0.659631
-1.09795
-1.61733
-2.21505
-2.8678
0.0703427
0.564749
0.621624
-0.147891
0.330241
0.463654
-0.469195
-0.00732828
0.171903
-0.869004
-0.424407
-0.206015
-1.34729
-0.924205
-0.663517
-1.90732
-1.50826
-1.20635
-2.53686
-2.15636
-1.82656
-3.20212
-2.82771
-2.49196
0.101529
0.356907
0.37498
-0.0819161
0.162657
0.224272
-0.381114
-0.14578
-0.0605077
-0.761924
-0.535046
-0.430565
-1.22003
-1.00336
-0.878472
-1.75993
-1.55577
-1.40995
-2.37448
-2.1817
-2.01982
-3.0349
-2.84756
-2.6798
0.0282789
0.278094
0.322919
0.518829
0.751113
0.797001
0.600221
0.832372
0.860277
-0.220104
0.019616
0.0941916
0.253864
0.482603
0.560213
0.400442
0.631462
0.695477
-0.562058
-0.330884
-0.235948
-0.104253
0.118057
0.216811
0.0847592
0.310576
0.399253
-0.980974
-0.758865
-0.644434
-0.541304
-0.327908
-0.208544
-0.312692
-0.0945173
0.0143083
-1.47974
-1.26916
-1.1336
-1.06266
-0.860172
-0.718911
-0.791141
-0.583061
-0.452724
-2.05916
-1.86116
-1.70631
-1.66564
-1.4733
-1.31369
-1.35501
-1.15795
-1.00663
-2.70154
-2.51242
-2.34614
-2.3238
-2.13673
-1.96858
-1.99036
-1.80147
-1.63613
-3.36875
-3.18154
-3.015
-2.99417
-2.80677
-2.64067
-2.66014
-2.47335
-2.3052
