FiniteElementSpace
FiniteElementCollection: H1_2D_P2
VDim: 2
Ordering: 0

0
0.000162235
-0.00019368
-0.00062638
-0.000353643
-0.000942121
-0.00412241
-0.00927809
-0.0148345
0
0.00119557
0.00091945
-0.000273026
-0.000476681
-0.000207274
-0.00185308
-0.00605859
-0.0113955
9.76621e-05
0.000755012
0.000722726
0
7.42363e-05
0.00036871
0.00127407
-0.000490574
-0.000555933
0.000302312
-0.000533654
-0.000398249
-0.000549294
-0.000386614
-0.000351632
-0.000248744
-0.00219367
-0.0027507
-0.000681877
-0.00655942
-0.00756843
-0.00370259
-0.0120779
-0.0131012
-0.00868982
0.000401439
0.000738335
-0.000161694
-0.000617306
-0.000185521
-0.00117843
-0.00495654
-0.0103455
6.02847e-05
0.000284059
0.000154954
0
0.000144232
0.000434701
0.000795486
0.000499976
-0.00035149
-0.000349753
0.000105301
9.36515e-05
-0.000604754
-0.000623015
-0.000631467
-0.000636326
-0.000322376
-0.000281461
-0.000267601
-0.000404897
-0.00147766
-0.00161943
-0.000672018
-0.000605817
-0.00529133
-0.005697
-0.00378718
-0.00336371
-0.0106779
-0.0111936
-0.00894956
-0.00838365
0.000138887
0.000619072
0.000980355
0.000997568
0.000539831
0.000375287
0
-4.3773e-05
0.000589945
0.000640375
0.00114494
0.00101294
0.00129146
-0.000587312
-0.000392924
-0.000430505
-1.01014e-05
5.47506e-05
0.000625971
-0.000438027
-0.00052909
-0.000402441
-0.000549622
-0.000580472
-0.000457665
-0.000583814
-0.000199726
-0.000203319
-0.000181891
-0.000153099
-0.000362459
-0.00308143
-0.00187445
-0.00225218
-0.00117702
-0.000861104
-0.000364193
-0.00789743
-0.00622755
-0.00680448
-0.00483147
-0.00430219
-0.00270122
-0.0134644
-0.0139616
-0.011736
-0.0122514
-0.0100412
-0.00951862
-0.0073541
0.000111865
0.000505244
-0.000131832
-0.00066717
-0.00030839
-0.00101891
-0.00447052
-0.00978532
0.000423354
0.000805173
0.000216093
0.000291977
0.000869855
0.00105152
-0.000526451
-0.000219479
0.000355401
-0.000524214
-0.000521168
-0.000553572
-0.000368397
-0.000118181
-0.000264022
-0.00240564
-0.00146542
-0.000443414
-0.00701165
-0.00551213
-0.00320579
-0.0125899
-0.0108915
-0.00814902
3.63402e-05
9.20576e-05
4.038e-05
0
0.000158824
0.00033681
0.000511704
0.000346012
-0.000273162
-0.000244834
-1.76647e-05
-4.81754e-05
-0.000623418
-0.000652935
-0.000661561
-0.000646778
-0.000328874
-0.000322631
-0.000350899
-0.000391104
-0.00118652
-0.00123364
-0.000789506
-0.000764209
-0.00469221
-0.00486114
-0.00390032
-0.00372226
-0.00997715
-0.0102235
-0.00908228
-0.00881945
0.000117845
0.000299274
0.000360246
0.000208319
0.00051867
0.000711221
0.000682813
0.000466141
5.43942e-05
0.00018299
7.27855e-05
0
2.03129e-05
0.000130303
0.000371546
0.000263977
0.000674624
0.000731261
0.000953654
0.000878042
0.000787355
0.000926166
0.00102958
0.00086938
-0.00054563
-0.00056926
-0.000444861
-0.000428297
-0.000283836
-0.000310234
-8.81816e-05
-5.663e-05
0.000240035
0.000228614
0.000502421
0.000504424
-0.000487538
-0.000496248
-0.000578495
-0.000595213
-0.0005806
-0.000523359
-0.000560128
-0.000599943
-0.00060491
-0.00059558
-0.000503854
-0.000497275
-0.0004662
-0.000472004
-0.000308288
-0.000335801
-0.000177943
-0.000144968
-0.000123288
-0.000157757
-0.000329892
-0.000257336
-0.000332785
-0.000395263
-0.00261635
-0.0027232
-0.00199008
-0.00188829
-0.00150329
-0.00165511
-0.00114003
-0.00100387
-0.000489601
-0.000541533
-0.00030241
-0.000261918
-0.0072214
-0.00743984
-0.00634527
-0.00611059
-0.00558137
-0.00586325
-0.00489492
-0.00462054
-0.00325064
-0.00348541
-0.00270955
-0.00248829
-0.0127739
-0.0130244
-0.0118941
-0.0116307
-0.0110424
-0.0113136
-0.0102057
-0.00993066
-0.00825559
-0.00854651
-0.00747198
-0.00718193
7.72067e-05
0.000197848
0.000344073
0.000275384
0.000134064
0
0.000115414
0.000479318
0.000591194
0.000778846
0.000656004
0.000633031
-0.00042497
-0.000243734
-0.000259992
-3.01384e-05
-1.50333e-05
0.000231954
-0.00057484
-0.000653406
-0.000627207
-0.000634759
-0.000657189
-0.000603733
-0.000339947
-0.000283406
-0.000228934
-0.00021748
-0.000287089
-0.00040402
-0.00181265
-0.00129571
-0.00138345
-0.000901693
-0.000831596
-0.00046737
-0.00591459
-0.00507078
-0.00531401
-0.00435724
-0.00411427
-0.00304144
-0.0113793
-0.0104898
-0.0107657
-0.00964695
-0.00936158
-0.00796788
0.000153744
0.000469963
0.000698456
0.000525031
0.000905053
0.00108856
0.00110891
0.000900293
0.000867496
0.000624902
0.000381494
0.000563541
0.000276399
0.000147651
0
-0.000116072
0.000198233
0.000486752
0.000443959
0.000764221
0.000778145
0.00104298
0.00100712
0.00122343
0.00114426
0.00104594
0.00129794
0.00117258
0.00125804
-0.000614995
-0.000590617
-0.00048426
-0.000466016
-0.000334732
-0.000356013
-0.00015093
-0.00011989
0.000141214
0.000173866
0.000204322
0.000464705
0.000487301
0.000778808
-0.000392372
-0.000464528
-0.000466386
-0.000531835
-0.000466874
-0.000427555
-0.000520957
-0.000528589
-0.000560779
-0.000562928
-0.000578693
-0.000516319
-0.000507488
-0.000377501
-0.00074093
-0.000466568
-0.000256473
-0.000275907
-0.000143417
-0.000182381
-0.000179665
-0.000127501
-0.000205997
-0.000180483
-0.000202056
-0.000302407
-0.000296462
-0.000422325
-0.00358365
-0.00286457
-0.00229129
-0.00212394
-0.00183684
-0.00204041
-0.0014921
-0.0013053
-0.000905969
-0.000752256
-0.000629317
-0.00050073
-0.000382097
-0.000266347
-0.00858411
-0.00769227
-0.00689115
-0.00660907
-0.00614993
-0.00643158
-0.00543476
-0.00516959
-0.00425285
-0.00399729
-0.00373794
-0.00318402
-0.00294499
-0.00225619
-0.0141517
-0.0143966
-0.0132791
-0.0135291
-0.0124228
-0.0121608
-0.012676
-0.0115741
-0.0118259
-0.0107187
-0.0104682
-0.00936529
-0.00910641
-0.00883213
-0.00801892
-0.00775312
-0.00669987
3.51588e-05
0.000348774
-0.000146025
-0.000658698
-0.000349515
-0.000975875
-0.00427592
-0.00951991
0.000258001
0.000598063
6.2191e-05
0.000203911
0.000816074
0.000910794
-0.000505513
-0.000189655
0.000370307
-0.000549051
-0.000570062
-0.000558027
-0.000386184
-0.000137772
-0.000324542
-0.00228391
-0.00130625
-0.000380053
-0.00676712
-0.00523045
-0.00296796
-0.0123301
-0.0106232
-0.00786016
0.000150698
0.00023698
4.75781e-05
0.000308229
0.000634357
0.000655307
-0.000339996
-0.000139975
0.000110711
-0.000631062
-0.000651644
-0.000641075
-0.000316289
-0.000247729
-0.000341214
-0.00153775
-0.00108394
-0.000626874
-0.00547392
-0.00470029
-0.00356023
-0.0109279
-0.0100636
-0.00866194
0.000328648
0.000589122
0.000441905
0.000802339
0.00100683
0.000772037
0.000323235
0.000461304
9.08332e-05
4.52094e-05
0.000344438
0.000527007
0.000626138
0.000902574
0.00108876
0.000915015
0.00117283
0.00114465
-0.000616721
-0.000544493
-0.000369707
-0.000413616
-0.000247454
2.16796e-05
8.46233e-05
0.000330521
0.000638051
-0.00044199
-0.000469346
-0.000585755
-0.000463225
-0.000484412
-0.000555991
-0.000608863
-0.000547398
-0.00044368
-0.000596911
-0.000351721
-0.000236746
-0.000185089
-0.000138807
-0.0001431
-0.000199703
-0.000233535
-0.00036306
-0.0032035
-0.0025619
-0.0017308
-0.00205004
-0.00165052
-0.00100553
-0.000749394
-0.000544639
-0.00026211
-0.00812508
-0.00728236
-0.00595165
-0.006515
-0.00579131
-0.0045703
-0.00403763
-0.00345426
-0.00247261
-0.0137133
-0.012849
-0.0114653
-0.0119984
-0.0111482
-0.00978743
-0.00923748
-0.0084274
-0.00708675
0
-0.00067666
-0.00255226
-0.00464917
-0.00570317
-0.00577557
-0.00658028
-0.00902574
-0.0124247
0
-0.00214868
-0.00454411
-0.00601512
-0.00632239
-0.00738859
-0.0103215
-0.0141827
-0.01782
-5.00385e-05
-0.00143623
-0.0011783
0
-0.00152303
-0.00366631
-0.00334424
-0.00365501
-0.00546011
-0.00548124
-0.00535783
-0.0060286
-0.00621491
-0.00576836
-0.00645843
-0.00663744
-0.00598463
-0.00831924
-0.00864687
-0.00761559
-0.0115541
-0.0122287
-0.0106796
-0.0151158
-0.0160577
-0.000568558
-0.00251032
-0.00470633
-0.00587175
-0.00614013
-0.00716887
-0.00982898
-0.0133524
0.000109575
-0.000281836
-0.00023129
0
-0.0010743
-0.00205666
-0.00195301
-0.00106826
-0.00310489
-0.00423655
-0.00421345
-0.00316826
-0.00504741
-0.00560637
-0.00570662
-0.00508398
-0.00575923
-0.00589321
-0.00607398
-0.00582353
-0.00584052
-0.006535
-0.00675813
-0.0060573
-0.0070448
-0.00872635
-0.00903759
-0.00743284
-0.00983153
-0.012031
-0.0124519
-0.0103049
-0.00033082
-0.000972138
-0.00179554
-0.00162979
-0.000876355
-0.000765487
0
-0.00201923
-0.00308963
-0.00410951
-0.00396152
-0.00292895
-0.00272865
-0.00417795
-0.00512575
-0.00577396
-0.00579927
-0.00511015
-0.00505885
-0.00557472
-0.00597114
-0.00622562
-0.00626122
-0.00609544
-0.00614459
-0.00576238
-0.00625909
-0.00691759
-0.00694988
-0.00641624
-0.00643666
-0.0062276
-0.00769171
-0.00926918
-0.00944257
-0.00787244
-0.00795676
-0.00828112
-0.0106741
-0.0128295
-0.0132095
-0.0109777
-0.0112585
-0.0115503
-0.0137774
-0.014244
-0.0164612
-0.0169497
-0.0146844
-0.0151349
-3.62005e-05
-0.00154038
-0.00371989
-0.0053879
-0.00586252
-0.00624703
-0.00803578
-0.0111579
-0.000644315
-0.00130554
-0.000463703
-0.00260585
-0.00352772
-0.0023429
-0.0046968
-0.00548844
-0.00464512
-0.00574623
-0.00617004
-0.00597133
-0.00594789
-0.00661566
-0.00629632
-0.00693018
-0.00852181
-0.00733549
-0.00948854
-0.0118956
-0.0100951
-0.0129095
-0.0155839
-0.0137633
0.000104618
5.26179e-05
1.04776e-05
0
-0.000869783
-0.00131633
-0.00129868
-0.000877345
-0.00282723
-0.00343194
-0.00344685
-0.00287941
-0.00485896
-0.00521903
-0.00524652
-0.00487442
-0.00573899
-0.00579119
-0.00584604
-0.00574711
-0.0057992
-0.00602756
-0.00614091
-0.00589699
-0.00679849
-0.00754137
-0.00772252
-0.00700365
-0.00942232
-0.0105021
-0.0107278
-0.00967266
-0.000182617
-0.000486167
-0.000454273
-0.000154226
-0.00076253
-0.00113917
-0.00108374
-0.000721186
-0.000104208
-0.00034113
-0.000251076
0
-0.00176569
-0.00232922
-0.00232832
-0.0018028
-0.00279876
-0.0033115
-0.00322862
-0.00272172
-0.00168888
-0.00214934
-0.00206302
-0.00161663
-0.00392156
-0.00445086
-0.00447469
-0.00396336
-0.00492596
-0.00531451
-0.00531076
-0.00491436
-0.00394516
-0.00443412
-0.00438485
-0.00389163
-0.00547837
-0.00564919
-0.00568525
-0.00547688
-0.00592818
-0.00607875
-0.00613704
-0.0059926
-0.00559393
-0.00584805
-0.00588286
-0.00562551
-0.00576484
-0.00583388
-0.00591562
-0.0058094
-0.00619125
-0.00643599
-0.00650443
-0.00627971
-0.00605075
-0.00618941
-0.00625687
-0.00613365
-0.0060924
-0.00657146
-0.00671908
-0.00624777
-0.00741673
-0.00809719
-0.0081839
-0.00751223
-0.00659502
-0.00704023
-0.00711171
-0.00668384
-0.0079374
-0.00889114
-0.00909957
-0.00817519
-0.010246
-0.011277
-0.0114335
-0.0103943
-0.00866821
-0.00955651
-0.00967368
-0.00878419
-0.0111137
-0.012235
-0.0124704
-0.0113619
-0.0137999
-0.0149115
-0.0151372
-0.0140149
-0.0120017
-0.0131026
-0.0132972
-0.0121854
4.68013e-05
-0.000141627
-0.000421649
-0.000391662
-0.000130845
0
-0.00129265
-0.00179366
-0.00228995
-0.00222774
-0.00175076
-0.00125344
-0.0033817
-0.00398383
-0.00448195
-0.00446791
-0.00397731
-0.00342717
-0.00521469
-0.00550749
-0.00574082
-0.00579838
-0.00555207
-0.00527949
-0.0057677
-0.00587693
-0.00600772
-0.00610244
-0.00596128
-0.00592167
-0.00590073
-0.00637807
-0.00684262
-0.00694952
-0.00649229
-0.00624725
-0.00731738
-0.00837109
-0.0092751
-0.00942541
-0.00853242
-0.00786995
-0.0102517
-0.0115929
-0.0126928
-0.0129026
-0.0118055
-0.0109295
-0.000498313
-0.000850285
-0.00119724
-0.00080639
-0.00154254
-0.00197258
-0.00187967
-0.00146925
-0.00139569
-0.00103059
-0.000670741
-0.000971596
-0.000608803
-0.00048318
0
-0.00228191
-0.00288684
-0.00338001
-0.00285616
-0.00382271
-0.00432527
-0.00425934
-0.00374276
-0.00365457
-0.00313515
-0.00263262
-0.00303333
-0.00253515
-0.00243152
-0.00442176
-0.00490013
-0.00530373
-0.00492069
-0.0056427
-0.00590469
-0.00592013
-0.00564987
-0.00565429
-0.0052981
-0.00488773
-0.00528328
-0.00485182
-0.00481208
-0.00564957
-0.00579131
-0.00600326
-0.00585728
-0.00619804
-0.00629224
-0.00628776
-0.00623433
-0.00623916
-0.00617239
-0.00604113
-0.00618576
-0.00607211
-0.00608998
-0.00576403
-0.00599409
-0.00634742
-0.00609331
-0.00675281
-0.00715385
-0.00715248
-0.0067892
-0.00677816
-0.0065385
-0.00634811
-0.00652426
-0.00638226
-0.00637068
-0.00638953
-0.00716845
-0.00799327
-0.0073031
-0.00888444
-0.00977984
-0.00987277
-0.00896905
-0.0090323
-0.00825019
-0.00758939
-0.00828685
-0.00764141
-0.00765615
-0.00864471
-0.00989103
-0.0111109
-0.0100802
-0.0123616
-0.0134934
-0.0136981
-0.0125376
-0.012719
-0.0115869
-0.0105307
-0.0117408
-0.0106603
-0.0107841
-0.0119886
-0.0131053
-0.0133461
-0.0144473
-0.0146827
-0.013578
-0.0157863
-0.0160246
-0.0171387
-0.0173868
-0.016263
-0.0165075
-0.0153645
-0.014226
-0.0156004
-0.0144393
-0.0146622
6.04302e-05
-0.00109114
-0.00315668
-0.00505727
-0.00577435
-0.00595222
-0.00725973
-0.0100825
-0.000311741
-0.000922888
-0.000172269
-0.00206197
-0.00301615
-0.00187705
-0.00421379
-0.00512511
-0.00416925
-0.00557336
-0.00604126
-0.00574721
-0.00581879
-0.00634792
-0.00615927
-0.0063961
-0.00779126
-0.00684795
-0.00852386
-0.0108313
-0.00916098
-0.0117979
-0.0144656
-0.0126438
-3.17787e-05
-0.000263655
-4.39766e-05
-0.00155415
-0.002016
-0.00149645
-0.00370157
-0.00423655
-0.00370636
-0.00535901
-0.00565622
-0.0054264
-0.00580161
-0.00598165
-0.00594264
-0.00612532
-0.00665394
-0.00635745
-0.00784702
-0.00889486
-0.0081902
-0.0109293
-0.0122486
-0.0113651
-0.000676087
-0.00102343
-0.000605524
-0.00137045
-0.00171227
-0.00124207
-0.000527241
-0.000821958
-0.000346777
-0.00260255
-0.00314265
-0.00257103
-0.00360461
-0.00403928
-0.00343998
-0.00243195
-0.00283203
-0.00224729
-0.00467164
-0.00511044
-0.00471038
-0.00548117
-0.00578931
-0.00548652
-0.00468327
-0.00508643
-0.00459748
-0.00570647
-0.00589434
-0.00580687
-0.00610807
-0.0062615
-0.00620612
-0.00592885
-0.0061291
-0.00599845
-0.00585865
-0.00616028
-0.00604379
-0.00654732
-0.00695637
-0.0066505
-0.00622821
-0.00645009
-0.00633096
-0.00677395
-0.00757389
-0.0070593
-0.008429
-0.00936423
-0.00859678
-0.0072619
-0.00793105
-0.00738203
-0.00927479
-0.0105004
-0.00967101
-0.011729
-0.0130159
-0.0120605
-0.00996856
-0.0111192
-0.0102128
-0.0126717
-0.0140155
-0.0131363
-0.0153515
-0.0167029
-0.0158173
-0.0135601
-0.014905
-0.0139684
