FiniteElementSpace
FiniteElementCollection: L2_2D_P3
VDim: 1
Ordering: 0

0.0322867
0.0142126
0.0199226
0.0292066
0.0101316
0.006913
0.0132541
0.021548
0.00246328
0.00285902
0.00680308
0.0116527
0.00230805
0.00219997
0.00363879
0.00530535
0.0188677
0.0182496
0.017298
0.0164714
0.0125156
0.0121863
0.0116291
0.0111131
0.0068237
0.00671967
0.00648338
0.0062308
0.00402405
0.00401791
0.00391906
0.0037801
0.00813916
0.00759896
0.0068935
0.00635614
0.00591681
0.00555508
0.00507772
0.00471055
0.00374459
0.00354731
0.00328364
0.00307866
0.00256951
0.00245504
0.00230097
0.00218092
0.00215392
0.00195727
0.00171376
0.00153729
0.00171528
0.00156527
0.00138019
0.00124652
0.00125379
0.00115136
0.00102662
0.000937635
0.000984941
0.000909025
0.000818515
0.000755343
0.000421488
0.000382142
0.000333828
0.000299078
0.000364514
0.000331469
0.000291075
0.000262133
0.000298211
0.000272061
0.000240499
0.000218145
0.000255071
0.000232969
0.00020678
0.000188558
0.000105019
9.83794e-05
9.00478e-05
8.39144e-05
9.4469e-05
8.84646e-05
8.09495e-05
7.54299e-05
8.06727e-05
7.55155e-05
6.91071e-05
6.44303e-05
7.03851e-05
6.58462e-05
6.02679e-05
5.6237e-05
3.90731e-05
3.63147e-05
3.28688e-05
3.03455e-05
3.48182e-05
3.23652e-05
2.93056e-05
2.70687e-05
2.96487e-05
2.75861e-05
2.50203e-05
2.31498e-05
2.59951e-05
2.4221e-05
2.20206e-05
2.04215e-05
7.0192e-06
5.85118e-06
4.49232e-06
3.57681e-06
6.62911e-06
5.58263e-06
4.36197e-06
3.53625e-06
6.14462e-06
5.23904e-06
4.18033e-06
3.46145e-06
5.79175e-06
4.98015e-06
4.03075e-06
3.38519e-06
0.0223056
0.0222723
0.0219895
0.0215915
0.0150167
0.014908
0.014555
0.014128
0.00827093
0.00816379
0.00785915
0.00750614
0.0048096
0.0047657
0.00455472
0.0042776
0.000609644
0.000581797
0.000560692
0.000557862
0.0015326
0.00143841
0.00136934
0.00135589
0.00353344
0.00333952
0.0031754
0.00311499
0.00556038
0.00528855
0.00504029
0.00492989
0.00118805
0.000518941
0.000259254
0.000346989
0.0010316
0.000567107
0.000782977
0.00132492
0.000971391
0.000884251
0.00207247
0.00350249
0.001195
0.00141801
0.00354471
0.00580795
0.0132331
0.0125666
0.0116455
0.0109089
0.00917549
0.00876954
0.0081892
0.00771171
0.00537767
0.005194
0.00491173
0.00466684
0.00341661
0.00333634
0.00319465
0.0030619
0.000596048
0.00058156
0.000579301
0.00059004
0.000932779
0.00087457
0.000829449
0.000817229
0.00186718
0.00173235
0.00160266
0.00153682
0.00292197
0.00271591
0.00250282
0.00238036
0.000570599
0.000560142
0.000561285
0.000573611
0.00120672
0.00113821
0.00108977
0.00108268
0.00268188
0.00252573
0.00238845
0.00233211
0.00424381
0.00401389
0.00379422
0.00368552
0.00442438
0.00406876
0.00361966
0.00328798
0.00336907
0.00311314
0.00278979
0.00255085
0.00229713
0.00213864
0.00193977
0.00179381
0.00169403
0.00158771
0.00145667
0.00136228
0.00048068
0.000454035
0.000432048
0.000424231
0.000467687
0.000432644
0.000401565
0.000388078
0.000636072
0.00057521
0.000513544
0.000478897
0.000896684
0.000805725
0.000707626
0.000647199
0.000575311
0.000553625
0.000541031
0.00054282
0.000682283
0.000636713
0.000598992
0.000585673
0.0011498
0.00105319
0.00095651
0.000903524
0.00173685
0.00158781
0.00142832
0.00133144
0.000965374
0.000871941
0.000757297
0.000674948
0.000802728
0.000727774
0.000636253
0.000570797
0.000624529
0.000569056
0.000502252
0.000455093
0.000516215
0.000471861
0.000419508
0.000383284
0.000199896
0.000182176
0.000164295
0.000154117
0.00015762
0.000141939
0.000126572
0.000118235
0.000139834
0.000122707
0.000105613
9.61114e-05
0.000153183
0.000131974
0.000109959
9.7018e-05
0.000337853
0.000312959
0.000289396
0.000277472
0.000289747
0.000264472
0.000240681
0.000228792
0.000316331
0.000281869
0.00024706
0.000227485
0.000400928
0.000353233
0.000302366
0.000271424
0.000196006
0.000180377
0.000161001
0.000146919
0.000174409
0.000160728
0.000143829
0.000131583
0.000147263
0.000135873
0.000121951
0.000111957
0.000127994
0.000118056
0.000106102
9.76486e-05
5.19435e-05
4.76276e-05
4.29651e-05
4.00302e-05
3.72181e-05
3.40203e-05
3.07207e-05
2.87654e-05
2.33975e-05
2.10764e-05
1.88476e-05
1.76675e-05
1.66652e-05
1.4596e-05
1.26847e-05
1.17462e-05
0.000103446
9.37044e-05
8.35165e-05
7.73813e-05
7.66462e-05
6.87771e-05
6.08701e-05
5.63765e-05
5.59112e-05
4.88579e-05
4.19537e-05
3.8205e-05
5.02591e-05
4.26475e-05
3.5094e-05
3.09238e-05
6.39228e-05
6.02453e-05
5.56098e-05
5.21817e-05
5.72726e-05
5.39241e-05
4.9711e-05
4.66008e-05
4.88154e-05
4.59301e-05
4.23139e-05
3.96541e-05
4.26044e-05
4.00834e-05
3.694e-05
3.46388e-05
1.8658e-05
1.76784e-05
1.64974e-05
1.56601e-05
1.41364e-05
1.34512e-05
1.26353e-05
1.20637e-05
9.26548e-06
8.87527e-06
8.42506e-06
8.12004e-06
6.28824e-06
6.06075e-06
5.81267e-06
5.6552e-06
2.91212e-05
2.73072e-05
2.52398e-05
2.38542e-05
2.11894e-05
1.99366e-05
1.85581e-05
1.76704e-05
1.30692e-05
1.23367e-05
1.1597e-05
1.11716e-05
8.44918e-06
7.96469e-06
7.53146e-06
7.32987e-06
2.0158e-05
1.80612e-05
1.55037e-05
1.36802e-05
1.81404e-05
1.63052e-05
1.40686e-05
1.24754e-05
1.57491e-05
1.42248e-05
1.23708e-05
1.10527e-05
1.4097e-05
1.2788e-05
1.11995e-05
1.00729e-05
7.6056e-06
7.03844e-06
6.36058e-06
5.88799e-06
6.21647e-06
5.78172e-06
5.26556e-06
4.90847e-06
4.60962e-06
4.32246e-06
3.98656e-06
3.75829e-06
3.53678e-06
3.34332e-06
3.12192e-06
2.97555e-06
1.23174e-05
1.16118e-05
1.07537e-05
1.01429e-05
9.68036e-06
9.16353e-06
8.53925e-06
8.09831e-06
6.73147e-06
6.41469e-06
6.03826e-06
5.77733e-06
4.84372e-06
4.64629e-06
4.41771e-06
4.26416e-06
9.79847e-07
6.68609e-07
3.54051e-07
1.82369e-07
1.09865e-06
7.80546e-07
4.496e-07
2.59183e-07
1.20814e-06
8.85543e-07
5.43047e-07
3.38963e-07
1.25423e-06
9.29742e-07
5.84206e-07
3.77212e-07
1.00838e-06
7.43921e-07
4.63683e-07
2.9618e-07
8.9736e-07
6.61406e-07
4.11426e-07
2.62116e-07
7.71704e-07
5.68354e-07
3.52902e-07
2.24309e-07
6.89243e-07
5.07493e-07
3.15046e-07
2.00336e-07
3.83688e-06
3.37953e-06
2.84475e-06
2.48014e-06
3.28873e-06
2.91026e-06
2.46897e-06
2.16884e-06
2.63688e-06
2.35187e-06
2.02131e-06
1.7976e-06
2.18514e-06
1.96426e-06
1.70985e-06
1.5389e-06
0.0221595
0.0223043
0.0222979
0.0220693
0.0162979
0.0160507
0.0155233
0.0149676
0.00954298
0.00931005
0.0088576
0.0084111
0.00536528
0.00534279
0.00522079
0.00506152
0.00386125
0.00377462
0.00368521
0.00360082
0.0014536
0.00149818
0.00150965
0.0014778
0.000176612
0.000220907
0.000246172
0.000236233
0.000209108
0.0002764
0.000313985
0.000300207
0.00213755
0.00158376
0.00233024
0.00344537
0.00155078
0.000943548
0.00100794
0.00138762
0.00138229
0.000608719
0.000198026
0.000130517
0.00126879
0.000517496
0.000155605
0.000103789
0.0160721
0.0153999
0.0144297
0.0136262
0.0108891
0.0105043
0.00991634
0.00940778
0.00614635
0.00599563
0.00572951
0.00547737
0.00375792
0.00371159
0.00358973
0.00345468
0.00277519
0.00276497
0.0027014
0.00261809
0.00138338
0.00140839
0.00141301
0.00139673
0.000517382
0.000546123
0.000578341
0.000599314
0.000468284
0.000476073
0.000492575
0.000510557
0.00287506
0.00289996
0.00285807
0.00277335
0.00131259
0.00135843
0.00137589
0.00135873
0.000390845
0.000428882
0.000466601
0.000486853
0.00039902
0.00041205
0.000430787
0.00044717
0.00609044
0.00564174
0.00506675
0.00463623
0.00453232
0.00422016
0.00381836
0.00351623
0.00297875
0.00279646
0.00256174
0.00238527
0.00212089
0.0020062
0.00186006
0.0017515
0.00174947
0.00166195
0.00155208
0.00147163
0.00114644
0.00109937
0.00104384
0.00100578
0.00068385
0.000662031
0.00064278
0.00063468
0.000555378
0.000534672
0.000520154
0.00051804
0.00207005
0.00198797
0.00187818
0.00179313
0.0012838
0.00124711
0.00120063
0.00116647
0.000708345
0.000696707
0.000689118
0.000688912
0.000575203
0.000560832
0.000554675
0.000559241
0.00145308
0.00131514
0.00114532
0.00102295
0.00118273
0.00107474
0.00094241
0.00084744
0.000892915
0.000816019
0.000723071
0.00065724
0.000720818
0.000661476
0.000591224
0.000542508
0.000637406
0.000586035
0.000526008
0.000484937
0.000487345
0.000449847
0.000407438
0.000379444
0.000351275
0.000324989
0.000297149
0.000280212
0.000292022
0.000269292
0.000246443
0.000233558
0.000859031
0.000794735
0.000719194
0.000667267
0.000637531
0.000592818
0.000542294
0.000509043
0.000444777
0.000415172
0.000384462
0.000366383
0.000368235
0.000342729
0.000318009
0.000304945
0.000283427
0.000258594
0.000227981
0.000205866
0.000249101
0.000227795
0.000201636
0.000182803
0.000207581
0.000190247
0.000169215
0.000154232
0.000179353
0.00016442
0.000146615
0.00013414
0.000163599
0.000150005
0.000133929
0.000122754
0.000134052
0.000123026
0.00011022
0.000101476
0.000102223
9.36806e-05
8.41015e-05
7.78031e-05
8.33062e-05
7.59848e-05
6.80479e-05
6.30342e-05
0.000231654
0.00021168
0.000188228
0.000172055
0.000187767
0.000171808
0.000153452
0.000141058
0.00014242
0.00013016
0.000116598
0.00010783
0.000117191
0.000106572
9.52336e-05
8.82136e-05
8.11039e-05
7.63764e-05
7.04222e-05
6.60219e-05
7.28972e-05
6.85874e-05
6.31705e-05
5.91754e-05
6.22488e-05
5.8525e-05
5.38696e-05
5.04527e-05
5.4319e-05
5.10483e-05
4.69912e-05
4.4034e-05
4.99758e-05
4.69799e-05
4.32763e-05
4.05853e-05
4.20725e-05
3.95932e-05
3.65484e-05
3.43492e-05
3.27293e-05
3.08479e-05
2.857e-05
2.69463e-05
2.6375e-05
2.48859e-05
2.31143e-05
2.1873e-05
6.46379e-05
6.04807e-05
5.53961e-05
5.17382e-05
5.40971e-05
5.06682e-05
4.65146e-05
4.35529e-05
4.17632e-05
3.91493e-05
3.60477e-05
3.38799e-05
3.35036e-05
3.14e-05
2.89647e-05
2.73048e-05
2.90089e-05
2.65547e-05
2.35192e-05
2.13205e-05
2.58992e-05
2.37412e-05
2.10756e-05
1.91476e-05
2.21815e-05
2.03861e-05
1.81738e-05
1.65779e-05
1.95927e-05
1.80555e-05
1.61663e-05
1.48076e-05
1.82522e-05
1.68477e-05
1.51236e-05
1.38852e-05
1.58046e-05
1.46305e-05
1.31931e-05
1.21636e-05
1.28928e-05
1.19895e-05
1.0889e-05
1.01052e-05
1.08793e-05
1.01597e-05
9.28838e-06
8.67186e-06
2.40954e-05
2.24742e-05
2.04663e-05
1.90092e-05
2.06619e-05
1.93106e-05
1.76416e-05
1.64338e-05
1.65855e-05
1.55532e-05
1.42849e-05
1.33722e-05
1.37775e-05
1.29626e-05
1.19678e-05
1.12569e-05
3.14521e-06
2.44987e-06
1.67729e-06
1.18759e-06
3.14466e-06
2.49674e-06
1.77017e-06
1.30295e-06
3.10936e-06
2.51716e-06
1.84752e-06
1.41124e-06
3.05574e-06
2.50002e-06
1.86982e-06
1.45734e-06
2.99766e-06
2.46173e-06
1.85165e-06
1.4502e-06
2.82527e-06
2.33168e-06
1.7688e-06
1.39721e-06
2.58814e-06
2.14687e-06
1.64324e-06
1.31003e-06
2.39871e-06
1.99533e-06
1.53509e-06
1.23043e-06
5.58189e-06
4.81842e-06
3.92401e-06
3.31456e-06
5.11895e-06
4.44397e-06
3.65288e-06
3.11318e-06
4.5347e-06
3.96465e-06
3.29676e-06
2.84086e-06
4.10355e-06
3.60603e-06
3.02366e-06
2.62628e-06
0.0212856
0.0208201
0.0200047
0.0192343
0.0139566
0.0137105
0.0132144
0.0127095
0.00744395
0.00737631
0.00715364
0.00688606
0.00426826
0.0042896
0.00419317
0.0040306
0.00296575
0.00300973
0.00296658
0.00286093
0.00125354
0.0013056
0.00131583
0.00128183
0.000275858
0.000315467
0.000347814
0.00035873
0.000333523
0.000349311
0.000366373
0.000377574
0.00336657
0.00333568
0.00317236
0.0029595
0.00138741
0.00139378
0.00133163
0.00123472
0.000239457
0.000262444
0.000267718
0.000254941
0.000315157
0.000320275
0.000322225
0.000320699
0.000562437
0.000551174
0.000549427
0.000558805
0.00134077
0.00126939
0.00122213
0.00121972
0.00306511
0.00290783
0.0027789
0.00273639
0.00484806
0.00462338
0.00442182
0.0043359
0.00591737
0.00565123
0.00540889
0.00530154
0.00818871
0.00783545
0.00750733
0.0073547
0.0116591
0.0111888
0.0107409
0.0105211
0.0146802
0.0141151
0.0135701
0.013296
0.00670683
0.00640665
0.00613546
0.00601596
0.0090386
0.0087108
0.00843005
0.00832312
0.0124986
0.0121675
0.0119122
0.0118476
0.0154258
0.0151204
0.0149191
0.014912
0.000418557
0.000476198
0.00055173
0.000599545
0.00132875
0.0013782
0.00147936
0.00158387
0.00343368
0.00345159
0.00355083
0.0036725
0.00574141
0.00568904
0.00571815
0.00576896
0.00719795
0.00704545
0.00692603
0.0069066
0.0100028
0.00962518
0.00927571
0.00911527
0.0137708
0.0131932
0.0126544
0.0123982
0.0166651
0.0159568
0.0154037
0.0152021
0.00141271
0.00190379
0.00460444
0.00748197
0.00214888
0.00306711
0.00722314
0.0116678
0.00642468
0.00611546
0.0114657
0.0170885
0.0142835
0.010145
0.0153737
0.0208078
0.0105453
0.00992768
0.00910104
0.00845768
0.00748672
0.00709079
0.00655041
0.0061224
0.00455976
0.0043609
0.00408005
0.00385141
0.00301156
0.00290824
0.00275542
0.00262733
0.0023631
0.00229604
0.00219455
0.00210814
0.00137547
0.0013554
0.00132344
0.00129539
0.000688429
0.000689866
0.000696343
0.000704844
0.000565156
0.000558435
0.000561353
0.00057245
0.00260414
0.00256162
0.00247623
0.00239095
0.00140938
0.00141079
0.00139696
0.00137565
0.000622423
0.00063808
0.000658766
0.000675014
0.000527149
0.000528187
0.000539172
0.000555174
0.000594367
0.000576424
0.000569486
0.000576347
0.000802998
0.000751324
0.00070994
0.00069701
0.00148606
0.00136974
0.00125512
0.00119409
0.00229338
0.00211398
0.00192451
0.00181178
0.00279672
0.00257883
0.0023439
0.00219981
0.00388966
0.00359038
0.00325839
0.00304637
0.00565577
0.00523641
0.00475864
0.0044429
0.00725309
0.00673109
0.00612788
0.00572234
0.00357247
0.00332319
0.00306021
0.00290424
0.00497526
0.00463502
0.00426637
0.0040387
0.00720086
0.00672923
0.00620448
0.00586842
0.00919001
0.00860741
0.00794979
0.00752083
0.000585708
0.000573764
0.000574307
0.000586952
0.00106938
0.00100508
0.000957086
0.000946494
0.00227504
0.00212594
0.00198761
0.00192266
0.0035882
0.00336395
0.00313932
0.00301728
0.00439031
0.00412042
0.00384481
0.00368998
0.00610935
0.0057438
0.0053611
0.00513693
0.00879635
0.00829544
0.00775684
0.00742848
0.0111741
0.0105601
0.00989019
0.00947338
0.00518964
0.00491472
0.00464719
0.0045098
0.00720545
0.00683673
0.00646956
0.00627236
0.0103184
0.00981984
0.0093098
0.00902289
0.0130502
0.0124443
0.0118153
0.0114532
0.00312603
0.00285614
0.00251914
0.00227291
0.00243475
0.00223452
0.00198502
0.00180306
0.00172009
0.00158954
0.00142862
0.00131251
0.00131092
0.00121853
0.00110697
0.00102818
0.00112499
0.00104881
0.000958292
0.000895415
0.000805908
0.000756091
0.000699606
0.000662371
0.000539314
0.000508757
0.000477964
0.000460703
0.0004436
0.000417207
0.000393006
0.000381588
0.00142704
0.00134226
0.0012395
0.00116673
0.000980927
0.000929804
0.000871176
0.000832123
0.000623392
0.000595236
0.000568117
0.000554152
0.000509063
0.000484223
0.000463441
0.000455744
0.000412044
0.000385382
0.000361486
0.000350764
0.000373698
0.000343532
0.00031591
0.000302938
0.000454865
0.000408435
0.0003614
0.000334908
0.000610868
0.000543743
0.000471601
0.000427316
0.000713333
0.000633005
0.000544739
0.000488949
0.000944026
0.000835338
0.000711411
0.000629354
0.0013716
0.00121584
0.00103281
0.0009073
0.00178915
0.00159033
0.00135322
0.00118798
0.0010653
0.000955353
0.000834122
0.000757211
0.00144071
0.00129008
0.00111814
0.00100413
0.002103
0.00188728
0.0016339
0.00146015
0.00273363
0.00245958
0.00213303
0.00190553
0.000536806
0.000511962
0.000493977
0.000490548
0.000570635
0.00053055
0.000496203
0.000482662
0.000866325
0.000788582
0.000710102
0.000666367
0.00127002
0.00115129
0.0010234
0.000944866
0.00152783
0.00138355
0.00122472
0.00112424
0.0020965
0.00189771
0.00167165
0.00152247
0.00306368
0.00278032
0.00244906
0.00222312
0.00396603
0.00360821
0.00318398
0.00288996
0.00210718
0.00192582
0.00172759
0.00160352
0.00291734
0.00266736
0.0023857
0.00220202
0.00425658
0.00390294
0.00349358
0.0032176
0.00548509
0.00504163
0.004521
0.00416421
0.000636786
0.000575408
0.000500162
0.000446147
0.000540445
0.000490041
0.000428545
0.000384585
0.000432011
0.000393369
0.000346852
0.000314009
0.000364092
0.00033224
0.000294627
0.000268569
0.000328537
0.000300061
0.000266776
0.000243949
0.000262417
0.000240163
0.00021476
0.000197765
0.000197047
0.00018027
0.000161954
0.000150313
0.000163329
0.000148742
0.00013341
0.000124129
0.000461693
0.000422603
0.000376992
0.000345799
0.000361722
0.000332071
0.000298417
0.000276074
0.000267134
0.000245447
0.000222098
0.000207544
0.000222201
0.000203369
0.000183949
0.00017253
0.00014555
0.000131998
0.00011805
0.000109852
0.000110988
9.9558e-05
8.82013e-05
8.1877e-05
8.91197e-05
7.78239e-05
6.66489e-05
6.04994e-05
8.9111e-05
7.60041e-05
6.26654e-05
5.50308e-05
9.09083e-05
7.66131e-05
6.1833e-05
5.31961e-05
9.75099e-05
8.07452e-05
6.25985e-05
5.13419e-05
0.0001307
0.000107955
8.22092e-05
6.5361e-05
0.000172693
0.000143602
0.000109943
8.73627e-05
0.000163752
0.000139891
0.00011465
9.94399e-05
0.000190315
0.000160823
0.000128218
0.000107437
0.000263967
0.000222988
0.000175876
0.00014444
0.000347168
0.000294668
0.000233165
0.000191262
0.000265206
0.000243491
0.000222155
0.000210558
0.000217319
0.000196935
0.000177309
0.000167029
0.000213539
0.000188766
0.00016387
0.000149932
0.000252973
0.000220432
0.000186127
0.000165557
0.000280529
0.00024296
0.000202525
0.000177609
0.000345283
0.000296944
0.000242692
0.000207459
0.000489788
0.000421496
0.000342108
0.000288407
0.00064234
0.000554795
0.000451302
0.000379989
0.000457677
0.000401467
0.000340199
0.000301849
0.000587453
0.000512942
0.000428464
0.000372912
0.00084576
0.000739429
0.000614924
0.000529941
0.00110641
0.000970266
0.000808352
0.000695936
0.000140662
0.000130676
0.000118217
0.0001091
0.00012614
0.00011724
0.00010617
9.80906e-05
0.000107356
9.98092e-05
9.05071e-05
8.37722e-05
9.35744e-05
8.69443e-05
7.88856e-05
7.31248e-05
8.57763e-05
7.97062e-05
7.23732e-05
6.71612e-05
7.13452e-05
6.63536e-05
6.04001e-05
5.62196e-05
5.47721e-05
5.09352e-05
4.64795e-05
4.34334e-05
4.3963e-05
4.08033e-05
3.7242e-05
3.48846e-05
0.000117086
0.000108001
9.71542e-05
8.95356e-05
9.67294e-05
8.92944e-05
8.05538e-05
7.45068e-05
7.39946e-05
6.82394e-05
6.16821e-05
5.72912e-05
5.97424e-05
5.48943e-05
4.95478e-05
4.60975e-05
3.81326e-05
3.53674e-05
3.23099e-05
3.03298e-05
2.73713e-05
2.54056e-05
2.33253e-05
2.20489e-05
1.6747e-05
1.5477e-05
1.42475e-05
1.3586e-05
1.10516e-05
1.00657e-05
9.18848e-06
8.78661e-06
8.45271e-06
7.59992e-06
6.88033e-06
6.59019e-06
4.08192e-06
3.50855e-06
3.05957e-06
2.92058e-06
1.99782e-06
1.40169e-06
8.73301e-07
6.47595e-07
2.69611e-06
1.86078e-06
1.0179e-06
5.54753e-07
1.3609e-05
1.16544e-05
9.87779e-06
9.03683e-06
8.45377e-06
6.76502e-06
5.19838e-06
4.43902e-06
7.47229e-06
5.47904e-06
3.45909e-06
2.3312e-06
1.03859e-05
7.77823e-06
4.97481e-06
3.27159e-06
7.28957e-05
6.62723e-05
5.92406e-05
5.49147e-05
5.28351e-05
4.77084e-05
4.2499e-05
3.94825e-05
3.53697e-05
3.12164e-05
2.71971e-05
2.5048e-05
2.82306e-05
2.41129e-05
2.01562e-05
1.8078e-05
2.51088e-05
2.09747e-05
1.69953e-05
1.49079e-05
2.00691e-05
1.59498e-05
1.18152e-05
9.514e-06
2.28004e-05
1.76176e-05
1.20612e-05
8.68005e-06
3.09206e-05
2.42718e-05
1.6875e-05
1.21596e-05
4.8266e-05
4.02663e-05
3.22418e-05
2.77516e-05
4.60496e-05
3.72912e-05
2.80908e-05
2.26112e-05
5.83373e-05
4.68309e-05
3.40872e-05
2.59791e-05
7.77765e-05
6.30738e-05
4.63415e-05
3.53504e-05
5.0467e-05
4.73588e-05
4.34516e-05
4.05706e-05
4.50557e-05
4.22536e-05
3.87371e-05
3.61486e-05
3.83371e-05
3.59481e-05
3.29592e-05
3.07658e-05
3.34976e-05
3.14263e-05
2.88442e-05
2.69559e-05
3.09499e-05
2.90546e-05
2.66958e-05
2.49737e-05
2.63542e-05
2.47764e-05
2.28189e-05
2.13941e-05
2.08972e-05
1.96961e-05
1.82152e-05
1.7144e-05
1.71459e-05
1.62014e-05
1.5046e-05
1.42167e-05
3.92741e-05
3.69652e-05
3.4093e-05
3.1995e-05
3.32494e-05
3.13319e-05
2.89568e-05
2.72287e-05
2.60989e-05
2.46432e-05
2.28564e-05
2.15672e-05
2.11989e-05
2.00545e-05
1.86657e-05
1.76746e-05
1.52055e-05
1.43929e-05
1.34033e-05
1.26961e-05
1.17399e-05
1.11574e-05
1.04534e-05
9.95433e-06
7.93246e-06
7.5874e-06
7.17829e-06
6.89417e-06
5.54707e-06
5.33891e-06
5.09993e-06
4.93987e-06
4.41548e-06
4.2667e-06
4.10043e-06
3.99254e-06
2.53885e-06
2.48395e-06
2.42871e-06
2.39797e-06
9.02317e-07
9.09321e-07
9.25692e-07
9.43411e-07
2.26023e-07
2.43605e-07
2.69966e-07
2.9268e-07
4.90235e-06
4.74577e-06
4.58404e-06
4.4883e-06
2.62708e-06
2.5871e-06
2.55942e-06
2.55467e-06
7.76331e-07
8.00061e-07
8.42796e-07
8.83659e-07
1.17634e-07
1.39438e-07
1.75516e-07
2.08587e-07
2.30505e-05
2.17763e-05
2.02768e-05
1.92374e-05
1.71088e-05
1.6233e-05
1.52251e-05
1.45427e-05
1.08533e-05
1.03632e-05
9.83137e-06
9.49465e-06
7.14535e-06
6.85587e-06
6.57241e-06
6.41688e-06
5.44141e-06
5.24085e-06
5.06458e-06
4.98517e-06
2.64408e-06
2.60099e-06
2.59782e-06
2.63085e-06
5.8364e-07
6.06514e-07
6.68451e-07
7.38377e-07
4.41962e-08
3.90937e-08
5.90284e-08
9.35712e-08
6.339e-06
5.96768e-06
5.66951e-06
5.56335e-06
2.83949e-06
2.68687e-06
2.61655e-06
2.64986e-06
6.25645e-07
5.2797e-07
4.9486e-07
5.36607e-07
4.32031e-07
2.4638e-07
9.18549e-08
3.78658e-08
1.27346e-05
1.10769e-05
9.09343e-06
7.71059e-06
1.16565e-05
1.01981e-05
8.45292e-06
7.23567e-06
1.03738e-05
9.14845e-06
7.68301e-06
6.66115e-06
9.4832e-06
8.41593e-06
7.14113e-06
6.25314e-06
9.00371e-06
8.01615e-06
6.8365e-06
6.01463e-06
8.05887e-06
7.21113e-06
6.19968e-06
5.49572e-06
6.90854e-06
6.22468e-06
5.41089e-06
4.84594e-06
6.09087e-06
5.51861e-06
4.83975e-06
4.36998e-06
1.32347e-05
1.20346e-05
1.05792e-05
9.54792e-06
1.1621e-05
1.06092e-05
9.38487e-06
8.51934e-06
9.68807e-06
8.89657e-06
7.94288e-06
7.27188e-06
8.33936e-06
7.69721e-06
6.92736e-06
6.38874e-06
5.62326e-06
5.10876e-06
4.49975e-06
4.07927e-06
4.70388e-06
4.29559e-06
3.81472e-06
3.48455e-06
3.6231e-06
3.33673e-06
3.00302e-06
2.77661e-06
2.88615e-06
2.68015e-06
2.44359e-06
2.28585e-06
2.47656e-06
2.31041e-06
2.12252e-06
1.9996e-06
1.74016e-06
1.64647e-06
1.54467e-06
1.48145e-06
9.92044e-07
9.7162e-07
9.56495e-07
9.53243e-07
5.85202e-07
6.04382e-07
6.35921e-07
6.64923e-07
2.97223e-06
2.82206e-06
2.65366e-06
2.54525e-06
1.97627e-06
1.90042e-06
1.8207e-06
1.77404e-06
9.87634e-07
9.80256e-07
9.81397e-07
9.90431e-07
4.73369e-07
4.96567e-07
5.32966e-07
5.65632e-07
9.81586e-06
9.18793e-06
8.43021e-06
7.89623e-06
7.85842e-06
7.38916e-06
6.82687e-06
6.43385e-06
5.63212e-06
5.33521e-06
4.9852e-06
4.74532e-06
4.17703e-06
3.98606e-06
3.76655e-06
3.62081e-06
3.44457e-06
3.30057e-06
3.1386e-06
3.03409e-06
2.18144e-06
2.1141e-06
2.04372e-06
2.00307e-06
9.70905e-07
9.67535e-07
9.72349e-07
9.83148e-07
3.79838e-07
3.99331e-07
4.2956e-07
4.56553e-07
3.92517e-06
3.77972e-06
3.61488e-06
3.50705e-06
2.37512e-06
2.31193e-06
2.24532e-06
2.20609e-06
9.51225e-07
9.49911e-07
9.55793e-07
9.66054e-07
3.05247e-07
3.21147e-07
3.45391e-07
3.66728e-07
1.27032e-07
5.89359e-08
8.33476e-09
2.56728e-09
1.88795e-07
9.12417e-08
1.69718e-08
3.72793e-09
2.53564e-07
1.25635e-07
2.72444e-08
5.86859e-09
2.82487e-07
1.41226e-07
3.20464e-08
6.59808e-09
2.74913e-07
1.35379e-07
3.11561e-08
9.47671e-09
2.64959e-07
1.30246e-07
2.91566e-08
7.20783e-09
2.47568e-07
1.21054e-07
2.61667e-08
5.21239e-09
2.30921e-07
1.12024e-07
2.34124e-08
4.21776e-09
1.24859e-06
9.25177e-07
5.78989e-07
3.70255e-07
1.20538e-06
8.93188e-07
5.5939e-07
3.58204e-07
1.13119e-06
8.37219e-07
5.24005e-07
3.35764e-07
1.06182e-06
7.84393e-07
4.89942e-07
3.13614e-07
2.17771e-07
1.04879e-07
2.14853e-08
4.25249e-09
1.91618e-07
9.1273e-08
1.8368e-08
4.84606e-09
1.61588e-07
7.59271e-08
1.55581e-08
6.7677e-09
1.41771e-07
6.61958e-08
1.46222e-08
9.37693e-09
1.40417e-07
6.75652e-08
1.48107e-08
6.96468e-09
1.39892e-07
6.96192e-08
1.66258e-08
6.93085e-09
1.78602e-07
9.49808e-08
2.61601e-08
7.10077e-09
2.47213e-07
1.36955e-07
4.13942e-08
8.70762e-09
6.41688e-07
4.75781e-07
3.01241e-07
1.97854e-07
5.62633e-07
4.27265e-07
2.81827e-07
1.92642e-07
5.24937e-07
4.18999e-07
3.01387e-07
2.25868e-07
5.49893e-07
4.60343e-07
3.57895e-07
2.89706e-07
2.26773e-06
1.88839e-06
1.45579e-06
1.16947e-06
1.98873e-06
1.66097e-06
1.28759e-06
1.04053e-06
1.6583e-06
1.39293e-06
1.09099e-06
8.91202e-07
1.42962e-06
1.20822e-06
9.56742e-07
7.90496e-07
1.28731e-06
1.09328e-06
8.74572e-07
7.31222e-07
1.03401e-06
8.94024e-07
7.35535e-07
6.30609e-07
7.98881e-07
7.18615e-07
6.27153e-07
5.65852e-07
6.92466e-07
6.51314e-07
6.04226e-07
5.72491e-07
1.91824e-06
1.73242e-06
1.52053e-06
1.3798e-06
1.43474e-06
1.31604e-06
1.1826e-06
1.09522e-06
9.45813e-07
8.99784e-07
8.51384e-07
8.22222e-07
6.80798e-07
6.7959e-07
6.83913e-07
6.91279e-07
