FiniteElementSpace
FiniteElementCollection: H1_2D_P2
VDim: 2
Ordering: 0

0
0.785266
1.47984
2.08679
2.64838
3.19695
3.74074
4.28114
4.82252
0
1.15896
2.1247
2.86107
3.46975
4.03269
4.58144
5.12314
5.66297
0.403083
0.988858
0.58829
0
1.14502
1.82142
1.67424
1.79194
2.48514
2.51588
2.37058
3.06347
3.17494
2.92338
3.61638
3.75401
3.46941
4.16179
4.30818
4.01115
4.70227
4.85291
4.55142
5.24258
5.39286
0.504855
1.42975
2.16949
2.78005
3.34127
3.88982
4.43244
4.97206
0.20475
0.459276
0.252631
0
0.968201
1.29637
1.21542
0.894902
1.63843
1.9871
2.00027
1.65879
2.22971
2.57822
2.63453
2.29045
2.78611
3.13333
3.20283
2.85768
3.33332
3.67998
3.75329
3.40725
3.87604
4.22197
4.29726
3.95152
4.4162
4.76175
4.83712
4.4918
0.596727
0.751277
1.07524
0.87914
0.546369
0.290398
0
1.31551
1.63159
1.97489
1.9075
1.55377
1.42454
1.94112
2.3306
2.67419
2.69328
2.34423
2.32696
2.50998
2.92275
3.26696
3.32411
2.97815
3.02107
3.0603
3.47907
3.82468
3.89385
3.54784
3.61282
3.60521
4.02598
4.3717
4.44506
4.09912
4.17075
4.14615
4.56741
4.91267
4.98814
4.6427
4.71737
4.68685
5.0325
5.1072
5.45274
5.52781
5.18241
5.25801
0.23461
1.10053
1.82668
2.43576
2.9958
3.54376
4.08686
4.62671
0.680397
0.816146
0.269113
1.48231
1.77139
1.32158
2.14128
2.51327
2.16533
2.71864
3.12391
2.82866
3.27045
3.68663
3.40809
3.8159
4.23563
3.96216
4.35692
4.77777
4.50737
4.89699
5.31746
5.04751
0.105402
0.221761
0.119286
0
0.877417
1.0372
0.998888
0.842684
1.55978
1.73478
1.74374
1.57183
2.15853
2.33379
2.36353
2.18993
2.7173
2.89133
2.92683
2.75352
3.26516
3.43866
3.47554
3.30226
3.80842
3.98151
4.01922
3.8462
4.34866
4.52147
4.55924
4.3865
0.500487
0.640721
0.57043
0.432825
0.629007
0.784101
0.682457
0.525697
0.12575
0.260922
0.131388
0
1.23101
1.40166
1.39055
1.22357
1.53221
1.70227
1.66439
1.49251
1.10361
1.26918
1.20012
1.03262
1.867
2.0428
2.06489
1.89143
2.25096
2.4225
2.42987
2.25751
1.91214
2.08352
2.07166
1.89892
2.44042
2.61495
2.64864
2.47523
2.8517
3.02358
3.05143
2.87942
2.5604
2.732
2.75214
2.58015
2.99187
3.16558
3.20193
3.02863
3.41024
3.58294
3.61734
3.44467
3.1333
3.30561
3.33773
3.16541
3.53734
3.71064
3.74798
3.57479
3.95795
4.13085
4.16743
3.99452
3.68488
3.85778
3.89349
3.72061
4.07866
4.25158
4.28946
4.11661
4.49995
4.6726
4.71027
4.53759
4.22956
4.40234
4.43958
4.26677
4.61911
4.79191
4.82934
4.65658
5.0396
5.21232
5.24991
5.07723
4.76969
4.94231
4.98009
4.80747
0.304379
0.347331
0.483047
0.379168
0.244197
0
1.05735
1.19968
1.36465
1.32414
1.15948
0.943208
1.71575
1.90775
2.07954
2.08599
1.91487
1.74162
2.30034
2.5073
2.67974
2.70771
2.5359
2.3887
2.85478
3.06463
3.23752
3.27215
3.0996
2.96095
3.40139
3.61191
3.78498
3.8216
3.64863
3.51194
3.94361
4.15444
4.32724
4.36488
4.1921
4.05671
4.48379
4.69421
4.8669
4.90457
4.73192
4.59705
0.6916
0.788642
0.871323
0.716945
0.947168
1.1172
1.02075
0.847706
0.734835
0.567242
0.408304
0.440243
0.278984
0.140002
0
1.39839
1.57168
1.72795
1.55854
1.87485
2.04994
2.01809
1.83959
1.79298
1.61414
1.43949
1.5515
1.37318
1.29373
2.01433
2.21642
2.4086
2.23701
2.59464
2.76768
2.77825
2.60336
2.6059
2.43017
2.25612
2.42299
2.24629
2.22764
2.57927
2.7883
2.99332
2.82117
3.19572
3.36833
3.39729
3.22399
3.25002
3.07654
2.90395
3.09866
2.92489
2.94192
3.12865
3.33888
3.54778
3.37492
3.75574
3.92868
3.96337
3.79023
3.82407
3.6509
3.47811
3.6836
3.51042
3.54154
3.67301
3.88375
4.09393
3.92101
4.30371
4.47658
4.5133
4.34035
4.37668
4.20366
4.0307
4.23954
4.06646
4.1018
4.21364
4.42436
4.63485
4.46219
4.84524
5.01789
5.05566
4.88294
4.92056
4.74781
4.57508
4.78519
4.61237
4.64945
4.75466
4.9275
4.96471
5.13753
5.17485
5.00209
5.34765
5.38507
5.55784
5.59536
5.42262
5.46032
5.28761
5.11495
5.32543
5.15274
5.19058
0.114914
0.940906
1.65415
2.26221
2.8225
3.37049
3.91389
4.45397
0.537345
0.655992
0.128623
1.31362
1.59907
1.15249
1.96771
2.34103
1.99264
2.54527
2.95185
2.65671
3.09714
3.51389
3.23568
3.64275
4.06274
3.78925
4.1841
4.60512
4.3346
4.72422
5.14475
4.87489
0.32742
0.364157
0.122945
1.1314
1.26347
1.05267
1.81383
1.99819
1.8294
2.40476
2.60818
2.46279
2.96003
3.16864
3.03039
3.50676
3.71685
3.58033
4.04908
4.2597
4.12444
4.589
4.79939
4.66448
0.742526
0.831202
0.600744
0.909736
0.984034
0.70865
0.393707
0.424007
0.13459
1.48769
1.65138
1.46298
1.80217
1.94662
1.72882
1.38254
1.49562
1.24703
2.11684
2.3135
2.15909
2.50215
2.68651
2.51799
2.17174
2.33968
2.14979
2.68435
2.89123
2.75071
3.09475
3.29648
3.15071
2.80619
3.00131
2.84707
3.23395
3.44348
3.30628
3.65184
3.85955
3.72069
3.37526
3.58083
3.43961
3.77846
3.9889
3.85304
4.19886
4.40852
4.27207
3.92621
4.13513
3.99765
4.31904
4.52963
4.39473
4.74005
4.95043
4.81541
4.47
4.68013
4.54452
4.85967
5.06977
4.93447
5.27995
5.4902
5.35509
5.00975
5.22016
5.08532
0
-0.190811
-0.659197
-1.32743
-2.09744
-2.9079
-3.73289
-4.5664
-5.40524
1
0.733892
0.110882
-0.682253
-1.51349
-2.34719
-3.1831
-4.02264
-4.86333
-0.0680305
0.309074
0.910688
0.5
-0.392788
-0.253702
0.456922
-0.975224
-0.996222
-0.275661
-1.70447
-1.80231
-1.09681
-2.49994
-2.62625
-1.93032
-3.31918
-3.45723
-2.76465
-4.14873
-4.29409
-3.60254
-4.98547
-5.13404
-4.44297
0.466299
0.0609458
-0.611846
-1.39537
-2.21319
-3.04095
-3.87504
-4.71392
-0.0395168
0.213333
0.504232
0.25
-0.282799
-0.15865
0.194922
0.0705161
-0.811893
-0.792011
-0.428563
-0.452645
-1.51346
-1.55007
-1.19447
-1.1615
-2.29781
-2.3567
-2.0074
-1.9501
-3.1132
-3.18002
-2.8334
-2.76709
-3.94056
-4.01185
-3.66595
-3.595
-4.7758
-4.84968
-4.50394
-4.43024
-0.118711
0.4003
0.529431
0.836544
0.696765
0.954233
0.75
-0.518884
-0.0896176
-0.0651643
0.290593
0.266185
0.606037
-1.14757
-0.801594
-0.83544
-0.477383
-0.43871
-0.0788165
-1.89942
-1.59816
-1.65619
-1.30507
-1.24344
-0.889016
-2.7034
-2.4195
-2.48609
-2.13872
-2.07071
-1.72192
-3.52576
-3.24889
-3.31984
-2.97374
-2.90238
-2.55581
-4.35736
-4.08444
-4.15817
-3.81254
-3.73852
-3.39271
-5.19532
-5.26957
-4.92397
-4.99864
-4.65314
-4.57833
-4.2328
0.247946
-0.0346196
-0.617715
-1.35395
-2.15279
-2.97328
-3.80321
-4.63987
0.154
0.626628
0.738963
-0.298848
0.10727
0.40812
-0.973772
-0.635072
-0.24803
-1.74901
-1.44947
-1.03854
-2.56153
-2.2783
-1.86332
-3.38726
-3.11095
-2.6941
-4.22088
-3.94825
-3.52904
-5.05959
-4.78848
-4.36821
-0.0253451
0.108296
0.253514
0.125
-0.234552
-0.156116
0.0204394
-0.0568298
-0.734143
-0.714417
-0.533911
-0.555145
-1.41976
-1.43394
-1.2572
-1.24465
-2.19738
-2.22546
-2.05127
-2.02398
-3.01046
-3.04327
-2.87011
-2.83755
-3.83666
-3.87189
-3.69905
-3.66395
-4.67106
-4.70784
-4.53503
-4.49834
-0.0908225
0.0215823
0.186729
0.0766816
0.43654
0.515705
0.665229
0.583951
0.507944
0.624036
0.747911
0.625
-0.454006
-0.407584
-0.226913
-0.273823
-0.0124732
0.0104566
0.18863
0.165368
0.254654
0.303481
0.471589
0.421356
-1.06039
-1.06075
-0.882057
-0.88351
-0.706017
-0.717404
-0.536295
-0.524183
-0.339945
-0.337027
-0.155467
-0.157982
-1.80152
-1.82446
-1.64923
-1.62752
-1.49656
-1.5234
-1.34634
-1.31888
-1.09496
-1.11587
-0.936714
-0.915054
-2.60153
-2.63255
-2.45901
-2.42844
-2.31628
-2.34874
-2.17448
-2.14175
-1.90475
-1.9351
-1.75971
-1.72892
-3.4224
-3.45652
-3.28358
-3.24961
-3.14487
-3.17985
-3.00663
-2.97158
-2.72978
-2.76365
-2.59007
-2.55605
-4.25299
-4.28913
-4.11632
-4.0803
-3.9797
-4.0163
-3.84336
-3.80673
-3.56154
-3.59744
-3.4244
-3.38847
-5.09038
-5.12745
-4.95462
-4.91758
-4.81894
-4.8562
-4.6834
-4.6461
-4.399
-4.43604
-4.26317
-4.22609
-0.0510899
0.233545
0.342969
0.488917
0.379123
0.375
-0.335748
-0.0944768
-0.0470323
0.130189
0.0823158
0.192285
-0.892359
-0.703828
-0.701254
-0.519283
-0.522237
-0.352001
-1.60842
-1.4516
-1.47255
-1.29464
-1.27396
-1.07851
-2.39869
-2.25461
-2.28489
-2.11022
-2.08003
-1.87612
-3.21611
-3.07658
-3.11045
-2.93713
-2.9033
-2.69663
-4.04458
-3.90748
-3.94342
-3.77045
-3.73455
-3.52608
-4.88061
-4.74475
-4.78178
-4.60892
-4.57189
-4.36215
-0.152308
0.11507
0.357705
0.27993
0.581259
0.633564
0.78878
0.733496
0.877542
0.805476
0.72138
0.936581
0.848641
0.972346
0.875
-0.587427
-0.374209
-0.170157
-0.19275
0.0225412
0.0245413
0.202236
0.200705
0.375739
0.363393
0.339507
0.533994
0.50896
0.673022
-1.23666
-1.06697
-0.89838
-0.88719
-0.734842
-0.757724
-0.579519
-0.554946
-0.376031
-0.355754
-0.342537
-0.176489
-0.161856
0.0171181
-1.99811
-1.84932
-1.70009
-1.67347
-1.55276
-1.58432
-1.40929
-1.37661
-1.20092
-1.16932
-1.14081
-0.992835
-0.962818
-0.78547
-2.80554
-2.66423
-2.52282
-2.49047
-2.38217
-2.41645
-2.24295
-2.20827
-2.03452
-2.0002
-1.96699
-1.82613
-1.79221
-1.61772
-3.62926
-3.49107
-3.35301
-3.31804
-3.21536
-3.25138
-3.07839
-3.04224
-2.86916
-2.83339
-2.79821
-2.6602
-2.62481
-2.45148
-4.46183
-4.32553
-4.18924
-4.15264
-4.05319
-4.09034
-3.91758
-3.88032
-3.70753
-3.67045
-3.63375
-3.4976
-3.46079
-3.28788
-5.30028
-5.33738
-5.16457
-5.20179
-5.029
-4.99176
-5.06632
-4.89356
-4.93098
-4.75823
-4.7208
-4.54806
-4.51062
-4.47326
-4.33789
-4.30046
-4.12772
0.118679
-0.104082
-0.633451
-1.3387
-2.12451
-2.94033
-3.76786
-4.60306
0.0520233
0.553208
0.629621
-0.338871
0.089793
0.365149
-0.971211
-0.620146
-0.246348
-1.72562
-1.42099
-1.01513
-2.53038
-2.2452
-1.83194
-3.353
-3.07567
-2.65981
-4.18466
-3.91148
-3.49291
-5.0225
-4.75115
-4.33105
0.095198
0.36452
0.382777
-0.212861
0.0198493
0.139878
-0.797852
-0.610772
-0.435895
-1.53026
-1.37291
-1.17578
-2.32679
-2.18236
-1.97794
-3.14637
-3.00682
-2.79991
-3.97604
-3.83894
-3.63027
-4.81269
-4.67682
-4.467
-0.0149542
0.23903
0.314603
0.471647
0.686897
0.773204
0.607663
0.83068
0.862552
-0.479794
-0.270859
-0.118044
-0.0722692
0.114109
0.28398
0.236727
0.438595
0.574176
-1.15195
-0.982258
-0.793458
-0.81576
-0.655978
-0.454806
-0.42973
-0.258015
-0.067554
-1.92394
-1.77461
-1.57275
-1.62605
-1.48043
-1.2729
-1.21715
-1.06594
-0.860049
-2.73496
-2.59348
-2.3876
-2.45236
-2.31234
-2.10422
-2.03837
-1.89619
-1.68825
-3.56017
-3.42201
-3.21419
-3.28411
-3.14677
-2.93778
-2.86757
-2.72907
-2.52061
-4.39369
-4.25736
-4.04799
-4.12117
-3.98532
-3.77537
-3.70205
-3.56559
-3.35605
-5.23241
-5.09677
-4.88677
-4.96126
-4.82589
-4.61571
-4.54106
-4.40553
-4.19539
