FiniteElementSpace
FiniteElementCollection: H1_2D_P2
VDim: 2
Ordering: 0

0
-0.00469359
-0.0112994
-0.014594
-0.0120265
-0.00803903
-0.00844766
-0.0137239
-0.0200387
0
0.000799082
-0.00467856
-0.0122399
-0.0132992
-0.00933569
-0.0071042
-0.0101098
-0.0161048
-0.00192289
-0.00141413
0.000630708
0
-0.00804097
-0.007856
-0.00100863
-0.0136826
-0.0139475
-0.00892002
-0.0139039
-0.0129737
-0.0137289
-0.00977075
-0.0084028
-0.0115285
-0.00751067
-0.00728352
-0.00764112
-0.0106782
-0.0116772
-0.00798043
-0.0169972
-0.0180663
-0.0130198
-0.000301858
-0.0040376
-0.0115837
-0.0143419
-0.0106502
-0.0071165
-0.00892786
-0.01493
-0.00088561
-0.00100298
-9.57045e-05
0
-0.00633133
-0.00570876
-0.00252345
-0.00273969
-0.0126462
-0.0126759
-0.00982136
-0.00942131
-0.0144353
-0.0143167
-0.0143958
-0.0144366
-0.0108877
-0.0102796
-0.0118674
-0.0126505
-0.00759722
-0.00721932
-0.00759783
-0.00820066
-0.00942609
-0.00966623
-0.00793663
-0.00772985
-0.0153673
-0.0159178
-0.0132814
-0.0125989
-0.00320463
-0.000704773
-0.000300628
0.000909677
0.000227427
0.000190196
0
-0.0097308
-0.00586682
-0.006352
-0.00267412
-0.0025643
0.000170977
-0.0143433
-0.0129935
-0.0132226
-0.010771
-0.0103727
-0.00682832
-0.0130692
-0.0138377
-0.0131522
-0.0137299
-0.0141273
-0.0132375
-0.00878859
-0.00945454
-0.00873656
-0.0104238
-0.0110186
-0.0125279
-0.00779754
-0.00700611
-0.00707117
-0.00720176
-0.00722946
-0.00837648
-0.0121358
-0.010199
-0.0108757
-0.00891251
-0.00838322
-0.00736666
-0.0185598
-0.0190486
-0.0165477
-0.0170977
-0.0145762
-0.0139891
-0.0115044
-0.000387906
-0.00407201
-0.0111824
-0.0146063
-0.0114901
-0.0075371
-0.00854001
-0.0142495
-0.00174133
0.000137654
0.000113525
-0.0075423
-0.0043336
-0.00119463
-0.0137849
-0.0120121
-0.00842965
-0.0136324
-0.0138411
-0.013933
-0.00914543
-0.00983256
-0.0121691
-0.007282
-0.00696339
-0.00784008
-0.0110444
-0.00951272
-0.00755316
-0.0175338
-0.0155798
-0.012395
-0.000415043
-0.000605371
-0.000150269
0
-0.00550012
-0.00507324
-0.00336493
-0.00360054
-0.0120054
-0.0118974
-0.0103253
-0.0103078
-0.0145652
-0.0145806
-0.0145805
-0.0145676
-0.0114624
-0.0112266
-0.0120847
-0.012387
-0.00777449
-0.00755377
-0.00782933
-0.00811875
-0.00889731
-0.00894222
-0.00809231
-0.00805053
-0.0145435
-0.0147864
-0.0134171
-0.0131311
-0.0025373
-0.00239431
-0.00134928
-0.00142963
-0.000473071
-0.000269049
0.000216965
-2.30427e-05
-4.18976e-05
1.7045e-05
2.97944e-05
0
-0.00889434
-0.00854835
-0.00660961
-0.00675839
-0.00492161
-0.00510082
-0.00340722
-0.00329622
-0.00191682
-0.00185037
-0.000686845
-0.0008456
-0.0140625
-0.0141013
-0.0132828
-0.0131931
-0.0123394
-0.0125288
-0.0112395
-0.0109992
-0.00885275
-0.00913986
-0.00739615
-0.00711122
-0.0135204
-0.0134074
-0.0140181
-0.0141712
-0.0141406
-0.0138579
-0.01404
-0.0142592
-0.014235
-0.0141925
-0.0136425
-0.0136136
-0.00925577
-0.00897905
-0.00969576
-0.0100505
-0.0100419
-0.00962694
-0.0104219
-0.0108263
-0.0124427
-0.0120194
-0.0126895
-0.0130733
-0.00760555
-0.00750723
-0.00720245
-0.00734092
-0.00701381
-0.00695379
-0.0070512
-0.00714217
-0.00796453
-0.00769063
-0.00825765
-0.00854616
-0.0113851
-0.0115535
-0.0103285
-0.010132
-0.00953298
-0.00984048
-0.00891447
-0.00863485
-0.00756543
-0.00771945
-0.00726674
-0.0071483
-0.0177907
-0.0180426
-0.0167359
-0.016445
-0.0157466
-0.0160646
-0.0147891
-0.0144576
-0.0124687
-0.0128327
-0.0116209
-0.0112663
-0.00137191
-0.000686272
-0.000624859
-0.000180815
-0.000224883
0
-0.00718333
-0.00485821
-0.00482816
-0.00323414
-0.00325005
-0.00203376
-0.013207
-0.0119695
-0.0121404
-0.0107374
-0.010497
-0.00861759
-0.0142138
-0.0145152
-0.0143656
-0.0144286
-0.0145373
-0.0142241
-0.0103193
-0.0108832
-0.0104733
-0.0112643
-0.0116965
-0.0128383
-0.00750592
-0.00733244
-0.00714373
-0.00731364
-0.00754945
-0.00829155
-0.0100207
-0.00906748
-0.00926874
-0.0083936
-0.00820799
-0.00747627
-0.0161886
-0.0150859
-0.0154146
-0.0141049
-0.0137509
-0.0121181
-0.00392883
-0.0022023
-0.00101444
-0.00118867
-2.91831e-05
0.000241936
0.000917673
0.000527317
0.000811284
0.000445819
0.000187473
0.000413377
0.000179814
3.12486e-05
0
-0.0105358
-0.00848562
-0.00685244
-0.00666915
-0.00532334
-0.00555044
-0.00364639
-0.00353429
-0.00178701
-0.00181078
-0.00182262
-0.000348437
-0.000528442
0.000558781
-0.014521
-0.0141695
-0.0135309
-0.0134125
-0.0126768
-0.0127685
-0.0115649
-0.0114316
-0.00989042
-0.0096867
-0.00942971
-0.00789785
-0.00766752
-0.00575106
-0.0125682
-0.0131714
-0.0134434
-0.0137677
-0.0135405
-0.0132243
-0.0135648
-0.013797
-0.0137903
-0.0139509
-0.0140933
-0.01355
-0.0136167
-0.0128054
-0.00837837
-0.00864334
-0.00890411
-0.00929881
-0.00926615
-0.00899281
-0.00986895
-0.0100914
-0.0109806
-0.0112467
-0.0116064
-0.0120488
-0.0123338
-0.0129498
-0.00807706
-0.00745891
-0.00709705
-0.00711569
-0.00697022
-0.00705401
-0.00710677
-0.00704194
-0.00737913
-0.00739027
-0.00749503
-0.00797393
-0.00806221
-0.00883191
-0.012918
-0.0118046
-0.0109173
-0.010597
-0.0101697
-0.0104935
-0.0094817
-0.00920562
-0.00840886
-0.00816593
-0.00792748
-0.00763002
-0.00743481
-0.00718889
-0.0193108
-0.0195438
-0.018305
-0.0185538
-0.0173227
-0.0170359
-0.0175828
-0.0163517
-0.0166087
-0.0153492
-0.0150871
-0.0137991
-0.013514
-0.0131877
-0.0122527
-0.0119562
-0.0107873
-0.000227078
-0.00430688
-0.0111308
-0.0146294
-0.0118168
-0.00779489
-0.00845529
-0.0139539
-0.00188896
-0.000112953
-2.93612e-08
-0.00764802
-0.00416222
-0.00129168
-0.0136989
-0.011813
-0.00813514
-0.0138282
-0.0141121
-0.0139672
-0.0094946
-0.0102194
-0.0125719
-0.00737585
-0.00700142
-0.00808496
-0.0108183
-0.00920568
-0.00738874
-0.0172549
-0.0152674
-0.012037
-0.00100773
-0.00040815
-8.34768e-05
-0.00589559
-0.00399893
-0.0025947
-0.0125873
-0.0113565
-0.00957603
-0.0144252
-0.0145086
-0.0144423
-0.0106329
-0.0110869
-0.0122858
-0.00740065
-0.00730179
-0.00788272
-0.00950352
-0.00870105
-0.00779831
-0.0156198
-0.0145835
-0.0129256
-0.0029658
-0.00156935
-0.000880605
-0.000508719
0.000441574
0.000523393
1.53701e-05
0.000323746
5.13766e-05
-0.00943977
-0.0076404
-0.00572468
-0.00609166
-0.00451767
-0.00262484
-0.00252163
-0.00110665
-7.67867e-05
-0.0143907
-0.0138784
-0.0128285
-0.0131313
-0.0121589
-0.0106046
-0.0101012
-0.00870272
-0.00661016
-0.0129226
-0.0133371
-0.0141142
-0.0135065
-0.0135575
-0.013932
-0.0142875
-0.0138484
-0.0132578
-0.00851654
-0.00876799
-0.00987244
-0.00906489
-0.00952744
-0.0106694
-0.0114318
-0.0118067
-0.0128115
-0.00773269
-0.0072484
-0.00708168
-0.00700347
-0.00700153
-0.00717245
-0.00737456
-0.00768897
-0.00850005
-0.0123277
-0.0113386
-0.00990411
-0.0105308
-0.00982282
-0.00865047
-0.00813742
-0.0077585
-0.00719866
-0.018806
-0.0178101
-0.0162343
-0.0168384
-0.0158579
-0.0143034
-0.0136426
-0.0127283
-0.0112079
0
-0.00161615
-0.00695458
-0.0115172
-0.0113755
-0.00719145
-0.0034451
-0.00371789
-0.00718358
0
-0.00259709
-0.0103798
-0.0119727
-0.00758864
-0.00377159
-0.00442706
-0.00858744
-0.0130289
-0.000567743
-0.00161301
4.3358e-05
0
-0.00400045
-0.00894672
-0.00670764
-0.00967058
-0.0121661
-0.0122359
-0.0121122
-0.00960718
-0.0101248
-0.00955692
-0.00524303
-0.00524982
-0.00495273
-0.00355898
-0.00349692
-0.00302404
-0.0059459
-0.00627428
-0.00525989
-0.0100611
-0.0109218
0.000465569
-0.00527914
-0.011391
-0.0114177
-0.00733723
-0.00387338
-0.00433143
-0.00799528
-0.000550588
0.000251945
0.000614042
0
-0.00268326
-0.00474605
-0.00334322
-0.00145431
-0.00838699
-0.0107918
-0.010367
-0.00821442
-0.0119838
-0.0117964
-0.0119583
-0.0120004
-0.0105735
-0.00831159
-0.00848945
-0.0104181
-0.00601437
-0.00428036
-0.00444047
-0.00606414
-0.00308922
-0.00364582
-0.00381918
-0.00341549
-0.00440863
-0.00665056
-0.00694382
-0.00484279
-0.000894908
-0.000295787
-0.00198187
-0.000984567
0.000364068
0.000346007
0
-0.00545969
-0.00720726
-0.0095744
-0.00870837
-0.00586784
-0.00458731
-0.0107329
-0.0119883
-0.012132
-0.0123498
-0.011796
-0.0115788
-0.0119024
-0.0106095
-0.00873445
-0.00888396
-0.0108928
-0.011194
-0.00840136
-0.00623024
-0.00453625
-0.00437359
-0.00639447
-0.00634634
-0.00407797
-0.003575
-0.00388358
-0.00382375
-0.00363449
-0.00347596
-0.00324233
-0.00505679
-0.00715285
-0.00740266
-0.00517167
-0.00526229
-0.0062069
-0.00862581
-0.00905001
-0.0115252
-0.0120037
-0.00939228
-0.00977469
0.000345847
-0.00298904
-0.00965689
-0.0120656
-0.00942139
-0.00508042
-0.00339515
-0.00569794
-0.00033129
-0.000522688
0.000557528
-0.00653937
-0.00784514
-0.00383743
-0.0115779
-0.0121925
-0.0109168
-0.0112305
-0.00988214
-0.0116726
-0.00716619
-0.00536979
-0.00754256
-0.00371462
-0.00361535
-0.00394634
-0.00414181
-0.00610266
-0.00441536
-0.00764443
-0.0104874
-0.00826644
-0.000434925
-2.24962e-05
0.000234296
0
-0.00211376
-0.00282741
-0.00218399
-0.00147141
-0.00768275
-0.00912258
-0.00896896
-0.00768199
-0.0117925
-0.0120518
-0.0120759
-0.0118095
-0.011006
-0.00995565
-0.00993852
-0.0108665
-0.00659245
-0.0055002
-0.00555331
-0.00657666
-0.00323012
-0.00322959
-0.0033707
-0.00340776
-0.00403971
-0.00506653
-0.00525455
-0.00429077
-0.000688199
-0.000508068
2.66959e-05
-4.93256e-05
0.000157346
-0.000379786
8.5945e-07
0.000444988
0.000409556
0.000613955
0.000371425
0
-0.0047178
-0.0060778
-0.00564841
-0.00441508
-0.00625684
-0.0075119
-0.00687701
-0.00555316
-0.00244033
-0.00356577
-0.00287327
-0.00177025
-0.0102329
-0.0112286
-0.0112288
-0.0103223
-0.0117424
-0.012105
-0.012054
-0.0116017
-0.00970217
-0.0106427
-0.0103006
-0.00925354
-0.0120497
-0.0115517
-0.0115474
-0.0119591
-0.0110421
-0.0102691
-0.0104102
-0.0111793
-0.0121067
-0.0118383
-0.0119474
-0.0121687
-0.00899108
-0.00773192
-0.00773851
-0.00888539
-0.00677338
-0.0058035
-0.00586218
-0.00687605
-0.00905753
-0.00803206
-0.00813821
-0.00919135
-0.00448683
-0.00386413
-0.00396593
-0.0045759
-0.0036897
-0.00357417
-0.00358846
-0.00373763
-0.00481546
-0.00418306
-0.00420844
-0.00488608
-0.00309849
-0.00369679
-0.00386548
-0.00333171
-0.00467054
-0.00555638
-0.00561881
-0.00472633
-0.00365602
-0.00409173
-0.00411885
-0.00369714
-0.00572665
-0.00693418
-0.00714547
-0.00596785
-0.00852488
-0.00976071
-0.00994578
-0.00868195
-0.00643471
-0.00758898
-0.00770502
-0.00652919
-0.00053461
0.000344932
0.000408803
0.000614848
0.000534554
0
-0.00331714
-0.00385275
-0.00501772
-0.00430022
-0.00315379
-0.00150579
-0.0090512
-0.0102648
-0.0111326
-0.0109306
-0.0100517
-0.00861357
-0.0120916
-0.0119703
-0.011621
-0.0117252
-0.0120353
-0.0121151
-0.0100877
-0.00887594
-0.00780643
-0.00791259
-0.00894361
-0.0100085
-0.00546311
-0.00465408
-0.00405048
-0.00412537
-0.00473374
-0.00562813
-0.00301947
-0.00348799
-0.00397488
-0.00404621
-0.0035892
-0.0034655
-0.00481853
-0.00616561
-0.00732196
-0.00746603
-0.00631806
-0.00538862
-0.0012117
-0.000834645
-0.000893525
-0.000274371
-0.00119001
-0.00225411
-0.00172038
-0.000722778
-0.000376177
0.000231317
0.000551285
0.00030255
0.000465712
0.000245971
0
-0.00620735
-0.00739877
-0.00810974
-0.00689439
-0.00875148
-0.00994029
-0.00959845
-0.00823498
-0.00773765
-0.00624518
-0.00484579
-0.0056445
-0.00417249
-0.00355362
-0.0111628
-0.0118337
-0.0121272
-0.0118213
-0.0122163
-0.0120653
-0.0122215
-0.0122695
-0.0123629
-0.0120002
-0.0114171
-0.011981
-0.0112199
-0.0110482
-0.0116772
-0.0108513
-0.0101274
-0.0109245
-0.00931932
-0.00820925
-0.00823711
-0.00942791
-0.00952003
-0.0105463
-0.011317
-0.0106908
-0.0114598
-0.0116301
-0.00779705
-0.00660507
-0.00571758
-0.00667567
-0.00492558
-0.00417081
-0.00403501
-0.00490107
-0.00477983
-0.00586155
-0.00695776
-0.00577466
-0.00699024
-0.00695509
-0.00372738
-0.0035307
-0.00353203
-0.00362016
-0.00371486
-0.00412447
-0.00409219
-0.00369797
-0.00362236
-0.00355582
-0.00375451
-0.00344593
-0.00371449
-0.00358333
-0.0034501
-0.0044697
-0.0054843
-0.00458979
-0.00661641
-0.00783426
-0.00799139
-0.0067131
-0.00682724
-0.00568297
-0.00476851
-0.00574912
-0.00480174
-0.00481794
-0.00669692
-0.00790966
-0.0081403
-0.00934334
-0.00956338
-0.00834747
-0.0107863
-0.0110134
-0.0122716
-0.0125222
-0.0112344
-0.0114724
-0.0101366
-0.00883061
-0.0103559
-0.00899127
-0.0091839
-2.13492e-06
-0.00211255
-0.00842655
-0.0119728
-0.0104356
-0.00602366
-0.0032831
-0.00465927
-0.00021968
0.000108786
0.000410237
-0.00524519
-0.00654948
-0.00263102
-0.0108134
-0.0119096
-0.00999817
-0.0117929
-0.01075
-0.0120484
-0.00831412
-0.0063247
-0.00861632
-0.00419011
-0.00362029
-0.00450497
-0.00348304
-0.00512024
-0.00386243
-0.00644662
-0.00922553
-0.00705162
2.46946e-07
0.000536405
0.000358614
-0.0036029
-0.00407296
-0.00229168
-0.00975492
-0.0106387
-0.00937259
-0.0120463
-0.0118664
-0.012119
-0.00943606
-0.00837919
-0.00948985
-0.00501472
-0.00436305
-0.00515816
-0.00324611
-0.00375124
-0.00349347
-0.00550526
-0.00681402
-0.00584047
-0.000936428
-0.000829926
0.000136952
-0.0010138
-0.00142361
-0.000160285
0.000612146
0.000446946
0.000306048
-0.00689297
-0.00778193
-0.00596617
-0.00841982
-0.00913504
-0.00726496
-0.00455049
-0.00520429
-0.00317685
-0.0115602
-0.0120157
-0.0115257
-0.0121889
-0.0122239
-0.0121989
-0.0111782
-0.0116763
-0.0106412
-0.0112411
-0.0104894
-0.0113039
-0.00974546
-0.00882471
-0.0100063
-0.0115447
-0.0110357
-0.011808
-0.00714938
-0.00613716
-0.0072355
-0.00532157
-0.00450378
-0.00535581
-0.00744842
-0.00640922
-0.00759374
-0.00360189
-0.00350809
-0.00380219
-0.00360072
-0.00387728
-0.00358974
-0.00392653
-0.00359711
-0.00390626
-0.0039678
-0.00496947
-0.00425643
-0.00602847
-0.00726588
-0.006183
-0.00438182
-0.00522008
-0.00443431
-0.00742439
-0.00885216
-0.00783483
-0.0102814
-0.01176
-0.0106932
-0.00813433
-0.00956806
-0.00841154
