FiniteElementSpace
FiniteElementCollection: L2_2D_P3
VDim: 1
Ordering: 0

0.0306191
0.0135068
0.0188726
0.0275979
0.00960922
0.00656526
0.012552
0.0203687
0.00230556
0.00269997
0.00644179
0.0110308
0.00213865
0.0020648
0.00344551
0.00503231
0.0176284
0.0170918
0.0162594
0.0155314
0.0117747
0.0114833
0.0109872
0.0105257
0.00646079
0.00636388
0.00614602
0.0059137
0.00380693
0.00379609
0.00369986
0.00356848
0.00826066
0.00777765
0.00713612
0.00663964
0.00595151
0.00563037
0.00519775
0.00485866
0.00369405
0.00352224
0.00328569
0.00309692
0.00247076
0.00237454
0.00223888
0.00212896
0.00250485
0.00228815
0.00201763
0.00182002
0.0019478
0.00178635
0.00158532
0.00143884
0.00137314
0.00126774
0.00113795
0.00104444
0.00104487
0.000970807
0.000881459
0.000818472
0.000449938
0.000396094
0.000331239
0.000285609
0.000384255
0.000340202
0.000287428
0.000250481
0.000315015
0.000281357
0.000241597
0.000214138
0.000275379
0.000247689
0.000215591
0.000193851
4.05769e-05
3.43579e-05
2.70532e-05
2.20639e-05
4.14062e-05
3.55279e-05
2.86121e-05
2.38688e-05
4.26444e-05
3.71236e-05
3.06619e-05
2.62402e-05
4.37377e-05
3.83698e-05
3.21644e-05
2.79645e-05
2.36733e-06
2.04859e-06
1.66708e-06
1.4013e-06
3.34038e-06
2.93321e-06
2.44093e-06
2.09423e-06
4.63618e-06
4.12063e-06
3.49721e-06
3.05734e-06
5.58667e-06
4.99628e-06
4.28868e-06
3.79296e-06
3.34557e-07
2.9872e-07
2.54239e-07
2.21831e-07
4.95413e-07
4.35725e-07
3.63877e-07
3.13447e-07
7.57377e-07
6.62737e-07
5.50395e-07
4.72928e-07
9.91381e-07
8.67989e-07
7.22093e-07
6.21974e-07
0.0207978
0.020744
0.0204629
0.0200878
0.0141047
0.0139899
0.0136531
0.0132563
0.00783793
0.00772919
0.00744026
0.00711223
0.00458241
0.00453089
0.00432762
0.0040699
0.000574804
0.000545272
0.000521585
0.000516017
0.00144445
0.00135425
0.0012858
0.00126929
0.00334059
0.00315737
0.00299922
0.0029374
0.00526691
0.0050099
0.00477168
0.00466184
0.00107313
0.000457896
0.000230487
0.000324039
0.000936963
0.000512257
0.000730344
0.00124974
0.000902684
0.000828632
0.00196124
0.00331824
0.00114091
0.00135184
0.00336771
0.00551324
0.0127281
0.0121581
0.0113574
0.0107078
0.0088242
0.00847527
0.00796654
0.00754103
0.00514298
0.00498449
0.00473361
0.00451118
0.00322468
0.00315603
0.00302821
0.00290456
0.000505632
0.000491443
0.000486517
0.000492915
0.000858809
0.000805452
0.000763016
0.000750205
0.00180102
0.0016795
0.00156271
0.00150356
0.00285235
0.00266771
0.00247752
0.00236895
0.000511001
0.000498609
0.000495038
0.000501985
0.00112138
0.00105807
0.00101177
0.00100289
0.00253481
0.00239404
0.00226995
0.00221865
0.00403083
0.00382457
0.00362782
0.00353078
0.00481604
0.00446863
0.00402369
0.00369055
0.00360414
0.00335821
0.00304229
0.00280507
0.00238265
0.00223556
0.00204691
0.00190555
0.00169966
0.00160557
0.00148628
0.00139803
0.000417216
0.000398328
0.000384658
0.000382092
0.000440249
0.000410413
0.000384924
0.000374997
0.000672044
0.000613637
0.00055447
0.000521339
0.00099293
0.000902796
0.00080523
0.00074492
0.000478364
0.000461574
0.000452527
0.000455051
0.000625738
0.000585108
0.000551441
0.000539565
0.00115099
0.00106159
0.00097211
0.0009231
0.00178557
0.00164705
0.00149895
0.00140915
0.00114499
0.00102788
0.000884512
0.000781856
0.000928511
0.000837166
0.000725909
0.000646637
0.000701718
0.00063726
0.000559872
0.000505525
0.000570926
0.000521861
0.000464192
0.000424592
0.000227416
0.000211194
0.000195832
0.000188073
0.000188732
0.000173434
0.000159281
0.000152465
0.000184294
0.000165051
0.000146177
0.000136093
0.000214499
0.0001885
0.000161457
0.000145623
0.000327488
0.000308624
0.000292452
0.000286022
0.000297475
0.000275783
0.000256569
0.000248265
0.000363616
0.000328772
0.000293803
0.000274473
0.000490312
0.000438684
0.000383292
0.000349433
0.000148346
0.000127899
0.000103618
8.68115e-05
0.000136114
0.000118359
9.73475e-05
8.28355e-05
0.000123456
0.000108581
9.11663e-05
7.92491e-05
0.000116652
0.000103375
8.80692e-05
7.77515e-05
7.28416e-05
6.58266e-05
5.84597e-05
5.40012e-05
5.77602e-05
5.2241e-05
4.6698e-05
4.35524e-05
4.22607e-05
3.7961e-05
3.39505e-05
3.19513e-05
3.34229e-05
2.95193e-05
2.60705e-05
2.45486e-05
0.000137879
0.000126124
0.000114281
0.000107571
0.000109511
9.96158e-05
9.00554e-05
8.50049e-05
8.85881e-05
7.8876e-05
6.9608e-05
6.48488e-05
8.43373e-05
7.31171e-05
6.21135e-05
5.62206e-05
9.62678e-06
8.11931e-06
6.35024e-06
5.14449e-06
1.14392e-05
9.82314e-06
7.90975e-06
6.58956e-06
1.36918e-05
1.19472e-05
9.88152e-06
8.4515e-06
1.52514e-05
1.3407e-05
1.12465e-05
9.76415e-06
1.65692e-05
1.51616e-05
1.35644e-05
1.24995e-05
1.5689e-05
1.45872e-05
1.33538e-05
1.25433e-05
1.47473e-05
1.40281e-05
1.32566e-05
1.27743e-05
1.42014e-05
1.37623e-05
1.33367e-05
1.31063e-05
3.47226e-05
3.13249e-05
2.7633e-05
2.52913e-05
2.91147e-05
2.65412e-05
2.38471e-05
2.22169e-05
2.25699e-05
2.0917e-05
1.93589e-05
1.85575e-05
1.81226e-05
1.70623e-05
1.62603e-05
1.60309e-05
7.84945e-07
7.05573e-07
6.07549e-07
5.36738e-07
1.21503e-06
1.09092e-06
9.38732e-07
8.30005e-07
1.84703e-06
1.66222e-06
1.43691e-06
1.27702e-06
2.36003e-06
2.12991e-06
1.85073e-06
1.65346e-06
4.8171e-06
4.41431e-06
3.92111e-06
3.56835e-06
5.46396e-06
5.01929e-06
4.47258e-06
4.07974e-06
6.41571e-06
5.90708e-06
5.27912e-06
4.82576e-06
7.23523e-06
6.6694e-06
5.96935e-06
5.4626e-06
8.78531e-06
8.1458e-06
7.37794e-06
6.83701e-06
9.40227e-06
8.80358e-06
8.07923e-06
7.56483e-06
1.0371e-05
9.81874e-06
9.14392e-06
8.6597e-06
1.12556e-05
1.0732e-05
1.00882e-05
9.62324e-06
1.04577e-07
7.95356e-08
5.27652e-08
3.66593e-08
1.35326e-07
1.01963e-07
6.56972e-08
4.33567e-08
2.02719e-07
1.55989e-07
1.04967e-07
7.33402e-08
2.74333e-07
2.15128e-07
1.50656e-07
1.10851e-07
6.05867e-07
4.72508e-07
3.30224e-07
2.45368e-07
6.64908e-07
5.11415e-07
3.47685e-07
2.50064e-07
7.518e-07
5.68619e-07
3.73306e-07
2.56939e-07
8.27443e-07
6.1867e-07
3.9617e-07
2.63714e-07
2.20534e-06
1.93399e-06
1.61134e-06
1.38831e-06
2.5207e-06
2.20741e-06
1.83413e-06
1.57541e-06
2.97572e-06
2.60162e-06
2.15494e-06
1.84449e-06
3.36011e-06
2.93444e-06
2.42557e-06
2.07133e-06
0.0208774
0.0209459
0.0208577
0.0205873
0.0153824
0.0151229
0.0145981
0.0140595
0.00903535
0.00881057
0.00838433
0.00796841
0.00509788
0.00507401
0.00496238
0.00481972
0.00367792
0.00359579
0.00351752
0.0034453
0.0013998
0.00144223
0.00145679
0.00143137
0.00018337
0.000225008
0.00024919
0.000240552
0.00020715
0.000268787
0.000302184
0.000288235
0.00196851
0.00146621
0.00219705
0.00326976
0.00140892
0.000857271
0.000944894
0.00132364
0.00124767
0.000538884
0.000175283
0.000127785
0.00114521
0.000455125
0.000133127
9.66872e-05
0.0151851
0.0146111
0.0137713
0.0130676
0.0103277
0.00999513
0.00947918
0.00902738
0.00583521
0.00570218
0.00546253
0.00523252
0.00354413
0.00350165
0.00338796
0.00326073
0.00260055
0.00258895
0.00252591
0.00244422
0.00127031
0.00128939
0.00128697
0.00126559
0.000439636
0.000462125
0.000485118
0.00049813
0.000392115
0.000396378
0.000406332
0.000417686
0.00271789
0.00273415
0.00268775
0.00260404
0.00123246
0.00126815
0.00127568
0.00125313
0.000346963
0.000376828
0.000404129
0.000416473
0.000346856
0.000355032
0.000366634
0.000376747
0.00639421
0.0059769
0.00543357
0.00502053
0.00469542
0.00440859
0.0040323
0.00374421
0.00300771
0.00284479
0.00262944
0.00246354
0.00207766
0.00197942
0.00184947
0.0017496
0.00167792
0.00160555
0.00151066
0.00143833
0.00104936
0.00101402
0.000970038
0.000938226
0.000577812
0.000564726
0.000553966
0.000550391
0.000458257
0.000445058
0.000437694
0.000439304
0.00195235
0.00188554
0.0017908
0.00171373
0.00115793
0.00113107
0.00109363
0.00106365
0.000586212
0.000580541
0.000577651
0.000578852
0.000465261
0.000456011
0.000453515
0.000458771
0.00172323
0.00156091
0.00136036
0.00121538
0.00136737
0.0012436
0.00109131
0.000981664
0.000997045
0.000913001
0.000810954
0.000738463
0.000784147
0.000722625
0.000649516
0.000598749
0.000684833
0.000633272
0.000572913
0.000531674
0.0005107
0.00047553
0.000436036
0.000410326
0.000360067
0.00033781
0.000315153
0.000302268
0.000301219
0.000282749
0.000265492
0.00025705
0.000895607
0.000835048
0.000763157
0.000713338
0.000641667
0.000602671
0.000558548
0.000529621
0.000429209
0.0004064
0.000383749
0.000371438
0.00035291
0.000334053
0.000317407
0.000310275
0.000264432
0.000230378
0.000189661
0.000161251
0.000233302
0.000204663
0.000170582
0.000146897
0.000200584
0.000177722
0.000150861
0.000132413
0.00018217
0.000162592
0.000139981
0.00012472
0.000171228
0.000153369
0.000132906
0.000119202
0.00014767
0.000133134
0.000116795
0.000106074
0.000123786
0.000112315
9.98713e-05
9.20367e-05
0.000110908
0.000100807
9.01876e-05
8.37681e-05
0.000254161
0.000229403
0.000200984
0.000181932
0.000211725
0.000192342
0.000170622
0.000156443
0.00017074
0.000156119
0.000140458
0.000130783
0.000150487
0.000137807
0.000124742
0.000117086
1.9977e-05
1.6834e-05
1.31511e-05
1.06439e-05
2.18735e-05
1.87286e-05
1.5024e-05
1.24808e-05
2.42361e-05
2.10785e-05
1.73675e-05
1.48171e-05
2.59087e-05
2.27052e-05
1.89828e-05
1.64492e-05
2.61815e-05
2.30403e-05
1.93969e-05
1.6919e-05
2.59929e-05
2.30779e-05
1.97125e-05
1.74313e-05
2.54302e-05
2.28042e-05
1.98139e-05
1.78134e-05
2.47531e-05
2.2342e-05
1.96416e-05
1.78669e-05
4.33912e-05
3.82139e-05
3.22464e-05
2.82158e-05
4.14899e-05
3.68284e-05
3.1496e-05
2.79174e-05
3.88939e-05
3.48123e-05
3.02257e-05
2.72026e-05
3.68432e-05
3.3129e-05
2.90372e-05
2.63993e-05
1.30061e-06
1.14933e-06
9.65296e-07
8.34693e-07
1.95487e-06
1.74064e-06
1.47899e-06
1.29287e-06
2.86998e-06
2.57479e-06
2.21505e-06
1.95963e-06
3.5757e-06
3.22308e-06
2.79631e-06
2.49498e-06
3.92828e-06
3.55406e-06
3.10053e-06
2.77975e-06
4.60849e-06
4.19626e-06
3.69522e-06
3.33958e-06
5.50882e-06
5.05374e-06
4.49959e-06
4.1051e-06
6.196e-06
5.71481e-06
5.12825e-06
4.70996e-06
6.01264e-06
5.40218e-06
4.66985e-06
4.15607e-06
6.79538e-06
6.1596e-06
5.39517e-06
4.8572e-06
7.77017e-06
7.11675e-06
6.33151e-06
5.77853e-06
8.46394e-06
7.81062e-06
7.02699e-06
6.47575e-06
2.06541e-07
1.77281e-07
1.41935e-07
1.16919e-07
2.88202e-07
2.42805e-07
1.89647e-07
1.53477e-07
4.33319e-07
3.63714e-07
2.83479e-07
2.30023e-07
5.71163e-07
4.8088e-07
3.77272e-07
3.08671e-07
6.50188e-07
5.48138e-07
4.31104e-07
3.53691e-07
7.99021e-07
6.73777e-07
5.30121e-07
4.35116e-07
1.01029e-06
8.51333e-07
6.69001e-07
5.4845e-07
1.18399e-06
9.96541e-07
7.81544e-07
6.39433e-07
1.12448e-06
9.85238e-07
8.20526e-07
7.07419e-07
1.3809e-06
1.2104e-06
1.00845e-06
8.69543e-07
1.74463e-06
1.52995e-06
1.27523e-06
1.09967e-06
2.04352e-06
1.79264e-06
1.49462e-06
1.28887e-06
0.0198031
0.0193806
0.0186454
0.0179527
0.0130943
0.0128646
0.0124098
0.0119503
0.00705034
0.0069806
0.00676984
0.00652177
0.00405633
0.00406686
0.00397083
0.00381864
0.00282915
0.00286093
0.00281287
0.00271124
0.00120313
0.00124434
0.00124623
0.00120996
0.000261217
0.000292975
0.000316742
0.00032217
0.000302918
0.000313536
0.000324389
0.000331014
0.00322333
0.00318552
0.00302715
0.00282802
0.0013448
0.0013446
0.00128175
0.00118968
0.000241947
0.000258921
0.000259535
0.000245179
0.000300413
0.000300609
0.000298004
0.000294059
0.000517506
0.000504155
0.00049836
0.000503409
0.00125313
0.00118628
0.00114018
0.00113507
0.00288967
0.00274544
0.00262587
0.00258484
0.00458491
0.00437952
0.00419426
0.00411414
0.00560307
0.00536017
0.00513801
0.00503849
0.00776337
0.00744139
0.00714131
0.00700068
0.0110597
0.0106311
0.0102217
0.0100196
0.0139245
0.0134095
0.0129112
0.012659
0.00635802
0.00607471
0.00581453
0.00569535
0.00857413
0.00826583
0.0079968
0.00788869
0.0118593
0.0115493
0.0113046
0.0112357
0.0146343
0.0143501
0.014157
0.0141417
0.000401938
0.000454929
0.000523926
0.000567165
0.00126137
0.00130719
0.0014001
0.00149566
0.00325962
0.00327528
0.00336568
0.00347651
0.00545839
0.00540537
0.00542779
0.00547036
0.00684422
0.00669715
0.00657831
0.00655307
0.00952678
0.00916198
0.00881741
0.00865161
0.0131321
0.0125703
0.0120345
0.0117674
0.0159021
0.0152086
0.014649
0.014425
0.00136159
0.00182769
0.00438457
0.00711101
0.00208417
0.00294938
0.00689781
0.0111317
0.00625868
0.00590155
0.0109813
0.0163446
0.0139498
0.00981346
0.0147502
0.0199223
0.0103905
0.00985365
0.00912283
0.00854506
0.00734366
0.00700003
0.00652111
0.00613471
0.00441669
0.00424564
0.00399636
0.00378815
0.00286007
0.00277346
0.00263827
0.00252034
0.00220823
0.0021534
0.00206409
0.00198405
0.00123541
0.00122098
0.00119331
0.0011662
0.000565887
0.000569211
0.00057532
0.000581446
0.000455417
0.000450692
0.000453143
0.000461627
0.00242909
0.00239285
0.00231432
0.00223293
0.00127392
0.00127524
0.00125978
0.00123592
0.00051591
0.000528999
0.0005442
0.000554602
0.000429927
0.000429846
0.00043665
0.000447348
0.000495859
0.000480425
0.000473685
0.000478463
0.000736619
0.0006897
0.000651504
0.000638863
0.00145751
0.0013515
0.00124708
0.00119157
0.00229078
0.00212773
0.00195599
0.00185429
0.00280963
0.00261184
0.00239939
0.00226985
0.00393077
0.00365981
0.00336096
0.00317164
0.0057211
0.00534301
0.00491511
0.0046348
0.00732704
0.00685793
0.00631959
0.0059609
0.00350051
0.00327762
0.00304363
0.00290598
0.00489283
0.00458958
0.00426323
0.00406372
0.00708448
0.0066656
0.006203
0.00590986
0.00903162
0.00851537
0.0079371
0.00756387
0.000509715
0.000496538
0.000492708
0.000499863
0.000989077
0.000929916
0.000884409
0.000872618
0.0021671
0.00203332
0.00190925
0.00185105
0.00344421
0.00324423
0.00304471
0.00293708
0.00422467
0.00398452
0.00374049
0.00360457
0.00589254
0.0055682
0.00523082
0.00503529
0.0084869
0.00804348
0.00756998
0.00728439
0.0107733
0.0102304
0.00964224
0.00928013
0.00493769
0.00469154
0.00445262
0.00433052
0.00686687
0.00653741
0.0062106
0.00603635
0.009838
0.00939297
0.00893962
0.0086865
0.0124383
0.0118977
0.0113388
0.0110192
0.00352578
0.00324659
0.00289391
0.0026333
0.00268913
0.00248615
0.00222982
0.00204046
0.00183517
0.00170809
0.00154879
0.001432
0.00135191
0.00126646
0.00116124
0.00108553
0.00113682
0.0010689
0.000986584
0.000928349
0.000780787
0.000739948
0.000693058
0.000661845
0.00049295
0.000471301
0.000450512
0.00043994
0.00039898
0.000380848
0.000366105
0.000361183
0.00140129
0.00132896
0.00123856
0.00117264
0.00092001
0.000880148
0.000833109
0.000800871
0.000544733
0.000526278
0.00050945
0.000501832
0.000435308
0.000419082
0.000407503
0.000405582
0.000374977
0.000355772
0.000340468
0.000335699
0.000364127
0.000338651
0.000316516
0.00030745
0.000498678
0.00045311
0.000407061
0.000381352
0.000708301
0.000639014
0.000564148
0.000517959
0.0008449
0.000760505
0.000667163
0.000607744
0.00114999
0.0010332
0.000899378
0.00081026
0.00168966
0.00152109
0.00132235
0.00118551
0.00220516
0.00199024
0.00173328
0.00155358
0.00119954
0.00108947
0.000967633
0.000890025
0.0016563
0.00150369
0.00132917
0.0012132
0.00243568
0.00221684
0.00195968
0.00178322
0.00316477
0.00288757
0.00255735
0.00232726
0.000452099
0.000434077
0.000422596
0.000422559
0.000527088
0.000492204
0.000462854
0.000451959
0.000888651
0.000815456
0.000741524
0.000700362
0.00135128
0.00123768
0.00111513
0.0010398
0.00164571
0.00150703
0.00135422
0.0012575
0.00229103
0.00209912
0.00188113
0.00173751
0.00336256
0.00308961
0.00277131
0.00255481
0.00434831
0.00400495
0.00359905
0.00331867
0.00218494
0.00201626
0.00183219
0.00171731
0.00305368
0.00282124
0.00256032
0.00239104
0.00446543
0.00413788
0.00376057
0.00350775
0.00574639
0.00533721
0.00485936
0.00453399
0.000732602
0.000651437
0.000552907
0.000482986
0.0006086
0.000543813
0.000465597
0.000410382
0.000478107
0.000430579
0.00037403
0.000334686
0.000402917
0.000365314
0.000321473
0.000291612
0.000365117
0.000332182
0.000294232
0.000268704
0.000293511
0.000268783
0.000241117
0.00022312
0.000227098
0.000209374
0.000190661
0.000179354
0.000196799
0.000181678
0.00016648
0.000157933
0.000507932
0.000465868
0.000417091
0.000384082
0.000393555
0.000363379
0.000329602
0.000307658
0.000291216
0.000270805
0.00024961
0.000237142
0.000247983
0.000230838
0.000214142
0.00020527
0.000180209
0.000166082
0.000152235
0.000144762
0.000145556
0.000133068
0.000121256
0.000115281
0.000128439
0.000114585
0.000101181
9.41609e-05
0.00013589
0.000118427
0.000100716
9.07218e-05
0.000141479
0.000121604
0.000100996
8.89907e-05
0.000156833
0.000131721
0.000104403
8.74101e-05
0.000210506
0.000174974
0.00013463
0.000108166
0.000275677
0.000229737
0.000176492
0.000140718
0.000235231
0.000204762
0.000172283
0.0001526
0.000284898
0.000244728
0.000199914
0.000171087
0.000401129
0.000343346
0.000276431
0.000231415
0.000527116
0.000452442
0.000364432
0.000304033
0.000277374
0.000259527
0.000243346
0.000235911
0.000239244
0.000220904
0.000204308
0.000196731
0.000260846
0.000234701
0.000208731
0.000194593
0.000329239
0.000291975
0.000252492
0.000228766
0.000375065
0.000330531
0.000282154
0.000252076
0.0004808
0.000420533
0.000352257
0.000307458
0.000693947
0.000606672
0.000504449
0.000434686
0.000911405
0.000798954
0.000665149
0.000572212
0.000573931
0.000511468
0.000442802
0.000399431
0.000763158
0.000677349
0.000579312
0.000514281
0.00111535
0.000991029
0.000844599
0.000743941
0.00146108
0.00130165
0.0011111
0.00097796
7.93645e-05
6.7754e-05
5.40506e-05
4.46348e-05
7.63876e-05
6.59125e-05
5.35658e-05
4.50778e-05
7.35771e-05
6.43148e-05
5.34862e-05
4.6086e-05
7.24096e-05
6.37832e-05
5.38358e-05
4.71245e-05
7.05576e-05
6.23826e-05
5.29973e-05
4.66884e-05
6.51388e-05
5.80055e-05
4.99049e-05
4.45152e-05
5.87666e-05
5.27065e-05
4.59769e-05
4.16046e-05
5.44933e-05
4.90271e-05
4.30937e-05
3.934e-05
0.000111647
9.92978e-05
8.51475e-05
7.56624e-05
9.96213e-05
8.9201e-05
7.74359e-05
6.96664e-05
8.66497e-05
7.80959e-05
6.87053e-05
6.26948e-05
7.89257e-05
7.12926e-05
6.31312e-05
5.8074e-05
5.07011e-05
4.5692e-05
4.03411e-05
3.70226e-05
4.0984e-05
3.71338e-05
3.31918e-05
3.08832e-05
3.01653e-05
2.74666e-05
2.49574e-05
2.37058e-05
2.32246e-05
2.11442e-05
1.94446e-05
1.88243e-05
1.8876e-05
1.71949e-05
1.60142e-05
1.57971e-05
9.90899e-06
9.13245e-06
9.0055e-06
9.52635e-06
2.65469e-06
2.49725e-06
3.1604e-06
4.3006e-06
3.19941e-07
3.04661e-07
1.21989e-06
2.62134e-06
2.78809e-05
2.42311e-05
2.11384e-05
1.99187e-05
1.66249e-05
1.35664e-05
1.11247e-05
1.03487e-05
9.43449e-06
6.18483e-06
3.54327e-06
2.69171e-06
9.25496e-06
5.26485e-06
1.81159e-06
4.82634e-07
0.000101868
9.25511e-05
8.29506e-05
7.73074e-05
8.03788e-05
7.28259e-05
6.53825e-05
6.12981e-05
6.08969e-05
5.4309e-05
4.8102e-05
4.49698e-05
5.22199e-05
4.53867e-05
3.89774e-05
3.57965e-05
4.68672e-05
3.98593e-05
3.32943e-05
3.00629e-05
3.65337e-05
2.9179e-05
2.2077e-05
1.84168e-05
3.5757e-05
2.63693e-05
1.67801e-05
1.13932e-05
4.41609e-05
3.22016e-05
1.95424e-05
1.20588e-05
8.20351e-05
6.97963e-05
5.76087e-05
5.09359e-05
7.91247e-05
6.46899e-05
4.96291e-05
4.0805e-05
9.63923e-05
7.66397e-05
5.4977e-05
4.14164e-05
0.000124597
9.91482e-05
7.05137e-05
5.20113e-05
4.66929e-06
3.97288e-06
3.1499e-06
2.58471e-06
6.06013e-06
5.25011e-06
4.28217e-06
3.6082e-06
7.83601e-06
6.89107e-06
5.76083e-06
4.97095e-06
9.08809e-06
8.04851e-06
6.8176e-06
5.96439e-06
9.5668e-06
8.5137e-06
7.26663e-06
6.40147e-06
1.03477e-05
9.3013e-06
8.06158e-06
7.20021e-06
1.12206e-05
1.02064e-05
9.01062e-06
8.18275e-06
1.1757e-05
1.07871e-05
9.65172e-06
8.87075e-06
1.57171e-05
1.38798e-05
1.17293e-05
1.02535e-05
1.62611e-05
1.45016e-05
1.24463e-05
1.10368e-05
1.67073e-05
1.50717e-05
1.31792e-05
1.18923e-05
1.68298e-05
1.53068e-05
1.35664e-05
1.23977e-05
1.1898e-05
1.09821e-05
9.91235e-06
9.17805e-06
1.20495e-05
1.12776e-05
1.03755e-05
9.75551e-06
1.24241e-05
1.18337e-05
1.11458e-05
1.0674e-05
1.28664e-05
1.24088e-05
1.1881e-05
1.15226e-05
1.31489e-05
1.2767e-05
1.233e-05
1.20356e-05
1.3831e-05
1.3611e-05
1.33512e-05
1.31706e-05
1.56148e-05
1.55207e-05
1.5404e-05
1.53187e-05
1.77464e-05
1.76856e-05
1.76077e-05
1.7549e-05
1.38887e-05
1.3619e-05
1.34014e-05
1.33218e-05
1.33365e-05
1.34386e-05
1.36476e-05
1.38572e-05
1.38726e-05
1.43378e-05
1.49832e-05
1.55037e-05
1.53272e-05
1.59898e-05
1.6884e-05
1.75901e-05
2.37741e-05
2.15651e-05
1.91181e-05
1.75294e-05
2.10533e-05
1.93779e-05
1.75725e-05
1.64379e-05
1.78438e-05
1.6809e-05
1.57869e-05
1.52172e-05
1.56498e-05
1.50652e-05
1.46081e-05
1.44575e-05
1.43145e-05
1.40114e-05
1.39052e-05
1.40137e-05
1.1615e-05
1.19375e-05
1.25611e-05
1.31748e-05
9.89826e-06
1.08467e-05
1.22379e-05
1.34123e-05
1.00161e-05
1.13298e-05
1.31926e-05
1.47293e-05
1.53631e-05
1.46812e-05
1.43588e-05
1.44905e-05
9.67473e-06
9.84159e-06
1.05146e-05
1.13424e-05
4.99703e-06
5.94954e-06
7.60112e-06
9.16061e-06
3.48316e-06
4.85105e-06
7.06121e-06
9.07127e-06
5.08528e-07
4.59511e-07
3.98462e-07
3.53876e-07
7.81494e-07
6.99848e-07
6.00202e-07
5.29283e-07
1.2024e-06
1.07443e-06
9.19774e-07
8.1104e-07
1.56083e-06
1.39638e-06
1.19839e-06
1.05975e-06
1.76059e-06
1.5771e-06
1.35603e-06
1.20105e-06
2.15067e-06
1.92947e-06
1.6625e-06
1.47491e-06
2.69791e-06
2.42519e-06
2.09535e-06
1.86293e-06
3.1423e-06
2.82895e-06
2.44937e-06
2.18133e-06
2.63476e-06
2.38359e-06
2.07851e-06
1.86262e-06
3.17272e-06
2.88084e-06
2.52545e-06
2.27318e-06
3.9114e-06
3.56715e-06
3.14702e-06
2.84783e-06
4.49783e-06
4.11511e-06
3.64724e-06
3.31326e-06
3.38581e-06
3.04983e-06
2.64236e-06
2.35419e-06
3.87236e-06
3.48915e-06
3.02326e-06
2.69277e-06
4.58043e-06
4.12739e-06
3.57524e-06
3.18234e-06
5.18348e-06
4.67001e-06
4.0434e-06
3.59673e-06
5.52444e-06
4.97511e-06
4.3044e-06
3.82596e-06
6.23036e-06
5.60447e-06
4.83912e-06
4.29213e-06
7.30659e-06
6.56086e-06
5.64835e-06
4.99547e-06
8.2643e-06
7.40959e-06
6.36379e-06
5.61539e-06
7.7079e-06
7.10649e-06
6.36181e-06
5.82219e-06
8.7043e-06
8.02463e-06
7.18041e-06
6.56663e-06
1.02679e-05
9.45528e-06
8.4449e-06
7.7092e-06
1.16941e-05
1.07529e-05
9.58331e-06
8.73172e-06
6.55608e-06
6.06558e-06
5.46645e-06
5.03819e-06
7.28383e-06
6.77675e-06
6.15312e-06
5.7041e-06
8.3739e-06
7.83639e-06
7.17023e-06
6.6867e-06
9.32896e-06
8.75995e-06
8.05172e-06
7.53522e-06
9.89173e-06
9.3004e-06
8.56293e-06
8.02392e-06
1.11021e-05
1.04588e-05
9.64977e-06
9.05378e-06
1.30996e-05
1.23436e-05
1.13899e-05
1.06846e-05
1.49939e-05
1.41135e-05
1.30038e-05
1.21832e-05
1.17905e-05
1.12792e-05
1.06481e-05
1.01903e-05
1.29738e-05
1.24846e-05
1.18668e-05
1.14091e-05
1.5143e-05
1.46203e-05
1.39516e-05
1.345e-05
1.73476e-05
1.6749e-05
1.59829e-05
1.54075e-05
2.79571e-08
1.40772e-08
3.69705e-09
3.9139e-09
3.59252e-08
1.33195e-08
6.12602e-10
6.40035e-09
6.52975e-08
2.82211e-08
8.7402e-09
2.03961e-08
9.80685e-08
4.79929e-08
2.00223e-08
3.48023e-08
1.17919e-07
6.23953e-08
2.60634e-08
3.01517e-08
1.37601e-07
7.68065e-08
3.1174e-08
2.46611e-08
1.66066e-07
9.88849e-08
4.22963e-08
2.39076e-08
1.89825e-07
1.18554e-07
5.46886e-08
2.8648e-08
3.15551e-07
2.48824e-07
1.77158e-07
1.33871e-07
3.88813e-07
3.05917e-07
2.17143e-07
1.63807e-07
4.89675e-07
3.84301e-07
2.71696e-07
2.04324e-07
5.69526e-07
4.4607e-07
3.1425e-07
2.35526e-07
1.96581e-07
1.2455e-07
5.85283e-08
2.99036e-08
1.96157e-07
1.25527e-07
5.90177e-08
2.87737e-08
1.96782e-07
1.29641e-07
6.4546e-08
3.44186e-08
1.98339e-07
1.34707e-07
7.20907e-08
4.38213e-08
1.93647e-07
1.29043e-07
6.92117e-08
4.98413e-08
2.02503e-07
1.25973e-07
5.71221e-08
3.25921e-08
2.38392e-07
1.38829e-07
4.97351e-08
1.54733e-08
2.89282e-07
1.65718e-07
5.49833e-08
1.12264e-08
8.67263e-07
6.44901e-07
4.06766e-07
2.63894e-07
9.46398e-07
7.01796e-07
4.38473e-07
2.79259e-07
1.07337e-06
8.00635e-07
5.05021e-07
3.24472e-07
1.19004e-06
8.96737e-07
5.77168e-07
3.80454e-07
1.27461e-06
1.0709e-06
8.37104e-07
6.82446e-07
1.44348e-06
1.20715e-06
9.35334e-07
7.54985e-07
1.68582e-06
1.40326e-06
1.07747e-06
8.606e-07
1.8898e-06
1.56896e-06
1.19846e-06
9.5128e-07
1.99989e-06
1.65795e-06
1.26271e-06
9.98712e-07
2.21874e-06
1.83453e-06
1.38966e-06
1.09185e-06
2.54728e-06
2.10217e-06
1.58594e-06
1.23963e-06
2.83524e-06
2.33875e-06
1.76245e-06
1.37539e-06
3.57294e-06
3.11762e-06
2.57302e-06
2.19367e-06
4.00562e-06
3.48844e-06
2.8691e-06
2.43696e-06
4.65499e-06
4.04511e-06
3.3141e-06
2.8034e-06
5.22464e-06
4.53356e-06
3.70499e-06
3.12586e-06
