FiniteElementSpace
FiniteElementCollection: H1_2D_P2
VDim: 2
Ordering: 0

0
0.791839
1.49714
2.10983
2.66683
3.21001
3.75942
4.31588
4.87534
0
1.15573
2.12998
2.87997
3.49048
4.0466
4.59446
5.14732
5.70449
0.405623
0.989611
0.586224
0
1.15685
1.83248
1.67343
1.8134
2.50711
2.52869
2.39232
3.08351
3.19656
2.93829
3.62906
3.77149
3.48361
4.17651
4.32018
4.03704
4.73123
4.87018
4.59542
5.28972
5.42553
0.504633
1.4344
2.18716
2.80268
3.35725
3.9018
4.45315
5.01023
0.205856
0.460267
0.252524
0
0.977296
1.30406
1.21772
0.898043
1.65807
2.00676
2.01478
1.6727
2.25243
2.60078
2.6573
2.31329
2.80269
3.14887
3.22089
2.8772
3.34653
3.69282
3.76522
3.42002
3.89804
4.24497
4.31462
3.9679
4.45559
4.80273
4.87064
4.52343
0.601098
0.751252
1.07397
0.876154
0.545145
0.289553
0
1.33014
1.63925
1.98319
1.90937
1.55573
1.422
1.96375
2.35083
2.69485
2.70947
2.35968
2.33602
2.53023
2.9444
3.28731
3.34568
3.00041
3.04181
3.07398
3.49317
3.83766
3.90945
3.56436
3.63209
3.62125
4.0389
4.38531
4.45716
4.11078
4.1834
4.17634
4.59204
4.9392
5.00859
4.66155
4.73213
4.73534
5.08247
5.14995
5.4971
5.56493
5.21785
5.28631
0.235
1.10564
1.84368
2.45889
3.01331
3.55614
4.10622
4.66301
0.682214
0.814574
0.268599
1.49302
1.77625
1.32146
2.16294
2.53171
2.1773
2.73993
3.14558
2.85061
3.28433
3.7012
3.42662
3.83008
4.24783
3.9741
4.38406
4.80022
4.52323
4.94256
5.35742
5.07843
0.105897
0.222475
0.11944
0
0.88522
1.04409
1.00293
0.84735
1.57831
1.75308
1.75923
1.58736
2.18151
2.35684
2.38662
2.21298
2.73481
2.90844
2.94536
2.7726
3.2782
3.45141
3.48802
3.31515
3.82867
4.0021
4.037
3.86364
4.38571
4.55927
4.5932
4.41962
0.5039
0.643682
0.571789
0.434531
0.628827
0.783281
0.680996
0.524958
0.125726
0.260602
0.131229
0
1.24425
1.41418
1.39971
1.23313
1.5383
1.70852
1.66772
1.4958
1.10503
1.27026
1.19931
1.03234
1.88913
2.06503
2.08565
1.91203
2.27001
2.44189
2.4469
2.27411
1.92494
2.09678
2.08179
1.90861
2.46147
2.63584
2.67065
2.49751
2.87393
3.04527
3.0735
2.9019
2.58289
2.7544
2.77356
2.60152
3.0061
3.17937
3.21659
3.0439
3.42524
3.59722
3.63285
3.46089
3.15237
3.32389
3.35721
3.18561
3.55236
3.72567
3.76138
3.58825
3.97029
4.14334
4.17926
4.00627
3.6971
3.86965
3.90587
3.73337
4.10666
4.28017
4.31448
4.14097
4.52256
4.69611
4.73084
4.55732
4.24551
4.41889
4.45422
4.28088
4.66537
4.83893
4.87264
4.69905
5.08008
5.25368
5.28762
5.11403
4.80091
4.97452
5.00879
4.83519
0.306151
0.348011
0.483393
0.378985
0.244315
0
1.06779
1.20601
1.37074
1.32752
1.1631
0.945084
1.73637
1.92615
2.09823
2.10214
1.93062
1.75407
2.32266
2.53024
2.7024
2.73052
2.55891
2.41117
2.87049
3.08113
3.25329
3.28916
3.11741
2.98077
3.41499
3.62441
3.79733
3.83345
3.66073
3.52464
3.9675
4.17555
4.34903
4.38383
4.21039
4.07219
4.52549
4.73285
4.90646
4.94042
4.7668
4.6273
0.697033
0.791049
0.8716
0.717787
0.945649
1.11495
1.01753
0.845416
0.732242
0.565574
0.407409
0.438768
0.278286
0.139737
0
1.41438
1.58398
1.73728
1.56766
1.88138
2.05679
2.0216
1.84301
1.7934
1.61476
1.44031
1.54969
1.37187
1.29071
2.03726
2.23878
2.42981
2.25801
2.6143
2.78753
2.79591
2.62075
2.62048
2.44437
2.26988
2.43396
2.25686
2.23478
2.59864
2.80876
3.01423
2.8427
3.21681
3.38884
3.41853
3.24561
3.27173
3.09851
2.92617
3.11997
2.94628
2.96187
3.14193
3.35213
3.5611
3.3889
3.76945
3.94202
3.97808
3.80522
3.84059
3.66782
3.49564
3.702
3.52928
3.56161
3.69027
3.89892
4.10764
3.93448
4.31652
4.48983
4.52576
4.35242
4.38863
4.2154
4.04241
4.25177
4.07865
4.11501
4.24608
4.45372
4.6616
4.48802
4.86968
5.04324
5.07792
4.90438
4.93934
4.76583
4.59234
4.80111
4.62763
4.66325
4.80533
4.97889
5.0125
5.18608
5.21983
5.04624
5.3934
5.42725
5.6008
5.63469
5.46117
5.49521
5.32169
5.14812
5.3559
5.18236
5.21678
0.115182
0.946623
1.6711
2.28536
2.8406
3.38321
3.93281
4.48942
0.539635
0.655151
0.128524
1.32464
1.60376
1.15278
1.98921
2.35911
2.00412
2.56691
2.97403
2.67872
3.11161
3.52911
3.25496
3.65688
4.07475
3.80148
4.21053
4.62667
4.34983
4.76898
5.18384
4.90483
0.328614
0.364372
0.122993
1.13958
1.26824
1.05533
1.83335
2.01547
1.84353
2.42751
2.63112
2.48564
2.97619
3.18541
3.04923
3.51976
3.72896
3.59263
4.07149
4.27966
4.14123
4.62914
4.83661
4.69703
0.746279
0.832481
0.601288
0.909093
0.981662
0.706605
0.393157
0.422797
0.134374
1.50172
1.66214
1.47053
1.81011
1.95169
1.73074
1.38462
1.49515
1.24512
2.13957
2.33534
2.17902
2.52263
2.70524
2.53386
2.18672
2.35211
2.15849
2.70437
2.91197
2.77289
3.11576
3.31764
3.17262
2.82875
3.02312
2.86781
3.24721
3.45674
3.3211
3.6653
3.87366
3.73662
3.39251
3.59873
3.45934
3.79459
4.00327
3.86584
4.21205
4.42107
4.28386
3.93791
4.147
4.01034
4.34987
4.55763
4.41849
4.76562
4.97378
4.83507
4.48806
4.69669
4.55868
4.9089
5.11615
4.97634
5.32354
5.53097
5.39141
5.04425
5.252
5.11277
0
-0.187773
-0.645071
-1.30285
-2.07143
-2.88843
-3.71806
-4.54736
-5.37572
1
0.740745
0.13341
-0.654827
-1.49258
-2.33067
-3.16102
-3.98831
-4.81667
-0.0673962
0.313286
0.912246
0.5
-0.384835
-0.234766
0.471851
-0.955125
-0.969346
-0.248694
-1.67783
-1.77862
-1.072
-2.47672
-2.60883
-1.91263
-3.30292
-3.43955
-2.7466
-4.13293
-4.2678
-3.57471
-4.96154
-5.09603
-4.40224
0.466245
0.0723679
-0.587406
-1.36903
-2.19295
-3.02457
-3.85384
-4.68177
-0.0390375
0.213122
0.50357
0.25
-0.27755
-0.148761
0.202523
0.0738914
-0.794667
-0.76925
-0.406527
-0.435626
-1.48752
-1.52355
-1.16754
-1.13548
-2.27298
-2.33528
-1.98543
-1.92543
-3.09549
-3.16396
-2.81677
-2.74898
-3.92555
-3.99339
-3.64676
-3.5789
-4.75447
-4.82158
-4.47476
-4.40754
-0.117242
0.401889
0.534789
0.840238
0.697365
0.954808
0.75
-0.507909
-0.0743065
-0.044559
0.309585
0.279177
0.616772
-1.12497
-0.775536
-0.808129
-0.449713
-0.413004
-0.0535755
-1.87278
-1.57296
-1.63359
-1.28218
-1.21759
-0.862618
-2.68204
-2.40083
-2.46909
-2.12193
-2.05155
-1.70281
-3.51049
-3.23216
-3.30021
-2.95394
-2.8853
-2.53887
-4.34019
-4.06084
-4.12809
-3.78149
-3.71429
-3.36791
-5.16862
-5.23579
-4.88884
-4.95635
-4.60939
-4.54201
-4.19522
0.24737
-0.0282167
-0.597561
-1.32734
-2.12965
-2.95642
-3.7862
-4.61455
0.155103
0.629107
0.738758
-0.285326
0.124256
0.417102
-0.949037
-0.608126
-0.224461
-1.72317
-1.42512
-1.01164
-2.54184
-2.26045
-1.84251
-3.37148
-3.0929
-2.67737
-4.20049
-3.92119
-3.50732
-5.02864
-4.74912
-4.33501
-0.0249555
0.108111
0.253101
0.125
-0.230477
-0.150301
0.0252559
-0.0537232
-0.718452
-0.695544
-0.515269
-0.539397
-1.39442
-1.40763
-1.2308
-1.21926
-2.1719
-2.20158
-2.02733
-1.99871
-2.9919
-3.02609
-2.85268
-2.81887
-3.82182
-3.8559
-3.68256
-3.64852
-4.65092
-4.68449
-4.51104
-4.47743
-0.0898514
0.0227
0.187057
0.0767091
0.437182
0.517696
0.666633
0.584178
0.50745
0.623551
0.747706
0.625
-0.444572
-0.395198
-0.215207
-0.264828
0.000907756
0.0265883
0.203646
0.177548
0.260486
0.311739
0.478687
0.426101
-1.03898
-1.03695
-0.858227
-0.861913
-0.680669
-0.690866
-0.509856
-0.499087
-0.319382
-0.314214
-0.133284
-0.138216
-1.7748
-1.79825
-1.62298
-1.60094
-1.47074
-1.49857
-1.3212
-1.29274
-1.06796
-1.0889
-0.909521
-0.887916
-2.57922
-2.61214
-2.43847
-2.40624
-2.29686
-2.33048
-2.15603
-2.12203
-1.88191
-1.91368
-1.73802
-1.70573
-3.4067
-3.44105
-3.26773
-3.23353
-3.12839
-3.1625
-2.98914
-2.95489
-2.71281
-2.747
-2.57328
-2.53884
-4.23657
-4.27034
-4.09695
-4.06316
-3.95735
-3.99102
-3.81775
-3.78407
-3.54317
-3.57704
-3.40379
-3.36987
-5.06508
-5.0986
-4.9251
-4.89154
-4.78529
-4.81898
-4.64555
-4.61189
-4.37128
-4.40489
-4.23154
-4.19794
-0.050598
0.233052
0.342756
0.488435
0.378418
0.375
-0.329198
-0.0863664
-0.0363612
0.139671
0.0893025
0.196035
-0.87366
-0.682299
-0.677572
-0.495952
-0.501064
-0.333958
-1.58205
-1.42496
-1.44609
-1.26793
-1.24715
-1.052
-2.37463
-2.23232
-2.2641
-2.08912
-2.05751
-1.85195
-3.19918
-3.06019
-3.09428
-2.92069
-2.88662
-2.67892
-4.02925
-3.88981
-3.92362
-3.75032
-3.71649
-3.50923
-4.85801
-4.71806
-4.75166
-4.57826
-4.54465
-4.33766
-0.150134
0.117205
0.360495
0.281213
0.585065
0.639619
0.793925
0.736541
0.880009
0.80652
0.721444
0.937488
0.8488
0.972682
0.875
-0.574884
-0.358908
-0.152983
-0.17829
0.041405
0.0460503
0.223087
0.21863
0.392743
0.377289
0.350472
0.546809
0.51876
0.681738
-1.21301
-1.04151
-0.871817
-0.861718
-0.70761
-0.730318
-0.551853
-0.52763
-0.348579
-0.329437
-0.317789
-0.150248
-0.137493
0.0411253
-1.9717
-1.82401
-1.67561
-1.64794
-1.52927
-1.56245
-1.38739
-1.35289
-1.17704
-1.14391
-1.11437
-0.967174
-0.936105
-0.758466
-2.78513
-2.64536
-2.50483
-2.47134
-2.36481
-2.39966
-2.22638
-2.19089
-2.01736
-1.98169
-1.94703
-1.80779
-1.77215
-1.59774
-3.61428
-3.4752
-3.33588
-3.30183
-3.19659
-3.23059
-3.05751
-3.02337
-2.85031
-2.81586
-2.78138
-2.64279
-2.60798
-2.43484
-4.44379
-4.30402
-4.16432
-4.13066
-4.02464
-4.05821
-3.8849
-3.85136
-3.6781
-3.64451
-3.61082
-3.47132
-3.43761
-3.26448
-5.27216
-5.30572
-5.1322
-5.1659
-4.99242
-4.95872
-5.02619
-4.85272
-4.88651
-4.71302
-4.67926
-4.50579
-4.47213
-4.4385
-4.29871
-4.26513
-4.09175
0.118533
-0.0996923
-0.616103
-1.31276
-2.09989
-2.92244
-3.75222
-4.58097
0.0524895
0.554187
0.629233
-0.328192
0.103969
0.371578
-0.948444
-0.594223
-0.224972
-1.69915
-1.39545
-0.987987
-2.50906
-2.22625
-1.80963
-3.33729
-3.05873
-2.64295
-4.16676
-3.88755
-3.47347
-4.99507
-4.71542
-4.30141
0.095033
0.363945
0.382264
-0.205497
0.0286459
0.145173
-0.777561
-0.588261
-0.41622
-1.50373
-1.3462
-1.14903
-2.30372
-2.1607
-1.95457
-3.12979
-2.99046
-2.78276
-3.95954
-3.82007
-3.61288
-4.78801
-4.64815
-4.44115
-0.0129372
0.241439
0.315015
0.474905
0.691329
0.775105
0.607405
0.831139
0.862594
-0.465712
-0.254565
-0.10547
-0.0542611
0.133904
0.299925
0.24692
0.450424
0.58203
-1.12728
-0.956175
-0.76879
-0.788822
-0.628508
-0.427869
-0.405674
-0.232553
-0.0445101
-1.89814
-1.74972
-1.5467
-1.60202
-1.45763
-1.2483
-1.19052
-1.03981
-0.832901
-2.71543
-2.5751
-2.36766
-2.43468
-2.29534
-2.08635
-2.01782
-1.87696
-1.66731
-3.54479
-3.40555
-3.19807
-3.26621
-3.12701
-2.91966
-2.85098
-2.71197
-2.50388
-4.37389
-4.23417
-4.02715
-4.09448
-3.95478
-3.74793
-3.68057
-3.54107
-3.33412
-5.20215
-5.06229
-4.85518
-4.92257
-4.78288
-4.57568
-4.50838
-4.36862
-4.16166
