FiniteElementSpace
FiniteElementCollection: H1_2D_P2
VDim: 2
Ordering: 0

0
-0.0103709
-0.0149416
-0.0121457
-0.00422457
-0.00121302
-0.0134805
-0.0405468
-0.0715223
0
0.00489588
-0.00469902
-0.0136616
-0.00945577
-0.000393379
-0.00387997
-0.0250746
-0.054623
-0.00592833
-0.00200284
0.00436688
0
-0.0134674
-0.00999836
0.00126819
-0.0145077
-0.0137177
-0.0104426
-0.00835137
-0.00682172
-0.0131862
-0.00131026
0.000602512
-0.00434701
-0.00513169
-0.00701242
0.000177344
-0.0257279
-0.0320645
-0.0126186
-0.0562742
-0.0630599
-0.0396481
-6.26922e-05
-0.00573533
-0.0131185
-0.0113455
-0.00206147
-0.000747099
-0.0178887
-0.047706
-0.00318218
-0.00217601
9.62557e-05
0
-0.012102
-0.0091485
-0.00370632
-0.00547699
-0.0149742
-0.0140443
-0.0118026
-0.0123718
-0.0103725
-0.0102516
-0.0128824
-0.0133526
-0.00251146
-0.00159971
-0.00432502
-0.00572219
-0.00262285
-0.00247503
0.000513921
2.54877e-05
-0.0191853
-0.0214024
-0.0119372
-0.00976634
-0.0483974
-0.051868
-0.0398201
-0.0360296
-0.0083044
-0.000762356
0.00116091
0.00520135
0.00178066
0.00238297
0
-0.0144278
-0.00790368
-0.00754302
-0.0015778
-0.00247735
0.00351786
-0.0135509
-0.0137892
-0.0137277
-0.0124755
-0.0119077
-0.00776003
-0.00623972
-0.00925248
-0.00794725
-0.0116373
-0.0121953
-0.0138975
-0.000819858
-0.000329013
0.000510264
-0.00206925
-0.00289262
-0.00691899
-0.00876348
-0.0032567
-0.0050627
-0.00124213
0.000153536
0.000420415
-0.032919
-0.0246735
-0.0284776
-0.0184722
-0.0150036
-0.00770444
-0.0640137
-0.067273
-0.0555161
-0.0588704
-0.0471675
-0.0436877
-0.0322094
-0.00075569
-0.00730344
-0.0134657
-0.0120665
-0.00347659
-0.00064137
-0.0151092
-0.0439087
-0.00376016
0.00190902
0.00084971
-0.0108855
-0.00496152
-0.000358955
-0.0140194
-0.0132177
-0.00994466
-0.00806532
-0.0103148
-0.0133758
-0.000354864
-0.000835114
-0.0053691
-0.00552445
-0.001827
0.00089908
-0.0284504
-0.0214035
-0.0094966
-0.0597125
-0.0513666
-0.0359862
-0.00147869
-0.00164807
-0.000291004
0
-0.0112815
-0.00949209
-0.00638084
-0.00767376
-0.0150188
-0.0142439
-0.0129744
-0.0136202
-0.0112973
-0.0113718
-0.0127812
-0.0128937
-0.0033184
-0.00302574
-0.00457121
-0.00504995
-0.00178368
-0.00151894
-0.000169617
-0.000505124
-0.0162147
-0.0170206
-0.0123088
-0.0114897
-0.0444589
-0.0460958
-0.0399457
-0.0382092
-0.00715428
-0.00575727
-0.00295428
-0.0037677
-0.000341668
0.000546627
0.00195836
0.000824199
3.33508e-05
0.00045718
0.000300811
0
-0.0140012
-0.0125575
-0.0100383
-0.0111491
-0.00681416
-0.0064597
-0.00368981
-0.00413055
-0.00280353
-0.00205496
0.000488569
-0.000443598
-0.0140874
-0.013904
-0.014109
-0.0143533
-0.0135407
-0.0135325
-0.0126555
-0.0125448
-0.0109485
-0.0109054
-0.00878328
-0.00880064
-0.00729588
-0.00726765
-0.00919215
-0.00944332
-0.0103558
-0.00977278
-0.011331
-0.0117737
-0.0133924
-0.0131439
-0.0136599
-0.0137462
-0.000965697
-0.000532412
-0.000884461
-0.00144126
-0.00111214
-0.000505356
-0.00179195
-0.00241603
-0.00556355
-0.00480307
-0.00666514
-0.00735757
-0.00680551
-0.0070092
-0.00384864
-0.00367506
-0.00184564
-0.00243987
-0.000679698
-0.000193677
0.000695458
0.000805352
0.000837075
0.000646121
-0.029254
-0.0305863
-0.0248457
-0.0234507
-0.0211909
-0.0229855
-0.0181053
-0.0163765
-0.00933727
-0.0106325
-0.00713692
-0.00594205
-0.0601746
-0.0618503
-0.0558152
-0.054037
-0.051631
-0.0534411
-0.0475403
-0.0456872
-0.0359113
-0.0378817
-0.0321926
-0.0302347
-0.00462003
-0.00142864
-0.00101654
7.31533e-05
-0.000274463
0
-0.0128336
-0.00823038
-0.0073825
-0.00469026
-0.00542388
-0.00364379
-0.0148022
-0.013824
-0.0136233
-0.0125311
-0.0126538
-0.0111787
-0.00938326
-0.0112157
-0.0108563
-0.0121935
-0.0125409
-0.0136017
-0.00183543
-0.0024765
-0.00179721
-0.00314587
-0.00389418
-0.00629114
-0.00373519
-0.00140899
-0.00150534
3.50255e-05
3.21384e-05
0.000393844
-0.0223606
-0.0181486
-0.0195575
-0.0147964
-0.0134236
-0.00828242
-0.0523471
-0.0478909
-0.049762
-0.0437597
-0.0418234
-0.0339894
-0.00937986
-0.00460112
-0.00131828
-0.00215792
0.00163971
0.00290735
0.00519323
0.00342651
0.00492309
0.00293472
0.00139268
0.00354049
0.00146233
0.000946927
0
-0.0147427
-0.0116677
-0.00897282
-0.00936096
-0.00625748
-0.00618979
-0.00312946
-0.00335434
-0.000102406
-0.00070348
-0.0013565
0.00248509
0.00146836
0.00433074
-0.0128988
-0.0137644
-0.013848
-0.0139624
-0.0135789
-0.0136917
-0.013191
-0.0128619
-0.0115623
-0.0112087
-0.0109958
-0.00917409
-0.00890393
-0.00626367
-0.00520836
-0.00689834
-0.00806315
-0.00870032
-0.00917562
-0.00863278
-0.0106104
-0.0109224
-0.0125089
-0.0126531
-0.0128834
-0.0136612
-0.013616
-0.0139076
-0.000896891
-4.56162e-05
0.00025062
-0.000283438
-5.65339e-05
0.000172859
-0.00113145
-0.00134589
-0.00314533
-0.00352437
-0.0040977
-0.00561248
-0.0060613
-0.00821055
-0.010988
-0.0075013
-0.00498328
-0.00428128
-0.00329042
-0.004373
-0.00240418
-0.00142331
-0.000374835
0.000283375
0.000676024
0.000447238
0.000778436
0.00014246
-0.036692
-0.032188
-0.0283082
-0.0264883
-0.0248711
-0.0267659
-0.0216927
-0.0199048
-0.0154379
-0.0137539
-0.0121267
-0.0100313
-0.00852073
-0.0056449
-0.0678058
-0.069393
-0.0635356
-0.0651566
-0.0593316
-0.0576029
-0.0609687
-0.0551473
-0.0567598
-0.0509104
-0.0492819
-0.0434136
-0.0416849
-0.0398266
-0.035907
-0.0341054
-0.0285905
-0.000584369
-0.00859862
-0.0139907
-0.0121899
-0.00399934
-0.000875127
-0.0141316
-0.0421336
-0.00477295
0.000778114
0.000161386
-0.0118897
-0.00527741
-0.00117952
-0.0141977
-0.0131285
-0.00989666
-0.0083741
-0.0108398
-0.0135454
-0.000890217
-0.00138315
-0.00607903
-0.0051953
-0.0011597
0.000860833
-0.0269433
-0.0195867
-0.0081468
-0.0579708
-0.0495809
-0.0340233
-0.00273456
-0.000586366
-8.87043e-05
-0.0103456
-0.00638938
-0.00450265
-0.0143647
-0.0132089
-0.0119683
-0.0104485
-0.0117676
-0.0131543
-0.0021648
-0.00279115
-0.00507393
-0.00245091
-0.00058554
0.000351387
-0.020134
-0.0163784
-0.0107193
-0.0500725
-0.0457924
-0.0378792
-0.00672591
-0.00285886
-0.00154353
0.000136754
0.0032915
0.0033077
0.000701009
0.00232406
0.000495996
-0.013137
-0.0103002
-0.00837927
-0.00764353
-0.00476944
-0.00198739
-0.00304633
0.000459564
0.00229363
-0.0134652
-0.0138695
-0.0138756
-0.0137398
-0.0133899
-0.0121321
-0.0117952
-0.0101264
-0.00758266
-0.00615023
-0.00751162
-0.00982437
-0.00860067
-0.00983166
-0.0118738
-0.0125476
-0.0132422
-0.0137708
-0.000398794
0.000172173
-0.000952061
0.000180415
-0.000484529
-0.00236856
-0.00356935
-0.00476655
-0.00736233
-0.00911033
-0.00613364
-0.00273902
-0.00403768
-0.00274292
-0.00041325
0.000456878
0.000679198
0.000605451
-0.034351
-0.0301823
-0.0229372
-0.0265451
-0.0232607
-0.0167268
-0.0133843
-0.0110108
-0.00630216
-0.0656624
-0.061425
-0.0537052
-0.0572421
-0.0530401
-0.0454929
-0.0417779
-0.0378796
-0.0303907
0
-0.0152838
-0.0321034
-0.0380731
-0.0319755
-0.0222293
-0.0181884
-0.025512
-0.0415128
0
-0.0180144
-0.035402
-0.0350601
-0.0246266
-0.0220837
-0.0334975
-0.0525933
-0.0710129
-0.00700572
-0.0161816
-0.00779559
0
-0.0243993
-0.034922
-0.0283539
-0.0368533
-0.0374068
-0.0375291
-0.0361142
-0.0279401
-0.0298885
-0.0269275
-0.0211954
-0.0215895
-0.0190074
-0.0249319
-0.0262751
-0.0203515
-0.0385815
-0.0426664
-0.0329974
-0.0561431
-0.0622201
-0.00560519
-0.0269595
-0.0384162
-0.033231
-0.0234905
-0.0216491
-0.0307765
-0.0474065
-0.00395392
-0.0057913
-0.00166741
0
-0.0198885
-0.0260346
-0.0217591
-0.015713
-0.0349072
-0.0380776
-0.0372672
-0.0340268
-0.0374393
-0.0345467
-0.0355935
-0.0379323
-0.0294841
-0.0247307
-0.0255099
-0.02958
-0.02037
-0.020034
-0.0210643
-0.0212822
-0.0188806
-0.0255631
-0.0275632
-0.0214238
-0.0290318
-0.0402999
-0.0429359
-0.0321317
-0.0108902
-0.0106457
-0.0169109
-0.0126263
-0.00633712
-0.00407109
0
-0.0285454
-0.0314335
-0.0353021
-0.0324378
-0.0276515
-0.023418
-0.0379019
-0.038417
-0.0364895
-0.0367794
-0.0382003
-0.0371043
-0.0342401
-0.0305918
-0.026451
-0.0271063
-0.0317932
-0.0326535
-0.0244605
-0.0220216
-0.0215706
-0.0213604
-0.0226039
-0.0227202
-0.0182507
-0.0229461
-0.0288883
-0.0295697
-0.0237511
-0.0237445
-0.022583
-0.0344855
-0.0452685
-0.047607
-0.0363495
-0.0379134
-0.0372299
-0.0488477
-0.0518509
-0.0635363
-0.066707
-0.0546374
-0.0574982
-0.00192532
-0.0210152
-0.0365928
-0.0365494
-0.0270482
-0.0203485
-0.0231581
-0.0360858
-0.010502
-0.0113539
-0.00232791
-0.0304535
-0.0320095
-0.022495
-0.0384937
-0.037847
-0.0373773
-0.0321485
-0.0290547
-0.034374
-0.0227714
-0.0216912
-0.0242352
-0.0203837
-0.0259832
-0.0222637
-0.0285839
-0.0406879
-0.0323779
-0.044613
-0.0591802
-0.0499612
-0.00233993
-0.00267459
-0.00065521
0
-0.0175815
-0.0205315
-0.0183762
-0.0155118
-0.0336052
-0.0359195
-0.0354391
-0.0332406
-0.0378491
-0.036997
-0.0373296
-0.0380602
-0.0307489
-0.0281104
-0.0282983
-0.0306431
-0.0212446
-0.0202474
-0.0207426
-0.0216189
-0.018436
-0.0210188
-0.0222054
-0.0197804
-0.0272069
-0.0326094
-0.0340667
-0.0288686
-0.0088749
-0.0106326
-0.00805991
-0.00626789
-0.00803478
-0.010928
-0.00874593
-0.0058694
-0.000506209
-0.00189211
-0.000968906
0
-0.0265323
-0.0296619
-0.0283337
-0.0253471
-0.0293037
-0.0317512
-0.0299498
-0.0273151
-0.0189917
-0.0221125
-0.0197296
-0.0165042
-0.0374873
-0.0383049
-0.038412
-0.0376112
-0.038551
-0.0381912
-0.0381622
-0.0383676
-0.0362406
-0.0373769
-0.036497
-0.0351568
-0.0352363
-0.0330954
-0.0333821
-0.0352788
-0.0319283
-0.0298496
-0.0304244
-0.0325499
-0.0365837
-0.0350314
-0.035509
-0.0370032
-0.0256741
-0.0234613
-0.0236998
-0.0256672
-0.0226812
-0.0218318
-0.0220515
-0.0230353
-0.0266846
-0.0248736
-0.0252805
-0.0272096
-0.0185457
-0.0192634
-0.0201245
-0.0194374
-0.0222106
-0.0244009
-0.0247785
-0.0226435
-0.0210421
-0.0216167
-0.0218159
-0.0213465
-0.0213739
-0.0256199
-0.0270015
-0.0229778
-0.0325757
-0.0375246
-0.0384807
-0.0334954
-0.0261711
-0.029901
-0.0305666
-0.0268418
-0.0350952
-0.0409584
-0.0424541
-0.0366962
-0.0496399
-0.0554925
-0.0569311
-0.0509899
-0.040735
-0.0464056
-0.0476089
-0.0418714
-0.00535325
-0.00373826
-0.0055715
-0.00346328
-0.00166304
0
-0.022174
-0.0235798
-0.0265476
-0.0244286
-0.0214048
-0.0159243
-0.0359888
-0.0374682
-0.0383303
-0.0379879
-0.0370203
-0.0345619
-0.0368542
-0.0356104
-0.0338841
-0.0344627
-0.036093
-0.0377163
-0.028205
-0.0258539
-0.0240337
-0.0244395
-0.0262125
-0.0287095
-0.0196183
-0.0201115
-0.0207739
-0.021268
-0.0206307
-0.0211581
-0.0195172
-0.0242797
-0.0281461
-0.0291026
-0.025326
-0.0231317
-0.0309707
-0.0381702
-0.0438553
-0.0451655
-0.0395104
-0.0353507
-0.0130445
-0.0130713
-0.0133799
-0.0105043
-0.0140978
-0.0174111
-0.0152843
-0.0119196
-0.0101012
-0.00698843
-0.0041754
-0.00575061
-0.00305988
-0.00232913
0
-0.030408
-0.0323549
-0.0333108
-0.0310177
-0.0338015
-0.0353796
-0.0340835
-0.032233
-0.0305317
-0.0279921
-0.0251522
-0.0259779
-0.0229253
-0.02075
-0.0380916
-0.0383239
-0.0380245
-0.0385235
-0.03728
-0.0358496
-0.0360349
-0.0373806
-0.0373023
-0.0379216
-0.0379434
-0.0374853
-0.0372844
-0.0364275
-0.0331471
-0.0308721
-0.0292518
-0.0313408
-0.0277187
-0.0256084
-0.02581
-0.0281572
-0.028481
-0.0309206
-0.0331225
-0.0312994
-0.0335928
-0.0339306
-0.0233068
-0.0219633
-0.021525
-0.0223151
-0.0215293
-0.0218269
-0.0215978
-0.0215485
-0.021353
-0.0221392
-0.0233363
-0.0220445
-0.0235359
-0.0235851
-0.0181265
-0.0208172
-0.023856
-0.0216075
-0.0273572
-0.0310963
-0.0314603
-0.0277006
-0.027831
-0.0249617
-0.0229108
-0.0249028
-0.0229785
-0.0227955
-0.0239656
-0.0302989
-0.0364929
-0.0315208
-0.0429561
-0.0488272
-0.0501021
-0.0440315
-0.0451211
-0.0393896
-0.0343108
-0.0402553
-0.0350342
-0.0356514
-0.0393855
-0.0452051
-0.0467521
-0.0524941
-0.0540204
-0.0482348
-0.0598203
-0.0613786
-0.0672696
-0.0688763
-0.0629201
-0.0644944
-0.0583761
-0.0523087
-0.0598876
-0.0536478
-0.0550629
-0.00113824
-0.0180263
-0.0346966
-0.0376195
-0.0293767
-0.020869
-0.0203084
-0.030686
-0.00836719
-0.00830302
-0.00066359
-0.0275811
-0.0296466
-0.0193325
-0.0380775
-0.0384159
-0.0364187
-0.0342326
-0.0312085
-0.0360977
-0.0245275
-0.0223482
-0.0259901
-0.0192671
-0.0234342
-0.0213871
-0.024217
-0.0354631
-0.0282997
-0.038817
-0.0532583
-0.0441235
-0.00435903
-0.00345387
-0.000488468
-0.0229833
-0.0240393
-0.018682
-0.0368878
-0.0378158
-0.0359298
-0.0362071
-0.0350449
-0.036991
-0.0268691
-0.0250743
-0.0274322
-0.0197676
-0.0206179
-0.0208138
-0.0219093
-0.0266621
-0.0241479
-0.03462
-0.041669
-0.0373979
-0.013033
-0.0131797
-0.00794944
-0.0136822
-0.0146302
-0.00934868
-0.00370788
-0.00486881
-0.0014668
-0.0315524
-0.0329148
-0.0288822
-0.0335936
-0.0339593
-0.0302387
-0.0247881
-0.0255431
-0.0201978
-0.0382909
-0.0382322
-0.0385581
-0.0377094
-0.0367271
-0.0377927
-0.0380227
-0.0377628
-0.0364961
-0.0318912
-0.0300214
-0.0326378
-0.0285054
-0.0268377
-0.0295308
-0.0338353
-0.0322897
-0.0347957
-0.0224887
-0.0216626
-0.0231107
-0.0214967
-0.0215759
-0.0217359
-0.0238826
-0.0227416
-0.0244973
-0.0194329
-0.0222849
-0.0211049
-0.0255404
-0.0293227
-0.0262416
-0.0220374
-0.0238691
-0.0222938
-0.0271746
-0.0333863
-0.02977
-0.0396664
-0.0464184
-0.0416831
-0.0316378
-0.0371677
-0.0330048
-0.0430974
-0.0503876
-0.0460495
-0.057679
-0.0651146
-0.0606749
-0.0486997
-0.05603
-0.0512421
