FiniteElementSpace
FiniteElementCollection: L2_2D_P3
VDim: 1
Ordering: 0

0.00703106
0.00356454
0.00526302
0.00760511
0.00247659
0.00185124
0.00359567
0.00575109
0.00066271
0.000795631
0.00191571
0.00326003
0.000550781
0.000532987
0.00101748
0.00158965
0.00552447
0.00550747
0.00545377
0.00538884
0.00382667
0.00381974
0.00378394
0.00373625
0.00214082
0.00214247
0.00212388
0.00209392
0.00121478
0.00122059
0.00121091
0.00119043
0.00505962
0.00505323
0.00501619
0.00496605
0.00350773
0.00350632
0.00348006
0.00344143
0.00197013
0.00197346
0.00195888
0.00193334
0.00112606
0.00113222
0.00112449
0.00110662
0.00436815
0.00430397
0.0041976
0.00409946
0.00302997
0.0029893
0.00291693
0.00284723
0.00171234
0.00169424
0.0016557
0.00161515
0.000993361
0.000987539
0.000967622
0.000943324
0.00274478
0.00262014
0.0024515
0.00231848
0.00193522
0.0018514
0.00173648
0.00164483
0.00113585
0.00109175
0.00102983
0.000979575
0.000699756
0.000677197
0.00064439
0.000617187
0.000926254
0.000837959
0.000728355
0.000648846
0.000682797
0.000619471
0.000541287
0.000484931
0.000443676
0.000405449
0.00035911
0.000326419
0.000317001
0.000292727
0.000264295
0.000245066
9.28566e-05
7.44712e-05
5.37352e-05
4.03033e-05
7.73942e-05
6.2837e-05
4.66549e-05
3.63481e-05
6.69353e-05
5.60352e-05
4.42678e-05
3.70344e-05
6.65757e-05
5.73802e-05
4.7739e-05
4.20315e-05
1.30548e-06
1.56032e-06
2.04492e-06
2.52781e-06
1.90397e-06
1.86481e-06
1.97754e-06
2.17993e-06
3.65361e-06
3.13167e-06
2.68129e-06
2.49384e-06
5.6983e-06
4.69545e-06
3.73146e-06
3.2259e-06
0.00577418
0.00579543
0.00578945
0.00575889
0.00409949
0.00408946
0.00404599
0.0039896
0.00238373
0.00235611
0.00229595
0.0022319
0.00140589
0.00137884
0.00132342
0.00126552
0.000180542
0.000171258
0.000163798
0.000161513
0.000540231
0.00051889
0.000501458
0.000495627
0.00130064
0.00125798
0.00121854
0.00120025
0.00207351
0.00201227
0.00195237
0.00192141
0.000333318
0.000139812
7.44415e-05
0.000111947
0.00031205
0.000179434
0.000266263
0.000453042
0.000342317
0.000319483
0.000729215
0.00122529
0.000484174
0.000537047
0.00125955
0.00205664
0.0052529
0.00524992
0.00521623
0.00516779
0.00364386
0.00364513
0.00362145
0.00358405
0.00204507
0.00205012
0.00203706
0.00201212
0.00116535
0.00117254
0.00116557
0.0011478
0.000129729
0.000125922
0.000123748
0.000124184
0.000426223
0.000416325
0.000411071
0.000412823
0.00106485
0.00104656
0.00103558
0.00103691
0.00173053
0.0017056
0.00168921
0.0016889
0.000146481
0.000141609
0.000138351
0.000138189
0.000463724
0.000451978
0.000444959
0.000445823
0.0011395
0.00111843
0.00110475
0.0011047
0.00183836
0.00181028
0.00179085
0.00178902
0.00480764
0.0047797
0.00471641
0.00464777
0.00333106
0.00331492
0.00327104
0.00322026
0.00187339
0.00186864
0.00184477
0.0018132
0.00107588
0.00107754
0.00106503
0.00104442
0.000109197
0.000106264
0.000105032
0.000106074
0.000364318
0.000354342
0.000348239
0.000348773
0.000925175
0.000904363
0.000888793
0.0008856
0.00151658
0.00148642
0.00146159
0.00145354
0.000118143
0.000114798
0.000113049
0.000113684
0.000396015
0.000386445
0.000381214
0.000382679
0.00100001
0.000981571
0.000969755
0.000969965
0.00163293
0.00160725
0.00158913
0.0015869
0.00366687
0.00356441
0.00341552
0.00329063
0.00255666
0.00248959
0.00238889
0.00230232
0.00146342
0.00143038
0.00137703
0.00132888
0.000867256
0.000852545
0.000825038
0.000798135
0.00010951
0.00010837
0.000110013
0.000113766
0.000286303
0.000276145
0.000268882
0.000267863
0.000692796
0.000666245
0.000640848
0.00062832
0.00113105
0.00108877
0.00104499
0.00101998
0.000104903
0.000102752
0.000102715
0.000104854
0.000327368
0.000316989
0.000309952
0.000309471
0.00082468
0.000800487
0.000779532
0.000771446
0.00135368
0.00131686
0.00128203
0.00126529
0.00176346
0.00164466
0.00149144
0.00137592
0.00126614
0.00118381
0.00107742
0.000997118
0.000774047
0.000727804
0.000668223
0.000623501
0.000506716
0.00048033
0.000446819
0.000422167
0.000138537
0.000136393
0.000137357
0.000141025
0.000207486
0.000198884
0.000192379
0.000190986
0.000388166
0.000365525
0.000342078
0.000328683
0.000593444
0.000556008
0.000514383
0.000487884
0.000123633
0.000122814
0.000125288
0.000130003
0.00024556
0.000236241
0.000229471
0.000228396
0.000539877
0.000513807
0.000487453
0.000473007
0.000863936
0.000821054
0.000774384
0.000745564
0.000367416
0.000318221
0.000259457
0.000218591
0.000281923
0.000245194
0.000201791
0.000171976
0.000201708
0.000177542
0.000149754
0.000131271
0.000163707
0.000146407
0.000127267
0.000115142
0.000115727
0.000108817
0.000102752
0.000100219
0.000123707
0.000115318
0.000107393
0.000103488
0.000155891
0.000142916
0.000129316
0.000121305
0.000196806
0.000178333
0.000157965
0.000145084
0.000138988
0.000134203
0.000131538
0.000132181
0.000168511
0.000160001
0.000152843
0.000150298
0.000257589
0.000239798
0.000221246
0.000210493
0.000363443
0.000335292
0.000303939
0.000283912
8.62062e-06
5.50676e-06
2.62014e-06
1.28863e-06
1.03365e-05
7.39813e-06
4.6315e-06
3.29153e-06
1.51658e-05
1.21163e-05
9.16893e-06
7.63816e-06
2.09661e-05
1.74939e-05
1.40731e-05
1.22179e-05
3.56367e-05
3.10011e-05
2.60773e-05
2.30499e-05
3.4644e-05
3.00851e-05
2.52148e-05
2.21995e-05
3.407e-05
2.93493e-05
2.42624e-05
2.10865e-05
3.41236e-05
2.90848e-05
2.36296e-05
2.02155e-05
7.53826e-05
6.85704e-05
6.17192e-05
5.78631e-05
7.5566e-05
6.84685e-05
6.12088e-05
5.7021e-05
8.20924e-05
7.35016e-05
6.43851e-05
5.88581e-05
9.17357e-05
8.11588e-05
6.96346e-05
6.24145e-05
2.83284e-06
2.48263e-06
2.06634e-06
1.77791e-06
1.94258e-06
1.6094e-06
1.22534e-06
9.68708e-07
1.31272e-06
9.74764e-07
6.18713e-07
4.09312e-07
1.16317e-06
7.86042e-07
4.36558e-07
2.76696e-07
7.51221e-07
4.02249e-07
1.51328e-07
1.17479e-07
7.15738e-07
3.9261e-07
1.55544e-07
1.20357e-07
6.11364e-07
3.36519e-07
1.31117e-07
1.00821e-07
5.07629e-07
2.73666e-07
9.83052e-08
7.55763e-08
1.02871e-05
8.24286e-06
6.05407e-06
4.69929e-06
9.81524e-06
7.85813e-06
5.75394e-06
4.44475e-06
9.02087e-06
7.18122e-06
5.19903e-06
3.96368e-06
8.28425e-06
6.5362e-06
4.6623e-06
3.50437e-06
0.00585717
0.00582525
0.00576526
0.00568783
0.00441372
0.00433126
0.00419345
0.00406507
0.0026845
0.00261774
0.0025093
0.00241147
0.00156016
0.00154244
0.0015069
0.00147089
0.00111038
0.00108889
0.00106926
0.00105145
0.000437794
0.000440318
0.000436933
0.000428107
5.06085e-05
5.3396e-05
5.20522e-05
4.69282e-05
5.31042e-05
6.27386e-05
6.94742e-05
6.9997e-05
0.000498502
0.000384248
0.000672243
0.00105698
0.000381349
0.000228902
0.000288829
0.000436063
0.000359354
0.000148261
4.48796e-05
3.97727e-05
0.000345413
0.000131129
2.91896e-05
2.51897e-05
0.0053703
0.00536241
0.00532163
0.00526729
0.00372419
0.00372263
0.00369468
0.00365361
0.00208795
0.00209186
0.00207689
0.00205016
0.00118767
0.00119442
0.00118653
0.0011678
0.000817884
0.000824727
0.000819626
0.00080506
0.000316656
0.000322033
0.000320516
0.000312841
2.23361e-05
2.43184e-05
2.41621e-05
2.19184e-05
4.67362e-05
4.52467e-05
4.39049e-05
4.33069e-05
0.000835161
0.000841486
0.000835232
0.000819432
0.000322182
0.00032728
0.000325162
0.000316858
2.3166e-05
2.49794e-05
2.45852e-05
2.21475e-05
5.15302e-05
4.96829e-05
4.79745e-05
4.71617e-05
0.00494951
0.00493459
0.00488716
0.0048297
0.00343006
0.00342278
0.0033895
0.00334602
0.00192737
0.00192745
0.00190912
0.00188116
0.00110382
0.00110817
0.00109851
0.00107952
0.000764897
0.000770085
0.000763979
0.000749578
0.000303502
0.000308487
0.000307079
0.000300006
2.5336e-05
2.79936e-05
2.88365e-05
2.74838e-05
3.7283e-05
3.685e-05
3.67066e-05
3.69167e-05
0.000778765
0.000785152
0.000780244
0.000766439
0.00030647
0.000311802
0.000310621
0.000303524
2.34798e-05
2.59313e-05
2.64132e-05
2.46963e-05
3.83669e-05
3.76746e-05
3.71786e-05
3.70923e-05
0.00405086
0.00396667
0.00383754
0.00372461
0.0028153
0.00276097
0.00267352
0.00259448
0.00159915
0.00157346
0.00152713
0.00148233
0.000935935
0.000925711
0.000901866
0.000876031
0.00066235
0.000657791
0.000643147
0.000625685
0.000285378
0.000287214
0.000284488
0.000278742
5.11569e-05
5.51065e-05
5.91211e-05
6.14729e-05
5.11703e-05
5.26511e-05
5.5838e-05
5.93627e-05
0.000697071
0.000695513
0.000683221
0.000666293
0.000290897
0.000293799
0.000291409
0.00028506
4.07495e-05
4.4397e-05
4.74439e-05
4.85762e-05
4.36758e-05
4.45928e-05
4.67001e-05
4.90991e-05
0.00224843
0.00212302
0.00195767
0.00183032
0.00159827
0.00151271
0.0013991
0.0013111
0.000955329
0.00090884
0.000846588
0.00079813
0.000604887
0.00057974
0.000545885
0.000519581
0.000459054
0.00044253
0.000420376
0.000403326
0.00024832
0.000243115
0.000236713
0.000232375
0.00011248
0.000113913
0.000117615
0.000122022
0.000107146
0.000108103
0.000112321
0.000117962
0.000518814
0.000504821
0.000483974
0.000466468
0.000261681
0.000258582
0.000253563
0.000249281
9.7126e-05
9.99626e-05
0.000104769
0.000109495
9.15815e-05
9.33671e-05
9.82767e-05
0.000104175
0.000608587
0.000539961
0.000456331
0.000396852
0.000456563
0.000406399
0.00034577
0.000303057
0.00030935
0.000277819
0.000240595
0.00021508
0.000234044
0.000212847
0.000188754
0.000173001
0.000202232
0.000185406
0.000166819
0.000155117
0.000150199
0.000139909
0.000129562
0.000123931
0.000119768
0.000113901
0.000109268
0.000107949
0.000124074
0.00011863
0.000114728
0.000114089
0.000263704
0.000245272
0.000224313
0.000210675
0.00018039
0.000170391
0.000160262
0.000154755
0.000128398
0.000124034
0.000121382
0.000121663
0.000129915
0.000126044
0.000124367
0.000125626
3.45689e-05
2.57334e-05
1.63169e-05
1.0689e-05
3.18534e-05
2.44675e-05
1.6694e-05
1.21122e-05
3.33174e-05
2.71207e-05
2.07287e-05
1.70434e-05
3.84774e-05
3.25677e-05
2.65559e-05
2.31409e-05
4.06023e-05
3.48502e-05
2.899e-05
2.56402e-05
4.21636e-05
3.68643e-05
3.14923e-05
2.84285e-05
4.69775e-05
4.16813e-05
3.62814e-05
3.31611e-05
5.28518e-05
4.71074e-05
4.1167e-05
3.76591e-05
6.63674e-05
5.79358e-05
4.91876e-05
4.40739e-05
6.34953e-05
5.64722e-05
4.93803e-05
4.53863e-05
6.61986e-05
5.9886e-05
5.3635e-05
5.02077e-05
7.32396e-05
6.66204e-05
6.00081e-05
5.63255e-05
2.78764e-06
2.79053e-06
2.81531e-06
2.84922e-06
2.29646e-06
2.18097e-06
2.06628e-06
2.0038e-06
2.35559e-06
2.01427e-06
1.66193e-06
1.45704e-06
2.871e-06
2.28283e-06
1.69997e-06
1.382e-06
2.99532e-06
2.3254e-06
1.64902e-06
1.27026e-06
3.19397e-06
2.41226e-06
1.61222e-06
1.15458e-06
3.53635e-06
2.60245e-06
1.64623e-06
1.09997e-06
3.85169e-06
2.79916e-06
1.72544e-06
1.1167e-06
6.46024e-06
5.2789e-06
4.09864e-06
3.43759e-06
7.50588e-06
6.09189e-06
4.62887e-06
3.76389e-06
8.9477e-06
7.21055e-06
5.37471e-06
4.25706e-06
1.01102e-05
8.11168e-06
5.98255e-06
4.67346e-06
0.00572174
0.00569486
0.00562601
0.00554784
0.00396587
0.00394976
0.00390026
0.0038409
0.0022198
0.00221465
0.00218597
0.00214744
0.00125944
0.00126086
0.00124436
0.00121785
0.000865948
0.000868946
0.000857415
0.000836869
0.000335854
0.000338832
0.000333467
0.000322367
2.61359e-05
2.73765e-05
2.61467e-05
2.30251e-05
5.73678e-05
5.51857e-05
5.31802e-05
5.21801e-05
0.000988435
0.000964922
0.000918034
0.00086989
0.000399556
0.000387859
0.000363291
0.000337592
4.25036e-05
3.94827e-05
3.33481e-05
2.68545e-05
6.87983e-05
6.43676e-05
6.07084e-05
5.89037e-05
0.000158861
0.00015296
0.00014864
0.000147904
0.000490525
0.000476636
0.000467376
0.000466884
0.00119117
0.0011664
0.00114856
0.00114578
0.00190907
0.00187679
0.00185255
0.00184754
0.00234627
0.00230969
0.00228222
0.00227652
0.00326994
0.00322402
0.00318946
0.00318218
0.00466383
0.00460672
0.00456359
0.00455437
0.00586341
0.00579831
0.0057496
0.00573981
0.00252114
0.00245569
0.00239239
0.00236027
0.00341443
0.00335643
0.00330683
0.00328825
0.00471945
0.0046868
0.00467507
0.00468916
0.00580499
0.00580643
0.00584193
0.00589437
0.000132951
0.0001468
0.000167621
0.000183442
0.000455125
0.000480069
0.000521851
0.000560292
0.00121469
0.00124256
0.00129831
0.00135032
0.00207121
0.00207688
0.00211518
0.00214858
0.00260717
0.00259187
0.00258517
0.00259094
0.00367541
0.00358293
0.00348671
0.00343055
0.00508006
0.0049242
0.00475745
0.00465621
0.00612732
0.00593464
0.00576807
0.00568384
0.000589077
0.000741399
0.00166347
0.00267755
0.000888887
0.00116621
0.00265187
0.00431981
0.00275557
0.00237237
0.00427087
0.00641821
0.00635634
0.00402638
0.00576964
0.00779854
0.00515506
0.00515261
0.00512014
0.00507304
0.00357527
0.00357667
0.0035536
0.00351702
0.00200746
0.00201241
0.00199956
0.00197505
0.00114559
0.00115266
0.00114582
0.00112837
0.000791057
0.00079805
0.00079367
0.000780049
0.000309351
0.000314833
0.000313703
0.000306521
2.24818e-05
2.47637e-05
2.49904e-05
2.3042e-05
4.03069e-05
3.93912e-05
3.86364e-05
3.83686e-05
0.000803641
0.000810721
0.000806215
0.000792316
0.000312639
0.000318108
0.000316845
0.000309468
2.21381e-05
2.42651e-05
2.42876e-05
2.21764e-05
4.30377e-05
4.18739e-05
4.08623e-05
4.04466e-05
0.000123557
0.000120025
0.000118103
0.000118653
0.000410881
0.000401287
0.000396207
0.000397928
0.00103251
0.00101447
0.00100348
0.00100455
0.00168218
0.00165738
0.00164075
0.00163996
0.00208241
0.00205353
0.00203365
0.00203194
0.00293089
0.00289372
0.00286754
0.00286443
0.00422322
0.00417547
0.00414084
0.00413532
0.00534504
0.00528919
0.00524816
0.00524092
0.00213994
0.00211101
0.00209152
0.00209045
0.00300642
0.00296929
0.00294373
0.00294151
0.00432328
0.00427563
0.00424179
0.0042374
0.00546399
0.00540818
0.00536796
0.00536193
0.000137158
0.000132908
0.000130299
0.000130508
0.000443301
0.00043272
0.000426855
0.000428345
0.00109951
0.00108027
0.00106846
0.00106946
0.0017814
0.00175541
0.00173812
0.00173748
0.00219999
0.00216995
0.00214956
0.00214819
0.00308492
0.00304644
0.00301978
0.00301722
0.00442761
0.00437813
0.00434271
0.00433772
0.00558889
0.00553072
0.00548832
0.00548132
0.00226611
0.00223393
0.00221141
0.00220893
0.00316988
0.00312907
0.00310017
0.00309651
0.00453914
0.00448708
0.00444925
0.00444313
0.00572194
0.00566094
0.00561592
0.00560772
0.00461807
0.00457328
0.00448972
0.00440701
0.00320039
0.00317285
0.00311554
0.00305569
0.00180303
0.00179209
0.00176128
0.00172534
0.00103968
0.00103789
0.00102186
0.000999383
0.000725308
0.000726441
0.000716462
0.000700309
0.000295801
0.000299562
0.000297487
0.000290708
3.33461e-05
3.66186e-05
3.87417e-05
3.87947e-05
3.92931e-05
3.96615e-05
4.0801e-05
4.223e-05
0.000747583
0.000750995
0.000743139
0.000727889
0.000300013
0.000304467
0.000302731
0.000295729
2.84314e-05
3.13602e-05
3.27372e-05
3.19573e-05
3.73978e-05
3.73101e-05
3.76952e-05
3.83933e-05
0.000106204
0.000103606
0.000102872
0.000104364
0.000346544
0.00033632
0.000329701
0.000329699
0.000878825
0.000856336
0.000838141
0.00083259
0.00144231
0.00140892
0.00137929
0.00136709
0.00179203
0.00175199
0.00171548
0.00169938
0.00254068
0.00248691
0.00243634
0.00241231
0.003696
0.00362333
0.00355273
0.00351684
0.0047116
0.00462365
0.00453674
0.00449112
0.00188285
0.00184702
0.00181668
0.00180584
0.0026648
0.00261734
0.00257593
0.00255966
0.00386682
0.00380374
0.00374683
0.00372241
0.0049196
0.00484413
0.00477489
0.00474393
0.00011331
0.000110143
0.000108594
0.000109369
0.0003807
0.000370973
0.000365368
0.000366415
0.000964959
0.000945555
0.000932177
0.000930948
0.00157898
0.00155148
0.00153058
0.00152591
0.00195854
0.00192613
0.00190081
0.00189425
0.00276677
0.0027244
0.00269033
0.00268029
0.00400488
0.00394944
0.0039034
0.00388805
0.00508568
0.00502006
0.00496473
0.0049453
0.00202347
0.00199343
0.00197163
0.00196813
0.00285315
0.00281426
0.00278531
0.00277966
0.00412023
0.00406994
0.00403136
0.00402231
0.00522298
0.00516396
0.00511806
0.00510653
0.0032256
0.003109
0.0029462
0.00281416
0.00225968
0.00218234
0.00207199
0.00198093
0.00130744
0.00126802
0.00120924
0.00115915
0.000788018
0.000769068
0.000738473
0.000711089
0.000573028
0.000562056
0.000543016
0.000525289
0.000271541
0.000270387
0.00026645
0.000261896
8.04455e-05
8.41373e-05
8.92769e-05
9.36606e-05
7.59013e-05
7.79797e-05
8.28216e-05
8.83283e-05
0.000620979
0.000613228
0.000596301
0.000578579
0.000279109
0.000279609
0.000276412
0.00027132
6.46176e-05
6.86388e-05
7.34394e-05
7.69565e-05
6.2038e-05
6.39624e-05
6.81461e-05
7.27832e-05
0.000115683
0.000114864
0.000117141
0.000121555
0.00026562
0.00025584
0.000248778
0.000247706
0.00061771
0.000590987
0.000564586
0.000550702
0.00100089
0.000957543
0.00091133
0.000883665
0.00124102
0.00118729
0.00112871
0.00109242
0.00176126
0.0016855
0.00160048
0.00154557
0.00258272
0.00247449
0.00235
0.00226695
0.00331905
0.00318313
0.00302481
0.00291753
0.00140504
0.001353
0.00129784
0.00126511
0.0019968
0.00192418
0.00184492
0.00179569
0.00292441
0.00282188
0.00270698
0.00263294
0.00375104
0.00362327
0.00347813
0.0033829
0.000105883
0.00010425
0.000105052
0.000107986
0.000307101
0.000296734
0.000289467
0.000288637
0.000762412
0.000736773
0.000713291
0.000702779
0.00124963
0.00120967
0.0011699
0.0011487
0.00155347
0.00150468
0.00145491
0.00142719
0.00220768
0.0021404
0.00206966
0.00202817
0.00322698
0.00313324
0.00303182
0.0029697
0.0041307
0.00401488
0.00388772
0.00380816
0.00168275
0.00163819
0.00159494
0.001573
0.00238921
0.00232855
0.00226782
0.00223509
0.00348428
0.00340097
0.00331498
0.0032661
0.0044508
0.00434888
0.00424197
0.0041796
0.00131571
0.00120991
0.00107612
0.000977191
0.000956072
0.000881516
0.000787436
0.000718078
0.000600756
0.000557392
0.000503305
0.000463999
0.000409285
0.000383198
0.000351525
0.000329263
0.00032904
0.00031011
0.000287748
0.000272567
0.000207619
0.000198689
0.000189447
0.000184319
0.000129808
0.000127367
0.000127025
0.000128996
0.000128384
0.000126304
0.000126981
0.000130124
0.000395091
0.000376838
0.000354109
0.000337808
0.000230433
0.000223189
0.000215287
0.000210616
0.000124079
0.000123674
0.000125575
0.000129011
0.000120202
0.000119819
0.000122571
0.000127256
0.000141458
0.000138067
0.00013737
0.00013969
0.0001885
0.00018001
0.000173281
0.000171409
0.000319448
0.000299167
0.000278068
0.00026591
0.000471299
0.000438249
0.000401397
0.000377838
0.000566107
0.00052485
0.000477845
0.000446908
0.000773297
0.000714241
0.000644902
0.000597488
0.00111708
0.00103022
0.000925915
0.000852662
0.0014363
0.00132468
0.0011892
0.0010929
0.000722255
0.000675374
0.000622107
0.000587178
0.00100354
0.000936265
0.000857557
0.000803947
0.0014625
0.0013639
0.00124591
0.00116336
0.00188393
0.00175774
0.00160511
0.00149699
0.000131904
0.000130651
0.000132707
0.000137195
0.00022628
0.000217388
0.000210849
0.000209704
0.000462393
0.000437742
0.000412444
0.000398211
0.00072609
0.000685248
0.000640186
0.00061181
0.000891778
0.000840675
0.000783057
0.000745656
0.00125283
0.0011797
0.00109483
0.00103759
0.00183418
0.00172769
0.00160127
0.00151361
0.00236301
0.00222747
0.00206476
0.00195046
0.00106739
0.00101394
0.000954471
0.000916566
0.00150953
0.00143351
0.00134647
0.00128876
0.00221383
0.00210409
0.00197548
0.00188765
0.00284944
0.00271065
0.00254607
0.00243208
0.000198987
0.000166979
0.000129655
0.000104429
0.000157601
0.000133095
0.000104888
8.61062e-05
0.000121606
0.000104564
8.55229e-05
7.32879e-05
0.000107836
9.47119e-05
8.0567e-05
7.18902e-05
0.000101948
9.05243e-05
7.84441e-05
7.12183e-05
8.95943e-05
8.09818e-05
7.23112e-05
6.74891e-05
8.63605e-05
7.951e-05
7.30095e-05
6.97388e-05
9.36417e-05
8.6724e-05
8.01836e-05
7.69094e-05
0.000147581
0.000133219
0.000117719
0.000108221
0.000119162
0.00010938
9.95496e-05
9.41491e-05
0.00010506
9.83361e-05
9.23668e-05
8.98085e-05
0.000111411
0.000104893
9.92818e-05
9.70535e-05
9.66792e-05
8.94975e-05
8.26407e-05
7.91446e-05
9.94974e-05
9.15654e-05
8.3728e-05
7.9487e-05
0.000115658
0.000104928
9.36206e-05
8.68718e-05
0.000137337
0.000123097
0.000107496
9.76842e-05
0.000148792
0.000132376
0.000114126
0.000102439
0.000172141
0.000151074
0.000126963
0.00011097
0.000218944
0.000189751
0.000155539
0.000132225
0.000266953
0.000230054
0.000186329
0.000156172
0.000220435
0.000198454
0.000173776
0.000157801
0.000270778
0.00024119
0.000206928
0.000183889
0.000363087
0.000320755
0.000270543
0.000235828
0.000453832
0.000399656
0.000334679
0.000289199
0.000130306
0.000124258
0.000119681
0.000118605
0.000146929
0.000138397
0.000130765
0.000127483
0.000203096
0.000187764
0.000171745
0.0001624
0.00027185
0.000248671
0.000222962
0.000206609
0.000313334
0.000285095
0.000253135
0.000232259
0.000403237
0.000363979
0.000318137
0.000287004
0.00056045
0.000503256
0.000434878
0.000387146
0.000711116
0.000637522
0.000548571
0.000485716
0.000428779
0.000393943
0.000354313
0.000328273
0.000571317
0.000521931
0.000463991
0.000424417
0.000813071
0.000740528
0.000653445
0.000592338
0.00104066
0.000947235
0.000833874
0.000753365
1.06928e-06
6.35465e-07
5.91253e-07
9.4543e-07
2.93892e-06
2.2094e-06
1.7545e-06
1.76457e-06
6.84851e-06
5.56764e-06
4.43411e-06
3.93854e-06
1.09946e-05
9.10743e-06
7.29583e-06
6.35035e-06
1.2654e-05
1.05369e-05
8.43283e-06
7.26414e-06
1.47686e-05
1.23919e-05
9.95149e-06
8.52131e-06
1.77834e-05
1.49809e-05
1.2026e-05
1.02258e-05
2.03065e-05
1.71096e-05
1.36935e-05
1.15756e-05
2.33454e-05
1.97244e-05
1.60937e-05
1.40581e-05
2.60352e-05
2.23411e-05
1.85763e-05
1.64004e-05
3.05117e-05
2.64646e-05
2.2253e-05
1.97359e-05
3.47253e-05
3.0207e-05
2.54324e-05
2.25169e-05
2.07862e-05
1.75071e-05
1.39861e-05
1.17889e-05
2.00126e-05
1.68343e-05
1.34061e-05
1.12555e-05
1.89809e-05
1.58594e-05
1.2481e-05
1.03565e-05
1.81546e-05
1.50222e-05
1.16387e-05
9.52293e-06
1.7058e-05
1.40184e-05
1.07549e-05
8.73501e-06
1.37247e-05
1.10452e-05
8.17234e-06
6.40762e-06
1.00428e-05
7.63684e-06
5.11525e-06
3.63328e-06
7.80644e-06
5.51332e-06
3.19057e-06
1.91256e-06
3.31078e-05
2.79961e-05
2.24713e-05
1.90303e-05
2.95325e-05
2.44422e-05
1.88942e-05
1.54188e-05
2.67404e-05
2.12514e-05
1.52523e-05
1.1511e-05
2.59865e-05
1.99443e-05
1.33581e-05
9.28971e-06
5.43129e-05
4.84173e-05
4.22864e-05
3.86369e-05
5.34714e-05
4.75443e-05
4.1324e-05
3.75776e-05
5.4973e-05
4.84033e-05
4.13759e-05
3.70473e-05
5.80052e-05
5.04931e-05
4.23405e-05
3.724e-05
5.83561e-05
5.03797e-05
4.16885e-05
3.62357e-05
5.74386e-05
4.86265e-05
3.88519e-05
3.26012e-05
6.06858e-05
4.99714e-05
3.78984e-05
3.00619e-05
6.63916e-05
5.36943e-05
3.92858e-05
2.98795e-05
9.58276e-05
8.40969e-05
7.11902e-05
6.30151e-05
0.000102953
8.88515e-05
7.29461e-05
6.25743e-05
0.000121314
0.000102755
8.13638e-05
6.70817e-05
0.000142024
0.000119105
9.24191e-05
7.44116e-05
1.5763e-06
9.87682e-07
3.76763e-07
1.11535e-07
7.4228e-07
4.55361e-07
1.94314e-07
1.52759e-07
2.37513e-07
1.62369e-07
1.49129e-07
2.89432e-07
1.18185e-07
1.46743e-07
1.89078e-07
3.83069e-07
8.00231e-08
1.39627e-07
2.53441e-07
4.21556e-07
7.35491e-08
1.26412e-07
2.26213e-07
3.53624e-07
8.59145e-08
1.3529e-07
2.2649e-07
3.24303e-07
1.13867e-07
1.61454e-07
2.54807e-07
3.48756e-07
1.02572e-06
6.52506e-07
3.12563e-07
1.71187e-07
8.77328e-07
5.263e-07
2.25101e-07
1.20342e-07
7.89976e-07
4.43573e-07
1.71483e-07
1.03477e-07
7.89252e-07
4.32919e-07
1.68888e-07
1.19983e-07
1.22441e-07
1.71536e-07
2.74415e-07
3.74623e-07
1.30286e-07
1.60909e-07
2.60869e-07
3.72655e-07
1.34665e-07
1.54374e-07
2.79638e-07
4.47396e-07
1.32471e-07
1.57748e-07
3.24942e-07
5.64969e-07
7.15179e-08
8.80945e-08
2.47654e-07
5.9067e-07
3.59293e-08
2.23975e-08
1.47772e-07
4.10955e-07
9.67916e-08
6.62853e-08
7.83284e-08
1.85303e-07
4.52383e-07
3.33097e-07
1.58129e-07
9.22632e-08
4.82727e-07
2.69847e-07
1.00061e-07
5.75498e-08
3.48658e-07
2.07904e-07
7.56573e-08
1.83416e-08
2.94998e-07
2.36297e-07
1.70502e-07
1.31541e-07
5.23644e-07
5.16996e-07
5.06825e-07
4.99329e-07
3.8592e-06
2.7942e-06
1.70104e-06
1.07594e-06
3.64484e-06
2.64419e-06
1.6115e-06
1.01633e-06
3.24463e-06
2.34573e-06
1.41278e-06
8.70979e-07
2.86704e-06
2.05517e-06
1.21536e-06
7.30592e-07
2.60296e-06
1.86823e-06
1.11358e-06
6.82195e-07
1.79418e-06
1.29665e-06
7.77196e-07
4.73827e-07
8.56235e-07
6.30611e-07
4.15418e-07
3.09651e-07
4.12594e-07
3.7425e-07
3.90534e-07
4.5298e-07
7.59573e-06
5.96531e-06
4.23086e-06
3.17206e-06
5.5564e-06
4.30058e-06
2.97117e-06
2.16872e-06
3.12074e-06
2.27082e-06
1.42828e-06
9.75848e-07
1.58141e-06
1.00635e-06
5.26798e-07
3.61285e-07
