FiniteElementSpace
FiniteElementCollection: H1_2D_P2
VDim: 2
Ordering: 0

0
0.888918
1.73338
2.49806
3.15941
3.72522
4.23505
4.73276
5.23708
0
1.10596
2.1587
3.10228
3.89883
4.54595
5.09022
5.59507
6.09936
0.449096
1.003
0.553761
0
1.31881
1.95647
1.64309
2.12773
2.81387
2.64693
2.84204
3.54258
3.52029
3.45233
4.1446
4.23912
3.98405
4.66604
4.82678
4.4835
5.16418
5.34428
4.98405
5.6681
5.84628
0.503848
1.48911
2.39969
3.19531
3.85738
4.41149
4.91529
5.41508
0.226622
0.478107
0.251623
0
1.10544
1.40659
1.24805
0.947914
1.93335
2.26765
2.18142
1.84821
2.67341
3.02343
3.00883
2.66045
3.30869
3.65894
3.7038
3.35563
3.856
4.20005
4.28008
3.93815
4.35933
4.70007
4.79096
4.45192
4.85815
5.19953
5.28932
4.94867
0.669961
0.754664
1.05539
0.831215
0.528506
0.274672
0
1.52834
1.72548
2.05959
1.90395
1.56762
1.37684
2.31609
2.61068
2.96059
2.87903
2.52567
2.40659
3.00397
3.37319
3.72296
3.7145
3.36028
3.31615
3.59093
4.00402
4.34658
4.3963
4.05009
4.07353
4.11016
4.53983
4.87838
4.96014
4.61988
4.68908
4.6079
5.03957
5.37947
5.46979
5.12973
5.21799
5.11037
5.45249
5.54141
5.88381
5.97254
5.63061
5.72049
0.241546
1.17904
2.06101
2.84579
3.51066
4.0708
4.57614
5.07379
0.713927
0.793477
0.261358
1.62986
1.8165
1.31368
2.46762
2.74732
2.29621
3.19333
3.54624
3.16502
3.80117
4.20174
3.89074
4.3268
4.75046
4.4856
4.82415
5.25456
5.00455
5.32578
5.75701
5.50478
0.11532
0.234872
0.121952
0
0.997515
1.1429
1.06388
0.918994
1.83401
1.9982
1.95534
1.79172
2.58655
2.76095
2.75406
2.58054
3.23478
3.41096
3.43402
3.25887
3.79099
3.96419
4.00496
3.83263
4.29723
4.46802
4.51411
4.34388
4.79538
4.96598
5.01116
4.84077
0.55975
0.692442
0.596155
0.464044
0.629513
0.774215
0.661353
0.516146
0.125517
0.256471
0.12887
0
1.42408
1.57993
1.51879
1.36344
1.60792
1.77149
1.69274
1.5288
1.12598
1.28122
1.18504
1.02946
2.22266
2.39306
2.36849
2.19881
2.50613
2.67969
2.63751
2.46334
2.06974
2.23943
2.17876
2.00859
2.92382
3.10004
3.10934
2.93412
3.28532
3.46042
3.45443
3.27852
2.9124
3.08766
3.06394
2.88795
3.5222
3.69712
3.73076
3.55682
3.93151
4.10339
4.12683
3.95431
3.62418
3.7979
3.80794
3.63345
4.0473
4.219
4.26368
4.0927
4.47598
4.64536
4.68557
4.51597
4.21292
4.3832
4.41675
4.24603
4.54564
4.71614
4.76207
4.59197
4.97742
5.14708
5.19216
5.02256
4.72861
4.89785
4.94163
4.77236
5.04715
5.21803
5.2626
5.09177
5.47818
5.64922
5.69375
5.52284
5.22668
5.39704
5.44207
5.27183
0.337979
0.359937
0.491308
0.377801
0.246781
0
1.21255
1.2933
1.44842
1.36912
1.21404
0.975862
2.03125
2.16513
2.33453
2.29143
2.12201
1.90306
2.75855
2.93557
3.11037
3.10314
2.9283
2.73812
3.38117
3.5856
3.75901
3.7815
3.60815
3.45007
3.92031
4.13579
4.30624
4.34623
4.17602
4.04205
4.4214
4.63811
4.80782
4.85316
4.68376
4.55927
4.92103
5.13659
5.3073
5.35212
5.18157
5.05647
0.779686
0.831225
0.879194
0.734632
0.924843
1.08086
0.969027
0.812453
0.692717
0.541081
0.39504
0.414514
0.267441
0.134502
0
1.63144
1.73969
1.84169
1.67832
1.93882
2.10959
2.03215
1.86062
1.77426
1.60569
1.44125
1.51061
1.34552
1.24194
2.40786
2.56494
2.71327
2.54006
2.85503
3.03197
2.99183
2.81371
2.76408
2.58682
2.41188
2.52778
2.35189
2.28357
3.08247
3.27541
3.45893
3.28426
3.63574
3.81134
3.80792
3.63086
3.61867
3.4408
3.26381
3.41948
3.24112
3.21045
3.65856
3.87026
4.07501
3.90336
4.27495
4.44648
4.47201
4.2993
4.31872
4.14495
3.97143
4.15745
3.98254
3.98738
4.17271
4.38952
4.60314
4.43369
4.8147
4.98428
5.02552
4.85533
4.89393
4.72341
4.55327
4.75854
4.58749
4.61826
4.67026
4.88634
5.10182
4.93194
5.31698
5.48719
5.53243
5.36209
5.40708
5.23692
5.06722
5.28126
5.11121
5.15433
5.17367
5.34476
5.38909
5.56028
5.60472
5.43359
5.77595
5.82038
5.99164
6.03588
5.86477
5.90935
5.73841
5.56763
5.78333
5.61257
5.65774
0.11968
1.03132
1.89565
2.67163
3.33572
3.89885
4.40601
4.9033
0.578413
0.645499
0.127181
1.47223
1.6508
1.15582
2.29675
2.5725
2.12484
3.01797
3.37059
2.98889
3.62762
4.02972
3.71672
4.15608
4.58102
4.31523
4.65401
5.08482
4.83524
5.15484
5.58596
5.33437
0.349444
0.36919
0.12388
1.25363
1.33174
1.09538
2.09926
2.2291
2.0133
2.84843
3.02035
2.83421
3.48463
3.68444
3.53005
4.02878
4.24154
4.10956
4.52999
4.74581
4.62161
5.0288
5.24436
5.11895
0.805994
0.855577
0.613156
0.902229
0.947083
0.677078
0.386332
0.404572
0.130869
1.68645
1.79137
1.56397
1.89078
1.9859
1.73386
1.40558
1.47622
1.21371
2.48766
2.64005
2.4382
2.78486
2.92397
2.70132
2.35229
2.47033
2.23163
3.18031
3.36815
3.19833
3.54803
3.7223
3.53705
3.1842
3.34217
3.13773
3.76542
3.97336
3.83195
4.17546
4.37373
4.22309
3.87707
4.06481
3.89808
4.28157
4.49666
4.37026
4.7091
4.92011
4.7898
4.45007
4.65602
4.51769
4.77838
4.99415
4.86985
5.20941
5.42462
5.29954
4.96026
5.17417
5.04794
5.28134
5.49689
5.37038
5.71256
5.92815
5.80153
5.45987
5.67543
5.54983
0
-0.113591
-0.408804
-0.882098
-1.50966
-2.25758
-3.0835
-3.94483
-4.81054
1
0.855366
0.489309
-0.0918525
-0.841778
-1.68971
-2.56791
-3.44088
-4.304
-0.0392602
0.395389
0.948458
0.5
-0.237685
0.0618405
0.70122
-0.624497
-0.46955
0.223358
-1.17845
-1.16412
-0.449738
-1.8711
-1.96777
-1.25827
-2.66356
-2.82375
-2.12813
-3.5121
-3.6928
-3.00587
-4.37832
-4.55746
-3.87323
0.480869
0.254882
-0.180831
-0.799442
-1.55611
-2.3922
-3.25822
-4.12599
-0.0217382
0.228223
0.501769
0.25
-0.169606
0.0152908
0.331875
0.148048
-0.511237
-0.397105
-0.0534915
-0.167279
-1.02565
-0.985386
-0.629715
-0.671149
-1.68692
-1.71242
-1.35719
-1.33456
-2.45848
-2.52813
-2.17877
-2.11238
-3.29702
-3.38562
-3.04083
-2.9541
-4.16164
-4.25227
-3.90962
-3.81913
-0.070018
0.445101
0.63058
0.909701
0.719947
0.971664
0.75
-0.317518
0.164754
0.280283
0.602267
0.483025
0.785729
-0.748242
-0.319704
-0.27657
0.0715469
0.0256898
0.362825
-1.33997
-0.977884
-0.999484
-0.642082
-0.620774
-0.265953
-2.06155
-1.75994
-1.82616
-1.47267
-1.40413
-1.04758
-2.87213
-2.60738
-2.69444
-2.34811
-2.25815
-1.90846
-3.72819
-3.47562
-3.56654
-3.22375
-3.13125
-2.78723
-4.59469
-4.6839
-4.3419
-4.43092
-4.08874
-3.99966
-3.65733
0.247916
0.0880522
-0.276457
-0.823543
-1.52032
-2.31865
-3.16942
-4.03584
0.194925
0.682696
0.742968
-0.069922
0.388354
0.563898
-0.528823
-0.119798
0.159236
-1.15598
-0.806337
-0.443857
-1.91005
-1.61348
-1.19912
-2.74015
-2.47603
-2.04131
-3.60231
-3.34916
-2.91294
-4.46828
-4.21549
-3.78337
-0.0136635
0.115041
0.251316
0.125
-0.140125
-0.0389029
0.119655
0.0191683
-0.458688
-0.392248
-0.220423
-0.28636
-0.952718
-0.923521
-0.746134
-0.775385
-1.59739
-1.60328
-1.4266
-1.42159
-2.35747
-2.38873
-2.21507
-2.18506
-3.19003
-3.23345
-3.06162
-3.01904
-4.05324
-4.09883
-3.92751
-3.88211
-0.0530893
0.0644556
0.213279
0.0963828
0.464738
0.565339
0.703191
0.601938
0.504045
0.623886
0.748276
0.625
-0.2762
-0.191969
-0.0257896
-0.109384
0.211434
0.277844
0.437396
0.370282
0.365335
0.449252
0.599043
0.514386
-0.685116
-0.637153
-0.461619
-0.509302
-0.248864
-0.218646
-0.0455953
-0.0764148
0.00569772
0.0540753
0.221358
0.172309
-1.25817
-1.24726
-1.06964
-1.08102
-0.887634
-0.891243
-0.712538
-0.709177
-0.548393
-0.535793
-0.358949
-0.372009
-1.96559
-1.98577
-1.8106
-1.79159
-1.65747
-1.68612
-1.50833
-1.47946
-1.25986
-1.27742
-1.09856
-1.081
-2.76746
-2.80638
-2.63386
-2.59606
-2.49961
-2.5414
-2.367
-2.3248
-2.07293
-2.1096
-1.93348
-1.89645
-3.62006
-3.66542
-3.49393
-3.44907
-3.36694
-3.41231
-3.24026
-3.19461
-2.93223
-2.9767
-2.8037
-2.75885
-4.48656
-4.53149
-4.36033
-4.31534
-4.234
-4.27871
-4.10762
-4.06283
-3.80126
-3.84648
-3.67503
-3.62963
-0.0288314
0.239714
0.356358
0.493252
0.376534
0.375
-0.202209
0.0532357
0.136626
0.295038
0.211554
0.273359
-0.566573
-0.335383
-0.287677
-0.115693
-0.163609
-0.0512897
-1.10095
-0.903334
-0.891515
-0.713439
-0.725618
-0.569235
-1.77819
-1.61563
-1.63384
-1.45598
-1.43821
-1.24868
-2.56055
-2.42303
-2.46006
-2.28523
-2.24855
-2.03984
-3.40441
-3.27744
-3.32195
-3.14951
-3.10514
-2.88891
-4.27001
-4.1441
-4.18914
-4.01786
-3.97276
-3.756
-0.090281
0.173138
0.421989
0.321708
0.658488
0.744183
0.884523
0.797423
0.931076
0.835316
0.73319
0.962059
0.858649
0.982435
0.875
-0.361793
-0.117113
0.114869
0.0489031
0.335974
0.385909
0.547556
0.496449
0.653568
0.593288
0.525217
0.745354
0.676003
0.822481
-0.813962
-0.598703
-0.393299
-0.423055
-0.196815
-0.183188
-0.00871377
-0.0230819
0.148996
0.125589
0.0939973
0.294723
0.262119
0.427772
-1.42384
-1.24433
-1.07009
-1.06615
-0.902029
-0.919691
-0.741062
-0.723245
-0.544882
-0.534271
-0.531169
-0.356666
-0.353901
-0.177585
-2.15892
-2.01067
-1.86341
-1.83466
-1.71946
-1.75716
-1.58092
-1.54224
-1.36507
-1.33033
-1.30102
-1.15238
-1.12244
-0.943974
-2.97751
-2.84692
-2.71545
-2.67372
-2.5852
-2.63072
-2.45806
-2.41153
-2.23812
-2.19251
-2.14956
-2.01822
-1.97418
-1.79892
-3.83648
-3.71072
-3.58425
-3.539
-3.45792
-3.50361
-3.33241
-3.28628
-3.11492
-3.0683
-3.02214
-2.89665
-2.84973
-2.67766
-4.7027
-4.74717
-4.57612
-4.62069
-4.44972
-4.40509
-4.49422
-4.32326
-4.36753
-4.19639
-4.15218
-3.98103
-3.93647
-3.89158
-3.76535
-3.72032
-3.54919
0.120958
-0.00831876
-0.337907
-0.848262
-1.51157
-2.28639
-3.12607
-3.99048
0.082076
0.585445
0.627203
-0.149204
0.325723
0.483571
-0.57192
-0.1461
0.114752
-1.1631
-0.799187
-0.45265
-1.888
-1.58228
-1.17845
-2.70089
-2.43296
-2.00272
-3.55718
-3.30349
-2.86775
-4.42347
-4.17082
-3.73811
0.107293
0.368328
0.378816
-0.0726341
0.175703
0.244112
-0.44942
-0.224208
-0.105964
-1.00115
-0.807431
-0.646199
-1.69666
-1.53532
-1.34263
-2.49198
-2.354
-2.1438
-3.34114
-3.21349
-2.99692
-4.20712
-4.081
-3.86442
0.04341
0.299232
0.340761
0.541657
0.772714
0.81831
0.614807
0.84873
0.866996
-0.237729
0.000337541
0.0943371
0.226689
0.442884
0.546627
0.411473
0.636456
0.711955
-0.705016
-0.494838
-0.35399
-0.29398
-0.101738
0.0527474
-0.00966951
0.19543
0.325659
-1.33347
-1.15649
-0.977798
-0.985227
-0.820598
-0.627741
-0.621343
-0.442929
-0.26726
-2.08482
-1.93676
-1.73366
-1.79088
-1.64939
-1.43585
-1.3778
-1.22581
-1.02034
-2.91246
-2.78115
-2.56666
-2.65005
-2.52113
-2.30197
-2.21699
-2.08322
-1.86546
-3.77375
-3.64752
-3.43046
-3.52102
-3.39503
-3.17737
-3.08567
-2.95908
-2.74027
-4.63939
-4.51292
-4.29717
-4.38651
-4.2599
-4.04437
-3.95471
-3.82845
-3.61204
