FiniteElementSpace
FiniteElementCollection: H1_2D_P2
VDim: 2
Ordering: 0

0
0.00122503
-0.000597475
-0.00403262
-0.00540047
-0.000615876
0.0125018
0.0333199
0.0583341
0
-0.0019996
-0.00343779
-0.00183735
0.00662708
0.0239452
0.0484391
0.0758663
0.101729
0.000933323
-0.000229004
-0.00102811
0
0.000671649
-0.00208964
-0.00288013
-0.00230503
-0.00338354
-0.00326079
-0.00525169
-0.00012159
0.00133387
-0.00397724
0.0109209
0.0141982
0.00487444
0.0299545
0.0355287
0.0220982
0.0543907
0.0620851
0.0456474
0.0798605
0.089194
9.81347e-05
-0.0010322
-0.00303755
-0.00257811
0.00433364
0.0195518
0.0417295
0.0673508
0.000483161
0.00047396
6.55031e-05
0
0.00104976
-0.000241514
-0.000581816
0.000463145
-0.00141939
-0.00283157
-0.00260562
-0.00145043
-0.00474116
-0.00415362
-0.00315847
-0.00391648
-0.00491207
-3.72148e-05
0.00184248
-0.00300318
0.00185844
0.0121216
0.0149942
0.00499047
0.0170712
0.0319599
0.0356991
0.0212109
0.0393839
0.0566026
0.060877
0.0439423
0.00118425
2.70825e-06
-0.000989953
-0.00151859
-0.000326895
-0.000524813
0
0.000112527
-0.00154842
-0.00268923
-0.00322157
-0.00185281
-0.00246092
-0.0031975
-0.00331997
-0.0026303
-0.00273787
-0.00311594
-0.00347196
-0.00549367
-0.00158252
0.00311516
0.00369961
-0.000701462
-0.000497849
-0.00255507
0.00736135
0.0172077
0.018816
0.00907817
0.0101282
0.00842746
0.0245543
0.0389449
0.0418541
0.0272925
0.0295362
0.0275344
0.0479827
0.0649479
0.0689957
0.0516747
0.055208
0.0520224
0.0691186
0.0737053
0.0907665
0.0955385
0.0781807
0.0826231
0.00021919
0.000188972
-0.00214591
-0.00417628
-0.00176729
0.00829819
0.0264017
0.0502282
0.000561651
-0.000625684
-0.000100751
-0.000800267
-0.00229472
-0.00140686
-0.00344456
-0.003021
-0.00298328
-0.00378225
0.000949452
-0.00187742
0.00221157
0.0128804
0.00582132
0.0164369
0.0329519
0.0220266
0.0378284
0.0582778
0.0452079
0.0629604
0.0845641
0.0716105
0.00018048
0.000329947
7.47949e-05
0
0.00116406
0.00059986
0.000346999
0.000827834
-0.000997455
-0.00182737
-0.00179588
-0.00106123
-0.004408
-0.00452817
-0.00407744
-0.00403955
-0.00521006
-0.00340625
-0.0024449
-0.00427255
0.0005532
0.00504839
0.00657894
0.00214586
0.0147268
0.0217546
0.0237572
0.0168633
0.0363233
0.0448522
0.047069
0.0386726
0.00108343
0.000858422
0.000541329
0.000687945
6.81064e-05
-0.000293244
-0.000468048
-9.70956e-05
2.2961e-05
-8.5398e-06
-3.85263e-05
0
0.00041309
-0.000374175
-0.000507022
0.000190803
-0.00128444
-0.00191128
-0.00207668
-0.00142878
-0.000391566
-0.000977983
-0.00119305
-0.000591484
-0.00275483
-0.00338012
-0.00315146
-0.00262046
-0.00320172
-0.00318047
-0.00310102
-0.00308088
-0.00235431
-0.00279317
-0.00285236
-0.00238331
-0.00541153
-0.0047105
-0.00401543
-0.00477471
-0.00213544
-0.000350058
6.20107e-05
-0.00166787
-0.00331128
-0.00254014
-0.00230293
-0.003023
-0.00332997
-0.000223399
0.00102145
-0.00206736
0.00578065
0.0100731
0.0109121
0.00666041
0.00079595
0.00378954
0.00439984
0.00145845
0.00658431
0.0124271
0.0142198
0.00848039
0.0220004
0.0287055
0.0300767
0.0233733
0.0128951
0.018461
0.0195583
0.0140153
0.0247691
0.032717
0.0348593
0.0270569
0.0448323
0.0530959
0.0549634
0.0466632
0.0327874
0.0404109
0.0420468
0.0344043
0.04883
0.0575465
0.0597923
0.0511757
0.0705496
0.0791128
0.0814
0.0727437
0.0576292
0.0662192
0.0682848
0.0596399
0.000737307
0.000363413
0.000282014
9.38351e-05
0.00014045
0
0.000885058
-8.33159e-06
-0.000643571
-0.000796612
-0.000199848
0.000115486
-0.00185799
-0.00249387
-0.00296247
-0.00283608
-0.00239775
-0.00178631
-0.00502658
-0.00420459
-0.00341339
-0.00291651
-0.00371122
-0.00368917
-0.00450415
-0.000965761
0.0020994
0.00302149
-1.30537e-05
-0.00161343
0.00329839
0.0101468
0.0158067
0.0172149
0.0116102
0.0079144
0.0195305
0.0291384
0.036839
0.0386824
0.0310392
0.0255654
0.0424979
0.0534106
0.0619803
0.0641218
0.0555567
0.0491689
0.00123252
0.000535193
-9.68491e-05
0.000280493
-0.00080006
-0.00145167
-0.00176097
-0.00102565
-0.00127466
-0.000628687
-0.000203065
-0.000780148
-0.000257408
-0.000240496
0
-0.000225903
-0.00111669
-0.00181886
-0.00118544
-0.00250092
-0.00303274
-0.00334817
-0.00272368
-0.00306292
-0.00232899
-0.00162799
-0.00267754
-0.00189368
-0.00223385
-0.00362718
-0.00370269
-0.00338345
-0.00341601
-0.00286668
-0.00222819
-0.0023383
-0.00286593
-0.00304187
-0.00316801
-0.0030737
-0.00340052
-0.00320151
-0.00348085
-0.0054939
-0.00344698
-0.000912685
-0.00273236
0.00196618
0.00483962
0.00509171
0.00230263
0.00244782
0.000303871
-0.00134563
0.000353702
-0.0011907
-0.0012257
-0.00165215
0.00353469
0.0090757
0.00474084
0.0149803
0.0205111
0.0213187
0.0157902
0.0164398
0.0115884
0.00738102
0.0120924
0.00793389
0.00830535
0.0104008
0.0187691
0.027208
0.020472
0.0359106
0.04361
0.0451183
0.0373226
0.0386536
0.0313338
0.0246069
0.0324857
0.0257097
0.0266858
0.0303886
0.0408592
0.0511719
0.0429046
0.0616088
0.0703478
0.07244
0.0635658
0.0655404
0.0568019
0.04842
0.0586373
0.0501265
0.0518048
0.0552136
0.0637732
0.0660789
0.0744789
0.0768054
0.0683331
0.0852944
0.0876767
0.0962639
0.0986401
0.0900524
0.0923921
0.083669
0.0749123
0.0859349
0.0770752
0.0792628
0.00010982
0.000737812
-0.00143759
-0.00430997
-0.00389619
0.00353038
0.0192546
0.0417397
0.000797692
-0.000182056
-9.06061e-07
-7.4109e-05
-0.00166847
-0.000774979
-0.00300875
-0.00315841
-0.00259957
-0.00478583
-0.00106758
-0.00282626
-0.0012102
0.00829971
0.00255747
0.0103907
0.0259902
0.0161775
0.029846
0.0498612
0.037373
0.054364
0.0759531
0.0629301
0.000533194
0.000224303
4.87336e-05
0.000416639
-0.000407391
-2.45905e-05
-0.00222432
-0.0026899
-0.00209417
-0.00468638
-0.00360634
-0.00373594
-0.00279837
0.000977998
-0.000875458
0.00669885
0.0136479
0.00969834
0.0243575
0.033902
0.0282581
0.0480024
0.0587703
0.0523525
0.000868602
0.000217815
0.000302168
-0.000430112
-0.00123566
-0.000823296
-3.94676e-05
-0.000441592
-8.84371e-05
-0.000704975
-0.00148138
-0.000904519
-0.00215161
-0.00289194
-0.00253384
-0.00119715
-0.00211394
-0.00167179
-0.00372698
-0.00357957
-0.00320743
-0.0031381
-0.00259292
-0.00305451
-0.00295627
-0.00321388
-0.00313817
-0.00454214
-0.00223048
-0.00312431
0.000490744
0.00350229
0.00123783
-0.00215625
-0.000503642
-0.00176302
0.000894697
0.00626165
0.00335371
0.0119796
0.0180879
0.0136222
0.00515724
0.00969145
0.00631647
0.0145859
0.0229681
0.0180832
0.0315127
0.0404331
0.0342865
0.0208617
0.028472
0.0230536
0.0356624
0.0460164
0.0398426
0.0563584
0.0669588
0.0601771
0.0435104
0.0534487
0.0468439
0.0606984
0.0714373
0.065173
0.0822194
0.0931672
0.0868888
0.0694942
0.0803931
0.0737227
0
0.00369623
0.00839364
0.00909949
0.000199663
-0.0217279
-0.0560708
-0.0983984
-0.143035
0
0.00266718
0.00709621
0.0103033
0.00702722
-0.008022
-0.036691
-0.0756986
-0.118362
0.00158694
0.00304248
0.00107032
0
0.00618487
0.00804179
0.00478358
0.00961406
0.0105142
0.00914253
0.00614699
0.00484394
0.00984723
-0.00907212
-0.0135663
0.00120595
-0.037551
-0.0454269
-0.0207426
-0.0766133
-0.0866905
-0.0552828
-0.120725
-0.130811
-0.0969908
0.000983331
0.00555139
0.00992979
0.00904752
-0.00260989
-0.0279654
-0.0652875
-0.108752
0.000860089
0.00121202
0.000277894
0
0.00493364
0.00583728
0.00426795
0.00331083
0.00917389
0.00983717
0.00910273
0.00822753
0.00796734
0.0078055
0.0100829
0.00994066
-0.00401039
-0.00551521
0.001546
0.00279847
-0.0292674
-0.0324299
-0.020352
-0.0173024
-0.0661371
-0.0707444
-0.0551078
-0.05047
-0.109528
-0.114689
-0.0976877
-0.092419
0.00255409
0.00193012
0.00284557
0.00178744
0.000932498
0.000560433
0
0.00736705
0.00683223
0.00770739
0.00594048
0.00523215
0.00367806
0.00961983
0.0104317
0.0106828
0.00987761
0.00974698
0.00818792
0.00357431
0.00732517
0.00627805
0.00877666
0.00976721
0.0103251
-0.0149842
-0.00764638
-0.0104806
-0.00296865
-0.000361868
0.00452378
-0.046512
-0.0363489
-0.0408598
-0.0283432
-0.0240888
-0.0139541
-0.087399
-0.0758536
-0.0811423
-0.06532
-0.0601623
-0.0457035
-0.13193
-0.13692
-0.119818
-0.124617
-0.107665
-0.10285
-0.0862972
0.000470706
0.00455457
0.00917397
0.00919608
-0.000927768
-0.0244687
-0.060378
-0.103521
0.00217428
0.00180835
0.000263758
0.00708736
0.00648771
0.00400121
0.010124
0.0103988
0.00882052
0.00569379
0.00838514
0.0105036
-0.0109758
-0.00497778
0.00337929
-0.0411232
-0.032112
-0.0168611
-0.0814607
-0.0705015
-0.0502441
-0.125866
-0.11372
-0.0919636
0.000505238
0.000642078
0.000212044
0
0.00430739
0.00472802
0.00392373
0.00348602
0.00882068
0.00917417
0.00873074
0.00830497
0.00861634
0.00861717
0.00964413
0.00954532
-0.0017977
-0.00239426
0.00104134
0.0015653
-0.0253997
-0.0267788
-0.0207833
-0.0194259
-0.0610462
-0.0631909
-0.0553603
-0.0531953
-0.103954
-0.106495
-0.0979577
-0.0953712
0.00204225
0.00234612
0.00166758
0.00138293
0.00143296
0.00185466
0.00134762
0.000933887
8.06198e-05
0.00024628
6.92761e-05
0
0.00678965
0.00721699
0.00647134
0.00599741
0.00619642
0.00667812
0.00586036
0.00540175
0.00364465
0.0041365
0.00341117
0.00293782
0.00967799
0.00988771
0.0100338
0.00973302
0.0102272
0.010467
0.0101127
0.00988186
0.00859613
0.00899664
0.00828193
0.00790111
0.0049599
0.0046905
0.00684398
0.00702227
0.00827663
0.0079324
0.00916174
0.00947977
0.0103683
0.0103596
0.0106567
0.0106579
-0.011921
-0.0128933
-0.00813663
-0.0072119
-0.00501796
-0.00622983
-0.00255952
-0.00140256
0.00329954
0.00254545
0.00493086
0.00564175
-0.0419506
-0.0437356
-0.0366899
-0.0349036
-0.0320656
-0.0341676
-0.0280051
-0.0259573
-0.0168533
-0.0185311
-0.0135628
-0.0119438
-0.0819745
-0.0843829
-0.0760658
-0.0736218
-0.0705294
-0.0731503
-0.0652865
-0.0626883
-0.0501984
-0.05263
-0.0454786
-0.0430885
-0.126336
-0.128883
-0.120281
-0.117684
-0.114287
-0.116773
-0.108288
-0.105797
-0.0921751
-0.0948149
-0.0865373
-0.0838979
0.00118929
0.000810487
0.00107778
0.000596016
0.000353379
0
0.00556215
0.00519566
0.00569216
0.00490625
0.00440377
0.00316438
0.00944302
0.00954702
0.00990875
0.00955115
0.00915583
0.00814494
0.00714913
0.00858655
0.00848515
0.00964582
0.00968997
0.0102694
-0.0064327
-0.00311289
-0.00398101
-0.000423372
0.000387005
0.00389387
-0.0333188
-0.0283538
-0.0301204
-0.0240588
-0.0223291
-0.015351
-0.0713304
-0.0655107
-0.06797
-0.0601423
-0.0576874
-0.0478843
-0.115125
-0.109101
-0.111715
-0.103216
-0.100588
-0.0895286
0.00310714
0.00272511
0.00246905
0.00203569
0.00230969
0.00275728
0.0022091
0.00178674
0.00140808
0.000977164
0.000570947
0.000787063
0.000364989
0.000322724
0
0.00790539
0.00767656
0.00745072
0.00696352
0.00710613
0.00744384
0.00652097
0.00624592
0.00535765
0.00502949
0.00461022
0.00422079
0.00385109
0.00315813
0.00943215
0.0100971
0.0105312
0.0103114
0.0105925
0.0105706
0.0101342
0.0102084
0.00954195
0.0095063
0.00931222
0.00868612
0.00855628
0.00765314
0.00199152
0.00434731
0.00618294
0.00657562
0.00742637
0.00674345
0.00799244
0.00867107
0.00939191
0.00989494
0.0102104
0.0101545
0.0104978
0.0103703
-0.0182524
-0.0140323
-0.0104971
-0.00922768
-0.00761865
-0.00917411
-0.00538344
-0.00389045
-0.000770975
0.000509036
0.00161617
0.00297099
0.00404126
0.00587487
-0.0512215
-0.0457207
-0.0408068
-0.0386646
-0.0364006
-0.0387313
-0.0324273
-0.0301739
-0.0244436
-0.0223532
-0.020372
-0.0172421
-0.0153373
-0.0108776
-0.0928793
-0.0869162
-0.0812451
-0.0786211
-0.0757915
-0.0784136
-0.0704736
-0.0678961
-0.0602507
-0.0576984
-0.0551433
-0.0504281
-0.0479396
-0.041119
-0.137514
-0.139962
-0.131422
-0.133867
-0.125332
-0.122848
-0.127727
-0.119157
-0.121479
-0.112989
-0.110676
-0.102334
-0.0999155
-0.0974042
-0.0916391
-0.0891277
-0.0809775
0.000327959
0.00409886
0.00877293
0.00916031
-0.000307872
-0.0230023
-0.0581323
-0.100922
0.00183767
0.00137099
5.79142e-05
0.00661858
0.00604245
0.0035258
0.00986726
0.0102176
0.00846981
0.0059529
0.00879413
0.0105755
-0.00994473
-0.00370584
0.0041971
-0.0392358
-0.0299689
-0.0151304
-0.0789679
-0.0678761
-0.0477881
-0.123288
-0.111287
-0.0893417
0.000982561
0.000681892
0.000131653
0.0053641
0.00504609
0.0037743
0.00949868
0.00957039
0.00867724
0.00790829
0.00917075
0.0100524
-0.00469468
-0.00168829
0.00224582
-0.0307483
-0.0261269
-0.0187358
-0.0683586
-0.0627757
-0.0527194
-0.112086
-0.106147
-0.0950452
0.00289852
0.00258268
0.00153194
0.00237899
0.00225441
0.00135993
0.000556505
0.000644378
0.000135713
0.00778303
0.00757059
0.00633461
0.00730077
0.0068507
0.0056359
0.00476419
0.00443219
0.00329096
0.00978489
0.0103519
0.0101598
0.0106175
0.0104374
0.00989344
0.00947097
0.00905623
0.00801483
0.0032305
0.0053346
0.00762273
0.00688378
0.0077999
0.00936584
0.00999761
0.0102682
0.0105942
-0.0160545
-0.0121812
-0.00649467
-0.00897681
-0.00642126
-0.00158053
0.000679583
0.00238182
0.00549307
-0.0483924
-0.0431958
-0.0343032
-0.0385448
-0.0343652
-0.0261665
-0.0221427
-0.0187408
-0.0121466
-0.0898553
-0.0840495
-0.0732565
-0.0784955
-0.0731221
-0.0627495
-0.0576015
-0.0527568
-0.0432598
-0.134454
-0.128384
-0.117284
-0.122253
-0.116056
-0.105301
-0.100302
-0.0945186
-0.0837532
