FiniteElementSpace
FiniteElementCollection: L2_2D_P3
VDim: 1
Ordering: 0

0.0202014
0.0123774
0.014444
0.0177163
0.00951694
0.00759143
0.0107699
0.0147114
0.00365978
0.00407285
0.00694779
0.010255
0.00243124
0.00287081
0.00473922
0.00674579
0.00663282
0.00624252
0.00577171
0.0054392
0.00555431
0.00522644
0.00483406
0.00455931
0.00428496
0.0040311
0.00373155
0.00352504
0.00342972
0.00322609
0.00298932
0.00282884
0.0026163
0.00246684
0.00228185
0.00214752
0.00222968
0.00210512
0.00195181
0.00184109
0.00176956
0.0016745
0.00155877
0.00147613
0.00145447
0.00137932
0.00128904
0.00122548
0.00105101
0.000992538
0.000919204
0.000865224
0.000929855
0.000880486
0.00081875
0.000773429
0.000782197
0.000743716
0.000695903
0.000661019
0.00067777
0.000646762
0.000608566
0.000580931
0.000429538
0.000406942
0.000378395
0.000357223
0.000402588
0.000382859
0.000357952
0.000339485
0.000367553
0.00035136
0.000330967
0.000315874
0.000340934
0.000327262
0.000310115
0.00029747
0.000194695
0.00018678
0.000176694
0.000169147
0.000194138
0.000186721
0.000177266
0.000170186
0.000191998
0.000185255
0.000176664
0.000170231
0.00018926
0.000183048
0.000175143
0.00016923
0.000110453
0.000106891
0.000102343
9.89338e-05
0.0001119
0.000108099
0.000103251
9.96223e-05
0.000113062
0.000109008
0.000103847
9.99907e-05
0.000113369
0.00010917
0.00010383
9.98453e-05
5.43738e-05
4.96849e-05
4.38992e-05
3.97189e-05
5.21363e-05
4.73629e-05
4.14942e-05
3.72706e-05
4.95046e-05
4.46573e-05
3.87287e-05
3.44876e-05
4.771e-05
4.28322e-05
3.68945e-05
3.26712e-05
0.00977294
0.00937082
0.00889584
0.00856814
0.00841328
0.00800314
0.00752008
0.00718758
0.00671749
0.00632649
0.00586783
0.00555373
0.00551727
0.00515584
0.00473529
0.00444996
0.00133392
0.00122806
0.00112515
0.00107081
0.000822669
0.000752515
0.000689894
0.000662037
0.000642922
0.000578143
0.000513259
0.000477827
0.000915656
0.000821444
0.000710148
0.000634531
0.000118638
0.000122943
0.000485486
0.000887192
7.09832e-05
2.0123e-05
0.000217417
0.000473477
8.54134e-05
4.51534e-05
0.00022682
0.000453852
0.000297077
0.000251894
0.00054688
0.000886636
0.00416396
0.00392007
0.00362141
0.003407
0.00350753
0.00330446
0.0030575
0.00288146
0.0027316
0.00257672
0.00239084
0.00226015
0.00220564
0.00208318
0.0019384
0.00183828
0.000555695
0.000528948
0.00050324
0.000490069
0.000340081
0.000323315
0.000309371
0.000304327
0.000188663
0.000174931
0.000163829
0.000160241
0.000176877
0.000157237
0.000137985
0.000127955
0.000809594
0.000757633
0.000707044
0.00068047
0.000495242
0.000460386
0.000429265
0.000415527
0.000329505
0.000298513
0.000269576
0.000255588
0.000406061
0.000361807
0.000314081
0.000284911
0.00165518
0.00156219
0.00144621
0.0013613
0.00143364
0.0013558
0.00125911
0.00118862
0.00116748
0.00110764
0.00103395
0.000980691
0.000982734
0.000935119
0.00087713
0.000835686
0.000342362
0.000332931
0.000323507
0.000318319
0.000235646
0.000231251
0.000228143
0.000227621
0.000130289
0.000129516
0.000130994
0.000133906
7.58801e-05
7.55708e-05
7.76948e-05
8.11573e-05
0.000421713
0.000406401
0.00039155
0.000383807
0.000269211
0.000260755
0.000254292
0.00025259
0.000137947
0.000132959
0.000130613
0.000131815
9.06473e-05
8.39469e-05
7.93034e-05
7.87535e-05
0.000669102
0.000632424
0.000586244
0.000552115
0.000607875
0.000576483
0.000537027
0.00050791
0.000531518
0.000506522
0.000475239
0.000452242
0.000476029
0.000455491
0.000429949
0.00041128
0.000253529
0.000248826
0.000243574
0.000240161
0.000207675
0.000205786
0.000204133
0.000203425
0.000154708
0.000155758
0.000157905
0.000160088
0.00011935
0.00012209
0.000126463
0.000130375
0.000290814
0.000284489
0.000277846
0.000273884
0.0002187
0.000216161
0.000214332
0.00021397
0.000140538
0.000141412
0.000143983
0.000146963
9.28923e-05
9.52015e-05
9.96882e-05
0.000104182
0.000282463
0.00026894
0.000251787
0.000239012
0.000273629
0.00026148
0.000246068
0.000234585
0.000260909
0.000250507
0.000237328
0.000227512
0.000250284
0.000241173
0.000229656
0.000221094
0.000196431
0.000192856
0.000188436
0.000185212
0.000183306
0.000180982
0.00017816
0.000176135
0.000167195
0.000166394
0.000165524
0.000164971
0.000155612
0.000155894
0.000156421
0.000156929
0.00022337
0.00021948
0.000214876
0.000211666
0.000196899
0.000194996
0.000192933
0.000191635
0.000165043
0.000165421
0.0001663
0.000167234
0.00014266
0.000144549
0.0001474
0.000149846
0.000143
0.000138202
0.000132067
0.000127461
0.00014502
0.000140229
0.000134104
0.000129506
0.000146496
0.000141763
0.000135718
0.000131182
0.000146704
0.000142054
0.000136119
0.00013167
0.000142214
0.000138185
0.000133055
0.00012922
0.000140632
0.000136762
0.000131832
0.000128145
0.000138764
0.000135076
0.000130373
0.000126853
0.000137482
0.000133912
0.000129358
0.000125947
0.000170115
0.00016647
0.000161856
0.000158419
0.000164978
0.000161957
0.000158134
0.000155287
0.000158717
0.000156469
0.000153631
0.000151518
0.000154253
0.000152568
0.000150447
0.000148873
8.40476e-05
8.02696e-05
7.54886e-05
7.19377e-05
8.35072e-05
7.94588e-05
7.43472e-05
7.05601e-05
8.25994e-05
7.82596e-05
7.27961e-05
6.87616e-05
8.17391e-05
7.72249e-05
7.15541e-05
6.7377e-05
7.61779e-05
7.12529e-05
6.5101e-05
6.05965e-05
7.453e-05
6.95481e-05
6.33341e-05
5.87915e-05
7.22085e-05
6.71409e-05
6.08325e-05
5.62308e-05
7.0306e-05
6.51651e-05
5.87761e-05
5.41239e-05
0.000110993
0.000106427
0.000100646
9.63515e-05
0.000109956
0.000105317
9.94456e-05
9.50874e-05
0.000108597
0.000103837
9.78194e-05
9.33561e-05
0.000107549
0.000102681
9.65285e-05
9.19687e-05
2.08531e-05
1.68223e-05
1.22678e-05
9.31711e-06
1.83934e-05
1.43364e-05
9.83109e-06
6.97925e-06
1.58232e-05
1.18507e-05
7.5455e-06
4.91404e-06
1.43412e-05
1.05104e-05
6.44874e-06
4.05617e-06
1.07222e-05
7.94689e-06
5.10271e-06
3.53183e-06
1.02446e-05
7.63878e-06
4.95406e-06
3.45952e-06
9.40869e-06
7.07941e-06
4.65852e-06
3.29532e-06
8.63397e-06
6.55047e-06
4.36685e-06
3.12471e-06
4.03925e-05
3.57625e-05
3.01674e-05
2.62217e-05
3.86944e-05
3.41885e-05
2.87482e-05
2.49157e-05
3.62573e-05
3.19171e-05
2.66837e-05
2.30023e-05
3.42416e-05
3.00316e-05
2.49623e-05
2.14015e-05
0.0129424
0.0118099
0.0105756
0.0097518
0.0110406
0.0101816
0.00917418
0.00848028
0.00852766
0.00797638
0.00734538
0.00692047
0.00657678
0.00629373
0.00599658
0.00581704
0.00564275
0.00544004
0.00528994
0.0051991
0.00391672
0.00387114
0.00387925
0.00391534
0.00229745
0.00234063
0.00243061
0.00251926
0.00148414
0.00154254
0.00163494
0.00170602
0.00186889
0.00206261
0.0037212
0.00548806
0.000976822
0.00120189
0.00246076
0.00379321
0.000375265
0.000513821
0.00127525
0.00210546
0.000174509
0.000220856
0.000679856
0.00120893
0.0052631
0.00495172
0.00457305
0.00430319
0.00441566
0.00415596
0.00384249
0.00362086
0.00341687
0.00321809
0.00298146
0.00281665
0.00274259
0.0025848
0.00239981
0.00227317
0.00240588
0.00226839
0.00210868
0.00200048
0.00182284
0.00172011
0.00160359
0.00152684
0.00119783
0.00113156
0.0010602
0.00101624
0.000832992
0.000786792
0.000740072
0.000713893
0.00300457
0.00282565
0.00261947
0.00248118
0.00226738
0.00213135
0.00197824
0.00187839
0.00147872
0.0013887
0.00129224
0.00123322
0.00102385
0.0009596
0.000894458
0.000857803
0.00207956
0.0019619
0.00181566
0.001709
0.00178562
0.00168739
0.00156588
0.00147769
0.0014343
0.00135912
0.00126703
0.00120085
0.00119221
0.00113263
0.00106053
0.00100937
0.00106905
0.00101733
0.000955175
0.000911398
0.000851836
0.000813556
0.000768404
0.000737233
0.000608265
0.000584247
0.000557188
0.000539489
0.000453816
0.000438037
0.000421484
0.000411656
0.001295
0.00122986
0.00115221
0.00109799
0.00101563
0.000967554
0.000911405
0.00087308
0.000706702
0.000676546
0.000643019
0.00062146
0.000515168
0.000495145
0.000474446
0.000462431
0.000838195
0.000791824
0.000733547
0.000690558
0.000750974
0.000711583
0.000662192
0.000625833
0.0006436
0.000612599
0.000573935
0.000545613
0.000566732
0.00054153
0.000510331
0.000487638
0.000526346
0.000504119
0.000476707
0.000456842
0.000452483
0.000435497
0.000414758
0.000399878
0.000364227
0.00035315
0.000339984
0.000330798
0.000303067
0.000295777
0.000287506
0.000282034
0.00062346
0.000596263
0.000562913
0.000538893
0.000525162
0.000504612
0.000479718
0.000462008
0.000409675
0.000396487
0.000381016
0.000370383
0.000331366
0.000322771
0.000313226
0.000307083
0.000346803
0.000329255
0.000307044
0.000290538
0.000330476
0.000314955
0.000295315
0.000280716
0.000308452
0.000295464
0.000279056
0.000266874
0.000291098
0.000279943
0.000265898
0.000255497
0.00028132
0.000271148
0.000258356
0.000248891
0.000262493
0.000254143
0.000243675
0.000235948
0.000238199
0.000232074
0.000224462
0.000218886
0.000219825
0.000215287
0.000209723
0.000205699
0.000326298
0.000313958
0.000298508
0.000287131
0.000298528
0.000288622
0.000276277
0.000267222
0.000263456
0.000256463
0.000247857
0.000241617
0.000237529
0.000232561
0.000226572
0.000222316
0.000165511
0.00015942
0.000151644
0.000145812
0.000166767
0.000160892
0.000153388
0.00014776
0.000167083
0.00016153
0.000154441
0.000149125
0.000166287
0.000161008
0.000154278
0.000149234
0.000165493
0.000160382
0.000153866
0.000148984
0.000163665
0.000158883
0.000152789
0.000148225
0.000160727
0.000156384
0.000150855
0.000146717
0.000158053
0.000154054
0.000148968
0.000145164
0.000187364
0.000181455
0.00017394
0.000168319
0.000183402
0.000178082
0.000171319
0.000166262
0.000177676
0.000173121
0.00016734
0.000163022
0.000172869
0.000168897
0.000163865
0.000160114
9.71767e-05
9.36585e-05
8.91813e-05
8.58369e-05
9.77055e-05
9.39038e-05
8.90742e-05
8.54734e-05
9.79242e-05
9.3815e-05
8.86066e-05
8.47331e-05
9.77115e-05
9.34176e-05
8.79834e-05
8.39492e-05
9.74798e-05
9.31056e-05
8.7573e-05
8.34681e-05
9.68241e-05
9.23162e-05
8.66219e-05
8.24031e-05
9.56882e-05
9.10326e-05
8.51608e-05
8.08177e-05
9.46021e-05
8.98544e-05
8.38725e-05
7.9453e-05
0.000113354
0.000109096
0.000103683
9.9646e-05
0.000113082
0.000108723
0.000103188
9.9066e-05
0.000112356
0.000107889
0.000102225
9.80115e-05
0.000111515
0.000106983
0.000101241
9.6974e-05
3.7443e-05
3.26651e-05
2.69405e-05
2.29433e-05
3.49442e-05
3.01574e-05
2.44572e-05
2.05053e-05
3.21382e-05
2.73819e-05
2.17688e-05
1.79199e-05
3.03368e-05
2.56324e-05
2.0127e-05
1.63939e-05
2.94487e-05
2.47931e-05
1.93568e-05
1.56821e-05
2.78508e-05
2.33264e-05
1.80602e-05
1.45137e-05
2.59991e-05
2.16856e-05
1.6686e-05
1.3339e-05
2.47513e-05
2.06281e-05
1.5864e-05
1.26914e-05
4.67939e-05
4.19155e-05
3.5984e-05
3.17711e-05
4.50594e-05
4.02065e-05
3.43182e-05
3.0145e-05
4.28777e-05
3.81005e-05
3.23185e-05
2.82329e-05
4.12671e-05
3.65794e-05
3.09152e-05
2.69224e-05
0.00828734
0.00781071
0.00724212
0.00684555
0.00695477
0.00654727
0.00606446
0.00573027
0.00537674
0.00505456
0.0046778
0.00442087
0.00430687
0.0040453
0.00374354
0.00354109
0.00377607
0.00354469
0.00327958
0.00310317
0.00285388
0.00267358
0.00247181
0.00234124
0.00186199
0.00173884
0.00160723
0.00152702
0.00129251
0.00120242
0.00111066
0.00105867
0.00488431
0.00454598
0.00415979
0.00390397
0.00368238
0.00342517
0.00313951
0.00295631
0.00239299
0.00222257
0.00204262
0.0019347
0.00165989
0.00153836
0.00141521
0.00134607
0.00102549
0.000950624
0.000877225
0.000838187
0.000631598
0.000581398
0.000535804
0.00051482
0.000455433
0.000411479
0.00036906
0.00034714
0.000606782
0.000544767
0.000475603
0.000431387
0.000752418
0.00067549
0.000585617
0.000524882
0.001212
0.00109182
0.000943197
0.000836111
0.00229139
0.00207039
0.00179015
0.00158307
0.00350963
0.00317365
0.00274647
0.00242999
0.00112901
0.00102474
0.000889394
0.00078858
0.00181419
0.00165049
0.00143688
0.00127549
0.00338515
0.00309415
0.00271358
0.00242452
0.00515974
0.00472343
0.00415758
0.00373032
0.00120924
0.00126976
0.00133246
0.00136252
0.000761704
0.000783812
0.000811124
0.000827642
0.000703549
0.00069215
0.000674058
0.000657684
0.00121826
0.00113049
0.0010415
0.000980461
0.00153208
0.00141042
0.0012792
0.00119942
0.00268337
0.00243686
0.00212126
0.00188887
0.0051064
0.0046181
0.00397511
0.00348553
0.00767787
0.00697412
0.0060474
0.00532702
0.000410823
0.00060129
0.0010817
0.00141903
0.000537071
0.000837464
0.00204298
0.00333465
0.0035534
0.00256866
0.00467298
0.00715309
0.0127992
0.00589073
0.00781416
0.0110707
0.00329751
0.00310685
0.00287204
0.00270242
0.00279234
0.00263361
0.00243932
0.00229985
0.0021933
0.00207231
0.00192601
0.0018223
0.00178529
0.00168973
0.00157582
0.00149631
0.00157972
0.00149691
0.00139903
0.00133135
0.00122158
0.00116049
0.00108985
0.00104221
0.000830557
0.000792107
0.000749894
0.000723194
0.000593398
0.000567536
0.000541111
0.000526057
0.00194177
0.0018355
0.00171097
0.00162573
0.0014839
0.00140523
0.00131518
0.00125518
0.000989362
0.000939436
0.000885225
0.000851446
0.000695543
0.000661429
0.000626844
0.000607389
0.000479249
0.000459215
0.000439927
0.00043001
0.000298
0.000286136
0.000276669
0.000273695
0.000155673
0.000147065
0.000141164
0.000140489
0.00012133
0.000109232
9.85742e-05
9.41896e-05
0.000121376
0.000105995
9.09285e-05
8.31245e-05
0.000165795
0.000140683
0.000112652
9.48242e-05
0.000337366
0.000290439
0.000234273
0.00019528
0.000556023
0.000485475
0.000399271
0.000337959
0.000196079
0.000171443
0.000145372
0.000129971
0.000295284
0.000256144
0.000210637
0.000180122
0.000584
0.000513153
0.000426555
0.00036498
0.000928341
0.000823424
0.00069335
0.00059936
0.000660585
0.00062387
0.000588429
0.000570115
0.000402344
0.00037832
0.000357548
0.000349123
0.000243693
0.000222716
0.000204135
0.000196214
0.0002675
0.000237384
0.000206056
0.000187959
0.00031482
0.000277543
0.00023625
0.000210173
0.000493909
0.000435679
0.000366116
0.000317912
0.000952233
0.000848294
0.000719241
0.000625903
0.00147859
0.00132537
0.0011333
0.000992884
0.000493387
0.000439122
0.000377253
0.000336627
0.000787105
0.000703002
0.000600628
0.000528117
0.00149341
0.00134251
0.001153
0.00101426
0.00229049
0.00206605
0.00178247
0.00157352
0.00131857
0.00124488
0.00115269
0.001085
0.00115351
0.00109159
0.0010144
0.000957919
0.000953932
0.000906043
0.000846793
0.000803754
0.00081421
0.000775896
0.000728956
0.000695191
0.000742168
0.00070871
0.00066794
0.000638773
0.000613011
0.00058796
0.000557865
0.000536654
0.000463712
0.00044782
0.000429425
0.000416982
0.000364689
0.000354359
0.000343123
0.000336091
0.000888168
0.00084673
0.000796577
0.000760963
0.000720087
0.000689274
0.000652586
0.000626985
0.000528795
0.000509392
0.000487235
0.000472494
0.00040473
0.000392078
0.000378577
0.000370356
0.000314158
0.000306527
0.000298728
0.000294268
0.000225919
0.000222651
0.000220368
0.000220014
0.000134237
0.000134528
0.000136802
0.000139894
8.21059e-05
8.34588e-05
8.71688e-05
9.14153e-05
5.83056e-05
5.98351e-05
6.38046e-05
6.82833e-05
2.36913e-05
2.4694e-05
2.79693e-05
3.19416e-05
7.22065e-06
5.07858e-06
4.44354e-06
5.60207e-06
1.61245e-05
9.77574e-06
3.94364e-06
1.36612e-06
5.29469e-05
5.23298e-05
5.40767e-05
5.72849e-05
2.47227e-05
2.22885e-05
2.16414e-05
2.30398e-05
2.8689e-05
2.04695e-05
1.25143e-05
8.54535e-06
6.24714e-05
4.7303e-05
3.0662e-05
2.03608e-05
0.000377335
0.000365428
0.000353736
0.000347497
0.00024939
0.000243329
0.00023889
0.000237953
0.000130654
0.000128188
0.0001282
0.000130531
7.73422e-05
7.44439e-05
7.39021e-05
7.58519e-05
5.78958e-05
5.39941e-05
5.21493e-05
5.31292e-05
4.2952e-05
3.53977e-05
2.8727e-05
2.60213e-05
8.10834e-05
6.40313e-05
4.52546e-05
3.35599e-05
0.000153966
0.00012612
9.37498e-05
7.2059e-05
7.83927e-05
6.972e-05
6.2467e-05
5.99252e-05
8.64177e-05
7.15318e-05
5.60392e-05
4.71635e-05
0.000177921
0.00014837
0.000114063
9.11141e-05
0.000309807
0.000264098
0.000209332
0.000171248
0.000535148
0.000506269
0.000469846
0.000442881
0.00049358
0.000468639
0.000437219
0.000413977
0.000440839
0.0004207
0.000395415
0.000376764
0.000401773
0.000385016
0.000364088
0.00034872
0.000380687
0.000365697
0.000347019
0.000333332
0.000341205
0.0003294
0.000314782
0.000304131
0.000292306
0.000284235
0.000274409
0.000267365
0.000256933
0.00025139
0.000244832
0.000240269
0.000446517
0.000428285
0.00040568
0.000389204
0.000391931
0.000377805
0.000360432
0.000347866
0.000325555
0.000316147
0.000304826
0.000296814
0.000278556
0.000272257
0.000264956
0.000259996
0.000237851
0.00023363
0.000228771
0.00022549
0.000202487
0.000200653
0.000198849
0.000197867
0.000160683
0.000161477
0.000163068
0.000164667
0.00013194
0.000134377
0.00013812
0.000141379
0.000117089
0.000120342
0.000125159
0.000129249
9.11448e-05
9.57921e-05
0.000102406
0.000107868
6.3923e-05
6.9793e-05
7.80398e-05
8.47927e-05
4.79683e-05
5.43538e-05
6.33451e-05
7.07313e-05
0.000101375
0.00010491
0.000110333
0.000115065
7.05507e-05
7.53373e-05
8.23814e-05
8.83577e-05
3.9922e-05
4.5473e-05
5.35831e-05
6.04438e-05
2.35661e-05
2.90817e-05
3.72567e-05
4.42621e-05
0.00027094
0.000265558
0.000259734
0.000256104
0.000212886
0.000210781
0.000209136
0.000208644
0.000147724
0.000148822
0.000151318
0.000153976
0.000105893
0.000108622
0.00011328
0.000117628
8.51219e-05
8.85465e-05
9.41325e-05
9.92138e-05
5.05775e-05
5.49247e-05
6.17081e-05
6.77192e-05
1.93974e-05
2.37036e-05
3.05388e-05
3.66898e-05
5.84576e-06
9.22306e-06
1.50058e-05
2.04853e-05
7.00208e-05
7.28285e-05
7.79926e-05
8.30342e-05
3.38199e-05
3.69812e-05
4.26035e-05
4.80166e-05
6.62176e-06
8.48657e-06
1.25642e-05
1.69321e-05
7.49599e-07
3.44288e-07
1.6789e-06
4.1296e-06
0.0002328
0.000222443
0.000209277
0.000199447
0.000229032
0.00021955
0.000207492
0.000198484
0.000222721
0.000214379
0.000203778
0.000195859
0.000216824
0.000209345
0.000199857
0.00019278
0.000213184
0.000206184
0.00019731
0.000190691
0.00020588
0.000199796
0.000192092
0.000186349
0.000195878
0.00019096
0.000184751
0.000180134
0.000187866
0.000183817
0.000178727
0.000174956
0.000244087
0.000235678
0.000225057
0.000217166
0.000231943
0.000224857
0.000215923
0.000209294
0.000215869
0.000210431
0.000203613
0.000198576
0.000203398
0.000199162
0.000193896
0.000190033
0.000183339
0.000179772
0.000175301
0.000171995
0.000174829
0.000172185
0.000168887
0.000166459
0.000164378
0.000162872
0.000161028
0.000159693
0.000156861
0.000156178
0.000155391
0.000154854
0.000152953
0.000152712
0.000152493
0.000152385
0.000146295
0.000146877
0.000147694
0.000148355
0.000139517
0.000141046
0.000143075
0.000144648
0.000135742
0.000137914
0.000140773
0.000142979
0.000149539
0.000150399
0.000151674
0.000152749
0.000138931
0.000140862
0.000143499
0.000145595
0.000127559
0.000130711
0.000134921
0.000138212
0.000120675
0.000124642
0.000129916
0.000134028
0.000209676
0.000205995
0.000201533
0.000198341
0.000190591
0.000188519
0.000186112
0.000184465
0.000167331
0.000167167
0.000167216
0.000167425
0.000150743
0.000151897
0.000153657
0.000155173
0.000142038
0.000143888
0.00014655
0.000148756
0.000126682
0.000129803
0.00013409
0.000137522
0.000109969
0.000114482
0.000120579
0.000125399
9.96187e-05
0.000105015
0.000112283
0.000118017
0.000130972
0.000133641
0.000137509
0.000140738
0.000110367
0.000114424
0.000120076
0.000124658
8.81167e-05
9.35852e-05
0.00010109
0.000107111
7.4492e-05
8.07619e-05
8.93537e-05
9.62443e-05
0.000125218
0.000121245
0.000116166
0.000112352
0.000127229
0.000123114
0.000117856
0.000113911
0.000128894
0.000124649
0.00011923
0.000115169
0.000129403
0.000125102
0.000119616
0.00011551
0.000129437
0.000125123
0.000119625
0.000115511
0.000129236
0.000124909
0.000119399
0.00011528
0.000128527
0.000124204
0.000118703
0.000114595
0.000127641
0.000123335
0.000117859
0.000113774
0.000146514
0.000141926
0.000136074
0.000131688
0.000145864
0.000141407
0.000135723
0.000131467
0.000144509
0.000140237
0.000134794
0.000130721
0.000143078
0.000138961
0.000133718
0.000129797
0.000127086
0.000122791
0.000117333
0.000113261
0.000126043
0.000121759
0.000116314
0.000112253
0.000124776
0.000120481
0.000115021
0.000110949
0.000123876
0.000119552
0.000114056
0.000109958
0.000123445
0.000119091
0.000113559
0.000109434
0.000122892
0.000118453
0.000112805
0.000108588
0.000122804
0.000118182
0.000112298
0.000107902
0.000123205
0.000118389
0.00011226
0.000107683
0.000136882
0.000133364
0.000128876
0.000125514
0.000136143
0.000132699
0.00012829
0.000124976
0.000136093
0.000132669
0.000128276
0.000124967
0.000136737
0.000133273
0.000128827
0.000125476
0.00015649
0.000152685
0.000147847
0.00014423
0.000153609
0.00015017
0.000145795
0.000142521
0.000150154
0.000147165
0.000143356
0.000140503
0.000147739
0.00014507
0.000141668
0.000139117
0.000146553
0.00014405
0.000140858
0.000138464
0.000144827
0.000142618
0.000139782
0.000137643
0.000143776
0.000141868
0.000139406
0.000137538
0.000143867
0.000142133
0.000139889
0.000138182
0.000151977
0.000150592
0.000148854
0.000147568
0.000148299
0.000147466
0.000146416
0.000145634
0.000145014
0.000144807
0.000144547
0.000144352
0.000143626
0.000143833
0.000144104
0.000144308
6.99857e-05
6.57514e-05
6.0442e-05
5.65375e-05
6.84478e-05
6.40159e-05
5.84745e-05
5.44115e-05
6.65024e-05
6.18647e-05
5.60881e-05
5.18707e-05
6.50567e-05
6.03013e-05
5.43965e-05
5.01014e-05
6.42819e-05
5.94813e-05
5.35249e-05
4.91955e-05
6.2726e-05
5.78676e-05
5.18495e-05
4.7483e-05
6.06423e-05
5.57446e-05
4.96898e-05
4.53064e-05
5.90052e-05
5.41048e-05
4.80548e-05
4.36822e-05
8.12209e-05
7.66325e-05
7.08718e-05
6.6631e-05
8.00743e-05
7.53695e-05
6.94716e-05
6.51367e-05
7.84034e-05
7.3578e-05
6.75397e-05
6.31101e-05
7.69894e-05
7.20959e-05
6.59797e-05
6.1499e-05
5.80931e-05
5.31992e-05
4.71598e-05
4.27962e-05
5.62724e-05
5.14009e-05
4.53982e-05
4.10682e-05
5.36834e-05
4.88386e-05
4.28811e-05
3.85935e-05
5.15502e-05
4.6725e-05
4.08026e-05
3.65487e-05
5.03319e-05
4.55149e-05
3.96105e-05
3.53756e-05
4.79181e-05
4.31121e-05
3.72424e-05
3.30502e-05
4.4433e-05
3.96065e-05
3.37472e-05
2.95923e-05
4.15593e-05
3.66985e-05
3.08342e-05
2.67064e-05
6.92227e-05
6.40346e-05
5.75947e-05
5.29113e-05
6.71008e-05
6.18093e-05
5.52569e-05
5.05052e-05
6.4181e-05
5.87054e-05
5.19517e-05
4.70758e-05
6.18495e-05
5.62009e-05
4.92599e-05
4.42703e-05
9.39553e-05
8.91605e-05
8.3123e-05
7.86649e-05
9.26371e-05
8.77484e-05
8.15995e-05
7.70647e-05
9.08177e-05
8.57876e-05
7.94704e-05
7.48188e-05
8.93503e-05
8.41983e-05
7.77359e-05
7.29834e-05
8.85303e-05
8.33003e-05
7.67461e-05
7.19304e-05
8.69895e-05
8.15893e-05
7.48298e-05
6.98703e-05
8.50639e-05
7.93811e-05
7.22839e-05
6.70895e-05
8.36543e-05
7.7712e-05
7.03076e-05
6.49015e-05
0.000106996
0.000102054
9.58121e-05
9.11887e-05
0.000106077
0.000100968
9.45147e-05
8.97348e-05
0.000105231
9.9835e-05
9.30265e-05
8.79877e-05
0.000104842
9.91765e-05
9.20365e-05
8.67591e-05
7.79953e-06
4.58935e-06
1.58027e-06
3.26816e-07
5.28461e-06
3.05837e-06
1.05127e-06
3.55322e-07
3.32653e-06
1.99168e-06
8.32209e-07
6.16018e-07
2.59958e-06
1.75588e-06
8.93324e-07
8.20765e-07
2.43645e-06
1.69366e-06
1.006e-06
8.96047e-07
2.38619e-06
1.61253e-06
9.17774e-07
7.61039e-07
2.44576e-06
1.60776e-06
9.00268e-07
7.30624e-07
2.59409e-06
1.68773e-06
9.71704e-07
8.27573e-07
1.36518e-05
9.94373e-06
6.02137e-06
3.7276e-06
1.25496e-05
9.14812e-06
5.57226e-06
3.50361e-06
1.15153e-05
8.44234e-06
5.24185e-06
3.41969e-06
1.10099e-05
8.13729e-06
5.16749e-06
3.49782e-06
2.67539e-06
1.73291e-06
1.03628e-06
9.27636e-07
2.6798e-06
1.61149e-06
9.10411e-07
8.94995e-07
2.7114e-06
1.50105e-06
8.53788e-07
1.05999e-06
2.75541e-06
1.4521e-06
8.94658e-07
1.34563e-06
2.47536e-06
1.18636e-06
7.41247e-07
1.54901e-06
1.97192e-06
8.05881e-07
3.796e-07
9.85714e-07
1.12626e-06
3.80101e-07
4.28918e-08
3.67696e-07
7.26288e-07
3.48695e-07
5.67962e-08
1.32879e-07
8.1557e-06
6.17995e-06
4.07581e-06
2.83514e-06
7.17283e-06
5.36546e-06
3.41943e-06
2.24817e-06
5.54944e-06
4.02172e-06
2.39796e-06
1.43727e-06
4.25077e-06
2.99204e-06
1.71674e-06
1.02049e-06
2.40842e-05
2.0071e-05
1.54272e-05
1.23288e-05
2.28518e-05
1.90597e-05
1.46657e-05
1.17285e-05
2.104e-05
1.75393e-05
1.34749e-05
1.0751e-05
1.95224e-05
1.62455e-05
1.24368e-05
9.88031e-06
1.86586e-05
1.54969e-05
1.18226e-05
9.35462e-06
1.69629e-05
1.40075e-05
1.05798e-05
8.28147e-06
1.42763e-05
1.16016e-05
8.53345e-06
6.5044e-06
1.20082e-05
9.56843e-06
6.82181e-06
5.05094e-06
3.30939e-05
2.89553e-05
2.39774e-05
2.04846e-05
3.08257e-05
2.68236e-05
2.20295e-05
1.86818e-05
2.74155e-05
2.35743e-05
1.90121e-05
1.58593e-05
2.45556e-05
2.08352e-05
1.64621e-05
1.34789e-05
