FiniteElementSpace
FiniteElementCollection: H1_2D_P2
VDim: 2
Ordering: 0

0
1.13441
2.16307
3.11005
4.01172
4.89266
5.76695
6.63847
7.50232
0
0.881648
1.76802
2.64525
3.51675
4.38815
5.25999
6.12703
6.98361
0.577592
1.0146
0.439146
0
1.66166
1.97073
1.32571
2.64421
2.88059
2.20776
3.56475
3.76554
3.08129
4.45366
4.64091
3.95227
5.33016
5.51397
4.82424
6.2032
6.38365
5.69455
7.07191
7.24389
6.55677
0.511941
1.49993
2.43
3.32505
4.20376
5.07762
5.94956
6.81533
0.288459
0.542025
0.255133
0
1.40161
1.5804
1.25928
1.07357
2.40585
2.53702
2.20162
2.06674
3.33856
3.4448
3.10344
2.99524
4.23317
4.32861
3.98485
3.88851
5.11153
5.20392
4.8593
4.76674
5.98516
6.07659
5.7319
5.64059
6.85548
6.94381
6.59985
6.51131
0.8596
0.765524
0.952675
0.659898
0.480906
0.220149
0
1.91525
1.73696
1.87215
1.54718
1.41643
1.10377
2.87876
2.65621
2.76446
2.42674
2.32097
1.98821
3.78902
3.54567
3.64189
3.29904
3.20427
2.8634
4.67343
4.42242
4.51481
4.17016
4.07849
3.73447
5.54862
5.29586
5.38709
5.04221
4.95109
4.6062
6.421
6.16685
6.25556
5.9111
5.82218
5.47747
7.28762
7.3731
7.02999
7.11422
6.77055
6.68641
6.34227
0.267277
1.32983
2.30362
3.22091
4.1089
4.98541
5.85871
6.7279
0.811117
0.717653
0.242995
1.82585
1.64524
1.1856
2.76741
2.54328
2.09733
3.66723
3.42327
2.98473
4.54784
4.29666
3.86026
5.42232
5.16915
4.73296
6.29417
6.03914
5.6048
7.15889
6.90073
6.47134
0.140202
0.27621
0.130975
0
1.26894
1.36531
1.20244
1.10349
2.28505
2.35455
2.18565
2.11468
3.22462
3.27962
3.10832
3.05252
4.12258
4.17095
3.9988
3.95002
5.00213
5.04845
4.87609
4.82966
5.87608
5.92198
5.74967
5.7038
6.74704
6.79175
6.61968
6.57496
0.719383
0.834742
0.677432
0.558914
0.639281
0.742273
0.599434
0.497092
0.12678
0.249427
0.122404
0
1.78922
1.87028
1.70373
1.6207
1.61888
1.69166
1.53109
1.45881
1.13747
1.22311
1.06941
0.984334
2.76192
2.82295
2.65256
2.59046
2.54336
2.60008
2.43228
2.37587
2.08651
2.14992
1.98495
1.92194
3.6771
3.72803
3.55618
3.50467
3.43547
3.48464
3.31383
3.26486
2.99219
3.04433
2.8747
2.82281
4.56362
4.61058
4.43828
4.39107
4.31312
4.35961
4.18758
4.14122
3.87525
3.92267
3.7511
3.70385
5.43941
5.48548
5.31314
5.26704
5.18675
5.23254
5.06013
5.01439
4.75012
4.79618
4.62389
4.57792
6.31214
6.35765
6.18543
6.13995
6.05826
6.10304
5.93072
5.88591
5.62297
5.66838
5.49597
5.45056
7.17987
7.22329
7.05146
7.00791
6.92277
6.96543
6.79366
6.75094
6.49183
6.53566
6.36353
6.31966
0.434248
0.40507
0.526629
0.383703
0.261024
0
1.53249
1.45579
1.54029
1.38009
1.29464
1.0441
2.52554
2.42073
2.48362
2.3161
2.25275
2.01886
3.45192
3.33306
3.38498
3.21439
3.16224
2.938
4.34352
4.21882
4.2662
4.09434
4.04689
3.82705
5.22087
5.09468
5.14079
4.96847
4.92237
4.70384
6.09421
5.96768
6.01313
5.84077
5.79535
5.57732
6.96378
6.83595
6.87961
6.70769
6.66393
6.44754
0.997985
0.94314
0.890633
0.788188
0.835422
0.918703
0.770667
0.690522
0.549359
0.461892
0.362152
0.32928
0.233708
0.112221
0
2.03983
1.94683
1.85423
1.78153
1.75893
1.82097
1.65767
1.59723
1.43651
1.37224
1.30128
1.21477
1.14603
0.992689
2.99478
2.88162
2.76861
2.71191
2.654
2.70534
2.53604
2.48557
2.31731
2.26502
2.20933
2.09805
2.04353
1.87819
3.90054
3.778
3.65569
3.60649
3.53262
3.57955
3.40789
3.36145
3.19018
3.14313
3.09458
2.97237
2.92447
2.75436
4.7831
4.65732
4.53168
4.48514
4.40574
4.45156
4.27914
4.23353
4.0612
4.01553
3.96939
3.84335
3.79756
3.6256
5.6578
5.53147
5.40493
5.35911
5.27814
5.32356
5.15113
5.10571
4.93324
4.88771
4.84203
4.71522
4.66964
4.49716
6.52979
6.4028
6.27532
6.23056
6.14742
6.19135
6.01915
5.97516
5.80289
5.75839
5.71354
5.58607
5.54115
5.36877
7.39514
7.43768
7.26608
7.30853
7.13702
7.09446
7.17915
7.00759
7.04908
6.87717
6.8358
6.66375
6.62171
6.57897
6.44961
6.40689
6.23474
0.133868
1.23524
2.23515
3.16635
4.06061
4.93908
5.81291
6.68343
0.697685
0.62003
0.124853
1.74618
1.57557
1.10413
2.7071
2.48818
2.0362
3.61654
3.37483
2.93371
4.50089
4.25043
3.8133
5.37628
5.12348
4.68705
6.24884
5.99453
5.5595
7.11571
6.85829
6.42774
0.418523
0.394002
0.128784
1.49377
1.41805
1.17001
2.47296
2.36853
2.13621
3.39238
3.27378
3.05033
4.2811
4.1566
3.93705
5.15776
5.03159
4.81312
6.031
5.90427
5.68636
6.89992
6.77187
6.55581
0.970011
0.916839
0.658122
0.863723
0.804694
0.576222
0.373527
0.347613
0.119334
1.99309
1.90066
1.66143
1.80711
1.70925
1.48489
1.34133
1.25928
1.03249
2.93807
2.82521
2.59806
2.71161
2.59554
2.3754
2.26313
2.1544
1.93239
3.83918
3.71688
3.49587
3.59431
3.47052
3.25232
3.1547
3.03385
2.81497
4.72016
4.59451
4.37571
4.46877
4.34254
4.12452
4.03197
3.90654
3.68856
5.59466
5.46823
5.24997
5.34157
5.21466
4.99672
4.90529
4.77868
4.5606
6.46636
6.33911
6.12189
6.21142
6.08333
5.86684
5.77719
5.64982
5.43239
7.33061
7.20158
6.98715
7.07238
6.94255
6.72884
6.64339
6.51439
6.2992
0
0.232574
0.626589
1.1094
1.6265
2.15099
2.67184
3.18881
3.7053
1
1.17355
1.52051
1.97114
2.47331
2.99472
3.51801
4.03867
4.56043
0.100724
0.68215
1.06349
0.5
0.413281
1.06298
1.32982
0.861196
1.53538
1.73668
1.36579
2.04817
2.21818
1.88882
2.57266
2.73302
2.41207
3.09513
3.25668
2.93058
3.61386
3.77854
3.44695
4.13304
4.29907
0.552899
0.856597
1.29162
1.78891
2.31013
2.8345
3.35472
3.87323
0.0580883
0.320823
0.511827
0.25
0.317954
0.63091
0.764648
0.452261
0.741776
1.07417
1.17501
0.84174
1.23685
1.57628
1.6612
1.3208
1.75759
2.09912
2.17896
1.83667
2.2817
2.62329
2.70372
2.36169
2.80131
3.14272
3.22503
2.88355
3.31789
3.66007
3.74348
3.40137
0.159411
0.610904
0.922681
1.11182
0.800203
1.0317
0.75
0.516671
0.956473
1.28961
1.42147
1.0899
1.24674
0.98398
1.41198
1.75246
1.85201
1.5128
1.6259
1.4958
1.91804
2.26057
2.34498
2.00312
2.09339
2.02
2.44142
2.78375
2.86375
2.52156
2.60277
2.54211
2.96497
3.30662
3.38745
3.04566
3.12574
3.05972
3.4843
3.82627
3.90862
3.56664
3.64836
3.57603
3.9191
4.00313
4.34698
4.42957
4.08625
4.16879
0.276543
0.536733
0.955776
1.44771
1.96778
2.49265
3.01324
3.53069
0.379557
0.854818
0.761744
0.733056
1.18631
1.00158
1.19609
1.63094
1.39875
1.70607
2.13122
1.8767
2.23048
2.65262
2.39079
2.75359
3.17627
2.9148
3.27207
3.69646
3.43672
3.7895
4.21657
3.95618
0.0354976
0.165406
0.261515
0.125
0.27388
0.426205
0.493161
0.341173
0.683598
0.848088
0.898153
0.733373
1.17291
1.34192
1.38402
1.21467
1.69202
1.86254
1.90218
1.7314
2.21638
2.38716
2.42721
2.2563
2.7366
2.9073
2.94843
2.77772
3.25334
3.42428
3.46602
3.2951
0.128099
0.268155
0.34832
0.209545
0.580103
0.731224
0.825701
0.674536
0.50183
0.63488
0.752045
0.625
0.464074
0.623961
0.681081
0.521075
0.905625
1.07064
1.13717
0.972341
0.722107
0.882008
0.960853
0.801072
0.922221
1.08953
1.13473
0.967089
1.35137
1.52113
1.57141
1.4018
1.11836
1.28638
1.34351
1.17568
1.43069
1.60069
1.64105
1.47074
1.85332
2.02452
2.06699
1.89586
1.59802
1.76875
1.81427
1.64365
1.95443
2.12517
2.16481
1.99387
2.37577
2.54701
2.58707
2.41581
2.1135
2.28482
2.32559
2.15429
2.47714
2.64786
2.68848
2.51768
2.89977
3.07063
3.111
2.94009
2.63822
2.80927
2.84929
2.67821
2.99516
3.16591
3.2074
3.03667
3.41952
3.59039
3.63156
3.46069
3.16011
3.33088
3.3717
3.20089
3.51148
3.68272
3.72478
3.55349
3.93816
4.1099
4.15138
3.97977
3.67866
3.84984
3.89121
3.72007
0.0772847
0.296832
0.435127
0.530003
0.392357
0.375
0.364499
0.582723
0.74276
0.809537
0.649541
0.565889
0.80102
1.01448
1.18237
1.23279
1.06478
0.951631
1.30117
1.51182
1.68236
1.72485
1.55416
1.42773
1.8232
2.03343
2.20455
2.24451
2.07327
1.94228
2.34693
2.55801
2.7289
2.76914
2.59818
2.46715
2.86596
3.078
3.24873
3.28989
3.11915
2.98936
3.38241
3.59537
3.76665
3.80833
3.63709
3.50762
0.194289
0.414297
0.644991
0.493739
0.887253
1.04689
1.1412
0.9817
1.08594
0.929845
0.778823
1.04531
0.89391
1.01821
0.875
0.570902
0.786658
1.00897
0.843911
1.23717
1.40462
1.47016
1.30332
1.37467
1.20913
1.04465
1.28716
1.12321
1.20886
1.04641
1.25813
1.47333
1.3036
1.69132
1.86166
1.91115
1.74129
1.79384
1.62448
1.45522
1.68068
1.51199
1.57249
1.56109
1.77129
1.983
1.81186
2.19577
2.36694
2.40898
2.23808
2.28137
2.1106
1.93967
2.15551
1.98496
2.03192
2.08553
2.29611
2.50706
2.3359
2.71819
2.88927
2.92922
2.75821
2.79834
2.62732
2.45612
2.66782
2.4968
2.53793
2.60701
2.81861
3.03009
2.85929
3.24148
3.41233
3.45276
3.28188
3.32209
3.1512
2.98026
3.19123
3.0203
3.06024
3.12427
3.33672
3.54908
3.37819
3.76136
3.93247
3.97364
3.80253
3.84359
3.67259
3.5017
3.71347
3.54255
3.58321
3.64061
3.81219
3.85427
4.02606
4.0681
3.89632
4.24003
4.28179
4.45383
4.49495
4.32312
4.36428
4.19268
4.02119
4.2339
4.06249
4.10371
0.145811
0.382329
0.790136
1.27807
1.79694
2.32177
2.84254
3.35969
0.236916
0.701076
0.625634
0.571616
1.02057
0.840261
1.02793
1.46102
1.23038
1.5356
1.96002
1.70591
2.05953
2.4814
2.21948
2.58282
3.0054
2.74376
3.1013
3.52555
3.26591
3.6181
4.04481
3.78494
0.185698
0.411542
0.380397
0.472532
0.69506
0.606403
0.90711
1.12307
1.00759
1.40616
1.61807
1.49069
1.9282
2.13889
2.00772
2.45247
2.66358
2.5327
2.972
3.18396
3.05428
3.48888
3.70186
3.57235
0.303011
0.528241
0.462603
0.764636
1.0128
0.953984
0.652308
0.909746
0.881989
0.677933
0.897023
0.792431
1.12239
1.35315
1.25527
0.926089
1.16506
1.08377
1.1518
1.36534
1.24258
1.58203
1.80107
1.6824
1.34355
1.56765
1.45761
1.66598
1.87698
1.74697
2.08928
2.30236
2.17414
1.83208
2.04752
1.92299
2.19077
2.40155
2.27023
2.61261
2.82374
2.69273
2.35028
2.56199
2.43177
2.71283
2.92436
2.79413
3.13579
3.34714
3.21657
2.87471
3.08578
2.9548
3.2305
3.44291
3.31347
3.65523
3.8675
3.73757
3.39581
3.60759
3.47746
3.7474
3.96118
3.83147
4.17498
4.38846
4.25787
3.91478
4.12756
3.99746
