FiniteElementSpace
FiniteElementCollection: H1_2D_P2
VDim: 2
Ordering: 0

0
-0.000202987
-0.00566175
-0.0156115
-0.0240767
-0.0263909
-0.0218799
-0.0193255
-0.0220168
0
-0.0175422
-0.0350848
-0.0442752
-0.0394401
-0.0222369
-0.0106902
-0.00897099
-0.0127272
-0.000291325
-0.00844109
-0.0082306
0
-0.00201254
-0.0206335
-0.0269732
-0.0104734
-0.0310922
-0.041089
-0.0203552
-0.0331248
-0.0438782
-0.026211
-0.0243957
-0.0315227
-0.0246965
-0.0152725
-0.0146468
-0.0195016
-0.0132721
-0.00947358
-0.0207784
-0.0170025
-0.00993721
-0.00317794
-0.0143595
-0.0265039
-0.0335337
-0.0297501
-0.0190145
-0.0134452
-0.014863
-0.000604194
-0.00171296
-0.00110135
0
-0.000856021
-0.00903268
-0.011324
-0.00482811
-0.00797606
-0.0196728
-0.0236739
-0.0142025
-0.0180731
-0.0281357
-0.0326325
-0.0245978
-0.0253726
-0.0283895
-0.0317762
-0.0295312
-0.0257489
-0.0210836
-0.0215779
-0.0251304
-0.0205106
-0.0155921
-0.0141453
-0.0176808
-0.0200392
-0.016487
-0.0138699
-0.0151434
-3.75451e-05
-0.00571604
-0.0122855
-0.0127414
-0.00522046
-0.00413847
0
-0.00363982
-0.0174931
-0.0269036
-0.03125
-0.0197162
-0.0223562
-0.0130499
-0.0290133
-0.0369945
-0.0430828
-0.0329491
-0.0383925
-0.0223812
-0.0337135
-0.0360389
-0.0421622
-0.0382181
-0.0445678
-0.0265537
-0.0272111
-0.0235673
-0.026863
-0.0306567
-0.0358217
-0.0233502
-0.016888
-0.0133795
-0.0122018
-0.0172138
-0.0180523
-0.019081
-0.0131433
-0.0118979
-0.00918073
-0.0118912
-0.00988869
-0.0212572
-0.0187656
-0.0160054
-0.0154997
-0.0114465
-0.0135558
-0.00909751
-0.000559941
-0.00678664
-0.0169522
-0.0265912
-0.0292753
-0.0231038
-0.016455
-0.0156249
-0.00314862
-0.0087035
-0.00192885
-0.0115299
-0.023397
-0.0159773
-0.0222568
-0.0352747
-0.0301235
-0.0291396
-0.0375676
-0.038006
-0.0269579
-0.027181
-0.0336876
-0.0192403
-0.0149468
-0.0201478
-0.0151364
-0.0117146
-0.0124123
-0.0175179
-0.0147282
-0.0125218
-0.000414455
-0.000459654
-0.000204539
0
-0.00046569
-0.00406945
-0.00577091
-0.0027055
-0.00678984
-0.0128402
-0.0155744
-0.0102889
-0.0168602
-0.022725
-0.0256447
-0.0205044
-0.0247786
-0.0275293
-0.0294843
-0.0270868
-0.0261262
-0.0242191
-0.0241287
-0.0256467
-0.0211688
-0.0182258
-0.0170242
-0.0195025
-0.0196456
-0.0174228
-0.0153281
-0.0168847
-0.000116312
-0.00170934
-0.00240345
-0.00101485
-0.00441477
-0.00710481
-0.00695192
-0.00409643
-0.000400468
-0.00146329
-0.000713289
0
-0.00277133
-0.00791519
-0.010254
-0.0058172
-0.0159192
-0.0203254
-0.021571
-0.016917
-0.00986218
-0.0135344
-0.0141203
-0.0102541
-0.0117585
-0.0180512
-0.0209888
-0.0154627
-0.0278056
-0.0320715
-0.0341808
-0.0296386
-0.0221731
-0.026797
-0.028556
-0.0236557
-0.0214052
-0.0260987
-0.0287104
-0.0246193
-0.0337177
-0.0356319
-0.038003
-0.0358521
-0.0319363
-0.0352793
-0.0375948
-0.033987
-0.0264454
-0.0267525
-0.0277336
-0.0274078
-0.0285311
-0.0272304
-0.0289567
-0.0302306
-0.032542
-0.0327493
-0.0349594
-0.0345872
-0.0240513
-0.0210066
-0.0201316
-0.0226224
-0.0178894
-0.0159473
-0.0159911
-0.0181498
-0.0229699
-0.0209016
-0.0218132
-0.0240198
-0.0192089
-0.0168233
-0.0153097
-0.0172937
-0.0132433
-0.0124751
-0.0117613
-0.0126955
-0.0146513
-0.0133
-0.0128301
-0.0143497
-0.0210472
-0.0190768
-0.0169947
-0.0182302
-0.0154348
-0.0155035
-0.0141491
-0.0143399
-0.0135133
-0.0133054
-0.0121521
-0.0126618
-0.000491778
-0.00108931
-0.00242392
-0.00205409
-0.000815542
0
-0.00137191
-0.00787485
-0.0118081
-0.012825
-0.00914047
-0.0066855
-0.00920923
-0.0183231
-0.0232705
-0.0251221
-0.0204814
-0.0175702
-0.0192418
-0.0274258
-0.0310322
-0.0331688
-0.0298144
-0.0280455
-0.0258518
-0.0289072
-0.0291524
-0.0308392
-0.0306515
-0.0314879
-0.0252679
-0.022081
-0.0199468
-0.0202507
-0.022277
-0.024746
-0.0199471
-0.0159758
-0.0143513
-0.0137446
-0.0151422
-0.0163293
-0.020436
-0.0160188
-0.0154702
-0.0143289
-0.0145411
-0.0140126
-6.11515e-05
-0.00395508
-0.00705991
-0.00444261
-0.0104794
-0.0146816
-0.0151232
-0.0105682
-0.0104299
-0.00660779
-0.00351795
-0.00614542
-0.00278554
-0.00195172
0
-0.00460792
-0.0128502
-0.0190689
-0.0146453
-0.0251791
-0.0306496
-0.0332274
-0.0269772
-0.0291604
-0.0230118
-0.0178469
-0.0246989
-0.0188702
-0.0199618
-0.0143385
-0.0234645
-0.0301134
-0.0258283
-0.0362167
-0.0403635
-0.0437846
-0.0388822
-0.0421788
-0.0367017
-0.0315921
-0.0398216
-0.0339242
-0.0368088
-0.0232749
-0.0294151
-0.033516
-0.0316102
-0.0369114
-0.0376245
-0.0409241
-0.0397022
-0.0431499
-0.0408433
-0.0382167
-0.0443498
-0.0410458
-0.0445392
-0.0265344
-0.0260818
-0.025821
-0.027118
-0.0253706
-0.0229898
-0.0245202
-0.0270635
-0.0292163
-0.0310796
-0.0322445
-0.0337419
-0.0346913
-0.0377343
-0.022619
-0.0184209
-0.0160159
-0.0179342
-0.0140792
-0.0122053
-0.011338
-0.0137398
-0.0132984
-0.0160816
-0.0186054
-0.0162341
-0.0192252
-0.0200646
-0.0191241
-0.0150799
-0.0131503
-0.0139601
-0.011756
-0.0107227
-0.00905656
-0.0106701
-0.00932294
-0.0108683
-0.0121043
-0.00965458
-0.0113237
-0.0102205
-0.0215413
-0.0201557
-0.0180698
-0.0177013
-0.016528
-0.0165711
-0.0163618
-0.0152149
-0.0143205
-0.0121898
-0.0133755
-0.0106493
-0.0121249
-0.0130006
-0.00940942
-0.0111705
-0.00896618
-0.000167587
-0.00333871
-0.0115492
-0.02165
-0.0273782
-0.0249639
-0.0188289
-0.017104
-0.00132944
-0.00557823
-0.000515582
-0.00682617
-0.0186242
-0.0118787
-0.016768
-0.0309129
-0.0252569
-0.0254161
-0.0358442
-0.0347174
-0.0271426
-0.028775
-0.0337623
-0.0218087
-0.0169732
-0.0224305
-0.0169941
-0.0125374
-0.0137624
-0.0186574
-0.014927
-0.0129265
-0.000738945
-0.00154377
-0.000285815
-0.00489594
-0.0104493
-0.00788556
-0.0141495
-0.0218982
-0.0190343
-0.0237189
-0.0304983
-0.0289928
-0.0275381
-0.0299783
-0.0311572
-0.0234325
-0.0210817
-0.0235082
-0.017709
-0.0146976
-0.0156845
-0.0178112
-0.0149666
-0.0142187
-0.00216362
-0.00553841
-0.00340039
-0.00866318
-0.0126095
-0.00856606
-0.00269241
-0.00468277
-0.00100266
-0.00907346
-0.0161029
-0.01321
-0.0220072
-0.0288565
-0.0250239
-0.0152169
-0.0209551
-0.0167739
-0.0193012
-0.0269864
-0.0245853
-0.0331007
-0.0397164
-0.0378726
-0.0282621
-0.0353809
-0.0323426
-0.0266582
-0.0316386
-0.0314058
-0.0352123
-0.0387782
-0.040392
-0.0356609
-0.0410597
-0.0408104
-0.0262486
-0.0259595
-0.0281909
-0.0256325
-0.0250107
-0.0291023
-0.0315644
-0.0329562
-0.0362571
-0.0202337
-0.0170786
-0.0188931
-0.0150742
-0.0128772
-0.0148044
-0.0194657
-0.0175594
-0.0210465
-0.0167867
-0.0139276
-0.0141033
-0.0125137
-0.0106591
-0.0107426
-0.0129473
-0.0110565
-0.0116964
-0.0195404
-0.0171136
-0.016016
-0.0160013
-0.0139339
-0.0127419
-0.0137863
-0.0115862
-0.0108868
0
0.00526548
0.0369387
0.0757755
0.106436
0.113938
0.098326
0.077753
0.055603
0
0.0115537
0.0360868
0.0689553
0.0972639
0.104076
0.088767
0.0718043
0.052703
-0.00230624
0.00622534
0.00603931
0
0.0191661
0.0355733
0.021989
0.056423
0.0727861
0.0522145
0.0931355
0.103474
0.0846929
0.113719
0.110324
0.104234
0.107887
0.0930092
0.0977391
0.0882024
0.0744538
0.0803762
0.0655186
0.0547341
0.0608733
-0.000452306
0.0189354
0.0540666
0.0899998
0.110755
0.103155
0.0836207
0.062747
-0.00279766
-0.00202721
-0.0012597
0
0.0115833
0.0184451
0.0119405
0.00505983
0.0465864
0.0549095
0.0446951
0.0357686
0.0848298
0.0916975
0.0817082
0.0741448
0.110928
0.112877
0.108024
0.105387
0.11156
0.1057
0.107396
0.112697
0.0932305
0.0856055
0.0881214
0.0954506
0.0717989
0.0637046
0.0688542
0.0758335
0.000519396
0.00205215
0.0083732
0.00819687
0.00223213
0.00455124
0
0.0277127
0.0269069
0.0358384
0.0286893
0.0201991
0.0162033
0.0662273
0.0634968
0.0712405
0.0605986
0.0533574
0.0439869
0.100426
0.0973618
0.100842
0.0915294
0.0878102
0.077071
0.114714
0.111516
0.107421
0.105059
0.107876
0.101585
0.10333
0.0981646
0.0908407
0.0933205
0.100501
0.101501
0.0831419
0.0792414
0.0733778
0.0763199
0.0820194
0.0844337
0.0598701
0.0549608
0.0574775
0.0538891
0.0560278
0.0620153
0.0665357
-0.0023326
0.0111117
0.0452249
0.0832576
0.110036
0.109878
0.0903735
0.0699939
0.000581165
0.00456217
0.000770983
0.0267588
0.0276776
0.0136667
0.0646189
0.0623475
0.0444614
0.0991757
0.0949264
0.0798152
0.113762
0.108595
0.105244
0.100703
0.095732
0.104583
0.0809177
0.0779129
0.0862365
0.0582437
0.0568564
0.0679858
-0.00194425
-0.00267146
-0.0015174
0
0.00824224
0.0111532
0.00790694
0.00495908
0.0417272
0.0457711
0.0404559
0.0362008
0.0803802
0.0840268
0.0787689
0.0749042
0.108882
0.110669
0.107921
0.106049
0.112923
0.110868
0.111481
0.113523
0.0957607
0.091709
0.092876
0.0968189
0.0748625
0.0708151
0.0730089
0.0767413
-0.00117072
0.000341811
-0.000972148
-0.00237291
0.000591958
0.00318842
0.00322765
0.00074102
-0.000917152
-0.000405199
0.000277093
0
0.0233376
0.0270669
0.0224985
0.0186228
0.0228182
0.0272404
0.0238373
0.0194906
0.00890601
0.0127059
0.0108493
0.00718804
0.0613445
0.0653355
0.0597746
0.055553
0.0587865
0.0629611
0.0578514
0.053731
0.0400908
0.0445754
0.0401036
0.0356793
0.0969233
0.099883
0.0955752
0.0924461
0.0938159
0.0962384
0.0914977
0.0889906
0.0773085
0.0808345
0.0755825
0.0720704
0.114436
0.114468
0.113563
0.113519
0.111382
0.110127
0.108479
0.109402
0.10596
0.106729
0.10325
0.102256
0.105678
0.102006
0.103266
0.106864
0.100716
0.0969374
0.0981676
0.101836
0.109052
0.106019
0.10619
0.108924
0.0856892
0.0819695
0.0832797
0.0868205
0.0814472
0.0785665
0.0799833
0.0827967
0.0905189
0.0871502
0.0884902
0.0919008
0.0625143
0.0588932
0.0607685
0.0644687
0.0598961
0.0571857
0.0592208
0.0623952
0.071758
0.06843
0.0707906
0.0739184
-0.00288899
-0.00248429
-0.00137469
-0.00106507
-0.00188273
0
0.0152335
0.0146375
0.0185691
0.015298
0.0113935
0.00550096
0.0514971
0.0500523
0.0544362
0.0493617
0.0448884
0.035581
0.0890924
0.0875793
0.0908916
0.0859504
0.0825
0.0734578
0.11254
0.111691
0.11193
0.109627
0.109137
0.104521
0.10985
0.107924
0.104452
0.105405
0.108697
0.1116
0.0906979
0.0879594
0.0845465
0.0858335
0.0891879
0.0941885
0.0686613
0.066846
0.0631576
0.0658028
0.0693534
0.0750754
0.00266886
0.00260726
0.00393511
0.00116744
0.00627591
0.00980027
0.00970286
0.00620339
0.00698443
0.00401286
0.00144456
0.00524708
0.00249565
0.00309054
0
0.0322594
0.0311938
0.0311695
0.0267261
0.0316867
0.0359901
0.032311
0.02817
0.0252357
0.0210313
0.0167973
0.0189634
0.0148182
0.0137184
0.0710487
0.0694192
0.0681725
0.0640273
0.0668185
0.0702256
0.0647914
0.0615829
0.0563958
0.0528736
0.0488856
0.0480679
0.0442848
0.0399828
0.103605
0.102457
0.100593
0.098337
0.0980543
0.0991967
0.094564
0.0933777
0.0882342
0.0864002
0.0839027
0.0809632
0.078584
0.0730579
0.114531
0.11346
0.111152
0.112747
0.108237
0.105814
0.104807
0.106916
0.104899
0.106167
0.106794
0.10315
0.103545
0.0996334
0.100844
0.0980774
0.0955773
0.0994215
0.0932728
0.0898049
0.0910274
0.0945335
0.0955808
0.0991421
0.102666
0.0997491
0.103084
0.102985
0.0805167
0.0784554
0.0769322
0.0800123
0.0757323
0.0727187
0.0741528
0.0771986
0.0783715
0.0812341
0.0840902
0.0823702
0.0853439
0.0865505
0.0575378
0.055136
0.0563207
0.0548775
0.055771
0.0578027
0.0544157
0.0551256
0.0532751
0.0542038
0.0564391
0.0582366
0.0615113
0.0650081
0.0636979
0.0673941
0.0692736
-0.00169568
0.0078764
0.0409473
0.0795375
0.108565
0.112383
0.094237
0.0738686
-0.00127691
0.00177827
-0.000423517
0.0227421
0.0232635
0.00977239
0.0604585
0.0583482
0.0400828
0.0963051
0.0927471
0.0765107
0.114228
0.110009
0.104702
0.104503
0.0994399
0.107662
0.0844133
0.0806977
0.0894771
0.0614865
0.0595743
0.0712818
-0.00285004
-0.00188648
-0.00127138
0.0147472
0.0148406
0.00826916
0.0506502
0.0496451
0.0401924
0.0883417
0.0867948
0.0780433
0.112321
0.11077
0.10704
0.108999
0.106708
0.110343
0.0892408
0.0868324
0.0916457
0.0676407
0.0662546
0.0723143
0.00243274
0.00312577
-0.000335285
0.00498998
0.00781844
0.00495336
1.67182e-05
0.00322497
0.0013284
0.0315653
0.031083
0.0225441
0.0313891
0.0320069
0.0244996
0.0159601
0.0177916
0.012144
0.0701616
0.0687766
0.0592392
0.0675438
0.0659243
0.0572231
0.049132
0.0485518
0.0400882
0.103141
0.101605
0.0947513
0.0994198
0.0964547
0.0900147
0.0850061
0.0825777
0.0744549
0.114218
0.112407
0.112585
0.109756
0.106595
0.106786
0.108301
0.10509
0.101577
0.0994212
0.0967997
0.101997
0.0944067
0.0921547
0.0968881
0.104054
0.101238
0.104638
0.0794304
0.0776264
0.0822963
0.0763286
0.075047
0.079236
0.0849348
0.0832531
0.0875262
0.0567877
0.0560194
0.060268
0.0554962
0.0546639
0.0587606
0.0654181
0.0644578
0.0701643
