FiniteElementSpace
FiniteElementCollection: L2_2D_P3
VDim: 1
Ordering: 0

0.000125052
8.55258e-05
0.000152106
0.000272543
0.000186283
0.000101082
8.35838e-05
0.000111388
0.000240674
0.000124563
4.66163e-05
1.75973e-05
0.000269492
0.000148987
4.83325e-05
8.43248e-06
6.1617e-06
2.21543e-06
2.548e-06
6.79957e-06
1.89546e-05
2.45751e-05
3.64442e-05
4.88406e-05
0.000108917
0.000121978
0.000142564
0.000160927
0.000233833
0.00024867
0.000270989
0.000290277
0.000263753
0.000300841
0.000353307
0.00039664
0.000338139
0.000372978
0.000422081
0.000462514
0.000458868
0.000488942
0.000531465
0.000566587
0.000568224
0.000593162
0.000628874
0.000658699
0.00114652
0.00123092
0.00134621
0.00143856
0.00109988
0.00116668
0.00125826
0.00133187
0.00105661
0.00110223
0.00116562
0.00121721
0.00103498
0.0010657
0.00110953
0.00114604
0.00281064
0.00293124
0.00308803
0.0032074
0.00233356
0.00241457
0.0025192
0.00259823
0.0018179
0.00185784
0.00190899
0.00194714
0.00149561
0.00151111
0.00153089
0.00154541
0.0039671
0.00393241
0.00387248
0.00381553
0.00299497
0.00296111
0.00290431
0.00285132
0.00200259
0.00197126
0.00192072
0.00187478
0.00142224
0.00139391
0.00134939
0.00130968
0.00205098
0.00187511
0.00165444
0.00149262
0.00155059
0.00142336
0.00126365
0.00114661
0.00104703
0.00096838
0.000870033
0.000798435
0.000761523
0.000710626
0.000647558
0.000602291
0.000264494
0.00021965
0.000167732
0.000132943
0.000222601
0.000186273
0.000144523
0.000116774
0.000183286
0.000155968
0.000125065
0.000104893
0.00016491
0.000142812
0.000118277
0.000102617
0.000175512
0.000136542
9.54761e-05
7.09334e-05
5.30865e-05
3.80363e-05
2.54597e-05
2.08677e-05
3.10653e-05
3.70324e-05
4.91442e-05
6.15103e-05
0.000104915
0.000122659
0.000148235
0.000169564
0.00117404
0.0011901
0.00121227
0.00122946
0.00158001
0.00157816
0.00157585
0.0015739
0.00220558
0.00216905
0.00212087
0.0020836
0.00275863
0.00268583
0.00259056
0.00251747
0.000311051
0.000263029
0.00041475
0.000641438
0.000317464
0.000320533
0.000621737
0.00100911
0.000492729
0.000517359
0.00101992
0.00163709
0.000860051
0.000814504
0.00144543
0.0022398
5.71083e-05
7.54303e-05
0.000103504
0.000128151
0.000122673
0.000144096
0.00017571
0.000202694
0.000250217
0.000272787
0.00030541
0.000332811
0.000379498
0.00040058
0.000431037
0.000456619
0.00110433
0.00109555
0.00108622
0.00108075
0.00129582
0.0012745
0.0012488
0.00123077
0.00157552
0.00153448
0.00148329
0.00144592
0.00181378
0.00175498
0.00168101
0.00162652
0.00116487
0.00115506
0.00114253
0.00113326
0.00145132
0.00142942
0.00140068
0.00137872
0.00187873
0.00183829
0.00178503
0.00174408
0.00224702
0.00219068
0.00211656
0.00205954
0.000617173
0.000675067
0.000755182
0.000820125
0.000658329
0.000707731
0.000776247
0.000831909
0.000726213
0.000763986
0.000816926
0.000860348
0.000787441
0.000815875
0.000856534
0.000890479
0.000959567
0.000943257
0.000925791
0.000915374
0.000965563
0.000938184
0.00090653
0.000885424
0.00097182
0.000929729
0.000879509
0.000844642
0.000975946
0.00092238
0.000857898
0.000812632
0.00104383
0.00103124
0.00101793
0.00101014
0.00113986
0.00111517
0.00108621
0.00106654
0.00127333
0.00123091
0.0011793
0.00114263
0.0013825
0.00132497
0.00125425
0.00120338
0.00189063
0.00200262
0.00215304
0.00227151
0.00167635
0.00175855
0.00186918
0.00195645
0.00144102
0.00149018
0.0015571
0.00161044
0.00129114
0.00131905
0.00135822
0.00139028
0.000700122
0.000672932
0.000641487
0.000620443
0.000566997
0.000534733
0.000497275
0.000472101
0.000412984
0.000377518
0.000336976
0.000310292
0.000310535
0.000275193
0.000235866
0.000210936
0.00084936
0.000828288
0.000805064
0.000790575
0.000775566
0.000745472
0.000710864
0.00068794
0.000681098
0.000640796
0.000593688
0.0005618
0.000610689
0.000563754
0.000508856
0.000471651
0.00366242
0.00373876
0.00382877
0.00388997
0.00287753
0.00292087
0.00296879
0.00299852
0.00205453
0.00206596
0.00207406
0.00207472
0.00155766
0.00155175
0.00153883
0.00152459
0.000272574
0.000245857
0.000212183
0.000187189
0.000139069
0.000117412
9.1615e-05
7.3701e-05
4.99705e-05
3.84363e-05
2.75082e-05
2.23391e-05
4.62919e-05
4.51454e-05
4.9022e-05
5.62054e-05
0.000499973
0.000468563
0.000430394
0.000403162
0.000344011
0.000313126
0.000276582
0.000251372
0.000191134
0.000165391
0.000136982
0.000119162
0.000112824
9.43589e-05
7.66707e-05
6.80484e-05
0.00334199
0.00318998
0.00298618
0.00282674
0.00248449
0.00237393
0.00222436
0.00210651
0.00162177
0.00155283
0.00145849
0.00138362
0.00112776
0.00108319
0.0010215
0.000972298
7.23849e-05
7.84314e-05
8.75032e-05
9.58513e-05
2.88313e-05
3.68259e-05
4.93927e-05
6.10855e-05
7.12276e-05
7.84299e-05
9.11186e-05
0.000103709
0.000178495
0.000182549
0.000191923
0.000202522
0.000101873
9.18302e-05
7.91747e-05
7.00249e-05
1.85263e-05
1.36355e-05
9.02385e-06
7.05935e-06
1.57489e-05
1.79599e-05
2.41836e-05
3.17304e-05
9.37239e-05
0.000101651
0.000116393
0.000131278
0.000882752
0.000774144
0.000643323
0.000551403
0.000699139
0.000616161
0.000516706
0.000447208
0.0005134
0.000456774
0.000389774
0.000343638
0.000409779
0.000368377
0.000320257
0.000287821
0.000156909
0.000148778
0.000141786
0.000139065
0.00013365
0.000126821
0.000121431
0.000119862
0.000135723
0.000126883
0.000119014
0.000115656
0.000161162
0.000148022
0.000134861
0.000127695
0.000139294
0.00014285
0.000150127
0.000158015
0.000109394
0.000113495
0.000121867
0.000130832
0.000138211
0.000138083
0.000141576
0.000147228
0.000211009
0.000203889
0.000198848
0.000198365
3.47522e-05
2.25375e-05
1.07954e-05
4.87813e-06
3.69845e-05
2.57123e-05
1.45873e-05
8.62178e-06
4.27914e-05
3.20594e-05
2.11978e-05
1.5047e-05
4.93993e-05
3.83899e-05
2.71561e-05
2.07067e-05
5.92389e-05
4.91503e-05
3.84957e-05
3.19765e-05
5.37031e-05
4.45763e-05
3.49391e-05
2.90411e-05
4.74965e-05
3.92338e-05
3.05201e-05
2.52026e-05
4.34225e-05
3.55602e-05
2.72951e-05
2.22827e-05
0.000106584
9.82816e-05
9.03097e-05
8.62e-05
9.30361e-05
8.60018e-05
7.94831e-05
7.63471e-05
8.53146e-05
7.81504e-05
7.14202e-05
6.81103e-05
8.66318e-05
7.80562e-05
6.96248e-05
6.5135e-05
0.000260453
0.000234175
0.000209352
0.000196684
9.60227e-05
7.76235e-05
6.33009e-05
5.84303e-05
7.15428e-06
3.94637e-06
1.08418e-05
2.27004e-05
1.2149e-05
2.58092e-05
5.604e-05
8.64051e-05
4.343e-05
6.49942e-05
0.000108447
0.000149259
0.000131442
0.000174419
0.000248131
0.000313071
0.000338754
0.000412083
0.000531291
0.000633283
0.000579875
0.000673874
0.000828619
0.000960857
0.000277621
0.000146857
5.36529e-05
2.42272e-05
0.000284707
0.000160705
9.47031e-05
9.81535e-05
0.000288875
0.000189943
0.000196608
0.000278297
0.000307514
0.000232267
0.000316956
0.000481104
1.00246e-05
1.81008e-05
3.31832e-05
4.81125e-05
5.55187e-05
6.95624e-05
9.17973e-05
0.000111738
0.000170018
0.000188189
0.000215161
0.000238261
0.000299811
0.000318166
0.000345031
0.00036781
0.000377699
0.000395151
0.00042056
0.00044202
0.000536227
0.000550422
0.000571038
0.000588441
0.000784765
0.000791142
0.00080108
0.000809975
0.00100665
0.00100439
0.00100286
0.00100286
0.000313923
0.000328495
0.000350058
0.000368474
0.000484012
0.000496144
0.000513734
0.000528567
0.000763357
0.000767876
0.000774794
0.000780958
0.00101991
0.00101548
0.00101036
0.00100706
0.000421126
0.000468029
0.000533492
0.000586951
0.000484555
0.000526329
0.000584646
0.000632289
0.000585037
0.000618852
0.00066642
0.000705553
0.000674099
0.000700801
0.000738996
0.000770883
0.000718129
0.000740727
0.000773463
0.000801087
0.000792896
0.000807048
0.000828592
0.000847506
0.000892869
0.000894728
0.000900272
0.000906952
0.000970752
0.000962206
0.000954414
0.000951054
0.000625148
0.000646852
0.000678225
0.000704633
0.000728039
0.000742676
0.000764624
0.000783657
0.000871309
0.00087476
0.000882097
0.000889919
0.000987523
0.000980864
0.000975193
0.000973186
0.0014909
0.00158978
0.00172387
0.0018305
0.0013721
0.00144752
0.00155013
0.00163197
0.00124424
0.00129263
0.00135936
0.00141324
0.00116466
0.00119494
0.00123792
0.00127351
0.00112009
0.00114185
0.00117361
0.00120054
0.00102611
0.00103324
0.00104583
0.00105799
0.000912061
0.000902965
0.000894634
0.000890966
0.000830586
0.00081117
0.000789842
0.000776576
0.00101896
0.00104238
0.00107658
0.00110561
0.000976308
0.000986621
0.00100357
0.00101929
0.000921658
0.000916462
0.000913348
0.000913814
0.000880019
0.000864149
0.000847494
0.000837877
0.00327104
0.00337815
0.0035131
0.00361235
0.00263804
0.00270575
0.00278939
0.00284947
0.00196398
0.00199213
0.00202502
0.00204692
0.00154976
0.0015553
0.00155973
0.00156059
0.00135578
0.00135194
0.00134458
0.0013368
0.00102587
0.00100932
0.000986351
0.000967429
0.000681565
0.000654687
0.000619736
0.000592833
0.000478645
0.000448186
0.000409763
0.000381139
0.0013408
0.0013459
0.0013523
0.00135674
0.00106749
0.00105739
0.00104449
0.0010346
0.000771991
0.000748228
0.000718541
0.000696615
0.000589164
0.000559248
0.000522507
0.000495943
0.00377375
0.00367429
0.00353261
0.0034156
0.00281678
0.00274039
0.00263031
0.00253859
0.00184877
0.00179643
0.0017201
0.001656
0.0012895
0.00125207
0.0011969
0.00115031
0.00104126
0.00101049
0.000965096
0.000926811
0.000658156
0.000637558
0.000607233
0.00058183
0.000302705
0.000292897
0.000278722
0.000267238
0.000129885
0.000126815
0.000122599
0.000119622
0.00116269
0.00113599
0.00109484
0.00105866
0.000757208
0.000734303
0.000700152
0.00067092
0.000371793
0.000354495
0.000330033
0.000310047
0.000175751
0.000163297
0.00014655
0.000133536
0.00140706
0.00125922
0.00107788
0.000947965
0.00108567
0.000976297
0.000842516
0.000747011
0.000761055
0.000690533
0.000605085
0.000544795
0.000577841
0.000529571
0.00047197
0.000432114
0.000495998
0.000457385
0.000411748
0.000380549
0.000356375
0.000332553
0.000305469
0.000287883
0.000233377
0.00022271
0.00021224
0.00020694
0.000181096
0.000176286
0.000173299
0.000173605
0.000635309
0.000596478
0.000548695
0.000514745
0.000430179
0.000408777
0.000383376
0.000366243
0.000248044
0.000242283
0.000237169
0.000235433
0.000168315
0.000169767
0.000174124
0.000179678
0.000116939
9.02772e-05
6.10038e-05
4.2737e-05
0.000104099
8.22034e-05
5.82801e-05
4.34147e-05
9.53056e-05
7.81493e-05
5.9601e-05
4.81946e-05
9.46015e-05
7.98768e-05
6.41362e-05
5.45817e-05
9.32978e-05
7.98809e-05
6.5581e-05
5.69145e-05
8.73767e-05
7.63131e-05
6.47008e-05
5.77918e-05
8.38814e-05
7.48815e-05
6.56408e-05
6.02944e-05
8.43378e-05
7.61641e-05
6.78814e-05
6.31712e-05
0.000154994
0.000135422
0.000113975
0.000100501
0.000133727
0.000118779
0.000102825
9.31389e-05
0.000116447
0.000105622
9.4598e-05
8.83372e-05
0.000110937
0.000101861
9.29566e-05
8.81893e-05
5.79101e-05
3.76982e-05
1.88655e-05
9.81673e-06
1.77471e-05
1.31669e-05
1.30189e-05
1.70634e-05
6.6193e-05
7.43063e-05
8.89281e-05
0.00010303
0.000177625
0.000190343
0.000209865
0.000226949
0.000256711
0.000270203
0.000290178
0.000307218
0.000435621
0.000447673
0.000464799
0.000479004
0.000748701
0.000752536
0.000758046
0.000762775
0.00104757
0.00104031
0.00103095
0.00102406
0.000171083
0.000193141
0.000223875
0.000248435
0.000336528
0.000364018
0.000401172
0.000430176
0.000657521
0.000685365
0.000722697
0.000751407
0.00098715
0.00100809
0.00103712
0.0010594
0.00121353
0.00120148
0.00118488
0.00117171
0.00154891
0.00152435
0.00149088
0.00146442
0.00204855
0.00200544
0.00194729
0.00190158
0.00247613
0.00241781
0.0023396
0.00227836
0.0027221
0.00265461
0.00256428
0.00249363
0.0032232
0.00313815
0.00302445
0.00293551
0.00397296
0.00386817
0.00372816
0.00361858
0.00462608
0.00450983
0.00435445
0.00423273
0.0030442
0.00296232
0.00285268
0.00276675
0.00355458
0.00347232
0.00336193
0.00327468
0.00421026
0.00415847
0.00408807
0.00403097
0.00468633
0.00468785
0.00468738
0.0046846
0.000735237
0.000841746
0.00101355
0.00115882
0.001075
0.00121101
0.00142449
0.00160536
0.00177405
0.00189085
0.00210288
0.00228858
0.00257586
0.0025969
0.00274221
0.00288763
0.00292011
0.00296979
0.00306812
0.0031615
0.00378937
0.00372005
0.00365239
0.00361059
0.00468005
0.00452802
0.00432816
0.00417492
0.00516517
0.00497464
0.00475152
0.00458306
0.0010316
0.00120583
0.00192076
0.00277289
0.00127989
0.00138391
0.00275043
0.00457151
0.00451988
0.00278135
0.00421059
0.00648498
0.0126552
0.00514898
0.00561692
0.00733297
0.000142409
0.000170201
0.0002105
0.000244452
0.000217454
0.000245667
0.000286071
0.000319771
0.000347102
0.000373525
0.000411191
0.000442495
0.000469762
0.000492904
0.000526138
0.000553937
0.000536485
0.000557221
0.000587164
0.000612328
0.000662494
0.000677506
0.000699719
0.000718765
0.000844869
0.000849856
0.000858879
0.000867741
0.000998068
0.000993358
0.000989836
0.000989169
0.000453086
0.000472556
0.000500709
0.000524376
0.000597407
0.000612468
0.000634499
0.000653209
0.000814605
0.000820848
0.000831119
0.00084064
0.00100296
0.00100007
0.000998401
0.000998776
0.00107695
0.0010663
0.0010551
0.0010486
0.00122034
0.00119727
0.00116994
0.00115115
0.00142515
0.00138314
0.00133149
0.00129436
0.00159649
0.00153781
0.00146494
0.00141194
0.0016868
0.00161853
0.00153346
0.00147136
0.00185937
0.00177162
0.00166166
0.00158088
0.00211868
0.00200246
0.00185639
0.00174873
0.00234604
0.00220555
0.00202888
0.00189859
0.00194339
0.00187404
0.00178663
0.00172206
0.00219849
0.00210702
0.00199127
0.00190538
0.00258284
0.00245775
0.00229917
0.00218126
0.00292056
0.00276571
0.00256944
0.00242351
0.0011301
0.00112214
0.00111306
0.00110719
0.00136941
0.00134908
0.0013237
0.00130522
0.00172451
0.00168458
0.00163361
0.00159555
0.00203043
0.00197285
0.00189902
0.00184361
0.00220147
0.00213283
0.00204489
0.00197891
0.00254652
0.00245396
0.00233526
0.00224606
0.0030729
0.00294254
0.00277548
0.00264996
0.00354085
0.00337577
0.00316454
0.00300602
0.00245779
0.00239101
0.00230343
0.00223626
0.00289028
0.00280065
0.00268345
0.00259373
0.00355595
0.00343028
0.00326656
0.00314158
0.0041527
0.00399389
0.00378761
0.00363055
0.00085693
0.000927367
0.0010242
0.00110223
0.000862415
0.000920256
0.00100004
0.00106452
0.000883333
0.000925175
0.000983603
0.00103137
0.000908145
0.000938061
0.000980817
0.0010165
0.00091612
0.000939912
0.000974571
0.00100397
0.000918545
0.000930852
0.000950375
0.000968053
0.000919586
0.000917389
0.000918109
0.000921464
0.000918212
0.000905284
0.000892331
0.000885456
0.000815276
0.000838653
0.000872613
0.000901349
0.000856689
0.000870155
0.000891025
0.000909605
0.000909272
0.000909338
0.000912805
0.000918107
0.000947866
0.000937316
0.000927215
0.000922332
0.000908281
0.000889799
0.000869778
0.000857622
0.000872653
0.000843938
0.00081088
0.000788962
0.000824567
0.000783121
0.000734168
0.000700602
0.000787056
0.000736333
0.000676058
0.0006344
0.000761212
0.000705669
0.000639565
0.000593783
0.000705202
0.000641128
0.000564613
0.000511387
0.000647142
0.000572696
0.000483889
0.000422174
0.000615933
0.000534052
0.000436715
0.000369346
0.000972353
0.000912581
0.00084041
0.000789558
0.00095809
0.000886731
0.000800091
0.00073863
0.000953998
0.000867496
0.000762241
0.000687372
0.000963811
0.000865625
0.000746223
0.000661336
0.00100461
0.000990191
0.000974859
0.000965811
0.00105469
0.00102861
0.000998263
0.000977856
0.00112175
0.00107934
0.00102825
0.000992348
0.001175
0.00111922
0.00105132
0.00100304
0.00119841
0.00113522
0.00105803
0.0010029
0.0012364
0.00115895
0.00106374
0.000995243
0.0013031
0.0012062
0.00108669
0.00100037
0.0013692
0.00125672
0.00111792
0.00101761
0.00143727
0.00137123
0.00128973
0.00123086
0.00153747
0.00145459
0.00135168
0.00127682
0.00169148
0.00158486
0.00145201
0.00135498
0.00182935
0.00170313
0.00154573
0.00143068
0.00233765
0.00245829
0.00261821
0.00274245
0.00200313
0.00208808
0.00220061
0.0022879
0.0016372
0.0016839
0.00174615
0.00179464
0.00140531
0.00142837
0.00145993
0.00148504
0.00129025
0.00130295
0.00132101
0.00133582
0.00107832
0.00107493
0.00107221
0.00107128
0.000840658
0.000821648
0.00079921
0.000783704
0.000686456
0.000659291
0.000626973
0.000604496
0.00121337
0.00123166
0.00125821
0.00128055
0.00106236
0.0010649
0.00107092
0.00107754
0.000886479
0.000872642
0.000857705
0.000848593
0.000766859
0.000743498
0.000716724
0.000699005
0.000606259
0.000576334
0.000540824
0.00051623
0.000456188
0.000423891
0.000386048
0.000360282
0.000294259
0.000262984
0.000227732
0.000204957
0.00019645
0.000169049
0.000140002
0.00012289
0.000148351
0.000124264
0.000100234
8.75176e-05
6.95296e-05
5.4335e-05
4.29719e-05
4.08279e-05
1.50969e-05
1.53165e-05
2.57038e-05
4.15486e-05
1.25756e-05
2.76152e-05
5.87861e-05
9.1716e-05
0.000255779
0.000221483
0.00018416
0.00016126
0.000156597
0.000126431
9.54826e-05
7.82487e-05
6.25634e-05
4.09851e-05
2.28036e-05
1.6579e-05
1.94519e-05
6.9218e-06
1.95091e-06
6.94771e-06
0.000780708
0.000756651
0.00072953
0.000712027
0.000673743
0.000642368
0.000606182
0.0005821
0.000543072
0.000504671
0.000460264
0.000430605
0.000450326
0.000408453
0.000360471
0.000328805
0.000397725
0.000354675
0.000305737
0.000273778
0.000296841
0.000253173
0.000204325
0.000173125
0.000190563
0.000148505
0.000103217
7.5869e-05
0.000130287
9.12738e-05
5.13003e-05
2.90523e-05
0.000568133
0.000518044
0.000459548
0.000419975
0.00048247
0.000427487
0.00036341
0.000320164
0.000389286
0.000329495
0.000260494
0.000214496
0.000333854
0.000271521
0.000200462
0.000153842
0.00391635
0.00394387
0.00396632
0.003973
0.00300892
0.00301723
0.00301636
0.00300654
0.00207112
0.00206201
0.00204106
0.00201794
0.00151443
0.00149684
0.00146686
0.00143836
0.0012627
0.0012419
0.00120882
0.00117882
0.000860606
0.000837038
0.000802244
0.00077243
0.000467447
0.000443717
0.000411013
0.000384609
0.000257578
0.000236126
0.00020786
0.00018598
0.00132955
0.00131664
0.00129536
0.00127537
0.000954437
0.000933033
0.000902154
0.000876009
0.000575939
0.000548841
0.000512489
0.000483712
0.000363634
0.000335881
0.000300056
0.000272759
0.000173326
0.000153801
0.00012896
0.000110435
6.37387e-05
4.99635e-05
3.39741e-05
2.33139e-05
1.9117e-05
1.5012e-05
1.3305e-05
1.4917e-05
5.9399e-05
6.43232e-05
7.55768e-05
8.80547e-05
0.000106067
0.000116477
0.00013563
0.000154758
0.000244526
0.000267065
0.000303032
0.000335867
0.000533872
0.000574125
0.000634866
0.000688052
0.000843596
0.000899088
0.000981195
0.00105197
6.48967e-05
7.04518e-05
8.38376e-05
9.89363e-05
0.000141998
0.000162763
0.000197076
0.000229132
0.000338402
0.000382198
0.000448271
0.000506103
0.000566259
0.000630401
0.000724515
0.000805087
0.000385748
0.000355124
0.000317141
0.000289398
0.000235681
0.000208235
0.000175522
0.000152746
0.000108263
8.92512e-05
6.91141e-05
5.72598e-05
6.27529e-05
5.34106e-05
4.71539e-05
4.69575e-05
5.34398e-05
5.06575e-05
5.37227e-05
6.12955e-05
6.77141e-05
8.02548e-05
0.000104436
0.000129145
0.000166472
0.000202927
0.000260027
0.000311405
0.000306727
0.000364744
0.000451465
0.000526784
8.02918e-05
6.71203e-05
5.70766e-05
5.49081e-05
4.03359e-05
4.00943e-05
4.80353e-05
6.05797e-05
5.19518e-05
7.26806e-05
0.000109673
0.000145879
0.000112241
0.000152348
0.000216095
0.000274011
0.00273319
0.002554
0.00232266
0.0021481
0.00204042
0.0019118
0.001745
0.00161875
0.00134451
0.00126624
0.00116435
0.0010872
0.000948373
0.000899028
0.000834706
0.000786227
0.000773663
0.00073693
0.000689092
0.000653204
0.00049913
0.000480112
0.000455742
0.000438019
0.000252869
0.000250102
0.00024754
0.000246915
0.000141774
0.000146934
0.000155129
0.000163044
0.000909501
0.000875614
0.000828491
0.000790881
0.000572298
0.000553566
0.000527387
0.000506639
0.000265433
0.000261257
0.000255495
0.000251407
0.000122125
0.000125734
0.000130946
0.000135869
0.000103062
0.000110504
0.0001221
0.00013289
6.87964e-05
7.7049e-05
9.03779e-05
0.000102943
0.000109654
0.000114431
0.000124127
0.000134514
0.000205261
0.000203921
0.000206327
0.000211591
0.000276126
0.000269657
0.000265931
0.00026687
0.00045363
0.000434735
0.000415467
0.00040493
0.000783441
0.000743326
0.00069757
0.000667509
0.00111555
0.00105493
0.000983551
0.000934606
0.000260852
0.000261738
0.000267568
0.000275853
0.000468538
0.000461567
0.000457824
0.000459217
0.000851288
0.000830408
0.000809804
0.000799137
0.00123536
0.00120074
0.00116343
0.0011408
6.80812e-05
6.7541e-05
6.74946e-05
6.83489e-05
7.96964e-06
1.10704e-05
1.69555e-05
2.32259e-05
3.59198e-05
4.21956e-05
5.36113e-05
6.51375e-05
0.000137647
0.000145152
0.000159092
0.000173222
0.000219874
0.000227226
0.000241605
0.000256534
0.000431392
0.000437807
0.000451707
0.000466802
0.000825402
0.000828781
0.00084014
0.000854318
0.00122328
0.00122286
0.0012306
0.00124298
0.000163207
0.000174156
0.000193536
0.000212511
0.00034989
0.000367193
0.000395727
0.000422395
0.000710148
0.000735888
0.00077699
0.000814509
0.00108093
0.00111335
0.00116459
0.001211
0.000507447
0.000435588
0.000350432
0.000291703
0.000413663
0.000356823
0.000289898
0.000244062
0.000319974
0.000278929
0.000231316
0.000199244
0.000269659
0.000237849
0.000201638
0.000177779
0.000245288
0.000217654
0.000186573
0.000166379
0.00019836
0.000178192
0.000156166
0.000142376
0.000158116
0.000144586
0.000130659
0.000122637
0.000142633
0.000131945
0.000121528
0.000116038
0.000362243
0.0003275
0.000287542
0.000260939
0.000276339
0.000252641
0.000226292
0.000209487
0.000201341
0.000187445
0.000173238
0.000165232
0.000170602
0.000160968
0.000152097
0.000148004
0.000134361
0.000124788
0.000115729
0.000111208
0.000115906
0.000107741
0.000100327
9.69275e-05
0.000111079
0.000102052
9.35176e-05
8.92804e-05
0.000121437
0.000109764
9.79791e-05
9.14214e-05
0.00012749
0.000114057
0.000100082
9.19424e-05
0.000140793
0.000122981
0.000103406
9.109e-05
0.000183351
0.000157127
0.000126988
0.000106926
0.000234808
0.000200184
0.00015959
0.000131936
0.000177657
0.00016146
0.000144591
0.000134802
0.000218178
0.000194285
0.000167708
0.00015074
0.000310555
0.000272654
0.000228503
0.000198615
0.00041159
0.00035987
0.000298449
0.000255928
0.00016044
0.000157483
0.000156913
0.000159054
0.00013344
0.000131376
0.000132083
0.000135256
0.000147375
0.000141901
0.000138533
0.000138841
0.000194541
0.000183008
0.000172197
0.000167136
0.000226981
0.000210865
0.00019451
0.000185522
0.00030828
0.000280812
0.000250203
0.000230687
0.000472779
0.000425407
0.000369804
0.000331839
0.00064471
0.000577917
0.000497951
0.000442038
0.000263205
0.000250551
0.000238814
0.000233561
0.000394019
0.000367882
0.000339219
0.000321441
0.000643985
0.000594736
0.000537041
0.000497771
0.000898941
0.000827333
0.000741549
0.000681495
3.3466e-06
1.39636e-06
3.48998e-07
6.3856e-07
6.34271e-06
3.23112e-06
8.71748e-07
4.11337e-07
1.14573e-05
6.36478e-06
2.29091e-06
1.09694e-06
1.62528e-05
9.07642e-06
3.70878e-06
2.24928e-06
1.77116e-05
9.85356e-06
3.55645e-06
1.83266e-06
1.978e-05
1.09101e-05
3.61729e-06
1.30791e-06
2.27805e-05
1.26057e-05
4.03167e-06
9.66894e-07
2.52429e-05
1.41386e-05
4.62195e-06
9.78315e-07
5.19133e-05
4.09693e-05
2.9511e-05
2.26615e-05
5.32625e-05
4.2784e-05
3.17761e-05
2.51389e-05
5.61712e-05
4.59493e-05
3.51734e-05
2.86179e-05
5.9237e-05
4.89348e-05
3.80482e-05
3.13905e-05
2.57859e-05
1.45296e-05
4.73295e-06
8.76521e-07
2.3175e-05
1.27746e-05
3.86737e-06
5.81718e-07
1.99379e-05
1.08357e-05
3.20466e-06
6.93955e-07
1.76243e-05
9.59232e-06
3.01831e-06
1.1321e-06
1.56424e-05
8.47697e-06
3.11568e-06
1.75517e-06
9.42974e-06
5.02084e-06
1.56512e-06
7.35869e-07
3.65956e-06
1.66334e-06
2.85684e-07
3.01189e-07
1.20599e-06
2.91401e-07
1.21219e-07
7.73826e-07
3.9128e-05
3.16272e-05
2.40489e-05
1.97184e-05
2.77526e-05
2.16019e-05
1.55819e-05
1.22912e-05
1.73151e-05
1.19483e-05
7.03686e-06
4.71102e-06
1.28623e-05
7.51643e-06
2.92779e-06
1.13027e-06
8.26729e-05
7.4994e-05
6.72994e-05
6.29964e-05
7.34519e-05
6.68808e-05
6.04368e-05
5.69586e-05
6.54982e-05
5.93652e-05
5.34066e-05
5.02555e-05
6.2319e-05
5.57851e-05
4.93717e-05
4.59408e-05
5.89138e-05
5.19875e-05
4.51729e-05
4.15332e-05
4.90313e-05
4.15076e-05
3.39539e-05
2.98015e-05
4.54581e-05
3.5694e-05
2.55235e-05
1.96483e-05
4.98877e-05
3.73839e-05
2.40529e-05
1.61142e-05
8.66112e-05
7.70662e-05
6.73859e-05
6.19676e-05
8.44514e-05
7.27008e-05
6.01681e-05
5.26152e-05
9.73722e-05
8.09146e-05
6.25104e-05
5.07053e-05
0.000119022
9.76929e-05
7.32982e-05
5.72138e-05
