FiniteElementSpace
FiniteElementCollection: H1_2D_P2
VDim: 2
Ordering: 0

0
1.01409
1.99194
2.93742
3.8601
4.7711
5.687
6.62665
7.59346
0
0.901161
1.81241
2.74929
3.72848
4.7601
5.80929
6.82334
7.80514
0.509595
0.959342
0.450525
0
1.5077
1.9027
1.35428
2.46811
2.84209
2.27681
3.40101
3.79155
3.23237
4.31618
4.76397
4.23854
5.22715
5.74887
5.2866
6.15315
6.72562
6.32182
7.10691
7.6992
7.31663
0.484421
1.4321
2.37215
3.31451
4.27476
5.2566
6.23843
7.21193
0.253652
0.496593
0.244608
0
1.26215
1.4687
1.19601
0.985709
2.23096
2.41851
2.13748
1.94596
3.16986
3.35553
3.07785
2.88781
4.08841
4.29369
4.03234
3.82356
4.99883
5.24255
5.0101
4.76684
5.91917
6.1976
5.99402
5.71958
6.86597
7.16032
6.96879
6.67754
0.763301
0.72219
0.931972
0.675854
0.469854
0.22511
0
1.75091
1.66763
1.85922
1.58265
1.39499
1.12718
2.70355
2.60694
2.79699
2.51189
2.32596
2.04373
3.63104
3.55233
3.76082
3.47868
3.27453
2.98934
4.54365
4.51872
4.76192
4.4982
4.25705
3.98182
5.45643
5.50299
5.77794
5.54893
5.27091
5.02328
6.389
6.48223
6.77336
6.57381
6.27886
6.06702
7.34951
7.64652
7.45529
7.75182
7.56112
7.26338
7.07083
0.249267
1.22796
2.18274
3.12175
4.05828
5.00445
5.95843
6.91855
0.74195
0.700733
0.238716
1.708
1.62688
1.16339
2.65347
2.56081
2.09218
3.58939
3.51646
3.0348
4.52988
4.50862
4.0077
5.48096
5.52502
5.01628
6.43726
6.52681
6.02927
7.40296
7.50751
7.01879
0.125965
0.251536
0.124737
0
1.13845
1.24458
1.10702
0.99944
2.11169
2.20628
2.06449
1.96842
3.05381
3.14506
3.00482
2.91192
3.97433
4.07263
3.94084
3.84106
4.88491
5.00168
4.88557
4.76877
5.80287
5.93947
5.83897
5.70391
6.74611
6.89268
6.79795
6.65261
0.636817
0.752212
0.619485
0.502846
0.603427
0.711826
0.585232
0.477587
0.12307
0.241898
0.120927
0
1.62959
1.72895
1.58853
1.48771
1.54993
1.64749
1.51089
1.41379
1.07774
1.17996
1.04766
0.945954
2.58603
2.67786
2.53608
2.44271
2.48952
2.58402
2.44323
2.34922
2.02012
2.11502
1.97561
1.88117
3.51615
3.60942
3.47243
3.37749
3.43326
3.53444
3.39521
3.29459
2.95987
3.05642
2.91567
2.81966
4.42993
4.53634
4.41169
4.30434
4.39656
4.51363
4.38258
4.26589
3.91174
4.02002
3.88394
3.77621
5.34165
5.46918
5.36172
5.23513
5.37984
5.51388
5.39807
5.26365
4.88695
5.0131
4.88901
4.76288
6.27084
6.41373
6.31736
6.17603
6.36039
6.5044
6.40302
6.25851
5.87154
6.01151
5.90382
5.76327
7.228
7.37642
7.28153
7.13394
7.33357
7.48132
7.38547
7.23757
6.84722
6.99369
6.8962
6.74938
0.381795
0.373204
0.490564
0.364924
0.246969
0
1.38523
1.34852
1.45029
1.31413
1.21189
0.97248
2.34976
2.30074
2.39512
2.25482
2.15993
1.92417
3.28559
3.23865
3.33469
3.19605
3.0995
2.86467
4.20234
4.17589
4.28395
4.15335
4.04499
3.80722
5.1129
5.12345
5.24962
5.13333
5.00723
4.76527
6.03592
6.07796
6.21824
6.11631
5.97644
5.73441
6.98623
7.03933
7.18625
7.09036
6.94383
6.70177
0.889054
0.86402
0.840819
0.73209
0.816327
0.917142
0.788451
0.68881
0.563268
0.460819
0.354522
0.337671
0.233315
0.113884
0
1.87169
1.82714
1.78522
1.68768
1.74299
1.83644
1.69735
1.60541
1.4683
1.37529
1.27916
1.24059
1.14592
1.01406
2.82067
2.7707
2.72445
2.62996
2.67871
2.77367
2.63028
2.5369
2.39408
2.30196
2.20895
2.16004
2.06855
1.92787
3.74567
3.70642
3.67175
3.57051
3.63833
3.74503
3.60313
3.49801
3.3551
3.25392
3.1544
3.11046
3.01257
2.86896
4.65736
4.64827
4.64121
4.52409
4.63509
4.76102
4.62893
4.50353
4.36804
4.24802
4.13208
4.10977
3.99507
3.85471
5.57153
5.60024
5.62601
5.4921
5.65166
5.79319
5.67942
5.53663
5.41796
5.27852
5.14361
5.15499
5.01966
4.8916
6.50761
6.55731
6.60396
6.45995
6.65025
6.7979
6.69885
6.54982
6.44815
6.29984
6.15428
6.19479
6.04766
5.93852
7.47136
7.62006
7.52464
7.67293
7.57715
7.42921
7.72545
7.62959
7.77831
7.68309
7.53404
7.439
7.28964
7.14117
7.19392
7.04439
6.94731
0.125513
1.12227
2.08754
3.02859
3.95684
4.88516
5.82157
6.7725
0.627799
0.594741
0.122185
1.60856
1.53065
1.06298
2.56043
2.46653
1.99806
3.4935
3.41429
2.93788
4.42029
4.38954
3.89786
5.35207
5.38884
4.88791
6.29473
6.38158
5.88755
7.25502
7.35944
6.87161
0.377408
0.369125
0.123942
1.36639
1.33122
1.09231
2.32467
2.27758
2.04213
3.26135
3.21703
2.98206
4.18846
4.16432
3.92596
5.11834
5.1284
4.88618
6.05762
6.09736
5.85546
7.01316
7.06498
6.82276
0.876093
0.852406
0.611506
0.828899
0.802927
0.574781
0.360159
0.346962
0.119127
1.84889
1.80603
1.5691
1.76432
1.7208
1.49024
1.2969
1.26052
1.03147
2.79502
2.74732
2.51257
2.70172
2.65504
2.41922
2.23206
2.18508
1.95235
3.72526
3.68874
3.45251
3.65508
3.62114
3.37561
3.17531
3.13292
2.89284
4.6525
4.64457
4.40388
4.63809
4.63207
4.37548
4.1427
4.1212
3.86967
5.58645
5.61329
5.37087
5.63871
5.66515
5.40772
5.13837
5.14913
4.89025
6.53302
6.58084
6.3391
6.62699
6.67408
6.42509
6.13516
6.17404
5.92071
7.49811
7.55098
7.30765
7.6033
7.65613
7.41191
7.11567
7.16715
6.92132
0
0.0552535
0.21593
0.410811
0.582916
0.665896
0.609416
0.437729
0.224056
1
1.09095
1.23993
1.42887
1.60215
1.68306
1.61032
1.42165
1.20159
0.00743834
0.561581
1.04652
0.5
0.127817
0.723179
1.1573
0.312502
0.922275
1.33253
0.503659
1.10295
1.52174
0.639762
1.19033
1.65944
0.655798
1.12258
1.66632
0.533268
0.934579
1.52453
0.331944
0.713351
1.31138
0.512398
0.634372
0.821256
1.0191
1.16349
1.17652
1.03759
0.823573
-0.00205837
0.256145
0.499499
0.25
0.0891084
0.378857
0.595507
0.305349
0.263577
0.566193
0.771449
0.468072
0.458403
0.762689
0.971716
0.666767
0.614693
0.905395
1.13681
0.845493
0.665535
0.920542
1.18869
0.932634
0.574444
0.78745
1.08315
0.869352
0.385659
0.578006
0.879621
0.687123
0.0274496
0.533583
0.82351
1.06588
0.776212
1.03161
0.75
0.170392
0.67722
0.98066
1.19699
0.89397
1.12167
0.36187
0.871812
1.17654
1.38065
1.07693
1.28536
0.545531
1.06327
1.35527
1.56414
1.27231
1.47626
0.657111
1.18168
1.44036
1.67602
1.41481
1.63438
0.63688
1.15418
1.36957
1.6428
1.42503
1.67988
0.487275
0.987586
1.17951
1.47451
1.28335
1.57034
0.277639
0.468641
0.767541
0.957588
1.25586
1.0681
1.36699
0.245661
0.339676
0.516419
0.715803
0.878945
0.931689
0.831477
0.633216
0.276973
0.796699
0.76027
0.421945
0.935729
0.856244
0.616591
1.12673
1.02798
0.80632
1.31602
1.22542
0.923634
1.4324
1.38866
0.89948
1.4019
1.43797
0.738876
1.23288
1.32948
0.522594
1.01197
1.12431
-0.00255306
0.12093
0.245777
0.125
0.0715029
0.213716
0.321839
0.179518
0.239543
0.389678
0.492019
0.341591
0.434836
0.587239
0.69149
0.53879
0.599578
0.747666
0.863012
0.714858
0.666885
0.799911
0.93342
0.800544
0.592788
0.703639
0.851282
0.740279
0.411943
0.509528
0.660388
0.562612
0.0163142
0.151301
0.265502
0.130785
0.522087
0.66438
0.785677
0.643351
0.49782
0.628847
0.754389
0.625
0.148679
0.295672
0.399968
0.252753
0.655355
0.806099
0.914402
0.763684
0.577865
0.725284
0.839197
0.691864
0.337185
0.489112
0.591367
0.439124
0.846492
0.999356
1.10178
0.949061
0.747075
0.899568
1.00407
0.851659
0.525087
0.67639
0.784986
0.633465
1.04166
1.19019
1.29464
1.14614
0.947187
1.09889
1.20116
1.04961
0.649462
0.791555
0.915603
0.77361
1.17371
1.30793
1.42475
1.28998
1.12069
1.26349
1.37278
1.22977
0.647459
0.769271
0.911197
0.789404
1.16657
1.27889
1.41469
1.30168
1.19081
1.31425
1.44049
1.31626
0.510777
0.613386
0.763639
0.660835
1.01304
1.11068
1.25856
1.16103
1.10374
1.20699
1.35039
1.24684
0.304764
0.400052
0.550236
0.45498
0.795467
0.889834
1.03993
0.945982
0.907293
1.0022
1.15209
1.05738
0.00110135
0.249447
0.383348
0.504817
0.371842
0.375
0.107918
0.358719
0.506079
0.614385
0.466956
0.432722
0.287932
0.541179
0.693602
0.79621
0.643704
0.595292
0.481388
0.739584
0.89126
0.995735
0.843994
0.79463
0.628135
0.893119
1.03532
1.15113
1.00864
0.97486
0.661839
0.927372
1.04952
1.1839
1.06121
1.06249
0.554535
0.810128
0.913053
1.06102
0.957983
0.996765
0.35894
0.605718
0.700896
0.85168
0.756607
0.81114
0.040501
0.290335
0.54678
0.404416
0.809322
0.956509
1.07766
0.930517
1.05553
0.910754
0.767813
1.03858
0.894841
1.02061
0.875
0.192846
0.444681
0.699862
0.549147
0.957848
1.11011
1.2181
1.06604
1.17669
1.02518
0.874548
1.13893
0.988364
1.10564
0.38645
0.641764
0.897112
0.744191
1.15169
1.30299
1.40479
1.25386
1.35651
1.20478
1.0523
1.30877
1.1566
1.26237
0.564856
0.826541
1.08375
0.935295
1.33629
1.47942
1.58379
1.4407
1.54341
1.39753
1.24918
1.49931
1.35124
1.45273
0.66262
0.929331
1.18724
1.05362
1.43764
1.56264
1.68084
1.55511
1.6689
1.53798
1.40272
1.64792
1.51231
1.61909
0.62416
0.885467
1.13945
1.02774
1.38681
1.49075
1.62764
1.52322
1.65581
1.54659
1.43281
1.67444
1.55986
1.68283
0.462863
0.713327
0.961387
0.863636
1.20648
1.30094
1.44836
1.35416
1.49995
1.40452
1.30706
1.54807
1.45061
1.5912
0.25063
0.346264
0.495323
0.591029
0.740091
0.645112
0.835547
0.984461
1.07957
1.22848
1.13395
1.28351
1.18989
1.09627
1.33924
1.24591
1.39449
0.12118
0.195943
0.365415
0.563231
0.732045
0.801447
0.722822
0.536304
0.139947
0.653035
0.62541
0.273783
0.784447
0.707893
0.464104
0.974159
0.875368
0.655413
1.16864
1.07443
0.783642
1.30009
1.24744
0.780495
1.2915
1.31657
0.637601
1.1363
1.22778
0.427472
0.917812
1.02998
0.124333
0.376265
0.371314
0.23269
0.485967
0.449163
0.414283
0.668518
0.619265
0.610698
0.867959
0.819509
0.761567
1.02295
0.992555
0.795878
1.05665
1.06314
0.682908
0.936178
0.978244
0.482377
0.728845
0.784078
0.164572
0.417756
0.39289
0.677329
0.942743
0.919895
0.635228
0.902481
0.885466
0.31831
0.571887
0.527176
0.828537
1.08772
1.04516
0.743926
1.00621
0.971761
0.514048
0.769487
0.718863
1.02454
1.27847
1.22925
0.924165
1.18053
1.1331
0.696256
0.955716
0.913757
1.21062
1.4607
1.41959
1.12284
1.3747
1.32728
0.797211
1.05928
1.04558
1.31335
1.56015
1.5477
1.27772
1.52614
1.49668
0.755808
1.01331
1.03983
1.26394
1.50805
1.53614
1.30927
1.55455
1.56258
0.588343
0.837703
0.888811
1.08433
1.32783
1.37978
1.18466
1.42821
1.47154
0.372912
0.617738
0.672926
0.862343
1.10648
1.16182
0.974167
1.21796
1.2736
