FiniteElementSpace
FiniteElementCollection: H1_2D_P2
VDim: 2
Ordering: 0

0
0.00363195
-0.00694204
-0.0068233
0.00469644
0.0162584
0.0241193
0.0281339
0.0307991
0
-0.0115471
-0.0108826
-0.00187153
-0.00204888
-0.0082684
-0.00213698
0.0103154
0.0165981
0.00498688
-0.00343996
-0.00696881
0
-0.00181641
-0.00973298
-0.0130225
-0.00887308
-0.00431604
-0.00630863
-0.0017212
0.00168798
-0.000141392
0.0109228
0.00342897
-0.00587939
0.0206359
0.0107957
-0.00692724
0.0266015
0.0196105
0.0042906
0.0294059
0.0240898
0.0144249
0.000305781
-0.00789597
-0.00813623
-0.000475711
0.00237408
0.00631216
0.0156256
0.0223256
0.00294913
0.00223825
0.000492616
0
0.00112427
-0.00522531
-0.00584714
-0.000270827
-0.00840377
-0.00838782
-0.00932588
-0.00853118
-0.00455131
-0.000587755
-0.00226046
-0.00516287
0.00789737
0.00647935
0.00211935
0.00348277
0.0185605
0.0129828
0.0046175
0.00933823
0.0254953
0.0211183
0.0132531
0.0171956
0.0287508
0.0261212
0.0211156
0.0240903
0.00509346
-0.00117568
-0.00689267
-0.00957741
-0.00201292
-0.00385007
0
-0.00464771
-0.00924906
-0.0105814
-0.0123747
-0.0104004
-0.0127357
-0.00831925
-0.00637418
-0.00346881
-0.00389288
-0.00763826
-0.00875817
0.00143325
0.000856633
-0.000230476
-0.000684549
-0.000533006
-0.000553381
0.0137151
0.00272909
-0.00224713
-0.00745406
-0.00165714
-0.00392446
0.0224918
0.00842303
0.0044844
-0.00486538
-0.000129799
-0.0081033
0.027456
0.0177737
0.0149559
0.00747224
0.0100598
0.0010022
0.0301184
0.0276137
0.0232993
0.0203648
0.0156919
0.0183255
0.0126528
0.00129671
-0.00274446
-0.00891095
-0.0029132
0.00507972
0.0110492
0.0192465
0.0251962
0.00160264
-0.00441473
-0.000341741
-0.00725433
-0.0109425
-0.00899224
-0.00707217
-0.00554865
-0.0094114
0.00158901
-5.02867e-05
-0.00171427
0.00784597
-0.00221815
-0.000873528
0.0150685
0.00194659
-0.00156116
0.0227407
0.0126733
0.00726335
0.0269285
0.0194713
0.0168375
0.00109902
0.00195789
0.000460933
0
0.00246031
-0.000959173
-0.00147336
0.00152952
-0.00779501
-0.00865951
-0.00883548
-0.00779387
-0.00577008
-0.00355127
-0.00406327
-0.00584
0.00631336
0.00652144
0.00431323
0.00419965
0.017439
0.0146159
0.0101643
0.0126229
0.0248405
0.0223235
0.0182373
0.0205636
0.0284433
0.0270576
0.0246702
0.0261826
0.00525498
0.00320206
0.00210919
0.00346308
-0.000292797
-0.00266396
-0.00316816
-0.000704259
0.000195837
0.000146526
-0.000126666
0
-0.00328401
-0.00605401
-0.00631852
-0.00365496
-0.00867209
-0.0101225
-0.0107836
-0.00914322
-0.0046588
-0.00737408
-0.00800932
-0.00507498
-0.00872257
-0.00758646
-0.00781727
-0.00857492
-0.0073097
-0.00601803
-0.0066131
-0.00794919
-0.00963515
-0.00942837
-0.0100864
-0.0102055
-0.000168701
0.00167443
0.000529571
-0.000968114
0.000252604
0.00039291
-0.000202695
-0.000525303
-0.00326993
-0.00202084
-0.00253352
-0.00393862
0.0123498
0.0106526
0.0071555
0.00864807
0.00252178
0.000264667
-0.00198727
0.000365693
0.001941
0.000626517
-0.000512166
0.00072665
0.0215914
0.0186424
0.0140132
0.0166365
0.00732438
0.00519725
0.000837826
0.00310226
0.00395836
0.0015386
-0.0019992
0.000600963
0.0270579
0.0251381
0.021963
0.0238583
0.0167342
0.0152361
0.0114002
0.0128577
0.0120247
0.0102737
0.00585803
0.00765427
0.0297575
0.0285877
0.0265368
0.027843
0.0228386
0.021393
0.0189375
0.0203326
0.0204029
0.0189837
0.0159477
0.0172926
0.00425533
0.00195981
0.00122994
0.000552403
0.000871051
0
-0.000337956
-0.00401668
-0.00661121
-0.00693933
-0.00433825
-0.0018872
-0.00877028
-0.0087566
-0.00826313
-0.00881645
-0.00914217
-0.00917336
-0.00318953
-0.00174443
-0.000469479
-0.00132083
-0.00252849
-0.00469539
0.0094367
0.00579377
0.00440317
0.00225112
0.00360595
0.00261952
0.019626
0.0119915
0.00958084
0.00540535
0.00776153
0.00631731
0.0260828
0.0202098
0.0183758
0.0144594
0.0162341
0.0139602
0.0290698
0.0256771
0.0242668
0.0217537
0.0231976
0.0218847
0.00452606
0.000779932
-0.00225133
0.000185251
-0.00567187
-0.00902686
-0.010649
-0.00667573
-0.00834316
-0.00402471
-0.00103053
-0.00546347
-0.00144646
-0.00188899
0
-0.00589046
-0.0079985
-0.00960253
-0.00830236
-0.0108708
-0.0108208
-0.0117288
-0.0116987
-0.012817
-0.0116906
-0.00979447
-0.0129989
-0.0107677
-0.0122481
-0.00767997
-0.00617587
-0.00536303
-0.0067003
-0.00448721
-0.00281002
-0.00281365
-0.00487027
-0.00507711
-0.00711826
-0.00858354
-0.00755712
-0.00920915
-0.00988737
0.00306408
0.00257401
0.00133097
0.00127678
-6.64251e-05
-0.00116223
-0.00127394
-0.000424479
-0.000292532
-0.000427345
-0.00104104
-0.000224001
-0.00125269
-0.00110833
0.0150179
0.0085686
0.00302409
0.0052381
-0.00231436
-0.00518313
-0.00797644
-0.00477475
-0.00674108
-0.00372883
-0.00127065
-0.00491872
-0.00238842
-0.00294297
0.0233353
0.0161343
0.00958755
0.0116923
0.00317122
0.00123717
-0.003569
-0.00138773
-0.0059961
-0.00345101
-0.000935131
-0.00763927
-0.00475285
-0.0083174
0.0278114
0.0234486
0.0187335
0.0202783
0.0138622
0.0126262
0.00895051
0.0100868
0.00591212
0.00721117
0.00867285
0.00264554
0.00418503
-0.000601511
0.0304712
0.0292594
0.0272936
0.0258921
0.0237152
0.0251554
0.0222373
0.0199393
0.0184733
0.0161783
0.0175643
0.0151132
0.0163467
0.0176278
0.0136089
0.014719
0.0115552
0.000669607
0.000343754
-0.00834452
-0.00474755
0.00538656
0.0136155
0.0214681
0.0266359
0.00353679
-0.00158592
9.54884e-05
-0.00491997
-0.00973969
-0.00626549
-0.00818632
-0.0070213
-0.00991575
0.000358464
9.50625e-06
-0.00294165
0.00965967
0.000275577
0.000715283
0.0176454
0.00409278
0.000989837
0.0245301
0.0140812
0.0089563
0.0282195
0.0208953
0.0181834
0.00295589
0.00121468
0.000325593
-0.00231892
-0.0055249
-0.00310266
-0.00873591
-0.00879924
-0.00926848
-0.00228058
-0.00147099
-0.00361437
0.00760487
0.00401375
0.00314801
0.0156249
0.008628
0.00699089
0.0231219
0.0173287
0.0151053
0.0274571
0.0237585
0.0225753
0.00250495
-0.000763867
0.000875893
-0.0038482
-0.00790663
-0.00536026
-0.000107264
-0.00270024
-0.000418572
-0.00702457
-0.00884736
-0.00754675
-0.0102752
-0.0113646
-0.0118104
-0.00834232
-0.0113393
-0.00998638
-0.00679517
-0.00573537
-0.00755244
-0.00497687
-0.00379611
-0.00599321
-0.00876167
-0.00820567
-0.0100939
0.00295872
0.00199772
0.000450612
0.000626238
-0.00071085
-0.000322215
-0.00120806
-0.000738036
-0.00195129
0.0116377
0.00573718
0.00480131
0.000364567
-0.00507645
-0.00431318
0.000495755
-0.00306965
-0.00173406
0.0196184
0.0128161
0.010608
0.0063927
-0.000131104
-0.00250416
0.00224581
-0.00420803
-0.0050803
0.0256865
0.0211194
0.0193614
0.0163088
0.0114081
0.00868135
0.0115815
0.00570372
0.00268642
0.0289401
0.0255449
0.0247304
0.021836
0.0180477
0.0170018
0.0196977
0.0155892
0.0137321
0
0.0254235
0.0397372
0.0362829
0.0370357
0.0579339
0.0869244
0.107871
0.1203
0
0.0186761
0.0356146
0.0344796
0.030661
0.0508987
0.0845022
0.108265
0.123217
0.012616
0.0223182
0.00822967
0
0.0353407
0.0389661
0.028858
0.0391684
0.0351323
0.0371902
0.0345632
0.0317082
0.0308204
0.0451321
0.053065
0.0373549
0.0727431
0.0861512
0.0679397
0.0988991
0.108755
0.0981793
0.114364
0.121812
0.115872
0.00905881
0.0332254
0.0389493
0.0313091
0.0391253
0.0700017
0.0993371
0.115387
0.00690117
0.0103192
0.00327319
0
0.0309961
0.0343346
0.0282873
0.0235419
0.0399434
0.0394299
0.0396118
0.0396901
0.0350635
0.0326608
0.0329483
0.035847
0.0403808
0.0413679
0.0344802
0.0336979
0.0652751
0.0713424
0.0614252
0.0550456
0.0932546
0.0994238
0.0931938
0.0867769
0.111319
0.114919
0.112271
0.108516
0.0190609
0.0157258
0.0210573
0.0132838
0.00865612
0.00403654
0
0.0382563
0.0368383
0.0376496
0.0328283
0.0316043
0.0240086
0.0378012
0.0373071
0.0345597
0.036208
0.0381265
0.0370607
0.0351361
0.0307469
0.0307145
0.0300369
0.0306274
0.0324949
0.0510912
0.0454553
0.0517231
0.0434258
0.0378519
0.0330559
0.0800336
0.0783499
0.0853468
0.0764754
0.0688531
0.0592538
0.103772
0.10451
0.108679
0.103648
0.0988944
0.0917828
0.117296
0.121032
0.11846
0.122519
0.119478
0.11571
0.112237
0.00446998
0.0294984
0.0401675
0.0339522
0.0366594
0.0631161
0.0935204
0.111915
0.0169261
0.0148924
0.00291131
0.037768
0.0353114
0.0267472
0.0378391
0.0366552
0.0385515
0.0324462
0.0299195
0.0323605
0.0476283
0.0441142
0.0333292
0.0793226
0.077365
0.0601511
0.104413
0.104248
0.0925715
0.11787
0.118998
0.11239
0.00395355
0.00552109
0.00214515
0
0.0283577
0.0301856
0.0266383
0.0243698
0.0399934
0.0401812
0.0400962
0.039816
0.0356058
0.0345122
0.0348549
0.0361288
0.0385264
0.0382721
0.0349629
0.0351568
0.0615669
0.0641325
0.0590318
0.0563502
0.0901676
0.0934887
0.0902442
0.0869374
0.109666
0.111649
0.110286
0.108256
0.0157975
0.0178531
0.0135795
0.0113319
0.0123604
0.0153086
0.0117434
0.00876877
0.00128495
0.00299635
0.000931729
0
0.0369958
0.0380705
0.0362365
0.0348377
0.0352069
0.0361701
0.0336152
0.0325146
0.0254051
0.0276067
0.0239782
0.0217458
0.0385348
0.0379256
0.0387123
0.0394258
0.0382231
0.0369746
0.0374982
0.0385645
0.0394636
0.0391378
0.038276
0.0383877
0.0346936
0.0336466
0.0323946
0.0335437
0.0308658
0.030223
0.0301136
0.0308735
0.0340076
0.0325838
0.0334391
0.0348058
0.0479808
0.0491526
0.0443295
0.0430028
0.0421041
0.044696
0.0407854
0.0383848
0.0328627
0.0337911
0.0317829
0.0310951
0.076425
0.0797336
0.0753809
0.0720479
0.0742258
0.0778498
0.0731578
0.0693992
0.0571864
0.0607386
0.0558701
0.0523238
0.101438
0.10418
0.102032
0.0992627
0.102043
0.104419
0.101692
0.099152
0.0897755
0.0929088
0.0890649
0.08576
0.115824
0.117574
0.116383
0.114647
0.116909
0.118738
0.117339
0.115569
0.110584
0.112361
0.110605
0.108755
0.00962443
0.0072472
0.00957201
0.00599197
0.00376312
0
0.0333549
0.0320787
0.0338127
0.0309024
0.0288878
0.0228805
0.0396621
0.0399281
0.0392522
0.0394239
0.0399646
0.0394023
0.0346957
0.033201
0.0319084
0.0320281
0.0334147
0.035494
0.0425913
0.0388079
0.0401029
0.0365788
0.0354204
0.0325646
0.0690137
0.067236
0.0706531
0.0657164
0.0622155
0.0539636
0.0961703
0.0965813
0.0994363
0.0963821
0.0934077
0.0865
0.112873
0.113444
0.115169
0.113855
0.112122
0.108678
0.0223165
0.0202848
0.0190669
0.0162325
0.0180026
0.0200896
0.0159556
0.0142819
0.0106848
0.00852835
0.00568567
0.00597188
0.00327193
0.00207673
0
0.0391817
0.0389159
0.0380877
0.037363
0.0366576
0.0367376
0.0343931
0.0342191
0.0309825
0.0304171
0.0292969
0.0265234
0.0255909
0.0213752
0.0370323
0.036861
0.0362541
0.0376114
0.0356554
0.0344374
0.0354135
0.0363897
0.0368266
0.0376644
0.0384903
0.0372914
0.0378629
0.0365189
0.0359074
0.0328738
0.0310188
0.0314837
0.0301051
0.0305648
0.0301278
0.0298486
0.0302701
0.0305973
0.031401
0.031576
0.0323167
0.0334849
0.0544271
0.051225
0.0491337
0.0464187
0.0477815
0.0512504
0.0470082
0.043693
0.040171
0.0375094
0.0353563
0.0349488
0.0330825
0.0316016
0.0835388
0.0831261
0.0823324
0.0788485
0.0814392
0.0849253
0.0805793
0.0769052
0.0722598
0.0683665
0.0645002
0.0635925
0.0596576
0.0549995
0.105918
0.106566
0.106738
0.104514
0.106569
0.108521
0.10606
0.103995
0.101037
0.0985718
0.0958519
0.0951064
0.0921952
0.0882563
0.118779
0.120646
0.119413
0.121428
0.120086
0.118168
0.122176
0.12072
0.122859
0.121323
0.119241
0.117659
0.11581
0.114076
0.114076
0.112351
0.110317
0.00284729
0.0274073
0.0401589
0.0352664
0.0365132
0.0601978
0.0903012
0.110022
0.0145488
0.0120093
0.00104645
0.0366437
0.0345095
0.0247678
0.0387408
0.0378706
0.0389383
0.0334385
0.0303867
0.0336675
0.0459247
0.0413485
0.0322077
0.075935
0.0736738
0.0564683
0.10183
0.101906
0.0894389
0.116101
0.117138
0.11063
0.00830069
0.00650011
0.00164408
0.0326833
0.031505
0.0259944
0.039922
0.039746
0.0398557
0.0339182
0.0325585
0.0344161
0.0404485
0.037545
0.0337671
0.068097
0.0664395
0.0580354
0.0964779
0.0965359
0.0900541
0.113177
0.113673
0.110472
0.0211708
0.0196037
0.0128609
0.0185664
0.0171925
0.0113625
0.00572295
0.00578007
0.00109515
0.0391284
0.0385699
0.0357689
0.0374608
0.0356511
0.0324652
0.0301958
0.0281093
0.0228962
0.037033
0.0365798
0.0385192
0.0359311
0.0354708
0.0371426
0.0389987
0.0379203
0.0374767
0.0342126
0.0318193
0.0315348
0.0304483
0.0299926
0.030065
0.0316313
0.0313698
0.0333644
0.0526508
0.050071
0.0430819
0.0483781
0.0473277
0.0403955
0.0358588
0.0350539
0.031579
0.0834053
0.0827543
0.0748008
0.0818875
0.0810006
0.0726852
0.0650693
0.0640084
0.0553826
0.106317
0.106701
0.102093
0.106693
0.106362
0.101405
0.0961485
0.0955041
0.0886683
0.119083
0.119752
0.116655
0.12041
0.12102
0.11751
0.113991
0.114104
0.110505
