FiniteElementSpace
FiniteElementCollection: L2_2D_P3
VDim: 1
Ordering: 0

0.0382348
0.0246423
0.0272659
0.0318283
0.0191983
0.0156242
0.0203959
0.0262823
0.00821731
0.00884664
0.0134062
0.0185337
0.00560566
0.00641709
0.0094864
0.0126377
0.00656214
0.00577641
0.00483528
0.00417733
0.00563277
0.00497018
0.00418427
0.00364048
0.00463201
0.00411047
0.00350311
0.00309117
0.00404327
0.0036111
0.00311862
0.0027927
0.000433347
0.00033322
0.000222673
0.000153312
0.000472392
0.000379051
0.000275131
0.000208971
0.000557818
0.000472918
0.000378202
0.000317449
0.000646173
0.000566664
0.000478706
0.000422656
0.000165561
0.000217904
0.000296237
0.000363546
8.672e-05
0.000114845
0.000159962
0.000200601
6.91019e-05
7.36347e-05
8.67333e-05
0.000101907
0.000113445
0.000105593
0.000102176
0.000104417
0.00154387
0.00165128
0.00178395
0.00187875
0.000921081
0.000988512
0.00107053
0.00112787
0.000390058
0.00041931
0.000454179
0.000477563
0.000169867
0.000179119
0.000189781
0.000196043
0.00233101
0.00229588
0.00223222
0.00217043
0.00141925
0.00140289
0.00136742
0.00132993
0.000615319
0.000613985
0.000603145
0.000588263
0.000249748
0.000254751
0.000255161
0.000251213
0.000991228
0.000892938
0.000769506
0.000679147
0.000636266
0.000575074
0.000498755
0.000443421
0.000330095
0.00030248
0.000269459
0.000246834
0.000202809
0.000191218
0.000179328
0.000173049
6.63114e-05
4.96388e-05
3.17512e-05
2.093e-05
5.19473e-05
3.98915e-05
2.74582e-05
2.03212e-05
5.2158e-05
4.33274e-05
3.48392e-05
3.04509e-05
6.67893e-05
5.82266e-05
5.02395e-05
4.63037e-05
0.0147465
0.013543
0.0121016
0.0110932
0.0128105
0.01168
0.0103426
0.0094191
0.0105227
0.00951949
0.00835212
0.00756119
0.0090214
0.0081243
0.00710002
0.006421
0.00390306
0.00352543
0.00316439
0.00297996
0.0030685
0.00278331
0.00252466
0.00240492
0.00274975
0.00247853
0.0022229
0.00209563
0.00319024
0.00283265
0.00246114
0.00224553
0.000255589
0.000684646
0.00189025
0.00294311
7.4175e-05
0.000382425
0.001304
0.00216832
6.66161e-05
0.000395779
0.00124186
0.00205696
0.000635656
0.000903719
0.00182315
0.00274538
0.00210744
0.00178913
0.00141318
0.00115513
0.00191696
0.00164357
0.00132262
0.00110357
0.0017451
0.00152221
0.00126426
0.00109069
0.0016748
0.00148233
0.00126387
0.00111985
0.00118267
0.00109376
0.00100555
0.000956779
0.000971145
0.000901943
0.000838464
0.000808003
0.00073687
0.000683328
0.000640921
0.000627211
0.000590258
0.000540929
0.000506143
0.000499974
0.00209858
0.00191893
0.00174248
0.00164654
0.00169972
0.00155127
0.0014114
0.00134075
0.00139775
0.00125436
0.001121
0.00105545
0.00134774
0.0011776
0.00101386
0.000928467
8.44505e-06
1.96789e-06
6.63673e-06
2.01181e-05
4.70813e-05
3.05912e-05
2.04473e-05
2.1186e-05
0.00014127
0.000115333
9.13601e-05
8.02711e-05
0.000241494
0.000210886
0.000180332
0.000163751
0.000591498
0.00057897
0.000571117
0.000571204
0.000628481
0.000629308
0.000638857
0.000652304
0.000687025
0.000708333
0.000745135
0.000779934
0.000741277
0.000780524
0.000841532
0.000895533
0.00074672
0.000709841
0.000675634
0.000658996
0.000671725
0.000650356
0.000636015
0.000634367
0.000574587
0.000572723
0.000584271
0.000602881
0.000502174
0.000514774
0.000546252
0.000581005
0.000730914
0.000829684
0.000962722
0.00106698
0.000422127
0.000482494
0.000564618
0.000629363
0.000185229
0.000208681
0.000242596
0.000270459
0.000116329
0.000120384
0.000129415
0.000138538
0.000561557
0.000554041
0.000552311
0.000556915
0.000801046
0.000805315
0.00082024
0.000838714
0.00120168
0.00122754
0.00127241
0.0013153
0.00157443
0.00162135
0.00169507
0.00176121
0.00056209
0.000556678
0.00055708
0.000562908
0.000700457
0.000707771
0.000725218
0.000744522
0.000923526
0.000952686
0.000999582
0.00104225
0.00112726
0.00117696
0.00125162
0.00131635
0.00221811
0.00227262
0.00232543
0.00235134
0.00133643
0.00137355
0.00140759
0.00142221
0.000565242
0.000584639
0.0006008
0.000605804
0.000221238
0.000230827
0.000237275
0.000237194
0.000488127
0.000473873
0.000464522
0.000464266
0.000877787
0.000861788
0.000853408
0.000856429
0.00155205
0.00153554
0.00153004
0.00153804
0.00219043
0.00217482
0.0021727
0.002185
0.000538576
0.00052631
0.000519222
0.000520304
0.000872311
0.000867443
0.000872413
0.000884715
0.00144301
0.0014529
0.00147994
0.00151144
0.00198002
0.00200492
0.00205343
0.00210287
0.00180285
0.00170327
0.00156731
0.00145955
0.00111981
0.00106197
0.000981341
0.000916477
0.000517527
0.000496412
0.000465762
0.000440624
0.000246614
0.000242801
0.000236338
0.000230992
0.000395955
0.000384271
0.000377307
0.000378535
0.000677518
0.000648778
0.000621927
0.00060958
0.00117811
0.00112106
0.00106015
0.00102378
0.00166004
0.00157692
0.00148403
0.00142464
0.000435094
0.000422253
0.000414496
0.000415539
0.000807247
0.000782453
0.000762314
0.00075623
0.00145845
0.00141541
0.00137503
0.00135608
0.00207909
0.00202022
0.0019614
0.00192999
0.000357576
0.000302807
0.000238134
0.000193829
0.000241809
0.000205546
0.000163715
0.000135864
0.000153476
0.000133783
0.000112704
0.000100028
0.000130999
0.000118637
0.000106992
0.000101408
0.000268425
0.000250146
0.000232144
0.000222623
0.000337582
0.000310515
0.000281746
0.000264504
0.0004646
0.000421487
0.000373054
0.000341717
0.000589327
0.00053051
0.000462833
0.000417709
0.000351657
0.000336938
0.000324906
0.000321229
0.000514931
0.00048547
0.000455567
0.000439162
0.000810745
0.000755421
0.000693774
0.0006545
0.0010989
0.00101889
0.000926716
0.000865294
1.53425e-06
6.13144e-07
1.12301e-07
1.97804e-07
4.44335e-06
2.76696e-06
1.37852e-06
8.22569e-07
1.26273e-05
9.25985e-06
6.05297e-06
4.34052e-06
2.23551e-05
1.70021e-05
1.1757e-05
8.84672e-06
5.37394e-05
4.21286e-05
3.00712e-05
2.28859e-05
5.4283e-05
4.20576e-05
2.93339e-05
2.17666e-05
5.56441e-05
4.23121e-05
2.84268e-05
2.02158e-05
5.71568e-05
4.27684e-05
2.78079e-05
1.90234e-05
0.000156673
0.000139487
0.000121328
0.000110358
0.000174661
0.000153955
0.000131557
0.00011763
0.000207801
0.000180568
0.000150381
0.000131073
0.0002403
0.000206617
0.000168789
0.000144243
0.022743
0.0199915
0.0169958
0.0150196
0.0194043
0.0172748
0.0148264
0.0131782
0.0152609
0.0137993
0.0121481
0.0110628
0.0122027
0.0112833
0.0102911
0.0096846
0.0107751
0.0100727
0.00938716
0.00893866
0.00799857
0.00765708
0.00735244
0.00719669
0.00543547
0.00537009
0.00534944
0.00537799
0.00419137
0.00424633
0.00433756
0.00440283
0.0043977
0.00481434
0.00765943
0.0105428
0.00246857
0.00303247
0.00537281
0.00768059
0.00100624
0.00153888
0.0032248
0.0048731
0.000426231
0.000868812
0.00214983
0.00341043
0.0038635
0.00334764
0.00273203
0.00230391
0.00338678
0.00295032
0.00243375
0.00207749
0.00289612
0.00254928
0.00214564
0.00187214
0.00262902
0.00233723
0.00200478
0.00178468
0.00247546
0.00221254
0.00191558
0.00172075
0.00217082
0.00195779
0.00172217
0.00157132
0.00186453
0.00169924
0.00152401
0.00141756
0.00170585
0.0015622
0.00141628
0.00133261
0.00373446
0.00334689
0.00290982
0.00262381
0.00316171
0.0028515
0.00250955
0.00229182
0.00259287
0.00235763
0.00210997
0.00196123
0.00231176
0.00211021
0.00190755
0.00179332
0.000124117
7.91598e-05
3.61639e-05
1.51313e-05
0.000180684
0.000132948
8.44261e-05
5.76035e-05
0.000289279
0.00023969
0.000187148
0.00015586
0.000394345
0.000344316
0.00029079
0.000258283
0.0004404
0.000391781
0.000339613
0.00030775
0.000503116
0.000459326
0.000412548
0.000384067
0.000580833
0.000545227
0.000508802
0.000487941
0.000635664
0.000607732
0.000581715
0.000569083
0.000678583
0.000603513
0.000520693
0.000468024
0.000709136
0.000643998
0.000572967
0.000528348
0.000743108
0.000690326
0.000634992
0.000601954
0.000763264
0.000719407
0.000676238
0.000652822
0.000402878
0.000480886
0.000590471
0.000679799
0.000223455
0.000269624
0.000336292
0.000391744
0.000109497
0.000124829
0.000150435
0.000173845
0.000104141
0.000103238
0.000107593
0.000114672
0.000120227
0.000113355
0.000109924
0.000111085
0.000171876
0.000158245
0.000146173
0.00014094
0.000311448
0.000296681
0.000283822
0.000278597
0.000469389
0.000459183
0.000453073
0.000453658
0.00014694
0.000134825
0.000125654
0.000123368
0.000216597
0.000200138
0.000185048
0.000178082
0.00035259
0.00033699
0.000323255
0.000317554
0.000488452
0.000478213
0.00047202
0.000472538
0.00192871
0.00201716
0.00211882
0.00218525
0.00115737
0.00121415
0.00127738
0.00131674
0.000488625
0.000514803
0.000542271
0.000557527
0.000197748
0.000207736
0.000216681
0.000219717
0.000105197
0.000107992
0.000109448
0.000108288
3.55682e-05
2.89825e-05
2.17581e-05
1.68162e-05
0.00014203
0.000128927
0.000117136
0.000111818
0.000359589
0.000345502
0.000334647
0.000331754
0.000105017
0.000105937
0.000107063
0.000107147
6.63932e-05
5.70475e-05
4.74209e-05
4.14642e-05
0.000185379
0.00017029
0.000156277
0.000149473
0.000394065
0.000379852
0.000368888
0.000365898
0.00213283
0.0020585
0.0019488
0.001856
0.0013097
0.00126881
0.00120519
0.00114937
0.000582964
0.000570731
0.000548212
0.000526584
0.000252831
0.000253741
0.000250768
0.00024599
0.000140192
0.000145152
0.000149274
0.000151217
3.46803e-05
4.15465e-05
5.1521e-05
6.0348e-05
9.48809e-05
9.72051e-05
0.000105073
0.000115081
0.000276963
0.000271376
0.00027115
0.000276658
0.000124914
0.00013116
0.000135463
0.00013617
1.16553e-05
1.66283e-05
2.33813e-05
2.89903e-05
8.10382e-05
8.02444e-05
8.39266e-05
9.05074e-05
0.0002829
0.000275255
0.000272421
0.000275866
0.000632663
0.000554237
0.000458745
0.000391052
0.000415333
0.000364972
0.000304591
0.000262596
0.000234612
0.000209722
0.000181654
0.000163649
0.000168218
0.000155274
0.000142709
0.000136489
0.000150847
0.000142021
0.000134807
0.000132633
0.000134655
0.000130159
0.000128749
0.000131086
0.000180214
0.00017422
0.000171562
0.000173437
0.000262882
0.000250767
0.00024099
0.000238049
0.000163719
0.000157767
0.000153425
0.000153016
0.000124968
0.000124538
0.000128017
0.000133981
0.00017282
0.000170917
0.000173711
0.000180015
0.000278981
0.00027004
0.000264829
0.000265874
1.66966e-05
1.06748e-05
4.98656e-06
2.2053e-06
1.73997e-05
1.22743e-05
7.53445e-06
5.24947e-06
2.75803e-05
2.21626e-05
1.71104e-05
1.45667e-05
4.26251e-05
3.57137e-05
2.90596e-05
2.55097e-05
5.03035e-05
4.2569e-05
3.48861e-05
3.05638e-05
6.04501e-05
5.16524e-05
4.2737e-05
3.75708e-05
7.81309e-05
6.69274e-05
5.52688e-05
4.8284e-05
9.51486e-05
8.13149e-05
6.66595e-05
5.76979e-05
7.56632e-05
6.68947e-05
5.8633e-05
5.44609e-05
8.77399e-05
7.85687e-05
6.98233e-05
6.52946e-05
0.000114548
0.000102802
9.10385e-05
8.44418e-05
0.00014347
0.000128235
0.000112374
0.000102976
0.0104136
0.00929298
0.00795557
0.00702341
0.00886525
0.00791132
0.00678425
0.00600736
0.00714491
0.00638833
0.00551106
0.00491914
0.00608233
0.00545767
0.00474862
0.00428214
0.00554878
0.00498875
0.00435944
0.00395007
0.00458228
0.00413436
0.00364329
0.00333338
0.00361479
0.00328034
0.00293136
0.00272495
0.00314161
0.00286073
0.00258209
0.00242887
0.00825625
0.00740961
0.00646346
0.0058539
0.00668447
0.00601338
0.00528383
0.00482948
0.00509254
0.00460402
0.00409828
0.00380348
0.00430173
0.00390616
0.00351468
0.00330162
0.00283084
0.00257843
0.00233482
0.0022068
0.00227776
0.00207489
0.00188668
0.00179465
0.00197407
0.00177452
0.00158702
0.00149309
0.00210301
0.0018508
0.00159927
0.00146002
0.00210699
0.00183357
0.0015525
0.0013902
0.00229258
0.00194445
0.00156483
0.00132818
0.0032095
0.00266466
0.00204262
0.0016331
0.0044623
0.00368445
0.00278324
0.00217989
0.00327691
0.00292048
0.00251943
0.00226231
0.00393055
0.00344468
0.00287677
0.00249388
0.00602859
0.00520815
0.00422529
0.00354294
0.00870363
0.00747467
0.00600075
0.00497376
0.00386397
0.00397046
0.00402031
0.00398439
0.00304188
0.00307295
0.00310232
0.00310787
0.00296149
0.00290057
0.00285482
0.0028312
0.00413192
0.0037883
0.00353714
0.00341544
0.00448834
0.00403506
0.00365253
0.00350207
0.00623076
0.00551769
0.00470691
0.0041797
0.0108437
0.00940708
0.00763365
0.00637544
0.0163855
0.0141333
0.0113233
0.00929273
0.000908189
0.00230137
0.00366285
0.0038792
0.000965413
0.00203352
0.00483441
0.00757471
0.0094448
0.00628004
0.0106069
0.0158536
0.0419884
0.016359
0.0185923
0.0257393
0.00103962
0.000854083
0.000639524
0.000496159
0.00100692
0.00084294
0.000653728
0.000527382
0.00101072
0.000871337
0.000712003
0.000606454
0.00104808
0.000923483
0.000783286
0.000691876
0.00105021
0.000934879
0.000805799
0.000722078
0.00102092
0.000923464
0.000816096
0.000747649
0.000987739
0.00090929
0.000826117
0.000775548
0.000965459
0.000898028
0.00082994
0.000791298
0.00161978
0.00144435
0.00124664
0.00111725
0.00148665
0.00134173
0.00118144
0.00107872
0.00134789
0.00123296
0.00111077
0.00103617
0.00126953
0.00116939
0.00106742
0.00100872
0.00091793
0.000859048
0.000801715
0.000771042
0.000778592
0.000737016
0.000701667
0.000687453
0.00060831
0.000585063
0.000574138
0.000579131
0.000487645
0.000475297
0.00048004
0.000498221
0.000405065
0.000400199
0.000415128
0.000441552
0.000231929
0.000242357
0.000277396
0.000319655
7.97621e-05
0.000103622
0.000158004
0.000216799
2.25804e-05
5.24616e-05
0.000117162
0.00018594
0.00048705
0.000442232
0.00041372
0.000412855
0.000278468
0.000241092
0.000222637
0.000230198
0.00012086
8.01256e-05
6.03693e-05
6.97618e-05
8.92007e-05
3.69802e-05
6.49162e-06
1.11785e-05
0.00156605
0.00143799
0.00131077
0.00124027
0.00127132
0.00116672
0.00106823
0.00101852
0.000990667
0.000896965
0.000813367
0.000775701
0.000858743
0.000757368
0.000666944
0.000626525
0.000754056
0.000652116
0.000560981
0.000520411
0.000563055
0.000453463
0.000352948
0.00030636
0.00050954
0.000364589
0.000223206
0.000150039
0.000618857
0.000428574
0.000235556
0.000128932
0.00127273
0.0010943
0.000918645
0.000823973
0.00119318
0.000981141
0.000762155
0.000635836
0.00144464
0.00113923
0.000807201
0.000602105
0.00191453
0.00149963
0.00103821
0.000744813
3.05421e-05
5.49414e-05
9.83098e-05
0.000140129
2.37461e-05
3.12812e-05
5.09547e-05
7.33064e-05
7.52127e-05
6.63555e-05
6.32261e-05
6.69937e-05
0.000154709
0.000137365
0.00012268
0.000117196
0.000199304
0.000179437
0.00016116
0.000152704
0.000277813
0.000256248
0.000235228
0.000224279
0.000403211
0.000384611
0.000367406
0.000359353
0.000514784
0.000502263
0.00049339
0.000492036
0.000290627
0.000259297
0.00022742
0.000209523
0.000367614
0.000337512
0.000306513
0.000288718
0.000474304
0.000449491
0.000425171
0.000412304
0.000559104
0.000541097
0.000526008
0.00052047
0.00056833
0.000560923
0.0005589
0.000562949
0.000656469
0.000661984
0.000676994
0.000694286
0.000795737
0.000822378
0.000865643
0.000905178
0.000922031
0.000967965
0.00103724
0.00109739
0.000990205
0.00104776
0.00113269
0.00120522
0.00112551
0.00120767
0.00132521
0.00142324
0.00135605
0.00147274
0.00163641
0.0017707
0.00157692
0.0017218
0.00192329
0.00208742
0.000766526
0.000816563
0.000892065
0.000957516
0.000813156
0.000885868
0.000991304
0.00108007
0.000921586
0.00102491
0.00117122
0.00129214
0.00104473
0.00117221
0.00135103
0.00149769
0.000645099
0.000623213
0.000605079
0.000598499
0.000628312
0.000620623
0.000620818
0.000628177
0.000608126
0.000620458
0.000647226
0.000675359
0.000595663
0.000624476
0.000673609
0.000719588
0.00058095
0.000619774
0.000682355
0.000738975
0.000545356
0.000605184
0.000695382
0.00077347
0.000546095
0.000632694
0.000758774
0.000865238
0.000586847
0.000693546
0.000846976
0.000975355
0.000450791
0.000472466
0.000516178
0.000560675
0.000340057
0.000380756
0.000449416
0.000513337
0.000250018
0.000312655
0.000411129
0.000499027
0.000226614
0.000304204
0.000423731
0.000529073
0.0011254
0.00123547
0.001378
0.00148529
0.000664111
0.00073236
0.000820498
0.00088642
0.0002837
0.000311982
0.000349132
0.000376999
0.000140839
0.000148184
0.000159125
0.000167748
0.000105724
0.000104724
0.000105551
0.000107113
0.000100321
8.93108e-05
7.87469e-05
7.30268e-05
0.000230016
0.000214465
0.000200172
0.000193408
0.000424992
0.000411841
0.000402203
0.0004002
0.000109095
0.00010571
0.000105349
0.000107589
0.000134945
0.000122809
0.000111851
0.000106732
0.000272009
0.000256901
0.000243423
0.000237522
0.000449785
0.000438279
0.000430636
0.000430107
0.000554276
0.000544295
0.000539801
0.000542587
0.000843198
0.00084342
0.000854069
0.000870006
0.00133275
0.00135225
0.00139035
0.0014292
0.00179127
0.00182986
0.0018945
0.00195503
0.00206019
0.0021106
0.00219172
0.00226574
0.00261899
0.00269516
0.00281178
0.00291459
0.00347079
0.00358532
0.00375466
0.00390009
0.00421845
0.00436602
0.00458074
0.00476281
0.00179101
0.00185089
0.00194242
0.00202292
0.00223823
0.00232624
0.00245592
0.0025669
0.00292354
0.00305323
0.00323939
0.00339545
0.00352774
0.00369313
0.00392772
0.0041224
0.000562442
0.000556733
0.000556959
0.000562803
0.000751237
0.000758009
0.000775325
0.000794984
0.0010618
0.00109078
0.0011384
0.00118237
0.00134824
0.00139855
0.00147514
0.00154226
0.00151249
0.00157585
0.00167017
0.00175147
0.0018488
0.00194027
0.00207235
0.00218351
0.00236973
0.00250245
0.00269001
0.0028451
0.00283327
0.00300102
0.00323575
0.0034282
0.00124172
0.00130389
0.00139539
0.0014735
0.0014734
0.00156219
0.0016892
0.0017952
0.00184143
0.00196863
0.00214705
0.00229357
0.00217587
0.00233518
0.0025567
0.00273723
0.00236111
0.00237182
0.00236593
0.00234627
0.00142888
0.00144017
0.00143929
0.00142669
0.000609355
0.000619132
0.000621849
0.000616259
0.000238855
0.000246805
0.000250364
0.000247903
0.000113509
0.000119483
0.000122917
0.000122227
4.02152e-06
5.43379e-06
7.33195e-06
8.81518e-06
8.47493e-05
7.96009e-05
7.76402e-05
7.97481e-05
0.000299624
0.000289336
0.000283158
0.000283945
0.000107314
0.000111934
0.000114212
0.000112752
1.29849e-05
1.02041e-05
7.03316e-06
4.69021e-06
0.000106366
9.67774e-05
8.92364e-05
8.70531e-05
0.000326394
0.000313734
0.000304604
0.000303061
0.000460282
0.00044646
0.000437609
0.00043782
0.000851543
0.000830606
0.000815828
0.000814037
0.0015321
0.00150145
0.00147766
0.00147175
0.00217834
0.00213999
0.0021084
0.00209823
0.00256414
0.00252116
0.00248509
0.00247267
0.00337559
0.00332337
0.00327828
0.0032612
0.00460732
0.00454218
0.00448443
0.00446086
0.00568531
0.00560952
0.00554146
0.0055127
0.00257056
0.00255561
0.00255586
0.00257115
0.00336855
0.00335558
0.00336138
0.00338323
0.00457874
0.0045693
0.00458381
0.00461552
0.00563699
0.0056309
0.0056533
0.00569377
0.000515487
0.000501717
0.000492914
0.000492917
0.000884564
0.000874105
0.000872532
0.000880405
0.00151986
0.00151738
0.00152949
0.00155044
0.00211965
0.00212597
0.00215162
0.00218457
0.00247556
0.00248738
0.00252161
0.00256225
0.00322091
0.00324503
0.003298
0.00335519
0.00435183
0.00439458
0.00447562
0.00455732
0.00534099
0.00539997
0.0055054
0.00560832
0.00229712
0.00233135
0.00239327
0.002454
0.00295905
0.00301375
0.00310469
0.00318958
0.00396507
0.00405038
0.00418451
0.00430514
0.00484604
0.00495781
0.00512923
0.00528066
0.00140012
0.00129294
0.00115344
0.00104764
0.000882524
0.000817927
0.000733493
0.000669393
0.000428911
0.000402427
0.000368238
0.000342923
0.000229858
0.000221547
0.000211889
0.000206006
0.000164733
0.000162793
0.000162062
0.000163403
0.000100527
0.00010421
0.000112203
0.000121149
0.000150544
0.000152179
0.00015952
0.000169393
0.000282235
0.000276052
0.000274744
0.000279154
0.000155316
0.00015737
0.000159763
0.000162017
6.732e-05
7.37394e-05
8.42042e-05
9.42809e-05
0.000121099
0.000124346
0.000133612
0.000144886
0.000278883
0.000273932
0.000274427
0.000280436
0.000377005
0.000364327
0.000355544
0.000354924
0.000599144
0.000569773
0.000541051
0.000526442
0.00099785
0.000939947
0.00087644
0.000836927
0.00138398
0.0012993
0.00120273
0.00113925
0.00161402
0.00151282
0.00139585
0.00131758
0.00209968
0.00196347
0.00180285
0.00169256
0.002853
0.00266464
0.00243886
0.00228066
0.00352337
0.00328993
0.00300774
0.00280804
0.00194825
0.00184912
0.00173662
0.00166314
0.00255699
0.00242409
0.00226989
0.00216607
0.0034934
0.00331081
0.00309503
0.00294634
0.00432166
0.00409648
0.00382788
0.00364066
0.000414017
0.000402118
0.000395294
0.00039692
0.000747967
0.000720624
0.000696502
0.000686919
0.0013366
0.00128449
0.00123132
0.00120187
0.00190019
0.0018258
0.00174572
0.00169724
0.00223753
0.00214952
0.0020531
0.00199311
0.00294937
0.00283286
0.00270191
0.00261735
0.00403742
0.00387944
0.00369807
0.00357752
0.0049951
0.00480188
0.00457765
0.00442651
0.00245027
0.00238177
0.00231191
0.00227317
0.00323232
0.00314392
0.003051
0.0029967
0.00442244
0.00430543
0.00417922
0.00410239
0.00546627
0.00532516
0.00517097
0.00507523
0.000172895
0.000139724
0.000101988
7.72761e-05
0.000122561
9.98483e-05
7.48162e-05
5.90669e-05
9.26321e-05
7.87972e-05
6.47558e-05
5.69064e-05
9.62276e-05
8.56552e-05
7.58507e-05
7.11867e-05
0.000102354
9.2666e-05
8.39732e-05
8.01044e-05
0.000111788
0.000102993
9.54215e-05
9.23608e-05
0.000146967
0.000135824
0.000125525
0.000120612
0.000190873
0.000175387
0.000159947
0.000151483
0.000128765
0.00011879
0.000110193
0.000106862
0.000129019
0.000121644
0.000116404
0.000115591
0.00017058
0.000161307
0.000154019
0.00015194
0.000232432
0.000217944
0.000204507
0.000198197
0.000213725
0.000195423
0.00017661
0.000165794
0.000252108
0.000227885
0.000201852
0.0001859
0.000322793
0.000287637
0.000248328
0.000222982
0.000392264
0.000346328
0.000293973
0.00025943
0.000429398
0.000377071
0.000316999
0.000277034
0.000503178
0.000437624
0.000361248
0.000309561
0.000626602
0.000540132
0.000438117
0.000368112
0.000741686
0.000636491
0.000511605
0.000425331
0.00065969
0.000591351
0.000512012
0.000458539
0.000804231
0.000715862
0.000611604
0.00053998
0.00103824
0.000918842
0.000776052
0.000676423
0.00125228
0.0011054
0.000928518
0.000804157
0.000315604
0.000298675
0.000283128
0.000276138
0.00042671
0.000397898
0.000367828
0.000350422
0.000629631
0.0005795
0.00052322
0.000486925
0.00082826
0.000757491
0.000675751
0.000621055
0.000943632
0.000860187
0.000762815
0.000696818
0.00118452
0.0010742
0.000943244
0.000852616
0.00156714
0.00141578
0.00123351
0.00110525
0.00191305
0.0017256
0.00149823
0.0013369
0.00126906
0.00117381
0.00106279
0.000987686
0.00162719
0.00149956
0.00134805
0.00124317
0.00218848
0.00201204
0.00179937
0.00164946
0.00269157
0.00247255
0.00220649
0.00201726
3.36146e-07
1.18583e-07
1.81943e-07
4.74863e-07
7.55872e-07
2.82629e-07
5.84601e-08
2.899e-07
3.33623e-06
1.76475e-06
7.31515e-07
8.47756e-07
6.98404e-06
3.73366e-06
1.71605e-06
1.77519e-06
8.46385e-06
4.61914e-06
1.73157e-06
1.33568e-06
1.07432e-05
5.95011e-06
2.03432e-06
9.38064e-07
1.41567e-05
8.0682e-06
2.79636e-06
8.12173e-07
1.70609e-05
1.00056e-05
3.70159e-06
1.04024e-06
2.68453e-05
2.06199e-05
1.44109e-05
1.08649e-05
3.31393e-05
2.58112e-05
1.83744e-05
1.40331e-05
4.27177e-05
3.35407e-05
2.40942e-05
1.84976e-05
5.11079e-05
4.01845e-05
2.88557e-05
2.2103e-05
1.76339e-05
1.03984e-05
3.87739e-06
1.06988e-06
1.64959e-05
9.6771e-06
3.53243e-06
9.50052e-07
1.51084e-05
8.98451e-06
3.45248e-06
1.225e-06
1.41664e-05
8.61944e-06
3.6341e-06
1.74198e-06
1.33425e-05
8.08121e-06
3.73044e-06
2.2467e-06
1.03351e-05
6.22418e-06
2.56341e-06
1.21243e-06
7.38459e-06
4.20228e-06
1.4438e-06
5.1039e-07
5.74254e-06
3.10109e-06
1.07595e-06
5.9411e-07
5.66526e-05
4.20021e-05
2.6803e-05
1.79455e-05
5.24926e-05
3.80609e-05
2.30574e-05
1.43436e-05
4.8508e-05
3.39646e-05
1.90049e-05
1.05302e-05
4.64233e-05
3.16565e-05
1.67176e-05
8.53339e-06
0.000101814
8.67365e-05
7.06558e-05
6.07541e-05
0.000108014
9.11873e-05
7.30435e-05
6.17516e-05
0.000119502
9.94751e-05
7.7619e-05
6.38692e-05
0.000130726
0.00010758
8.21573e-05
6.60832e-05
0.000134462
0.000109801
8.27566e-05
6.57324e-05
0.000138408
0.000111001
8.07379e-05
6.15741e-05
0.000149091
0.000116682
8.07926e-05
5.80866e-05
0.000161248
0.000124102
8.30035e-05
5.71203e-05
0.000255749
0.000218413
0.000176318
0.000148906
0.000283884
0.000239221
0.000188251
0.000154615
0.000334578
0.000277857
0.000212482
0.000168905
0.000383795
0.000316067
0.000237651
0.000185167
