FiniteElementSpace
FiniteElementCollection: H1_2D_P2
VDim: 2
Ordering: 0

0
1.15043
2.12253
3.02956
3.93202
4.84952
5.78555
6.74136
7.71586
0
0.828033
1.71304
2.65968
3.68618
4.78482
5.88485
6.92573
7.91704
0.599537
0.998504
0.406333
0
1.65165
1.91861
1.26366
2.57879
2.84078
2.17763
3.47968
3.80453
3.162
4.38839
4.81636
4.22976
5.31526
5.83763
5.34003
6.26079
6.83547
6.41346
7.22697
7.8175
7.42518
0.511774
1.4625
2.37622
3.31605
4.30599
5.32894
6.33961
7.32739
0.301578
0.550714
0.256422
0
1.40608
1.55469
1.23229
1.0717
2.35178
2.47498
2.14683
2.0182
3.2545
3.39498
3.07688
2.93239
4.15963
4.3458
4.0538
3.8658
5.08183
5.32364
5.0728
4.83307
6.02252
6.30255
6.08948
5.81391
6.98359
7.27836
7.08178
6.7903
0.882047
0.759041
0.921067
0.615332
0.470217
0.201809
0
1.88973
1.69083
1.81849
1.48656
1.36783
1.04418
2.8045
2.60737
2.75098
2.4163
2.27836
1.94332
3.70544
3.55857
3.74539
3.42139
3.23937
2.90814
4.61836
4.56045
4.80008
4.50653
4.26763
3.95592
5.54982
5.58404
5.86027
5.61424
5.33371
5.06314
6.50041
6.58818
6.87969
6.67147
6.3755
6.15131
7.47125
7.76723
7.57255
7.86719
7.67167
7.37573
7.17676
0.272256
1.31669
2.24688
3.16282
4.1047
5.0782
6.05842
7.03423
0.81722
0.696675
0.240283
1.78793
1.59228
1.14441
2.70329
2.51288
2.04703
3.62924
3.49016
2.99304
4.58875
4.53311
4.00476
5.56896
5.59826
5.06733
6.54645
6.62883
6.11937
7.52274
7.62179
7.12851
0.145307
0.284372
0.132773
0
1.27966
1.36024
1.19522
1.10982
2.23749
2.29842
2.13267
2.06943
3.14202
3.2077
3.04741
2.98004
4.04569
4.13151
3.98496
3.8981
4.96553
5.08035
4.95557
4.84137
5.90388
6.0413
5.93622
5.80054
6.86232
7.00943
6.91225
6.76647
0.742507
0.848249
0.685614
0.573407
0.636505
0.729143
0.58374
0.492324
0.127304
0.249043
0.12137
0
1.77145
1.83784
1.67178
1.60211
1.57681
1.6421
1.47989
1.41591
1.11598
1.18931
1.0328
0.960939
2.69176
2.75297
2.58907
2.52598
2.49155
2.56018
2.3952
2.32743
2.03262
2.09717
1.93244
1.86893
3.59247
3.66643
3.51183
3.43638
3.43688
3.52426
3.3642
3.27763
2.95847
3.03491
2.87149
2.79588
4.50323
4.60336
4.46707
4.36665
4.43299
4.54668
4.40011
4.2867
3.92877
4.02916
3.87459
3.77485
5.4324
5.5601
5.44633
5.32
5.45665
5.59108
5.46627
5.33125
4.94457
5.06998
4.93374
4.80812
6.38043
6.52417
6.42452
6.28248
6.46408
6.60845
6.50249
6.35749
5.96378
6.10436
5.99019
5.84888
7.34902
7.49725
7.40052
7.25305
7.45001
7.59715
7.49888
7.35153
6.95873
7.1051
7.00433
6.85753
0.453026
0.412636
0.530671
0.384837
0.264045
0
1.52993
1.43641
1.50843
1.34773
1.27436
1.03494
2.46549
2.36095
2.42524
2.26134
2.19654
1.96814
3.36704
3.27866
3.35504
3.19606
3.11938
2.88614
4.27387
4.22499
4.32565
4.17957
4.07891
3.83475
5.19841
5.20091
5.32648
5.20096
5.0756
4.82469
6.14149
6.18052
6.32143
6.21475
6.0743
5.82609
7.10514
7.15627
7.30307
7.20466
7.05825
6.81317
1.01798
0.9458
0.879627
0.787829
0.809092
0.87721
0.721218
0.65933
0.510351
0.442198
0.355945
0.30331
0.225832
0.103339
0
2.00665
1.90334
1.80472
1.73917
1.70513
1.76672
1.59933
1.54066
1.37466
1.31736
1.25605
1.15349
1.09638
0.935679
2.91707
2.81771
2.72377
2.65492
2.63146
2.70572
2.53737
2.46506
2.2964
2.22858
2.16232
2.05995
1.99592
1.82768
3.81861
3.74722
3.68112
3.59344
3.61724
3.71592
3.55312
3.45597
3.29099
3.20094
3.11565
3.03437
2.95091
2.78325
4.73379
4.71077
4.68828
4.57446
4.66648
4.79229
4.64557
4.51973
4.36785
4.24868
4.13581
4.09238
3.9804
3.82046
5.66754
5.69149
5.71104
5.57677
5.72961
5.87214
5.75004
5.60588
5.47754
5.33656
5.2007
5.20185
5.065
4.92407
6.62072
6.66837
6.71197
6.56764
6.75454
6.90231
6.79903
6.64971
6.54296
6.39402
6.2478
6.28292
6.13489
6.01862
7.59356
7.74173
7.64501
7.79251
7.69504
7.5478
7.84235
7.74452
7.89203
7.79444
7.64658
7.54861
7.4002
7.25229
7.30126
7.15229
7.05161
0.136681
1.23625
2.18416
3.09377
4.01459
4.96076
5.92087
6.88786
0.712552
0.611442
0.124863
1.7206
1.52899
1.07545
2.6395
2.44347
1.98284
3.55122
3.40045
2.91495
4.48483
4.41644
3.90157
5.44
5.46139
4.93907
6.40325
6.48322
5.97692
7.37509
7.47443
6.98148
0.430856
0.398148
0.129918
1.48208
1.39193
1.15546
2.41232
2.31081
2.08236
3.32189
3.23689
3.00248
4.24888
4.20198
3.95649
5.20011
5.20109
4.95011
6.16183
6.19799
5.95034
7.13116
7.18068
6.93575
0.980584
0.912501
0.660639
0.845592
0.768148
0.550703
0.371575
0.333827
0.116778
1.95404
1.8538
1.62411
1.75539
1.65332
1.42869
1.30275
1.20661
0.986607
2.86646
2.77031
2.53992
2.67764
2.58484
2.34632
2.21202
2.11179
1.88091
3.78205
3.71373
3.47389
3.64907
3.58534
3.32782
3.15579
3.0753
2.82772
4.72222
4.69945
4.44984
4.67728
4.6559
4.38393
4.15757
4.11412
3.84763
5.68028
5.70157
5.45173
5.72026
5.73943
5.47156
5.20075
5.201
4.92871
6.64524
6.69048
6.44463
6.7332
6.77636
6.52228
6.23121
6.26491
6.00397
7.61949
7.67017
7.42544
7.71977
7.76937
7.52354
7.22844
7.27647
7.02759
0
0.343643
0.801721
1.23282
1.55875
1.71406
1.67909
1.51225
1.3036
1
1.26413
1.68977
2.13753
2.50442
2.69082
2.6589
2.48732
2.28315
0.155127
0.783908
1.10609
0.5
0.569071
1.24428
1.46636
1.02611
1.69395
1.91771
1.41335
2.04858
2.33745
1.66075
2.22223
2.6253
1.71837
2.18274
2.6995
1.60632
2.00454
2.58303
1.40828
1.79369
2.38453
0.594379
1.00874
1.47598
1.88856
2.1625
2.22663
2.10374
1.89793
0.087513
0.366636
0.526925
0.25
0.454029
0.785118
0.893752
0.557533
0.915602
1.25116
1.36128
1.02139
1.32691
1.65404
1.79484
1.46498
1.61561
1.91723
2.11194
1.80821
1.72213
1.97754
2.23109
1.97396
1.64614
1.85712
2.14668
1.93452
1.46086
1.65323
1.95148
1.75927
0.242232
0.682659
1.02085
1.17787
0.841409
1.05429
0.75
0.685689
1.12625
1.46808
1.57659
1.23719
1.36133
1.1322
1.58725
1.91855
2.02935
1.69883
1.80402
1.491
1.97364
2.28061
2.42591
2.11656
2.24076
1.69364
2.19941
2.46089
2.66529
2.39829
2.57134
1.70363
2.21
2.42415
2.68458
2.46708
2.70199
1.5612
2.05579
2.24732
2.53677
2.34579
2.62438
1.35564
1.54855
1.84498
2.03846
2.33339
2.14172
2.43616
0.295923
0.668871
1.13774
1.5632
1.86892
1.98215
1.89923
1.70661
0.455099
0.924613
0.776589
0.903332
1.35187
1.12605
1.36059
1.81071
1.5842
1.73615
2.20364
2.021
1.95236
2.43676
2.34593
1.96119
2.451
2.47077
1.80993
2.29817
2.38842
1.60025
2.08937
2.19474
0.0522642
0.189025
0.270549
0.125
0.398067
0.560083
0.612373
0.448955
0.859039
1.0264
1.07986
0.911043
1.28074
1.4456
1.51494
1.34923
1.58858
1.74368
1.84004
1.6847
1.71959
1.8537
1.97969
1.84565
1.66356
1.77339
1.91784
1.80775
1.48676
1.58378
1.73312
1.63592
0.196515
0.346834
0.408806
0.259131
0.636571
0.801915
0.881058
0.715405
0.50774
0.64933
0.757389
0.625
0.627384
0.793731
0.844127
0.676024
1.06731
1.23893
1.29421
1.12259
0.837976
1.00919
1.07251
0.901235
1.07978
1.24653
1.30644
1.13858
1.53211
1.69948
1.75519
1.58778
1.30298
1.47297
1.52624
1.35624
1.45333
1.61457
1.69626
1.53446
1.93227
2.08959
2.16126
2.00341
1.7452
1.90866
1.97054
1.80688
1.67873
1.82465
1.93645
1.79056
2.18269
2.31922
2.41931
2.28152
2.08178
2.23002
2.31482
2.16562
1.71229
1.83359
1.97074
1.84935
2.21974
2.33144
2.4605
2.34789
2.22837
2.35202
2.46759
2.34269
1.58432
1.68587
1.83405
1.73221
2.08028
2.17744
2.32249
2.22535
2.16568
2.26826
2.40727
2.30428
1.38188
1.47787
1.62663
1.53072
1.87133
1.96723
2.11541
2.01996
1.97815
2.07334
2.22116
2.12626
0.118549
0.328776
0.478257
0.55753
0.409096
0.375
0.51124
0.72659
0.896117
0.950768
0.780173
0.669224
0.971364
1.19489
1.3637
1.41898
1.24945
1.13256
1.37115
1.60962
1.77209
1.84268
1.67966
1.57994
1.63966
1.89467
2.04113
2.13887
1.99162
1.92947
1.72167
1.98138
2.10324
2.23046
2.10787
2.09939
1.62698
1.87892
1.98098
2.12595
2.02367
2.0595
1.43463
1.67994
1.77567
1.9247
1.82922
1.88218
0.291519
0.50492
0.73194
0.567013
0.971368
1.14209
1.21946
1.05017
1.14002
0.971793
0.806416
1.07726
0.911439
1.03072
0.875
0.743925
0.962488
1.18529
1.01426
1.40988
1.57941
1.63296
1.46461
1.521
1.35201
1.18102
1.41307
1.24368
1.31161
1.18325
1.41348
1.64124
1.47423
1.86522
2.02883
2.08398
1.92074
1.97388
1.80891
1.64178
1.86104
1.69467
1.74689
1.52617
1.77351
2.01247
1.85584
2.24349
2.39355
2.46656
2.31577
2.38285
2.22794
2.06974
2.29005
2.13174
2.18988
1.70539
1.96483
2.21257
2.07718
2.45063
2.57692
2.67995
2.55211
2.64716
2.51288
2.3738
2.60009
2.4597
2.53948
1.69249
1.94904
2.19758
2.08661
2.43881
2.54236
2.673
2.56872
2.69355
2.58428
2.47056
2.70245
2.58742
2.69824
1.5371
1.78494
2.03048
1.93326
2.27305
2.36767
2.51234
2.41795
2.5604
2.46502
2.36784
2.60444
2.50713
2.64264
1.32949
1.42598
1.57419
1.67114
1.81908
1.72263
1.91613
2.06371
2.16077
2.30813
2.2114
2.35882
2.26323
2.16821
2.41032
2.31567
2.46186
0.157708
0.50371
0.969054
1.39828
1.71563
1.85125
1.79153
1.61004
0.300847
0.756716
0.630907
0.734825
1.18051
0.954328
1.19315
1.64409
1.41476
1.57568
2.04766
1.85855
1.80921
2.30213
2.19935
1.84281
2.34111
2.34909
1.70958
2.20191
2.28726
1.50421
1.99346
2.09994
0.221722
0.44073
0.38753
0.617688
0.837706
0.723859
1.08295
1.30697
1.19125
1.49104
1.72687
1.63062
1.76866
2.018
1.96205
1.85301
2.10712
2.1053
1.75355
2.00306
2.04255
1.55729
1.80245
1.85586
0.396484
0.616749
0.520622
0.850233
1.09469
1.00902
0.679264
0.939007
0.88887
0.852556
1.07349
0.955049
1.29756
1.52185
1.40791
1.06536
1.29716
1.19186
1.2986
1.52775
1.4195
1.75379
1.97534
1.86521
1.53068
1.75201
1.63708
1.65095
1.894
1.81513
2.12896
2.35603
2.27301
1.95701
2.18079
2.08103
1.83676
2.09001
2.06086
2.33273
2.56635
2.53431
2.25744
2.48801
2.42819
1.82183
2.07426
2.09633
2.31909
2.55678
2.57797
2.35157
2.58751
2.58396
1.66125
1.90805
1.95764
2.15216
2.39311
2.44199
2.24755
2.48681
2.52574
1.45177
1.69665
1.74903
1.94144
2.18592
2.23718
2.04664
2.28943
2.3418
