FiniteElementSpace
FiniteElementCollection: H1_2D_P2
VDim: 2
Ordering: 0

0
0.00248586
-0.00298299
-0.0156176
-0.0321139
-0.0462126
-0.0528779
-0.0528325
-0.0517024
0
-0.00322652
0.00188565
0.00140127
-0.0115021
-0.0310189
-0.0462273
-0.051824
-0.0518632
0.00236404
-0.000579812
-0.00322396
0
0.000695646
0.000124428
-0.000892747
-0.00851222
-0.00615523
0.00309737
-0.0237421
-0.0214735
-0.00361755
-0.0398694
-0.0391556
-0.021129
-0.0505957
-0.0503982
-0.0397271
-0.0533875
-0.0527489
-0.0501543
-0.0520604
-0.0518311
-0.0520519
-0.00065068
0.000117877
-0.00176522
-0.0129529
-0.0306255
-0.0459612
-0.0524618
-0.0522159
0.00146878
0.000208442
-0.000301275
0
0.00182481
0.000248801
-0.000233676
0.000465084
-0.00552661
-0.00475764
-0.000528981
-0.00126524
-0.0195969
-0.0179148
-0.00928392
-0.0104189
-0.0361221
-0.0351335
-0.0260485
-0.0264919
-0.0486689
-0.0485012
-0.042828
-0.0427624
-0.0533167
-0.0531966
-0.0517014
-0.0519258
-0.0524238
-0.052233
-0.0525206
-0.052988
0.00267346
-0.000754557
-0.00157428
-0.00359461
-0.00148895
-0.00196023
0
-0.000906104
0.000293644
0.00120413
0.000576116
-0.000123478
-0.00224985
-0.0118965
-0.0036378
-0.00233627
0.00266079
0.000791338
0.00279196
-0.0279506
-0.017059
-0.016612
-0.00725933
-0.00833181
-0.000702807
-0.0432597
-0.0350446
-0.0352948
-0.0261371
-0.0260579
-0.0161862
-0.0519896
-0.0484917
-0.0484677
-0.0432929
-0.0430434
-0.0355985
-0.0531898
-0.0527722
-0.0522974
-0.0512289
-0.0513922
-0.0485073
-0.0518153
-0.0517855
-0.0519513
-0.0518373
-0.0519478
-0.052106
-0.0520553
4.91391e-05
0.000463741
-0.0027393
-0.0139765
-0.0308734
-0.0459076
-0.0527981
-0.0526196
0.000359372
-0.00180577
-0.000657891
-0.000294
0.000667055
-0.000946147
-0.00732666
-0.000404488
0.00129514
-0.0221277
-0.0122466
-0.00499672
-0.0391373
-0.0307891
-0.021273
-0.0505066
-0.0460737
-0.0394213
-0.0532211
-0.0520463
-0.0502261
-0.0519313
-0.0519235
-0.0522728
0.000706224
0.000528447
3.36372e-05
0
0.00221366
0.00101903
0.000483305
0.00129249
-0.00419832
-0.00404329
-0.00193708
-0.00207666
-0.0175811
-0.0166345
-0.0121448
-0.0128664
-0.0341446
-0.0334219
-0.0286889
-0.029199
-0.0475061
-0.0473311
-0.0443994
-0.0445042
-0.05315
-0.053144
-0.052426
-0.0524873
-0.0526276
-0.0525657
-0.0528133
-0.05297
0.0025829
0.00128971
0.000288847
0.00104446
-0.000740282
-0.0012309
-0.00172295
-0.00101574
-0.000109406
-0.000453832
-0.000243385
0
-4.645e-05
-0.000604466
2.41463e-05
0.00040878
0.000238062
0.000522826
0.000290123
3.86896e-05
-0.000418997
-0.000548517
-0.00129816
-0.00103341
-0.0101587
-0.00946986
-0.00597514
-0.0065138
-0.00262118
-0.0019845
0.000283964
-0.000446259
-0.000135451
0.000425848
0.00131591
0.000707467
-0.0258457
-0.0249121
-0.0199945
-0.0206849
-0.014959
-0.0146489
-0.010224
-0.0106284
-0.0076473
-0.00711735
-0.0035777
-0.00421507
-0.0416151
-0.0411853
-0.0371748
-0.0374566
-0.0328639
-0.0329509
-0.0284411
-0.0283676
-0.0237505
-0.0236772
-0.0189159
-0.0190491
-0.0513593
-0.051326
-0.0495774
-0.049612
-0.0473033
-0.0473288
-0.0446362
-0.044549
-0.0410529
-0.0411695
-0.037414
-0.0372657
-0.0533162
-0.0532782
-0.0532485
-0.0533742
-0.0526661
-0.0524323
-0.0517768
-0.0519578
-0.0511216
-0.0510015
-0.0494244
-0.0494759
-0.051918
-0.0518842
-0.0520664
-0.0521734
-0.0520726
-0.0519374
-0.0520099
-0.0521646
-0.0526524
-0.0524053
-0.0523113
-0.0525385
0.00200305
0.000121433
-0.000285166
-0.00049355
-0.00015997
0
0.00131851
0.000389374
0.000172436
-4.78674e-05
8.07685e-05
-0.000110265
-0.00696715
-0.00368021
-0.00319226
-0.00107068
-0.00157895
-0.000534147
-0.0216556
-0.0159046
-0.0153632
-0.011057
-0.0115522
-0.00820661
-0.0380351
-0.0330267
-0.0328699
-0.0283464
-0.0284334
-0.0239383
-0.0497002
-0.0472756
-0.0472802
-0.0444661
-0.0444062
-0.0409835
-0.0533932
-0.0530506
-0.0528823
-0.0521439
-0.0523072
-0.0512205
-0.0522299
-0.0524221
-0.0522432
-0.0523705
-0.0525979
-0.0529057
0.00264009
0.000419754
-0.000697716
-0.000261035
-0.00175041
-0.00227864
-0.00349833
-0.00256464
-0.00350313
-0.00219946
-0.00111585
-0.0027362
-0.00111841
-0.000864566
0
-0.00188606
-0.000721786
0.00026085
1.33885e-05
0.000980271
0.00160257
0.00127139
0.000696521
-0.000151315
-0.000416397
-0.000545146
-0.00159999
-0.00149051
-0.00280017
-0.0137201
-0.00881107
-0.00481773
-0.0054046
-0.00127763
-0.000477193
0.00214047
0.00113437
0.00298272
0.00196737
0.00112497
0.00303473
0.00208382
0.00240758
-0.0300453
-0.0242991
-0.0192366
-0.0195342
-0.0143821
-0.0141132
-0.00931444
-0.00980075
-0.0053531
-0.00601178
-0.00658492
-0.00206063
-0.00287404
0.000457098
-0.0447956
-0.0410033
-0.0371467
-0.0370991
-0.0330802
-0.0332214
-0.0286086
-0.0285292
-0.0236396
-0.0236587
-0.023661
-0.0186389
-0.0187916
-0.0138006
-0.0524952
-0.0512872
-0.0495218
-0.0495549
-0.047351
-0.0473834
-0.0448449
-0.0447293
-0.0415895
-0.0414396
-0.0413017
-0.0377311
-0.0375705
-0.0333603
-0.0530243
-0.0531292
-0.0527943
-0.0530427
-0.0522145
-0.0520515
-0.0515797
-0.0516384
-0.050759
-0.0507856
-0.0508787
-0.0494089
-0.0493912
-0.0474514
-0.0517426
-0.0517469
-0.0518381
-0.0518172
-0.0518681
-0.0519524
-0.0518342
-0.0518616
-0.0518401
-0.0518924
-0.0519202
-0.0520019
-0.0520603
-0.0521991
-0.0520731
-0.0521478
-0.0519765
0.000186585
0.00119318
-0.00299793
-0.0147098
-0.0313263
-0.0459828
-0.0528744
-0.0527728
0.00119724
-0.00117916
-0.000161556
-4.45395e-05
0.000305891
-0.000816549
-0.00793419
-0.00112985
0.000633209
-0.0227838
-0.0125825
-0.00558557
-0.0393658
-0.0306826
-0.0213447
-0.0505394
-0.0460163
-0.0392763
-0.0533601
-0.0522484
-0.0503135
-0.0520111
-0.052043
-0.0524936
0.000826704
-0.000241173
-6.08752e-05
0.000759437
0.00014778
-1.2288e-05
-0.00521699
-0.00231265
-0.00099003
-0.0186312
-0.0134059
-0.00981622
-0.0354702
-0.030668
-0.0261835
-0.0485414
-0.0459149
-0.0427579
-0.0533066
-0.0526528
-0.0518322
-0.0523618
-0.0524194
-0.0527654
0.00132257
-0.00019833
-0.000290874
-0.00117817
-0.00249618
-0.0024687
-0.000757181
-0.00175617
-0.000387398
-0.00128142
-0.000205234
0.000132458
0.000663313
0.00119133
0.000152058
-0.000255387
-0.000973422
-0.0019348
-0.0111176
-0.00673469
-0.0042241
-0.00301391
0.000428925
0.00164713
6.89306e-05
0.00211063
0.00190985
-0.0270559
-0.0217157
-0.0174114
-0.0168105
-0.0119005
-0.00783141
-0.00880243
-0.00435401
-0.00157795
-0.0429013
-0.0390915
-0.0350187
-0.0351508
-0.0309093
-0.0261058
-0.0260249
-0.0212134
-0.0164174
-0.0519733
-0.0504621
-0.0484931
-0.0484811
-0.0461384
-0.0431625
-0.0429298
-0.0395733
-0.0354492
-0.0531434
-0.0530035
-0.0530071
-0.0525235
-0.0518926
-0.0512742
-0.0515456
-0.0501618
-0.0484677
-0.0517968
-0.0518623
-0.0520842
-0.0518644
-0.0518656
-0.051989
-0.0522907
-0.0521185
-0.0521309
0
0.00990871
0.0158268
0.00866502
-0.0093262
-0.0293978
-0.0432959
-0.0483656
-0.0483795
0
0.0122173
0.0145952
-0.000725277
-0.0245563
-0.0430767
-0.0500247
-0.0493454
-0.0481976
0.00447329
0.0116124
0.00659916
0
0.0142285
0.016775
0.0155649
0.0139674
0.00495559
0.00886662
0.000548606
-0.0171068
-0.0125079
-0.0197089
-0.0371202
-0.0351396
-0.0374463
-0.0474769
-0.0479376
-0.0468303
-0.0491889
-0.0501545
-0.0485801
-0.0482973
-0.0485181
0.00496315
0.0161907
0.0128355
-0.0055691
-0.028046
-0.0436269
-0.0490851
-0.0486582
0.00217744
0.00455397
0.00190196
0
0.0123307
0.0157429
0.0143142
0.0110446
0.0153446
0.0138095
0.0153556
0.0168504
0.00490004
-0.00255329
-7.45017e-05
0.00699949
-0.014533
-0.0242328
-0.0227417
-0.0134545
-0.0336721
-0.0408432
-0.0407138
-0.0336337
-0.0453424
-0.0480247
-0.0485204
-0.0455749
-0.0485847
-0.0485725
-0.0489485
-0.0487577
0.00719212
0.00837362
0.0119596
0.00951637
0.00567832
0.00383193
0
0.0154327
0.0170459
0.0159749
0.0156847
0.0160608
0.0143384
0.0117197
0.00931927
0.00243534
0.00446071
0.0111892
0.0122947
-0.0042455
-0.0113166
-0.0206932
-0.0186163
-0.0087921
-0.00646273
-0.0247072
-0.0328749
-0.0401907
-0.0394844
-0.0315738
-0.0301211
-0.0406638
-0.0458679
-0.0489815
-0.0492854
-0.0459624
-0.0458882
-0.0478126
-0.0492716
-0.0494498
-0.0498043
-0.0498527
-0.0502716
-0.0484729
-0.0483193
-0.0484134
-0.0482575
-0.0482906
-0.0486786
-0.0488875
0.00161467
0.0137631
0.0158432
0.00248412
-0.0189457
-0.0375426
-0.0470569
-0.0487251
0.007852
0.00891763
0.0025288
0.0168058
0.0166077
0.0144418
0.0108234
0.00722717
0.0141474
-0.00792903
-0.0147713
-0.00297956
-0.0291684
-0.0362182
-0.0263527
-0.0435167
-0.0477875
-0.043441
-0.0485596
-0.0497521
-0.0496344
-0.048406
-0.0483946
-0.0490582
0.0011449
0.00173888
0.000590102
0
0.0111721
0.013202
0.0124791
0.0105836
0.0156961
0.0157451
0.0164754
0.0165128
0.00686363
0.00370007
0.00481708
0.00787822
-0.0119242
-0.0168467
-0.0162151
-0.0114775
-0.0315935
-0.0357157
-0.0356608
-0.0316353
-0.0443922
-0.0462273
-0.0463841
-0.0444845
-0.0485097
-0.0486315
-0.0487635
-0.0485437
0.00581736
0.00755879
0.00618949
0.004472
0.00666396
0.00863932
0.00729925
0.00528534
0.000774495
0.00216743
0.00118719
0
0.0149241
0.0163045
0.0163939
0.015166
0.0167523
0.0168949
0.0164776
0.0161801
0.0130487
0.0144147
0.013292
0.0118022
0.0129485
0.0113556
0.0124274
0.0140084
0.0111919
0.00835019
0.00932364
0.012094
0.0162052
0.0148333
0.0152082
0.0164523
-0.00180308
-0.00614756
-0.00521097
-0.00103036
-0.00842483
-0.0130145
-0.0117752
-0.00713658
0.00251061
-0.00146965
-0.000208127
0.00376411
-0.0222393
-0.0270615
-0.0267519
-0.0220905
-0.0305268
-0.0345721
-0.0339751
-0.0298235
-0.019955
-0.0245472
-0.0235675
-0.0188854
-0.039128
-0.0421613
-0.0422575
-0.0392362
-0.0448288
-0.0468799
-0.0469584
-0.0448439
-0.0390003
-0.042121
-0.0419074
-0.0386912
-0.0473808
-0.0481791
-0.0483404
-0.047436
-0.0492187
-0.0495526
-0.0498347
-0.0495157
-0.0480637
-0.0491283
-0.049369
-0.048282
-0.0485297
-0.0484228
-0.0484852
-0.0485532
-0.0485253
-0.0484131
-0.0485207
-0.0486847
-0.0490817
-0.0490281
-0.0492585
-0.0493525
0.00323991
0.00301152
0.0047172
0.00335787
0.00171324
0
0.0133557
0.0148553
0.0160607
0.0153679
0.014111
0.0113697
0.0147663
0.0149489
0.0134126
0.0142259
0.0157016
0.0169205
0.00278858
1.8765e-05
-0.00405181
-0.0027775
0.00123624
0.00603073
-0.0171348
-0.021624
-0.0261979
-0.0254446
-0.0208902
-0.0153112
-0.0356267
-0.03927
-0.0422998
-0.0422548
-0.0391972
-0.0354467
-0.0461542
-0.0476001
-0.0485823
-0.0488561
-0.0478265
-0.0465741
-0.0486019
-0.0486572
-0.0486147
-0.0488036
-0.0488402
-0.0489828
0.00857197
0.00948562
0.0100374
0.00811497
0.0104867
0.0120956
0.0109215
0.00921012
0.0080639
0.00612838
0.00407116
0.00516778
0.00308995
0.00225543
0
0.0157347
0.016956
0.0170521
0.0170313
0.0164419
0.0153554
0.0153048
0.0162021
0.0157836
0.0158526
0.015375
0.0150899
0.0144131
0.0133807
0.0102873
0.00900626
0.00723136
0.0101446
0.00492255
0.000948285
0.00195769
0.00593776
0.00678225
0.0101179
0.012803
0.0107229
0.0133031
0.0136034
-0.00676044
-0.0106847
-0.0142191
-0.00963448
-0.0177528
-0.0225702
-0.0216211
-0.0166253
-0.0155677
-0.01057
-0.00585066
-0.00945927
-0.00463265
-0.00353552
-0.0270988
-0.0314651
-0.0350748
-0.0310879
-0.0382926
-0.0416454
-0.0413815
-0.0378461
-0.0374057
-0.0333344
-0.0290276
-0.0327103
-0.028198
-0.0273987
-0.0420546
-0.0446202
-0.046747
-0.0447497
-0.0484581
-0.0495666
-0.0497274
-0.0485909
-0.0486977
-0.0469922
-0.0447915
-0.0470093
-0.0446923
-0.0445841
-0.0481372
-0.0486943
-0.0492569
-0.0489333
-0.0496188
-0.0494546
-0.0495812
-0.0498439
-0.0500014
-0.0500733
-0.0497905
-0.050252
-0.0500218
-0.0502043
-0.0484161
-0.048339
-0.0483476
-0.0483054
-0.0483354
-0.0484066
-0.0482842
-0.0483069
-0.0482305
-0.0482275
-0.0483541
-0.0483831
-0.0486258
-0.0488614
-0.0486861
-0.0490167
-0.0491096
0.000670894
0.0119586
0.0162493
0.00586714
-0.0141676
-0.0337415
-0.0454261
-0.0486155
0.00599925
0.00696104
0.000946571
0.0158435
0.0166762
0.0131968
0.0127901
0.0103372
0.0157865
-0.00355165
-0.0100633
0.00121436
-0.024618
-0.0322706
-0.021754
-0.0407739
-0.0459445
-0.0404937
-0.0478608
-0.0495706
-0.0487684
-0.0484876
-0.0485355
-0.0491991
0.00303042
0.0031312
0.000649026
0.0142752
0.0151958
0.0128217
0.0149937
0.0146842
0.0164461
0.00139332
-0.00135903
0.00370623
-0.0194936
-0.0235872
-0.0181239
-0.0375484
-0.0408296
-0.0374003
-0.0468947
-0.0482606
-0.0472669
-0.0486059
-0.0487316
-0.0489288
0.00910189
0.00978386
0.0064068
0.010267
0.0107034
0.00767124
0.00366563
0.00458365
0.00155631
0.0165264
0.0171117
0.0166738
0.0168199
0.0159347
0.0161765
0.015417
0.0152621
0.0133499
0.00971178
0.00818226
0.0118917
0.00614991
0.00353291
0.00814385
0.0135963
0.0118476
0.0144804
-0.00879693
-0.0124734
-0.00681924
-0.015964
-0.0196253
-0.0135973
-0.00426332
-0.00757097
-0.00178145
-0.0294041
-0.0333385
-0.0287023
-0.0367145
-0.0398397
-0.0356761
-0.027243
-0.0308379
-0.025436
-0.0433972
-0.0457365
-0.0436044
-0.0476552
-0.0491514
-0.047876
-0.0435697
-0.0459348
-0.0432649
-0.0484027
-0.048989
-0.0488019
-0.0494749
-0.0496619
-0.049986
-0.0493724
-0.0500906
-0.0498527
-0.0483701
-0.048338
-0.0485034
-0.0483284
-0.0482737
-0.0484715
-0.048853
-0.0488099
-0.049235
