FiniteElementSpace
FiniteElementCollection: L2_2D_P3
VDim: 1
Ordering: 0

0.00860038
0.00409264
0.00566795
0.00801878
0.0031772
0.00223321
0.00414475
0.00666553
0.00091217
0.00106096
0.0025039
0.0043104
0.000752945
0.000786967
0.00152834
0.00242624
0.00693989
0.00687575
0.00676167
0.00665166
0.00514413
0.00510464
0.00502626
0.00494615
0.00330971
0.0032919
0.00324654
0.00319525
0.00224167
0.002235
0.00220685
0.00217081
0.00504295
0.00491783
0.00474174
0.00459763
0.00384087
0.00375302
0.00362661
0.00352123
0.00256421
0.00251287
0.00243579
0.0023694
0.00179081
0.00175966
0.00171015
0.00166579
0.00328309
0.00320624
0.00309975
0.00301367
0.00254744
0.00248898
0.00240705
0.00234018
0.00174418
0.00170546
0.00165014
0.00160427
0.00124309
0.0012164
0.00117745
0.00114459
0.00223571
0.00218151
0.00210714
0.00204751
0.00173277
0.00169069
0.00163247
0.00158547
0.00118637
0.00115784
0.00111784
0.00108518
0.000847006
0.000827164
0.000798881
0.00077549
0.00134638
0.00128687
0.00120924
0.00114989
0.00104651
0.00100124
0.000942052
0.000896726
0.000724295
0.000694426
0.000655281
0.000625265
0.000526679
0.000506341
0.000479669
0.000459236
0.000500514
0.000456602
0.000402201
0.00036275
0.000401551
0.000367373
0.000325175
0.000294688
0.000295791
0.000272126
0.000243165
0.00022245
0.000231765
0.00021458
0.000193821
0.000179195
6.07791e-05
4.93944e-05
3.63854e-05
2.78083e-05
5.46545e-05
4.49711e-05
3.39289e-05
2.66525e-05
4.87501e-05
4.08669e-05
3.19359e-05
2.60807e-05
4.58776e-05
3.9025e-05
3.13294e-05
2.63271e-05
0.00665126
0.00679135
0.00695029
0.00705223
0.0051666
0.00521613
0.00525628
0.00526707
0.00352501
0.00351075
0.00347044
0.00342258
0.00248691
0.00245524
0.00239519
0.0023342
5.11004e-05
5.34227e-05
5.37767e-05
5.21359e-05
8.83564e-06
7.35488e-06
6.59761e-06
6.88603e-06
0.000211472
0.000199916
0.000191036
0.000188833
0.00054184
0.000521645
0.0005051
0.000499789
0.000514292
0.000278521
0.000110354
4.95287e-05
0.000476972
0.000255673
0.000103027
5.15436e-05
0.000403527
0.000244525
0.000224133
0.000287658
0.000345226
0.000260004
0.000416651
0.000636241
0.00611635
0.00599398
0.00581368
0.00566059
0.00458687
0.00450586
0.00438152
0.00427263
0.00299711
0.00295465
0.00288352
0.00281749
0.00205535
0.00203315
0.00199034
0.00194744
7.67893e-05
8.14755e-05
8.54364e-05
8.6895e-05
3.07544e-05
3.17183e-05
3.38026e-05
3.60141e-05
0.000169585
0.000162083
0.000156468
0.00015526
0.000418393
0.000401799
0.000386504
0.000379511
5.19697e-05
5.68947e-05
6.00364e-05
6.00649e-05
1.36079e-05
1.52544e-05
1.80303e-05
2.06956e-05
0.000188567
0.000183388
0.000181518
0.000183809
0.000484407
0.000472076
0.00046356
0.000462782
0.00405753
0.00395485
0.00381247
0.00369737
0.00312826
0.00305288
0.00294681
0.00285997
0.00212354
0.00207613
0.00200766
0.0019504
0.00150337
0.00147217
0.00142571
0.00138594
9.54157e-05
9.44258e-05
9.24724e-05
9.04616e-05
3.71992e-05
3.56931e-05
3.43927e-05
3.38438e-05
9.70924e-05
9.14647e-05
8.63567e-05
8.40457e-05
0.000240441
0.000229215
0.00021791
0.000211678
9.63442e-05
9.77708e-05
9.84531e-05
9.80923e-05
4.00767e-05
3.945e-05
3.94734e-05
4.00764e-05
0.000133675
0.000126386
0.000120059
0.000117522
0.000324955
0.00030973
0.000294649
0.000286597
0.0027029
0.00264318
0.00256035
0.00249331
0.002099
0.00205259
0.0019876
0.00193458
0.00143926
0.00140769
0.00136275
0.00132559
0.00102727
0.00100512
0.000973004
0.000946052
6.73533e-05
6.62068e-05
6.42735e-05
6.2478e-05
2.18278e-05
2.11922e-05
2.06257e-05
2.03859e-05
5.32047e-05
5.11405e-05
4.95463e-05
4.9136e-05
0.000143105
0.000138492
0.000134164
0.000132103
8.1927e-05
8.03287e-05
7.77391e-05
7.53698e-05
2.86516e-05
2.73383e-05
2.60436e-05
2.53365e-05
6.94678e-05
6.58635e-05
6.26782e-05
6.13329e-05
0.000180228
0.000173001
0.000165871
0.000162088
0.00179795
0.00174134
0.00166547
0.00160595
0.00139227
0.0013489
0.00129044
0.00124436
0.00095444
0.000925595
0.000886363
0.000855206
0.000684423
0.000664711
0.000637629
0.000615953
5.55713e-05
5.57342e-05
5.60163e-05
5.63351e-05
2.3623e-05
2.41414e-05
2.52678e-05
2.65012e-05
4.20741e-05
4.11005e-05
4.0769e-05
4.12368e-05
0.000100706
9.72015e-05
9.39321e-05
9.24157e-05
5.79394e-05
5.75185e-05
5.67065e-05
5.59209e-05
1.99913e-05
2.00277e-05
2.03533e-05
2.08286e-05
4.54146e-05
4.41554e-05
4.34486e-05
4.36145e-05
0.000119767
0.000116199
0.000112947
0.000111513
0.000895479
0.000839485
0.000768309
0.000715289
0.000703669
0.000660845
0.000606458
0.000565996
0.000498027
0.000469385
0.00043316
0.000406347
0.000372472
0.000352566
0.00032759
0.00030928
6.3658e-05
6.308e-05
6.31949e-05
6.39782e-05
4.02773e-05
4.02805e-05
4.12222e-05
4.26792e-05
3.93345e-05
3.81849e-05
3.77864e-05
3.83277e-05
6.09111e-05
5.74601e-05
5.42364e-05
5.27393e-05
5.91009e-05
5.9313e-05
6.00802e-05
6.10936e-05
3.15981e-05
3.21892e-05
3.36649e-05
3.53656e-05
4.05857e-05
3.96283e-05
3.94008e-05
4.0018e-05
8.10144e-05
7.7386e-05
7.39388e-05
7.22795e-05
0.000216324
0.000189415
0.000157081
0.000134413
0.000180107
0.00015851
0.00013268
0.000114661
0.000141939
0.000126087
0.000107331
9.4399e-05
0.000119498
0.000107161
9.27627e-05
8.29889e-05
5.00146e-05
4.68247e-05
4.36935e-05
4.203e-05
3.82108e-05
3.59237e-05
3.38886e-05
3.30044e-05
2.9479e-05
2.75061e-05
2.58525e-05
2.5242e-05
2.78463e-05
2.54554e-05
2.32963e-05
2.23317e-05
6.21292e-05
6.01518e-05
5.86434e-05
5.82971e-05
4.39349e-05
4.27853e-05
4.23248e-05
4.27533e-05
3.63443e-05
3.48002e-05
3.38732e-05
3.39764e-05
4.27843e-05
3.98259e-05
3.71573e-05
3.60023e-05
6.35076e-06
4.23363e-06
2.13304e-06
1.01985e-06
7.23888e-06
5.01593e-06
2.74994e-06
1.48327e-06
8.51097e-06
6.13108e-06
3.66565e-06
2.23922e-06
9.5762e-06
7.03402e-06
4.40481e-06
2.87765e-06
9.13107e-06
7.00819e-06
4.80887e-06
3.50227e-06
7.66491e-06
5.87252e-06
4.02459e-06
2.93117e-06
5.97225e-06
4.54195e-06
3.08268e-06
2.229e-06
4.83528e-06
3.63361e-06
2.42577e-06
1.73237e-06
2.94486e-05
2.60686e-05
2.24642e-05
2.02473e-05
2.38397e-05
2.11651e-05
1.83885e-05
1.67382e-05
1.82952e-05
1.62092e-05
1.41261e-05
1.29557e-05
1.53624e-05
1.34748e-05
1.16334e-05
1.064e-05
0.00621466
0.00629259
0.00640077
0.00646823
0.00515191
0.00514671
0.00511974
0.00508397
0.00363061
0.00361584
0.00358373
0.0035489
0.00245086
0.00249525
0.00254291
0.00257312
0.00193044
0.00195668
0.00202594
0.00208345
0.00105918
0.00111437
0.00119279
0.00125075
0.000368955
0.000405836
0.000453573
0.000487593
0.000107631
0.000120206
0.00013569
0.000145313
0.000683705
0.000604898
0.00113847
0.00181632
0.000525293
0.000420027
0.000680138
0.0010554
0.000505476
0.000317627
0.000300727
0.000394357
0.000519032
0.000285955
0.000149727
0.000121719
0.00659211
0.00648933
0.0063297
0.00618868
0.00490782
0.00484243
0.00473429
0.00463459
0.00317525
0.00314356
0.00308318
0.00302284
0.00215969
0.00214522
0.00210959
0.00206996
0.00170991
0.00170187
0.00167651
0.00164608
0.00102159
0.00102129
0.00100979
0.000992774
0.000411074
0.00041622
0.000415998
0.000410695
0.000143558
0.000149891
0.000153669
0.000153277
0.00177019
0.00176724
0.00174628
0.00171738
0.00105295
0.00105392
0.00104245
0.00102416
0.000415266
0.000419686
0.000417447
0.000409797
0.000135543
0.00014118
0.000143278
0.000141003
0.0045274
0.00441191
0.00425099
0.00412036
0.00347148
0.00338847
0.00327073
0.00317372
0.00233912
0.00228863
0.00221468
0.00215214
0.00164614
0.00161407
0.00156515
0.00152253
0.00133198
0.00130764
0.00126956
0.00123578
0.000837152
0.000824226
0.000802595
0.000782515
0.000382028
0.00037831
0.000370543
0.000362422
0.000169208
0.000168711
0.000166408
0.000163409
0.00144227
0.00141943
0.0013817
0.00134703
0.000896331
0.000885397
0.000865165
0.000845276
0.000399263
0.000397579
0.000391705
0.000384478
0.000170835
0.000172079
0.000171541
0.000169536
0.0029731
0.00290627
0.00281356
0.00273852
0.00230919
0.00225768
0.00218548
0.00212653
0.00158331
0.0015486
0.0014991
0.00145809
0.00112975
0.00110554
0.00107031
0.00104067
0.000921495
0.000902014
0.000873351
0.00084902
0.000590853
0.000578803
0.000560614
0.000544865
0.000279142
0.000273804
0.000265312
0.000257676
0.000127228
0.000124894
0.000120982
0.000117342
0.00101325
0.000991914
0.00096039
0.00093354
0.00064845
0.00063545
0.000615695
0.000598499
0.000305684
0.00030005
0.000290982
0.000282757
0.000139564
0.000137086
0.000132896
0.000128969
0.00201715
0.00196232
0.00188789
0.00182879
0.00156211
0.0015198
0.00146197
0.00141578
0.00106943
0.00104103
0.00100174
0.000970056
0.000764537
0.000744964
0.000717514
0.000695134
0.000625035
0.000609477
0.00058748
0.000569433
0.000403595
0.000394259
0.000380797
0.000369589
0.000194375
0.000190787
0.000185363
0.000180704
9.19978e-05
9.11045e-05
8.95871e-05
8.82079e-05
0.000691553
0.000675678
0.000652831
0.000633795
0.000444959
0.00043528
0.000421025
0.000408941
0.00021197
0.00020803
0.0002019
0.000196505
9.79736e-05
9.67329e-05
9.45778e-05
9.25622e-05
0.00111793
0.00105909
0.000983337
0.000926179
0.000872782
0.000827979
0.000770259
0.000726694
0.000609716
0.000580034
0.000541834
0.000513061
0.000448729
0.000428372
0.000402278
0.000382732
0.000374745
0.000358596
0.000337967
0.000322583
0.000254721
0.000245028
0.000232812
0.000223852
0.000140281
0.000136552
0.000132192
0.000129297
8.33986e-05
8.24688e-05
8.18757e-05
8.19462e-05
0.000436142
0.000420099
0.000399067
0.000382976
0.000290645
0.00028117
0.000268803
0.000259409
0.000152499
0.000149064
0.000144771
0.000141695
8.4316e-05
8.3694e-05
8.32572e-05
8.3268e-05
0.000342326
0.000306689
0.000263158
0.000232072
0.000278994
0.000250884
0.000216693
0.000192389
0.000211611
0.000191643
0.000167603
0.000150709
0.000171217
0.00015626
0.000138504
0.000126224
0.000151888
0.000139253
0.000124383
0.000114202
0.000117466
0.000108618
9.8457e-05
9.17032e-05
8.36664e-05
7.84571e-05
7.28478e-05
6.94289e-05
6.60671e-05
6.2687e-05
5.93911e-05
5.76858e-05
0.000201646
0.000187431
0.000170409
0.000158537
0.000149925
0.000140442
0.000129377
0.000121898
9.95945e-05
9.46056e-05
8.9234e-05
8.59837e-05
7.37437e-05
7.09688e-05
6.84379e-05
6.7324e-05
2.39961e-05
1.81676e-05
1.18215e-05
7.90439e-06
2.33784e-05
1.81056e-05
1.23337e-05
8.72927e-06
2.3218e-05
1.84975e-05
1.33204e-05
1.00613e-05
2.36303e-05
1.91633e-05
1.4283e-05
1.12159e-05
2.34133e-05
1.91118e-05
1.43978e-05
1.14169e-05
2.1966e-05
1.81125e-05
1.39034e-05
1.12448e-05
2.04549e-05
1.70605e-05
1.3379e-05
1.1065e-05
1.96166e-05
1.64744e-05
1.30878e-05
1.09703e-05
4.40309e-05
3.77052e-05
3.06138e-05
2.60073e-05
3.92288e-05
3.39373e-05
2.80597e-05
2.42757e-05
3.43338e-05
3.00745e-05
2.54195e-05
2.24735e-05
3.16647e-05
2.79553e-05
2.39583e-05
2.14686e-05
0.00705164
0.00705362
0.00702244
0.00697277
0.00525732
0.00525221
0.00521605
0.00516591
0.00340756
0.00340025
0.00336668
0.00332275
0.00231945
0.00231474
0.00228759
0.00225085
0.00183791
0.00183362
0.00180976
0.00177761
0.00110164
0.00109863
0.00108096
0.00105715
0.000436838
0.000437219
0.000428973
0.000416214
0.000139456
0.000142374
0.000140477
0.000134803
0.00199421
0.00196484
0.00190857
0.00185219
0.00119867
0.00118325
0.00114923
0.00111306
0.000471373
0.000469753
0.000458588
0.000443514
0.000144516
0.000148067
0.00014727
0.00014273
5.03558e-05
5.32271e-05
5.32901e-05
5.07967e-05
7.37623e-06
8.4095e-06
1.03114e-05
1.23085e-05
0.000189644
0.000185397
0.000185009
0.000188684
0.000498939
0.000489124
0.000484384
0.000486963
0.000719233
0.000705604
0.000697782
0.000699387
0.0012388
0.00121589
0.00119983
0.00119804
0.00211949
0.0020817
0.00205101
0.00204158
0.00294534
0.00289355
0.00284839
0.00283075
0.000765678
0.000743194
0.000725703
0.000721015
0.00127964
0.00125691
0.00124263
0.00124321
0.00214093
0.00212243
0.00211822
0.00213012
0.00294303
0.00293124
0.00293919
0.00296303
3.42561e-05
3.81064e-05
4.44545e-05
4.89497e-05
2.24891e-05
1.68931e-05
1.20738e-05
9.85676e-06
0.000243026
0.000232496
0.000224326
0.000222039
0.000587217
0.000574627
0.000566191
0.000562987
0.000839546
0.000816359
0.000795021
0.000787118
0.001364
0.00132597
0.00129341
0.00128125
0.00215918
0.00212456
0.00210619
0.00211107
0.00282537
0.00281371
0.00284269
0.00289111
0.000318493
0.000282716
0.000567817
0.000911285
0.000310655
0.000389617
0.00096019
0.00160047
0.000664268
0.000706357
0.00162187
0.00259152
0.00147706
0.00116595
0.00224243
0.00333506
0.00558374
0.00545519
0.00527116
0.00511843
0.00422062
0.00413275
0.00400322
0.00389318
0.0027882
0.00273926
0.00266275
0.00259489
0.00192998
0.00190207
0.0018545
0.00180996
0.00154564
0.00152617
0.00149083
0.0014565
0.000947779
0.000939985
0.000922338
0.000903317
0.000409165
0.000410062
0.000406591
0.000400502
0.000166176
0.000169494
0.000170995
0.000170076
0.0016361
0.00162183
0.00159086
0.0015581
0.000989175
0.000985266
0.000970928
0.000953132
0.000411916
0.00041541
0.00041421
0.000409036
0.000155963
0.000161219
0.000164453
0.000164284
8.89693e-05
9.2096e-05
9.45584e-05
9.52521e-05
3.70171e-05
3.71805e-05
3.82539e-05
3.96924e-05
0.000152583
0.000144938
0.000138652
0.000136541
0.000372355
0.000355914
0.000340042
0.000331997
0.000531176
0.000508872
0.000486536
0.00047441
0.000906986
0.000871416
0.000834151
0.000812341
0.00154947
0.00149295
0.00143124
0.00139282
0.00215281
0.00207729
0.00199298
0.00193891
0.000596608
0.00057394
0.000552114
0.000541147
0.00101667
0.000980338
0.000943493
0.000923092
0.00173127
0.00167365
0.00161242
0.00157584
0.00240115
0.00232435
0.00224069
0.00218888
6.268e-05
6.81884e-05
7.26381e-05
7.40482e-05
2.23121e-05
2.38458e-05
2.65894e-05
2.92741e-05
0.000182382
0.000175691
0.000171546
0.000171814
0.000457694
0.000442433
0.000429563
0.000424985
0.00065387
0.000632796
0.00061393
0.000605942
0.00111484
0.00108073
0.00104809
0.00103193
0.00189578
0.00184163
0.0017867
0.00175634
0.00262661
0.0025545
0.00247914
0.00243538
0.000695154
0.000677795
0.000664473
0.000661327
0.00119003
0.00116125
0.00113662
0.00112747
0.00202695
0.00198053
0.0019372
0.00191696
0.00280972
0.00274742
0.00268672
0.00265571
0.00364261
0.00355342
0.00342992
0.00333018
0.00281956
0.00275283
0.00265925
0.00258284
0.00192422
0.00188103
0.00181914
0.00176767
0.00136796
0.00133877
0.00129588
0.00125952
0.00111347
0.00109039
0.00105599
0.0010265
0.000710019
0.000696341
0.000675254
0.00065671
0.000332925
0.000327332
0.000318059
0.000309479
0.000151754
0.000149442
0.000145336
0.000141369
0.00122076
0.0011965
0.00115972
0.00112779
0.000773853
0.000760089
0.000738258
0.000718676
0.000359128
0.000354119
0.000345224
0.000336648
0.000162258
0.000160571
0.000157061
0.000153389
8.94364e-05
8.79467e-05
8.54487e-05
8.31041e-05
3.30894e-05
3.15746e-05
3.01378e-05
2.93996e-05
8.18445e-05
7.72474e-05
7.30891e-05
7.12235e-05
0.000207078
0.00019797
0.000188849
0.000183872
0.000301834
0.000289618
0.000276983
0.000269715
0.000529762
0.000510418
0.000489558
0.000476781
0.000925937
0.000894938
0.000860186
0.00083775
0.00130006
0.00125841
0.00121079
0.00117927
0.00034773
0.000332696
0.00031708
0.000308032
0.000604806
0.000581055
0.000555373
0.000539574
0.00105021
0.00101227
0.000969661
0.000942084
0.00147026
0.00141932
0.00136099
0.00132231
9.82274e-05
9.82167e-05
9.73409e-05
9.60107e-05
3.98942e-05
3.86809e-05
3.78695e-05
3.77736e-05
0.0001147
0.000108129
0.000102245
9.96731e-05
0.000280144
0.00026678
0.000253367
0.000246023
0.000402496
0.000384556
0.000365979
0.000355272
0.00069446
0.000666075
0.000635477
0.000616743
0.00119836
0.00115311
0.00110245
0.00106979
0.00167298
0.00161229
0.001543
0.00149721
0.000464721
0.000444186
0.000423162
0.000411282
0.000796827
0.00076422
0.000729415
0.000708427
0.00136741
0.00131552
0.00125792
0.00122124
0.0019041
0.0018346
0.00175589
0.0017044
0.00246094
0.00240533
0.00232846
0.00226642
0.00190944
0.00186612
0.0018057
0.00175659
0.00130834
0.00127882
0.00123702
0.00120262
0.000933799
0.000913124
0.000883327
0.00085845
0.000762009
0.000745382
0.000721167
0.00070079
0.000489464
0.000479194
0.000463872
0.000450739
0.000231944
0.000227556
0.000220638
0.000214477
0.000105951
0.000104319
0.000101511
9.88779e-05
0.000838117
0.000820266
0.000794101
0.000771959
0.000537898
0.000526812
0.000510155
0.00049579
0.000254384
0.000249505
0.000241772
0.000234849
0.000115812
0.000113794
0.000110376
0.000107188
6.18124e-05
6.10251e-05
5.96277e-05
5.83037e-05
2.0219e-05
1.99348e-05
1.98121e-05
1.99121e-05
4.85214e-05
4.6944e-05
4.58771e-05
4.58002e-05
0.000130378
0.000126459
0.000122861
0.000121239
0.000193745
0.000188118
0.000182598
0.00017973
0.000348247
0.000338693
0.000328659
0.000322777
0.000620395
0.00060455
0.000587056
0.000576016
0.000880417
0.000858999
0.000834815
0.000819086
0.000212496
0.000206045
0.000199661
0.000196279
0.000381122
0.000370447
0.000359238
0.000352664
0.00067688
0.000659392
0.000640136
0.000628023
0.000958252
0.000934694
0.000908169
0.000890978
7.42499e-05
7.28052e-05
7.04449e-05
6.82833e-05
2.47243e-05
2.37298e-05
2.27541e-05
2.22327e-05
6.00197e-05
5.72769e-05
5.49698e-05
5.4129e-05
0.000159275
0.000153564
0.000148058
0.000145272
0.000235549
0.000227728
0.00021986
0.000215554
0.000420302
0.000407635
0.000394224
0.000386246
0.000743258
0.000722715
0.000699982
0.000685576
0.0010495
0.00102187
0.000990629
0.000970267
0.000264784
0.000255024
0.000245042
0.000239412
0.000468912
0.000453334
0.000436667
0.000426581
0.000824718
0.000799635
0.000771673
0.000753762
0.00116129
0.00112758
0.00108922
0.001064
0.00157431
0.00151581
0.00143846
0.00137856
0.00122046
0.00117586
0.00111666
0.00107066
0.000839537
0.000810069
0.000770721
0.000740004
0.000605326
0.00058528
0.000558365
0.000537275
0.000498189
0.000482395
0.000461126
0.00044443
0.000327114
0.000317825
0.000305253
0.000295362
0.000165138
0.000161826
0.000157367
0.000153915
8.55771e-05
8.5044e-05
8.44664e-05
8.41749e-05
0.00056095
0.000545373
0.000523844
0.000506537
0.000364559
0.000355339
0.000342423
0.000331937
0.000178903
0.000175535
0.000170685
0.00016669
8.79592e-05
8.73197e-05
8.63554e-05
8.55753e-05
5.68122e-05
5.70931e-05
5.77358e-05
5.84916e-05
2.72251e-05
2.785e-05
2.92382e-05
3.07703e-05
4.12034e-05
4.02635e-05
4.00124e-05
4.05738e-05
9.10218e-05
8.74373e-05
8.4049e-05
8.24343e-05
0.000130249
0.000124703
0.000118943
0.000115646
0.000227991
0.000217878
0.00020649
0.000199109
0.000406633
0.000389045
0.000368356
0.000354169
0.000582366
0.00055796
0.000528745
0.000508294
0.000146544
0.000141173
0.000135682
0.00013262
0.000259875
0.000250176
0.000239439
0.000232636
0.000464194
0.00044749
0.000428133
0.000415102
0.000663271
0.000640252
0.000613072
0.000594353
5.58687e-05
5.57797e-05
5.55494e-05
5.533e-05
2.11496e-05
2.14607e-05
2.22147e-05
2.30791e-05
4.33907e-05
4.23198e-05
4.1845e-05
4.21849e-05
0.000110144
0.000106679
0.000103495
0.000102067
0.000162097
0.00015687
0.000151632
0.000148808
0.000289805
0.00028051
0.000270434
0.000264237
0.000517737
0.000501912
0.000483908
0.00047207
0.000738095
0.000716442
0.000691301
0.000674343
0.000177464
0.000172201
0.000167014
0.000164298
0.000318659
0.000309496
0.000299758
0.000293945
0.000568778
0.000553377
0.000536168
0.000525124
0.000809028
0.000788098
0.000764196
0.000748414
0.000687037
0.000636126
0.000572226
0.000525244
0.000544702
0.00050548
0.000456361
0.000420342
0.000392274
0.000365652
0.000332537
0.000308443
0.000299504
0.000280645
0.000257444
0.000240779
0.00025634
0.000241013
0.000222304
0.000208988
0.000184069
0.000174275
0.000162608
0.000154548
0.000114301
0.000109702
0.0001047
0.000101654
7.8914e-05
7.68257e-05
7.50947e-05
7.45442e-05
0.000314485
0.000298533
0.000278639
0.000264158
0.000219154
0.000209319
0.0001973
0.000188765
0.000127751
0.000123606
0.000118982
0.00011608
8.19003e-05
8.04606e-05
7.94149e-05
7.92866e-05
6.40612e-05
6.28185e-05
6.21962e-05
6.24953e-05
4.3091e-05
4.25613e-05
4.28809e-05
4.3903e-05
3.82037e-05
3.68769e-05
3.62572e-05
3.66273e-05
5.14716e-05
4.8241e-05
4.52763e-05
4.39496e-05
6.29569e-05
5.82295e-05
5.34075e-05
5.07257e-05
9.42962e-05
8.59505e-05
7.65393e-05
7.04325e-05
0.000160783
0.000146052
0.000128557
0.000116433
0.000231584
0.000210681
0.000185384
0.000167464
7.88148e-05
7.3594e-05
6.81768e-05
6.50802e-05
0.000125738
0.000116295
0.000105539
9.84673e-05
0.000219166
0.000202467
0.000182532
0.00016863
0.00031568
0.000292092
0.000263439
0.000243051
6.16904e-05
6.16144e-05
6.22095e-05
6.32399e-05
3.61875e-05
3.65736e-05
3.79082e-05
3.95937e-05
4.0037e-05
3.9011e-05
3.87398e-05
3.93578e-05
7.08692e-05
6.72809e-05
6.38862e-05
6.22674e-05
9.58171e-05
9.02901e-05
8.45036e-05
8.11485e-05
0.000159653
0.000149547
0.000138003
0.000130381
0.000281789
0.00026397
0.000242696
0.000227852
0.000405312
0.000380276
0.000349882
0.000328262
0.000113196
0.000107571
0.00010168
9.8262e-05
0.00019426
0.000183955
0.000172228
0.000164522
0.000345245
0.000327181
0.000305719
0.000290827
0.000495573
0.000470343
0.000439861
0.000418295
0.000123255
0.000104676
8.28106e-05
6.7853e-05
0.000105784
9.0519e-05
7.26307e-05
6.04445e-05
8.77734e-05
7.60748e-05
6.25014e-05
5.33487e-05
7.76383e-05
6.80846e-05
5.71334e-05
4.98458e-05
7.23283e-05
6.38122e-05
5.41033e-05
4.7679e-05
6.12741e-05
5.45976e-05
4.71039e-05
4.22322e-05
5.01788e-05
4.53137e-05
4.00159e-05
3.6695e-05
4.42276e-05
4.03099e-05
3.61709e-05
3.36765e-05
0.000108441
9.77593e-05
8.53876e-05
7.70615e-05
8.76084e-05
7.97144e-05
7.07616e-05
6.48848e-05
6.69435e-05
6.17617e-05
5.61543e-05
5.26897e-05
5.60265e-05
5.22361e-05
4.83616e-05
4.6159e-05
4.03724e-05
3.69216e-05
3.33508e-05
3.1261e-05
3.18133e-05
2.91991e-05
2.66292e-05
2.524e-05
2.43313e-05
2.22366e-05
2.029e-05
1.93415e-05
2.13748e-05
1.92409e-05
1.72534e-05
1.62858e-05
1.94682e-05
1.72408e-05
1.51528e-05
1.4128e-05
1.65479e-05
1.39843e-05
1.14434e-05
1.00696e-05
1.84338e-05
1.47086e-05
1.07244e-05
8.31393e-06
2.41943e-05
1.90479e-05
1.33316e-05
9.6995e-06
2.72287e-05
2.44399e-05
2.18015e-05
2.05023e-05
2.80443e-05
2.41845e-05
2.01741e-05
1.78492e-05
3.83372e-05
3.20849e-05
2.50781e-05
2.05625e-05
5.33018e-05
4.44644e-05
3.42507e-05
2.74133e-05
5.74369e-05
5.47711e-05
5.23743e-05
5.13319e-05
4.23469e-05
4.05786e-05
3.929e-05
3.90484e-05
3.34893e-05
3.17162e-05
3.04265e-05
3.01881e-05
3.4931e-05
3.22615e-05
2.98733e-05
2.88477e-05
3.69545e-05
3.35204e-05
3.01931e-05
2.84928e-05
4.4718e-05
3.93466e-05
3.35537e-05
3.00133e-05
6.86738e-05
5.95094e-05
4.89382e-05
4.18704e-05
9.77135e-05
8.46738e-05
6.92467e-05
5.86149e-05
4.88804e-05
4.47745e-05
4.06857e-05
3.8499e-05
6.69277e-05
5.99972e-05
5.23197e-05
4.74535e-05
0.000109839
9.77246e-05
8.34938e-05
7.37631e-05
0.000157734
0.000140496
0.000119806
0.000105297
6.7533e-07
3.47516e-07
1.13082e-07
8.27845e-08
1.03733e-06
5.73282e-07
1.80933e-07
6.32572e-08
1.60009e-06
9.28882e-07
3.436e-07
1.34822e-07
2.10899e-06
1.22337e-06
5.0385e-07
2.55624e-07
2.19196e-06
1.26813e-06
4.75379e-07
2.02227e-07
2.33808e-06
1.3273e-06
4.52758e-07
1.33919e-07
2.54797e-06
1.43016e-06
4.61934e-07
9.27561e-08
2.71636e-06
1.53199e-06
5.04119e-07
1.00801e-07
9.76563e-06
7.21254e-06
4.5633e-06
3.01129e-06
9.6711e-06
7.23497e-06
4.70115e-06
3.20557e-06
9.58155e-06
7.27319e-06
4.87271e-06
3.44798e-06
9.5476e-06
7.31416e-06
4.99553e-06
3.61677e-06
2.63496e-06
1.4772e-06
4.78572e-07
9.41722e-08
2.18347e-06
1.18274e-06
3.4794e-07
6.69994e-08
1.65411e-06
8.58558e-07
2.34485e-07
8.54754e-08
1.30153e-06
6.53003e-07
1.85832e-07
1.38112e-07
1.11517e-06
5.5122e-07
1.97871e-07
1.90843e-07
5.4912e-07
2.62192e-07
7.14661e-08
8.40963e-08
1.90667e-07
7.01112e-08
1.16884e-09
3.61004e-08
2.02083e-07
9.16371e-08
4.22325e-08
7.83627e-08
4.05015e-06
3.02809e-06
2.0198e-06
1.45764e-06
2.23895e-06
1.63555e-06
1.0521e-06
7.3419e-07
6.89042e-07
4.58006e-07
2.72421e-07
2.02754e-07
1.22353e-07
7.29828e-08
9.68026e-08
1.72231e-07
1.85234e-05
1.55881e-05
1.24403e-05
1.04821e-05
1.53354e-05
1.2927e-05
1.03758e-05
8.80921e-06
1.18924e-05
1.00059e-05
8.04807e-06
6.87482e-06
9.77109e-06
8.16219e-06
6.52669e-06
5.57425e-06
8.19951e-06
6.7989e-06
5.42343e-06
4.66474e-06
4.92145e-06
3.95084e-06
3.04284e-06
2.57977e-06
2.30119e-06
1.59927e-06
9.99366e-07
7.54358e-07
1.52092e-06
8.41346e-07
2.88177e-07
1.04764e-07
1.32645e-05
1.14919e-05
9.80492e-06
8.93711e-06
9.27072e-06
7.67822e-06
6.17107e-06
5.40846e-06
7.27596e-06
5.43701e-06
3.62295e-06
2.65212e-06
8.14721e-06
5.78438e-06
3.35824e-06
1.9867e-06
