FiniteElementSpace
FiniteElementCollection: H1_2D_P2
VDim: 2
Ordering: 0

0
0.885121
1.73709
2.55215
3.32116
4.03905
4.7137
5.36759
6.02401
0
1.07276
2.10371
3.05456
3.92526
4.71952
5.44327
6.11779
6.77524
0.447758
0.983318
0.535623
0
1.31511
1.92757
1.59728
2.14983
2.81107
2.58952
2.94292
3.6308
3.49959
3.6864
4.38591
4.33182
4.38062
5.08267
5.0893
5.04157
5.74393
5.78473
5.69459
6.39948
6.44672
0.494908
1.4623
2.37728
3.22896
4.01639
4.74054
5.41579
6.07086
0.225861
0.47245
0.248323
0
1.10104
1.39122
1.22431
0.935824
1.94469
2.26646
2.15441
1.83522
2.74905
3.08856
3.02201
2.68438
3.5054
3.85386
3.82563
3.47851
4.21108
4.56266
4.56497
4.21481
4.87807
5.2299
5.25011
4.89988
5.53083
5.88299
5.90733
5.55648
0.667434
0.73996
1.02863
0.805296
0.515617
0.265243
0
1.52718
1.69681
2.01643
1.85298
1.53045
1.33701
2.35237
2.59617
2.93395
2.8246
2.48437
2.34924
3.13365
3.4319
3.77933
3.71482
3.36554
3.27953
3.86423
4.20311
4.55375
4.52799
4.17533
4.13092
4.54803
4.91297
5.26339
5.26808
4.91567
4.90655
5.20461
5.58023
5.93072
5.95204
5.60036
5.61531
5.859
6.21174
6.23482
6.58722
6.61084
6.25857
6.28252
0.239452
1.1648
2.05248
2.88821
3.66802
4.39025
5.06555
5.71956
0.704768
0.773203
0.256389
1.61476
1.77562
1.28127
2.47711
2.71143
2.2527
3.28535
3.57466
3.15197
4.03608
4.3667
3.97955
4.7324
5.09111
4.73666
5.39339
5.7661
5.43296
6.04701
6.42263
6.09472
0.114829
0.233375
0.121216
0
0.993297
1.13357
1.0506
0.910944
1.84118
1.99947
1.94426
1.78704
2.65096
2.8194
2.78673
2.61906
3.41368
3.58742
3.57372
3.40056
4.12539
4.30131
4.30292
4.12761
4.79602
4.97225
4.98291
4.8073
5.44916
5.62535
5.638
5.46225
0.557883
0.686377
0.588696
0.460293
0.617618
0.756755
0.644655
0.505352
0.124356
0.252402
0.127151
0
1.4214
1.57182
1.50336
1.35393
1.58001
1.7365
1.65356
1.49663
1.10415
1.25302
1.15534
1.00618
2.25142
2.41557
2.3722
2.20901
2.48722
2.65416
2.59847
2.43117
2.04148
2.20389
2.13514
1.97231
3.03867
3.21023
3.1874
3.01649
3.33093
3.50367
3.47065
3.29764
2.91704
3.08737
3.04352
2.87289
3.7757
3.95085
3.94541
3.77083
4.11025
4.28526
4.27156
4.09623
3.72873
3.90298
3.88
3.70546
4.46457
4.64078
4.64784
4.47225
4.82712
5.00226
5.00381
4.82837
4.47589
4.65111
4.64571
4.47016
5.12312
5.2993
5.31172
5.1361
5.49814
5.67323
5.6834
5.50817
5.16664
5.34167
5.34848
5.17321
5.7767
5.95303
5.96491
5.78887
6.15277
6.3287
6.34055
6.1647
5.82564
6.00103
6.01277
5.83735
0.337014
0.356118
0.484002
0.371815
0.244076
0
1.20831
1.27835
1.42723
1.34371
1.19497
0.959914
2.04757
2.15989
2.32246
2.26635
2.10403
1.88195
2.84636
2.98883
3.15932
3.12598
2.95568
2.7483
3.5963
3.76139
3.93565
3.92152
3.74736
3.5552
4.29614
4.47681
4.65202
4.65317
4.47807
4.30085
4.9599
5.14786
5.32308
5.33314
5.15812
4.99161
5.61263
5.80122
5.97697
5.98906
5.81354
5.65033
0.776492
0.820516
0.861888
0.722664
0.901218
1.05078
0.939392
0.789353
0.670652
0.525741
0.386131
0.400466
0.260773
0.130558
0
1.63241
1.72538
1.81267
1.65631
1.89658
2.06016
1.979
1.81438
1.72575
1.56394
1.40633
1.4677
1.30922
1.20535
2.4526
2.58117
2.70412
2.53722
2.82326
2.99445
2.94022
2.76818
2.70771
2.53708
2.36911
2.47005
2.30108
2.22714
3.2278
3.38238
3.53186
3.35918
3.67755
3.85255
3.82065
3.64499
3.60782
3.4328
3.25931
3.39017
3.21597
3.16767
3.952
4.12587
4.29499
4.12011
4.46076
4.63683
4.62433
4.44756
4.4305
4.25381
4.078
4.23197
4.05549
4.02869
4.63106
4.81639
4.99813
4.82307
5.17762
5.35336
5.3561
5.17967
5.17917
5.0026
4.82664
4.99845
4.82176
4.81359
5.28609
5.47496
5.66214
5.48699
5.84852
6.02416
6.03507
5.85899
5.86861
5.69249
5.5169
5.70032
5.52413
5.52965
5.94144
6.11788
6.12929
6.30563
6.31705
6.14093
6.49333
6.50484
6.68117
6.69298
6.51666
6.52875
6.35254
6.17664
6.36465
6.18851
6.20025
0.119139
1.02252
1.8936
2.71963
3.49442
4.21482
4.88994
5.54376
0.573491
0.63128
0.125786
1.46319
1.61705
1.12997
2.31266
2.5432
2.08863
3.11378
3.40118
2.98066
3.86126
4.19127
3.80475
4.55679
4.91571
4.56112
5.21775
5.59085
5.25772
5.87086
6.24664
5.91922
0.346862
0.36429
0.122931
1.24404
1.31147
1.07775
2.1046
2.2137
1.99344
2.91835
3.05797
2.85245
3.67956
3.84199
3.65177
4.38711
4.56543
4.38988
5.05429
5.24076
5.07509
5.70704
5.89521
5.73193
0.798874
0.841518
0.60346
0.881745
0.920397
0.657766
0.379017
0.393405
0.128618
1.67976
1.76957
1.54219
1.85492
1.93787
1.68973
1.37527
1.43709
1.18043
2.5177
2.64322
2.4303
2.76406
2.88191
2.65324
2.31807
2.4197
2.18124
3.30582
3.45767
3.25972
3.6051
3.74935
3.53948
3.19303
3.32497
3.1058
4.03962
4.21093
4.02835
4.37822
4.54275
4.35126
4.00014
4.15523
3.9546
4.72426
4.90762
4.73788
5.08807
5.26691
5.09158
4.74018
4.91268
4.72982
5.38078
5.56871
5.40514
5.75537
5.94171
5.77594
5.42514
5.60858
5.43907
6.03537
6.22318
6.05888
6.41092
6.59885
6.43456
6.08285
6.27054
6.1064
0
-0.0973912
-0.350354
-0.750852
-1.2641
-1.86825
-2.54562
-3.27266
-4.02104
1
0.900167
0.595706
0.12905
-0.453472
-1.12367
-1.85251
-2.60636
-3.36099
-0.037418
0.423978
0.973996
0.5
-0.20292
0.14097
0.771879
-0.534627
-0.297154
0.379188
-0.995009
-0.848255
-0.1497
-1.55585
-1.48839
-0.779227
-2.19907
-2.19469
-1.48288
-2.90467
-2.93789
-2.22822
-3.64591
-3.69058
-2.98429
0.491905
0.305224
-0.0618676
-0.560334
-1.15845
-1.835
-2.56358
-3.31436
-0.0237148
0.233641
0.505832
0.25
-0.144623
0.05691
0.370703
0.169775
-0.438206
-0.294233
0.0439574
-0.0998619
-0.869649
-0.774746
-0.42548
-0.520606
-1.40726
-1.35512
-1.00072
-1.05368
-2.03151
-2.01607
-1.65983
-1.67681
-2.7238
-2.73402
-2.37823
-2.36968
-3.45885
-3.48026
-3.12603
-3.10538
-0.0616689
0.464438
0.667094
0.944238
0.73803
0.988723
0.75
-0.271708
0.228352
0.372691
0.689309
0.543289
0.842459
-0.639021
-0.175778
-0.0805997
0.257968
0.162559
0.492033
-1.12659
-0.701362
-0.648099
-0.29865
-0.351948
-0.00699707
-1.7096
-1.32113
-1.30375
-0.949343
-0.966326
-0.613795
-2.37057
-2.01346
-2.02191
-1.66667
-1.65693
-1.3017
-3.08778
-2.75027
-2.77125
-2.41718
-2.39459
-2.03985
-3.83342
-3.85581
-3.50262
-3.52562
-3.17277
-3.14889
-2.79546
0.248157
0.119217
-0.192725
-0.644416
-1.20172
-1.84443
-2.55075
-3.29258
0.207976
0.709479
0.752332
-0.0163852
0.463388
0.61147
-0.403718
0.0447646
0.272125
-0.911263
-0.497098
-0.212988
-1.51359
-1.13284
-0.804622
-2.19131
-1.8382
-1.47861
-2.91905
-2.58263
-2.20753
-3.66809
-3.33743
-2.96009
-0.0156882
0.11382
0.250704
0.125
-0.119622
-0.0110095
0.145993
0.0379931
-0.393194
-0.314346
-0.145173
-0.223857
-0.809424
-0.756259
-0.581675
-0.634892
-1.335
-1.30394
-1.12701
-1.15828
-1.94932
-1.93772
-1.7601
-1.7722
-2.63434
-2.63729
-2.45991
-2.45761
-3.36562
-3.37581
-3.19889
-3.18912
-0.0481755
0.0749761
0.22234
0.0996973
0.479792
0.58831
0.725514
0.616364
0.505671
0.630368
0.753213
0.625
-0.236069
-0.142649
0.021577
-0.071455
0.268153
0.34704
0.50475
0.42548
0.398905
0.492356
0.640904
0.546846
-0.585884
-0.520455
-0.348019
-0.413422
-0.117853
-0.0645833
0.104649
0.0513302
0.0936131
0.159089
0.323588
0.257941
-1.06005
-1.01826
-0.842252
-0.88416
-0.630096
-0.598512
-0.423769
-0.455378
-0.360476
-0.318422
-0.145943
-0.188011
-1.6321
-1.61118
-1.43374
-1.455
-1.2392
-1.22642
-1.049
-1.06179
-0.92381
-0.902033
-0.72569
-0.747501
-2.28435
-2.28083
-2.10327
-2.1074
-1.92385
-1.92543
-1.74723
-1.74553
-1.57361
-1.56874
-1.39072
-1.39555
-2.99598
-3.0035
-2.82635
-2.81941
-2.65678
-2.66624
-2.48852
-2.47883
-2.2862
-2.29258
-2.11451
-2.10795
-3.73964
-3.75081
-3.57417
-3.56316
-3.40851
-3.41996
-3.2432
-3.23154
-3.03191
-3.04294
-2.86566
-2.8544
-0.029316
0.242144
0.364376
0.500602
0.378539
0.375
-0.172451
0.0894751
0.182416
0.339436
0.246382
0.298348
-0.485406
-0.242446
-0.177047
-0.00790194
-0.0732989
0.0217274
-0.931547
-0.70879
-0.666795
-0.492114
-0.534148
-0.40802
-1.4809
-1.27777
-1.25625
-1.07895
-1.10063
-0.950324
-2.11478
-1.92978
-1.92523
-1.74698
-1.75176
-1.58217
-2.81393
-2.64214
-2.64869
-2.4707
-2.46434
-2.28199
-3.5523
-3.38638
-3.3973
-3.22019
-3.20928
-3.02159
-0.0781004
0.190429
0.445832
0.337709
0.689983
0.78484
0.924006
0.828093
0.961
0.857184
0.746969
0.983371
0.87165
0.993319
0.875
-0.309866
-0.0569078
0.185916
0.107246
0.419333
0.485268
0.643855
0.577462
0.732071
0.658736
0.578904
0.808771
0.728147
0.873024
-0.694058
-0.461271
-0.235567
-0.28882
-0.0170053
0.0250871
0.194444
0.152279
0.319593
0.27184
0.218419
0.436722
0.383098
0.545093
-1.19463
-0.981752
-0.774094
-0.80562
-0.571887
-0.550077
-0.375339
-0.397136
-0.223408
-0.25005
-0.281669
-0.0775336
-0.109177
0.0618963
-1.78833
-1.59463
-1.40421
-1.41687
-1.21777
-1.21309
-1.036
-1.04045
-0.863717
-0.872115
-0.884848
-0.695887
-0.708525
-0.532958
-2.45767
-2.28013
-2.10376
-2.10213
-1.92978
-1.93671
-1.75936
-1.7519
-1.57448
-1.56934
-1.56737
-1.39192
-1.38956
-1.21225
-3.18003
-3.01208
-2.84399
-2.83459
-2.67689
-2.68853
-2.51176
-2.49957
-2.32266
-2.31102
-2.30091
-2.13394
-2.12325
-1.94602
-3.92724
-3.93845
-3.76198
-3.77318
-3.59665
-3.58535
-3.60805
-3.43156
-3.44326
-3.2669
-3.25503
-3.07859
-3.06646
-3.05451
-2.88993
-2.87758
-2.70094
0.119533
0.0149417
-0.267995
-0.694741
-1.23042
-1.85442
-2.54712
-3.28235
0.0888129
0.604028
0.630311
-0.105768
0.387648
0.521193
-0.465988
-0.00564894
0.209679
-0.95046
-0.526193
-0.252372
-1.53247
-1.14352
-0.824093
-2.19367
-1.83512
-1.48166
-2.91123
-2.57242
-2.20003
-3.65697
-3.32578
-2.94864
0.107905
0.373035
0.379217
-0.0398602
0.215842
0.273899
-0.36286
-0.12413
-0.0246509
-0.81942
-0.59968
-0.470245
-1.37882
-1.17779
-1.02479
-2.02206
-1.83804
-1.66646
-2.72807
-2.55629
-2.37288
-3.46943
-3.30326
-3.11537
0.0579874
0.31962
0.352614
0.569236
0.808208
0.84446
0.625175
0.866257
0.874302
-0.182059
0.0657227
0.146172
0.303765
0.532681
0.619538
0.460416
0.694997
0.758151
-0.576786
-0.347525
-0.231971
-0.125392
0.0896047
0.213058
0.106274
0.32856
0.435381
-1.08755
-0.877256
-0.735455
-0.672294
-0.472892
-0.322835
-0.386105
-0.178809
-0.0411872
-1.69111
-1.49896
-1.33596
-1.31045
-1.12626
-0.955712
-0.98128
-0.789697
-0.628631
-2.36883
-2.19172
-2.01328
-2.0164
-1.84406
-1.66031
-1.65671
-1.47907
-1.30087
-3.09615
-2.92798
-2.74147
-2.76025
-2.59403
-2.40522
-2.38553
-2.21701
-2.0298
-3.84465
-3.67931
-3.49133
-3.51405
-3.34918
-3.16079
-3.13724
-2.97205
-2.78306
