FiniteElementSpace
FiniteElementCollection: H1_2D_P2
VDim: 2
Ordering: 0

0
-0.00863634
-0.0145556
-0.0143677
-0.00807154
-0.00303064
-0.00980766
-0.0318823
-0.0603933
0
0.00440577
-0.00348305
-0.0129918
-0.0125995
-0.00437956
-0.00398886
-0.0213872
-0.048524
-0.00457897
-0.00137973
0.00366343
0
-0.0121265
-0.00910259
0.00159732
-0.0153913
-0.0144063
-0.00895159
-0.0116865
-0.0106629
-0.0143247
-0.00470402
-0.00274937
-0.00864791
-0.0044308
-0.00522466
-0.00217634
-0.0192445
-0.0256922
-0.0105965
-0.0461524
-0.0543902
-0.0346836
0.000215551
-0.00486991
-0.0126716
-0.0136851
-0.00640259
-0.00181641
-0.0134652
-0.0400464
-0.00239335
-0.0015336
0.000197142
0
-0.0104788
-0.00810288
-0.00294672
-0.00441974
-0.0151986
-0.0141366
-0.011053
-0.0116878
-0.0132011
-0.0130612
-0.0143635
-0.014681
-0.00626939
-0.00565219
-0.00858642
-0.00967594
-0.00327418
-0.00271873
-0.00182098
-0.00271221
-0.0140509
-0.0159139
-0.00876365
-0.00701998
-0.0389244
-0.0429762
-0.0327399
-0.0284948
-0.00665646
-0.000300596
0.00134762
0.00450469
0.00172786
0.00192751
0
-0.0135099
-0.00698221
-0.00648148
-0.000771776
-0.00181492
0.00338988
-0.0151115
-0.0138229
-0.0138012
-0.0112476
-0.0109785
-0.00628996
-0.0099311
-0.0124168
-0.0115171
-0.0138212
-0.014007
-0.0140444
-0.00356305
-0.00436579
-0.0032457
-0.00640536
-0.00729895
-0.0108032
-0.00659484
-0.00291571
-0.00422569
-0.00249891
-0.00161955
-0.00287714
-0.0252503
-0.0191802
-0.0233569
-0.0155555
-0.0117171
-0.00670047
-0.0533565
-0.0573666
-0.0473518
-0.0514782
-0.0416183
-0.0373154
-0.0278521
-0.000494404
-0.00620754
-0.0131119
-0.0141335
-0.00764647
-0.00224315
-0.0109227
-0.0356259
-0.0028459
0.00193224
0.000813613
-0.0099751
-0.00406313
5.14079e-05
-0.014677
-0.0126751
-0.00885444
-0.0115358
-0.0130637
-0.0142594
-0.0039262
-0.00510972
-0.00952301
-0.00428522
-0.00232028
-0.00199588
-0.0218415
-0.017114
-0.00737526
-0.0503004
-0.0444768
-0.0301856
-0.00112402
-0.00118896
-0.000192811
0
-0.00957913
-0.00816864
-0.00529249
-0.00632276
-0.0149309
-0.0141457
-0.0124423
-0.0130698
-0.0138332
-0.0137845
-0.0144741
-0.0146202
-0.00715294
-0.00704126
-0.00867018
-0.00898497
-0.00304739
-0.00267412
-0.00237299
-0.0028274
-0.0118027
-0.0123473
-0.00882993
-0.00827007
-0.035367
-0.0372196
-0.0320166
-0.0301077
-0.00563002
-0.00452606
-0.00215828
-0.0028273
3.0299e-05
0.000806149
0.00193058
0.000953057
6.85644e-05
0.000497041
0.000281059
0
-0.0128563
-0.0116476
-0.00904971
-0.00997811
-0.00591305
-0.00554253
-0.00290421
-0.0033561
-0.00210918
-0.00145647
0.000781119
-2.2888e-05
-0.0153105
-0.0149604
-0.0144701
-0.0147942
-0.0133117
-0.0132828
-0.0118901
-0.0118588
-0.0101087
-0.00998459
-0.00768678
-0.00781799
-0.0108309
-0.0108598
-0.0123477
-0.0125019
-0.0131186
-0.0127453
-0.0136179
-0.0138624
-0.0144638
-0.0143366
-0.0141178
-0.0141348
-0.0040701
-0.0037456
-0.00474139
-0.00522328
-0.00534947
-0.00468444
-0.00618195
-0.00681256
-0.00965236
-0.00903179
-0.0105637
-0.0110817
-0.00538318
-0.00530377
-0.00336113
-0.00345855
-0.00222131
-0.00252429
-0.00182525
-0.00162949
-0.00218475
-0.00182903
-0.00252651
-0.00293018
-0.022155
-0.0234407
-0.0187731
-0.0174535
-0.0162091
-0.0180793
-0.0142958
-0.0125103
-0.00684418
-0.00797943
-0.00564638
-0.00463083
-0.0497748
-0.0518155
-0.0466554
-0.0445326
-0.0437134
-0.0459081
-0.0409056
-0.0386606
-0.0291663
-0.0314272
-0.0267156
-0.0244726
-0.00350726
-0.000972023
-0.000577706
0.000258036
-0.00010461
0
-0.0113319
-0.00714913
-0.00643115
-0.00387331
-0.00450571
-0.00281795
-0.0153532
-0.013679
-0.0134296
-0.0119119
-0.0120889
-0.0103808
-0.0124812
-0.0136583
-0.0134331
-0.0141011
-0.0143081
-0.0145969
-0.00544643
-0.00663117
-0.0060276
-0.00749286
-0.00813927
-0.0102106
-0.00373227
-0.0023544
-0.00217706
-0.00169203
-0.0019596
-0.00268096
-0.0165346
-0.0132911
-0.0145942
-0.0109779
-0.00973884
-0.00601542
-0.0425317
-0.0392891
-0.041483
-0.0363772
-0.0341367
-0.0270291
-0.00766243
-0.0036011
-0.000772934
-0.00148871
0.0017354
0.00280032
0.00457775
0.00314314
0.0041972
0.00261576
0.00134062
0.00292201
0.00127466
0.000737203
0
-0.0140795
-0.0108588
-0.00805198
-0.00844311
-0.00526462
-0.00505164
-0.00210308
-0.00249152
0.000468837
-0.000185171
-0.000821398
0.00257877
0.00164372
0.00400625
-0.0147957
-0.0147465
-0.0141891
-0.0142915
-0.0133167
-0.0134181
-0.0122044
-0.0119989
-0.0101634
-0.0100162
-0.00995944
-0.00765824
-0.00763399
-0.00489402
-0.00900492
-0.0106376
-0.011591
-0.01203
-0.0123577
-0.0120101
-0.0132963
-0.0134107
-0.0141733
-0.0141518
-0.0142224
-0.014289
-0.014156
-0.0136169
-0.0032113
-0.00324164
-0.00348886
-0.0041212
-0.00411838
-0.00371971
-0.00534066
-0.00567238
-0.00751603
-0.00789832
-0.00842397
-0.00975395
-0.0101004
-0.0117628
-0.00806921
-0.00550656
-0.00391738
-0.00349818
-0.00311788
-0.00400947
-0.00308378
-0.00230824
-0.00218973
-0.00179662
-0.00168401
-0.0024026
-0.00233814
-0.00353735
-0.0285004
-0.0250924
-0.0223525
-0.0204294
-0.0201454
-0.0223322
-0.0183745
-0.0162745
-0.0129497
-0.0110794
-0.00940431
-0.00850034
-0.00694791
-0.00518468
-0.0569103
-0.0588771
-0.0538782
-0.0558645
-0.0509193
-0.048814
-0.0529316
-0.0480056
-0.0500145
-0.0450773
-0.043051
-0.0381559
-0.0359974
-0.0337302
-0.0312407
-0.029
-0.0245568
-0.000417078
-0.00724438
-0.0136558
-0.014261
-0.00801003
-0.00264528
-0.010174
-0.0336234
-0.00366493
0.000967175
0.000173556
-0.0108367
-0.00442523
-0.000671371
-0.0149389
-0.0126348
-0.0089262
-0.0117178
-0.0133791
-0.014319
-0.00442918
-0.00572
-0.0100925
-0.00424492
-0.00193198
-0.00228222
-0.0203484
-0.0151778
-0.00615276
-0.0481922
-0.0422964
-0.0278972
-0.00200883
-0.000284833
-2.88708e-05
-0.00908394
-0.00544726
-0.00362333
-0.0145266
-0.0128117
-0.0112716
-0.0131935
-0.0139402
-0.014526
-0.0061039
-0.00707394
-0.00919384
-0.00294204
-0.00194111
-0.00221733
-0.0147798
-0.0120341
-0.0077307
-0.0408664
-0.037796
-0.0305361
-0.00541471
-0.00210276
-0.000980248
0.000473762
0.0030806
0.00298728
0.000780588
0.00204782
0.00042646
-0.0123955
-0.00943031
-0.00743563
-0.00668114
-0.00375521
-0.00129266
-0.0023583
0.00080215
0.00231701
-0.0148527
-0.0145157
-0.0139248
-0.0137855
-0.0127893
-0.0110704
-0.0109681
-0.0088647
-0.00635551
-0.00994142
-0.0111625
-0.0127907
-0.0119728
-0.0127864
-0.0138719
-0.0141826
-0.0142498
-0.0138793
-0.00320478
-0.00332782
-0.00503329
-0.0037433
-0.00464117
-0.00676917
-0.00792792
-0.00901997
-0.0111074
-0.00664698
-0.00460658
-0.00269407
-0.00342333
-0.00300244
-0.00190743
-0.00160396
-0.00194467
-0.0029373
-0.0267032
-0.0236493
-0.0174023
-0.0211889
-0.0192102
-0.0135544
-0.0101053
-0.00886937
-0.00532262
-0.0553856
-0.0523888
-0.0451644
-0.04946
-0.0465465
-0.0395315
-0.0350259
-0.0324752
-0.0256071
0
-0.0109147
-0.0260538
-0.0350208
-0.0333499
-0.0258583
-0.0206999
-0.0234616
-0.0340154
0
-0.0145833
-0.0312018
-0.0352022
-0.0280939
-0.0238578
-0.0320833
-0.0476293
-0.0612894
-0.00461086
-0.0122379
-0.00614751
0
-0.0186114
-0.0294815
-0.0238401
-0.0318283
-0.0360681
-0.0351023
-0.0353882
-0.0307326
-0.0323003
-0.0298066
-0.0240886
-0.0246846
-0.0225438
-0.0257109
-0.0264377
-0.0209158
-0.0352434
-0.0396184
-0.0281255
-0.0475243
-0.0549844
-0.00390798
-0.0215289
-0.0345407
-0.0343988
-0.0267629
-0.0236805
-0.0297768
-0.0414157
-0.00251494
-0.00382671
-0.00102119
0
-0.0146941
-0.0203431
-0.0169212
-0.0115531
-0.0292212
-0.0335931
-0.0324354
-0.0281798
-0.0355456
-0.0349524
-0.0355754
-0.0358257
-0.0316988
-0.0278899
-0.0286761
-0.0318434
-0.024064
-0.0227638
-0.023573
-0.024524
-0.0205244
-0.0253805
-0.0275269
-0.0230498
-0.0255659
-0.0349218
-0.0382875
-0.0294992
-0.00748631
-0.00779034
-0.0131972
-0.0100595
-0.00473233
-0.00323602
0
-0.0224615
-0.0257898
-0.0304006
-0.0278848
-0.0226017
-0.0193027
-0.0337791
-0.0357476
-0.0358664
-0.0356022
-0.0349934
-0.0336341
-0.0346216
-0.0327148
-0.0296074
-0.0302305
-0.0335841
-0.0340371
-0.0278144
-0.0251842
-0.0240032
-0.0238691
-0.0258471
-0.0261617
-0.021395
-0.0244069
-0.028705
-0.0289378
-0.0249793
-0.0247176
-0.0218971
-0.0323773
-0.041144
-0.0436462
-0.0344198
-0.0357046
-0.0310078
-0.0408239
-0.0445274
-0.0543308
-0.0582388
-0.0480006
-0.0514387
-0.00105998
-0.0159522
-0.0312553
-0.0357396
-0.0298774
-0.0234027
-0.023971
-0.0320891
-0.00741316
-0.00866135
-0.0017235
-0.0244872
-0.0268267
-0.0179599
-0.0351224
-0.0358838
-0.0331558
-0.0335976
-0.0316915
-0.0350456
-0.0260565
-0.0246058
-0.0275808
-0.0226434
-0.0265354
-0.0241218
-0.0272403
-0.0377147
-0.031375
-0.0378882
-0.0512479
-0.0446038
-0.00146919
-0.00157238
-0.00025616
0
-0.0127749
-0.0153864
-0.0137371
-0.0112443
-0.0276992
-0.0303781
-0.0298015
-0.0272555
-0.0353712
-0.035694
-0.0358752
-0.0355089
-0.0325637
-0.0306777
-0.0308745
-0.0325231
-0.0249343
-0.0235954
-0.0239078
-0.025039
-0.0205433
-0.0222425
-0.0234482
-0.0218335
-0.0244507
-0.0288969
-0.0307579
-0.026545
-0.00597459
-0.0073948
-0.00553363
-0.004101
-0.00575873
-0.00816106
-0.00659813
-0.00423875
-0.000247516
-0.0012878
-0.000729472
0
-0.0205565
-0.0236007
-0.0224581
-0.0195788
-0.0237168
-0.0263201
-0.0247828
-0.0220588
-0.0145702
-0.0174144
-0.0155734
-0.0126717
-0.0328896
-0.0345632
-0.0344592
-0.0328415
-0.0352555
-0.0358695
-0.0355561
-0.0348163
-0.0310574
-0.032836
-0.0318885
-0.0299688
-0.0350751
-0.0340782
-0.0343348
-0.0351817
-0.0336067
-0.0322394
-0.0326772
-0.0340363
-0.035915
-0.0353616
-0.0355475
-0.0360216
-0.0288152
-0.0267832
-0.0269446
-0.0287105
-0.0259217
-0.0248891
-0.0251541
-0.0263096
-0.0296993
-0.0281439
-0.0285715
-0.0301962
-0.0219176
-0.0219407
-0.0226389
-0.0225416
-0.0239692
-0.0254319
-0.0256745
-0.0242975
-0.0237553
-0.0238228
-0.0239696
-0.0240303
-0.0213318
-0.0246187
-0.0262574
-0.0231743
-0.031039
-0.0349968
-0.0360438
-0.0320483
-0.0265604
-0.0294026
-0.0299854
-0.0271633
-0.0295382
-0.0345011
-0.036396
-0.0315886
-0.0429798
-0.0478606
-0.0496473
-0.0446752
-0.036749
-0.0414059
-0.0428762
-0.038148
-0.0034525
-0.00233304
-0.00376408
-0.00231615
-0.000934744
0
-0.0166484
-0.0181632
-0.020971
-0.0192519
-0.0164448
-0.0118714
-0.0306011
-0.0325201
-0.0341441
-0.033597
-0.0319221
-0.0289003
-0.0355481
-0.0354247
-0.0346989
-0.0350612
-0.0357008
-0.0360066
-0.0307747
-0.0288751
-0.0272698
-0.0276889
-0.0292363
-0.0312675
-0.0232637
-0.0230212
-0.0231572
-0.0235491
-0.0234164
-0.0242339
-0.0206466
-0.0246174
-0.0275647
-0.0286035
-0.0257217
-0.0243391
-0.0267964
-0.0334815
-0.0381795
-0.0398473
-0.035198
-0.0323766
-0.00914598
-0.00943344
-0.00996448
-0.00754142
-0.010878
-0.0138284
-0.0122681
-0.00929137
-0.00799355
-0.00537449
-0.00309257
-0.00453569
-0.00238221
-0.00187701
0
-0.0243002
-0.0263995
-0.0277173
-0.0251942
-0.0287074
-0.0308047
-0.0296523
-0.02734
-0.0259455
-0.0231868
-0.0203162
-0.0216182
-0.0185813
-0.0169439
-0.0344897
-0.0355743
-0.0360138
-0.0355063
-0.0359835
-0.0355976
-0.0355158
-0.0357958
-0.0354789
-0.0350867
-0.0341928
-0.0344988
-0.0334172
-0.0325428
-0.0340416
-0.0327582
-0.0317464
-0.0331576
-0.0306577
-0.0289221
-0.0291563
-0.0310353
-0.0312955
-0.0330161
-0.0343827
-0.0332323
-0.0346116
-0.0347118
-0.0268246
-0.0252458
-0.0245694
-0.0255528
-0.0242177
-0.0239596
-0.0237528
-0.0242819
-0.0241807
-0.0253224
-0.0266636
-0.0253508
-0.0269368
-0.0270866
-0.020986
-0.0227822
-0.0249913
-0.0234707
-0.0275502
-0.0303403
-0.0304357
-0.0277048
-0.0275928
-0.0256987
-0.0244594
-0.0254685
-0.0244305
-0.0241729
-0.0226079
-0.0283239
-0.0337828
-0.029806
-0.0394196
-0.0442876
-0.0456511
-0.0405812
-0.0416267
-0.0369291
-0.0328587
-0.0376338
-0.0334658
-0.0338424
-0.0325163
-0.0374622
-0.0393747
-0.0441774
-0.0460429
-0.0412174
-0.0509028
-0.0528021
-0.0577936
-0.0597799
-0.0547075
-0.0566463
-0.0514292
-0.0463154
-0.0532482
-0.0479341
-0.0495618
-0.000580893
-0.013294
-0.0288906
-0.0356922
-0.0316261
-0.0242747
-0.0219731
-0.0276723
-0.00566564
-0.00610483
-0.000429426
-0.0216226
-0.0242525
-0.0150359
-0.0337968
-0.0354575
-0.0315072
-0.0346948
-0.0331825
-0.0357841
-0.0277332
-0.0255372
-0.0291562
-0.0221826
-0.024786
-0.0238424
-0.0238338
-0.0334916
-0.0282264
-0.0330262
-0.0462837
-0.0397696
-0.00273085
-0.00220684
-0.000179148
-0.0174895
-0.0187298
-0.0141462
-0.0316968
-0.0331362
-0.0305034
-0.035518
-0.0352765
-0.035947
-0.0296994
-0.0282329
-0.030256
-0.0230165
-0.0232164
-0.0237589
-0.0226434
-0.0265901
-0.0249701
-0.0302069
-0.036675
-0.0337614
-0.00926803
-0.00965693
-0.00556441
-0.010366
-0.0115079
-0.00722868
-0.00261682
-0.00374394
-0.00117507
-0.0254835
-0.0271219
-0.0231336
-0.0282323
-0.0291727
-0.0253383
-0.0197678
-0.0209245
-0.0162024
-0.0351317
-0.0358601
-0.0349322
-0.0360529
-0.0358066
-0.0355623
-0.0339399
-0.0343752
-0.0322274
-0.0333468
-0.0322425
-0.0339831
-0.0312332
-0.0299795
-0.0320598
-0.03477
-0.0338788
-0.0351955
-0.0258814
-0.0248369
-0.0263704
-0.0243828
-0.0240229
-0.0247185
-0.0271862
-0.0260687
-0.0278976
-0.0218244
-0.0238387
-0.023244
-0.0262288
-0.0289509
-0.0266138
-0.0239758
-0.0249655
-0.0240922
-0.0255243
-0.0310551
-0.0286402
-0.0365535
-0.0424353
-0.0387402
-0.0306818
-0.0351643
-0.0318504
-0.0359916
-0.0427156
-0.0396981
-0.049397
-0.056266
-0.0530975
-0.0430451
-0.0497054
-0.0461247
