FiniteElementSpace
FiniteElementCollection: L2_2D_P3
VDim: 1
Ordering: 0

0.0152665
0.00698497
0.00950757
0.0135739
0.00481204
0.00337261
0.00625036
0.00990222
0.00103301
0.00131794
0.0031635
0.00535321
0.00085483
0.000943963
0.00168921
0.00247676
0.00668559
0.00645542
0.00612808
0.00585863
0.00468916
0.0045411
0.00432388
0.00414051
0.00271225
0.00263822
0.00252265
0.00242053
0.0016311
0.00159302
0.00152781
0.00146682
0.00389097
0.0038108
0.00369274
0.00359246
0.00280398
0.00274921
0.00266611
0.00259387
0.00167676
0.0016465
0.00159796
0.00155405
0.00102592
0.00100842
0.000978419
0.000950085
0.00308441
0.00308154
0.00306588
0.00304481
0.00222428
0.00222198
0.0022087
0.00219074
0.00132992
0.0013291
0.00131991
0.00130671
0.000809777
0.00081031
0.000804354
0.000794713
0.00293445
0.00291936
0.00288735
0.00285352
0.00209256
0.00208234
0.00205842
0.00203212
0.00123741
0.00123272
0.0012183
0.001201
0.000751347
0.00075025
0.000741969
0.00073047
0.00218739
0.00210793
0.001999
0.00191198
0.00156599
0.00151152
0.00143575
0.0013745
0.000941567
0.000912138
0.000870059
0.000835346
0.000591327
0.000576055
0.000553249
0.000533909
0.000835391
0.000756865
0.000659396
0.000588706
0.000621057
0.000564498
0.000494652
0.000444315
0.000409222
0.000375055
0.000333575
0.000304302
0.000294896
0.000273529
0.000248421
0.000231428
6.95599e-05
5.31846e-05
3.54005e-05
2.44602e-05
6.23702e-05
4.90379e-05
3.46824e-05
2.59181e-05
5.99522e-05
4.93401e-05
3.81072e-05
3.13666e-05
6.35098e-05
5.39653e-05
4.40126e-05
3.81427e-05
0.00877837
0.00857609
0.00826179
0.00798472
0.00620466
0.00603906
0.00577717
0.00554387
0.0036319
0.0035163
0.0033288
0.00315947
0.00221104
0.00213337
0.00200034
0.00187582
0.000435524
0.000398523
0.000364277
0.000348131
0.000894241
0.000828237
0.000765451
0.000733823
0.00190221
0.00178219
0.0016587
0.00158782
0.00293963
0.00276971
0.00258726
0.00247614
0.000294909
8.8797e-05
0.000105552
0.000246924
0.000296322
0.000176133
0.000411888
0.000764913
0.000431372
0.000456039
0.00114387
0.00192557
0.000746932
0.000861578
0.00197982
0.00317424
0.0049648
0.00481647
0.00460558
0.00443174
0.00354228
0.00344315
0.00329856
0.00317683
0.00209515
0.002042
0.00196071
0.00188974
0.00127854
0.00124854
0.00119988
0.00115568
0.000171652
0.000157202
0.000142897
0.000135094
0.000397064
0.000371743
0.000346849
0.000333535
0.000928856
0.000882877
0.000835116
0.000807309
0.00150188
0.00143567
0.00136432
0.00132056
0.000273865
0.000254438
0.000236209
0.000227328
0.000588733
0.000551863
0.000516741
0.000499108
0.00130431
0.0012362
0.00116674
0.00112755
0.00206137
0.00196405
0.00186063
0.00179861
0.0033185
0.00328758
0.00323515
0.00318592
0.00239919
0.0023777
0.00233925
0.00230199
0.00143863
0.00142689
0.00140343
0.00137932
0.000878202
0.000871929
0.000857203
0.000840965
4.90206e-05
4.48762e-05
4.08158e-05
3.86372e-05
0.000189132
0.000181057
0.000173797
0.000170605
0.000534662
0.00051952
0.000505218
0.000498273
0.000914369
0.000892508
0.00087093
0.000859549
9.43023e-05
8.53768e-05
7.63378e-05
7.11933e-05
0.000265088
0.000249642
0.000234508
0.000226461
0.000678418
0.000650496
0.000621829
0.000605465
0.00112878
0.00108857
0.00104577
0.00102003
0.00301621
0.00301856
0.00300926
0.00299269
0.00216251
0.00216388
0.00215502
0.00214011
0.00128522
0.00128661
0.00128001
0.00126855
0.000780682
0.000782749
0.000778479
0.000769888
2.54432e-05
2.47897e-05
2.45033e-05
2.47161e-05
0.000141885
0.000138885
0.000137411
0.000138127
0.00043641
0.000429881
0.000425902
0.000426297
0.000764499
0.000755029
0.000748592
0.000748162
3.05686e-05
2.90806e-05
2.78604e-05
2.74494e-05
0.000155035
0.000150939
0.00014815
0.00014792
0.000466489
0.000458257
0.00045213
0.000450908
0.000811271
0.000799433
0.00078998
0.000787266
0.00268184
0.00263404
0.00256152
0.0024985
0.00190988
0.00187757
0.00182665
0.00178122
0.0011316
0.00111498
0.00108646
0.00105962
0.000692801
0.000685193
0.00066971
0.000653828
3.20547e-05
3.30771e-05
3.55635e-05
3.84276e-05
0.000125333
0.000122307
0.000121113
0.000122324
0.000370368
0.000359732
0.000350459
0.000346848
0.000648268
0.000630212
0.000612491
0.000603331
2.51269e-05
2.49903e-05
2.55439e-05
2.65531e-05
0.000133512
0.000130374
0.000128851
0.000129642
0.000411013
0.000402858
0.000396863
0.00039579
0.000722231
0.000709543
0.000698987
0.00069545
0.00151476
0.00142255
0.001303
0.00121236
0.00109904
0.00103445
0.000950476
0.000886718
0.000682603
0.000645889
0.000598189
0.000562104
0.000450994
0.000430137
0.000403286
0.000383287
8.25727e-05
8.42912e-05
8.89413e-05
9.44729e-05
0.000122114
0.000119814
0.000119884
0.00012236
0.000245562
0.000233887
0.000222679
0.000217184
0.000393728
0.000371864
0.000348139
0.000333616
5.22024e-05
5.43749e-05
5.89792e-05
6.39914e-05
0.000120939
0.000118519
0.000118294
0.000120426
0.000311947
0.00029997
0.000288712
0.000283424
0.00053308
0.000511255
0.00048817
0.000474571
0.000327639
0.000280607
0.000224961
0.000186703
0.000255558
0.00022037
0.000179178
0.00015121
0.000188667
0.000165462
0.000139008
0.00012162
0.000157255
0.000140716
0.000122549
0.000111177
0.000105241
9.9983e-05
9.57691e-05
9.44631e-05
0.000105338
9.92047e-05
9.39032e-05
9.18069e-05
0.000122472
0.000112896
0.000103379
9.82681e-05
0.00014842
0.000134463
0.0001196
0.000110681
0.000106908
0.00010576
0.000107038
0.000110179
0.000121429
0.000117762
0.000116025
0.00011704
0.000181561
0.000170968
0.000160741
0.000155643
0.000258625
0.000240015
0.000219886
0.00020761
3.00021e-06
1.58719e-06
5.82059e-07
4.14301e-07
5.77512e-06
3.75799e-06
1.94648e-06
1.11892e-06
1.0501e-05
7.50026e-06
4.56294e-06
2.95955e-06
1.49398e-05
1.0918e-05
6.96419e-06
4.80121e-06
2.12999e-05
1.56207e-05
9.8705e-06
6.56521e-06
1.97441e-05
1.4408e-05
8.99773e-06
5.8901e-06
1.79366e-05
1.29686e-05
7.92785e-06
5.04262e-06
1.66728e-05
1.19384e-05
7.14804e-06
4.42688e-06
7.05748e-05
6.27579e-05
5.46482e-05
4.98379e-05
6.70156e-05
5.93848e-05
5.14746e-05
4.67928e-05
6.62511e-05
5.80095e-05
4.93735e-05
4.42045e-05
6.84943e-05
5.91341e-05
4.92051e-05
4.31866e-05
0.00997854
0.00965418
0.00918432
0.00876605
0.00735082
0.00704874
0.00660107
0.00622198
0.00436448
0.00418809
0.00392695
0.00370712
0.00252771
0.00247309
0.00239505
0.00233034
0.00186856
0.00180726
0.00176235
0.00173116
0.000789354
0.000799721
0.000805687
0.000800382
0.000218304
0.000236802
0.000249675
0.000249429
0.000252973
0.000281234
0.000297152
0.000292727
0.000726045
0.000576163
0.00103035
0.00161335
0.000426528
0.00025861
0.000415925
0.000680363
0.000335748
9.67305e-05
4.55696e-05
0.000111462
0.000307427
7.38561e-05
4.3778e-05
0.00011903
0.00573654
0.0055484
0.00528177
0.00506274
0.00406164
0.00393806
0.00375807
0.00360686
0.00237931
0.00231503
0.00221642
0.00213024
0.00144394
0.00140901
0.00135155
0.00129901
0.00105439
0.0010302
0.000988966
0.000950362
0.000502803
0.000492075
0.000473035
0.000454624
0.000154736
0.000148351
0.000140195
0.000133871
0.000147372
0.000135717
0.000124065
0.0001176
0.0011843
0.00115935
0.001114
0.00107008
0.000558255
0.000548521
0.00052914
0.000509316
0.000175699
0.000170135
0.000162948
0.000157306
0.00018292
0.000170357
0.00015827
0.000152052
0.003552
0.00349901
0.00341729
0.00334536
0.00256594
0.00252945
0.00247099
0.00241815
0.00153782
0.00151763
0.00148285
0.00144989
0.000940021
0.000928553
0.000906871
0.000885202
0.000684828
0.000676675
0.00066042
0.000643717
0.000319773
0.000315854
0.000307382
0.000298287
6.69122e-05
6.43728e-05
6.02473e-05
5.63624e-05
3.36937e-05
2.92945e-05
2.44329e-05
2.12485e-05
0.000749172
0.000736497
0.000714037
0.000692374
0.00035356
0.00034717
0.000335458
0.000323857
8.41655e-05
8.00528e-05
7.41993e-05
6.9198e-05
5.43174e-05
4.78687e-05
4.08951e-05
3.64741e-05
0.00304075
0.00304343
0.00303482
0.00301898
0.00218686
0.00218839
0.00217994
0.00216552
0.00130387
0.00130525
0.0012988
0.00128757
0.000792944
0.00079489
0.000790613
0.000782125
0.00057506
0.000577123
0.000573958
0.000567067
0.000263779
0.000265683
0.000264277
0.000260228
4.20183e-05
4.31476e-05
4.29334e-05
4.14731e-05
4.15872e-06
4.20026e-06
3.96892e-06
3.55829e-06
0.000587499
0.000588484
0.000584068
0.000576339
0.000269644
0.000270925
0.000268847
0.00026439
4.36873e-05
4.44245e-05
4.38281e-05
4.21628e-05
6.15093e-06
5.71977e-06
5.00943e-06
4.32325e-06
0.00283678
0.0028064
0.00275516
0.00270725
0.00202015
0.00199966
0.00196297
0.00192743
0.00119426
0.00118408
0.00116302
0.00114109
0.000726968
0.000722923
0.000711259
0.000697593
0.000529181
0.000527466
0.00051982
0.000509971
0.00024728
0.000248344
0.000246226
0.000242028
4.57996e-05
4.80847e-05
4.97298e-05
5.00403e-05
9.19475e-06
1.07635e-05
1.28261e-05
1.44783e-05
0.000545397
0.000545587
0.000539997
0.000531336
0.000252072
0.000253656
0.000251881
0.000247645
4.2801e-05
4.46562e-05
4.54886e-05
4.49511e-05
5.48639e-06
6.45847e-06
7.53623e-06
8.24565e-06
0.00186422
0.00177519
0.00165682
0.00156487
0.00134209
0.00128044
0.00119784
0.00113328
0.000818027
0.000783894
0.000737633
0.000701213
0.000524997
0.000506451
0.000481009
0.000460902
0.000400575
0.000388494
0.000371829
0.000358679
0.000217883
0.000214454
0.000209794
0.000206326
8.52312e-05
8.76915e-05
9.17318e-05
9.56527e-05
5.89064e-05
6.21484e-05
6.79883e-05
7.3863e-05
0.000442873
0.000433394
0.000418701
0.000405971
0.000227648
0.000225752
0.000222049
0.000218511
7.19591e-05
7.49673e-05
7.90615e-05
8.25085e-05
4.14879e-05
4.48339e-05
5.03423e-05
5.5597e-05
0.000551922
0.00048799
0.000410383
0.000355438
0.000418303
0.000371473
0.000315084
0.000275545
0.000288788
0.000259393
0.000224795
0.000201198
0.000221706
0.000202221
0.000180127
0.00016577
0.000192939
0.00017772
0.000160955
0.000150491
0.000144619
0.000135727
0.000126891
0.000122237
0.000111895
0.000107755
0.000104975
0.000104837
0.000109022
0.000105999
0.000104765
0.000105866
0.000246003
0.000230101
0.000211956
0.000200154
0.00016845
0.000160414
0.000152329
0.00014806
0.000113451
0.000111277
0.000110868
0.000112475
0.000104825
0.00010401
0.000105585
0.000108859
2.01151e-05
1.35662e-05
7.15682e-06
3.82868e-06
2.22767e-05
1.62232e-05
1.01806e-05
6.87943e-06
2.78651e-05
2.18828e-05
1.58017e-05
1.23273e-05
3.4376e-05
2.78931e-05
2.12653e-05
1.7432e-05
3.68841e-05
3.02001e-05
2.32424e-05
1.9096e-05
3.8496e-05
3.18562e-05
2.4903e-05
2.07071e-05
4.17567e-05
3.48107e-05
2.74869e-05
2.30175e-05
4.52424e-05
3.77858e-05
2.98752e-05
2.50101e-05
6.48952e-05
5.58384e-05
4.63831e-05
4.07769e-05
6.35121e-05
5.55112e-05
4.72415e-05
4.23853e-05
6.55694e-05
5.80696e-05
5.03531e-05
4.58339e-05
7.01562e-05
6.23916e-05
5.43498e-05
4.95906e-05
0.00780448
0.0075376
0.00715206
0.00683101
0.00543214
0.00525912
0.00500085
0.00478021
0.0031066
0.00301999
0.00288157
0.00275747
0.00185014
0.00180692
0.00172934
0.00165495
0.00133281
0.00130576
0.00125284
0.00119974
0.000619273
0.000609316
0.000587157
0.000563519
0.000195331
0.000189979
0.000182882
0.000177232
0.000221301
0.00020705
0.000193825
0.000187513
0.00161612
0.00155161
0.00144539
0.00134884
0.000753357
0.000722366
0.00067172
0.000625885
0.000244912
0.00022953
0.000211641
0.000199303
0.000291149
0.0002652
0.00024122
0.000229447
0.000336123
0.000312759
0.000291371
0.000281598
0.00071204
0.000667159
0.000625105
0.000604691
0.00154793
0.00146567
0.00138262
0.00133655
0.00241909
0.00230355
0.00218181
0.00210983
0.00294896
0.00281325
0.0026688
0.00258207
0.0040674
0.00388934
0.00369676
0.00357837
0.00577092
0.00553257
0.00526976
0.00510388
0.00724591
0.00695736
0.00663582
0.00643005
0.00353031
0.00334405
0.00314157
0.00301574
0.00471939
0.00451394
0.00429212
0.00415574
0.00647492
0.0062597
0.00603154
0.00589522
0.00794567
0.00773884
0.00752471
0.00740171
0.000360632
0.000386407
0.000419944
0.000441209
0.000832664
0.000854946
0.000897398
0.000939405
0.00194957
0.0019439
0.00197047
0.00200806
0.00321399
0.00314521
0.00311179
0.00309684
0.00397916
0.00386161
0.00374401
0.00368267
0.00555714
0.00528782
0.00499253
0.00480628
0.00768681
0.00725772
0.00677783
0.0064668
0.00933345
0.00877962
0.00821794
0.00787328
0.000967779
0.00123865
0.00262204
0.00410518
0.00152825
0.00196076
0.00417057
0.00661688
0.0046766
0.00399634
0.00678042
0.00990376
0.0106518
0.0067786
0.00924776
0.0121659
0.00435556
0.00424343
0.00408219
0.00394791
0.00312583
0.00304995
0.00293794
0.00284265
0.00186127
0.00181978
0.00175551
0.00169881
0.00113855
0.00111464
0.00107543
0.00103946
0.000832955
0.00081565
0.000786498
0.000759268
0.000396763
0.000388074
0.000373155
0.000358942
0.000105996
0.00010049
9.31292e-05
8.71746e-05
8.10989e-05
7.2588e-05
6.35773e-05
5.80529e-05
0.000935689
0.00091427
0.000878585
0.000845555
0.000447668
0.000437351
0.000419801
0.000403209
0.000130512
0.000124147
0.000115908
0.000109442
0.000112786
0.000102474
9.18314e-05
8.55765e-05
0.000129213
0.0001175
0.000105714
9.90847e-05
0.000323661
0.00030351
0.000283608
0.000272866
0.000788833
0.000752469
0.000714711
0.000692742
0.00129314
0.00124078
0.00118443
0.00114996
0.00160649
0.00154449
0.00147695
0.0014349
0.00227001
0.00218791
0.00209687
0.00203889
0.00328493
0.00317278
0.00304591
0.002963
0.0041644
0.00402648
0.00386858
0.00376391
0.00185633
0.00177793
0.00169238
0.001639
0.00260609
0.00250209
0.0023866
0.00231285
0.00375368
0.00361141
0.00345014
0.00334447
0.00474921
0.00457395
0.0043729
0.00423924
0.000220225
0.000203248
0.000186842
0.000178314
0.000485326
0.000454481
0.00042455
0.000408948
0.00110019
0.00104364
0.000985302
0.00095173
0.00175758
0.00167629
0.0015891
0.00153604
0.00216231
0.00206609
0.00196159
0.00189687
0.00301797
0.00289026
0.00274911
0.00265956
0.00432808
0.0041535
0.00395646
0.00382807
0.00546578
0.00525082
0.0050052
0.00484272
0.00252493
0.00241006
0.00228648
0.00221103
0.00350443
0.00335254
0.0031863
0.0030823
0.00500298
0.00479659
0.0045659
0.00441752
0.00630462
0.00605159
0.00576519
0.00557805
0.00316971
0.00315557
0.00312522
0.00309298
0.00229008
0.00228005
0.00225673
0.00223113
0.00137201
0.00136678
0.0013519
0.00133442
0.000836427
0.000834207
0.00082477
0.000812562
0.000607283
0.000606176
0.000599157
0.000589537
0.000279443
0.000279539
0.000276074
0.000270666
4.75119e-05
4.75294e-05
4.61878e-05
4.40806e-05
1.07226e-05
9.4341e-06
7.83842e-06
6.62928e-06
0.000638482
0.000634283
0.000623275
0.000610644
0.000295475
0.000293803
0.000288172
0.000281201
5.4857e-05
5.37614e-05
5.12197e-05
4.83565e-05
1.94269e-05
1.68038e-05
1.38066e-05
1.17489e-05
3.72464e-05
3.47213e-05
3.23903e-05
3.12856e-05
0.00016813
0.000162474
0.000157909
0.000156481
0.000493437
0.000482475
0.000473067
0.000469505
0.000852286
0.000836466
0.000822129
0.000815871
0.00107852
0.00105983
0.00104259
0.00103474
0.00156267
0.00153838
0.00151557
0.00150478
0.0023069
0.00227521
0.00224485
0.00222988
0.00295524
0.00291797
0.00288195
0.00286388
0.00115304
0.00112718
0.00110126
0.00108721
0.00166199
0.0016281
0.00159351
0.00157419
0.00244192
0.00239678
0.0023497
0.00232249
0.00311909
0.0030649
0.00300771
0.00297406
6.76507e-05
6.13244e-05
5.4961e-05
5.13797e-05
0.00022072
0.000209352
0.000198514
0.00019306
0.000594891
0.000574081
0.000553309
0.000542036
0.0010044
0.000974393
0.000943274
0.000925328
0.00126092
0.00122541
0.00118807
0.00116609
0.00180627
0.0017595
0.00170945
0.00167922
0.00264052
0.00257741
0.00250843
0.00246552
0.00336346
0.00328672
0.00320184
0.00314817
0.0014098
0.00136221
0.00131089
0.00127947
0.00200586
0.00194296
0.00187397
0.00183071
0.00291721
0.00283167
0.00273591
0.00267424
0.00370652
0.00360175
0.00348305
0.00340547
0.00298803
0.00298426
0.00296683
0.00294396
0.00213589
0.00213322
0.00211897
0.00209989
0.00126561
0.0012649
0.0012555
0.00124188
0.000768181
0.000769184
0.00076348
0.000753783
0.000557044
0.00055858
0.000554582
0.000546971
0.000256148
0.000258084
0.000256623
0.000252486
4.162e-05
4.3167e-05
4.34668e-05
4.23993e-05
3.90649e-06
4.47494e-06
4.91027e-06
5.01789e-06
0.000566042
0.000568246
0.000565142
0.000558209
0.000259779
0.000261856
0.000260581
0.000256569
4.14618e-05
4.28053e-05
4.28128e-05
4.14872e-05
3.56743e-06
3.87579e-06
3.94098e-06
3.72831e-06
2.47596e-05
2.43113e-05
2.43412e-05
2.48439e-05
0.000137669
0.000134641
0.000133182
0.000133954
0.000424771
0.000417694
0.000413058
0.000412992
0.000745587
0.000735019
0.000727202
0.000725753
0.000949659
0.000937008
0.000927322
0.000925087
0.00139343
0.00137673
0.00136356
0.00136
0.00208892
0.0020673
0.00204984
0.00204465
0.00270716
0.00268212
0.00266189
0.00265585
0.000972764
0.000961576
0.000953737
0.000952879
0.00142389
0.00140948
0.00139924
0.0013979
0.00212725
0.00210923
0.00209642
0.00209475
0.00274917
0.00272894
0.00271492
0.00271359
2.71266e-05
2.61986e-05
2.5584e-05
2.5558e-05
0.000147091
0.000143813
0.000141985
0.000142427
0.000448998
0.000442174
0.000437794
0.000437861
0.000784293
0.000774502
0.000767624
0.000766833
0.000996688
0.000985177
0.000976883
0.000975643
0.0014549
0.0014402
0.00142952
0.0014278
0.00216565
0.0021474
0.00213419
0.00213215
0.00279076
0.00277037
0.00275601
0.00275434
0.00102919
0.00101525
0.00100387
0.00100031
0.00149739
0.00147946
0.00146463
0.00145975
0.00222013
0.00219737
0.00217834
0.00217184
0.00285254
0.00282652
0.00280484
0.00279754
0.00246416
0.00239918
0.00230639
0.00222959
0.00175786
0.00171367
0.00164906
0.00159457
0.00104721
0.0010239
0.000988037
0.000956707
0.000647625
0.000636147
0.000616807
0.000598948
0.000478457
0.000471741
0.000459357
0.00044737
0.000235348
0.000234721
0.000231726
0.000227972
6.03035e-05
6.33536e-05
6.68917e-05
6.94163e-05
2.68627e-05
2.98187e-05
3.43734e-05
3.85304e-05
0.000507123
0.000503059
0.000493089
0.000482092
0.000241746
0.000242093
0.000239596
0.000235583
5.14803e-05
5.42225e-05
5.68481e-05
5.82435e-05
1.60817e-05
1.83696e-05
2.16692e-05
2.45347e-05
4.03353e-05
4.20302e-05
4.56855e-05
4.9698e-05
0.000122385
0.000119642
0.000118908
0.000120563
0.000342931
0.000331409
0.000320882
0.000316247
0.000595267
0.000574935
0.000554049
0.000542318
0.000757256
0.000731328
0.000703842
0.000687566
0.00111461
0.00107676
0.00103505
0.00100883
0.00168844
0.00163299
0.00157006
0.00152884
0.00220994
0.00213953
0.00205845
0.00200435
0.000826255
0.000803539
0.000780504
0.000767838
0.00121752
0.001185
0.00115069
0.00113047
0.00184124
0.00179459
0.00174374
0.00171227
0.00240461
0.00234618
0.00228148
0.00224053
2.72382e-05
2.7603e-05
2.89914e-05
3.08014e-05
0.000129261
0.000126097
0.000124631
0.000125546
0.000393152
0.000383712
0.000376048
0.000373701
0.000690511
0.000675159
0.000661086
0.000654817
0.000880508
0.000861492
0.00084345
0.000834749
0.0012967
0.00127011
0.00124385
0.00123005
0.00195607
0.00191893
0.00188093
0.00185969
0.00254836
0.00250271
0.00245521
0.0024279
0.000920628
0.000905178
0.000891858
0.000886839
0.00135366
0.00133265
0.00131383
0.00130588
0.00203592
0.00200756
0.00198127
0.00196923
0.00264556
0.0026116
0.00257966
0.00256455
0.00116349
0.00107499
0.000962784
0.000879579
0.000853022
0.000790208
0.000710688
0.00065188
0.00054334
0.000506599
0.000460541
0.000426918
0.000372844
0.000350991
0.000324231
0.000305289
0.000300116
0.000284567
0.000265989
0.000253264
0.000188758
0.000182048
0.00017503
0.000171148
0.000108302
0.000108046
0.00010974
0.000112721
9.33607e-05
9.44711e-05
9.83278e-05
0.000103236
0.000352437
0.000338232
0.000320193
0.000307024
0.000205157
0.000200057
0.000194244
0.000190654
9.81377e-05
9.9487e-05
0.000102722
0.000106503
7.70963e-05
7.95993e-05
8.49148e-05
9.07081e-05
9.68467e-05
9.74103e-05
0.00010079
0.000105495
0.000122827
0.00012005
0.000119516
0.000121524
0.000212899
0.00020174
0.000191005
0.000185714
0.000324002
0.000303462
0.000281148
0.000267466
0.000395035
0.000368289
0.000338289
0.000319008
0.000553761
0.000513351
0.000466178
0.000434194
0.000823254
0.000761353
0.000687131
0.000635124
0.00107816
0.000996974
0.000898457
0.000828465
0.00048899
0.000460452
0.000428493
0.000407996
0.000701304
0.000658161
0.000607941
0.000573996
0.00105449
0.000988748
0.000910186
0.000855324
0.00138401
0.00129826
0.00119454
0.00112109
6.68638e-05
6.90994e-05
7.41193e-05
7.97133e-05
0.000121053
0.000118835
0.000118953
0.000121422
0.000278971
0.000266974
0.000255527
0.000249981
0.000464665
0.000442326
0.000418283
0.000403742
0.000584209
0.000555163
0.000522919
0.000502483
0.000849784
0.000806172
0.000755886
0.000722289
0.00128501
0.0012192
0.00114127
0.00108743
0.00168679
0.00160155
0.00149937
0.00142772
0.000675311
0.000647165
0.000616461
0.000597474
0.000990191
0.000948436
0.000901125
0.000870217
0.00150037
0.00143818
0.00136575
0.00131668
0.00196733
0.0018875
0.00179327
0.00172841
0.000168124
0.000137721
0.000102938
7.99858e-05
0.00013755
0.000114097
8.75864e-05
7.03332e-05
0.000112413
9.5805e-05
7.75235e-05
6.60049e-05
0.000104215
9.1173e-05
7.72469e-05
6.88152e-05
0.000100618
8.91433e-05
7.70575e-05
6.98692e-05
9.06683e-05
8.18101e-05
7.28358e-05
6.77907e-05
8.69115e-05
7.98455e-05
7.30204e-05
6.9468e-05
9.0984e-05
8.41022e-05
7.75128e-05
7.41307e-05
0.000143731
0.000130086
0.00011545
0.000106588
0.000118233
0.000109063
9.99113e-05
9.49694e-05
0.000102905
9.70412e-05
9.19922e-05
9.00225e-05
0.000104447
9.92743e-05
9.51426e-05
9.38793e-05
9.15617e-05
8.46287e-05
7.79809e-05
7.4561e-05
8.87149e-05
8.15402e-05
7.45745e-05
7.09161e-05
9.40081e-05
8.49831e-05
7.57752e-05
7.05422e-05
0.0001048
9.3187e-05
8.08771e-05
7.34889e-05
0.000109452
9.61895e-05
8.19346e-05
7.32236e-05
0.000119246
0.000102402
8.37351e-05
7.18653e-05
0.000145423
0.000121934
9.51832e-05
7.76083e-05
0.000175705
0.000145652
0.000110978
8.78581e-05
0.000163013
0.000146151
0.000127756
0.000116333
0.000195294
0.000172012
0.000145611
0.000128348
0.000260376
0.000226086
0.000186032
0.00015887
0.000327968
0.000283229
0.000230265
0.000193785
0.000110255
0.000107056
0.000105662
0.000106689
0.000116074
0.000111213
0.000107793
0.000107367
0.000151541
0.000141474
0.000131659
0.000126627
0.000199744
0.000183405
0.000165867
0.000155265
0.000229138
0.000208604
0.0001859
0.00017157
0.000294792
0.00026496
0.000230581
0.00020765
0.000415295
0.000370147
0.000316584
0.00027956
0.000534664
0.000475324
0.000404015
0.000353983
0.000307195
0.000283241
0.000256494
0.000239405
0.000415864
0.000380087
0.000338462
0.000310364
0.000605946
0.000551201
0.00048571
0.000439971
0.000789119
0.000717103
0.00062989
0.000568107
6.66327e-07
3.07736e-07
8.79748e-08
2.10094e-07
8.85995e-07
3.56064e-07
1.10945e-08
1.14799e-07
2.04891e-06
9.28728e-07
1.56013e-07
1.19691e-07
3.40777e-06
1.61896e-06
3.91143e-07
2.01912e-07
3.33601e-06
1.46508e-06
2.70443e-07
2.48121e-07
3.72688e-06
1.65904e-06
2.70606e-07
1.40976e-07
4.27775e-06
1.95084e-06
3.17131e-07
5.20755e-08
4.72869e-06
2.20826e-06
3.88481e-07
1.76268e-08
1.63081e-05
1.18768e-05
7.40554e-06
4.86214e-06
1.76554e-05
1.2931e-05
8.14554e-06
5.40093e-06
1.96054e-05
1.44088e-05
9.14635e-06
6.12055e-06
2.13176e-05
1.56785e-05
9.97266e-06
6.69229e-06
4.61076e-06
2.1221e-06
3.42527e-07
6.8363e-09
4.04578e-06
1.80422e-06
2.48257e-07
2.54294e-08
3.35952e-06
1.43182e-06
1.71107e-07
1.0345e-07
2.88891e-06
1.1886e-06
1.55651e-07
2.14901e-07
2.86417e-06
1.24045e-06
2.14152e-07
1.61583e-07
1.88505e-06
8.22659e-07
1.17741e-07
1.36328e-07
8.08284e-07
3.16356e-07
1.66405e-08
1.52532e-07
4.21782e-07
1.69332e-07
4.94342e-08
2.2238e-07
1.53926e-05
1.10268e-05
6.68079e-06
4.27065e-06
1.1561e-05
8.14973e-06
4.75383e-06
2.86906e-06
7.04857e-06
4.59267e-06
2.2929e-06
1.1631e-06
4.14479e-06
2.29257e-06
8.04091e-07
3.36913e-07
4.54607e-05
3.79444e-05
2.99522e-05
2.50227e-05
4.26351e-05
3.54987e-05
2.7921e-05
2.3257e-05
4.01547e-05
3.31639e-05
2.57427e-05
2.11879e-05
3.907e-05
3.19301e-05
2.43598e-05
1.97379e-05
3.6935e-05
2.9915e-05
2.25768e-05
1.81978e-05
3.13548e-05
2.47256e-05
1.78196e-05
1.37338e-05
2.6419e-05
1.95764e-05
1.25524e-05
8.54483e-06
2.44142e-05
1.69746e-05
9.47153e-06
5.37001e-06
6.78582e-05
5.79046e-05
4.73472e-05
4.09699e-05
6.56938e-05
5.45476e-05
4.25481e-05
3.51787e-05
6.94004e-05
5.53929e-05
4.00673e-05
3.05096e-05
7.71404e-05
6.00243e-05
4.11454e-05
2.92954e-05
