FiniteElementSpace
FiniteElementCollection: H1_2D_P2
VDim: 2
Ordering: 0

0
0.859443
1.68771
2.45708
3.14088
3.72016
4.20092
4.62207
5.03481
0
1.12005
2.14581
3.06079
3.86467
4.53942
5.08048
5.52665
5.94284
0.432819
0.997559
0.56594
0
1.27915
1.92681
1.64728
2.08147
2.77024
2.61669
2.81121
3.5157
3.47752
3.444
4.14244
4.21932
3.9711
4.64933
4.8253
4.41559
5.07726
5.31148
4.82694
5.4889
5.73465
0.503917
1.47255
2.35969
3.15653
3.84487
4.40928
4.86923
5.28166
0.218006
0.47223
0.251995
0
1.07043
1.37978
1.23758
0.932444
1.88665
2.22401
2.14596
1.81092
2.63703
2.98742
2.96658
2.61704
3.29583
3.64849
3.68418
3.33212
3.84858
4.19382
4.27953
3.93532
4.30972
4.64442
4.7613
4.42803
4.72436
5.05467
5.17944
4.85078
0.646766
0.752813
1.05903
0.845942
0.533739
0.281205
0
1.48506
1.70232
2.03773
1.90009
1.56078
1.38726
2.27176
2.56785
2.91781
2.84208
2.49008
2.38463
2.97926
3.3397
3.69289
3.67498
3.3196
3.27269
3.5854
3.99762
4.34337
4.38374
4.03476
4.04622
4.08831
4.53229
4.86636
4.95638
4.61931
4.6865
4.51941
4.97419
5.3022
5.42049
5.09117
5.19851
4.93035
5.26183
5.38464
5.71586
5.83836
5.50809
5.63104
0.239537
1.158
2.01984
2.80525
3.49397
4.06792
4.53798
4.95262
0.703545
0.799178
0.263837
1.5975
1.80236
1.31298
2.42318
2.70707
2.26696
3.16317
3.51
3.12208
3.79559
4.19326
3.86792
4.3136
4.74609
4.48526
4.74836
5.19785
4.98104
5.15759
5.61144
5.40529
0.111313
0.230429
0.121176
0
0.965168
1.11547
1.04567
0.897218
1.78765
1.95425
1.91596
1.75038
2.54773
2.72207
2.71187
2.53798
3.21918
3.396
3.41395
3.23756
3.78513
3.95935
4.00248
3.82888
4.25574
4.42455
4.48351
4.3153
4.6732
4.83867
4.90172
4.73674
0.539937
0.676413
0.588092
0.453743
0.628839
0.776085
0.667145
0.518716
0.125643
0.257861
0.129736
0
1.38246
1.54242
1.48916
1.33067
1.58809
1.75277
1.68235
1.51704
1.11818
1.27558
1.18676
1.02851
2.17719
2.34839
2.32423
2.1537
2.46448
2.63806
2.59935
2.42544
2.03706
2.20698
2.15311
1.98275
2.89601
3.07222
3.07612
2.90028
3.24899
3.42556
3.41572
3.23876
2.86919
3.045
3.02077
2.84466
3.51553
3.69164
3.72296
3.54739
3.92224
4.09615
4.11506
3.94055
3.6009
3.77678
3.78141
3.60503
4.03033
4.2019
4.25443
4.08349
4.47158
4.63971
4.68357
4.51488
4.21193
4.38304
4.41533
4.24359
4.46769
4.63433
4.69664
4.53058
4.92202
5.08623
5.14488
4.98049
4.70588
4.87154
4.92434
4.75829
4.8785
5.04396
5.10599
4.94089
5.33302
5.49805
5.55966
5.39492
5.1284
5.29244
5.35384
5.18986
0.325399
0.356111
0.488686
0.378185
0.246114
0
1.17509
1.26938
1.42691
1.3557
1.19851
0.96568
1.98458
2.12253
2.2926
2.25351
2.08365
1.86962
2.72485
2.89711
3.07279
3.06238
2.88671
2.69442
3.37075
3.57215
3.74758
3.76551
3.58997
3.42478
3.91054
4.13167
4.30233
4.34529
4.17456
4.03975
4.36296
4.59158
4.75726
4.8157
4.65017
4.5393
4.77556
5.00357
5.16826
5.2305
5.06619
4.96426
0.75326
0.818373
0.875749
0.728803
0.929817
1.08943
0.983849
0.822354
0.706554
0.549453
0.399117
0.42431
0.271565
0.137061
0
1.5868
1.70476
1.81523
1.65067
1.92082
2.092
2.02383
1.85137
1.77459
1.60409
1.43766
1.51818
1.35009
1.25456
2.36504
2.52079
2.66978
2.49627
2.81324
2.98981
2.95229
2.77503
2.73023
2.55377
2.37929
2.5015
2.3261
2.26608
3.06087
3.24851
3.42862
3.25228
3.60241
3.77941
3.77084
3.5931
3.57721
3.39915
3.22171
3.37602
3.19794
3.16762
3.65358
3.86636
4.07101
3.8975
4.26936
4.44194
4.46269
4.28908
4.30265
4.12765
3.95238
4.13387
3.95769
3.95651
4.14514
4.37143
4.5915
4.42365
4.80699
4.97371
5.01926
4.8516
4.89178
4.72274
4.55324
4.75692
4.58637
4.61404
4.57083
4.7997
5.0259
4.86161
5.25025
5.41441
5.47385
5.30922
5.3664
5.20145
5.03661
5.25556
5.08998
5.1402
4.98242
5.1483
5.20953
5.37539
5.43659
5.27116
5.60238
5.6635
5.82933
5.89045
5.72483
5.78643
5.62129
5.45667
5.68287
5.5181
5.57899
0.118109
1.00669
1.85284
2.63073
3.31765
3.89493
4.37039
4.78771
0.565248
0.647992
0.127666
1.43699
1.63562
1.15274
2.25165
2.53249
2.09558
2.98705
3.33306
2.94563
3.62039
4.01937
3.69189
4.14337
4.57813
4.31429
4.58268
5.03369
4.81552
4.99228
5.44637
5.24123
0.342027
0.36772
0.123666
1.22347
1.31328
1.08263
2.05454
2.18877
1.97726
2.81192
2.98055
2.79131
3.47258
3.66973
3.5083
4.02218
4.23929
4.10806
4.47791
4.70412
4.59527
4.8897
5.11716
5.01526
0.787089
0.847712
0.609075
0.902945
0.956672
0.686571
0.388486
0.411163
0.132259
1.64689
1.76075
1.53938
1.86848
1.97251
1.72857
1.39702
1.47794
1.22059
2.44384
2.59605
2.39511
2.74213
2.88324
2.66521
2.31694
2.44074
2.20986
3.15572
3.33942
3.16338
3.51624
3.68724
3.49707
3.14273
3.29944
3.09473
3.76112
3.96957
3.8235
4.17088
4.36658
4.20945
3.85968
4.04374
3.86958
4.25917
4.48213
4.36375
4.69972
4.91345
4.78807
4.44988
4.65554
4.5152
4.68564
4.91309
4.80971
5.13824
5.36207
5.25573
4.92648
5.14625
5.03251
5.09596
5.32309
5.21957
5.55005
5.77694
5.67297
5.34364
5.5697
5.46638
0
-0.153993
-0.498002
-0.993863
-1.60902
-2.32959
-3.1405
-4.017
-4.92396
1
0.80601
0.387742
-0.198771
-0.92082
-1.75732
-2.66496
-3.59114
-4.50488
-0.0572536
0.352071
0.927492
0.5
-0.303816
-0.0366368
0.621831
-0.729654
-0.581677
0.112569
-1.28758
-1.25278
-0.54384
-1.95687
-2.03487
-1.32688
-2.72506
-2.89824
-2.20572
-3.5725
-3.80274
-3.12846
-4.46927
-4.71435
-4.05005
0.46645
0.180803
-0.292352
-0.902283
-1.63135
-2.45889
-3.34774
-4.25929
-0.0318111
0.213499
0.497739
0.25
-0.222855
-0.0557424
0.272835
0.106303
-0.609499
-0.506763
-0.16007
-0.26253
-1.13716
-1.09128
-0.738161
-0.783837
-1.77973
-1.79156
-1.43872
-1.42768
-2.52464
-2.5912
-2.24463
-2.18055
-3.35467
-3.4606
-3.12203
-3.01936
-4.24248
-4.36471
-4.03104
-3.9105
-0.0984063
0.417058
0.584845
0.875458
0.703263
0.96072
0.75
-0.395839
0.07728
0.179954
0.510371
0.406417
0.720882
-0.857918
-0.432998
-0.386839
-0.0387695
-0.0860746
0.254905
-1.44492
-1.07389
-1.0839
-0.728479
-0.719968
-0.367196
-2.14024
-1.83024
-1.89347
-1.53942
-1.47635
-1.12046
-2.93048
-2.67698
-2.77941
-2.43443
-2.32986
-1.97972
-3.79347
-3.57482
-3.69569
-3.36014
-3.2363
-2.89654
-4.69669
-4.81917
-4.48714
-4.60963
-4.27785
-4.15411
-3.82116
0.243322
0.0314377
-0.380313
-0.933859
-1.60631
-2.38342
-3.23862
-4.13734
0.167506
0.652382
0.736932
-0.154065
0.298567
0.502319
-0.641389
-0.232302
0.0515086
-1.25594
-0.898194
-0.549454
-1.98311
-1.68214
-1.27676
-2.80337
-2.55337
-2.10963
-3.68474
-3.46593
-3.00727
-4.59213
-4.38229
-3.92518
-0.0196224
0.108445
0.249893
0.125
-0.186901
-0.0940371
0.0704804
-0.0219233
-0.552666
-0.493784
-0.320305
-0.379065
-1.06464
-1.03452
-0.857917
-0.887836
-1.69357
-1.69227
-1.51615
-1.51751
-2.42643
-2.4538
-2.28134
-2.2547
-3.2471
-3.29686
-3.12861
-3.08007
-4.12954
-4.19016
-4.02382
-3.96404
-0.0760542
0.0367498
0.192475
0.080414
0.443788
0.536369
0.679999
0.586669
0.502938
0.619146
0.745778
0.625
-0.348551
-0.273637
-0.103582
-0.178309
0.130405
0.189149
0.353911
0.294933
0.31414
0.389004
0.545358
0.469993
-0.792832
-0.748616
-0.573082
-0.617138
-0.361652
-0.331719
-0.158128
-0.188224
-0.0972085
-0.0532234
0.116917
0.0727948
-1.36541
-1.34952
-1.17271
-1.18847
-0.987162
-0.98527
-0.808127
-0.810322
-0.658955
-0.642968
-0.467145
-0.483376
-2.0478
-2.06116
-1.88658
-1.87358
-1.73005
-1.75555
-1.57851
-1.55318
-1.34489
-1.35703
-1.17946
-1.1676
-2.82717
-2.86696
-2.69677
-2.65804
-2.5675
-2.61471
-2.44125
-2.39386
-2.13915
-2.17657
-2.00099
-1.96357
-3.68263
-3.7394
-3.57243
-3.51682
-3.46114
-3.52012
-3.35107
-3.29171
-3.00986
-3.06428
-2.89316
-2.83841
-4.58295
-4.64451
-4.47844
-4.41718
-4.37328
-4.43466
-4.2683
-4.20661
-3.91687
-3.97796
-3.81049
-3.74901
-0.0425008
0.230409
0.342144
0.484522
0.372593
0.375
-0.261942
-0.0106971
0.0639434
0.228332
0.153693
0.230906
-0.668565
-0.442492
-0.398514
-0.225137
-0.269083
-0.148394
-1.21152
-1.01166
-0.995911
-0.819278
-0.835101
-0.681808
-1.86752
-1.69813
-1.71081
-1.53422
-1.5218
-1.33946
-2.62421
-2.48673
-2.52474
-2.35124
-2.31363
-2.10723
-3.46316
-3.3493
-3.40413
-3.23468
-3.18023
-2.95864
-4.35576
-4.25099
-4.31203
-4.14519
-4.08422
-3.85665
-0.124529
0.138689
0.386439
0.294183
0.620599
0.696807
0.842867
0.765354
0.903812
0.816709
0.722281
0.946627
0.850523
0.97615
0.875
-0.445747
-0.207089
0.0215625
-0.0371018
0.240547
0.284914
0.450404
0.405617
0.567592
0.515354
0.455951
0.673028
0.61291
0.765333
-0.92498
-0.711656
-0.506349
-0.536202
-0.308545
-0.291992
-0.117689
-0.134674
0.0380141
0.0141675
-0.0161714
0.184902
0.154196
0.322564
-1.52615
-1.34094
-1.16244
-1.16409
-0.990127
-1.00164
-0.823687
-0.812606
-0.635155
-0.631155
-0.633732
-0.454484
-0.457549
-0.281927
-2.23419
-2.08113
-1.93188
-1.90611
-1.78715
-1.82467
-1.64773
-1.61006
-1.43241
-1.4009
-1.37575
-1.22284
-1.1979
-1.01974
-3.03495
-2.91092
-2.78726
-2.73994
-2.66612
-2.72151
-2.54951
-2.4932
-2.31978
-2.26707
-2.21928
-2.09231
-2.04395
-1.86799
-3.90496
-3.79745
-3.6887
-3.62978
-3.58082
-3.643
-3.47575
-3.41253
-3.24436
-3.1818
-3.12168
-3.0125
-2.95127
-2.78067
-4.81041
-4.87159
-4.70571
-4.76678
-4.60083
-4.53965
-4.66196
-4.49606
-4.55727
-4.39144
-4.33002
-4.16408
-4.1019
-4.03973
-3.93575
-3.87286
-3.70629
0.118249
-0.0564077
-0.43532
-0.960269
-1.60406
-2.35358
-3.18804
-4.07695
0.0604939
0.563622
0.625605
-0.22467
0.24343
0.431228
-0.681898
-0.258931
0.0109491
-1.26812
-0.896859
-0.56219
-1.96661
-1.65362
-1.26145
-2.76195
-2.50388
-2.06949
-3.62782
-3.40582
-2.95111
-4.53085
-4.32072
-3.8635
0.0963449
0.359721
0.377807
-0.134744
0.110301
0.193947
-0.554428
-0.33274
-0.207609
-1.11061
-0.914578
-0.757507
-1.78212
-1.6155
-1.42978
-2.55531
-2.41863
-2.20981
-3.40648
-3.29193
-3.06911
-4.3036
-4.19812
-3.97037
0.00915019
0.264374
0.320165
0.505109
0.73313
0.793296
0.605295
0.835811
0.863079
-0.325156
-0.0915248
0.0147616
0.132234
0.346579
0.461936
0.343515
0.565755
0.656684
-0.817287
-0.608032
-0.46635
-0.406541
-0.212283
-0.0591689
-0.119633
0.0853173
0.220765
-1.43266
-1.25089
-1.07909
-1.07553
-0.906186
-0.720906
-0.725684
-0.54335
-0.373745
-2.15722
-2.00598
-1.80771
-1.8589
-1.71673
-1.50475
-1.4543
-1.29858
-1.09888
-2.97302
-2.8489
-2.63187
-2.72624
-2.60713
-2.37981
-2.28473
-2.15508
-1.93377
-3.8515
-3.74309
-3.51677
-3.63453
-3.52782
-3.29717
-3.17784
-3.06648
-2.83626
-4.75811
-4.65329
-4.42589
-4.54841
-4.44374
-4.21608
-4.09234
-3.9875
-3.75802
