FiniteElementSpace
FiniteElementCollection: H1_2D_P2
VDim: 2
Ordering: 0

0
-0.00524779
-0.00152533
0.00744566
0.00548219
-0.0144625
-0.0445293
-0.0826956
-0.127811
0
0.00585065
0.00810012
0.00426762
-0.0104217
-0.0366958
-0.0724541
-0.117512
-0.16659
-0.00348452
-5.65279e-05
0.00333647
0
-0.00459838
0.00318053
0.00749544
0.00314314
0.00685835
0.00724165
0.00882385
-0.000879788
-0.00150672
-0.0026772
-0.0244241
-0.022295
-0.0285902
-0.0575486
-0.0533865
-0.0624756
-0.099514
-0.0939693
-0.104827
-0.1472
-0.142102
-0.000276776
0.00111078
0.00557099
0.00513519
-0.0110834
-0.0399769
-0.0773998
-0.123165
-0.00180976
-0.00163529
-0.000128501
0
-0.00524
-0.00153668
0.00040326
-0.00245732
0.000706051
0.00460111
0.00440414
0.00105684
0.00864713
0.00724219
0.00648188
0.00740396
0.00194722
-0.00659591
-0.00551397
0.00257701
-0.0212883
-0.0339848
-0.0319539
-0.0191514
-0.0532271
-0.0697463
-0.0671756
-0.0507629
-0.0935805
-0.113989
-0.111216
-0.0910361
-0.00464106
-0.000274787
0.00250001
0.00469877
0.00115577
0.00172578
0
-0.00333818
0.00205179
0.00532533
0.0079482
0.00389987
0.00678674
0.00550022
0.00647161
0.00583617
0.00606528
0.0063366
0.00789018
0.00779084
0.00269099
-0.0051004
-0.00557193
0.00233733
0.00176406
-0.00820857
-0.0174339
-0.0302911
-0.0292029
-0.0162734
-0.0160153
-0.0363322
-0.0484966
-0.0647987
-0.0626121
-0.0464838
-0.0447551
-0.0723033
-0.0882027
-0.108275
-0.105539
-0.085449
-0.0829166
-0.116263
-0.137525
-0.135215
-0.156844
-0.15443
-0.132471
-0.129748
-0.000683048
-0.00222021
0.00279307
0.00782112
-0.00150262
-0.0263247
-0.0599594
-0.102375
-0.00225626
0.00183284
0.000447521
-0.000424822
0.0046239
0.00318783
0.00623413
0.00636846
0.00593472
0.00551039
-0.000875521
0.00454495
-0.0125335
-0.0229824
-0.0102708
-0.0421206
-0.0553611
-0.0381322
-0.0801231
-0.0966269
-0.0748268
-0.125726
-0.144729
-0.12027
-0.000737438
-0.00113509
-0.000239962
0
-0.00532289
-0.00364796
-0.00239467
-0.00377227
-0.000449582
0.00183222
0.00190275
-0.000149005
0.00816802
0.00829552
0.00772407
0.0074912
0.00386642
0.000279666
0.000673958
0.00408587
-0.0178127
-0.0237354
-0.0226739
-0.0167405
-0.0488109
-0.0565292
-0.0552892
-0.0475729
-0.088081
-0.0979815
-0.0966608
-0.0868558
-0.00412361
-0.00336841
-0.00199738
-0.00247266
-0.000300445
0.000726883
0.00149951
0.000391409
-4.24181e-05
0.000134389
0.000169587
0
-0.00404325
-0.00179585
-0.001032
-0.00298321
0.00155392
0.00329182
0.0042619
0.00245186
0.000142322
0.00173926
0.00284075
0.00116628
0.0043567
0.00593948
0.00545712
0.00395022
0.00606842
0.00645497
0.00640875
0.00596252
0.00378806
0.0051548
0.00564712
0.00421978
0.00847522
0.00670697
0.0065267
0.00809101
0.00405295
0.0010169
0.00085645
0.00383671
0.00677829
0.00559726
0.00529375
0.00640832
-0.00534093
-0.0103085
-0.00946965
-0.00457711
-0.0141702
-0.0201262
-0.0195467
-0.0135847
-0.00307146
-0.00778851
-0.00757472
-0.00288025
-0.0324066
-0.03915
-0.0379918
-0.0312125
-0.0441725
-0.0518745
-0.0508546
-0.0431731
-0.028125
-0.0349804
-0.034147
-0.0272865
-0.0673142
-0.0761838
-0.0748633
-0.0660622
-0.0827326
-0.0923652
-0.0909733
-0.0813724
-0.0622884
-0.0709482
-0.0697381
-0.0611204
-0.110532
-0.120986
-0.119848
-0.109413
-0.129186
-0.139962
-0.138603
-0.127794
-0.105325
-0.115707
-0.114238
-0.10385
-0.00272641
-0.00118358
-0.000928292
-0.00021275
-0.000392677
0
-0.00499885
-0.00193405
-0.000192541
0.000726294
-0.000890376
-0.00123861
0.00191787
0.00370217
0.00513113
0.00500579
0.0036361
0.00214924
0.00888795
0.00766905
0.00626233
0.00593827
0.00721915
0.00719173
-0.000236944
-0.00393247
-0.00875999
-0.00819134
-0.00342741
0.000929065
-0.0248844
-0.0300954
-0.0369107
-0.0359039
-0.0290667
-0.0217128
-0.0577777
-0.0647783
-0.073525
-0.0722135
-0.0635109
-0.0540928
-0.0991674
-0.108157
-0.118568
-0.117169
-0.106779
-0.0952482
-0.00501943
-0.00241031
-0.000194876
-0.0012437
0.00216469
0.00403406
0.00530213
0.00312921
0.00404289
0.00211546
0.000798836
0.00257434
0.000948652
0.000753286
0
-0.00249424
0.000275252
0.00259698
0.0008382
0.00498067
0.00659534
0.00806505
0.00614958
0.00775645
0.00555361
0.00354122
0.00717127
0.00484283
0.00634641
0.00655309
0.00689597
0.00674383
0.00640577
0.00618305
0.0051333
0.00524574
0.00623946
0.00672238
0.00675373
0.00616972
0.00762433
0.00682881
0.00804402
0.00680327
0.00419318
0.00104329
0.00417872
-0.00286589
-0.00759917
-0.00790468
-0.00305208
-0.00344438
0.000577209
0.00356026
0.000222222
0.00328514
0.00310384
-0.0112566
-0.015766
-0.0208559
-0.0149062
-0.0265666
-0.0334321
-0.0328813
-0.0260098
-0.0256769
-0.0191741
-0.0131763
-0.0190765
-0.0130043
-0.0131324
-0.040371
-0.0463755
-0.0529532
-0.0452414
-0.0600077
-0.0685755
-0.0674555
-0.0589422
-0.057925
-0.0498924
-0.0422436
-0.0490007
-0.0413956
-0.040658
-0.0774293
-0.0855183
-0.0938016
-0.0841252
-0.1024
-0.112817
-0.111483
-0.101008
-0.0996945
-0.0896404
-0.0800653
-0.0883714
-0.0788118
-0.077608
-0.122015
-0.132658
-0.131619
-0.142373
-0.14123
-0.130471
-0.152011
-0.150819
-0.161684
-0.160547
-0.149541
-0.148285
-0.137227
-0.126354
-0.135923
-0.124938
-0.123608
-0.000385896
-0.0037778
0.000810366
0.00800834
0.00232607
-0.0201741
-0.0519811
-0.0923692
-0.00297815
0.000549345
4.69563e-05
-0.00245267
0.00285752
0.00143526
0.00498126
0.00626023
0.004693
0.00755648
0.00256054
0.00610911
-0.00734446
-0.0167705
-0.00521551
-0.035123
-0.047458
-0.0310694
-0.0710501
-0.0868019
-0.0659601
-0.115188
-0.133877
-0.109741
-0.00186116
-0.000672242
-0.000134049
-0.00338333
-0.000584926
-0.00110834
0.00288995
0.00439504
0.00287921
0.00833644
0.00687412
0.00731505
-0.00202681
-0.00598156
-0.00111803
-0.0274164
-0.0329282
-0.0253256
-0.0612217
-0.0684434
-0.0587288
-0.103668
-0.11265
-0.100971
-0.00363507
-0.00128305
-0.00112428
0.000930886
0.00359434
0.00263753
0.000251233
0.00155839
0.000335748
-0.00102408
0.00146352
0.000283262
0.00374851
0.00639436
0.00586779
0.00207835
0.00521133
0.00445036
0.00679261
0.00687639
0.00581153
0.00651166
0.00576714
0.00655864
0.00558429
0.00683608
0.00674331
0.00555318
0.00269747
0.00536555
-0.000800838
-0.00521593
-0.00112418
0.00484234
0.00204035
0.00430683
-0.0134467
-0.0182347
-0.0117413
-0.0236348
-0.0296517
-0.0225149
-0.0105846
-0.0160008
-0.0102014
-0.0432979
-0.0495991
-0.0410133
-0.0564267
-0.0636843
-0.0543465
-0.0390141
-0.0455769
-0.0373479
-0.081455
-0.0896277
-0.078755
-0.0980533
-0.106865
-0.095262
-0.0760868
-0.0841542
-0.073618
-0.126803
-0.13643
-0.124512
-0.146017
-0.155649
-0.143393
-0.121731
-0.131072
-0.118848
0
-0.0117402
-0.026967
-0.0294069
-0.0105276
0.0187467
0.0522038
0.0918677
0.132141
0
-0.00998499
-0.02424
-0.0324687
-0.0276774
-0.0115144
0.0124527
0.0450073
0.0848091
-0.00509017
-0.0103025
-0.00416379
0
-0.0197678
-0.0265428
-0.0171684
-0.0308476
-0.0325441
-0.0297465
-0.0221933
-0.0200425
-0.0317613
0.00357085
0.00305184
-0.0207275
0.0347954
0.0315818
-0.000446394
0.0713487
0.0679525
0.0275127
0.112542
0.108407
0.0645657
-0.00332386
-0.018671
-0.0317674
-0.0283281
-0.00922054
0.0165295
0.0487087
0.088425
-0.00281531
-0.00395345
-0.000925967
0
-0.0157087
-0.0192315
-0.0144219
-0.0108988
-0.0294722
-0.0314997
-0.029618
-0.026877
-0.0264732
-0.0255322
-0.0310309
-0.0312117
-0.00367078
-0.00310712
-0.0148616
-0.0155769
0.0266384
0.025423
0.00962638
0.0106465
0.0615599
0.0597342
0.0398655
0.0416287
0.102283
0.100359
0.078131
0.0796509
-0.00812642
-0.00653736
-0.00997903
-0.00681423
-0.00336345
-0.00223461
0
-0.0236255
-0.0228012
-0.0257658
-0.0208108
-0.0180093
-0.0134982
-0.0308665
-0.0327835
-0.0331397
-0.0315128
-0.0313604
-0.0272746
-0.0167888
-0.0245981
-0.0240351
-0.0301157
-0.0304823
-0.0325554
0.0110618
-0.00323133
-0.00425131
-0.016371
-0.014998
-0.0245213
0.0432944
0.023824
0.0218988
0.00575908
0.00795901
-0.0062005
0.0814959
0.0580967
0.0564934
0.035958
0.0380289
0.019687
0.122487
0.120284
0.098591
0.0966479
0.0747447
0.076601
0.0545877
-0.00146354
-0.0150113
-0.029707
-0.0290068
-0.0095572
0.0178907
0.0504299
0.0900053
-0.00714058
-0.00639487
-0.00105584
-0.0232852
-0.0220369
-0.0139177
-0.032041
-0.0327979
-0.0289516
-0.0209782
-0.0276582
-0.03235
0.00364717
-0.00980835
-0.019771
0.0333116
0.0146834
0.00166341
0.069507
0.0469889
0.0296665
0.110486
0.0867832
0.0664245
-0.0016695
-0.00203824
-0.00061203
0
-0.0136937
-0.0153441
-0.0129253
-0.0112889
-0.0283497
-0.0296183
-0.0284056
-0.0269427
-0.0281322
-0.0277969
-0.0302778
-0.0303579
-0.00716225
-0.0067004
-0.0126315
-0.0131346
0.0226636
0.0221893
0.0142358
0.0146172
0.056823
0.0559066
0.0459669
0.0468348
0.0970798
0.096084
0.0848137
0.0856773
-0.0065208
-0.00758849
-0.00546364
-0.00447067
-0.0048501
-0.0064029
-0.00479928
-0.00325215
-0.000255401
-0.000899295
-0.00035257
0
-0.0217417
-0.0234658
-0.0212971
-0.0194977
-0.0207673
-0.0224637
-0.0200456
-0.0183574
-0.0123317
-0.0141595
-0.0119171
-0.0101037
-0.0310489
-0.0314953
-0.0319375
-0.0312089
-0.0324249
-0.0329074
-0.0322069
-0.0316725
-0.0281796
-0.0293774
-0.0274404
-0.0262248
-0.0196243
-0.0189586
-0.0233766
-0.0239289
-0.0265777
-0.0262018
-0.0291776
-0.0294973
-0.0319413
-0.0317976
-0.0328808
-0.0329579
0.00729015
0.00727056
0.000237018
0.000145087
-0.00626493
-0.00654407
-0.0124512
-0.0121386
-0.0175182
-0.0173561
-0.0219732
-0.0220941
0.038996
0.038227
0.0293181
0.0300355
0.0201236
0.0192183
0.0112641
0.0122127
0.00630091
0.00561777
-0.00133948
-0.000623749
0.0763813
0.0754091
0.0645671
0.0654482
0.0533387
0.052519
0.0424366
0.0433375
0.0356556
0.0347301
0.0257107
0.026703
0.117558
0.116487
0.105462
0.106422
0.0935389
0.0926917
0.0817092
0.0825145
0.0730134
0.0722723
0.0614163
0.0622084
-0.00384107
-0.00261311
-0.00356409
-0.00200767
-0.00111323
0
-0.0177434
-0.0171243
-0.0189588
-0.0165453
-0.0147049
-0.0105689
-0.0303266
-0.0307487
-0.0316957
-0.0308214
-0.0297156
-0.0267507
-0.024501
-0.0274186
-0.027002
-0.0298174
-0.0300914
-0.0319493
-8.90319e-05
-0.00637665
-0.00622096
-0.0120901
-0.0122711
-0.0178758
0.0306784
0.0216167
0.020926
0.0130333
0.013709
0.00679872
0.0664004
0.0550204
0.0541653
0.0442176
0.0450911
0.0365503
0.107442
0.0951957
0.0943649
0.0832785
0.084032
0.0737561
-0.00987041
-0.00896078
-0.00836283
-0.00678705
-0.00813126
-0.00993638
-0.00834728
-0.0065273
-0.00541754
-0.0036652
-0.0021115
-0.00309543
-0.00149431
-0.00131085
0
-0.0253841
-0.0251577
-0.0247374
-0.0230686
-0.0239535
-0.0251201
-0.0225619
-0.0214943
-0.019004
-0.0176158
-0.0159581
-0.0153254
-0.0136965
-0.0117116
-0.0303376
-0.0318016
-0.032822
-0.0324804
-0.0331062
-0.0330125
-0.0320901
-0.0323693
-0.0307195
-0.0307502
-0.0302642
-0.028586
-0.028275
-0.0258146
-0.0137543
-0.0183689
-0.0224094
-0.0228577
-0.0259345
-0.025897
-0.028987
-0.0289735
-0.0310365
-0.0312583
-0.0315409
-0.0322611
-0.0326331
-0.0326156
0.0148806
0.00711719
-0.000125526
0.00015478
-0.00707442
-0.00786954
-0.0139997
-0.0130717
-0.0186127
-0.0178502
-0.017441
-0.0226964
-0.0221529
-0.0261807
0.0476925
0.0374127
0.0276411
0.0285154
0.018226
0.0171563
0.00904103
0.0102052
0.00259842
0.00374859
0.00476115
-0.00337728
-0.00226527
-0.00891098
0.0866611
0.0745414
0.0629743
0.0637492
0.0516795
0.0507718
0.0404092
0.0414787
0.0316556
0.0327626
0.0337726
0.0235212
0.0246599
0.0159971
0.127338
0.126239
0.11542
0.114332
0.103549
0.104518
0.102522
0.0917773
0.0907778
0.0798308
0.0808239
0.0696495
0.0706357
0.0714966
0.05954
0.0605441
0.0497385
-0.000999539
-0.0132866
-0.0284015
-0.0292556
-0.00998096
0.0183726
0.0513107
0.0908749
-0.00594357
-0.00474711
-0.000240524
-0.0215238
-0.0204375
-0.0121006
-0.0315298
-0.0324296
-0.0278921
-0.0215697
-0.0279607
-0.0325236
0.00367809
-0.00938423
-0.0197928
0.034083
0.0156602
0.00245539
0.0703814
0.0478599
0.0306462
0.111497
0.0876272
0.0672051
-0.00316165
-0.00222642
-0.000376139
-0.0174252
-0.0168329
-0.0126069
-0.0305683
-0.0308427
-0.0283397
-0.0260195
-0.0286899
-0.0311813
-0.00331948
-0.00929267
-0.0151387
0.0260736
0.0172754
0.0102186
0.06062
0.0495624
0.0407555
0.101274
0.0892058
0.0788726
-0.00937841
-0.00862004
-0.0050937
-0.00819674
-0.00817738
-0.00501854
-0.00195962
-0.00248573
-0.000650814
-0.0252862
-0.0249809
-0.0210489
-0.0244034
-0.0233519
-0.0195734
-0.0162552
-0.0156491
-0.0117853
-0.0311126
-0.0323814
-0.0322463
-0.0330816
-0.0328125
-0.0316715
-0.0306442
-0.0296067
-0.0267683
-0.0161395
-0.0204569
-0.0250477
-0.0242363
-0.0275239
-0.030219
-0.0307794
-0.0320612
-0.0329453
0.0109172
0.00344425
-0.00306893
-0.00362363
-0.0105211
-0.0155159
-0.0147995
-0.0200647
-0.0240996
0.0424747
0.0324733
0.0246697
0.0228969
0.0136153
0.00691891
0.0088679
0.000689352
-0.00511702
0.0805136
0.0687084
0.0588981
0.0573077
0.0460579
0.0370447
0.0389612
0.0286343
0.0208355
0.121393
0.109467
0.0994773
0.0976639
0.0858584
0.0757358
0.0773859
0.0655636
0.0556073
