FiniteElementSpace
FiniteElementCollection: L2_2D_P3
VDim: 1
Ordering: 0

0.0027076
0.00164862
0.0023982
0.00330179
0.00117393
0.000982798
0.00181831
0.00280034
0.000389584
0.000500909
0.00117199
0.00194859
0.000276231
0.000337508
0.000760437
0.00124058
0.00346414
0.00354261
0.00366068
0.00376352
0.00278496
0.00284543
0.00293817
0.00302017
0.00199574
0.00203594
0.00209991
0.00215804
0.00147136
0.00149874
0.00154411
0.0015865
0.00508411
0.00515726
0.00528438
0.00540652
0.00404746
0.00410094
0.00419839
0.00429467
0.00286106
0.00289335
0.0029582
0.00302557
0.00208447
0.00210402
0.00214822
0.00219661
0.00565544
0.00554059
0.00542875
0.00537171
0.00446612
0.00437238
0.00428326
0.00424001
0.00312343
0.0030552
0.0029935
0.0029669
0.00225576
0.00220565
0.00216309
0.00214784
0.00331625
0.00309898
0.00283828
0.00265531
0.00263581
0.00246508
0.00226264
0.00212254
0.00188519
0.00176757
0.0016315
0.0015402
0.00141475
0.00133212
0.00123959
0.0011802
0.000786063
0.000690366
0.000575624
0.000495361
0.000666569
0.000589384
0.000497587
0.000433921
0.000541976
0.000485015
0.000418432
0.00037312
0.000470807
0.000426162
0.000375085
0.000341178
4.88584e-05
3.88249e-05
2.76148e-05
2.04402e-05
5.7412e-05
4.74271e-05
3.6102e-05
2.8676e-05
6.95804e-05
5.95332e-05
4.80465e-05
4.03954e-05
7.91002e-05
6.88007e-05
5.70765e-05
4.92778e-05
7.04308e-07
6.61267e-07
5.9879e-07
5.48498e-07
1.5989e-06
1.28912e-06
9.13872e-07
6.55223e-07
4.25347e-06
3.54089e-06
2.71419e-06
2.17022e-06
6.78537e-06
5.75359e-06
4.58401e-06
3.83548e-06
0.00280405
0.00289263
0.00301981
0.00312615
0.00232163
0.00237543
0.00245594
0.00252554
0.00173005
0.00175124
0.00178735
0.00182158
0.00131552
0.0013202
0.00133357
0.00134943
6.77421e-05
7.16902e-05
7.82082e-05
8.39437e-05
7.64244e-06
1.02834e-05
1.39856e-05
1.69329e-05
8.21684e-05
8.33469e-05
8.3476e-05
8.24332e-05
0.000256806
0.000258846
0.000258655
0.000256036
0.000218211
0.000116652
5.57802e-05
4.41245e-05
0.000220091
0.000116912
4.49369e-05
1.96404e-05
0.0002048
0.000124017
0.000102565
0.000120657
0.000197929
0.000144174
0.000205982
0.000304578
0.00421967
0.00431462
0.00446145
0.00459202
0.00337717
0.00344945
0.0035639
0.00366747
0.00240491
0.0024522
0.00253052
0.00260364
0.00176363
0.00179541
0.00185065
0.00190381
0.000116281
0.000115366
0.000116926
0.000120189
4.1577e-05
4.10773e-05
4.10982e-05
4.15647e-05
0.000148844
0.000155235
0.000161035
0.000163347
0.000401039
0.000418314
0.000435534
0.000444304
9.66227e-05
9.76854e-05
0.000101273
0.000105758
2.81616e-05
2.97966e-05
3.26972e-05
3.55315e-05
0.000105242
0.000112297
0.000120168
0.000125124
0.000300703
0.000315943
0.000332696
0.000342985
0.0057051
0.00570001
0.00573145
0.00578481
0.00451948
0.00451092
0.00453292
0.00457525
0.00317185
0.00316074
0.00317339
0.0032039
0.00229497
0.00228348
0.00229088
0.00231375
9.6251e-05
9.24945e-05
9.09816e-05
9.23517e-05
5.36017e-06
4.2227e-06
2.60589e-06
1.20181e-06
0.000169201
0.000173951
0.00017353
0.000168032
0.00053697
0.000548213
0.000550144
0.000541696
0.000116069
0.000111594
0.000108812
0.000108854
3.16462e-05
2.83952e-05
2.4307e-05
2.11151e-05
0.000171746
0.000176145
0.000177093
0.000173841
0.000490689
0.000506309
0.000517402
0.000518291
0.00476805
0.00456798
0.00433832
0.00418561
0.00376572
0.00360705
0.00342773
0.00331089
0.00264468
0.00253426
0.00241339
0.00233814
0.00192853
0.00185081
0.00176924
0.00172174
0.000166534
0.000173008
0.000187114
0.000202774
8.72399e-05
9.71088e-05
0.00011296
0.000127932
0.000209068
0.000214108
0.00021929
0.000222953
0.000495097
0.000487942
0.000473498
0.000459555
0.000102037
0.000104498
0.000111957
0.000121217
1.31577e-05
1.9298e-05
2.80722e-05
3.56812e-05
0.000174197
0.000181386
0.000185108
0.000184052
0.000536221
0.000540474
0.000534361
0.000521343
0.0018432
0.00167425
0.00146956
0.00132449
0.00149342
0.00136025
0.00120052
0.00108858
0.0011152
0.00102202
0.000912559
0.000837716
0.000885345
0.00081763
0.000740216
0.000689046
0.000284926
0.000276641
0.000272551
0.00027448
0.000225318
0.00021892
0.000216794
0.000219884
0.00021908
0.000207419
0.000198356
0.000196136
0.000272842
0.000250657
0.000228326
0.000216349
0.000251976
0.000253588
0.000262471
0.000274792
0.000183079
0.000186947
0.000197302
0.00020967
0.00023894
0.000235176
0.000233863
0.000236134
0.000404188
0.000385311
0.0003633
0.00034914
0.000242333
0.000204018
0.000159266
0.000128945
0.000227252
0.00019437
0.000156081
0.000130176
0.000214963
0.000187845
0.000156563
0.000135561
0.000211171
0.000187253
0.000160033
0.000142001
0.0001554
0.00014289
0.000130012
0.000122465
0.000128609
0.000118697
0.000109113
0.000104032
9.87208e-05
9.10869e-05
8.4556e-05
8.18943e-05
7.97021e-05
7.29558e-05
6.78197e-05
6.64259e-05
0.000239445
0.000225335
0.00021232
0.000206148
0.000193419
0.000181756
0.000171822
0.000167943
0.000158047
0.00014582
0.000135432
0.000131442
0.000150494
0.000134805
0.000120475
0.000113927
5.50888e-06
4.08818e-06
2.61682e-06
1.77538e-06
1.07278e-05
8.63789e-06
6.29437e-06
4.78073e-06
1.8647e-05
1.57258e-05
1.23553e-05
1.00886e-05
2.47882e-05
2.12536e-05
1.71835e-05
1.44456e-05
4.24392e-05
3.87363e-05
3.45799e-05
3.18616e-05
4.4157e-05
4.10304e-05
3.75508e-05
3.52996e-05
4.71955e-05
4.48409e-05
4.22868e-05
4.0689e-05
5.02246e-05
4.84699e-05
4.66553e-05
4.55939e-05
8.38538e-05
7.63688e-05
6.8303e-05
6.32507e-05
7.51811e-05
6.94592e-05
6.35802e-05
6.01282e-05
6.45178e-05
6.09939e-05
5.79031e-05
5.65424e-05
5.69024e-05
5.49873e-05
5.4e-05
5.42661e-05
4.81219e-07
5.24995e-07
5.44007e-07
5.28783e-07
1.70815e-07
1.34288e-07
8.56745e-08
5.29335e-08
9.66083e-07
8.15053e-07
6.98717e-07
6.85125e-07
2.09101e-06
1.85827e-06
1.71976e-06
1.76075e-06
7.25917e-06
5.84924e-06
4.55872e-06
4.01101e-06
8.1223e-06
6.28849e-06
4.51587e-06
3.65282e-06
9.86432e-06
7.35295e-06
4.81486e-06
3.45459e-06
1.17557e-05
8.61773e-06
5.37828e-06
3.56686e-06
2.10101e-05
1.8714e-05
1.61045e-05
1.44086e-05
2.47367e-05
2.21856e-05
1.92303e-05
1.72586e-05
3.04754e-05
2.75495e-05
2.40963e-05
2.1735e-05
3.56035e-05
3.23554e-05
2.84838e-05
2.58024e-05
0.0026431
0.00264441
0.0026734
0.00270788
0.00225349
0.00225005
0.00225322
0.0022615
0.00168636
0.00169165
0.00170332
0.00171559
0.00122592
0.00125657
0.00129811
0.00133096
0.000983728
0.00101765
0.00107526
0.00112062
0.000600285
0.000636857
0.000693586
0.000740905
0.000249865
0.00027505
0.000314214
0.000348228
8.8216e-05
0.000100473
0.00012153
0.000140278
0.000241051
0.000261037
0.000592194
0.000970641
0.000193672
0.000181629
0.00037167
0.000609379
0.000196468
0.000134231
0.000173482
0.00026281
0.000212275
0.000120663
8.37814e-05
9.68599e-05
0.00381673
0.00390581
0.004041
0.00415955
0.0030616
0.00313009
0.00323615
0.00333061
0.00218684
0.00223237
0.00230561
0.00237268
0.00160765
0.00163878
0.00169091
0.00173998
0.00133113
0.00135566
0.00139808
0.00143881
0.000874644
0.000888694
0.00091559
0.000942981
0.000420382
0.00042519
0.000437356
0.000451341
0.00018929
0.000190603
0.000195912
0.000202806
0.00122065
0.00124204
0.00127868
0.00131369
0.0008051
0.000817221
0.000840219
0.000863542
0.00038833
0.000392609
0.000403167
0.000415213
0.000173709
0.000175289
0.000180439
0.000186841
0.00545385
0.00549447
0.00558293
0.00567822
0.00433046
0.0043579
0.00442463
0.00449972
0.00304941
0.00306316
0.00310642
0.00315915
0.00221345
0.00221945
0.00224811
0.00228617
0.00181986
0.00182262
0.00184492
0.00187643
0.00117446
0.00117212
0.00118457
0.00120603
0.000536956
0.00053122
0.000534079
0.000544171
0.000216234
0.000210454
0.000208507
0.000211211
0.00171753
0.00173151
0.00176654
0.00180639
0.00111477
0.0011199
0.00114045
0.00116692
0.000519124
0.000516908
0.00052329
0.000535298
0.000219499
0.000215045
0.000214343
0.00021763
0.00530945
0.00514536
0.00496654
0.00485588
0.00419086
0.0040594
0.00391883
0.00383427
0.00293334
0.00284042
0.00274485
0.00269093
0.00212473
0.00205839
0.0019935
0.0019602
0.00174762
0.00169386
0.0016433
0.00161949
0.00113276
0.00109902
0.00107152
0.00106309
0.000530205
0.000518157
0.000514101
0.000520076
0.000230197
0.000230963
0.000239267
0.000251577
0.00185041
0.00180901
0.00177556
0.00176562
0.00118901
0.00116156
0.00114299
0.00114195
0.000538429
0.000526851
0.000523617
0.000530319
0.000212541
0.000211049
0.000216032
0.000225392
0.00254834
0.00234907
0.00210809
0.00193752
0.00204045
0.0018839
0.00169663
0.00156572
0.00148521
0.00137692
0.00125026
0.00116411
0.00114187
0.00106487
0.00097744
0.000920225
0.000980653
0.000918148
0.00084862
0.000804389
0.000711817
0.000672089
0.000630696
0.000606858
0.000453956
0.000436372
0.000422074
0.000417715
0.000330211
0.000323476
0.0003222
0.000327045
0.0011951
0.0011287
0.0010561
0.0010111
0.000833472
0.000792612
0.000751376
0.000728973
0.000485046
0.000469592
0.000459001
0.000458309
0.000316615
0.000314161
0.000318702
0.000328355
0.000456762
0.000393309
0.00031807
0.000266149
0.000403357
0.000350921
0.000289139
0.000246759
0.000350191
0.000309642
0.000262541
0.000230696
0.000322304
0.000288755
0.000250475
0.000225092
0.000306111
0.000276046
0.000242002
0.000219604
0.000270388
0.000246407
0.000219842
0.000202804
0.000234033
0.000215777
0.000196413
0.000184657
0.000214299
0.000198689
0.000182813
0.000173735
0.000434392
0.000395626
0.000351758
0.000323004
0.000364777
0.000335693
0.000303782
0.000283654
0.000296489
0.000276437
0.000255823
0.00024396
0.000261954
0.000245982
0.000230622
0.000222717
1.77897e-05
1.36244e-05
9.12103e-06
6.36805e-06
2.57007e-05
2.09103e-05
1.55318e-05
1.20489e-05
3.68205e-05
3.12465e-05
2.48625e-05
2.05992e-05
4.52203e-05
3.90178e-05
3.19248e-05
2.71798e-05
4.85176e-05
4.21842e-05
3.49328e-05
3.00693e-05
5.2736e-05
4.65191e-05
3.94127e-05
3.4648e-05
5.71821e-05
5.12283e-05
4.45015e-05
4.00464e-05
5.96403e-05
5.39741e-05
4.76713e-05
4.35717e-05
8.22358e-05
7.20416e-05
6.04326e-05
5.26945e-05
8.44404e-05
7.49013e-05
6.40866e-05
5.68992e-05
8.60345e-05
7.73137e-05
6.758e-05
6.12166e-05
8.61902e-05
7.80623e-05
6.91677e-05
6.34864e-05
5.57361e-07
5.72121e-07
5.48021e-07
4.997e-07
5.62326e-07
4.54415e-07
3.09891e-07
2.05735e-07
1.93997e-06
1.60358e-06
1.24218e-06
1.04102e-06
3.51624e-06
2.98481e-06
2.44628e-06
2.17356e-06
4.55812e-06
3.90179e-06
3.24158e-06
2.9089e-06
6.67061e-06
5.71274e-06
4.72666e-06
4.19619e-06
9.67488e-06
8.2662e-06
6.78573e-06
5.94838e-06
1.20567e-05
1.02722e-05
8.37078e-06
7.26471e-06
8.29797e-06
7.11189e-06
5.77674e-06
4.92764e-06
1.13944e-05
9.91533e-06
8.24696e-06
7.17943e-06
1.57053e-05
1.38428e-05
1.17366e-05
1.03803e-05
1.90699e-05
1.69271e-05
1.4494e-05
1.2917e-05
0.00316101
0.00322838
0.00332958
0.00341758
0.00255163
0.00260234
0.00268014
0.00274894
0.00183876
0.00187142
0.00192367
0.00197134
0.00136168
0.00138342
0.00141985
0.00145413
0.00113363
0.00115004
0.00117883
0.00120671
0.000752544
0.000761107
0.000778333
0.000796319
0.000364589
0.00036728
0.000374972
0.000384176
0.000160883
0.00016212
0.000166272
0.000171479
0.00110146
0.00110374
0.00111256
0.00112387
0.00072898
0.000730664
0.000737615
0.000746618
0.000345473
0.00034785
0.000354249
0.000361653
0.000142487
0.000146099
0.000152553
0.00015881
8.59369e-05
8.73194e-05
9.08575e-05
9.49133e-05
1.88166e-05
2.07595e-05
2.38516e-05
2.66705e-05
8.53415e-05
9.12986e-05
9.78549e-05
0.00010192
0.000260819
0.000273088
0.000286315
0.000294197
0.000398863
0.000415455
0.000433504
0.000444433
0.000748482
0.000774626
0.000803942
0.000822559
0.00138921
0.00143267
0.00148285
0.00151606
0.00202817
0.00208874
0.00215996
0.00220824
0.000388969
0.000392776
0.000394311
0.000392669
0.000707634
0.000720631
0.000732978
0.000738776
0.00127636
0.00131031
0.00134856
0.00137302
0.00183376
0.00189106
0.00195912
0.00200584
3.62295e-05
4.29398e-05
5.45813e-05
6.53244e-05
4.70524e-06
4.32743e-06
5.05748e-06
6.43019e-06
9.72283e-05
9.48965e-05
9.06114e-05
8.65677e-05
0.00028141
0.000278487
0.000273459
0.000268089
0.000422519
0.000418574
0.000409935
0.000400702
0.000738526
0.000731993
0.000719068
0.000705892
0.00122717
0.0012375
0.00124664
0.00124942
0.00163586
0.00168143
0.00174237
0.00178469
0.000192622
0.000160291
0.000290518
0.000457241
0.000199415
0.000223763
0.000524526
0.000881862
0.000478769
0.000426259
0.000929132
0.00150884
0.0011422
0.000734475
0.00131164
0.00197077
0.00465499
0.00474582
0.00489165
0.00502483
0.00371594
0.00378408
0.00389691
0.00400215
0.00263687
0.00268024
0.00275651
0.00283038
0.00192798
0.00195615
0.00200914
0.00206245
0.00159175
0.00161316
0.0016557
0.00169969
0.00103855
0.00104918
0.00107507
0.0011043
0.000491361
0.000492559
0.000502223
0.000515906
0.000215824
0.000213568
0.000215231
0.000219995
0.00145833
0.00148313
0.00152789
0.00157195
0.000955287
0.00096893
0.000996938
0.00102643
0.000456703
0.000460435
0.000472252
0.00048675
0.000204801
0.000204731
0.000208737
0.00021497
0.000119828
0.00011699
0.000116216
0.000117748
4.0274e-05
3.81465e-05
3.58124e-05
3.42289e-05
0.000164095
0.000169446
0.000172842
0.000172432
0.000449676
0.000466575
0.000481476
0.00048696
0.000669832
0.000695112
0.000719265
0.00073042
0.00122541
0.00127064
0.00131852
0.00134611
0.00227197
0.00235716
0.00245371
0.00251574
0.00334805
0.00347642
0.00362704
0.00372852
0.000595195
0.000620224
0.000646276
0.000660722
0.0010837
0.00112753
0.00117629
0.00120673
0.00199412
0.00207504
0.00216964
0.00223307
0.00291975
0.00304033
0.00318505
0.00328545
0.000107354
0.000107851
0.000111013
0.000115384
3.65775e-05
3.74631e-05
3.94059e-05
4.14916e-05
0.000128084
0.000135136
0.000142551
0.000146759
0.000349764
0.000366455
0.000384254
0.00039461
0.000521107
0.000544488
0.00057
0.000585404
0.000951252
0.000990855
0.00103604
0.00106535
0.00174527
0.00181629
0.00190044
0.00195792
0.00254431
0.00264839
0.00277442
0.00286285
0.000453193
0.00047397
0.000497079
0.000511515
0.000836742
0.00087051
0.000909265
0.000934665
0.00154067
0.00159877
0.00166751
0.00171442
0.00224423
0.00232723
0.00242726
0.00249713
0.00578429
0.00572506
0.00568675
0.00568711
0.00457368
0.00452291
0.00449064
0.00449179
0.00320207
0.00316242
0.00313853
0.00314144
0.00231233
0.00228134
0.00226397
0.00226831
0.00189577
0.00186913
0.00185513
0.00186026
0.00121514
0.00119554
0.00118729
0.00119421
0.000544044
0.000533451
0.000531351
0.000538738
0.00020676
0.000202772
0.00020408
0.000210158
0.00188336
0.00187206
0.00187742
0.00189694
0.00120966
0.00119875
0.00120122
0.00121592
0.00054458
0.00053592
0.000535814
0.000544285
0.000209945
0.000204313
0.000203028
0.00020666
9.25749e-05
9.15737e-05
9.39962e-05
9.88073e-05
1.48198e-06
3.74958e-06
6.83517e-06
9.40101e-06
0.000168189
0.000174252
0.000175567
0.000171667
0.000541731
0.000549952
0.000547718
0.000536279
0.000836435
0.000845102
0.000840041
0.000823822
0.00158345
0.00159007
0.00157813
0.00155344
0.0030388
0.00304259
0.00301946
0.00298045
0.00458696
0.00458747
0.00455427
0.00450315
0.000826032
0.000841481
0.000845689
0.000836453
0.00155847
0.00158145
0.00159148
0.00158366
0.0029768
0.00301616
0.00304043
0.00303801
0.00447712
0.00453441
0.00457667
0.00458375
0.000106501
0.000101542
9.82605e-05
9.80291e-05
1.80363e-05
1.49695e-05
1.08853e-05
7.53166e-06
0.000172251
0.000176353
0.000175791
0.000170569
0.000520255
0.00053393
0.000540439
0.000536334
0.000791934
0.000812455
0.000825146
0.000823549
0.00147997
0.0015152
0.00154357
0.00155132
0.00280195
0.0028677
0.00292986
0.00295874
0.00418942
0.00428862
0.00439001
0.00444532
0.000737875
0.000761684
0.000781267
0.000786841
0.00136309
0.00140571
0.00144694
0.0014669
0.00255317
0.00263405
0.00272051
0.00277135
0.0037902
0.00391278
0.00405039
0.00413767
0.00408085
0.00386263
0.00360491
0.00342736
0.00322974
0.00305772
0.00285726
0.0027214
0.00228376
0.002165
0.00203038
0.00194239
0.00168451
0.00160135
0.00151046
0.00145411
0.00140532
0.00133874
0.00126795
0.00122594
0.00094861
0.000908218
0.000869251
0.000849891
0.00050596
0.00049227
0.000484836
0.00048729
0.000289742
0.00029034
0.000298879
0.000311731
0.00159489
0.0015325
0.00146912
0.00143427
0.00105061
0.00101255
0.000978152
0.000963489
0.000519942
0.000507348
0.000502067
0.000506745
0.000258005
0.000259691
0.000269486
0.000283214
0.000211451
0.000216622
0.000229694
0.000245023
0.000137614
0.000145611
0.000160281
0.000175275
0.000228239
0.00022938
0.000232111
0.000235862
0.000456346
0.00044279
0.000424083
0.000409922
0.000628587
0.000602577
0.000566582
0.000538517
0.0010721
0.00101417
0.000935334
0.000873524
0.00195524
0.00183604
0.00167615
0.00155161
0.00290139
0.00271675
0.00247173
0.00228241
0.000715557
0.000697366
0.000666636
0.000638927
0.00127872
0.00123149
0.00116057
0.00110029
0.00239018
0.0022868
0.0021393
0.00201805
0.00357908
0.00341491
0.00318635
0.00300198
0.000127531
0.000132886
0.000144794
0.000158137
4.28852e-05
5.19648e-05
6.55635e-05
7.77933e-05
0.000188837
0.000195916
0.000201316
0.00020317
0.000521067
0.000520129
0.000510011
0.000496354
0.000780826
0.0007719
0.000748672
0.000723052
0.00144141
0.00141029
0.00135481
0.00130193
0.00273899
0.00266489
0.00254787
0.00244391
0.0041261
0.00400489
0.00382266
0.00366616
0.000821454
0.000821821
0.000807401
0.000785619
0.00154516
0.00153293
0.00149812
0.00145767
0.00296143
0.00292524
0.0028522
0.00277727
0.00447312
0.00441039
0.00429749
0.00418822
0.00124809
0.00111567
0.000955738
0.000842852
0.00102982
0.000924594
0.000798664
0.000710673
0.000797181
0.000721998
0.000633748
0.000573431
0.000659119
0.000602693
0.000538059
0.000495168
0.000591919
0.000544273
0.000490469
0.000455391
0.000472467
0.000438856
0.000402426
0.000379939
0.000357311
0.000336873
0.000316835
0.0003063
0.000301206
0.000286785
0.000274324
0.000269392
0.000776113
0.000720222
0.000657429
0.00061686
0.000589695
0.000552456
0.000512757
0.000488955
0.000411041
0.000391574
0.000373836
0.000365962
0.000325267
0.000314168
0.000306731
0.000306321
0.000270575
0.000258441
0.000248795
0.0002459
0.000216909
0.000206901
0.000199796
0.000198693
0.000191113
0.000178202
0.000167539
0.00016392
0.000206981
0.000187173
0.000168143
0.000158626
0.000216352
0.000191831
0.000167067
0.00015351
0.000252073
0.000215504
0.000175776
0.000151379
0.000365671
0.000305434
0.000236679
0.000191529
0.000507098
0.000422168
0.000323391
0.000256967
0.000309304
0.000279523
0.000247661
0.000228715
0.000413851
0.000364896
0.000308784
0.000271893
0.000657801
0.000572293
0.00047055
0.000400348
0.000934437
0.00081103
0.000662417
0.000558339
0.000278462
0.00027516
0.000277777
0.000285205
0.000214073
0.00021268
0.000216869
0.000224843
0.000236145
0.000227734
0.000222055
0.000222028
0.000341096
0.000319149
0.000295756
0.000282222
0.00041576
0.000383531
0.00034687
0.000323353
0.000616232
0.000558106
0.000488118
0.000439454
0.00104026
0.000933061
0.000800768
0.000705791
0.00150393
0.00134557
0.00114903
0.00100684
0.000525716
0.000494737
0.000456609
0.000429954
0.000843132
0.000781537
0.000703241
0.000645664
0.00148727
0.00136738
0.0012137
0.00109903
0.00218118
0.00199986
0.00176776
0.00159452
0.000115762
9.4927e-05
7.10589e-05
5.52761e-05
0.000118752
9.98034e-05
7.80278e-05
6.3523e-05
0.000125388
0.000108356
8.8824e-05
7.57846e-05
0.000132244
0.000116098
9.77448e-05
8.55769e-05
0.000133376
0.000117906
0.000100349
8.87096e-05
0.000130098
0.000116313
0.000100804
9.06032e-05
0.000125516
0.000113506
0.000100278
9.17755e-05
0.00012177
0.000110782
9.89656e-05
9.1589e-05
0.00020665
0.000184489
0.000159378
0.000142802
0.000191841
0.000173112
0.000152199
0.000138602
0.000175589
0.000160204
0.000143529
0.000133055
0.000165598
0.000151879
0.000137453
0.000128739
0.000116034
0.000105965
9.53313e-05
8.88485e-05
9.89702e-05
9.11819e-05
8.34116e-05
7.90514e-05
7.84652e-05
7.32101e-05
6.87236e-05
6.68823e-05
6.41095e-05
6.04628e-05
5.81695e-05
5.80969e-05
5.42553e-05
5.17515e-05
5.09844e-05
5.21247e-05
3.31889e-05
3.31845e-05
3.55129e-05
3.8945e-05
1.41603e-05
1.65394e-05
2.20527e-05
2.80369e-05
5.99674e-06
9.68336e-06
1.71381e-05
2.48274e-05
6.63719e-05
6.03557e-05
5.6288e-05
5.58229e-05
3.89907e-05
3.43906e-05
3.21697e-05
3.31717e-05
1.66048e-05
1.22209e-05
1.06618e-05
1.25284e-05
9.49072e-06
4.1826e-06
1.97215e-06
3.81228e-06
0.000198541
0.000184446
0.000170501
0.000162866
0.000161729
0.000150282
0.000139707
0.000134607
0.000125831
0.000115631
0.000106885
0.000103358
0.000107765
9.67793e-05
8.74211e-05
8.37613e-05
9.45526e-05
8.32194e-05
7.36341e-05
6.9998e-05
6.98925e-05
5.72844e-05
4.62849e-05
4.1811e-05
6.05368e-05
4.3306e-05
2.71048e-05
1.93528e-05
7.08373e-05
4.78914e-05
2.52579e-05
1.34143e-05
0.000143915
0.000126036
0.000109193
0.000101007
0.000138034
0.000114331
9.0422e-05
7.72855e-05
0.000170024
0.00013368
9.46476e-05
7.1042e-05
0.000225783
0.000175796
0.000120572
8.58434e-05
1.60333e-06
1.24598e-06
8.88757e-07
6.97675e-07
4.23545e-06
3.40112e-06
2.44739e-06
1.82e-06
9.07346e-06
7.61162e-06
5.9082e-06
4.75756e-06
1.31217e-05
1.11939e-05
8.96545e-06
7.47215e-06
1.52156e-05
1.31093e-05
1.06804e-05
9.05621e-06
1.91645e-05
1.68146e-05
1.41046e-05
1.22915e-05
2.43508e-05
2.1747e-05
1.87559e-05
1.67635e-05
2.81839e-05
2.54457e-05
2.23105e-05
2.023e-05
2.7546e-05
2.38219e-05
1.9532e-05
1.66426e-05
3.20222e-05
2.81638e-05
2.37201e-05
2.07257e-05
3.73971e-05
3.34812e-05
2.90074e-05
2.60193e-05
4.09933e-05
3.71303e-05
3.27613e-05
2.98773e-05
3.02071e-05
2.74471e-05
2.42955e-05
2.22108e-05
3.38043e-05
3.11361e-05
2.80597e-05
2.60013e-05
3.94253e-05
3.68596e-05
3.38678e-05
3.18391e-05
4.4519e-05
4.20113e-05
3.90694e-05
3.70592e-05
4.75997e-05
4.51193e-05
4.21983e-05
4.01923e-05
5.38647e-05
5.15306e-05
4.8666e-05
4.66106e-05
6.53047e-05
6.28678e-05
5.97917e-05
5.75172e-05
7.67905e-05
7.40568e-05
7.05822e-05
6.79908e-05
5.20043e-05
5.06273e-05
4.9278e-05
4.85545e-05
5.54185e-05
5.49611e-05
5.4614e-05
5.45241e-05
6.39309e-05
6.43682e-05
6.50587e-05
6.56746e-05
7.38065e-05
7.47277e-05
7.60116e-05
7.70553e-05
5.96744e-05
5.43938e-05
4.8591e-05
4.48727e-05
5.73488e-05
5.32275e-05
4.88372e-05
4.61338e-05
5.4895e-05
5.23041e-05
4.98145e-05
4.85053e-05
5.35459e-05
5.21384e-05
5.1155e-05
5.09783e-05
5.24932e-05
5.18576e-05
5.18523e-05
5.24088e-05
4.98032e-05
5.0952e-05
5.30347e-05
5.50338e-05
5.11775e-05
5.4303e-05
5.8821e-05
6.25983e-05
5.61845e-05
6.0625e-05
6.68327e-05
7.18964e-05
5.16892e-05
5.08604e-05
5.12787e-05
5.26245e-05
4.01619e-05
4.17849e-05
4.51637e-05
4.86324e-05
3.12156e-05
3.55332e-05
4.23395e-05
4.84048e-05
2.9132e-05
3.52427e-05
4.44418e-05
5.24051e-05
3.83248e-07
3.91675e-07
2.8251e-07
3.05356e-07
1.09499e-07
1.88794e-08
1.97241e-07
6.94784e-07
9.57611e-07
5.73162e-07
8.76431e-07
1.88418e-06
1.97965e-06
1.42697e-06
1.70977e-06
3.04692e-06
2.73371e-06
2.06496e-06
1.98293e-06
2.58802e-06
2.93171e-06
2.21035e-06
1.84286e-06
2.02337e-06
3.23826e-06
2.5169e-06
1.90307e-06
1.69695e-06
3.50947e-06
2.84983e-06
2.14214e-06
1.77084e-06
2.81228e-06
2.51546e-06
2.38131e-06
2.50772e-06
3.99372e-06
3.43993e-06
3.05807e-06
3.05747e-06
5.55255e-06
4.63243e-06
3.89164e-06
3.70307e-06
6.6799e-06
5.47739e-06
4.45504e-06
4.11651e-06
3.32213e-06
2.69169e-06
1.96265e-06
1.58679e-06
2.86917e-06
2.35569e-06
1.70121e-06
1.38147e-06
2.50162e-06
2.13179e-06
1.59747e-06
1.43379e-06
2.39626e-06
2.11991e-06
1.68007e-06
1.7008e-06
2.31844e-06
1.9511e-06
1.41066e-06
1.66431e-06
3.06029e-06
2.07693e-06
1.16973e-06
1.16938e-06
5.45985e-06
3.31687e-06
1.29456e-06
5.88162e-07
8.76686e-06
5.3352e-06
1.98428e-06
4.98268e-07
1.29122e-05
9.44935e-06
5.81941e-06
3.72404e-06
1.5522e-05
1.15627e-05
7.28398e-06
4.68367e-06
2.01127e-05
1.55806e-05
1.05505e-05
7.37232e-06
2.45906e-05
1.96914e-05
1.41686e-05
1.0603e-05
1.3456e-05
1.14374e-05
9.26975e-06
7.98674e-06
1.60995e-05
1.36208e-05
1.08734e-05
9.15627e-06
2.02755e-05
1.71552e-05
1.36063e-05
1.12978e-05
2.40895e-05
2.04487e-05
1.62559e-05
1.348e-05
2.63555e-05
2.24126e-05
1.7839e-05
1.47755e-05
3.10731e-05
2.65754e-05
2.12641e-05
1.76271e-05
3.88507e-05
3.34669e-05
2.70343e-05
2.25627e-05
4.61563e-05
3.99654e-05
3.25349e-05
2.73377e-05
3.86872e-05
3.52323e-05
3.10927e-05
2.82044e-05
4.50365e-05
4.12119e-05
3.65232e-05
3.31693e-05
5.57429e-05
5.11687e-05
4.54908e-05
4.13691e-05
6.59652e-05
6.06062e-05
5.39362e-05
4.90741e-05
