FiniteElementSpace
FiniteElementCollection: H1_2D_P2
VDim: 2
Ordering: 0

0
1.07622
2.14987
3.16603
4.04623
4.77642
5.42747
6.06751
6.71873
0
0.938486
1.83745
2.66044
3.38437
4.03407
4.66468
5.30814
5.96005
0.535388
1.00957
0.473405
0
1.61593
2.00041
1.39493
2.67022
2.92531
2.26074
3.62662
3.7273
3.0345
4.42671
4.41109
3.7151
5.10656
5.04667
4.34876
5.74647
5.68721
4.98448
6.39179
6.33934
5.63395
0.504578
1.50964
2.47512
3.3436
4.08018
4.7304
5.36502
6.01268
0.265837
0.520214
0.251654
0
1.34646
1.56447
1.26045
1.04404
2.41238
2.57498
2.24029
2.07725
3.40125
3.48709
3.13875
3.04794
4.24096
4.25432
3.90712
3.88826
4.94323
4.91827
4.57159
4.59401
5.58689
5.55536
5.2054
5.23665
6.22925
6.20234
5.84963
5.87718
0.805668
0.757461
0.973975
0.706749
0.488898
0.238584
0
1.88402
1.75656
1.92017
1.61827
1.45264
1.1681
2.92192
2.70381
2.79684
2.46374
2.37051
2.05181
3.84162
3.53969
3.56054
3.21222
3.19385
2.85068
4.60473
4.24773
4.22523
3.87556
3.90149
3.55169
5.26762
4.88851
4.85629
4.50633
4.54107
4.19154
5.90661
5.52563
5.4975
5.1459
5.17482
4.82404
6.55497
6.52935
6.17606
6.1495
5.79698
5.82309
5.47092
0.257794
1.30488
2.32857
3.27216
4.07523
4.75741
5.39572
6.0394
0.782404
0.731941
0.245595
1.8222
1.68814
1.21438
2.81519
2.58708
2.14791
3.69241
3.38082
2.9992
4.42678
4.06491
3.73376
5.07772
4.69843
4.38361
5.71582
5.33568
5.01503
6.36582
5.98627
5.66007
0.131146
0.261552
0.127656
0
1.21141
1.3261
1.17458
1.06049
2.28164
2.37106
2.20345
2.11413
3.28487
3.33715
3.16117
3.10749
4.14481
4.15823
3.9828
3.96746
4.86033
4.85017
4.6761
4.68512
5.50717
5.49112
5.31614
5.33186
6.14827
6.13431
5.95819
5.97228
0.670435
0.794325
0.651378
0.52796
0.631085
0.744736
0.610494
0.496785
0.125555
0.248664
0.123451
0
1.7502
1.85365
1.69362
1.59069
1.63343
1.72263
1.57078
1.48134
1.13519
1.23755
1.09441
0.991844
2.79696
2.86911
2.69594
2.62318
2.59029
2.64618
2.47959
2.42343
2.12091
2.1946
2.03462
1.96067
3.73547
3.76732
3.59096
3.55724
3.44272
3.46121
3.28827
3.26967
3.03307
3.06989
2.89896
2.86191
4.51661
4.51573
4.34129
4.34057
4.16456
4.15695
3.98366
3.99158
3.81812
3.82128
3.6479
3.64484
5.18729
5.17247
4.99811
5.01223
4.8095
4.79366
4.61972
4.63602
4.49163
4.47799
4.30459
4.31867
5.82645
5.8111
5.63548
5.65076
5.4452
5.43063
5.25512
5.26992
5.12595
5.11027
4.93554
4.95159
6.47331
6.46049
6.28403
6.2971
6.09435
6.08114
5.90468
5.91785
5.76833
5.75481
5.57871
5.59232
0.40059
0.388944
0.51239
0.378046
0.254713
0
1.48133
1.43486
1.53741
1.38529
1.28294
1.02701
2.542
2.45247
2.52563
2.3584
2.28496
2.03931
3.51526
3.38082
3.41596
3.24226
3.20609
2.98725
4.3349
4.16569
4.16764
3.99442
3.99164
3.80831
5.02524
4.83808
4.82441
4.65115
4.66464
4.50277
5.66662
5.47545
5.46014
5.28509
5.30052
5.14164
6.31042
6.12079
6.10752
5.9311
5.9445
5.78216
0.940958
0.913295
0.883641
0.770051
0.853129
0.956141
0.822837
0.719247
0.59026
0.481049
0.367262
0.356157
0.242159
0.120589
0
2.0173
1.95012
1.87892
1.78979
1.80463
1.87907
1.72841
1.65331
1.50707
1.42378
1.33382
1.2819
1.19118
1.0536
3.04505
2.93257
2.81551
2.76011
2.69284
2.7298
2.56287
2.52634
2.36299
2.31632
2.2599
2.15697
2.10032
1.94526
3.94524
3.79149
3.63451
3.61663
3.47154
3.47388
3.29894
3.298
3.12408
3.11562
3.09748
2.94336
2.92628
2.75635
4.69127
4.51096
4.32985
4.33756
4.14538
4.13044
3.95499
3.97122
3.79563
3.80946
3.81824
3.63382
3.64404
3.46857
5.34763
5.15721
4.96755
4.98314
4.77727
4.76068
4.58538
4.60269
4.42746
4.44537
4.4624
4.27013
4.28819
4.11287
5.98695
5.79639
5.60631
5.62067
5.41648
5.40276
5.22692
5.24077
5.06506
5.07967
5.09479
4.90411
4.91963
4.74421
6.63679
6.62422
6.44763
6.43436
6.25774
6.27098
6.24438
6.06786
6.05473
5.87849
5.89153
5.71546
5.72845
5.74154
5.55241
5.56543
5.38947
0.128901
1.19339
2.24312
3.22349
4.06398
4.7681
5.41147
6.05319
0.661143
0.62082
0.124534
1.72243
1.60234
1.1149
2.74701
2.53562
2.0782
3.66355
3.36645
2.96689
4.42896
4.0748
3.7339
5.09251
4.71485
4.39856
5.73083
5.35015
5.03082
6.37874
5.99948
5.67349
0.394796
0.383444
0.12659
1.45856
1.41039
1.15513
2.49782
2.40599
2.16268
3.44845
3.31217
3.09776
4.25038
4.08048
3.90096
4.93149
4.74472
4.58404
5.57087
5.38022
5.22101
6.21562
6.02594
5.86323
0.927452
0.898635
0.641293
0.868436
0.837889
0.600274
0.372717
0.361632
0.122275
1.98427
1.91497
1.66391
1.84211
1.7667
1.53897
1.35972
1.30782
1.07393
2.98933
2.87466
2.64372
2.75496
2.62891
2.42211
2.30971
2.20901
1.9903
3.86862
3.71356
3.51744
3.55397
3.3867
3.20765
3.17081
3.02183
2.82892
4.60105
4.42067
4.25327
4.23819
4.05108
3.89072
3.90713
3.72727
3.55962
5.25222
5.06238
4.90385
4.87256
4.68157
4.52397
4.55711
4.3668
4.20944
5.89158
5.7013
5.54029
5.51137
5.32166
5.16009
5.18997
4.99951
4.84002
6.54234
6.35272
6.18922
6.16277
5.9731
5.81
5.83628
5.64691
5.48403
0
0.0800621
0.319346
0.779542
1.44858
2.22569
3.01698
3.79006
4.54825
1
1.05986
1.25761
1.6294
2.18517
2.88299
3.65165
4.43225
5.19998
0.0285606
0.552265
1.01667
0.5
0.174807
0.767606
1.13903
0.520085
1.18458
1.42002
1.093
1.80424
1.88574
1.83088
2.54953
2.5206
2.6229
3.33405
3.26286
3.40598
4.11226
4.04281
4.17035
4.87481
4.81812
0.505955
0.637538
0.948784
1.4726
2.16732
2.9408
3.72514
4.4952
0.0169002
0.263809
0.496364
0.25
0.121645
0.402098
0.589702
0.312373
0.412391
0.729948
0.851476
0.539155
0.930126
1.27843
1.32247
0.97754
1.63735
1.99576
1.98266
1.62242
2.42444
2.78032
2.74455
2.38514
3.21214
3.56549
3.53002
3.17483
3.98059
4.33323
4.30423
3.95146
0.0492947
0.524557
0.801006
1.03388
0.756777
1.00832
0.75
0.240412
0.696558
1.00631
1.19311
0.882593
1.09478
0.642579
1.05984
1.40133
1.51875
1.178
1.33309
1.26646
1.63369
1.99239
2.03045
1.67504
1.75185
2.02747
2.35673
2.71642
2.69902
2.34317
2.34892
2.82052
3.1375
3.49348
3.45661
3.1024
3.07131
3.59858
3.91923
4.27255
4.23791
3.88447
3.84725
4.35954
4.71197
4.68528
5.03726
5.00963
4.65677
4.62567
0.252639
0.351737
0.627517
1.12183
1.80631
2.58249
3.37074
4.14281
0.283285
0.77439
0.748039
0.464281
0.93881
0.836891
0.846689
1.28315
1.08584
1.44586
1.82885
1.53219
2.18917
2.52764
2.16429
2.97792
3.29768
2.90835
3.75905
4.07897
3.68921
4.5229
4.84742
4.46515
0.010928
0.133957
0.250398
0.125
0.0994363
0.235784
0.330724
0.195342
0.364007
0.518921
0.581602
0.42825
0.853136
1.02484
1.04806
0.877425
1.54223
1.72077
1.71356
1.53439
2.32507
2.50284
2.48371
2.30465
3.11474
3.29131
3.27292
3.09567
3.88543
4.06182
4.04726
3.87085
0.0377175
0.165449
0.272389
0.145463
0.514146
0.648333
0.764475
0.630234
0.496347
0.621184
0.747641
0.625
0.205963
0.351378
0.431653
0.287515
0.6656
0.816324
0.909347
0.758763
0.569728
0.712055
0.817764
0.67545
0.57942
0.743543
0.786527
0.623954
1.0026
1.17012
1.22895
1.06197
0.807902
0.967231
1.04454
0.885555
1.17848
1.35503
1.36089
1.18457
1.55187
1.7304
1.75066
1.57279
1.25194
1.42616
1.46523
1.29166
1.92888
2.10744
2.09207
1.91234
2.26152
2.44193
2.43478
2.25486
1.89257
2.07294
2.07739
1.89762
2.72185
2.89886
2.87918
2.70112
3.03913
3.21762
3.19994
3.02159
2.64683
2.82638
2.81206
2.63283
3.50243
3.67885
3.66242
3.4857
3.82231
3.99918
3.98183
3.80488
3.43213
3.60969
3.59138
3.41382
4.26501
4.4414
4.42814
4.25194
4.59034
4.76635
4.75222
4.57602
4.20837
4.38474
4.36898
4.19247
0.0216394
0.257272
0.383882
0.500017
0.373513
0.375
0.1467
0.37549
0.518715
0.612274
0.469656
0.431295
0.464322
0.676945
0.838174
0.898432
0.73831
0.652213
1.01007
1.19867
1.37446
1.39609
1.22103
1.0799
1.73362
1.90044
2.08085
2.07431
1.89368
1.71244
2.52376
2.68139
2.86029
2.84257
2.66315
2.46686
3.30923
3.46826
3.64532
3.6277
3.45034
3.25434
4.07555
4.23812
4.41429
4.39983
4.22359
4.03192
0.0633523
0.296582
0.537228
0.402935
0.786568
0.929097
1.0458
0.902866
1.02422
0.88558
0.75133
1.01138
0.87717
1.00527
0.875
0.278114
0.500074
0.730531
0.57928
0.971113
1.13021
1.22406
1.06431
1.16484
1.00927
0.858479
1.11575
0.964409
1.07622
0.709221
0.910378
1.12054
0.952084
1.34064
1.51379
1.57262
1.39922
1.46794
1.2972
1.13032
1.37513
1.20765
1.29398
1.35653
1.53311
1.71789
1.53879
1.90949
2.08829
2.10663
1.92887
1.9568
1.77931
1.60219
1.81742
1.64067
1.6892
2.12646
2.28692
2.45279
2.27237
2.62156
2.79993
2.7904
2.61346
2.60905
2.43185
2.25295
2.43385
2.25637
2.26599
2.91892
3.07648
3.23582
3.05753
3.39555
3.57283
3.55403
3.37743
3.35953
3.18293
3.00517
3.16676
2.99011
2.97669
3.69445
3.85539
4.01588
3.83918
4.17588
4.35249
4.3352
4.15857
4.14045
3.96382
3.78692
3.94508
3.76845
3.74943
4.45395
4.63026
4.61751
4.79348
4.78008
4.60415
4.95605
4.94241
5.11854
5.10498
4.92853
4.91399
4.73747
4.56108
4.72202
4.54547
4.52909
0.129627
0.214192
0.471797
0.949484
1.62682
2.40369
3.19365
3.96645
0.154265
0.638175
0.621315
0.31786
0.786141
0.692532
0.681907
1.11438
0.924804
1.26855
1.65032
1.35735
2.00954
2.34783
1.98437
2.80009
3.11955
2.72933
3.58243
3.90215
3.51182
4.34674
4.67129
4.28873
0.138762
0.377614
0.372698
0.260177
0.492799
0.449183
0.569596
0.786499
0.693575
1.10324
1.29629
1.14886
1.81602
1.98663
1.80222
2.60201
2.76166
2.56485
3.38867
3.54796
3.35245
4.15698
4.31905
4.12788
0.179112
0.415901
0.392279
0.660736
0.914879
0.893128
0.624558
0.88031
0.87551
0.388116
0.614149
0.547506
0.849437
1.09587
1.03549
0.734104
0.985622
0.945605
0.808707
1.01429
0.893377
1.22925
1.45496
1.34666
1.01295
1.25091
1.16747
1.44371
1.62456
1.45536
1.81291
2.00743
1.8528
1.49804
1.70859
1.57574
2.20586
2.36932
2.17616
2.53697
2.70616
2.52197
2.16317
2.34327
2.17133
2.99741
3.15601
2.95893
3.31573
3.47507
3.28003
2.92383
3.08626
2.89463
3.77499
3.93569
3.74239
4.09595
4.25565
4.06129
3.70738
3.86619
3.67065
4.5359
4.69887
4.50931
4.86125
5.02366
4.83312
4.4805
4.64159
4.4491
