FiniteElementSpace
FiniteElementCollection: H1_2D_P2
VDim: 2
Ordering: 0

0
-0.000386557
0.00129086
0.00167186
-0.00290135
-0.0139109
-0.0277586
-0.0403885
-0.051912
0
0.00404142
0.00417287
0.00422874
0.00221051
-0.00598452
-0.0184444
-0.0310326
-0.042425
-0.000688567
0.00199463
0.00266786
0
0.000425394
0.00275901
0.0043452
0.0018549
0.00317278
0.00412971
0.000216905
0.000200265
0.00384677
-0.00772969
-0.0096033
-0.00109918
-0.0208085
-0.0231212
-0.0119686
-0.034319
-0.0357971
-0.0248962
-0.046157
-0.0471561
-0.0368211
0.000957873
0.00249944
0.0030464
0.00246234
-0.00390773
-0.0162468
-0.0297033
-0.0415123
-0.000448626
0.000382897
0.000354391
0
-1.06689e-05
0.00154844
0.00230168
0.00102018
0.0016351
0.00236167
0.00289694
0.00197864
0.00113396
0.00140782
0.00297253
0.0023953
-0.00511523
-0.005687
-0.0016271
-0.00122401
-0.0173143
-0.0184672
-0.0128532
-0.0116548
-0.031102
-0.0320207
-0.0264691
-0.0254196
-0.0432911
-0.0438526
-0.0386862
-0.0381155
-0.000638867
0.00154421
0.0029168
0.00350259
0.00158475
0.00147464
0
0.000873173
0.0026362
0.00350882
0.00427204
0.0033997
0.00429935
0.00188965
0.00316436
0.00383042
0.00418964
0.00368089
0.00411651
-0.00112169
0.00155689
0.00136758
0.00322373
0.0033103
0.00414988
-0.010687
-0.00659147
-0.00771754
-0.00336862
-0.00236816
0.000770229
-0.0243121
-0.0196947
-0.0208192
-0.0151815
-0.0140987
-0.00887706
-0.0374085
-0.0328104
-0.0334396
-0.0280117
-0.027345
-0.0216976
-0.0490256
-0.049541
-0.0443169
-0.0447661
-0.0396356
-0.0391613
-0.033963
0.000124639
0.00130317
0.00218361
0.00207516
-0.00323618
-0.0150019
-0.0287819
-0.0410108
0.000702676
0.00237474
0.000618749
0.00176831
0.00346606
0.00324028
0.00245923
0.00378957
0.00357653
0.000321848
0.0025527
0.0037055
-0.00851944
-0.00487125
-0.00027505
-0.0219639
-0.017456
-0.0108234
-0.035128
-0.0304486
-0.0241288
-0.046685
-0.041956
-0.0363343
-0.000203245
-8.8133e-05
3.51407e-05
0
-0.00021012
0.000702811
0.00116682
0.000397142
0.00147475
0.00187273
0.00208265
0.00161226
0.0014452
0.001604
0.00227227
0.00201605
-0.00395545
-0.00413892
-0.00217334
-0.00202869
-0.0155957
-0.0161347
-0.0133077
-0.0127542
-0.0294466
-0.0299399
-0.0271147
-0.0265822
-0.0418478
-0.0421579
-0.0395724
-0.0392588
-0.000694374
0.000127994
0.000539156
-5.64453e-05
0.00126446
0.00193772
0.00201173
0.00124099
0.000123151
0.000471799
0.000218696
0
0.000650139
0.00132148
0.00166079
0.00101561
0.00257256
0.00305498
0.00343997
0.00294902
0.00216461
0.00276524
0.00310313
0.00244318
0.00189839
0.00214246
0.0024247
0.0020688
0.00311342
0.00349698
0.00373855
0.00337956
0.00282564
0.00324865
0.00353785
0.00314185
-0.000398991
-0.000373072
0.000919526
0.000827411
0.00206266
0.00208895
0.00298185
0.00291805
0.00310478
0.00336724
0.0037956
0.00352579
-0.00916932
-0.00957009
-0.00706013
-0.0066722
-0.00520373
-0.00570575
-0.00357233
-0.00310733
-0.000655397
-0.000917252
0.000603817
0.000818897
-0.0225645
-0.0231257
-0.0202164
-0.0196201
-0.0179688
-0.0185751
-0.0157721
-0.0151668
-0.0112044
-0.0118258
-0.00924376
-0.00864107
-0.0358803
-0.0362733
-0.0335903
-0.0331719
-0.0312724
-0.0316365
-0.028911
-0.0285317
-0.0248073
-0.0253055
-0.0224834
-0.0219742
-0.0475889
-0.0478603
-0.0452673
-0.0450106
-0.0429145
-0.0431334
-0.0405603
-0.0403368
-0.0372516
-0.0375131
-0.0348973
-0.0346236
-0.000611649
0.000242377
0.000692833
0.000643685
0.000251888
0
0.000202689
0.00143021
0.00203652
0.00241159
0.00182216
0.00153191
0.00176344
0.00227859
0.00270049
0.00297209
0.00253642
0.00236808
0.000724403
0.00178889
0.00195586
0.00276148
0.00253744
0.00279026
-0.00637503
-0.00441003
-0.00476745
-0.00271366
-0.00240046
-0.000481752
-0.0190558
-0.0167253
-0.017345
-0.0145377
-0.0139103
-0.0106067
-0.0327283
-0.0304176
-0.0308652
-0.0281013
-0.0276263
-0.0242677
-0.0447264
-0.0424357
-0.0426854
-0.0401045
-0.0398527
-0.0369611
-0.000533281
0.00086465
0.00178859
0.00114865
0.00267542
0.00344057
0.00381034
0.00288543
0.00311921
0.00205061
0.00110679
0.00213677
0.000928723
0.000638867
0
0.00108809
0.00187428
0.0026972
0.00220741
0.00348667
0.00385361
0.00421929
0.00387057
0.00431643
0.00386123
0.00333633
0.00434285
0.00374502
0.00420205
0.0018151
0.00245254
0.0031879
0.00281188
0.00382445
0.00406976
0.0042189
0.0040252
0.00415742
0.003935
0.00362518
0.00411396
0.00386869
0.00413527
-0.00195669
-0.000393177
0.000936442
0.000965926
0.00201642
0.00183572
0.00277265
0.00293557
0.00358415
0.00362473
0.00354823
0.00403625
0.0039714
0.00421338
-0.0122705
-0.0100547
-0.00806192
-0.00752869
-0.00625664
-0.00683116
-0.00463674
-0.0040901
-0.00218538
-0.00169569
-0.00126727
-0.00010974
0.000291244
0.00154773
-0.0260471
-0.0237005
-0.0214143
-0.0208223
-0.0191408
-0.019646
-0.0168116
-0.0163277
-0.0135653
-0.0130345
-0.0124455
-0.0104033
-0.00984104
-0.00740099
-0.0389116
-0.0366352
-0.0343174
-0.0339738
-0.0319573
-0.0322438
-0.0295347
-0.0292425
-0.0264662
-0.0261361
-0.0257499
-0.0233067
-0.0229296
-0.0200763
-0.0504663
-0.0507276
-0.0481093
-0.048351
-0.045729
-0.0455021
-0.0459595
-0.043355
-0.0435833
-0.0410323
-0.0407896
-0.0382316
-0.0379887
-0.0377541
-0.0353997
-0.0351511
-0.0325087
-3.54873e-05
0.000547669
0.00174803
0.00184972
-0.00302864
-0.0144256
-0.0282759
-0.0407169
2.11241e-05
0.00161143
0.000161188
0.00117012
0.00300801
0.00262503
0.00212485
0.00344392
0.00319171
0.000281738
0.00255523
0.00347634
-0.00807997
-0.00435978
8.74971e-06
-0.0213753
-0.0168674
-0.0102081
-0.0347388
-0.0300991
-0.0236508
-0.0464334
-0.0417358
-0.0360786
-9.76393e-05
0.000461467
8.63558e-05
0.000859549
0.00193725
0.0016883
0.00198173
0.00262123
0.00245146
0.00126427
0.00229248
0.00269838
-0.00535584
-0.00353106
-0.00138344
-0.0178698
-0.0156169
-0.0122362
-0.0315728
-0.0292615
-0.0259601
-0.0435874
-0.0412737
-0.0384166
0.000255279
0.00135203
0.00092583
0.00221522
0.00319737
0.00250273
0.000846627
0.00152996
0.000315713
0.00146964
0.00228768
0.00212547
0.00309789
0.00386054
0.00387369
0.00287099
0.00382178
0.00362102
0.00210859
0.00282315
0.00276698
0.00352822
0.00405947
0.00398076
0.00331255
0.00389582
0.00385444
-0.00114402
0.00030025
0.00151499
0.00151109
0.00244115
0.00332932
0.0031848
0.00383677
0.00404614
-0.0111316
-0.00903367
-0.00610343
-0.00713671
-0.00542188
-0.00284502
-0.00195808
-0.000647855
0.00112065
-0.024864
-0.0225526
-0.0190831
-0.0202796
-0.0179879
-0.0146736
-0.0134824
-0.0114203
-0.00830788
-0.0377792
-0.0354811
-0.0324353
-0.0331436
-0.030756
-0.0277026
-0.0269328
-0.0245444
-0.0212952
-0.0492917
-0.0469204
-0.044093
-0.044539
-0.0421847
-0.0393916
-0.0389307
-0.0365768
-0.033708
0
-0.00496019
-0.0103816
-0.013213
-0.0165464
-0.0234816
-0.034294
-0.0461215
-0.0565016
0
-0.00777286
-0.0134947
-0.0175703
-0.0252447
-0.0365655
-0.0483039
-0.0586818
-0.0680328
-0.0018306
-0.00639475
-0.00425828
0
-0.00801966
-0.0122137
-0.0110444
-0.0119904
-0.0153124
-0.0153867
-0.0145753
-0.0206607
-0.0207897
-0.0194617
-0.0298423
-0.0306571
-0.0285325
-0.0412957
-0.0425473
-0.0403
-0.0525132
-0.053683
-0.0515227
-0.062347
-0.0634188
-0.00259385
-0.00981047
-0.0137968
-0.0174874
-0.0248329
-0.035439
-0.0470684
-0.0575697
-0.000689357
-0.00204304
-0.000965403
0
-0.00655295
-0.00903257
-0.00820834
-0.00569311
-0.0112644
-0.0128723
-0.0130672
-0.0113863
-0.0138446
-0.0159124
-0.0162862
-0.0141532
-0.0178712
-0.0221337
-0.0226297
-0.0185321
-0.025893
-0.0320325
-0.0325862
-0.0266895
-0.0372964
-0.043721
-0.0442115
-0.0378429
-0.0488796
-0.0545496
-0.0550866
-0.0493365
-0.0033368
-0.00447572
-0.00710276
-0.00599248
-0.0033819
-0.00264432
0
-0.00930342
-0.0111455
-0.012926
-0.0123765
-0.010481
-0.00949171
-0.0126176
-0.0145105
-0.0164948
-0.0163853
-0.0146657
-0.0144633
-0.0154602
-0.0189436
-0.022903
-0.0228723
-0.0191468
-0.0190239
-0.0213321
-0.0272466
-0.0330854
-0.0335781
-0.0276457
-0.0278591
-0.0313522
-0.0383572
-0.044752
-0.0454669
-0.0388954
-0.0395692
-0.0432543
-0.0498402
-0.0556389
-0.0562247
-0.0503819
-0.0510442
-0.0540606
-0.0594194
-0.0599794
-0.0652301
-0.0657382
-0.0605437
-0.0610728
-0.000602357
-0.00746325
-0.0122034
-0.0149413
-0.020209
-0.0292793
-0.0407977
-0.0519936
-0.00382943
-0.00522783
-0.00158433
-0.0103429
-0.0118255
-0.0088884
-0.0134902
-0.0155148
-0.0138405
-0.0171027
-0.0208876
-0.0176886
-0.0242991
-0.0302986
-0.0251674
-0.034904
-0.041837
-0.0359647
-0.0465755
-0.0530594
-0.0476083
-0.0570159
-0.0629067
-0.0581282
-0.00029846
-0.000563164
-0.00017431
0
-0.00576994
-0.00704317
-0.00659681
-0.0053396
-0.0108457
-0.0117475
-0.011818
-0.0109178
-0.0135218
-0.014346
-0.0145283
-0.0136404
-0.0171769
-0.0190301
-0.01934
-0.0175171
-0.0246558
-0.0276053
-0.0279615
-0.0251011
-0.0357921
-0.039063
-0.0393214
-0.0360872
-0.0475155
-0.050438
-0.050678
-0.0477338
-0.00256286
-0.00356558
-0.00291425
-0.00188725
-0.00351949
-0.00484455
-0.0042936
-0.00296446
-0.000384608
-0.00123835
-0.000773218
0
-0.00868701
-0.00986912
-0.00972038
-0.00857264
-0.0105115
-0.0114997
-0.0111853
-0.0101574
-0.00732139
-0.00855578
-0.00801391
-0.00674988
-0.0123134
-0.0130241
-0.0131815
-0.0124218
-0.0141486
-0.0150226
-0.0150799
-0.014244
-0.0126615
-0.0134683
-0.0134011
-0.0125848
-0.0149962
-0.0162474
-0.0164795
-0.0152006
-0.0181834
-0.0199069
-0.0199818
-0.0183135
-0.0157741
-0.0169889
-0.0170606
-0.0159097
-0.0203609
-0.022825
-0.0231873
-0.0207986
-0.0260155
-0.0287518
-0.0289531
-0.0262196
-0.0216152
-0.0238814
-0.0240062
-0.0217684
-0.0299233
-0.0331484
-0.0334565
-0.0303032
-0.0368927
-0.0400863
-0.0403673
-0.0371522
-0.0311982
-0.0342572
-0.0345162
-0.0314436
-0.0417868
-0.0449235
-0.0451587
-0.042023
-0.0484658
-0.0514554
-0.0517329
-0.0487275
-0.0427587
-0.0459082
-0.0461891
-0.0430176
-0.0528038
-0.0555361
-0.0557931
-0.0530352
-0.0587823
-0.0614508
-0.0617303
-0.0590653
-0.0538118
-0.056616
-0.0568938
-0.0540837
-0.00119791
-0.00126325
-0.00228325
-0.00173468
-0.000752351
0
-0.00730772
-0.00827652
-0.00943867
-0.00903946
-0.00784637
-0.00604257
-0.0116443
-0.01255
-0.0133364
-0.0134404
-0.0126448
-0.0118156
-0.0141952
-0.0154022
-0.0166815
-0.0168566
-0.0155974
-0.0147207
-0.0186316
-0.021141
-0.0234737
-0.0237039
-0.0214062
-0.0195802
-0.0271867
-0.0306381
-0.0337382
-0.0340017
-0.0309328
-0.0282631
-0.0388023
-0.0422658
-0.0454011
-0.045649
-0.0425108
-0.0395749
-0.0502156
-0.0532836
-0.0560626
-0.0563384
-0.0535444
-0.0509303
-0.00414864
-0.00476387
-0.00543926
-0.00413453
-0.00616821
-0.00744652
-0.006884
-0.00561442
-0.00511465
-0.00382475
-0.00247429
-0.00343009
-0.00206323
-0.00162165
0
-0.00986828
-0.0108952
-0.0117098
-0.0107628
-0.0124038
-0.013232
-0.012964
-0.01212
-0.011744
-0.0107787
-0.00971347
-0.0102981
-0.00920262
-0.0086506
-0.0129164
-0.0138112
-0.0148947
-0.0139946
-0.0159822
-0.0170526
-0.0169471
-0.0159733
-0.0158693
-0.0150504
-0.0142571
-0.014925
-0.0141754
-0.0139953
-0.0159759
-0.0177875
-0.0197704
-0.018005
-0.0218623
-0.0240616
-0.0240221
-0.0218777
-0.0217894
-0.0199752
-0.0183826
-0.0198637
-0.0183708
-0.0182574
-0.022372
-0.0254676
-0.028524
-0.0257668
-0.0316781
-0.0347869
-0.0350659
-0.0319023
-0.0321045
-0.0291212
-0.0263824
-0.0292371
-0.0264913
-0.0265229
-0.032812
-0.0363683
-0.0398266
-0.0366349
-0.0433
-0.0465112
-0.046897
-0.0436262
-0.0440161
-0.0406884
-0.0374263
-0.0410635
-0.0377295
-0.0380676
-0.0447013
-0.0479686
-0.0511892
-0.048214
-0.054361
-0.0571733
-0.0574632
-0.0546502
-0.0549658
-0.0520336
-0.0490063
-0.0523766
-0.0493188
-0.049687
-0.0552931
-0.0579544
-0.058222
-0.0608855
-0.0611663
-0.0584989
-0.0637975
-0.064074
-0.066644
-0.0668889
-0.0643379
-0.0645811
-0.061997
-0.0593439
-0.0622503
-0.0596159
-0.0598846
-0.000161471
-0.00620768
-0.0113559
-0.0139792
-0.0182426
-0.0263264
-0.037574
-0.0490997
-0.00270344
-0.00389202
-0.000552183
-0.00925086
-0.0108614
-0.00767206
-0.0127269
-0.0146257
-0.013046
-0.0156988
-0.0190765
-0.0164213
-0.0217797
-0.0274639
-0.0227954
-0.0317106
-0.038617
-0.0328378
-0.0434832
-0.0501034
-0.04447
-0.0542969
-0.0602647
-0.0553611
-0.00116417
-0.00146146
-0.000256617
-0.00783364
-0.00867242
-0.0069642
-0.0120989
-0.013001
-0.0122525
-0.0147529
-0.0161118
-0.0151367
-0.0198822
-0.0224111
-0.0204629
-0.0289326
-0.0323212
-0.0295786
-0.0405481
-0.0439638
-0.041046
-0.0517496
-0.0548147
-0.0522498
-0.00445369
-0.00509217
-0.00318973
-0.00580085
-0.00653248
-0.00470774
-0.00207032
-0.0029394
-0.00108599
-0.0104224
-0.0113199
-0.0101343
-0.0120713
-0.0127034
-0.0114813
-0.0093861
-0.0100193
-0.00834232
-0.0133264
-0.0143438
-0.013663
-0.0154466
-0.0164866
-0.0154983
-0.0138624
-0.0146146
-0.0137201
-0.0168536
-0.0187617
-0.017313
-0.0208053
-0.0229354
-0.0208885
-0.0176186
-0.0191345
-0.0176768
-0.0239327
-0.0269914
-0.0245936
-0.0300804
-0.0333346
-0.0304957
-0.0250246
-0.0277839
-0.0252478
-0.0346097
-0.0381024
-0.035178
-0.0415547
-0.045077
-0.0421621
-0.0356972
-0.0392094
-0.0362537
-0.0463415
-0.0495847
-0.0468186
-0.0527818
-0.0559228
-0.0533541
-0.0473281
-0.0506883
-0.0479258
-0.0567536
-0.0596955
-0.0572898
-0.0626281
-0.065496
-0.0631712
-0.0578499
-0.0608128
-0.0584036
