FiniteElementSpace
FiniteElementCollection: L2_2D_P3
VDim: 1
Ordering: 0

0.000540074
0.000490077
0.00110578
0.00176442
0.000381266
0.000401934
0.000950865
0.00159246
0.000339749
0.000362672
0.000748951
0.00121645
0.000383312
0.000367023
0.000600281
0.000877037
0.00485067
0.00515017
0.00552142
0.00578798
0.00334077
0.00353811
0.00377725
0.00394416
0.00191011
0.00201117
0.00212853
0.00220561
0.00116914
0.0012205
0.00127605
0.00130804
0.00812001
0.0081877
0.00820507
0.00816379
0.00537787
0.00543031
0.00543954
0.0054011
0.00284609
0.00288218
0.00288516
0.00285355
0.00156277
0.00159154
0.00159213
0.00156415
0.00591865
0.00562907
0.00522725
0.00490439
0.00401131
0.00383137
0.00357454
0.00336349
0.00222988
0.00214841
0.00202484
0.00191899
0.00132067
0.00128858
0.00123268
0.00118119
0.0015613
0.00136638
0.00113031
0.0009638
0.00114428
0.00100619
0.000840278
0.000724385
0.000762114
0.000679452
0.000582711
0.00051729
0.000582804
0.000529754
0.000470523
0.000432899
2.77195e-05
1.392e-05
3.62061e-06
1.49079e-06
3.64868e-05
2.38566e-05
1.41333e-05
1.16433e-05
6.51353e-05
5.24311e-05
4.19e-05
3.81449e-05
9.95515e-05
8.53273e-05
7.27046e-05
6.71849e-05
0.00010169
0.000104899
0.000109371
0.000113016
7.58305e-05
7.80544e-05
8.12697e-05
8.39668e-05
5.2437e-05
5.31029e-05
5.44492e-05
5.58212e-05
4.11062e-05
4.0349e-05
4.01197e-05
4.04724e-05
5.08141e-05
4.32906e-05
3.43967e-05
2.82912e-05
3.95295e-05
3.39257e-05
2.73485e-05
2.28782e-05
2.83428e-05
2.47209e-05
2.05504e-05
1.77906e-05
2.21476e-05
1.97026e-05
1.69721e-05
1.52424e-05
0.00270917
0.00298033
0.00334201
0.00362297
0.00198107
0.00215015
0.00237382
0.00254578
0.00126223
0.00133846
0.00143907
0.00151574
0.000871692
0.000903192
0.000945871
0.00097834
0.000300506
0.000303989
0.000313983
0.00032607
0.000441571
0.000450751
0.000471802
0.000495183
0.000773122
0.000799019
0.000846266
0.000893171
0.00112459
0.00117131
0.00124929
0.00132251
0.0005845
0.000434146
0.000318895
0.000276404
0.000539359
0.00041358
0.000357657
0.000373796
0.000441213
0.000377049
0.000470315
0.000629126
0.000356635
0.000354178
0.00060568
0.000912676
0.0069267
0.00717086
0.00743822
0.00760097
0.00465284
0.00481286
0.0049777
0.00506825
0.00253012
0.00261255
0.0026868
0.00271663
0.00144271
0.00148714
0.00151764
0.0015183
0.000258663
0.000245844
0.000237981
0.000238444
0.000616948
0.000609911
0.000618145
0.000637808
0.00138813
0.00139694
0.00143499
0.00148474
0.00219503
0.00222177
0.00228875
0.00236498
0.000314606
0.000301804
0.000294385
0.000295518
0.000548769
0.000547957
0.000561664
0.000583525
0.00108183
0.00110811
0.0011635
0.00122243
0.00165261
0.00170783
0.00180521
0.00189966
0.00773956
0.0075882
0.00733181
0.00709308
0.00514091
0.0050571
0.00489804
0.00474016
0.00273968
0.00271307
0.00264103
0.00255881
0.00152279
0.00152428
0.00149503
0.0014504
0.000239595
0.000240265
0.000250235
0.00026523
0.00064855
0.000630324
0.000624934
0.000634958
0.0015119
0.00146445
0.00143067
0.00142618
0.00240785
0.00233497
0.00227378
0.00225263
0.000218512
0.000211919
0.000211823
0.000218274
0.00065147
0.00063786
0.000638927
0.000654187
0.00155869
0.00153842
0.00154147
0.00156644
0.00249653
0.00247296
0.0024779
0.00250907
0.00354349
0.00325357
0.00288193
0.0026041
0.00248253
0.00228939
0.00204081
0.00185449
0.00148352
0.00138159
0.00125065
0.00115312
0.000975988
0.000921624
0.000852987
0.000803323
0.000390844
0.00038588
0.000390306
0.000402254
0.000549906
0.000527573
0.000512237
0.000511016
0.000934974
0.000877766
0.000820848
0.000790545
0.00135896
0.00126644
0.00116646
0.0011054
0.000317013
0.00031904
0.000331956
0.000350206
0.00061376
0.000593297
0.00058302
0.000587797
0.00126921
0.00120904
0.00115391
0.00112932
0.00196375
0.00186606
0.00176645
0.00171111
0.000420383
0.000335536
0.000240002
0.00017827
0.000334067
0.000269852
0.000198744
0.000153756
0.000275044
0.000230731
0.000183451
0.000154986
0.000269058
0.000234716
0.000199583
0.000179687
0.000312399
0.000290986
0.00027115
0.000261676
0.000317963
0.000293661
0.000270128
0.000257903
0.000353669
0.000320549
0.000286219
0.000266304
0.000402294
0.000358682
0.000311672
0.000282845
0.000394817
0.000379421
0.00036951
0.000369499
0.000450804
0.000426311
0.000405416
0.00039761
0.00061274
0.000566723
0.000519552
0.000492943
0.000802357
0.00073286
0.000656888
0.000609588
2.86133e-05
3.74976e-05
5.13929e-05
6.37649e-05
2.61538e-05
3.15716e-05
4.07914e-05
4.9417e-05
3.3616e-05
3.43762e-05
3.75702e-05
4.15499e-05
4.62949e-05
4.32154e-05
4.17054e-05
4.22549e-05
7.51976e-05
6.37132e-05
5.15007e-05
4.39647e-05
6.80498e-05
5.70852e-05
4.54227e-05
3.82271e-05
5.74916e-05
4.74679e-05
3.69825e-05
3.06742e-05
4.8797e-05
3.97021e-05
3.05062e-05
2.52648e-05
0.00018561
0.000166375
0.000146609
0.000135058
0.000177429
0.000158102
0.00013809
0.000126287
0.0001691
0.000148334
0.000126638
0.000113739
0.000164599
0.000141751
0.000117783
0.000103523
0.000104006
9.76552e-05
8.97608e-05
8.4017e-05
7.7788e-05
7.32197e-05
6.75795e-05
6.35204e-05
5.14524e-05
4.86165e-05
4.5219e-05
4.28725e-05
3.6394e-05
3.44981e-05
3.23901e-05
3.10752e-05
2.74467e-06
2.88601e-06
3.43966e-06
4.17045e-06
5.45025e-07
8.14182e-07
1.48883e-06
2.2793e-06
6.51436e-07
9.58661e-07
1.62103e-06
2.357e-06
3.34538e-06
3.54746e-06
4.03517e-06
4.60847e-06
1.59838e-05
1.22436e-05
8.4582e-06
6.30982e-06
1.20819e-05
8.69129e-06
5.27119e-06
3.33996e-06
8.87945e-06
6.20827e-06
3.61029e-06
2.22861e-06
8.32349e-06
6.38403e-06
4.67438e-06
3.92793e-06
8.26768e-06
5.78682e-06
3.22909e-06
1.77646e-06
7.48604e-06
5.31161e-06
3.064e-06
1.7755e-06
7.04651e-06
5.18397e-06
3.25922e-06
2.14812e-06
7.14386e-06
5.44295e-06
3.69051e-06
2.67819e-06
6.53803e-06
5.51561e-06
4.47702e-06
3.87436e-06
5.63757e-06
4.74549e-06
3.85173e-06
3.34079e-06
4.71086e-06
3.90514e-06
3.11128e-06
2.66741e-06
4.21521e-06
3.40918e-06
2.62169e-06
2.18853e-06
7.30193e-06
7.39549e-06
7.73578e-06
8.17797e-06
5.69148e-06
5.87796e-06
6.32291e-06
6.83264e-06
5.16821e-06
5.25383e-06
5.56434e-06
5.96864e-06
6.09311e-06
5.90974e-06
5.88591e-06
6.04592e-06
0.00167393
0.00191045
0.00225789
0.00254598
0.00143153
0.00155705
0.00173848
0.00188795
0.00108637
0.00112616
0.00118551
0.0012357
0.000823219
0.000835917
0.000856253
0.000874736
0.000655495
0.000672282
0.000694731
0.000712432
0.000409429
0.000416714
0.000427988
0.00043831
0.000230772
0.000233875
0.00024229
0.000252478
0.000202021
0.000209803
0.000226746
0.000245352
0.000427124
0.000376176
0.000510987
0.000708991
0.000506159
0.000402487
0.000402357
0.000466765
0.000578631
0.000430263
0.000323493
0.000287487
0.000593109
0.00043592
0.000307961
0.000253747
0.00593859
0.0062265
0.00656699
0.00679772
0.004036
0.00422414
0.00443847
0.00457642
0.00224594
0.00234145
0.00244206
0.00249893
0.00132292
0.00137186
0.00141622
0.00143336
0.000951276
0.000979845
0.0010015
0.0010046
0.000441772
0.000443978
0.00043892
0.000428009
0.000157476
0.000142981
0.000124663
0.000110523
0.000197168
0.000181647
0.000166903
0.000159272
0.000871104
0.000901123
0.000931478
0.000946492
0.000450515
0.000453005
0.000452581
0.000448515
0.000211936
0.000197342
0.000180835
0.000169596
0.00024193
0.000226616
0.000213155
0.000207334
0.00814109
0.00809655
0.00796932
0.00782036
0.00538736
0.00537104
0.00529204
0.00518838
0.00284793
0.00285349
0.00281773
0.00275819
0.0015627
0.00157932
0.00156491
0.00152711
0.0010467
0.00106454
0.00105888
0.00103308
0.000375368
0.000390795
0.000394974
0.00038641
1.74931e-05
2.66502e-05
3.56047e-05
4.04601e-05
8.68722e-05
9.01941e-05
9.77216e-05
0.000106235
0.00104744
0.00106995
0.00106961
0.00104652
0.0003762
0.000388017
0.000386949
0.000373466
1.74827e-05
1.9217e-05
1.81569e-05
1.4789e-05
8.57737e-05
8.31132e-05
8.26042e-05
8.44719e-05
0.0047336
0.00442742
0.00402124
0.00370762
0.00325734
0.00306003
0.0027947
0.00258756
0.00187071
0.00177366
0.00164035
0.00153484
0.00116214
0.00111635
0.00105154
0.000999722
0.000877684
0.000851798
0.000814624
0.000784988
0.000474239
0.000472403
0.000470265
0.000469802
0.00025112
0.00026089
0.000278709
0.000296866
0.000287259
0.000293233
0.000309431
0.00032884
0.000955672
0.000942138
0.000913588
0.00088511
0.000455132
0.000462122
0.000466674
0.00046781
0.00018026
0.000195295
0.000217608
0.0002375
0.000224986
0.000234565
0.000254073
0.000275089
0.000881369
0.000744042
0.000582743
0.000472863
0.00066672
0.000566392
0.000450012
0.000371921
0.000482292
0.000418219
0.000346319
0.000300053
0.0004096
0.000364706
0.000316698
0.000287791
0.000381963
0.000344959
0.000306655
0.000284689
0.000326326
0.000301678
0.000278514
0.000267362
0.000312899
0.000295745
0.000282009
0.000277773
0.000345442
0.000327879
0.000313985
0.000309876
0.000511785
0.00047079
0.000426777
0.000400356
0.000391896
0.000368613
0.000346986
0.000337082
0.000337671
0.000325201
0.000317808
0.00031882
0.000368985
0.000356243
0.000349293
0.0003512
2.4444e-06
5.16959e-06
1.32949e-05
2.29362e-05
1.16419e-05
1.18078e-05
1.61393e-05
2.24604e-05
3.57645e-05
3.20513e-05
3.10896e-05
3.3088e-05
6.25791e-05
5.52533e-05
4.97391e-05
4.83002e-05
7.46097e-05
6.57684e-05
5.82007e-05
5.51044e-05
8.92827e-05
7.86788e-05
6.86285e-05
6.34649e-05
0.000108579
9.54697e-05
8.21498e-05
7.44527e-05
0.000123225
0.000108026
9.21338e-05
8.2566e-05
0.000115179
0.000100325
8.6677e-05
8.01868e-05
0.000132777
0.000117719
0.000103397
9.60543e-05
0.00015893
0.000142411
0.000126017
0.000116934
0.000181222
0.000162665
0.000143736
0.000132788
0.000113354
0.000111119
0.000108387
0.000106439
8.42579e-05
8.26725e-05
8.07832e-05
7.94834e-05
5.57852e-05
5.45838e-05
5.32834e-05
5.2501e-05
4.00691e-05
3.88418e-05
3.76862e-05
3.71379e-05
3.31803e-05
3.1979e-05
3.08817e-05
3.03966e-05
2.25536e-05
2.13563e-05
2.03007e-05
1.98749e-05
1.24461e-05
1.12091e-05
1.01739e-05
9.8141e-06
7.24903e-06
5.97524e-06
4.95492e-06
4.64952e-06
3.61496e-05
3.48185e-05
3.38855e-05
3.37283e-05
2.83519e-05
2.61851e-05
2.42226e-05
2.33171e-05
2.12819e-05
1.8178e-05
1.51154e-05
1.34489e-05
1.78553e-05
1.41735e-05
1.04686e-05
8.38558e-06
2.50846e-05
1.9807e-05
1.3866e-05
1.00335e-05
2.0513e-05
1.6413e-05
1.18236e-05
8.88219e-06
1.62411e-05
1.33476e-05
1.01532e-05
8.1409e-06
1.41403e-05
1.19435e-05
9.55849e-06
8.0892e-06
1.32462e-05
1.13526e-05
9.30722e-06
8.05485e-06
1.12508e-05
9.86077e-06
8.40349e-06
7.54897e-06
9.47841e-06
8.57501e-06
7.68714e-06
7.21882e-06
8.72715e-06
8.06972e-06
7.47014e-06
7.19784e-06
1.94776e-05
1.75511e-05
1.54416e-05
1.4146e-05
1.47797e-05
1.36197e-05
1.24395e-05
1.18033e-05
1.03939e-05
9.97642e-06
9.69824e-06
9.7029e-06
8.28835e-06
8.25755e-06
8.44921e-06
8.78763e-06
0.00376999
0.00405562
0.00442172
0.00469475
0.00263906
0.00282803
0.00306711
0.00324266
0.00155975
0.00165704
0.00177772
0.00186393
0.000998681
0.00104821
0.00110822
0.00114918
0.000775223
0.000803921
0.000838608
0.000861758
0.000444315
0.000447381
0.000451414
0.000453769
0.000250819
0.000239086
0.000227648
0.000221472
0.00027089
0.000259499
0.000251309
0.000249804
0.000706439
0.000723629
0.000746937
0.000764258
0.00043496
0.000436505
0.000440019
0.000443424
0.000256648
0.000253604
0.000252592
0.000254026
0.00025527
0.000257049
0.000263621
0.000271783
0.000327355
0.000318432
0.000315442
0.000319664
0.000503786
0.000506072
0.00052201
0.000544246
0.000917203
0.00094593
0.00100154
0.00105836
0.0013628
0.00142076
0.00151821
0.00161001
0.0016321
0.00170957
0.00183434
0.00194863
0.00221935
0.00233768
0.00251965
0.00268105
0.00316492
0.00334576
0.00361443
0.00384648
0.00402405
0.00425966
0.00460403
0.0048975
0.00132467
0.00138676
0.00148797
0.0015813
0.00173875
0.00184406
0.00200501
0.00214681
0.00239567
0.00257376
0.00283448
0.00305656
0.00298381
0.00323097
0.00358586
0.00388325
0.000227037
0.000239822
0.000264214
0.000288714
0.000326659
0.000351137
0.000391301
0.000428455
0.000589478
0.000634119
0.000700868
0.000758084
0.000887187
0.000947739
0.00103459
0.0011052
0.0010884
0.00114574
0.0012286
0.00129912
0.00139826
0.00147155
0.00158234
0.00167916
0.00178064
0.0019118
0.00210794
0.00227682
0.00203518
0.00223882
0.0025481
0.0028125
0.000316526
0.000351873
0.000711146
0.00111498
0.000293028
0.000383902
0.000920847
0.00153085
0.000460643
0.000510324
0.00121357
0.00199254
0.000833876
0.000702977
0.00145073
0.00222071
0.00769098
0.00785937
0.00801481
0.00808283
0.00512027
0.00523379
0.00532779
0.00535706
0.0027365
0.0027988
0.00283954
0.00283873
0.00152298
0.00156085
0.00157649
0.00156155
0.00103545
0.00106051
0.00106602
0.00104857
0.000393883
0.000401216
0.000395755
0.000379566
4.7459e-05
4.17476e-05
3.1603e-05
2.14852e-05
0.000108865
0.000100308
9.25477e-05
8.89138e-05
0.00100542
0.00103224
0.00104509
0.00103666
0.000419684
0.000423457
0.000416416
0.000401044
9.83983e-05
8.69282e-05
7.06822e-05
5.67776e-05
0.000149262
0.000136142
0.000123371
0.00011643
0.000233026
0.000222765
0.000217973
0.000220708
0.000638923
0.000628496
0.00063322
0.00065089
0.0014974
0.00149243
0.00151444
0.0015533
0.0023886
0.00239177
0.00243041
0.00248663
0.00293567
0.00294337
0.00299221
0.0030596
0.00410999
0.00412772
0.00419843
0.00428949
0.00593349
0.00596739
0.00607039
0.00619491
0.00754986
0.00759795
0.00772866
0.00788156
0.00269073
0.00272814
0.0028129
0.00290583
0.00375591
0.00381652
0.00393936
0.00406771
0.0054182
0.00551422
0.0056932
0.00587243
0.00689666
0.00702326
0.00725028
0.00747273
0.000288422
0.00027465
0.000265851
0.000265791
0.000586479
0.000582698
0.000593964
0.000615031
0.00124431
0.00126382
0.00131325
0.0013698
0.00194015
0.0019847
0.00207171
0.00216092
0.00236783
0.00242767
0.00253793
0.00264759
0.00328846
0.00338146
0.00354147
0.00369457
0.00473639
0.00487946
0.0051131
0.00532929
0.00603117
0.00621741
0.00651416
0.00678409
0.00200264
0.00207603
0.00219976
0.00231657
0.0027586
0.00287119
0.00305118
0.00321535
0.0039605
0.0041323
0.00439613
0.00462991
0.00504345
0.00526644
0.00560242
0.00589579
0.00696464
0.00672792
0.00637642
0.00607794
0.00466396
0.00452315
0.00430249
0.00410776
0.00252816
0.00247126
0.00236887
0.00227088
0.00144212
0.00142667
0.00138319
0.00133412
0.00100616
0.00100535
0.000985757
0.000958281
0.000423767
0.000437254
0.000445441
0.000445621
0.000107974
0.000124798
0.000147047
0.000165024
0.000163148
0.000173445
0.000192344
0.000211713
0.00103427
0.00104435
0.00103252
0.00100571
0.000393246
0.00040959
0.000417469
0.000414074
4.96064e-05
6.42805e-05
8.17093e-05
9.42923e-05
0.00011402
0.000122038
0.000136589
0.000151431
0.000274087
0.000276499
0.000289324
0.000307049
0.00063472
0.000615179
0.000607228
0.000614655
0.00140957
0.00135356
0.00130653
0.0012902
0.00222036
0.00213113
0.00204593
0.00200425
0.00271936
0.00260933
0.00250061
0.00244355
0.00379396
0.00363986
0.00348083
0.00339037
0.00547423
0.00525646
0.00502352
0.00488308
0.00697225
0.00670052
0.00640459
0.00622139
0.00295843
0.00286952
0.00279153
0.00276057
0.00414187
0.00401913
0.00390541
0.00385321
0.00598131
0.00581048
0.00564465
0.00556042
0.00761401
0.00740269
0.00719273
0.00708122
0.000220176
0.000217548
0.000222796
0.000233675
0.000654467
0.000638201
0.000635819
0.000648472
0.00156381
0.00152874
0.00151234
0.00152219
0.0025037
0.00245362
0.00242375
0.00242794
0.00308067
0.0030209
0.00298284
0.0029841
0.00431931
0.00423927
0.00418388
0.00417872
0.00623874
0.00613063
0.00605023
0.00603466
0.0079384
0.00780691
0.00770553
0.00768111
0.00307204
0.00304594
0.00305207
0.00308761
0.004307
0.00427585
0.00428467
0.00432939
0.00622015
0.00618322
0.00619627
0.00625329
0.00791353
0.00787213
0.00788907
0.00795652
0.00246064
0.00221139
0.00190103
0.00167563
0.00175989
0.00158856
0.00137582
0.00122195
0.00110346
0.00100705
0.0008893
0.000805902
0.000777038
0.000720345
0.00065372
0.000608887
0.000646432
0.000605718
0.000559774
0.00053055
0.00044284
0.000424242
0.000407214
0.000400013
0.000336352
0.00033074
0.000331772
0.0003391
0.000366504
0.00036007
0.000361495
0.000370174
0.000772348
0.000736842
0.000693354
0.000663191
0.000471315
0.000460303
0.000450286
0.00044661
0.000306364
0.000308691
0.000318772
0.000332299
0.000337626
0.000337867
0.000347568
0.000362522
0.000404173
0.000393911
0.000391248
0.000397419
0.000505145
0.000481659
0.000463459
0.000458894
0.000767846
0.000715722
0.000662876
0.000633714
0.00106496
0.000982769
0.00089307
0.000837431
0.00124596
0.00114462
0.00103141
0.000958833
0.00163786
0.00149526
0.00133056
0.00122016
0.00229281
0.00208663
0.00184232
0.00167335
0.00290384
0.0026416
0.00232697
0.0021062
0.00161964
0.00150478
0.00137757
0.00129699
0.00218439
0.00202158
0.00183504
0.00171124
0.003104
0.00286874
0.00259202
0.0024022
0.00394745
0.00364909
0.00329361
0.00304602
0.00035916
0.000358581
0.000368552
0.000384787
0.000585738
0.000564418
0.000551746
0.000553669
0.00110608
0.00104581
0.000987692
0.00095861
0.00166685
0.00156849
0.00146441
0.00140287
0.00201256
0.00189027
0.00175738
0.0016755
0.00276045
0.00258698
0.00239175
0.00226515
0.00395626
0.00370676
0.00341806
0.00322389
0.00503946
0.00472445
0.0043549
0.00410214
0.00239181
0.00227063
0.0021434
0.00206906
0.00331576
0.00314459
0.00295793
0.00284212
0.00477384
0.00452948
0.00425472
0.00407672
0.00608247
0.00577559
0.00542526
0.00519371
0.000150523
0.000107634
6.31176e-05
3.75945e-05
0.000132963
9.87619e-05
6.39366e-05
4.4506e-05
0.000139486
0.00011298
8.68193e-05
7.28727e-05
0.000166218
0.000142664
0.000119881
0.000108078
0.000179023
0.000156712
0.000135189
0.000124045
0.000189265
0.000169731
0.000151156
0.000141734
0.000214706
0.000195893
0.000177913
0.000168661
0.000243122
0.000222696
0.000202718
0.000191999
0.000268625
0.000238424
0.000208186
0.000191616
0.000255838
0.000232747
0.000210876
0.000200003
0.00026894
0.000249722
0.000232453
0.000224737
0.000300839
0.000280651
0.00026228
0.000253823
0.000250572
0.000229258
0.000208197
0.000196709
0.000246189
0.000223761
0.000201177
0.000188505
0.000252034
0.00022521
0.000197294
0.000180897
0.000265242
0.000232859
0.000198391
0.000177551
0.000266841
0.000231235
0.000193046
0.000169759
0.00026567
0.0002236
0.000177445
0.000148499
0.000289799
0.000235686
0.000175098
0.000136197
0.000328075
0.000262281
0.00018789
0.000139611
0.00042566
0.000375506
0.000320637
0.000286337
0.000472097
0.000408118
0.00033601
0.000289181
0.000577752
0.000490236
0.000389135
0.000321505
0.000693089
0.000583616
0.000455642
0.000368871
0.000362837
0.000343486
0.000327518
0.000322013
0.000387572
0.000362663
0.000339806
0.000329301
0.000474065
0.0004345
0.000393676
0.000370294
0.000580602
0.000524383
0.000463209
0.000425299
0.000640614
0.000573777
0.000499644
0.000452499
0.00076766
0.000678023
0.000575322
0.000507219
0.00100557
0.000878829
0.000729865
0.000628005
0.00124278
0.00108223
0.000891209
0.000758761
0.000915241
0.000830728
0.00073631
0.000675738
0.00115837
0.00104147
0.000906463
0.000816017
0.00158135
0.00141334
0.00121429
0.00107676
0.00198591
0.00177214
0.00151577
0.00133613
6.96876e-05
7.75912e-05
8.88251e-05
9.81261e-05
5.35248e-05
5.88129e-05
6.66275e-05
7.32781e-05
4.29694e-05
4.47307e-05
4.81112e-05
5.14502e-05
4.15977e-05
4.0477e-05
4.0433e-05
4.13613e-05
4.10499e-05
3.87278e-05
3.71595e-05
3.69407e-05
3.94562e-05
3.54655e-05
3.17654e-05
2.99343e-05
3.91251e-05
3.32481e-05
2.72278e-05
2.37068e-05
3.98133e-05
3.2726e-05
2.52772e-05
2.07621e-05
5.19886e-05
4.72968e-05
4.3689e-05
4.2616e-05
5.88165e-05
5.20033e-05
4.55965e-05
4.23341e-05
6.80594e-05
5.87067e-05
4.90908e-05
4.34235e-05
7.50487e-05
6.39233e-05
5.21615e-05
4.49598e-05
3.86677e-05
3.13789e-05
2.36725e-05
1.89624e-05
3.32491e-05
2.64321e-05
1.92298e-05
1.48317e-05
2.64438e-05
2.0627e-05
1.4626e-05
1.10838e-05
2.18539e-05
1.70911e-05
1.24428e-05
9.93126e-06
1.86481e-05
1.48216e-05
1.13606e-05
9.74259e-06
1.15786e-05
1.02158e-05
9.67323e-06
1.01031e-05
8.95818e-06
1.07948e-05
1.42984e-05
1.7768e-05
1.36788e-05
1.80534e-05
2.49151e-05
3.10154e-05
4.14926e-05
3.33971e-05
2.55414e-05
2.13712e-05
2.41165e-05
1.8771e-05
1.42774e-05
1.25662e-05
7.72017e-06
5.76161e-06
5.76452e-06
7.6224e-06
1.35582e-06
2.03357e-06
5.75751e-06
1.07264e-05
0.000125221
0.000109506
9.29726e-05
8.29359e-05
0.000116755
0.000101425
8.52567e-05
7.54204e-05
0.000104521
8.94287e-05
7.3619e-05
6.41287e-05
9.44612e-05
7.93675e-05
6.37904e-05
5.46878e-05
8.44562e-05
6.98411e-05
5.50412e-05
4.66751e-05
5.97391e-05
4.68227e-05
3.41743e-05
2.74799e-05
3.5435e-05
2.39023e-05
1.34725e-05
8.88696e-06
2.38666e-05
1.30277e-05
4.13288e-06
1.27546e-06
0.000156326
0.000132599
0.000107792
9.31544e-05
0.00013421
0.000109219
8.29359e-05
6.73851e-05
0.000119084
9.04542e-05
6.0259e-05
4.24646e-05
0.000118527
8.58973e-05
5.15209e-05
3.14089e-05
8.00284e-05
7.19081e-05
6.20091e-05
5.49622e-05
6.06837e-05
5.47569e-05
4.75787e-05
4.25192e-05
4.119e-05
3.75096e-05
3.31458e-05
3.0162e-05
3.00439e-05
2.76875e-05
2.50154e-05
2.32996e-05
2.51933e-05
2.34308e-05
2.1498e-05
2.03236e-05
1.73427e-05
1.64236e-05
1.5544e-05
1.51433e-05
9.88223e-06
9.78371e-06
9.9359e-06
1.02971e-05
6.13825e-06
6.47768e-06
7.18369e-06
7.95546e-06
2.98071e-05
2.83484e-05
2.68045e-05
2.59195e-05
1.9521e-05
1.86612e-05
1.78928e-05
1.75997e-05
9.67917e-06
9.39469e-06
9.38889e-06
9.68881e-06
4.63164e-06
4.65781e-06
5.07421e-06
5.70858e-06
4.66895e-06
5.14419e-06
6.01364e-06
6.901e-06
2.81073e-06
3.37223e-06
4.3273e-06
5.26046e-06
2.81058e-06
3.26201e-06
4.04821e-06
4.83333e-06
4.88934e-06
5.05405e-06
5.4619e-06
5.95287e-06
6.61508e-06
6.48618e-06
6.51718e-06
6.72349e-06
1.17064e-05
1.08584e-05
9.93257e-06
9.39226e-06
2.31405e-05
2.08665e-05
1.81175e-05
1.62026e-05
3.63546e-05
3.25122e-05
2.7799e-05
2.44329e-05
5.84606e-06
5.88057e-06
6.12706e-06
6.4982e-06
1.28539e-05
1.25053e-05
1.2144e-05
1.19712e-05
2.8335e-05
2.70382e-05
2.53804e-05
2.41636e-05
4.62452e-05
4.37758e-05
4.05984e-05
3.82154e-05
5.17201e-06
3.94909e-06
2.98487e-06
2.7154e-06
2.33999e-06
1.33869e-06
5.95369e-07
4.4684e-07
1.50643e-06
8.47836e-07
4.53766e-07
5.02805e-07
3.47749e-06
3.09061e-06
2.98584e-06
3.20849e-06
5.66965e-06
5.42794e-06
5.4626e-06
5.75575e-06
1.19176e-05
1.20873e-05
1.24513e-05
1.285e-05
2.73118e-05
2.77186e-05
2.82363e-05
2.86358e-05
4.61963e-05
4.64874e-05
4.68011e-05
4.6998e-05
8.59756e-06
7.22762e-06
6.20156e-06
5.93866e-06
1.01287e-05
1.02509e-05
1.08899e-05
1.17105e-05
1.93744e-05
2.13346e-05
2.41756e-05
2.65498e-05
3.37327e-05
3.7021e-05
4.15378e-05
4.51574e-05
1.21606e-06
7.00295e-07
2.72119e-07
1.29586e-07
1.24288e-06
7.43335e-07
2.98521e-07
1.37398e-07
1.57297e-06
1.01505e-06
5.17359e-07
3.55133e-07
2.05918e-06
1.34742e-06
7.68093e-07
6.27796e-07
2.32678e-06
1.53729e-06
7.93028e-07
5.06223e-07
2.55053e-06
1.63457e-06
7.62218e-07
3.79971e-07
2.89802e-06
1.82871e-06
8.06552e-07
3.20494e-07
3.19659e-06
2.03208e-06
9.13574e-07
3.61879e-07
7.18485e-06
5.57889e-06
3.92977e-06
2.97728e-06
6.85876e-06
5.47639e-06
4.0607e-06
3.24145e-06
6.70293e-06
5.5264e-06
4.32539e-06
3.62845e-06
6.76901e-06
5.68541e-06
4.5805e-06
3.93747e-06
3.15222e-06
2.00093e-06
8.99776e-07
3.60297e-07
2.69868e-06
1.68564e-06
7.39178e-07
3.09973e-07
2.15996e-06
1.35261e-06
6.27588e-07
3.57702e-07
1.79764e-06
1.15429e-06
6.08833e-07
4.74756e-07
1.44475e-06
9.18583e-07
5.72809e-07
5.97556e-07
7.99171e-07
5.21556e-07
3.1926e-07
3.24158e-07
3.31705e-07
2.08428e-07
1.1418e-07
1.11582e-07
2.53561e-07
1.65476e-07
1.1035e-07
1.10782e-07
3.72007e-06
2.94036e-06
2.1808e-06
1.76758e-06
2.85067e-06
2.11884e-06
1.41052e-06
1.03134e-06
2.44217e-06
1.65035e-06
8.8282e-07
4.78276e-07
2.70048e-06
1.77789e-06
8.80091e-07
4.11369e-07
8.17163e-06
7.61117e-06
7.12478e-06
6.92892e-06
6.87247e-06
6.43172e-06
6.08174e-06
5.97502e-06
5.96676e-06
5.5193e-06
5.15698e-06
5.03771e-06
5.92249e-06
5.33773e-06
4.8124e-06
4.58032e-06
5.69377e-06
5.01047e-06
4.38191e-06
4.0908e-06
5.73182e-06
4.75268e-06
3.77465e-06
3.2441e-06
7.40225e-06
5.75773e-06
4.00224e-06
2.94746e-06
1.00739e-05
7.6745e-06
5.0485e-06
3.41656e-06
6.69843e-06
6.27034e-06
5.95233e-06
5.90602e-06
8.96674e-06
7.90829e-06
6.80166e-06
6.17698e-06
1.49989e-05
1.26985e-05
1.0066e-05
8.34132e-06
2.23867e-05
1.87392e-05
1.44729e-05
1.15871e-05
