FiniteElementSpace
FiniteElementCollection: H1_2D_P2
VDim: 2
Ordering: 0

0
0.928811
1.78227
2.53119
3.17304
3.76143
4.35954
4.98735
5.62481
0
1.07756
2.16648
3.13989
3.91825
4.55426
5.14991
5.7637
6.39747
0.473816
1.00585
0.53061
0
1.36651
1.9855
1.6278
2.17136
2.85176
2.67557
2.86318
3.55683
3.55287
3.46938
4.16045
4.24734
4.05673
4.75295
4.85197
4.67049
5.37411
5.45335
5.30649
6.01106
6.07948
0.502356
1.50373
2.43829
3.22281
3.86506
4.45405
5.05992
5.69244
0.240173
0.486078
0.250721
0
1.15008
1.43579
1.25605
0.96609
1.98038
2.31008
2.21629
1.887
2.7004
3.04892
3.04243
2.69774
3.3223
3.67028
3.71335
3.36959
3.90832
4.25588
4.30693
3.96255
4.51409
4.86465
4.90541
4.55603
5.14687
5.49913
5.533
5.18017
0.703272
0.754309
1.04408
0.802938
0.518379
0.261884
0
1.57745
1.74743
2.07858
1.89969
1.5683
1.35308
2.35495
2.65034
2.99807
2.91399
2.55944
2.42582
3.02038
3.39383
3.73859
3.74093
3.38959
3.35279
3.6154
4.0136
4.35694
4.4027
4.05646
4.08646
4.20707
4.60256
4.95064
5.00048
4.65222
4.70358
4.82839
5.21627
5.56874
5.6077
5.25611
5.30077
5.46585
5.81784
5.85197
6.20439
6.2384
5.88604
5.92109
0.244502
1.20268
2.10262
2.87766
3.52169
4.10862
4.70932
5.33947
0.726934
0.780888
0.25691
1.66431
1.82614
1.30703
2.50858
2.78456
2.32362
3.21247
3.5688
3.19964
3.8168
4.20804
3.90056
4.40491
4.8007
4.50461
5.02174
5.41164
5.10241
5.65871
6.04533
5.72702
0.121514
0.241772
0.123113
0
1.04001
1.17609
1.08476
0.946887
1.88217
2.04277
1.99575
1.83551
2.61662
2.79095
2.78882
2.61639
3.24801
3.42316
3.44617
3.27272
3.8347
4.00878
4.03549
3.86248
4.43655
4.61158
4.63241
4.45773
5.06706
5.24302
5.25974
5.08359
0.589026
0.714349
0.606657
0.479109
0.628337
0.767924
0.649515
0.510566
0.125211
0.253902
0.127286
0
1.47269
1.62133
1.55069
1.4012
1.62617
1.78738
1.69777
1.53655
1.13118
1.28201
1.17567
1.02537
2.26405
2.43358
2.41047
2.24231
2.5456
2.71819
2.67341
2.49959
2.1019
2.27065
2.20215
2.03269
2.94241
3.11806
3.13158
2.95786
3.30941
3.48188
3.48047
3.30684
2.94842
3.12173
3.10034
2.92565
3.54244
3.7168
3.74372
3.57075
3.93963
4.11096
4.13268
3.961
3.63579
3.80731
3.82044
3.64817
4.13162
4.30603
4.33015
4.15647
4.5281
4.70151
4.72631
4.55305
4.23367
4.40574
4.43085
4.25875
4.74927
4.92489
4.943
4.76741
5.13789
5.31386
5.33367
5.1579
4.82892
5.00378
5.02629
4.85166
5.38623
5.56222
5.57896
5.40271
5.77222
5.94866
5.96568
5.78923
5.45346
5.62998
5.64776
5.47136
0.357549
0.365338
0.494106
0.376454
0.24757
0
1.25893
1.31973
1.47008
1.38029
1.22951
0.985959
2.07676
2.20741
2.37523
2.32846
2.16035
1.93697
2.78253
2.96432
3.137
3.13385
2.96124
2.77595
3.39603
3.59634
3.76826
3.7897
3.61827
3.4641
3.98228
4.18206
4.35504
4.38036
4.20795
4.0618
4.59206
4.78675
4.96217
4.98242
4.80726
4.65442
5.2267
5.41928
5.59573
5.61268
5.43615
5.27703
0.816537
0.846779
0.88018
0.74051
0.912442
1.06161
0.940054
0.792704
0.6664
0.52524
0.387484
0.395755
0.259784
0.129214
0
1.68064
1.77645
1.86726
1.70638
1.95316
2.12317
2.03391
1.86361
1.76427
1.59879
1.43798
1.49068
1.33082
1.21531
2.44395
2.60432
2.75239
2.58061
2.89281
3.06938
3.02861
2.84974
2.79635
2.61803
2.44279
2.55207
2.37531
2.29727
3.0972
3.29175
3.47624
3.30419
3.65478
3.82848
3.83085
3.65502
3.64836
3.47147
3.29603
3.45444
3.27654
3.24803
3.68834
3.8897
4.08715
3.91564
4.28273
4.45534
4.47883
4.30517
4.32558
4.15178
3.97915
4.16769
3.99348
4.00339
4.28302
4.4802
4.67751
4.50373
4.87546
5.05001
5.07503
4.90029
4.92614
4.75178
4.57836
4.7778
4.60379
4.62909
4.90776
5.10082
5.29504
5.11889
5.49002
5.6662
5.68551
5.50958
5.5303
5.35458
5.17903
5.37683
5.20138
5.22513
5.54538
5.72131
5.73834
5.91441
5.9316
5.7553
6.10773
6.12492
6.30101
6.31795
6.14193
6.15891
5.98281
5.80647
6.00019
5.82408
5.84224
0.12215
1.06195
1.94004
2.70466
3.34838
3.9355
4.53439
5.16324
0.597027
0.639198
0.126291
1.51194
1.66254
1.15386
2.33898
2.61025
2.1527
3.03872
3.39554
3.02509
3.64389
4.03635
3.72853
4.23099
4.6271
4.33227
4.84597
5.23567
4.92747
5.48251
5.86895
5.55056
0.360655
0.370828
0.124145
1.2892
1.35024
1.10803
2.14353
2.26892
2.04963
2.8753
3.05026
2.86982
3.49723
3.69369
3.54181
4.08241
4.28133
4.13482
4.68926
4.88447
4.73058
5.32287
5.51591
5.3565
0.830989
0.863411
0.617368
0.896679
0.927035
0.658735
0.382088
0.392268
0.128265
1.72921
1.82247
1.58885
1.91084
1.9942
1.73173
1.40964
1.46507
1.19626
2.52602
2.67954
2.47914
2.82334
2.96113
2.73537
2.38634
2.49798
2.25032
3.196
3.38496
3.22159
3.56602
3.74292
3.56461
3.21561
3.37551
3.17454
3.78962
3.98879
3.84219
4.18504
4.38055
4.22897
3.88473
4.07335
3.91193
4.3816
4.57882
4.42916
4.77636
4.97496
4.82591
4.4793
4.67777
4.52969
5.00411
5.19781
5.04033
5.39245
5.58771
5.43186
5.0806
5.27775
5.12547
5.64182
5.83494
5.67554
6.02827
6.2215
6.06235
5.70955
5.90337
5.745
0
-0.0392239
-0.259204
-0.710259
-1.35896
-2.12747
-2.93647
-3.73352
-4.5103
1
0.94351
0.654861
0.073999
-0.6989
-1.52371
-2.32863
-3.10585
-3.87547
-0.0052884
0.475105
0.988871
0.5
-0.121295
0.224722
0.836126
-0.456259
-0.298353
0.39765
-1.01435
-1.01981
-0.298201
-1.73351
-1.82379
-1.11121
-2.53113
-2.63405
-1.93022
-3.33805
-3.42108
-2.71968
-4.12342
-4.19322
-3.49031
0.510064
0.38372
-0.00485222
-0.642008
-1.41743
-2.23101
-3.03064
-3.80757
-0.00313964
0.257381
0.511247
0.25
-0.0736859
0.139535
0.437323
0.224939
-0.350348
-0.223447
0.118557
-0.00879953
-0.856601
-0.825793
-0.464917
-0.499506
-1.54316
-1.57602
-1.21691
-1.18885
-2.32864
-2.38207
-2.02767
-1.97662
-3.13795
-3.18478
-2.83319
-2.78603
-3.92904
-3.96541
-3.61463
-3.5774
-0.0168257
0.498684
0.714031
0.972938
0.753304
0.993684
0.75
-0.182936
0.313083
0.445275
0.755131
0.615172
0.898491
-0.576481
-0.14436
-0.106971
0.24314
0.201865
0.535412
-1.18224
-0.827603
-0.855455
-0.49616
-0.465422
-0.10731
-1.9287
-1.62008
-1.67196
-1.31793
-1.26142
-0.904453
-2.734
-2.43325
-2.4814
-2.13044
-2.07986
-1.72792
-3.53658
-3.22652
-3.26408
-2.91318
-2.87568
-2.52495
-4.31705
-4.35168
-4.0003
-4.03453
-3.68275
-3.64937
-3.29811
0.257995
0.189592
-0.107953
-0.657205
-1.38013
-2.17919
-2.98617
-3.77182
0.247005
0.740154
0.756034
0.0736374
0.539507
0.672933
-0.354397
0.0547578
0.332489
-1.00355
-0.65756
-0.281135
-1.77523
-1.46666
-1.05726
-2.58453
-2.28154
-1.87654
-3.38181
-3.07046
-2.67941
-4.15855
-3.84182
-3.45692
-0.00284139
0.128171
0.254985
0.125
-0.0549144
0.0601803
0.209003
0.0948294
-0.302972
-0.226847
-0.0563278
-0.131533
-0.781957
-0.756069
-0.576902
-0.603638
-1.45022
-1.46192
-1.28383
-1.274
-2.22784
-2.25434
-2.07781
-2.05249
-3.03738
-3.06225
-2.88628
-2.86151
-3.83145
-3.8504
-3.67474
-3.65547
-0.00980699
0.116765
0.253538
0.127321
0.505768
0.620588
0.748215
0.632767
0.507293
0.634661
0.753934
0.625
-0.150369
-0.0521454
0.108595
0.0115357
0.350571
0.427753
0.579641
0.500869
0.458089
0.55649
0.695472
0.595843
-0.514669
-0.463785
-0.287089
-0.337832
-0.0727016
-0.0434601
0.130271
0.0999115
0.173826
0.226971
0.39118
0.336464
-1.09713
-1.09275
-0.913637
-0.919612
-0.733869
-0.74166
-0.560646
-0.55267
-0.3802
-0.371869
-0.19264
-0.201404
-1.83059
-1.8524
-1.67528
-1.65515
-1.51856
-1.54296
-1.36397
-1.33889
-1.11784
-1.13642
-0.955974
-0.936837
-2.63258
-2.65959
-2.48339
-2.45698
-2.33229
-2.35738
-2.18092
-2.15534
-1.92576
-1.95192
-1.77438
-1.74758
-3.43753
-3.45925
-3.28348
-3.26153
-3.12876
-3.14861
-2.97324
-2.95327
-2.73383
-2.75638
-2.58063
-2.55776
-4.2203
-4.23775
-4.06202
-4.04436
-3.90394
-3.92111
-3.74558
-3.72855
-3.51795
-3.53587
-3.36057
-3.34269
-0.0031545
0.258751
0.384958
0.511832
0.385712
0.375
-0.0958314
0.16646
0.263409
0.412572
0.315143
0.351567
-0.401533
-0.163731
-0.112557
0.058931
0.00702828
0.109766
-0.934148
-0.740255
-0.733127
-0.552282
-0.56007
-0.397719
-1.63766
-1.47758
-1.49661
-1.31683
-1.29829
-1.10394
-2.42979
-2.28064
-2.30666
-2.12944
-2.10353
-1.90026
-3.2382
-3.08567
-3.10781
-2.93212
-2.9098
-2.71017
-4.02635
-3.8687
-3.88651
-3.71116
-3.69326
-3.4993
-0.0266209
0.237523
0.488551
0.374223
0.728848
0.82987
0.960103
0.857564
0.98248
0.87194
0.755792
0.992527
0.875499
0.995231
0.875
-0.219275
0.0344806
0.27112
0.195183
0.494735
0.551362
0.707528
0.648578
0.798116
0.726866
0.64623
0.869659
0.786877
0.92314
-0.641771
-0.425296
-0.219674
-0.247962
-0.0244064
-0.0151267
0.160328
0.150307
0.322462
0.301103
0.269343
0.468844
0.435274
0.59761
-1.26959
-1.09536
-0.922991
-0.915009
-0.75591
-0.77602
-0.597051
-0.575616
-0.396421
-0.380505
-0.372157
-0.201677
-0.19288
-0.015236
-2.02772
-1.87571
-1.72186
-1.69764
-1.56935
-1.59724
-1.421
-1.39154
-1.21465
-1.18541
-1.15913
-1.00777
-0.979812
-0.801431
-2.83534
-2.68543
-2.53384
-2.50903
-2.3817
-2.40501
-2.22979
-2.20587
-2.0306
-2.00477
-1.97839
-1.82934
-1.8018
-1.62605
-3.63525
-3.47977
-3.32395
-3.30425
-3.16739
-3.18516
-3.0096
-2.99201
-2.81657
-2.79783
-2.77775
-2.6225
-2.60227
-2.42702
-4.41369
-4.43093
-4.25508
-4.27245
-4.09671
-4.07942
-4.11393
-3.93814
-3.95505
-3.77908
-3.76238
-3.58649
-3.56997
-3.55317
-3.39419
-3.37768
-3.20201
0.126657
0.0791557
-0.177244
-0.67839
-1.36722
-2.15326
-2.96205
-3.75307
0.123352
0.628115
0.631303
-0.0184082
0.466546
0.578099
-0.399029
0.0301565
0.283959
-1.00508
-0.646275
-0.285214
-1.75334
-1.44079
-1.03618
-2.55834
-2.25655
-1.84983
-3.36059
-3.05111
-2.65729
-4.1411
-3.82482
-3.43937
0.128783
0.386475
0.381854
0.0376513
0.291256
0.335166
-0.280452
-0.0507342
0.0605219
-0.836558
-0.645388
-0.47745
-1.55795
-1.39703
-1.20053
-2.35562
-2.20515
-2.00186
-3.16209
-3.00901
-2.81018
-3.94748
-3.78995
-3.59639
0.107282
0.364501
0.380958
0.609921
0.845526
0.866284
0.634881
0.874871
0.875201
-0.0898896
0.154622
0.231392
0.384388
0.602391
0.690101
0.530794
0.759122
0.810427
-0.532078
-0.321169
-0.178386
-0.120742
0.0693076
0.227703
0.165562
0.370411
0.495686
-1.18246
-1.0087
-0.823084
-0.838593
-0.675281
-0.477261
-0.461119
-0.285599
-0.102596
-1.95216
-1.79881
-1.59685
-1.64525
-1.49449
-1.28848
-1.23738
-1.08247
-0.8776
-2.76067
-2.60977
-2.40797
-2.45779
-2.30568
-2.10556
-2.05377
-1.90351
-1.6997
-3.55754
-3.40193
-3.20621
-3.24579
-3.08869
-2.89507
-2.85503
-2.70025
-2.50387
-4.33434
-4.17589
-3.98298
-4.01748
-3.85868
-3.66614
-3.63225
-3.47383
-3.28147
