FiniteElementSpace
FiniteElementCollection: H1_2D_P2
VDim: 2
Ordering: 0

0
0.0029061
0.00299867
-0.00150724
-0.00820722
-0.0130192
-0.015123
-0.016402
-0.0185378
0
0.00198511
0.00665946
0.0108779
0.0122375
0.0111826
0.00908343
0.00684658
0.00445992
0.0016722
0.00240629
0.000622845
0
0.00348831
0.00511608
0.00413484
0.00127682
0.00499871
0.00904913
-0.0048736
0.00207005
0.0119372
-0.0110006
-0.00098597
0.0119234
-0.0143147
-0.00304299
0.0101896
-0.0157342
-0.00473404
0.00795703
-0.0173078
-0.00701347
0.00571749
0.000891189
0.00394337
0.00552107
0.00372113
0.000425563
-0.00211812
-0.00387637
-0.00573101
0.000934719
0.00109355
0.000300414
0
0.00331021
0.00360703
0.00319291
0.00250347
0.00228942
0.00343489
0.00543246
0.00402354
-0.00315579
-0.000470866
0.00443294
0.00182872
-0.0096934
-0.00519404
0.00122832
-0.00296151
-0.0137453
-0.00817233
-0.00158427
-0.00693216
-0.0154358
-0.00980022
-0.00346365
-0.00906239
-0.0168167
-0.0115083
-0.0052069
-0.0105668
0.00233643
0.00162529
0.00232607
0.00118655
0.000814626
0.000273979
0
0.00339449
0.00460349
0.00607513
0.00538175
0.00421259
0.00298349
-6.53735e-06
0.00537222
0.00802158
0.0100524
0.00744254
0.00790196
-0.00658137
0.00291612
0.00706693
0.0121751
0.00781872
0.0115074
-0.0121093
-0.000315959
0.00498693
0.0115947
0.00605377
0.0121456
-0.0147615
-0.00259954
0.00298707
0.00964367
0.00396021
0.0107079
-0.0160479
-0.00429528
0.00108024
0.00740014
0.00204225
0.00851901
-0.017882
-0.0127622
-0.00632818
-0.00125784
0.00511581
2.6971e-05
0.00628957
0.000390703
0.00311474
0.00386424
0.000735647
-0.00413072
-0.00760753
-0.00943818
-0.0110073
0.00181967
0.00150644
0.000274695
0.00392633
0.00517767
0.003243
0.0027455
0.0078372
0.00684568
-0.00172414
0.00749271
0.00800674
-0.00612992
0.00551875
0.00657729
-0.00864891
0.00346797
0.0044664
-0.0101701
0.00156707
0.00251352
-0.0120888
-0.000574446
0.000571601
0.000457788
0.00057164
0.000145246
0
0.00313249
0.00315938
0.00282064
0.00264823
0.00268336
0.00306987
0.00397718
0.00349142
-0.00231716
-0.00118107
0.00130054
0.000183444
-0.0089709
-0.00687549
-0.00355731
-0.00554722
-0.0134041
-0.0106538
-0.00728484
-0.00994834
-0.0152833
-0.0124322
-0.00925344
-0.0120842
-0.0166006
-0.0139098
-0.0107805
-0.0134839
0.00201098
0.00202215
0.00146025
0.00132318
0.00124846
0.0015736
0.00114338
0.000853729
0.000105926
0.000287239
9.20604e-05
0
0.00347734
0.00362772
0.00379142
0.00350317
0.00428829
0.00491916
0.00469972
0.00410346
0.00280114
0.00323897
0.00277489
0.00238128
0.000666793
0.00138404
0.00312112
0.00236046
0.0054759
0.00662862
0.00766603
0.00650972
0.00530111
0.00616909
0.0064796
0.00562579
-0.00573326
-0.0041166
-0.00109568
-0.00263877
0.00332693
0.00520277
0.00767049
0.0057748
0.00473713
0.00623162
0.00803758
0.0065285
-0.0115806
-0.00908823
-0.0056786
-0.00806273
4.63451e-05
0.00258658
0.00578667
0.00322578
0.00164627
0.00389145
0.00682805
0.00456129
-0.0145514
-0.0116923
-0.00842009
-0.0112258
-0.00236446
0.00042661
0.00371251
0.000910671
-0.00129368
0.00142833
0.00472503
0.00198614
-0.0158875
-0.0131085
-0.00998294
-0.0127651
-0.0040842
-0.00136182
0.00180559
-0.000916699
-0.0032552
-0.000477085
0.00274969
-3.26959e-05
-0.0175846
-0.0149754
-0.0117873
-0.0144022
-0.00601904
-0.00344839
-0.000265027
-0.00284794
-0.00496526
-0.00231332
0.000829418
-0.00182324
0.00131752
0.000727648
0.000964729
0.000569135
0.000331547
0
0.00343026
0.00337895
0.00376645
0.00357579
0.00313967
0.00243566
0.00182004
0.00368316
0.00449102
0.00550624
0.00465692
0.00457293
-0.00401059
0.000142472
0.00164365
0.00409201
0.00260315
0.00343189
-0.0103714
-0.0046773
-0.00237262
0.000820477
-0.00143746
-0.000430007
-0.0140479
-0.00790243
-0.00514102
-0.00185851
-0.00459015
-0.00395153
-0.0155849
-0.00961951
-0.00683736
-0.00367009
-0.00644962
-0.00605072
-0.0170519
-0.0112491
-0.00861835
-0.00546129
-0.00810575
-0.00764934
0.00263724
0.00216823
0.00201299
0.00169813
0.00190178
0.00220531
0.00155839
0.0013882
0.000873114
0.000746049
0.000523416
0.00042854
0.000271664
0.00011872
0
0.00323545
0.00400509
0.00488147
0.00426206
0.00563885
0.0064297
0.00602186
0.00534265
0.00475105
0.00423414
0.00372463
0.00354392
0.00316903
0.0024622
-0.000733011
0.00231273
0.00521181
0.00407512
0.00795526
0.0094728
0.0104891
0.00898275
0.00957173
0.00829578
0.00716804
0.00849158
0.00743199
0.00728999
-0.00740855
-0.00234832
0.00249521
0.000613383
0.0072899
0.00961665
0.0122266
0.00980973
0.012079
0.0098683
0.00793219
0.0117468
0.00976373
0.0112177
-0.0125889
-0.00654756
-0.000660022
-0.00321343
0.00525187
0.00804329
0.0113975
0.00851139
0.0117706
0.0089425
0.00631822
0.0120489
0.00931854
0.012209
-0.0149507
-0.00886192
-0.00282503
-0.00562128
0.00322635
0.00602268
0.00936456
0.0065357
0.00991908
0.00704696
0.00421152
0.010453
0.00755183
0.0109516
-0.0162185
-0.010364
-0.00451133
-0.00723181
0.00132567
0.00397155
0.00712331
0.00448817
0.00767798
0.0049996
0.00227797
0.00823745
0.00551049
0.00880121
-0.0181992
-0.0156385
-0.0124144
-0.00988797
-0.0066608
-0.00920785
-0.00413411
-0.000904899
0.00161503
0.00479819
0.00228579
0.00542137
0.00288582
0.000304886
0.00600644
0.00344162
0.00656922
0.00020327
0.0029212
0.00331701
-0.00048236
-0.00622708
-0.0103194
-0.0122618
-0.0136895
0.00167947
0.00119986
9.73788e-05
0.00359559
0.00452117
0.00280625
0.00190364
0.00659708
0.00592066
-0.00337952
0.00550025
0.00640251
-0.00859646
0.00290198
0.00422771
-0.0114704
0.000665017
0.00170204
-0.012934
-0.00113792
-0.000256101
-0.0146779
-0.00313848
-0.00206383
0.000953299
0.000623016
0.000114544
0.00335538
0.00346587
0.00279423
0.00275051
0.00460564
0.00464508
-0.00190271
0.00213603
0.00303747
-0.0074886
-0.00191572
-0.000940764
-0.0109549
-0.00487551
-0.00428264
-0.0125989
-0.00664372
-0.00625273
-0.0141468
-0.00835384
-0.00787169
0.00234654
0.00206884
0.0013276
0.00196892
0.0017761
0.00104396
0.000544504
0.000491072
9.02109e-05
0.00359405
0.00444345
0.00403403
0.00528971
0.00589324
0.00478722
0.0036736
0.00369245
0.00267135
0.000808584
0.00377962
0.00431331
0.00660482
0.00925289
0.00866312
0.00636632
0.00788417
0.00694537
-0.00484163
9.00494e-05
0.00113365
0.004888
0.00972804
0.00985756
0.00602044
0.00983791
0.00964256
-0.00953874
-0.00359528
-0.00280557
0.0022812
0.00828103
0.00873259
0.00355654
0.0091387
0.00947889
-0.0118956
-0.00584105
-0.00538873
0.000194505
0.0062792
0.0067918
0.00116489
0.00730059
0.0077998
-0.0132909
-0.00743672
-0.0070327
-0.00158979
0.00423092
0.00474417
-0.000696843
0.00525493
0.0057664
-0.0152957
-0.00953759
-0.00890217
-0.00378082
0.00196131
0.00259272
-0.00257387
0.00316796
0.00370892
0
0.00272288
0.0028025
-0.00437235
-0.0219026
-0.0465463
-0.0724728
-0.0968618
-0.120355
0
0.000419544
-0.00081728
-0.010477
-0.0291766
-0.0530003
-0.0774603
-0.100667
-0.123129
0.00182754
0.00170506
-0.000347315
0
0.00329175
0.00177187
0.000582147
0.000451771
-0.00638437
-0.0044171
-0.0119043
-0.0248021
-0.0188745
-0.0337237
-0.0495609
-0.0407667
-0.059628
-0.0750433
-0.0653442
-0.084874
-0.0988362
-0.0892211
-0.10862
-0.121743
-0.111921
0.000573091
0.00241242
-0.00100219
-0.0144399
-0.0367774
-0.062462
-0.087147
-0.110298
0.00130387
0.00119057
0.000140537
0
0.00308747
0.00304112
0.00216981
0.00230215
0.00190489
-1.69465e-05
0.000689863
0.00253583
-0.00780369
-0.0129824
-0.0100913
-0.00514521
-0.0276357
-0.0351644
-0.0306386
-0.0232139
-0.0530926
-0.0610427
-0.0560309
-0.0480151
-0.0787315
-0.0860337
-0.081155
-0.0737764
-0.102754
-0.109468
-0.104582
-0.097866
0.00228879
0.00113633
0.00103954
3.72408e-05
3.92477e-05
-0.000529053
0
0.00323175
0.00231554
0.000628969
0.000125757
0.00155324
0.000643481
-0.00162576
-0.00335281
-0.00812747
-0.00713877
-0.00246416
-0.00231655
-0.0166281
-0.0193705
-0.0267502
-0.0238235
-0.016357
-0.0144046
-0.0400607
-0.0431162
-0.0512186
-0.0468403
-0.0386236
-0.0348521
-0.0660994
-0.0688086
-0.0762792
-0.0714434
-0.0639015
-0.0591847
-0.0909107
-0.0930334
-0.0997722
-0.0949764
-0.0882154
-0.0833857
-0.114489
-0.121047
-0.11601
-0.122437
-0.117514
-0.111113
-0.10631
0.000580349
0.0027699
0.00155633
-0.0087346
-0.0290251
-0.0545431
-0.0799659
-0.103681
0.00175062
0.000531054
-0.000222345
0.00299916
0.00132289
0.00142108
-0.00224037
-0.00496488
-0.000612461
-0.0178347
-0.0213214
-0.0119381
-0.0415271
-0.0448753
-0.0325501
-0.0674642
-0.0701426
-0.0575799
-0.0919931
-0.094032
-0.0823022
-0.115259
-0.116757
-0.105458
0.00083949
0.00091176
0.000276233
0
0.00291701
0.00297207
0.00255303
0.00253904
0.00241875
0.00180265
0.00211525
0.00274081
-0.00599964
-0.00821792
-0.00685537
-0.00470069
-0.0247171
-0.0283065
-0.0260718
-0.0225279
-0.0498181
-0.0538159
-0.0512787
-0.0472741
-0.0756181
-0.0793556
-0.0768866
-0.0731308
-0.099814
-0.10322
-0.100779
-0.0973683
0.00206007
0.00203163
0.00146903
0.00151569
0.00084807
0.00082532
0.000273773
0.000293484
2.39607e-05
-4.47341e-05
-0.000188392
0
0.00330041
0.00318251
0.00306562
0.00322402
0.00241312
0.00185073
0.00149035
0.00200374
0.0019577
0.00180613
0.00125431
0.0013733
-0.000503173
-0.00186874
-0.00104516
0.000286679
-0.00209387
-0.00409388
-0.00363243
-0.00167378
0.00130254
9.02149e-05
8.11185e-05
0.00124238
-0.0141898
-0.0171942
-0.0153373
-0.0123992
-0.0168376
-0.0202871
-0.0187763
-0.015334
-0.00815555
-0.0109471
-0.00995436
-0.00718816
-0.036868
-0.040782
-0.0383241
-0.0344264
-0.0399277
-0.043972
-0.0417327
-0.0376675
-0.0276762
-0.031552
-0.02961
-0.0257248
-0.0628757
-0.0667862
-0.0642655
-0.0603371
-0.0656476
-0.0694775
-0.0670337
-0.0631795
-0.0527969
-0.0567974
-0.0544007
-0.0503745
-0.0879052
-0.0914577
-0.0890257
-0.0854605
-0.090102
-0.0935384
-0.0911345
-0.0876875
-0.0781143
-0.0817346
-0.0793047
-0.0756659
-0.111553
-0.114876
-0.112362
-0.109046
-0.113153
-0.116383
-0.113934
-0.110706
-0.101714
-0.105023
-0.10262
-0.0993087
0.00157386
0.000895976
0.000872376
0.000333765
0.000342991
0
0.00321441
0.00293697
0.00276395
0.00232622
0.00249646
0.00201953
0.00125418
0.000847472
-0.000448221
-7.69791e-05
0.00118196
0.00220777
-0.00976965
-0.010779
-0.0136596
-0.0121891
-0.00935662
-0.00570501
-0.0306417
-0.0320603
-0.0359456
-0.0336767
-0.0297995
-0.0239687
-0.0563668
-0.0577999
-0.0617502
-0.0592542
-0.0552803
-0.0487758
-0.0818178
-0.0830143
-0.0865957
-0.0841651
-0.0805654
-0.0744135
-0.105689
-0.106576
-0.109886
-0.107442
-0.104134
-0.0983553
0.00250771
0.00203065
0.00142667
0.00144898
0.000793376
0.000717544
0.00023971
0.000264733
-0.000167338
-0.000179791
-0.00013331
-0.000482894
-0.000393781
-0.000413596
0
0.00306949
0.00282573
0.00210522
0.00270392
0.00103975
-5.88273e-05
-0.000277272
0.000744964
0.000411977
0.00107543
0.00152595
0.000657555
0.00102926
0.00056074
-0.00291088
-0.00360694
-0.00478387
-0.00273503
-0.00646429
-0.00921616
-0.00873057
-0.00597408
-0.00569805
-0.00337516
-0.00145927
-0.00328739
-0.00141373
-0.00149124
-0.0192001
-0.020464
-0.0220297
-0.0185569
-0.0239838
-0.0278943
-0.0264547
-0.0224923
-0.0212935
-0.0175285
-0.0140756
-0.0165749
-0.013082
-0.0123687
-0.0432917
-0.044761
-0.0463305
-0.0423031
-0.0480402
-0.0520943
-0.0499142
-0.0458304
-0.0437889
-0.0396539
-0.0355588
-0.0377851
-0.0336455
-0.0319796
-0.0693011
-0.0706351
-0.0719406
-0.0681377
-0.0732246
-0.0768794
-0.0744637
-0.0708
-0.0684038
-0.0646249
-0.0607483
-0.0622708
-0.058377
-0.0560935
-0.093896
-0.0949387
-0.0959436
-0.0925182
-0.0969102
-0.100226
-0.0978287
-0.0945124
-0.0921081
-0.088728
-0.0852717
-0.0863146
-0.0828544
-0.0804352
-0.117428
-0.120702
-0.118156
-0.121394
-0.118873
-0.115636
-0.122092
-0.119588
-0.122782
-0.120312
-0.117133
-0.114717
-0.111518
-0.108288
-0.109118
-0.105888
-0.103493
0.000472933
0.00277051
0.00233893
-0.0063734
-0.0253675
-0.0505439
-0.0762588
-0.1003
0.00177341
0.000549558
-8.35202e-05
0.00324589
0.00197785
0.00161173
-0.000707733
-0.00280073
0.000738636
-0.0147234
-0.017745
-0.00898698
-0.0375813
-0.0408019
-0.0285962
-0.0635735
-0.0663406
-0.0535873
-0.0884716
-0.0906243
-0.078715
-0.11196
-0.113544
-0.102171
0.00122893
0.000596902
0.000138802
0.00312682
0.00266361
0.00227664
0.00112132
0.000445561
0.00176553
-0.0102271
-0.0114301
-0.00744733
-0.0313303
-0.0328397
-0.0268382
-0.057083
-0.0585227
-0.0520284
-0.0824227
-0.0835949
-0.0775048
-0.106135
-0.107012
-0.10125
0.00228862
0.00173935
0.00115701
0.00110627
0.000500656
3.07482e-05
9.09323e-05
-0.000331507
-0.000294379
0.0030173
0.00251597
0.00278146
0.0016092
0.000408604
0.00096477
0.00194175
0.00109367
0.000899769
-0.0031982
-0.00413462
-0.0015079
-0.00555743
-0.00751549
-0.00459381
-0.000712513
-0.0023156
-0.00066256
-0.0197986
-0.0212043
-0.0160388
-0.0229515
-0.0251443
-0.0199509
-0.013066
-0.0152367
-0.0110736
-0.044017
-0.0455304
-0.0391041
-0.0471659
-0.048956
-0.0427265
-0.03458
-0.0366234
-0.0307323
-0.0699732
-0.0712904
-0.0649562
-0.072586
-0.0738525
-0.0677233
-0.0599962
-0.061508
-0.0552369
-0.0944224
-0.0954458
-0.089569
-0.096432
-0.0973766
-0.0916303
-0.0847246
-0.0858033
-0.07988
-0.117794
-0.118515
-0.11276
-0.11923
-0.119948
-0.114325
-0.107867
-0.108706
-0.103062
