FiniteElementSpace
FiniteElementCollection: L2_2D_P3
VDim: 1
Ordering: 0

0.0126653
0.00553034
0.00688264
0.00947688
0.00414325
0.00276391
0.00472897
0.00738408
0.000944907
0.00117446
0.0026413
0.00443393
0.000751586
0.00092204
0.00160024
0.00232256
0.00401229
0.00374271
0.00339688
0.00313746
0.00308496
0.0028919
0.00264339
0.00245648
0.00214108
0.00202539
0.00187632
0.0017643
0.00159816
0.00152697
0.00143569
0.00136773
0.000786171
0.000668835
0.000531018
0.000436952
0.000699852
0.000604592
0.000493161
0.000417433
0.000626124
0.000554848
0.000472493
0.000417297
0.000596575
0.000540066
0.000475928
0.000433841
1.60362e-06
3.63439e-06
1.12727e-05
2.09441e-05
1.20112e-05
8.35397e-06
8.07007e-06
1.1226e-05
4.46953e-05
3.46278e-05
2.55857e-05
2.16457e-05
8.16295e-05
6.72799e-05
5.26032e-05
4.42417e-05
0.0001688
0.000173806
0.000181154
0.000187435
9.8805e-05
0.000102559
0.000108152
0.000112999
3.80158e-05
3.99133e-05
4.30093e-05
4.58761e-05
1.25845e-05
1.29544e-05
1.41009e-05
1.54906e-05
0.000147212
0.000138681
0.000128233
0.000120737
9.32812e-05
8.78843e-05
8.14093e-05
7.68778e-05
4.34756e-05
4.11195e-05
3.85007e-05
3.68514e-05
2.03731e-05
1.96126e-05
1.90222e-05
1.88936e-05
3.735e-05
3.28593e-05
2.7463e-05
2.3674e-05
2.38737e-05
2.0908e-05
1.74412e-05
1.50828e-05
1.30308e-05
1.14734e-05
9.8033e-06
8.7882e-06
9.90061e-06
8.97574e-06
8.12825e-06
7.7399e-06
2.02987e-06
1.56417e-06
1.04782e-06
7.18839e-07
1.3327e-06
1.00916e-06
6.74523e-07
4.78932e-07
1.51735e-06
1.24957e-06
1.00108e-06
8.77752e-07
2.52619e-06
2.19041e-06
1.87945e-06
1.72513e-06
0.00577927
0.00561209
0.00537892
0.00518946
0.00448976
0.00433386
0.0041163
0.0039395
0.00309192
0.00296847
0.00279562
0.00265528
0.00223585
0.00214429
0.00201523
0.00190989
0.000258369
0.000260807
0.000271415
0.00028495
0.000203472
0.000197383
0.000199411
0.000208178
0.000364291
0.000331298
0.000302399
0.000290505
0.00064871
0.000586008
0.000521672
0.000485132
0.000163634
4.21454e-05
1.67891e-05
5.78903e-05
0.00014255
3.68433e-05
3.44308e-05
9.12009e-05
0.00014579
8.81443e-05
0.00021088
0.000377049
0.000206692
0.000191712
0.000470522
0.000780802
0.00209705
0.00188854
0.00163233
0.00144831
0.00169945
0.00154229
0.00134974
0.00121196
0.00129686
0.00119331
0.00106793
0.000979421
0.001069
0.000997269
0.000912237
0.000853717
0.000407863
0.000405161
0.000409018
0.00041757
0.000303101
0.00030229
0.000309033
0.000320091
0.000226655
0.00022089
0.000222319
0.000230153
0.000213524
0.000198523
0.000189204
0.000189781
0.000334293
0.000340937
0.000355513
0.0003714
0.000240447
0.000243292
0.000254438
0.000268705
0.000248769
0.000236392
0.000230017
0.000232494
0.000351605
0.000320262
0.000291143
0.000277647
0.00014924
0.000108836
6.62043e-05
4.11357e-05
0.000171322
0.000133179
9.2236e-05
6.74331e-05
0.000216373
0.000180874
0.000142235
0.000118237
0.000261059
0.000227176
0.000190155
0.000166959
0.000327711
0.000310237
0.000292937
0.000283495
0.00029775
0.00028674
0.000277642
0.000274338
0.000257979
0.000255199
0.00025696
0.000262111
0.000227632
0.000231027
0.000241277
0.000253302
0.00040521
0.000392258
0.000382556
0.000380338
0.000327268
0.000320191
0.000318082
0.000321657
0.000240698
0.000237711
0.000241431
0.000249892
0.000186356
0.000183823
0.000188963
0.000199173
7.70615e-05
8.92003e-05
0.000107002
0.000122194
3.94746e-05
4.64904e-05
5.74194e-05
6.71698e-05
1.75341e-05
1.84977e-05
2.1425e-05
2.49157e-05
1.86952e-05
1.54779e-05
1.3041e-05
1.24443e-05
0.000129052
0.00012015
0.000109788
0.000102642
0.000173075
0.000166249
0.000158331
0.000152859
0.000247719
0.000244867
0.000241828
0.000239865
0.000319521
0.0003207
0.000322748
0.000324552
0.000219673
0.000204655
0.000188251
0.000177796
0.00023514
0.000224763
0.000214138
0.000207913
0.00026016
0.000257245
0.000256204
0.000257223
0.000284005
0.00028793
0.000295881
0.000303862
0.000189443
0.000185097
0.000180058
0.000176677
0.000117198
0.000114841
0.000112278
0.000110716
5.05147e-05
4.98966e-05
4.94952e-05
4.95207e-05
1.91136e-05
1.92636e-05
1.98357e-05
2.05883e-05
5.8438e-05
5.73738e-05
5.59968e-05
5.4997e-05
0.000107071
0.00010467
0.000101445
9.89512e-05
0.000195298
0.000190529
0.000184073
0.000178999
0.000283155
0.00027602
0.000266378
0.000258792
7.77207e-05
7.41957e-05
6.98178e-05
6.66136e-05
0.000131155
0.000127564
0.0001229
0.000119325
0.000225925
0.00022252
0.000217815
0.000213992
0.000319318
0.000316223
0.00031171
0.000307875
8.55985e-05
7.80462e-05
6.8832e-05
6.22483e-05
5.47108e-05
4.97791e-05
4.3889e-05
3.97829e-05
2.72473e-05
2.48486e-05
2.21802e-05
2.04837e-05
1.58339e-05
1.47259e-05
1.37066e-05
1.32503e-05
4.47801e-05
4.30972e-05
4.12921e-05
4.02174e-05
6.81125e-05
6.4865e-05
6.10535e-05
5.84695e-05
0.000110097
0.000103938
9.64162e-05
9.10598e-05
0.000151429
0.000142332
0.000131085
0.000122956
5.20747e-05
5.10871e-05
4.99941e-05
4.93475e-05
8.86738e-05
8.59342e-05
8.25394e-05
8.01186e-05
0.000155279
0.000149274
0.000141626
0.000135955
0.000221512
0.000212187
0.000200243
0.00019131
1.14862e-05
9.62889e-06
7.45583e-06
5.97725e-06
7.33361e-06
6.09844e-06
4.71088e-06
3.81052e-06
4.88587e-06
4.15562e-06
3.42158e-06
3.01334e-06
5.34229e-06
4.75135e-06
4.21885e-06
3.97667e-06
2.02326e-05
1.84669e-05
1.653e-05
1.53048e-05
2.56341e-05
2.32353e-05
2.05148e-05
1.87227e-05
3.49086e-05
3.13953e-05
2.73025e-05
2.4523e-05
4.37242e-05
3.91331e-05
3.37181e-05
2.99909e-05
3.31812e-05
3.11595e-05
2.89617e-05
2.76e-05
4.56928e-05
4.25665e-05
3.89767e-05
3.65872e-05
6.77403e-05
6.26036e-05
5.64943e-05
5.22547e-05
8.91028e-05
8.19748e-05
7.33785e-05
6.73196e-05
1.31643e-07
1.22527e-07
1.24143e-07
1.35059e-07
6.70004e-08
3.73877e-08
1.37215e-08
6.19158e-09
3.48929e-07
2.59819e-07
1.7306e-07
1.25619e-07
8.56981e-07
6.9187e-07
5.27443e-07
4.33235e-07
3.25092e-06
2.70883e-06
2.15064e-06
1.82572e-06
3.35988e-06
2.73323e-06
2.08682e-06
1.7115e-06
3.56789e-06
2.80113e-06
2.00988e-06
1.55311e-06
3.78704e-06
2.88966e-06
1.9645e-06
1.43356e-06
9.63211e-06
8.46043e-06
7.18291e-06
6.37793e-06
1.1265e-05
9.81067e-06
8.19328e-06
7.15095e-06
1.40015e-05
1.20691e-05
9.87984e-06
8.4406e-06
1.6555e-05
1.41737e-05
1.14503e-05
9.64227e-06
0.00680255
0.00648792
0.00608304
0.00575979
0.00539435
0.00513564
0.00478497
0.00450892
0.00363334
0.0034913
0.00330808
0.00316838
0.00240708
0.00237852
0.00235801
0.00235345
0.0019489
0.00191162
0.00192956
0.00195925
0.0010665
0.00110667
0.00117541
0.00123061
0.000424359
0.000474683
0.000540395
0.000588256
0.000214429
0.0002523
0.00029391
0.000318794
0.000614222
0.00056766
0.00107125
0.00167984
0.000313673
0.000284664
0.000582787
0.000953554
0.000193978
0.00011186
0.000197316
0.000346875
0.000174636
6.2019e-05
6.29686e-05
0.000119576
0.0029991
0.00275229
0.0024428
0.00221582
0.00235874
0.00217814
0.00195177
0.00178592
0.00170644
0.00159361
0.00145316
0.00135115
0.00133222
0.00125879
0.00116889
0.00110492
0.00116011
0.00110401
0.00103626
0.000988864
0.000862016
0.000831713
0.00079725
0.000774989
0.000580553
0.000572382
0.000567174
0.000567527
0.000441427
0.00044209
0.00044925
0.000459673
0.00135237
0.00130064
0.00123463
0.00118585
0.000949087
0.000924402
0.000894254
0.00087324
0.000577839
0.000575591
0.000576121
0.000579529
0.000403836
0.000409603
0.000422067
0.000435666
0.000391108
0.000315851
0.00023057
0.000174937
0.000379771
0.000315173
0.000241985
0.000194181
0.000387658
0.00033489
0.000275461
0.000236848
0.000408819
0.000363423
0.000312827
0.000280327
0.000415026
0.00037352
0.000327493
0.00029809
0.000406517
0.000372976
0.000336455
0.000313652
0.000396809
0.000372058
0.000346381
0.000331403
0.000389801
0.000370564
0.000351979
0.000342353
0.000578437
0.000529038
0.000473562
0.000437626
0.000525035
0.000488494
0.000448745
0.000424063
0.000468498
0.000444985
0.000421545
0.000408831
0.000434349
0.000418046
0.000403962
0.000398369
2.69429e-05
3.72669e-05
5.39332e-05
6.91863e-05
1.37158e-05
1.78969e-05
2.62484e-05
3.48522e-05
1.97528e-05
1.68644e-05
1.57905e-05
1.69495e-05
3.93749e-05
3.17056e-05
2.44499e-05
2.08553e-05
5.13147e-05
4.18038e-05
3.20367e-05
2.64139e-05
7.49444e-05
6.33048e-05
5.05396e-05
4.24261e-05
0.000115054
0.000102016
8.72637e-05
7.74687e-05
0.000151976
0.000138947
0.000124168
0.000114298
0.000100174
8.43237e-05
6.75197e-05
5.73738e-05
0.000130115
0.00011304
9.43066e-05
8.24012e-05
0.000172568
0.000155249
0.000135961
0.000123417
0.000206776
0.000190307
0.000172089
0.000160308
0.000189058
0.000188995
0.00018957
0.000190525
0.000114423
0.000114956
0.000116192
0.000117572
4.68091e-05
4.753e-05
4.89194e-05
5.03526e-05
1.59559e-05
1.64554e-05
1.75595e-05
1.87721e-05
6.272e-06
6.62078e-06
7.47452e-06
8.45638e-06
1.42975e-07
4.03891e-08
2.17002e-07
6.15055e-07
1.51197e-05
1.42574e-05
1.3333e-05
1.28032e-05
4.38479e-05
4.23089e-05
4.04202e-05
3.90868e-05
5.50576e-06
5.19937e-06
5.40939e-06
6.03789e-06
3.80036e-06
2.36467e-06
1.00432e-06
3.52505e-07
2.36729e-05
2.1018e-05
1.79535e-05
1.59006e-05
5.53161e-05
5.19653e-05
4.79132e-05
4.5034e-05
0.000116223
0.00010771
9.72848e-05
8.98029e-05
7.4068e-05
6.85736e-05
6.19775e-05
5.73539e-05
3.56697e-05
3.31141e-05
3.02517e-05
2.84212e-05
1.85557e-05
1.75352e-05
1.66281e-05
1.6265e-05
1.32126e-05
1.27591e-05
1.2555e-05
1.27056e-05
9.38011e-06
9.50425e-06
1.00048e-05
1.06622e-05
1.85188e-05
1.85469e-05
1.88897e-05
1.94068e-05
3.63657e-05
3.56739e-05
3.50768e-05
3.48771e-05
1.28627e-05
1.26936e-05
1.28299e-05
1.32285e-05
6.88341e-06
7.30242e-06
8.14369e-06
9.04049e-06
1.64159e-05
1.67607e-05
1.74475e-05
1.81887e-05
3.69682e-05
3.66214e-05
3.63802e-05
3.63953e-05
2.18034e-05
1.87712e-05
1.5169e-05
1.26735e-05
1.3919e-05
1.19104e-05
9.60159e-06
8.06162e-06
8.20675e-06
7.10008e-06
5.94691e-06
5.27231e-06
7.38483e-06
6.62815e-06
5.94209e-06
5.63059e-06
7.72045e-06
7.06149e-06
6.50107e-06
6.28335e-06
9.28285e-06
8.65637e-06
8.14143e-06
7.95999e-06
1.50604e-05
1.40732e-05
1.31231e-05
1.26342e-05
2.23924e-05
2.08173e-05
1.91508e-05
1.8151e-05
9.50977e-06
8.79173e-06
8.20488e-06
8.00869e-06
1.0535e-05
9.97477e-06
9.58664e-06
9.53695e-06
1.75281e-05
1.66381e-05
1.58458e-05
1.55061e-05
2.7265e-05
2.57096e-05
2.40958e-05
2.31623e-05
5.83994e-07
4.27891e-07
2.64773e-07
1.68062e-07
4.01434e-07
2.75635e-07
1.55305e-07
9.17986e-08
7.90364e-07
6.32042e-07
4.86097e-07
4.12751e-07
1.5833e-06
1.33573e-06
1.09771e-06
9.69714e-07
2.02854e-06
1.73135e-06
1.43894e-06
1.27608e-06
2.78285e-06
2.39987e-06
2.01293e-06
1.78999e-06
4.09032e-06
3.53186e-06
2.95012e-06
2.60261e-06
5.34144e-06
4.59556e-06
3.80482e-06
3.32335e-06
3.1466e-06
2.76116e-06
2.3936e-06
2.20111e-06
4.25471e-06
3.76582e-06
3.28096e-06
3.01094e-06
6.39923e-06
5.66113e-06
4.88948e-06
4.42748e-06
8.5909e-06
7.57098e-06
6.47243e-06
5.79006e-06
0.00503995
0.00477645
0.00442796
0.00415889
0.00383271
0.00364064
0.00338495
0.00318648
0.00259304
0.00247696
0.00232091
0.00219898
0.00187243
0.00180235
0.00170713
0.00163234
0.00154772
0.00149796
0.00142988
0.00137625
0.00103401
0.00101189
0.000981627
0.000958094
0.000569117
0.000569674
0.000571697
0.000574737
0.000360967
0.000368825
0.000382717
0.000396499
0.00184016
0.0017628
0.0016577
0.0015753
0.00116984
0.00113421
0.00108576
0.001048
0.000579127
0.000575096
0.000571762
0.000571061
0.000332036
0.000335338
0.000345414
0.000357636
0.000288945
0.000296139
0.000310914
0.000326628
0.000210795
0.000212374
0.000222019
0.000235217
0.000284349
0.000266556
0.000253989
0.000252295
0.000467291
0.000426731
0.000386865
0.000366018
0.000601378
0.000545511
0.000487262
0.000453449
0.000925168
0.000835707
0.000736269
0.000672702
0.00152237
0.00138069
0.00121667
0.00110614
0.00211264
0.00192463
0.00170312
0.00155065
0.000832839
0.000757579
0.000676612
0.000626911
0.00126562
0.00116113
0.0010443
0.000968809
0.00201457
0.00187133
0.00170684
0.00159696
0.00272401
0.00255185
0.00235149
0.00221555
0.000148939
0.000177394
0.000214009
0.00023997
0.000153354
0.000165197
0.000182957
0.000198248
0.000404892
0.000392729
0.00038542
0.000385409
0.000798951
0.000757044
0.000720097
0.00069746
0.00105596
0.000989958
0.000921961
0.000885908
0.00166915
0.00154134
0.00140057
0.00131208
0.00263087
0.00242759
0.0021985
0.00204836
0.00347139
0.00321138
0.00293213
0.00275146
0.000252738
0.000293558
0.000683761
0.00110438
0.000377335
0.000521519
0.00124534
0.00203693
0.00135931
0.00120127
0.00227168
0.00342818
0.00344024
0.00218912
0.0032932
0.00452581
0.00135364
0.00119031
0.000993713
0.000855655
0.00114072
0.00101339
0.000860797
0.000754169
0.000931736
0.000842764
0.000737569
0.0006652
0.000819678
0.000753922
0.000677815
0.000626769
0.000763625
0.000708563
0.000645741
0.000604347
0.000645743
0.000608639
0.000568161
0.000543059
0.00052637
0.000506347
0.000487553
0.000478594
0.000459554
0.00044802
0.000440401
0.000440066
0.000961172
0.000903692
0.000836627
0.000791369
0.000760373
0.000725441
0.000686901
0.000662787
0.000564547
0.000549921
0.0005376
0.000533327
0.000461815
0.000456259
0.000456162
0.000461523
0.000417407
0.00040916
0.000405916
0.000409
0.000321902
0.000317948
0.000320416
0.000327973
0.000231311
0.0002274
0.000230692
0.000239482
0.000187986
0.000179987
0.000178988
0.000185299
0.000163428
0.000151861
0.000146891
0.000150694
0.000124604
0.000104287
8.8811e-05
8.52749e-05
0.000133443
9.6299e-05
6.06168e-05
4.29639e-05
0.000187192
0.000133183
7.72427e-05
4.5433e-05
0.000212254
0.000190324
0.000172779
0.000167668
0.000229788
0.00019179
0.000154407
0.000134923
0.000336414
0.000270784
0.00019928
0.000155099
0.00048341
0.000391672
0.000287919
0.000220399
0.000378054
0.000380761
0.000391082
0.000404268
0.000274084
0.000275764
0.00028564
0.000299084
0.000231221
0.000222594
0.000220699
0.000226316
0.000267593
0.000244566
0.000225505
0.00021916
0.000301829
0.000268601
0.000237229
0.000222178
0.000401614
0.000345434
0.000285552
0.000249659
0.000643583
0.000549947
0.00044341
0.000373367
0.000915197
0.00078731
0.00063804
0.000536692
0.00043189
0.000387473
0.000342549
0.000317836
0.0006355
0.000562268
0.00048167
0.000430931
0.00104356
0.000924656
0.000787195
0.000694808
0.00146501
0.00130516
0.00111654
0.000986612
3.093e-05
1.63771e-05
4.72392e-06
1.35168e-06
5.64476e-05
3.8817e-05
2.23309e-05
1.45623e-05
0.000105763
8.47756e-05
6.32018e-05
5.09039e-05
0.00015331
0.000130074
0.000105333
9.03626e-05
0.000175064
0.000151342
0.000125707
0.000109827
0.000204608
0.000181609
0.000156429
0.000140498
0.000241919
0.00022078
0.000197678
0.000183045
0.00026874
0.000249709
0.000229294
0.000216654
0.000279702
0.00024713
0.000211443
0.000188956
0.000297804
0.000269048
0.000237657
0.000217924
0.000318775
0.000294954
0.00026951
0.00025394
0.000332132
0.000312031
0.00029135
0.000279349
0.000274141
0.000257155
0.000239347
0.000228655
0.000268416
0.000257177
0.000246606
0.000241279
0.000261238
0.000258348
0.000258644
0.000261654
0.000256732
0.000260928
0.000270712
0.000281209
0.00024827
0.00025708
0.000273073
0.000288497
0.000229351
0.000248277
0.000277526
0.000303212
0.000226955
0.000259584
0.000307342
0.000347782
0.000244996
0.00028883
0.000352087
0.000405146
0.000203197
0.000210375
0.000225886
0.00024222
0.000151355
0.000166579
0.000192877
0.000217766
0.000106042
0.000131125
0.000171295
0.000207686
9.06094e-05
0.000123059
0.00017407
0.00021979
0.000373608
0.00035747
0.000342902
0.000336341
0.000318597
0.000309027
0.000302854
0.000302627
0.000250608
0.000247887
0.000250939
0.000258049
0.000201975
0.000203209
0.000212048
0.000224111
0.000167546
0.000170842
0.000182825
0.000197674
9.72014e-05
0.000104482
0.000122178
0.000141866
3.35628e-05
4.38813e-05
6.68711e-05
9.17275e-05
8.13625e-06
1.93833e-05
4.50817e-05
7.32402e-05
0.000151101
0.000148106
0.000153212
0.000163859
8.35261e-05
7.87266e-05
8.21973e-05
9.21887e-05
3.59482e-05
2.49583e-05
2.1921e-05
2.81981e-05
3.21418e-05
1.36754e-05
2.54521e-06
3.9564e-06
0.000129202
0.00013886
0.000152671
0.000164222
7.17737e-05
7.81303e-05
8.74973e-05
9.55249e-05
2.6487e-05
2.87455e-05
3.26923e-05
3.64843e-05
1.19208e-05
1.12245e-05
1.13951e-05
1.23226e-05
9.65043e-06
7.71833e-06
6.21762e-06
5.81144e-06
1.50717e-05
1.1345e-05
7.38806e-06
5.00175e-06
4.15299e-05
3.61748e-05
2.99774e-05
2.57675e-05
7.59687e-05
6.99576e-05
6.28373e-05
5.78531e-05
2.3104e-05
1.82005e-05
1.34893e-05
1.10783e-05
3.75801e-05
3.04549e-05
2.26929e-05
1.78098e-05
7.14094e-05
6.25092e-05
5.23038e-05
4.54232e-05
0.000107944
9.85842e-05
8.7729e-05
8.02903e-05
9.83969e-05
9.24849e-05
8.53877e-05
8.03369e-05
0.000149309
0.000144306
0.000138158
0.000133654
0.000237841
0.000234834
0.000230973
0.00022798
0.000324179
0.000323308
0.000322014
0.000320824
0.000376952
0.000377585
0.000378114
0.000378216
0.000492048
0.000496096
0.000500692
0.00050363
0.000684125
0.000692891
0.000703273
0.000710378
0.00086838
0.000880938
0.000896081
0.000906699
0.000362147
0.000366135
0.000371733
0.000376177
0.000454565
0.000464903
0.000478399
0.000488626
0.000613144
0.000632636
0.000657793
0.000676767
0.000768559
0.000795833
0.000831074
0.000857738
0.000170029
0.00015791
0.000144226
0.000135117
0.000202266
0.000193507
0.000183929
0.000177762
0.000255366
0.000252501
0.000250364
0.000249716
0.000305716
0.000308562
0.0003138
0.000318755
0.000333597
0.000340369
0.000350686
0.000359508
0.000393338
0.000408939
0.000430467
0.000447683
0.000503546
0.000531883
0.000569956
0.000599844
0.000616985
0.000656227
0.000708698
0.000749779
0.000294038
0.00030257
0.000316593
0.000329289
0.000314741
0.000333534
0.000360792
0.000383564
0.000368073
0.000401382
0.000447829
0.000485564
0.000432655
0.000478243
0.000541214
0.000592046
0.000173598
0.000166385
0.000157631
0.000151415
0.000108968
0.000104581
9.93949e-05
9.5834e-05
4.90017e-05
4.72956e-05
4.54928e-05
4.44521e-05
2.06785e-05
2.03393e-05
2.0272e-05
2.05312e-05
1.13343e-05
1.14925e-05
1.20238e-05
1.27084e-05
3.74502e-06
4.34349e-06
5.37579e-06
6.39454e-06
1.40156e-05
1.44555e-05
1.52e-05
1.59432e-05
3.72361e-05
3.70108e-05
3.68364e-05
3.6841e-05
8.84077e-06
9.24304e-06
1.00912e-05
1.10191e-05
9.40123e-07
1.43599e-06
2.32457e-06
3.2266e-06
1.28372e-05
1.29466e-05
1.32318e-05
1.36004e-05
3.87563e-05
3.82068e-05
3.75614e-05
3.71648e-05
5.47561e-05
5.39296e-05
5.29339e-05
5.22844e-05
9.78562e-05
9.53901e-05
9.21992e-05
8.98264e-05
0.000176335
0.000170858
0.000163675
0.000158201
0.00025453
0.000246
0.00023481
0.000226247
0.000302654
0.000292123
0.000278318
0.000267749
0.00040734
0.000392326
0.000372651
0.000357569
0.000576151
0.000553709
0.000524387
0.000501942
0.000732799
0.000703255
0.000664762
0.000635361
0.000337583
0.00032888
0.000317144
0.000307916
0.000456424
0.000444195
0.000427739
0.000414803
0.00064911
0.000630883
0.000606509
0.000587434
0.000829029
0.000804921
0.000772864
0.000747889
6.52384e-05
6.33244e-05
6.08644e-05
5.90329e-05
0.000117615
0.000114884
0.000111204
0.000108322
0.00021182
0.000207792
0.000202201
0.000197688
0.000305297
0.000300038
0.000292673
0.000286676
0.000363354
0.000357281
0.00034876
0.000341807
0.000490345
0.000482444
0.000471308
0.000462178
0.000697567
0.000686281
0.000670494
0.000657624
0.000892377
0.000877538
0.000856997
0.000840389
0.000377125
0.000374272
0.000369945
0.000366155
0.000503539
0.000501245
0.000497317
0.00049359
0.000711597
0.000709615
0.000705755
0.000701828
0.000908812
0.000906626
0.000902307
0.000897881
5.873e-05
5.26438e-05
4.52658e-05
4.00328e-05
3.75666e-05
3.35644e-05
2.8827e-05
2.55575e-05
1.94595e-05
1.74376e-05
1.52219e-05
1.38376e-05
1.28014e-05
1.17427e-05
1.07651e-05
1.03158e-05
1.12083e-05
1.04869e-05
9.93128e-06
9.79209e-06
1.11367e-05
1.07271e-05
1.05584e-05
1.07013e-05
1.91274e-05
1.84556e-05
1.79559e-05
1.78551e-05
3.1489e-05
3.01025e-05
2.87072e-05
2.79495e-05
1.2553e-05
1.19132e-05
1.14775e-05
1.14489e-05
1.08119e-05
1.06387e-05
1.07773e-05
1.11652e-05
1.95052e-05
1.91582e-05
1.90613e-05
1.92654e-05
3.4603e-05
3.35241e-05
3.24935e-05
3.20006e-05
3.9407e-05
3.74771e-05
3.53939e-05
3.4126e-05
5.68941e-05
5.36147e-05
4.98166e-05
4.72709e-05
8.80619e-05
8.22943e-05
7.53528e-05
7.0479e-05
0.00011852
0.000110263
0.000100188
9.30026e-05
0.000136335
0.000126554
0.00011456
0.000105959
0.000173797
0.000160718
0.000144549
0.000132849
0.000233156
0.000214835
0.000192057
0.000175471
0.000286997
0.000263896
0.000235112
0.0002141
0.000175986
0.000165056
0.000151485
0.000141629
0.000228226
0.000213284
0.000194605
0.000180934
0.000311298
0.000289931
0.000263103
0.000243369
0.000387048
0.000359764
0.000325458
0.000300178
4.8977e-05
4.76458e-05
4.6216e-05
4.53813e-05
7.88058e-05
7.57617e-05
7.21119e-05
6.95889e-05
0.000132865
0.000126619
0.00011885
0.000113218
0.0001864
0.000176906
0.000164979
0.000156225
0.000218648
0.00020709
0.000192528
0.000181797
0.000287895
0.000271777
0.00025137
0.000236241
0.000398484
0.000374998
0.000345187
0.000323014
0.000499896
0.000469553
0.000431026
0.000402345
0.000261885
0.000250415
0.000235705
0.000224678
0.000349224
0.000332977
0.000312091
0.000296375
0.00048936
0.000465312
0.000434397
0.000411105
0.00061862
0.000587228
0.000546909
0.000516547
5.30105e-06
4.29037e-06
3.13279e-06
2.36513e-06
3.40474e-06
2.72592e-06
1.98792e-06
1.52807e-06
2.77414e-06
2.32236e-06
1.8868e-06
1.65889e-06
3.74923e-06
3.30077e-06
2.89444e-06
2.70443e-06
4.47651e-06
3.99975e-06
3.5633e-06
3.35422e-06
5.92723e-06
5.35515e-06
4.80972e-06
4.52757e-06
9.15412e-06
8.26986e-06
7.35771e-06
6.82395e-06
1.26719e-05
1.14017e-05
1.00322e-05
9.18217e-06
6.01238e-06
5.44067e-06
4.93678e-06
4.71801e-06
7.66533e-06
7.04155e-06
6.48036e-06
6.22452e-06
1.21413e-05
1.11648e-05
1.01834e-05
9.63462e-06
1.73804e-05
1.59126e-05
1.43402e-05
1.33758e-05
1.44731e-05
1.29832e-05
1.13488e-05
1.03125e-05
1.76317e-05
1.57032e-05
1.35324e-05
1.21137e-05
2.2985e-05
2.02986e-05
1.7206e-05
1.51335e-05
2.80236e-05
2.46142e-05
2.06456e-05
1.79547e-05
3.06978e-05
2.6883e-05
2.24226e-05
1.93844e-05
3.5827e-05
3.12015e-05
2.57388e-05
2.19785e-05
4.40642e-05
3.81773e-05
3.11697e-05
2.63073e-05
5.15105e-05
4.45131e-05
3.61542e-05
3.03341e-05
4.85634e-05
4.33525e-05
3.71753e-05
3.29013e-05
5.81796e-05
5.16961e-05
4.39336e-05
3.85057e-05
7.34283e-05
6.49581e-05
5.4738e-05
4.75343e-05
8.71426e-05
7.69086e-05
6.45174e-05
5.57531e-05
2.66138e-05
2.46567e-05
2.2517e-05
2.11742e-05
3.51035e-05
3.22872e-05
2.9074e-05
2.6946e-05
4.98753e-05
4.55199e-05
4.03935e-05
3.68736e-05
6.40549e-05
5.81924e-05
5.1199e-05
4.63259e-05
7.20374e-05
6.52884e-05
5.7195e-05
5.15237e-05
8.82859e-05
7.96782e-05
6.92561e-05
6.18773e-05
0.000113958
0.000102434
8.83778e-05
7.83493e-05
0.000137062
0.000122926
0.000105629
9.32475e-05
0.000101379
9.30554e-05
8.29642e-05
7.5811e-05
0.000126825
0.000115951
0.000102648
9.31246e-05
0.000167044
0.000152144
0.000133794
0.000120564
0.000203359
0.000184822
0.000161927
0.000145371
1.11313e-07
1.05508e-07
8.17687e-08
7.19881e-08
3.05904e-09
9.64983e-09
2.99207e-08
9.00261e-08
1.27749e-07
9.31108e-08
1.14944e-07
2.49039e-07
4.04308e-07
2.82235e-07
2.50311e-07
4.22051e-07
6.05915e-07
4.35009e-07
3.12327e-07
3.67127e-07
8.22155e-07
5.7557e-07
3.4792e-07
2.95507e-07
1.15438e-06
8.0748e-07
4.52767e-07
2.82468e-07
1.44338e-06
1.02654e-06
5.85394e-07
3.39995e-07
1.14414e-06
9.4734e-07
7.59838e-07
6.59322e-07
1.62613e-06
1.36445e-06
1.10503e-06
9.58812e-07
2.37779e-06
2.00015e-06
1.61447e-06
1.39025e-06
3.03376e-06
2.54356e-06
2.03652e-06
1.73855e-06
1.51343e-06
1.08428e-06
6.2564e-07
3.59955e-07
1.39513e-06
9.99663e-07
5.75375e-07
3.31432e-07
1.25646e-06
9.28999e-07
5.76516e-07
3.88179e-07
1.16484e-06
8.99382e-07
6.21041e-07
4.97891e-07
1.01924e-06
7.79439e-07
5.88377e-07
5.97943e-07
8.09418e-07
5.83282e-07
3.89788e-07
3.60554e-07
7.83999e-07
5.0222e-07
2.39617e-07
1.43885e-07
9.8039e-07
6.08706e-07
2.52567e-07
9.66998e-08
3.85355e-06
2.88991e-06
1.88339e-06
1.29557e-06
3.83997e-06
2.81133e-06
1.72718e-06
1.08912e-06
4.10534e-06
2.98838e-06
1.80191e-06
1.09775e-06
4.50764e-06
3.33091e-06
2.07608e-06
1.32741e-06
5.87271e-06
5.02927e-06
4.1282e-06
3.57498e-06
6.54595e-06
5.53228e-06
4.43182e-06
3.74426e-06
7.67083e-06
6.37707e-06
4.95119e-06
4.04622e-06
8.71886e-06
7.16928e-06
5.44792e-06
4.3467e-06
9.19929e-06
7.52064e-06
5.65036e-06
4.45098e-06
9.92252e-06
8.01602e-06
5.87315e-06
4.48671e-06
1.13137e-05
9.05543e-06
6.50023e-06
4.83648e-06
1.26977e-05
1.01395e-05
7.23707e-06
5.34268e-06
1.7842e-05
1.52178e-05
1.22062e-05
1.02003e-05
2.01567e-05
1.70632e-05
1.34782e-05
1.10658e-05
2.40152e-05
2.01919e-05
1.57274e-05
1.27004e-05
2.75748e-05
2.31149e-05
1.78898e-05
1.43361e-05
