FiniteElementSpace
FiniteElementCollection: H1_2D_P2
VDim: 2
Ordering: 0

0
0.887644
1.78835
2.72302
3.69827
4.69801
5.70172
6.70073
7.696
0
1.06889
2.06852
3.00937
3.9342
4.87251
5.83292
6.81202
7.8027
0.443847
0.982057
0.539543
0
1.33492
1.93021
1.57832
2.25047
2.86498
2.54363
3.20617
3.81421
3.4714
4.19655
4.78385
4.40073
5.20023
5.76652
5.35
6.20188
6.75589
6.32056
7.19858
7.74895
7.30638
0.495433
1.45982
2.39715
3.33687
4.29686
5.27404
6.26061
7.25209
0.2225
0.473025
0.248745
0
1.11067
1.40056
1.22203
0.938101
2.01818
2.32561
2.16382
1.86189
2.96334
3.27178
3.10029
2.79497
3.94683
4.2461
4.05492
3.75598
4.94914
5.23633
5.02861
4.74015
5.95198
6.23063
6.01339
5.73338
6.94975
7.225
7.00389
6.72784
0.66553
0.739832
1.02427
0.806536
0.516129
0.26875
0
1.5607
1.69573
1.99767
1.82563
1.51761
1.32615
2.48539
2.63071
2.93552
2.7773
2.4686
2.30762
3.45126
3.57484
3.87342
3.70249
3.40285
3.24054
4.44705
4.53988
4.82825
4.63591
4.3485
4.16687
5.45112
5.52004
5.80006
5.59082
5.3123
5.11054
6.45146
6.50812
6.7842
6.56587
6.2909
6.0762
7.4473
7.7222
7.50045
7.77592
7.55435
7.27938
7.05889
0.23984
1.16965
2.09322
3.03241
4.00042
4.98807
5.982
6.97642
0.705789
0.772055
0.256911
1.63116
1.75909
1.27276
2.55943
2.70225
2.23395
3.51303
3.63762
3.16892
4.49276
4.5878
4.11037
5.4848
5.55576
5.06977
6.47925
6.53728
6.04513
7.47356
7.52754
7.03159
0.11305
0.23273
0.121311
0
0.999023
1.14131
1.05397
0.913998
1.90298
2.0565
1.97746
1.82605
2.84285
2.99814
2.91345
2.75939
3.82238
3.97351
3.87803
3.72708
4.82357
4.96834
4.86406
4.71884
5.82689
5.96676
5.85769
5.7173
6.82527
6.96295
6.85213
6.71413
0.554687
0.686724
0.589419
0.459488
0.617905
0.755875
0.644561
0.505659
0.124533
0.252773
0.12741
0
1.4476
1.59697
1.51588
1.36885
1.57798
1.72728
1.63875
1.48861
1.10233
1.24732
1.14898
1.0031
2.36759
2.52293
2.44232
2.2887
2.51387
2.66626
2.58551
2.43266
2.04709
2.1987
2.11606
1.96378
3.32844
3.48219
3.39218
3.23912
3.45568
3.60605
3.52012
3.36965
2.98249
3.13438
3.05217
2.90002
4.32172
4.46969
4.36932
4.22115
4.41824
4.56378
4.46801
4.32258
3.93441
4.08252
3.99175
3.84366
5.3257
5.4677
5.36055
5.21801
5.39698
5.53791
5.43392
5.29317
4.90614
5.04917
4.94888
4.80601
6.32671
6.46517
6.35494
6.21605
6.38433
6.52272
6.41402
6.27577
5.88991
6.02928
5.92251
5.7833
7.32295
7.46033
7.34928
7.21168
7.37625
7.514
7.40342
7.26574
6.87987
7.01775
6.90784
6.77006
0.333013
0.356625
0.484758
0.372371
0.24458
0
1.22262
1.28517
1.43065
1.34119
1.19633
0.960571
2.134
2.20926
2.36161
2.28049
2.12882
1.89642
3.08445
3.15186
3.30432
3.21842
3.06639
2.83007
4.07157
4.12312
4.27135
4.17575
4.02756
3.78501
5.0747
5.11217
5.25505
5.15125
5.0082
4.76186
6.07697
6.10632
6.24552
6.13696
5.99759
5.74983
7.07419
7.10071
7.23848
7.12797
6.99009
6.74179
0.776491
0.822037
0.861221
0.72331
0.898621
1.04603
0.93835
0.788786
0.673554
0.527345
0.38681
0.404662
0.26219
0.132275
0
1.67427
1.74648
1.81311
1.66387
1.87871
2.03241
1.94759
1.7917
1.70256
1.54734
1.39563
1.45286
1.29887
1.19817
2.60386
2.67697
2.74774
2.59523
2.8189
2.97185
2.89349
2.73912
2.6607
2.50543
2.35144
2.42596
2.27009
2.1885
3.57454
3.6343
3.69436
3.54388
3.75538
3.90357
3.81824
3.66971
3.58689
3.43669
3.2858
3.35597
3.2042
3.12502
4.57249
4.61638
4.66176
4.51618
4.70789
4.85045
4.75403
4.61187
4.51814
4.37455
4.22928
4.28364
4.13847
4.0504
5.57646
5.60908
5.64322
5.5023
5.67781
5.81665
5.71171
5.57344
5.47024
5.33129
5.19092
5.2301
5.09027
4.99134
6.57613
6.60355
6.63198
6.4936
6.66067
6.79822
6.68885
6.5517
6.44311
6.30587
6.16794
6.19826
6.06082
5.95442
7.57164
7.709
7.59785
7.73552
7.62468
7.48695
7.76244
7.65172
7.78937
7.67848
7.541
7.43031
7.29295
7.15544
7.18257
7.04533
6.93538
0.118935
1.02764
1.94108
2.87848
3.85012
4.84356
5.84205
6.83855
0.573092
0.631149
0.125949
1.48281
1.60825
1.12558
2.40555
2.54947
2.0814
3.36041
3.4877
3.0171
4.34533
4.44305
3.96294
5.34286
5.41545
4.92748
6.34063
6.39919
5.90622
7.33601
7.38984
6.89386
0.345976
0.364994
0.123135
1.25503
1.31365
1.07864
2.17236
2.24514
2.01261
3.11836
3.18515
2.94804
4.0972
4.14931
3.90612
5.09317
5.13157
4.88496
6.09143
6.12154
5.87369
7.08733
7.11428
6.86593
0.800359
0.842123
0.604175
0.87986
0.917957
0.658562
0.379464
0.395236
0.129152
1.71136
1.78019
1.54738
1.84576
1.91248
1.67001
1.36832
1.42364
1.17301
2.64087
2.71248
2.47829
2.78309
2.85557
2.62244
2.31576
2.38801
2.15159
3.60442
3.66426
3.4239
3.7247
3.78652
3.55311
3.25189
3.3204
3.08804
4.5942
4.63893
4.39365
4.68477
4.731
4.49305
4.20241
4.25636
4.02088
5.59252
5.62603
5.37863
5.66053
5.69492
5.45223
5.17107
5.21063
4.97021
6.58966
6.61768
6.36954
6.64634
6.67488
6.42869
6.15246
6.18324
5.93862
7.58465
7.61121
7.36271
7.63821
7.66516
7.41693
7.14171
7.16908
6.9217
0
-0.124629
-0.368619
-0.667026
-0.938103
-1.14281
-1.28877
-1.40317
-1.50827
1
0.873487
0.607276
0.305328
0.0448164
-0.14993
-0.291997
-0.406777
-0.51395
-0.0516951
0.391441
0.956861
0.5
-0.233904
0.125153
0.751653
-0.516805
-0.183799
0.454674
-0.809678
-0.453438
0.167221
-1.04913
-0.652479
-0.0605426
-1.22152
-0.793861
-0.225974
-1.34825
-0.906161
-0.351316
-1.45601
-1.01131
-0.460548
0.474984
0.270254
-0.0301504
-0.326764
-0.561716
-0.728605
-0.851993
-0.958718
-0.0307937
0.217457
0.498133
0.25
-0.175352
0.0205587
0.334729
0.13766
-0.441771
-0.27392
0.0479791
-0.120976
-0.739794
-0.569839
-0.257052
-0.426625
-0.995855
-0.807073
-0.509881
-0.697509
-1.18383
-0.97617
-0.692145
-0.899064
-1.31926
-1.10061
-0.823603
-1.0421
-1.42972
-1.20744
-0.932527
-1.15491
-0.0831011
0.438673
0.636779
0.921004
0.720941
0.978919
0.75
-0.298827
0.199807
0.368293
0.681335
0.514237
0.816358
-0.592319
-0.107821
0.0603755
0.37901
0.213056
0.531207
-0.87595
-0.392348
-0.206091
0.103906
-0.0810559
0.234511
-1.09803
-0.609141
-0.402891
-0.107094
-0.31301
-0.00997366
-1.25634
-0.762349
-0.543877
-0.260024
-0.478625
-0.189419
-1.37611
-0.879406
-0.656789
-0.379376
-0.602252
-0.322302
-1.48219
-1.25978
-0.9849
-0.762663
-0.487279
-0.709756
-0.433766
0.241273
0.0830005
-0.196795
-0.499878
-0.754585
-0.939257
-1.07206
-1.18128
0.182926
0.684608
0.744137
-0.0479878
0.44327
0.579365
-0.350948
0.135772
0.291029
-0.635858
-0.145806
-0.0121524
-0.855134
-0.359929
-0.261803
-1.01029
-0.512327
-0.442305
-1.12811
-0.62984
-0.573717
-1.23357
-0.736148
-0.683358
-0.0192957
0.10712
0.24772
0.125
-0.148931
-0.0453636
0.111402
0.00761327
-0.404873
-0.319368
-0.158625
-0.244713
-0.703734
-0.620273
-0.463611
-0.547217
-0.967558
-0.875669
-0.726623
-0.818272
-1.16377
-1.06185
-0.9196
-1.02129
-1.30423
-1.1958
-1.05728
-1.16561
-1.41649
-1.30553
-1.16814
-1.27909
-0.0661314
0.0512634
0.201584
0.0842719
0.458275
0.562852
0.704322
0.599323
0.50208
0.622416
0.749231
0.625
-0.265665
-0.173115
-0.013055
-0.106135
0.235665
0.322152
0.479366
0.393016
0.364164
0.457969
0.609154
0.515177
-0.554597
-0.471954
-0.312525
-0.395582
-0.0691197
0.0139779
0.174249
0.0915956
0.0867834
0.169799
0.329844
0.247176
-0.843324
-0.756375
-0.603371
-0.690221
-0.360094
-0.269452
-0.11397
-0.204223
-0.220816
-0.13483
0.0237036
-0.0618341
-1.07413
-0.976973
-0.831641
-0.928524
-0.585959
-0.484955
-0.336985
-0.437798
-0.482237
-0.386276
-0.234514
-0.330179
-1.23926
-1.13354
-0.993547
-1.09911
-0.745786
-0.63761
-0.495774
-0.603931
-0.672741
-0.567582
-0.423012
-0.528078
-1.36229
-1.25219
-1.11447
-1.22453
-0.865802
-0.754735
-0.616144
-0.72727
-0.808927
-0.698846
-0.558985
-0.669098
-1.4691
-1.35789
-1.2205
-1.33173
-0.971802
-0.860535
-0.722945
-0.834269
-0.91938
-0.807998
-0.670108
-0.781557
-0.039883
0.23065
0.347726
0.488343
0.371198
0.375
-0.203743
0.0526462
0.146067
0.303349
0.209722
0.2656
-0.47915
-0.235281
-0.152046
0.00894566
-0.0742773
0.00238023
-0.775168
-0.535313
-0.448659
-0.292386
-0.378767
-0.305438
-1.02307
-0.781395
-0.684804
-0.536361
-0.632651
-0.575887
-1.20307
-0.958093
-0.852676
-0.710744
-0.816028
-0.776133
-1.33392
-1.08649
-0.976433
-0.837943
-0.948
-0.918187
-1.44288
-1.19437
-1.08311
-0.945634
-1.05695
-1.03061
-0.102649
0.161552
0.416342
0.312037
0.662009
0.75623
0.898609
0.803992
0.940557
0.84006
0.734273
0.969845
0.862871
0.987767
0.875
-0.333212
-0.0840259
0.1629
0.0763793
0.406171
0.488367
0.644654
0.563038
0.717077
0.633818
0.547647
0.78484
0.698854
0.846016
-0.629864
-0.389023
-0.146086
-0.229514
0.0977735
0.182766
0.341843
0.257465
0.416641
0.334109
0.252039
0.492894
0.411534
0.569379
-0.907585
-0.667246
-0.423463
-0.514497
-0.176513
-0.0811239
0.0738138
-0.0213806
0.135034
0.0427389
-0.0470916
0.200378
0.110952
0.269498
-1.12093
-0.877592
-0.631294
-0.732527
-0.381879
-0.276864
-0.128958
-0.234003
-0.0843084
-0.187289
-0.287955
-0.0357822
-0.136401
0.016877
-1.27282
-1.02645
-0.778355
-0.886567
-0.528343
-0.418181
-0.276242
-0.386473
-0.243284
-0.352652
-0.460821
-0.208037
-0.316268
-0.170069
-1.38972
-1.14158
-0.892849
-1.00386
-0.643378
-0.531859
-0.393139
-0.504718
-0.365442
-0.476933
-0.588125
-0.336945
-0.448203
-0.307331
-1.49525
-1.384
-1.24666
-1.13557
-0.998065
-1.10924
-0.887012
-0.749383
-0.638295
-0.500623
-0.61173
-0.473908
-0.585179
-0.696568
-0.447168
-0.558611
-0.420305
0.11672
-0.0178093
-0.281752
-0.584085
-0.847545
-1.04202
-1.18092
-1.29235
0.0691226
0.582588
0.626525
-0.138947
0.358208
0.487653
-0.433831
0.0526364
0.208687
-0.723811
-0.237378
-0.0987331
-0.953289
-0.461901
-0.358802
-1.11665
-0.621074
-0.548253
-1.23847
-0.741102
-0.684163
-1.34481
-0.847395
-0.794811
0.0968991
0.361113
0.375907
-0.0748751
0.178756
0.238736
-0.357369
-0.11311
-0.0357119
-0.655688
-0.414181
-0.342479
-0.902664
-0.659292
-0.604846
-1.08087
-0.834727
-0.796515
-1.21033
-0.962365
-0.933293
-1.31865
-1.07004
-1.04382
0.0306801
0.290092
0.331297
0.540314
0.781445
0.823618
0.612697
0.853219
0.869936
-0.208433
0.0398159
0.111869
0.285069
0.526074
0.599027
0.426344
0.667175
0.728627
-0.509798
-0.267734
-0.190894
-0.0242172
0.219804
0.295606
0.130711
0.3728
0.450113
-0.787881
-0.545759
-0.482109
-0.300385
-0.051809
0.0101445
-0.170011
0.0763579
0.146445
-0.999629
-0.754819
-0.7092
-0.506994
-0.255891
-0.211149
-0.412595
-0.162382
-0.109319
-1.14984
-0.902631
-0.869935
-0.653599
-0.402563
-0.369854
-0.58612
-0.334808
-0.296971
-1.26571
-1.0173
-0.990251
-0.76821
-0.518351
-0.490923
-0.7132
-0.462706
-0.433377
-1.37095
-1.12237
-1.09617
-0.873736
-0.62501
-0.598449
-0.821144
-0.571906
-0.545269
