FiniteElementSpace
FiniteElementCollection: H1_2D_P2
VDim: 2
Ordering: 0

0
-0.000640873
0.00274145
0.00365743
-0.00165111
-0.0104185
-0.0146739
-0.00892762
0.00361596
0
0.00196201
0.00338316
0.00160946
-0.00547869
-0.0133496
-0.0131799
-0.00263303
0.0113463
-0.00107315
0.000463927
0.00102484
0
0.000956
0.00339121
0.002837
0.0038602
0.00320345
0.00312693
0.00178594
-0.00340366
-0.0013597
-0.00605086
-0.0125254
-0.00988594
-0.013616
-0.0149185
-0.0146801
-0.0130741
-0.00634396
-0.00890673
-0.00297811
0.00738812
0.00446344
-0.000307648
0.00197224
0.00400606
0.000666448
-0.00821016
-0.0150654
-0.0118441
0.000502026
-0.000641521
-0.000626875
-0.0002006
0
7.32525e-05
0.00150158
0.00118187
-6.47689e-05
0.0034305
0.00405007
0.00384152
0.00314373
0.00293566
0.00132055
0.00215327
0.00356089
-0.00378601
-0.00725691
-0.00578514
-0.00252604
-0.0122318
-0.0146352
-0.0140875
-0.0117131
-0.014215
-0.0126339
-0.0137324
-0.0150623
-0.00611129
-0.00122719
-0.00300802
-0.00770131
-0.00105624
-7.15608e-05
0.00108526
0.00149619
8.1756e-05
0.000557162
0
0.00188289
0.00273877
0.00348828
0.00317832
0.00241679
0.00241691
0.00395477
0.00381164
0.00257832
0.00254709
0.00372153
0.00338724
0.000236687
-0.00121347
-0.00435187
-0.00331706
-0.000198
0.000300911
-0.00831007
-0.0105133
-0.0130303
-0.0118168
-0.00904386
-0.00771866
-0.0144581
-0.0153606
-0.014299
-0.014299
-0.0150574
-0.0143411
-0.0112862
-0.0093399
-0.00470621
-0.00595089
-0.0106409
-0.0113558
0.000312608
0.00551661
0.00402263
0.00933559
0.00796098
0.00236501
0.000889704
-0.000334107
0.00065294
0.00373479
0.00266411
-0.00484635
-0.0134373
-0.0141996
-0.00458011
-0.000528585
0.000496736
-6.43922e-05
0.00236677
0.00301992
0.00174976
0.00401181
0.00334776
0.00374676
-0.000434046
-0.00214232
0.00139227
-0.00960048
-0.0112089
-0.00670273
-0.0151996
-0.0150519
-0.0143549
-0.0104321
-0.00789506
-0.0128093
0.0021941
0.00592358
-0.00123103
-0.000234171
-0.000451538
-0.000112851
0
-0.000312409
0.000375264
0.000270381
-0.000339478
0.00311573
0.00360878
0.00346862
0.00296374
0.00335325
0.00283166
0.00316884
0.0036437
-0.00269378
-0.00433653
-0.00366618
-0.00209056
-0.0113719
-0.012918
-0.0126324
-0.0111393
-0.0145323
-0.0142673
-0.0147206
-0.0149423
-0.00756838
-0.00533978
-0.00617989
-0.00832213
-0.00111907
-0.000775632
-0.000628495
-0.0008263
-0.000233478
0.000184664
0.00026098
-0.000141203
-7.23739e-05
-0.000145611
-2.00526e-05
0
0.00142313
0.00214147
0.00193911
0.00124221
0.00236378
0.00289117
0.00272987
0.00219634
0.000807095
0.00145651
0.00141226
0.000754194
0.00395647
0.00401715
0.00407944
0.00398584
0.00395708
0.00361546
0.00358098
0.00389649
0.00364656
0.00382163
0.00364769
0.00346019
0.00105998
-8.52287e-05
0.000490371
0.00157808
-0.000229317
-0.00165462
-0.00113076
0.000264293
0.00273343
0.00180729
0.00203699
0.0029273
-0.00719039
-0.00901361
-0.00844736
-0.00669375
-0.00938756
-0.0108799
-0.0101589
-0.00863415
-0.00457957
-0.00623979
-0.00551856
-0.00386329
-0.0141126
-0.0149126
-0.015001
-0.0142126
-0.0153019
-0.0152619
-0.0151465
-0.0151106
-0.0133712
-0.0142616
-0.0137632
-0.0128079
-0.0122587
-0.0108836
-0.0116062
-0.0128966
-0.0106613
-0.00866959
-0.00933209
-0.0113001
-0.014416
-0.013331
-0.0136433
-0.0146682
-0.00133961
0.0012699
0.000484473
-0.00208808
0.00227027
0.00495784
0.00415737
0.00140914
-0.00470824
-0.00215386
-0.00299409
-0.00556913
-0.000922021
-0.00052555
-0.000461453
-0.000288837
-0.000263146
0
0.000502987
0.00106855
0.00174294
0.00157387
0.000918526
0.000198105
0.00368582
0.00393233
0.00405627
0.0039639
0.00381184
0.00328552
0.00241558
0.0020464
0.00101695
0.00146193
0.00243764
0.00341355
-0.00491014
-0.00605016
-0.00775618
-0.00700246
-0.00532475
-0.00296097
-0.0129866
-0.0141088
-0.0149122
-0.0146558
-0.0138188
-0.0121667
-0.0137306
-0.0135009
-0.012286
-0.0128707
-0.0140215
-0.0150517
-0.0045735
-0.00292246
-0.000370974
-0.00126452
-0.00381068
-0.00704902
-0.000894243
-0.000335916
0.0001659
-0.00030032
0.000775477
0.00148392
0.00172996
0.000921146
0.00126301
0.000443325
-2.72522e-05
0.000793908
0.000115468
0.000280628
0
0.00232959
0.00277283
0.00308438
0.00256472
0.00327481
0.00346678
0.00330013
0.00311901
0.0030194
0.00263249
0.00208631
0.00263257
0.00206998
0.00219126
0.00386072
0.00384061
0.00356109
0.0039427
0.00301393
0.0021444
0.00212508
0.00299686
0.00287959
0.00347002
0.00377321
0.00329292
0.00360665
0.00341294
-0.00066871
-0.00144446
-0.00227701
-0.000808813
-0.00322101
-0.00488471
-0.00437733
-0.00269083
-0.00230395
-0.000733763
0.000645124
-0.000485989
0.000895623
0.00100256
-0.00939299
-0.0106956
-0.0115657
-0.0100928
-0.0121725
-0.0132074
-0.0126439
-0.0115167
-0.0108915
-0.00945598
-0.00788466
-0.00882065
-0.0071902
-0.00659618
-0.0146502
-0.0152204
-0.0152323
-0.0153436
-0.0147691
-0.0138067
-0.0138347
-0.0147326
-0.0145857
-0.0149137
-0.0147901
-0.0146008
-0.0143794
-0.0139233
-0.0101728
-0.00912458
-0.00789407
-0.00992293
-0.00634636
-0.00373381
-0.00432873
-0.00699591
-0.00748579
-0.00984985
-0.0118041
-0.0102058
-0.0121564
-0.0123556
0.00197537
0.00458334
0.00387858
0.00644874
0.00573306
0.00310666
0.00834821
0.00764997
0.0103368
0.00966796
0.006926
0.00622961
0.00338204
0.000561912
0.0026801
-0.000220729
-0.000887542
-0.000148829
-8.602e-06
0.00331544
0.00329408
-0.00319116
-0.012081
-0.0146934
-0.00687457
-0.000853909
-1.53479e-05
-5.75437e-05
0.00169573
0.00255379
0.00109462
0.00404994
0.00380351
0.00367128
0.000794331
-0.000653182
0.00242092
-0.00786819
-0.00978617
-0.00503966
-0.0146424
-0.0152767
-0.0136025
-0.0119656
-0.0100518
-0.0140896
-0.000412097
0.00319415
-0.00389048
-0.000695386
-0.000399968
-9.18977e-05
0.000798146
0.00132455
0.00053818
0.00383714
0.00397413
0.00357845
0.00225925
0.00178064
0.00298155
-0.00551036
-0.00654212
-0.00412531
-0.0136333
-0.0144419
-0.0130541
-0.0136667
-0.0132373
-0.014627
-0.00373744
-0.00210584
-0.00546542
-0.000600178
-8.63737e-05
-0.000428835
0.000445732
0.00119558
0.0006669
-0.000182028
0.000261284
2.11962e-05
0.00256971
0.00294354
0.0021603
0.00319589
0.0033135
0.00288804
0.00182641
0.00235636
0.00177613
0.00388465
0.00373223
0.00404799
0.00332385
0.00261957
0.00327814
0.00389887
0.00357615
0.00356614
-0.00105083
-0.00185111
0.000149985
-0.00272999
-0.00376467
-0.0016756
0.00108604
0.000126469
0.0015695
-0.0101105
-0.0111726
-0.00894683
-0.0118936
-0.0124185
-0.0105225
-0.007445
-0.00833795
-0.00603197
-0.0150143
-0.0152891
-0.0152146
-0.0150584
-0.0143635
-0.0149165
-0.0147678
-0.014733
-0.0138672
-0.00966432
-0.00854093
-0.0111759
-0.0071685
-0.00540639
-0.00848348
-0.0123966
-0.0110797
-0.0130696
0.00294226
0.00480442
0.00137245
0.00667828
0.00864824
0.00516921
-0.00038062
0.00157937
-0.00199841
0
-0.00572009
-0.00903435
-0.00778781
-0.00403911
-0.00214264
-0.00594916
-0.0149133
-0.0239012
0
-0.00316628
-0.00701077
-0.0100193
-0.0102348
-0.00637839
-0.00219631
-0.00375582
-0.0108726
-0.00290925
-0.00463058
-0.00127395
0
-0.00794146
-0.00832205
-0.00512027
-0.00892718
-0.00912681
-0.00871277
-0.00598348
-0.00721391
-0.0106284
-0.00256219
-0.00399667
-0.00872604
-0.00322309
-0.00353126
-0.00389446
-0.0100599
-0.00901952
-0.00205492
-0.0197075
-0.0174039
-0.00697158
-0.00197941
-0.00682407
-0.00908773
-0.00847274
-0.00557457
-0.00311034
-0.00556704
-0.0132362
-0.00162783
-0.00239423
-0.000774862
0
-0.00695419
-0.00736479
-0.00580868
-0.00513539
-0.00912519
-0.00903594
-0.00879674
-0.00867931
-0.0069389
-0.00735451
-0.0088829
-0.00853044
-0.00320358
-0.0042145
-0.00641976
-0.00578766
-0.0024776
-0.00312165
-0.00342483
-0.0031395
-0.00786426
-0.0076046
-0.004347
-0.0045878
-0.0173643
-0.0163557
-0.0110836
-0.011772
-0.00432413
-0.00332515
-0.0040681
-0.0021992
-0.00164596
-0.000506283
0
-0.00864009
-0.00766372
-0.00782127
-0.00607998
-0.00615412
-0.00414496
-0.00846794
-0.0091967
-0.00960875
-0.00943258
-0.00900504
-0.0078958
-0.00499172
-0.00790929
-0.00860621
-0.0105711
-0.00950741
-0.0104319
-0.00218739
-0.00474141
-0.00498733
-0.00762192
-0.00697557
-0.00961324
-0.00438661
-0.00312767
-0.00273249
-0.00289081
-0.00331635
-0.005097
-0.0124441
-0.00714892
-0.00642094
-0.00268144
-0.00376291
-0.00189905
-0.0218836
-0.0206241
-0.0153773
-0.0141844
-0.00889634
-0.0101716
-0.00521722
-0.00112108
-0.00635273
-0.00897385
-0.00801094
-0.00497298
-0.00296582
-0.00591671
-0.0140623
-0.00377666
-0.00288187
-0.000515696
-0.00814341
-0.00704333
-0.0051609
-0.00888103
-0.00938682
-0.00847882
-0.00659873
-0.00915818
-0.00965413
-0.00357942
-0.00598964
-0.00786689
-0.00365437
-0.00284586
-0.00406254
-0.00958584
-0.00491065
-0.00303122
-0.0185617
-0.0121995
-0.00820949
-0.000942946
-0.00135307
-0.000565014
0
-0.00636606
-0.00663862
-0.00576736
-0.00541183
-0.0091188
-0.00904629
-0.00885654
-0.0088493
-0.00738211
-0.00750666
-0.00828975
-0.00817985
-0.00360241
-0.00414935
-0.00537701
-0.00497239
-0.00225987
-0.00273699
-0.00301542
-0.00267483
-0.00686533
-0.00683353
-0.00520477
-0.00522524
-0.0161473
-0.0156599
-0.0129106
-0.0132793
-0.00360744
-0.00403514
-0.00307968
-0.00263899
-0.00264993
-0.00311032
-0.00226347
-0.00180627
-0.000331268
-0.000638133
-0.000154869
0
-0.00833019
-0.00838116
-0.00778446
-0.00764019
-0.00726594
-0.00738223
-0.00661146
-0.00651727
-0.0052382
-0.00550997
-0.00462563
-0.0043676
-0.00872956
-0.00868536
-0.00898441
-0.00898439
-0.00916443
-0.00930934
-0.0092145
-0.00906829
-0.00858207
-0.00866308
-0.00816522
-0.00809928
-0.00548851
-0.00584764
-0.00698617
-0.00671178
-0.0082087
-0.00852773
-0.00935827
-0.00899053
-0.00902579
-0.00927519
-0.00965426
-0.00938022
-0.00233737
-0.00293172
-0.00387711
-0.00344595
-0.00515199
-0.00533618
-0.00649
-0.00625063
-0.00682632
-0.00712461
-0.00825821
-0.00789758
-0.00375222
-0.0039951
-0.00333922
-0.0031672
-0.00307406
-0.00295201
-0.00304119
-0.00317728
-0.00368405
-0.00370823
-0.00450904
-0.00445887
-0.0112338
-0.0109476
-0.00856384
-0.00876703
-0.00631704
-0.00601681
-0.00428752
-0.0046449
-0.00388784
-0.00366265
-0.00282839
-0.00310037
-0.0208201
-0.0201996
-0.0174742
-0.0179927
-0.0143137
-0.0137968
-0.0111834
-0.0117085
-0.0100338
-0.00964646
-0.00728668
-0.00771421
-0.00224515
-0.00173445
-0.0021758
-0.00134745
-0.000935866
0
-0.00748413
-0.00688715
-0.00709822
-0.00633738
-0.00608109
-0.00487906
-0.00906252
-0.00903323
-0.00907417
-0.00896478
-0.00889554
-0.00850901
-0.00647145
-0.00769739
-0.00793498
-0.00869754
-0.00846644
-0.00884578
-0.0028543
-0.00458254
-0.00490871
-0.00599983
-0.00571523
-0.00652225
-0.00279733
-0.0029995
-0.003097
-0.00323083
-0.00318547
-0.00356736
-0.00893117
-0.00671956
-0.00654714
-0.00490884
-0.00509427
-0.00402591
-0.0185549
-0.0152144
-0.0147781
-0.0121552
-0.0125472
-0.0103634
-0.00503651
-0.00446847
-0.00398993
-0.00354254
-0.00348429
-0.00368425
-0.00267841
-0.0025949
-0.00172798
-0.00147583
-0.0010586
-0.000865525
-0.000464542
-0.000217503
0
-0.00887732
-0.00844205
-0.00801543
-0.00790987
-0.00744617
-0.00746613
-0.00654862
-0.00661885
-0.0056013
-0.00570013
-0.00566934
-0.00463216
-0.00471999
-0.00365358
-0.00815396
-0.00872855
-0.00918346
-0.00905353
-0.00951845
-0.0098205
-0.00974533
-0.00942913
-0.00908679
-0.00889011
-0.00875865
-0.00831389
-0.00822878
-0.00745928
-0.00450646
-0.0061968
-0.00757601
-0.00727618
-0.00890689
-0.00937504
-0.0104398
-0.00983083
-0.0106345
-0.0100471
-0.00960539
-0.0105606
-0.0100359
-0.0102507
-0.00212017
-0.00333068
-0.00435297
-0.00416793
-0.00548499
-0.00561644
-0.00701118
-0.00673987
-0.00819695
-0.00778879
-0.00743715
-0.00920104
-0.00868502
-0.00995998
-0.00511914
-0.00407104
-0.00327938
-0.00336381
-0.00274055
-0.00242968
-0.00249657
-0.00282116
-0.00335847
-0.0035485
-0.00366092
-0.00447664
-0.00451637
-0.00573423
-0.0136741
-0.0106595
-0.00805387
-0.00833053
-0.00562526
-0.00510964
-0.00316495
-0.0038054
-0.00230855
-0.0029038
-0.00334334
-0.00191651
-0.00244482
-0.00199158
-0.0229108
-0.0222502
-0.0196107
-0.0190053
-0.0164109
-0.0169593
-0.0158022
-0.0132057
-0.012548
-0.0098862
-0.0105706
-0.00792262
-0.00860079
-0.00917569
-0.00606548
-0.00674189
-0.00444332
-0.000718547
-0.00605108
-0.00898193
-0.00786176
-0.00455011
-0.00266262
-0.00598473
-0.0144699
-0.00332956
-0.00245685
-0.000236443
-0.00804537
-0.00696736
-0.00495419
-0.00886334
-0.00920928
-0.00840022
-0.00628488
-0.00878069
-0.00934961
-0.00316078
-0.005794
-0.0075266
-0.00353056
-0.00302207
-0.00406212
-0.00983203
-0.00528576
-0.00332901
-0.019116
-0.012755
-0.00865736
-0.00197606
-0.00152859
-0.000439865
-0.00717156
-0.00661444
-0.0055011
-0.00904723
-0.00901021
-0.00872852
-0.00712142
-0.00821793
-0.00867608
-0.00377827
-0.00530793
-0.00612204
-0.00290377
-0.00310072
-0.00334452
-0.00776392
-0.00577576
-0.00451043
-0.0168379
-0.0136629
-0.011443
-0.00473666
-0.00422306
-0.00285487
-0.0037502
-0.00314403
-0.00203345
-0.00119332
-0.000944424
-0.000110666
-0.00865036
-0.00823603
-0.00753028
-0.00775911
-0.0070514
-0.00616686
-0.00603039
-0.00521627
-0.00420761
-0.00845657
-0.00897184
-0.00908783
-0.00936601
-0.0096448
-0.00917603
-0.00888542
-0.00857279
-0.00785831
-0.0054075
-0.00690839
-0.0076193
-0.00823217
-0.00963334
-0.00996871
-0.00915503
-0.0100688
-0.00995197
-0.00276702
-0.00384538
-0.00452561
-0.00488762
-0.00618171
-0.00727921
-0.00669683
-0.0082602
-0.00905846
-0.00456071
-0.00364459
-0.00318342
-0.0029767
-0.0025778
-0.00314788
-0.00340997
-0.00400862
-0.00505662
-0.0121009
-0.00932183
-0.00740237
-0.00683016
-0.00441096
-0.0033006
-0.00410275
-0.00261757
-0.00238275
-0.0212434
-0.0180025
-0.01588
-0.0148172
-0.0115651
-0.00957892
-0.0106677
-0.00765004
-0.00589053
