FiniteElementSpace
FiniteElementCollection: L2_2D_P3
VDim: 1
Ordering: 0

0.0510031
0.0375679
0.0477662
0.0586592
0.0264381
0.0242626
0.0365551
0.0492353
0.0109528
0.01345
0.0244291
0.0357074
0.00679378
0.00890623
0.0169439
0.0250605
0.0246208
0.0228801
0.0209506
0.0197233
0.0204562
0.0189671
0.0173333
0.0163073
0.0155768
0.0143938
0.0131175
0.0123341
0.0123198
0.0113559
0.0103297
0.00971201
0.00744884
0.00678474
0.0059924
0.00543968
0.00610503
0.00555462
0.00490507
0.00445732
0.00458853
0.00417203
0.00369034
0.00336589
0.00362845
0.00330134
0.00293144
0.00268901
0.00129508
0.00112101
0.000913755
0.000769994
0.00109381
0.000950468
0.000781409
0.000665317
0.00088834
0.000779326
0.000653208
0.000568435
0.000777224
0.000689298
0.000589959
0.000524996
2.50295e-05
1.36053e-05
4.18243e-06
1.1156e-06
3.84299e-05
2.5947e-05
1.44869e-05
9.29951e-06
6.54913e-05
5.15339e-05
3.76434e-05
3.01253e-05
9.22985e-05
7.69067e-05
6.10879e-05
5.19803e-05
7.77842e-05
8.29195e-05
8.97078e-05
9.49573e-05
4.61322e-05
4.96224e-05
5.43217e-05
5.80109e-05
2.03136e-05
2.17311e-05
2.38727e-05
2.57048e-05
1.03602e-05
1.02587e-05
1.06059e-05
1.11941e-05
7.54229e-05
6.96198e-05
6.23517e-05
5.70336e-05
4.95406e-05
4.59143e-05
4.14241e-05
3.81922e-05
2.59503e-05
2.44115e-05
2.26169e-05
2.14338e-05
1.47795e-05
1.43492e-05
1.40163e-05
1.39663e-05
6.47974e-06
4.74683e-06
2.94466e-06
1.90892e-06
5.58742e-06
4.30059e-06
3.00406e-06
2.29143e-06
5.87536e-06
4.92801e-06
4.02127e-06
3.56057e-06
7.18555e-06
6.31352e-06
5.4965e-06
5.09551e-06
0.0362847
0.0345708
0.0328975
0.0320286
0.0310817
0.0293965
0.027722
0.0268224
0.0246977
0.0231233
0.021534
0.0206538
0.0202207
0.0187805
0.0173105
0.01648
0.00467553
0.00426169
0.00385949
0.00365254
0.0026292
0.00242235
0.00224499
0.00217328
0.00233129
0.00227627
0.00217088
0.00206798
0.00437736
0.00432961
0.00407821
0.00376324
0.000824483
0.000437723
0.00172725
0.00313506
0.00102121
0.000180829
0.000513748
0.0012677
0.00139532
0.000577888
0.000626511
0.00109303
0.00284927
0.0019625
0.00229497
0.00303898
0.0142469
0.0131202
0.0118096
0.010922
0.011726
0.0107793
0.0096905
0.00896257
0.00881917
0.0080885
0.00726466
0.00672693
0.00692382
0.00634222
0.0056991
0.0052899
0.00168252
0.001552
0.00143493
0.00138299
0.00125813
0.00117395
0.00110322
0.00107628
0.0014532
0.00136947
0.00128201
0.0012306
0.00226145
0.00212164
0.00194923
0.00182607
0.00274843
0.00251279
0.00229801
0.0021992
0.00180335
0.00167408
0.00156963
0.00153281
0.00195069
0.00187285
0.00178973
0.00173746
0.00335834
0.00322632
0.00303281
0.00287205
0.00343389
0.003072
0.00263657
0.00233026
0.00282782
0.00253063
0.00217669
0.00193042
0.00216522
0.00194239
0.00168225
0.00150524
0.00176427
0.00158927
0.0013898
0.00125782
0.000687913
0.000637926
0.000591796
0.000569862
0.000572017
0.000530296
0.000492924
0.000476301
0.00057037
0.000521605
0.000474011
0.000448973
0.000690033
0.000621134
0.00054783
0.000503709
0.00107127
0.000992948
0.000922306
0.000890493
0.000864486
0.000805154
0.000753506
0.000732127
0.000956351
0.000886911
0.000816776
0.000777801
0.00133024
0.00122267
0.00110068
0.0010211
0.000330315
0.000264925
0.000190682
0.000142241
0.000304587
0.000248694
0.00018558
0.000144604
0.000291569
0.000245827
0.000194849
0.000162191
0.000297273
0.000257175
0.00021323
0.000185595
0.000256559
0.000234876
0.000213251
0.000201235
0.000216769
0.000198814
0.00018176
0.000173048
0.000172811
0.000157488
0.00014394
0.000138003
0.000145408
0.000130401
0.000117702
0.000112778
0.00043227
0.000399308
0.000367783
0.000351605
0.000361322
0.000333159
0.000307227
0.000294881
0.000316158
0.000286647
0.000258991
0.000245419
0.000318784
0.000282209
0.000246118
0.000226732
1.6881e-05
2.34621e-05
3.39017e-05
4.32683e-05
1.03322e-05
1.33432e-05
1.89528e-05
2.44633e-05
1.35201e-05
1.23772e-05
1.25167e-05
1.37603e-05
2.30421e-05
1.9e-05
1.54891e-05
1.4003e-05
6.31583e-05
5.59484e-05
4.82779e-05
4.35473e-05
6.77835e-05
6.22392e-05
5.66131e-05
5.33654e-05
7.69063e-05
7.40971e-05
7.19443e-05
7.13059e-05
8.67704e-05
8.6478e-05
8.76033e-05
8.94874e-05
0.000137425
0.000123965
0.000109997
0.0001017
0.000123278
0.000112693
0.000102279
9.65715e-05
0.000104529
9.77472e-05
9.22421e-05
9.02838e-05
9.03356e-05
8.65246e-05
8.50298e-05
8.627e-05
0.00010147
9.96084e-05
9.70328e-05
9.49601e-05
6.38851e-05
6.30502e-05
6.18573e-05
6.08819e-05
2.9687e-05
2.96575e-05
2.96177e-05
2.96071e-05
1.32562e-05
1.3517e-05
1.39757e-05
1.44372e-05
1.37857e-05
1.34122e-05
1.33134e-05
1.35506e-05
2.82914e-05
2.74122e-05
2.66629e-05
2.6409e-05
5.55477e-05
5.38081e-05
5.19553e-05
5.08694e-05
8.31112e-05
8.0538e-05
7.76212e-05
7.57359e-05
2.53681e-05
2.25802e-05
1.97039e-05
1.80265e-05
3.9376e-05
3.69673e-05
3.45349e-05
3.31657e-05
6.50189e-05
6.33596e-05
6.18546e-05
6.11657e-05
9.07477e-05
8.98367e-05
8.92886e-05
8.93226e-05
3.32159e-05
2.84123e-05
2.27532e-05
1.88882e-05
2.31505e-05
1.99525e-05
1.62742e-05
1.384e-05
1.4884e-05
1.32208e-05
1.14512e-05
1.04078e-05
1.19721e-05
1.11016e-05
1.03291e-05
1.00211e-05
1.7572e-05
1.70371e-05
1.66999e-05
1.67219e-05
2.19008e-05
2.07918e-05
1.97476e-05
1.92596e-05
3.04601e-05
2.82349e-05
2.58183e-05
2.43422e-05
3.9299e-05
3.59273e-05
3.21028e-05
2.96146e-05
1.53467e-05
1.54918e-05
1.60164e-05
1.67045e-05
2.51434e-05
2.45129e-05
2.40639e-05
2.40336e-05
4.40487e-05
4.19745e-05
3.97114e-05
3.83412e-05
6.33845e-05
5.98574e-05
5.57686e-05
5.30496e-05
2.49478e-07
1.6704e-07
1.5944e-07
2.21263e-07
6.78205e-07
4.70488e-07
3.0499e-07
2.44208e-07
1.52239e-06
1.10469e-06
7.07079e-07
4.94381e-07
2.37974e-06
1.74373e-06
1.12874e-06
7.98258e-07
4.44008e-06
3.26524e-06
2.06645e-06
1.37213e-06
4.44815e-06
3.2649e-06
2.05108e-06
1.34545e-06
4.46794e-06
3.26576e-06
2.02579e-06
1.30324e-06
4.47895e-06
3.25862e-06
1.99831e-06
1.26525e-06
1.34583e-05
1.21257e-05
1.07286e-05
9.89374e-06
1.44027e-05
1.28538e-05
1.12011e-05
1.01915e-05
1.63306e-05
1.4342e-05
1.21725e-05
1.08121e-05
1.83312e-05
1.58817e-05
1.31743e-05
1.14518e-05
0.0450907
0.0414706
0.0380693
0.036241
0.0388275
0.0359579
0.0329986
0.031293
0.0305296
0.0285382
0.0264784
0.025302
0.0240764
0.0229118
0.0217282
0.0211149
0.0205502
0.0198071
0.0191951
0.0188607
0.0145551
0.0142393
0.0141252
0.0142153
0.00851923
0.00855279
0.00876907
0.00904906
0.0052627
0.00547576
0.00579482
0.00600977
0.00513013
0.00664088
0.0137619
0.0207283
0.00276174
0.00383721
0.00913312
0.0145029
0.00122456
0.00157783
0.00465635
0.00803629
0.000820562
0.00065462
0.0023419
0.00441763
0.018977
0.0175523
0.0159286
0.0148567
0.0156826
0.0144761
0.0131163
0.0122303
0.0118519
0.0109089
0.00986598
0.00920254
0.00932404
0.00856585
0.00774139
0.00722909
0.00808166
0.00741407
0.00669656
0.00625767
0.00591448
0.00540901
0.00488416
0.00457799
0.00372538
0.00339916
0.00308014
0.00291088
0.00262087
0.00239984
0.00219402
0.00209483
0.0107208
0.00986277
0.00895817
0.00842098
0.00788492
0.00721998
0.00654233
0.00615891
0.00495404
0.00451388
0.00408856
0.00386788
0.00341843
0.00311993
0.00284133
0.00270649
0.00515455
0.0046586
0.00406315
0.00364499
0.00422803
0.00381923
0.00333358
0.0029964
0.00319697
0.00288961
0.00253174
0.00228884
0.00255679
0.00231594
0.00204199
0.00186114
0.00224149
0.00203367
0.00180042
0.00164893
0.00170438
0.0015518
0.00138622
0.00128322
0.00119737
0.00109855
0.00099857
0.000942404
0.000970772
0.000897351
0.000828019
0.000793565
0.00315692
0.00287423
0.00255882
0.0023555
0.00235532
0.00214794
0.00192432
0.00178638
0.00158755
0.00145544
0.0013226
0.00124873
0.00123514
0.00114038
0.00105151
0.00100801
0.000702008
0.000590447
0.00045978
0.000370992
0.000611069
0.000518157
0.000410248
0.000337577
0.000527383
0.000454938
0.000372284
0.0003177
0.000491014
0.000430715
0.000363406
0.000320063
0.000468747
0.000414754
0.000355042
0.000317001
0.000419147
0.000375918
0.000329236
0.000300353
0.000374939
0.000341522
0.000306969
0.0002868
0.000357306
0.000327993
0.000298786
0.000282653
0.000718518
0.000641225
0.000554898
0.000499206
0.000607989
0.00054839
0.000483707
0.000443456
0.000507407
0.000464043
0.000419489
0.000393788
0.000465384
0.000428866
0.000393091
0.000373944
1.10037e-06
2.10374e-06
6.84712e-06
1.30576e-05
7.88782e-06
5.77814e-06
6.07117e-06
8.53531e-06
2.65656e-05
2.07753e-05
1.60142e-05
1.4356e-05
4.67573e-05
3.82727e-05
3.00482e-05
2.57261e-05
5.56985e-05
4.62866e-05
3.67531e-05
3.13387e-05
6.75079e-05
5.72824e-05
4.65171e-05
4.00116e-05
8.26189e-05
7.18694e-05
6.03594e-05
5.32163e-05
9.35096e-05
8.27601e-05
7.13086e-05
6.42406e-05
0.000103246
8.75871e-05
7.12252e-05
6.15333e-05
0.000115377
0.000100051
8.38099e-05
7.39455e-05
0.000129654
0.000114835
9.91006e-05
8.94729e-05
0.000139038
0.000124646
0.000109525
0.000100389
9.67679e-05
9.84051e-05
0.000100365
0.000101733
5.93726e-05
6.07972e-05
6.25532e-05
6.38215e-05
2.63895e-05
2.72806e-05
2.84874e-05
2.94454e-05
1.13565e-05
1.16982e-05
1.23529e-05
1.30082e-05
6.13505e-06
6.23359e-06
6.61884e-06
7.10298e-06
1.18256e-06
8.4859e-07
7.40481e-07
8.99853e-07
3.36027e-06
2.5044e-06
1.81482e-06
1.60254e-06
1.1069e-05
9.87191e-06
8.80583e-06
8.35603e-06
7.31822e-06
6.59112e-06
6.1667e-06
6.19511e-06
5.4536e-06
3.85126e-06
2.34342e-06
1.58399e-06
1.04544e-05
8.03123e-06
5.54638e-06
4.10649e-06
1.93739e-05
1.65843e-05
1.36918e-05
1.19906e-05
5.38715e-05
4.80629e-05
4.09926e-05
3.59773e-05
3.62507e-05
3.24936e-05
2.80001e-05
2.4886e-05
2.0655e-05
1.88821e-05
1.6903e-05
1.56615e-05
1.38033e-05
1.30888e-05
1.24696e-05
1.22552e-05
1.14954e-05
1.11949e-05
1.10989e-05
1.12727e-05
8.72357e-06
8.89348e-06
9.39967e-06
1.00262e-05
9.79596e-06
1.01266e-05
1.08573e-05
1.1667e-05
1.40234e-05
1.4155e-05
1.46565e-05
1.53136e-05
1.07993e-05
1.08024e-05
1.10324e-05
1.14126e-05
6.16936e-06
6.63752e-06
7.48432e-06
8.34492e-06
6.54336e-06
7.15741e-06
8.23108e-06
9.29308e-06
1.14514e-05
1.18549e-05
1.26945e-05
1.36079e-05
1.52768e-06
9.26889e-07
4.20088e-07
2.35292e-07
2.00032e-06
1.43975e-06
9.47446e-07
7.37132e-07
3.25194e-06
2.62401e-06
2.03595e-06
1.7389e-06
4.70719e-06
3.92019e-06
3.1525e-06
2.73673e-06
5.40718e-06
4.53664e-06
3.65399e-06
3.14414e-06
6.18912e-06
5.22638e-06
4.23079e-06
3.638e-06
7.4882e-06
6.33254e-06
5.11158e-06
4.36463e-06
8.71294e-06
7.35504e-06
5.90027e-06
4.99629e-06
7.93385e-06
7.07368e-06
6.25683e-06
5.84261e-06
8.75947e-06
7.9129e-06
7.10312e-06
6.68445e-06
1.06206e-05
9.63221e-06
8.64753e-06
8.10133e-06
1.26479e-05
1.14341e-05
1.01788e-05
9.44261e-06
0.0310029
0.0289613
0.0267857
0.0254787
0.0259421
0.0241738
0.0223023
0.0211882
0.0199581
0.0185276
0.0170324
0.0161584
0.0159098
0.0147293
0.0135054
0.0127994
0.0139263
0.0128656
0.0117718
0.0111456
0.0103475
0.0095004
0.00865576
0.00819576
0.00654548
0.00596651
0.00541477
0.0051364
0.00447079
0.00407564
0.00370445
0.00352326
0.0179377
0.0165878
0.0152093
0.0144343
0.0135001
0.0123978
0.0113112
0.0107318
0.0086512
0.00787834
0.00714634
0.00678186
0.00591269
0.00537648
0.0048645
0.0046087
0.00355779
0.00324863
0.00295992
0.00282093
0.0021594
0.00199823
0.0018677
0.00182082
0.00212477
0.00206589
0.00199633
0.00194517
0.00383
0.00374499
0.00356766
0.00338802
0.00517129
0.00502278
0.00472845
0.00444083
0.00877369
0.00843041
0.00785737
0.0073341
0.0178115
0.0168186
0.0153535
0.0141277
0.0291345
0.0271745
0.024449
0.0222824
0.00610649
0.00602696
0.00563571
0.00515088
0.0106525
0.0103236
0.00962019
0.00889716
0.0225655
0.0215651
0.0198943
0.0183809
0.0380391
0.0360055
0.0329606
0.0304042
0.00423074
0.0045452
0.00475466
0.00471258
0.00226132
0.00238118
0.00250644
0.00254237
0.00215615
0.00224318
0.00227777
0.00223092
0.00521719
0.0049678
0.00469406
0.00446008
0.00706126
0.00698434
0.00665669
0.00623336
0.0137265
0.0131094
0.0118947
0.0107243
0.0291165
0.0276972
0.0251689
0.0228171
0.0466276
0.0450235
0.0419679
0.0388908
0.00310593
0.00418852
0.00599207
0.0059911
0.00253792
0.00390473
0.0100671
0.0165868
0.0200461
0.0133918
0.025108
0.0395893
0.0919363
0.0357807
0.0448246
0.0659813
0.0104378
0.00956516
0.0085348
0.00782448
0.00856629
0.00783831
0.00698836
0.00640963
0.0064295
0.00587368
0.00523769
0.00481478
0.00505503
0.00461611
0.00412442
0.00380608
0.00438008
0.00399924
0.00357823
0.00331016
0.00322798
0.00294722
0.00264736
0.00246485
0.0021067
0.00192893
0.00175157
0.00165419
0.00157681
0.00145287
0.00133717
0.0012811
0.00599244
0.00548462
0.00493019
0.00458323
0.00438842
0.00401017
0.00361126
0.0033729
0.00279968
0.00255917
0.00232147
0.00219299
0.00202493
0.00186051
0.00170737
0.00163356
0.0013385
0.0012384
0.00114857
0.00110865
0.00104678
0.000976419
0.000916165
0.000892205
0.00119479
0.00111678
0.00103661
0.000990819
0.00176166
0.00163593
0.00148791
0.00138717
0.00213723
0.00197868
0.00178406
0.00164551
0.00313367
0.00288152
0.00256136
0.0023248
0.00524675
0.00479103
0.00420734
0.00377207
0.00755839
0.00687451
0.00600194
0.00535359
0.00280701
0.00262751
0.00239577
0.00222275
0.0042746
0.00397474
0.00357901
0.00327596
0.00742765
0.00685063
0.00609214
0.00551303
0.0109323
0.0100311
0.00885938
0.00797411
0.00213702
0.00196278
0.00180575
0.00173532
0.00150635
0.00140338
0.00131865
0.0012878
0.001715
0.00163023
0.00154061
0.00148643
0.00281002
0.00266472
0.00247407
0.00232955
0.0035646
0.00337397
0.0031106
0.00290233
0.00562688
0.00528815
0.0048191
0.00444462
0.0101931
0.00948242
0.00852052
0.00776741
0.0154045
0.0142319
0.0126777
0.0114844
0.00436792
0.00418461
0.0039025
0.00366132
0.00714638
0.00679045
0.00626319
0.005819
0.0136264
0.0127734
0.0115783
0.010616
0.021327
0.0198013
0.0177393
0.0161326
0.00217874
0.00192254
0.00161503
0.00139949
0.00180999
0.00159979
0.00134997
0.00117671
0.00141688
0.00125883
0.00107465
0.000949696
0.00118807
0.00106286
0.000920432
0.000826477
0.00107237
0.000963528
0.000841276
0.000761832
0.000867533
0.000785739
0.000696716
0.000641124
0.00067889
0.000622293
0.000564448
0.000531397
0.000598286
0.000552617
0.000508537
0.00048562
0.00156522
0.00141397
0.00124382
0.00113301
0.00122229
0.0011104
0.000988617
0.000912557
0.000902758
0.00082829
0.000752546
0.000709628
0.000763309
0.000705718
0.000650813
0.000622973
0.000547889
0.000507389
0.000469387
0.000450645
0.00045742
0.000422928
0.00039161
0.000377199
0.000427486
0.000388845
0.000351837
0.000332972
0.00047467
0.000423156
0.000370166
0.000339773
0.000499342
0.000439776
0.000376566
0.000338661
0.000571717
0.000491945
0.000402889
0.000345794
0.000792824
0.0006715
0.000530792
0.000436327
0.00106105
0.000896276
0.000702348
0.000569913
0.000761893
0.000680078
0.000589978
0.000533194
0.000954176
0.000839285
0.000706408
0.000617443
0.00141372
0.00123184
0.00101474
0.000864035
0.0019312
0.00167919
0.00137524
0.00116179
0.000859139
0.000796928
0.000740281
0.00071417
0.00070705
0.00065711
0.00061299
0.000594039
0.000746835
0.000687519
0.000628615
0.000596748
0.000973356
0.00088535
0.000788751
0.000728177
0.00111614
0.00100932
0.000887669
0.000807785
0.00149141
0.00133508
0.00114868
0.00101952
0.0023162
0.00205879
0.00174404
0.00151983
0.00321929
0.00285459
0.00240591
0.0020841
0.00157272
0.00143955
0.00128253
0.00117531
0.00221035
0.00200746
0.00175817
0.00157985
0.00356903
0.00322027
0.00278403
0.00246601
0.00504654
0.00453943
0.00390405
0.00343993
0.000121159
8.83438e-05
5.35339e-05
3.29588e-05
0.000126771
9.69803e-05
6.5164e-05
4.60755e-05
0.000146693
0.000119883
9.1158e-05
7.3722e-05
0.000170851
0.000145271
0.000117966
0.000101386
0.000179389
0.000154851
0.000128595
0.000112553
0.000184653
0.00016256
0.000139002
0.000124617
0.000191702
0.000171974
0.000151225
0.000138738
0.000197002
0.000178419
0.00015922
0.00014793
0.000295966
0.000259041
0.000218783
0.000193593
0.000282583
0.00025147
0.000218077
0.000197556
0.000271932
0.000246161
0.000219304
0.000203401
0.000268991
0.00024552
0.000221709
0.000208127
0.000190814
0.000173527
0.000155926
0.000145789
0.000164514
0.000150566
0.000137087
0.000129949
0.000131596
0.000121208
0.000112379
0.00010884
0.000107715
9.9469e-05
9.37011e-05
9.27369e-05
8.94871e-05
8.28514e-05
7.93119e-05
8.01789e-05
4.9947e-05
4.69598e-05
4.81436e-05
5.26829e-05
1.49935e-05
1.53404e-05
2.13128e-05
2.99532e-05
1.92723e-06
3.96528e-06
1.28062e-05
2.42173e-05
0.000124067
0.000109542
9.76795e-05
9.35902e-05
7.87629e-05
6.52264e-05
5.4767e-05
5.19374e-05
4.54344e-05
3.02055e-05
1.83534e-05
1.51953e-05
4.02619e-05
2.17294e-05
6.66637e-06
1.96603e-06
0.000336274
0.000309454
0.000283268
0.000269276
0.000281753
0.000259083
0.000237894
0.000227448
0.000232755
0.00021106
0.000191253
0.000181993
0.000212459
0.000188063
0.000165356
0.000154387
0.000194804
0.00016898
0.000144697
0.000132784
0.000160038
0.000130615
0.000101925
8.69779e-05
0.000158298
0.00011869
7.80219e-05
5.504e-05
0.000190728
0.000139409
8.51606e-05
5.31635e-05
0.000315123
0.000274307
0.000233014
0.00020996
0.000316028
0.000264691
0.000210117
0.00017739
0.00039217
0.000317743
0.000234953
0.000182246
0.000508437
0.000409391
0.000296967
0.000223567
4.79841e-05
5.53155e-05
6.56252e-05
7.40561e-05
2.72955e-05
3.17118e-05
3.81962e-05
4.36677e-05
1.42474e-05
1.52246e-05
1.73056e-05
1.94459e-05
1.28904e-05
1.14697e-05
1.06005e-05
1.0595e-05
1.34085e-05
1.10337e-05
8.94026e-06
8.00747e-06
1.61075e-05
1.25285e-05
8.87982e-06
6.76229e-06
2.48285e-05
2.02372e-05
1.53332e-05
1.22973e-05
3.49038e-05
2.99708e-05
2.46887e-05
2.14097e-05
2.79294e-05
2.27839e-05
1.78063e-05
1.51671e-05
3.5746e-05
2.93503e-05
2.26812e-05
1.86897e-05
4.82991e-05
4.0937e-05
3.30206e-05
2.80715e-05
5.91849e-05
5.15885e-05
4.3429e-05
3.83329e-05
4.02668e-05
3.5508e-05
3.04548e-05
2.73544e-05
5.08163e-05
4.70573e-05
4.32193e-05
4.09926e-05
7.00869e-05
6.80943e-05
6.64812e-05
6.59128e-05
8.95594e-05
8.92568e-05
8.98249e-05
9.09192e-05
0.000101248
0.000102088
0.000104128
0.000106344
0.00012708
0.000130546
0.000135826
0.000140409
0.000174131
0.000181036
0.000190719
0.00019864
0.000221951
0.000231528
0.000244717
0.000255353
9.19818e-05
9.33994e-05
9.67452e-05
0.000100335
0.000103517
0.000108843
0.00011708
0.000124298
0.000131087
0.000141567
0.000156466
0.000168786
0.000163358
0.0001779
0.000198164
0.000214673
9.52072e-05
8.50941e-05
7.44368e-05
6.79523e-05
9.1505e-05
8.37013e-05
7.58919e-05
7.14808e-05
8.74678e-05
8.31393e-05
7.97759e-05
7.87294e-05
8.54617e-05
8.41529e-05
8.47736e-05
8.68335e-05
8.26093e-05
8.33762e-05
8.67201e-05
9.08946e-05
7.63862e-05
8.18906e-05
9.12185e-05
9.98816e-05
8.02537e-05
9.18505e-05
0.000109146
0.000123989
9.38708e-05
0.000110188
0.000133813
0.00015368
7.90667e-05
7.73484e-05
7.86449e-05
8.20917e-05
5.44276e-05
5.74814e-05
6.48625e-05
7.29307e-05
3.5101e-05
4.38497e-05
5.88393e-05
7.29523e-05
3.13879e-05
4.42671e-05
6.50074e-05
8.38589e-05
9.30164e-05
8.85331e-05
8.27362e-05
7.83545e-05
5.98396e-05
5.7206e-05
5.38137e-05
5.12731e-05
2.93718e-05
2.84468e-05
2.73202e-05
2.65487e-05
1.4595e-05
1.45307e-05
1.45926e-05
1.47827e-05
9.24384e-06
9.50956e-06
1.00192e-05
1.05659e-05
3.24293e-06
3.81384e-06
4.75835e-06
5.66646e-06
3.29927e-06
3.88786e-06
4.91833e-06
5.93964e-06
8.97817e-06
9.32254e-06
1.00864e-05
1.09427e-05
7.34383e-06
7.7007e-06
8.32097e-06
8.93376e-06
1.0732e-06
1.42119e-06
2.09026e-06
2.78641e-06
1.6256e-06
1.75545e-06
2.22655e-06
2.83595e-06
8.23291e-06
8.06966e-06
8.22055e-06
8.63125e-06
1.37769e-05
1.38697e-05
1.43297e-05
1.49705e-05
2.62851e-05
2.56624e-05
2.52166e-05
2.51832e-05
5.01121e-05
4.82007e-05
4.61216e-05
4.48706e-05
7.43459e-05
7.11563e-05
6.74582e-05
6.50007e-05
8.93794e-05
8.53465e-05
8.05796e-05
7.73244e-05
0.000122506
0.00011662
0.000109457
0.000104379
0.000176648
0.000167774
0.000156798
0.000148854
0.000227351
0.000215696
0.000201193
0.000190613
0.000100312
9.71902e-05
9.35721e-05
9.11586e-05
0.000138276
0.000133967
0.000128769
0.000125122
0.000200404
0.000194085
0.000186296
0.000180681
0.000258738
0.000250479
0.000240221
0.000232754
1.70746e-05
1.57505e-05
1.45403e-05
1.39962e-05
3.22645e-05
3.08044e-05
2.93996e-05
2.86965e-05
6.04125e-05
5.87899e-05
5.7158e-05
5.62718e-05
8.8731e-05
8.69738e-05
8.51649e-05
8.41429e-05
0.000106393
0.000104552
0.000102633
0.000101526
0.000145403
0.000143426
0.00014124
0.000139868
0.000209896
0.000207437
0.000204601
0.000202715
0.000271012
0.000267921
0.00026429
0.000261814
0.000106647
0.000106244
0.000106344
0.000106867
0.000141777
0.000142569
0.000144084
0.000145599
0.00020143
0.00020365
0.000206966
0.000209824
0.000259167
0.000262379
0.000266999
0.00027087
1.69112e-05
1.36388e-05
9.95449e-06
7.57812e-06
1.25712e-05
1.03118e-05
7.84464e-06
6.31798e-06
9.76027e-06
8.42482e-06
7.07837e-06
6.34232e-06
9.66654e-06
8.75661e-06
7.93325e-06
7.57187e-06
9.93937e-06
9.18439e-06
8.54072e-06
8.29881e-06
1.01932e-05
9.62092e-06
9.19375e-06
9.10003e-06
1.22251e-05
1.16205e-05
1.11525e-05
1.10277e-05
1.50484e-05
1.42227e-05
1.34877e-05
1.31741e-05
1.11851e-05
1.062e-05
1.02222e-05
1.01828e-05
1.01799e-05
9.97155e-06
1.00166e-05
1.0299e-05
1.19076e-05
1.17856e-05
1.19458e-05
1.23181e-05
1.5461e-05
1.51323e-05
1.50468e-05
1.52485e-05
1.64299e-05
1.54405e-05
1.45072e-05
1.40534e-05
1.87251e-05
1.73414e-05
1.59304e-05
1.5139e-05
2.33249e-05
2.116e-05
1.88056e-05
1.73501e-05
2.80919e-05
2.51176e-05
2.17885e-05
1.96491e-05
3.05249e-05
2.70492e-05
2.31218e-05
2.05676e-05
3.56078e-05
3.10434e-05
2.5793e-05
2.2301e-05
4.47046e-05
3.83366e-05
3.09035e-05
2.5873e-05
5.36569e-05
4.55973e-05
3.61263e-05
2.96673e-05
4.43137e-05
4.02059e-05
3.54802e-05
3.23467e-05
5.51221e-05
4.93968e-05
4.26656e-05
3.80748e-05
7.35302e-05
6.51924e-05
5.52316e-05
4.83019e-05
9.11597e-05
8.04024e-05
6.74595e-05
5.83777e-05
1.69921e-05
1.68833e-05
1.70909e-05
1.75374e-05
2.39163e-05
2.30921e-05
2.24093e-05
2.22049e-05
3.7443e-05
3.52551e-05
3.28745e-05
3.14295e-05
5.1349e-05
4.77732e-05
4.36654e-05
4.09589e-05
5.96398e-05
5.51579e-05
4.99237e-05
4.63952e-05
7.77385e-05
7.12568e-05
6.35067e-05
5.81191e-05
0.000107844
9.81677e-05
8.64147e-05
7.80803e-05
0.000136291
0.000123672
0.000108242
9.72088e-05
7.52162e-05
7.07332e-05
6.54431e-05
6.18363e-05
0.000101205
9.4612e-05
8.66337e-05
8.10128e-05
0.000143904
0.000133947
0.00012171
0.000112919
0.000183977
0.000170919
0.000154772
0.000143079
2.82896e-07
1.51009e-07
4.9356e-08
4.7602e-08
2.09055e-07
8.75194e-08
7.39571e-09
2.68449e-08
3.33689e-07
1.32314e-07
7.52025e-09
2.26324e-08
5.50382e-07
2.33088e-07
3.49406e-08
3.09858e-08
5.46513e-07
2.07735e-07
1.59452e-08
4.46198e-08
6.55199e-07
2.64425e-07
2.25141e-08
2.48538e-08
8.13767e-07
3.50422e-07
4.11835e-08
9.52292e-09
9.47678e-07
4.25529e-07
6.23981e-08
4.10977e-09
2.71695e-06
1.97942e-06
1.23967e-06
8.2063e-07
3.1301e-06
2.29322e-06
1.44758e-06
9.6323e-07
3.74597e-06
2.75431e-06
1.74786e-06
1.16785e-06
4.2903e-06
3.15832e-06
2.00641e-06
1.34065e-06
9.68176e-07
4.35207e-07
6.38183e-08
4.035e-09
9.38534e-07
4.20034e-07
6.18632e-08
1.08009e-08
8.97998e-07
4.00378e-07
6.41094e-08
2.866e-08
8.67667e-07
3.87101e-07
7.14322e-08
5.16202e-08
8.9281e-07
4.16703e-07
8.63644e-08
3.78108e-08
6.94496e-07
3.25424e-07
6.15904e-08
3.2253e-08
3.92476e-07
1.73631e-07
2.23247e-08
3.05697e-08
1.87494e-07
7.29011e-08
5.19016e-09
3.9513e-08
4.34399e-06
3.16331e-06
1.9593e-06
1.27173e-06
3.77171e-06
2.70397e-06
1.6146e-06
9.92858e-07
2.96057e-06
2.00298e-06
1.06101e-06
5.60835e-07
2.3144e-06
1.43208e-06
6.19621e-07
2.48091e-07
9.11718e-06
7.68257e-06
6.13778e-06
5.17261e-06
9.35806e-06
7.84641e-06
6.21241e-06
5.18866e-06
9.86579e-06
8.18841e-06
6.36638e-06
5.22204e-06
1.03861e-05
8.53166e-06
6.51334e-06
5.24717e-06
1.03586e-05
8.44006e-06
6.36887e-06
5.08689e-06
1.00384e-05
8.00224e-06
5.80366e-06
4.44667e-06
9.89987e-06
7.57551e-06
5.08414e-06
3.57429e-06
1.00063e-05
7.37425e-06
4.58174e-06
2.92603e-06
1.90876e-05
1.63783e-05
1.33777e-05
1.14674e-05
2.04782e-05
1.72212e-05
1.35769e-05
1.12303e-05
2.3402e-05
1.91769e-05
1.44077e-05
1.13117e-05
2.65103e-05
2.13504e-05
1.5506e-05
1.17033e-05
