FiniteElementSpace
FiniteElementCollection: H1_2D_P2
VDim: 2
Ordering: 0

0
1.21475
2.03919
2.57854
3.00619
3.42558
3.87985
4.36924
4.87181
0
0.685508
1.24809
1.69774
2.10554
2.5334
3.00387
3.50319
4.006
0.642079
0.980894
0.355066
0
1.67547
1.66659
0.983973
2.33209
2.14774
1.48299
2.79826
2.55627
1.90225
3.213
2.97605
2.31452
3.64755
3.43872
2.76355
4.12127
3.93512
3.25158
4.6205
4.43898
3.75541
0.519181
1.35875
1.92355
2.35459
2.76161
3.20188
3.68426
4.18769
0.319401
0.578537
0.260423
0
1.45872
1.51979
1.17971
1.09935
2.19287
2.12985
1.80025
1.85557
2.6907
2.57662
2.25249
2.36425
3.10922
2.98634
2.65806
2.78071
3.53527
3.42375
3.08751
3.19972
3.99955
3.90242
3.5606
3.6586
4.49467
4.40417
4.0614
4.15211
0.941955
0.760717
0.848708
0.523874
0.452492
0.179913
0
1.86785
1.52024
1.46631
1.12014
1.18382
0.839084
2.45977
2.03871
1.92633
1.59226
1.70922
1.36868
2.90294
2.45544
2.33149
2.00355
2.13025
1.80067
3.31827
2.86748
2.754
2.42257
2.53783
2.20898
3.76244
3.31903
3.22037
2.88259
2.98178
2.64709
4.24463
3.80925
3.71869
3.37712
3.46717
3.12702
4.74634
4.65542
4.31364
4.22253
3.88098
3.9714
3.6294
0.28431
1.3215
1.99897
2.47224
2.88286
3.31033
3.77957
4.27806
0.851694
0.658233
0.234352
1.69683
1.33088
1.02356
2.25082
1.82017
1.59185
2.679
2.23065
2.02922
3.09181
2.64451
2.43366
3.5399
3.09985
2.86643
4.02675
3.59257
3.34295
4.53006
4.09728
3.8451
0.150588
0.299796
0.136428
0
1.34038
1.39017
1.21355
1.15692
2.11804
2.09622
1.92901
1.9477
2.63529
2.58147
2.41881
2.47149
3.05765
2.99575
2.83167
2.89321
3.4801
3.4225
3.25468
3.31232
3.93942
3.88945
3.71883
3.76906
4.43188
4.3864
4.21504
4.26069
0.795169
0.896473
0.718223
0.609503
0.642517
0.711823
0.557082
0.487937
0.12843
0.248556
0.118947
0
1.77454
1.78263
1.61079
1.59783
1.44154
1.42762
1.2589
1.27359
1.08288
1.10412
0.938023
0.917318
2.39719
2.35548
2.19142
2.23122
1.98203
1.93043
1.7654
1.81763
1.73487
1.69756
1.53021
1.56824
2.85084
2.7908
2.62798
2.68735
2.4051
2.34328
2.18047
2.2428
2.20056
2.14142
1.9781
2.0378
3.26539
3.2047
3.03879
3.09935
2.81423
2.75585
2.59083
2.64964
2.607
2.54586
2.38237
2.44399
3.70467
3.65095
3.48149
3.53538
3.26013
3.20922
3.04049
3.09161
3.03142
2.97676
2.80985
2.86484
4.18277
4.13567
3.96443
4.01178
3.74662
3.70079
3.52976
3.57556
3.49941
3.45159
3.28143
3.32934
4.68345
4.63824
4.46716
4.51238
4.25072
4.20545
4.03441
4.07951
3.99823
3.95319
3.78188
3.82681
0.483874
0.433401
0.548808
0.391217
0.272317
0
1.57041
1.42348
1.4404
1.27156
1.25168
1.04103
2.26409
2.06581
2.02745
1.86306
1.9005
1.76209
2.74492
2.52478
2.46578
2.30379
2.36267
2.25645
3.16095
2.93439
2.8738
2.70958
2.77035
2.66846
3.59108
3.36669
3.31259
3.14434
3.19869
3.08765
4.06018
3.84078
3.79323
3.62224
3.66994
3.54848
4.55757
4.34112
4.29592
4.12457
4.16971
4.04357
1.08211
0.978758
0.873515
0.806764
0.755435
0.772244
0.605513
0.596648
0.440163
0.409345
0.344791
0.268017
0.213261
0.0933102
0
1.95596
1.77831
1.59516
1.60963
1.39994
1.35985
1.18505
1.22873
1.05306
1.08774
1.10543
0.912548
0.935828
0.763254
2.5201
2.30835
2.09388
2.14536
1.87376
1.81304
1.64537
1.70755
1.53816
1.59782
1.65145
1.42652
1.48241
1.3092
2.95464
2.72986
2.5058
2.56728
2.28096
2.2187
2.05439
2.11744
1.95286
2.01677
2.07989
1.85154
1.91569
1.74943
3.37163
3.14544
2.92141
2.97943
2.69889
2.64351
2.47762
2.53341
2.36819
2.42613
2.48546
2.26144
2.32137
2.15702
3.82083
3.59895
3.37858
3.42926
3.15983
3.11186
2.94296
2.99095
2.82275
2.87241
2.92375
2.70497
2.75653
2.58988
4.30681
4.08933
3.8721
3.91792
3.65557
3.61081
3.44012
3.48467
3.31426
3.35916
3.40489
3.18915
3.23474
3.06523
4.80915
4.76363
4.59282
4.54721
4.37639
4.42185
4.33075
4.15999
4.11428
3.94356
3.98914
3.81827
3.86337
3.90828
3.69245
3.73716
3.5663
0.141345
1.27693
2.02383
2.5271
2.9444
3.36707
3.82898
4.32349
0.756146
0.602021
0.124589
1.69291
1.35241
1.01298
2.29452
1.87483
1.63419
2.73928
2.29309
2.08998
3.15177
2.70242
2.49473
3.59284
3.15009
2.92044
4.07356
3.63804
3.39022
4.57535
4.14254
3.88998
0.457447
0.412064
0.132485
1.49708
1.34864
1.14923
2.16523
1.96525
1.83289
2.63481
2.41452
2.31006
3.04736
2.82184
2.71926
3.4786
3.25529
3.14281
3.95039
3.73138
3.60896
4.44939
4.23283
4.1066
1.03019
0.926895
0.680665
0.816937
0.685904
0.504296
0.36988
0.311906
0.112202
1.86743
1.68779
1.52729
1.49948
1.29544
1.15953
1.1909
1.01319
0.855498
2.41436
2.20164
2.0874
1.98469
1.76074
1.6533
1.75863
1.54091
1.42211
2.84205
2.61784
2.51665
2.39355
2.16794
2.06709
2.19231
1.96635
1.86464
3.2582
3.03321
2.92632
2.80999
2.5881
2.47943
2.59748
2.37345
2.26981
3.7097
3.48857
3.37059
3.26899
3.05113
2.93136
3.03383
2.81412
2.69966
4.19807
3.98066
3.85543
3.76373
3.54769
3.42181
3.51339
3.29679
3.17308
4.70101
4.48461
4.35894
4.26819
4.05179
3.92632
4.01638
3.80031
3.67398
0
0.495361
1.35622
2.30713
3.2433
4.14559
5.01994
5.88189
6.74553
1
1.31025
1.94449
2.76182
3.66259
4.58617
5.49531
6.37835
7.24595
0.194703
0.864286
1.11286
0.5
0.900786
1.63614
1.59585
1.83031
2.53036
2.33776
2.77917
3.45303
3.20617
3.69864
4.36778
4.1244
4.5854
5.25956
5.04391
5.45139
6.13099
5.93981
6.31307
6.99593
6.81289
0.596042
1.22432
2.07604
2.99106
3.91274
4.81679
5.69706
6.56339
0.103946
0.384887
0.515559
0.25
0.689003
1.05457
1.03579
0.670141
1.59219
1.9486
1.8536
1.49003
2.54401
2.88293
2.76028
2.41547
3.47207
3.80525
3.68334
3.34692
4.36628
4.70169
4.59308
4.25687
5.23591
5.57497
5.47888
5.14052
6.09733
6.4385
6.34726
6.007
0.327631
0.715478
1.07794
1.19857
0.836024
1.05902
0.75
1.12468
1.42554
1.78977
1.76356
1.40657
1.4438
2.06898
2.30199
2.64746
2.54666
2.20775
2.1365
3.01232
3.22213
3.55914
3.43332
3.10007
2.98201
3.9231
4.14096
4.47779
4.35557
4.01967
3.89319
4.8032
5.03892
5.37766
5.27048
4.93086
4.81573
5.66664
5.91434
6.25454
6.15972
5.81843
5.71839
6.52917
6.87076
6.77956
7.121
7.02944
6.68804
6.59597
0.296136
0.853498
1.71757
2.64944
3.57688
4.4801
5.35817
6.22272
0.511299
0.943267
0.763416
1.26806
1.59278
1.23383
2.1816
2.42551
1.99535
3.11553
3.32914
2.8726
4.03192
4.24923
3.78949
4.92177
5.15506
4.70507
5.79116
6.03694
5.59874
6.65449
6.90448
6.47148
0.061882
0.197128
0.269055
0.125
0.589355
0.768919
0.759218
0.580329
1.47381
1.65327
1.60325
1.42132
2.42577
2.59582
2.53249
2.36023
3.35797
3.52415
3.46209
3.29465
4.25615
4.42329
4.36869
4.20125
5.128
5.29728
5.24947
5.08047
5.98957
6.16016
6.11486
5.94462
0.255959
0.417028
0.443543
0.287601
0.651694
0.82618
0.885875
0.711995
0.498882
0.635542
0.747906
0.625
1.0115
1.19437
1.16004
0.975498
1.32358
1.50823
1.49818
1.31411
0.947609
1.13296
1.15356
0.968632
1.94966
2.12405
2.06493
1.88803
2.18865
2.36367
2.31604
2.14169
1.74414
1.9241
1.89161
1.71234
2.89602
3.06332
2.99936
2.8303
3.10659
3.27578
3.21445
3.04569
2.64517
2.81652
2.75969
2.58892
3.81114
3.97743
3.9188
3.75175
4.02701
4.19526
4.13455
3.96638
3.56828
3.73659
3.67431
3.50625
4.69445
4.86269
4.81191
4.64371
4.92804
5.0971
5.04316
4.87395
4.48063
4.64922
4.5916
4.42295
5.55902
5.72911
5.68312
5.51341
5.80579
5.97567
5.92782
5.75779
5.36937
5.53887
5.48838
5.3187
6.42107
6.59186
6.54647
6.37587
6.67146
6.84203
6.79626
6.62572
6.23916
6.40938
6.36307
6.19278
0.14344
0.335484
0.487409
0.550402
0.402625
0.375
0.792981
0.952186
1.13761
1.12823
0.942504
0.764766
1.7111
1.83276
2.01144
1.9643
1.78452
1.56179
2.66184
2.76628
2.93666
2.8756
2.70442
2.47235
3.58563
3.69127
3.85897
3.79817
3.63002
3.39981
4.47603
4.59109
4.75937
4.70513
4.5367
4.3124
5.34369
5.46666
5.63615
5.58809
5.41867
5.2002
6.20515
6.3306
6.501
6.45533
6.28506
6.06909
0.407518
0.587173
0.786676
0.610643
1.00768
1.19177
1.25163
1.06708
1.15254
0.969039
0.795327
1.08196
0.904155
1.03512
0.875
1.23971
1.37819
1.52984
1.34525
1.69008
1.86744
1.85255
1.67816
1.67796
1.5007
1.31833
1.51779
1.33758
1.37465
2.18818
2.29848
2.41593
2.24109
2.53603
2.70531
2.65355
2.48675
2.44136
2.27337
2.10079
2.2361
2.06644
2.03926
3.1281
3.23139
3.33763
3.16859
3.44406
3.61138
3.54775
3.3818
3.31943
3.15374
2.98609
3.09366
2.92796
2.87136
4.03459
4.14461
4.25455
4.08647
4.36365
4.53223
4.47098
4.30272
4.24003
4.07242
3.90463
4.00877
3.84179
3.77778
4.91168
5.0313
5.14942
4.98049
5.26656
5.43652
5.38312
5.21285
5.15741
4.98752
4.81816
4.93001
4.76059
4.70111
5.77425
5.89911
6.02273
5.85287
6.14584
6.31636
6.26917
6.09826
6.04994
5.87907
5.70874
5.8293
5.65855
5.60707
6.63732
6.80815
6.76258
6.93337
6.88772
6.71706
7.05847
7.01272
7.18349
7.13767
6.96694
6.92119
6.75041
6.57979
6.7045
6.53365
6.48726
0.161549
0.671923
1.53683
2.47814
3.40964
4.31248
5.18898
6.05238
0.347451
0.765162
0.620654
1.08369
1.40976
1.04843
2.00597
2.2522
1.81738
2.94701
3.16065
2.70247
3.86483
4.08095
3.62146
4.75337
4.98572
4.53627
5.6213
5.86684
5.42895
6.48383
6.73387
6.30113
0.237258
0.439691
0.381703
0.870337
1.03823
0.851127
1.77042
1.89756
1.67252
2.71323
2.82055
2.58832
3.63819
3.74467
3.51506
4.53369
4.64823
4.42475
5.40542
5.52752
5.30957
6.26798
6.39302
6.1771
0.494943
0.684336
0.544724
0.894344
1.12659
1.01451
0.66855
0.932376
0.883323
1.30705
1.4526
1.24012
1.6092
1.77148
1.58783
1.2217
1.4172
1.26235
2.24218
2.35657
2.126
2.47595
2.59546
2.37934
2.03226
2.16902
1.96585
3.17921
3.28431
3.05269
3.391
3.49644
3.26753
2.93094
3.04051
2.81619
4.08957
4.19964
3.97291
4.30927
4.4176
4.18764
3.85157
3.95711
3.72652
4.97171
5.09051
4.87011
5.20809
5.32489
5.10039
4.76178
4.87425
4.64658
5.83688
5.96103
5.74458
6.08431
6.20743
5.98882
5.64847
5.76899
5.54774
6.69997
6.82518
6.609
6.95023
7.0752
6.85868
6.51756
6.64207
6.42509
