FiniteElementSpace
FiniteElementCollection: H1_2D_P2
VDim: 2
Ordering: 0

0
-0.00252129
-0.000130965
0.00632172
0.011867
0.0191718
0.0339988
0.0564617
0.0819953
0
0.00438901
0.00823717
0.0118407
0.0157468
0.0235959
0.0392742
0.0621413
0.0872488
-0.00157737
0.000676592
0.00227692
0
-0.00210456
0.00372423
0.00634338
0.00296873
0.00899925
0.0100843
0.00926557
0.0134639
0.0136026
0.0148596
0.0205732
0.0188706
0.0254787
0.0358454
0.0303613
0.0445072
0.0589595
0.0500636
0.0691793
0.0845842
0.0747503
0.000208672
0.00175654
0.00633842
0.011301
0.0162563
0.0270442
0.0466939
0.0718434
-0.000761572
-0.000597767
7.5911e-05
0
-0.00250778
-0.000133073
0.00111259
-0.000861932
0.00132882
0.00463951
0.00498509
0.00181287
0.00786003
0.0102034
0.0101977
0.0076142
0.0132546
0.0153928
0.014723
0.0125458
0.0220509
0.0260417
0.023517
0.019668
0.0390328
0.0454557
0.0410469
0.0347233
0.062768
0.0704981
0.0653749
0.0576354
-0.00218847
0.000396372
0.00233788
0.00335583
0.00110157
0.00113532
0
-0.00130118
0.00263157
0.00578096
0.00729403
0.00380424
0.00537954
0.00466834
0.00770008
0.0104447
0.0109736
0.00813396
0.00916994
0.0105742
0.0123604
0.0145527
0.0145928
0.0124808
0.0127043
0.0167989
0.0181753
0.0218652
0.0209992
0.0174102
0.0171453
0.0294669
0.0311614
0.0373512
0.0345576
0.0284677
0.026708
0.0503453
0.0526979
0.0604579
0.0559869
0.0482227
0.0444651
0.0756155
0.0832897
0.0782744
0.085916
0.0810268
0.073261
0.0684281
-0.000244279
-0.000646456
0.00315855
0.00896615
0.0138467
0.0225678
0.0398647
0.0640295
-0.000826599
0.00172181
0.000439212
0.000694582
0.00472686
0.00301622
0.00615408
0.00931967
0.0069345
0.0113685
0.0134717
0.0114914
0.0173004
0.0193948
0.0158294
0.0301001
0.0326333
0.0248792
0.0514112
0.0542177
0.0425714
0.0769521
0.0796319
0.0668398
-0.00029996
-0.000463879
-8.35868e-05
0
-0.00256215
-0.00155037
-0.000789185
-0.00166207
0.000569022
0.00225127
0.00246243
0.000854713
0.00710992
0.00839496
0.00830532
0.00695576
0.0125391
0.0135109
0.0131729
0.0121721
0.0205405
0.0222516
0.0210479
0.019365
0.0364549
0.0394028
0.0372333
0.0343084
0.0595979
0.0633912
0.0608174
0.0570314
-0.00191221
-0.00147563
-0.000733124
-0.00105396
0.000294412
0.00103137
0.00141711
0.000629295
3.08554e-05
0.000243589
0.000162755
0
-0.00175318
-0.000284227
0.000241746
-0.00109546
0.00216517
0.00364451
0.00424848
0.00274419
0.000871418
0.00202967
0.00266613
0.00147595
0.00382021
0.00540542
0.00539872
0.00380504
0.0070227
0.00850109
0.00873128
0.00722041
0.00433774
0.00593635
0.00634812
0.0047224
0.00992826
0.0109424
0.0107903
0.00971082
0.0118313
0.0129061
0.0129712
0.0118864
0.00961128
0.0108421
0.0109768
0.00971799
0.0157767
0.0169991
0.0162944
0.0150808
0.0171619
0.0187412
0.0183476
0.0167972
0.0140669
0.0152492
0.0151606
0.0139905
0.0274
0.0297265
0.0279986
0.0257016
0.0290305
0.0318448
0.0304799
0.0277019
0.0219746
0.0241449
0.0233026
0.0211694
0.0473859
0.0508509
0.0483939
0.0449442
0.0496574
0.0534278
0.0511832
0.0474212
0.0383859
0.0417655
0.0399027
0.0365494
0.0724019
0.0762906
0.0737324
0.0698394
0.0750682
0.0789473
0.0764565
0.0725418
0.0621542
0.0660914
0.0636373
0.059686
-0.00119416
-0.0004288
-0.000188841
0.00013609
-8.20593e-05
0
-0.00235781
-0.000429095
0.00080883
0.00140643
0.000231976
-9.18157e-05
0.00213481
0.00388848
0.00548126
0.00565515
0.00406512
0.00276289
0.00857993
0.00959748
0.0107361
0.0107587
0.00956908
0.00829622
0.014019
0.0145812
0.0157866
0.0154486
0.0142531
0.0129792
0.023691
0.0242316
0.0264906
0.0252073
0.022991
0.0200722
0.0417187
0.0426092
0.046039
0.0438202
0.0404132
0.0352366
0.0659675
0.0672603
0.0711637
0.0686082
0.0646889
0.0582768
-0.00239527
-0.000871966
0.000521095
-0.000212202
0.00202585
0.0032972
0.00387894
0.00248764
0.00282083
0.00164751
0.000770911
0.0017213
0.000730344
0.000490403
0
-0.000758875
0.0012203
0.00315296
0.00165864
0.00523895
0.00694251
0.00776745
0.00593007
0.00682076
0.00498949
0.00339468
0.00586463
0.00411909
0.00488921
0.00550856
0.00689537
0.00836026
0.00691818
0.00989092
0.01116
0.0114091
0.0101488
0.0105321
0.00908889
0.00753182
0.00963018
0.00800721
0.00870592
0.0112152
0.0119488
0.0129001
0.0118441
0.0139951
0.0151388
0.0151462
0.0140377
0.0140833
0.0130595
0.0119901
0.0131466
0.0121204
0.0122712
0.0179217
0.0184213
0.0193103
0.0176942
0.0205662
0.0226686
0.0222369
0.0201423
0.0198819
0.0180972
0.0165763
0.0179642
0.0164593
0.0164124
0.0316646
0.0323436
0.0334356
0.0305796
0.0349262
0.0382567
0.0368525
0.0335339
0.032392
0.0293497
0.0266016
0.0284664
0.0257285
0.0250861
0.0533749
0.054496
0.0558029
0.0520262
0.0573134
0.061277
0.0590409
0.0550704
0.0529896
0.0491024
0.0453484
0.0472174
0.0434693
0.0418133
0.0788227
0.0826495
0.0801423
0.0839324
0.0814482
0.0776112
0.0852465
0.0827836
0.0865859
0.0841411
0.0803277
0.0778985
0.0740002
0.0700511
0.0715909
0.0676205
0.0652743
-0.000155053
-0.00164741
0.0015264
0.00769208
0.0128193
0.0207384
0.0367949
0.0601952
-0.00128978
0.000829143
8.75756e-05
-0.000734306
0.00317097
0.00173562
0.00460672
0.00786487
0.00531587
0.0103329
0.0123943
0.0102913
0.0159882
0.0177146
0.0145914
0.0276418
0.0297017
0.0225868
0.0478576
0.0503867
0.0390979
0.0730707
0.0757544
0.0628765
-0.000777323
-0.000140745
-2.51922e-05
-0.00136822
0.000486659
4.10076e-05
0.00301574
0.00476457
0.00339386
0.00906756
0.0101637
0.00894666
0.014258
0.0149802
0.0135914
0.0239036
0.0246675
0.0214613
0.0421224
0.0431754
0.0377643
0.0666103
0.0679241
0.0614689
-0.00160281
-0.000173605
-0.00021524
0.00124412
0.00289387
0.00207413
0.000430203
0.00120307
0.000261964
0.000247263
0.00218155
0.00119977
0.00416314
0.0064284
0.00545089
0.00236475
0.00454697
0.00370449
0.00619258
0.0076181
0.00620237
0.00911954
0.0106606
0.00962304
0.00657383
0.00854807
0.00747029
0.0115505
0.0124016
0.0112927
0.0134339
0.014568
0.0135394
0.0113714
0.0125894
0.0116449
0.0181193
0.0188197
0.0166874
0.0198911
0.0213427
0.0190652
0.0159809
0.0172341
0.0157667
0.0319495
0.03284
0.0284626
0.03413
0.0358305
0.0313727
0.0258506
0.0274688
0.0241304
0.0539131
0.055125
0.0489935
0.0565318
0.0581499
0.0520501
0.0445438
0.0462381
0.0408055
0.0794894
0.080793
0.0743959
0.0821115
0.0834622
0.0771741
0.0693166
0.0708115
0.0644377
0
-0.00539293
-0.015586
-0.0227049
-0.0262854
-0.0316175
-0.0390402
-0.0460104
-0.0515879
0
-0.00513442
-0.0128457
-0.0187585
-0.0208591
-0.0206935
-0.0204532
-0.0222318
-0.0266227
-0.00180061
-0.00469677
-0.00232117
0
-0.0103877
-0.0143213
-0.00889671
-0.019849
-0.0209533
-0.0162761
-0.0245618
-0.0235285
-0.0202253
-0.0285686
-0.0260735
-0.0209252
-0.0352311
-0.0296977
-0.0204402
-0.0427039
-0.0340718
-0.0209949
-0.0489204
-0.0391178
-0.024173
-0.00117905
-0.00943305
-0.0183218
-0.0224736
-0.0246554
-0.0277761
-0.0318004
-0.0365053
-0.000835107
-0.00132813
-0.000154265
0
-0.0077846
-0.00987757
-0.0069734
-0.0049563
-0.0178854
-0.0191197
-0.0164806
-0.0149582
-0.0237068
-0.0235973
-0.0218145
-0.0218902
-0.0273322
-0.0266738
-0.0240619
-0.0249878
-0.0333757
-0.0314815
-0.0268935
-0.0288707
-0.0409071
-0.0371524
-0.0307274
-0.0343004
-0.0475101
-0.0426349
-0.0352678
-0.0399371
-0.00335783
-0.00273225
-0.00470347
-0.0035687
-0.00147994
-0.00142835
0
-0.0130414
-0.0119305
-0.0136477
-0.0108961
-0.00908745
-0.00694292
-0.0214456
-0.0198079
-0.0199175
-0.017648
-0.0174194
-0.014661
-0.0253869
-0.0230187
-0.0220777
-0.0206302
-0.0213029
-0.0196111
-0.030003
-0.0253253
-0.0233203
-0.0208297
-0.0226762
-0.0209462
-0.0371348
-0.0287128
-0.025127
-0.0203957
-0.0241085
-0.0205516
-0.0444086
-0.0329157
-0.0282298
-0.0215217
-0.0264768
-0.0206445
-0.0502654
-0.0453249
-0.0377901
-0.0328853
-0.025354
-0.0303838
-0.0231211
-0.000279577
-0.00732124
-0.0172028
-0.0228327
-0.0257708
-0.0301369
-0.0357304
-0.0412944
-0.00291925
-0.00289729
-0.000463001
-0.0124735
-0.011412
-0.00680685
-0.0206749
-0.0188311
-0.0156781
-0.0242855
-0.0217346
-0.0207203
-0.0277096
-0.0229851
-0.0223806
-0.0328775
-0.0245827
-0.0236915
-0.0385565
-0.0273011
-0.0257546
-0.0439721
-0.0315966
-0.0292597
-0.000466706
-0.000503802
-3.89644e-05
0
-0.0065501
-0.00754149
-0.00610523
-0.0051567
-0.016777
-0.0175482
-0.0161173
-0.0152727
-0.0232349
-0.0232923
-0.0223901
-0.0223153
-0.026786
-0.0265799
-0.0253659
-0.0256664
-0.0324802
-0.0317602
-0.0294923
-0.0302565
-0.03998
-0.0382887
-0.0350157
-0.0366474
-0.0467724
-0.0443668
-0.0406185
-0.0429358
-0.0025094
-0.00311213
-0.00206108
-0.00153103
-0.00189936
-0.00276369
-0.00213735
-0.0012662
4.57221e-05
-0.00024515
-0.000160142
0
-0.0117188
-0.0127547
-0.01118
-0.0101261
-0.0106861
-0.0116687
-0.0102529
-0.00924522
-0.00580388
-0.00686202
-0.00572625
-0.00465976
-0.0206976
-0.021073
-0.0199426
-0.0194925
-0.0191084
-0.0193363
-0.0181656
-0.0178884
-0.0154356
-0.0160941
-0.0146936
-0.0139922
-0.0249719
-0.0248653
-0.0239447
-0.024106
-0.0227548
-0.0223693
-0.0215332
-0.0218874
-0.0214139
-0.0212736
-0.0203496
-0.020448
-0.0292603
-0.0288758
-0.0271751
-0.0276461
-0.0249807
-0.0241412
-0.0228285
-0.0236504
-0.0237895
-0.0232063
-0.0222321
-0.0227909
-0.036179
-0.0349917
-0.0321748
-0.0333511
-0.0282384
-0.0266474
-0.0243379
-0.0259383
-0.0264754
-0.0252848
-0.0235012
-0.0246856
-0.0435683
-0.0414446
-0.0378572
-0.0398929
-0.032353
-0.0301161
-0.026876
-0.0291455
-0.0302073
-0.0282462
-0.0254298
-0.0274151
-0.0495996
-0.0470946
-0.043303
-0.0457469
-0.0371414
-0.0346997
-0.0309791
-0.0334509
-0.0346649
-0.0322708
-0.0287325
-0.0311585
-0.0012309
-0.000730529
-0.00120511
-0.000594137
-0.00016868
0
-0.00906816
-0.00858433
-0.00964547
-0.00818933
-0.00712971
-0.00479992
-0.0189173
-0.0182059
-0.0187303
-0.0174435
-0.0168481
-0.0146419
-0.0241473
-0.0232307
-0.0230489
-0.0221632
-0.0223374
-0.021435
-0.0279242
-0.0262058
-0.0256703
-0.0243499
-0.0249247
-0.0242687
-0.0342932
-0.0308012
-0.0296228
-0.0273279
-0.0285121
-0.0274721
-0.0418154
-0.0364432
-0.0344621
-0.0312588
-0.0332157
-0.0319878
-0.0482253
-0.0419661
-0.0395612
-0.0358811
-0.0382692
-0.0369907
-0.00431915
-0.00388844
-0.00366873
-0.00278877
-0.00375802
-0.0048515
-0.00431797
-0.00315614
-0.00290426
-0.00183028
-0.000923297
-0.00182867
-0.000864309
-0.000904479
0
-0.0143388
-0.0137385
-0.0131472
-0.0121987
-0.0125483
-0.0132723
-0.0118831
-0.0111561
-0.00989825
-0.00896763
-0.00793395
-0.00791011
-0.00682593
-0.00601692
-0.0221177
-0.0213219
-0.0204195
-0.0202533
-0.0194116
-0.0193602
-0.0182348
-0.0182781
-0.0169926
-0.0168935
-0.016587
-0.0154955
-0.0152109
-0.0137741
-0.0258213
-0.0246299
-0.0232737
-0.0236645
-0.0219139
-0.0214245
-0.0207651
-0.0211474
-0.0204522
-0.020745
-0.0210341
-0.0199462
-0.020167
-0.0192154
-0.0307884
-0.0282755
-0.0256902
-0.0265204
-0.0231492
-0.0219858
-0.0207647
-0.021875
-0.0208851
-0.0217594
-0.0225282
-0.0209477
-0.0216177
-0.0209189
-0.0380892
-0.0335871
-0.0291998
-0.0307863
-0.0248454
-0.022812
-0.0204092
-0.0225025
-0.020407
-0.0222773
-0.0238939
-0.0204896
-0.0221127
-0.020621
-0.0452224
-0.0392499
-0.0334888
-0.0357215
-0.0277525
-0.025261
-0.0218535
-0.0244439
-0.0212352
-0.0237675
-0.0261034
-0.0207981
-0.0232276
-0.02053
-0.0509254
-0.0484373
-0.0446449
-0.0422178
-0.0384509
-0.0408757
-0.0360084
-0.0322344
-0.0297536
-0.0259788
-0.0284794
-0.0247503
-0.0272934
-0.0298104
-0.0236281
-0.0262148
-0.0226545
-0.000192185
-0.0063135
-0.0164489
-0.0228321
-0.0261053
-0.0309947
-0.0374713
-0.0436585
-0.00225552
-0.00196108
-1.42926e-05
-0.0114447
-0.0104608
-0.00573063
-0.0203297
-0.0186547
-0.0150763
-0.024486
-0.0221397
-0.0208913
-0.0282403
-0.0238897
-0.022997
-0.0341673
-0.0262861
-0.0249788
-0.040676
-0.0296219
-0.0278226
-0.0464236
-0.0340665
-0.0317061
-0.00094131
-0.000610778
3.678e-05
-0.00881752
-0.00837326
-0.00593264
-0.0185669
-0.0178326
-0.0157807
-0.0237132
-0.0227106
-0.0219155
-0.027092
-0.025285
-0.0245872
-0.0325468
-0.02906
-0.0279824
-0.0390965
-0.0338372
-0.0325992
-0.0450624
-0.0389131
-0.0376287
-0.0040823
-0.003747
-0.00193752
-0.00366738
-0.00396473
-0.00244556
-0.000690655
-0.00130575
-0.000427255
-0.0140372
-0.0134423
-0.0109266
-0.0128507
-0.01223
-0.0100642
-0.00804001
-0.00788461
-0.00581234
-0.0217344
-0.0208832
-0.0195362
-0.0199306
-0.0188543
-0.0176224
-0.017032
-0.0160861
-0.0142683
-0.0252552
-0.0239633
-0.0233627
-0.0225838
-0.0212992
-0.0209648
-0.0216013
-0.0204807
-0.0197943
-0.0295482
-0.0269844
-0.0260823
-0.0244069
-0.0219301
-0.0218196
-0.0234236
-0.0216939
-0.0215299
-0.0358195
-0.0313833
-0.0301992
-0.0270239
-0.0226453
-0.0223809
-0.0256051
-0.0221891
-0.0220462
-0.042198
-0.036355
-0.0350906
-0.0306285
-0.0248348
-0.0240881
-0.0286872
-0.023481
-0.0230052
-0.047764
-0.0415439
-0.040215
-0.0353494
-0.0291072
-0.0278741
-0.0328524
-0.0267394
-0.0257213
