FiniteElementSpace
FiniteElementCollection: H1_2D_P2
VDim: 2
Ordering: 0

0
1.06747
2.16161
3.13314
3.84297
4.28836
4.56617
4.77269
4.96339
0
0.924352
1.76033
2.46387
2.98937
3.34715
3.59417
3.79255
3.98195
0.523323
0.998239
0.473423
0
1.61894
1.97394
1.35509
2.67367
2.82218
2.13243
3.52454
3.44029
2.74976
4.09363
3.834
3.18627
4.44138
4.08778
3.4803
4.67385
4.28475
3.69627
4.8682
4.473
3.88707
0.498793
1.49387
2.4222
3.16251
3.66067
3.9725
4.18948
4.37835
0.257642
0.513785
0.249407
0
1.34312
1.55965
1.24713
1.03585
2.42292
2.55186
2.20314
2.07136
3.33792
3.34779
3.0002
2.98184
3.97613
3.8808
3.55709
3.64572
4.3692
4.20915
3.90684
4.06417
4.62157
4.43248
4.13982
4.32843
4.82061
4.62334
4.33156
4.52906
0.793758
0.748502
0.959124
0.701256
0.483266
0.240366
0
1.89266
1.73679
1.87007
1.56135
1.42445
1.14249
2.91116
2.62911
2.65122
2.30363
2.28332
1.95102
3.69276
3.30906
3.22316
2.87522
2.96507
2.61266
4.19711
3.75246
3.59575
3.27072
3.43036
3.0928
4.50654
4.03239
3.84325
3.53914
3.72998
3.41665
4.72397
4.23757
4.03929
3.74484
3.94418
3.64628
4.91579
4.71817
4.4254
4.22755
3.93446
4.13294
3.83984
0.255125
1.29823
2.31679
3.1733
3.77051
4.14063
4.3818
4.57626
0.774048
0.722078
0.243497
1.81814
1.65046
1.19358
2.77421
2.47362
2.0816
3.50512
3.10092
2.81518
3.97813
3.51762
3.33262
4.27129
3.78865
3.66609
4.48132
3.99214
3.8948
4.67059
4.18004
4.0861
0.127308
0.257171
0.126645
0
1.20516
1.32167
1.16705
1.05266
2.29347
2.37079
2.19522
2.11744
3.23785
3.25651
3.07967
3.0584
3.91166
3.87412
3.71002
3.74518
4.32998
4.25545
4.10349
4.17688
4.59431
4.5019
4.35552
4.44759
4.7967
4.69844
4.5527
4.65092
0.658058
0.784921
0.643692
0.519575
0.623611
0.735093
0.602839
0.490853
0.124748
0.246376
0.122782
0
1.75625
1.85636
1.6894
1.59028
1.61592
1.69414
1.53814
1.45943
1.12286
1.22041
1.07673
0.97858
2.79432
2.8436
2.66477
2.61369
2.52728
2.55286
2.37996
2.35404
2.08966
2.14341
1.97694
1.92278
3.61102
3.59981
3.42859
3.43705
3.23773
3.20677
3.03471
3.06559
2.91311
2.90945
2.73492
2.73835
4.14704
4.08831
3.93098
3.98797
3.70794
3.63635
3.47521
3.54698
3.50041
3.44646
3.27941
3.33344
4.47474
4.38928
4.24093
4.32572
4.00309
3.91119
3.75989
3.85206
3.87141
3.78745
3.63181
3.71602
4.69912
4.60274
4.45708
4.55331
4.21368
4.11508
3.9683
4.06714
4.11416
4.01772
3.86935
3.96605
4.89197
4.79318
4.64694
4.74576
4.40183
4.30275
4.15645
4.25571
4.30818
4.20893
4.06272
4.16218
0.389779
0.38428
0.506604
0.374066
0.252408
0
1.48116
1.42918
1.52742
1.37086
1.27325
1.01754
2.54987
2.43578
2.48808
2.31406
2.26092
2.0235
3.43363
3.2627
3.25641
3.08332
3.08799
2.9032
4.03678
3.82738
3.77181
3.61044
3.66495
3.54422
4.40627
4.17578
4.09147
3.94048
4.02449
3.94996
4.64802
4.40742
4.31123
4.1649
4.26115
4.20853
4.84441
4.5998
4.50089
4.35494
4.45399
4.40703
0.930286
0.904798
0.873409
0.761705
0.840871
0.940811
0.81339
0.710537
0.587937
0.477167
0.363477
0.357593
0.241157
0.121624
0
2.02796
1.94557
1.85621
1.77822
1.76115
1.81595
1.66178
1.60613
1.45905
1.38953
1.30953
1.24952
1.16741
1.03407
3.02431
2.87997
2.72745
2.70279
2.56405
2.56002
2.38509
2.3908
2.21929
2.20964
2.18377
2.0429
2.01758
1.85673
3.77013
3.57747
3.37653
3.40834
3.16368
3.10872
2.93363
2.99068
2.81387
2.8601
2.89187
2.68261
2.71657
2.53965
4.24417
4.02245
3.79441
3.86627
3.55774
3.47288
3.30985
3.39587
3.22953
3.31028
3.38287
3.14069
3.21493
3.04234
4.53695
4.3004
4.06058
4.15237
3.81639
3.7193
3.56706
3.66466
3.51024
3.6061
3.69877
3.44912
3.54256
3.38268
4.74845
4.5053
4.26124
4.35963
4.01579
3.91607
3.76876
3.86872
3.72069
3.82056
3.91971
3.67148
3.77099
3.62052
4.9396
4.84074
4.69433
4.59561
4.44911
4.54801
4.35031
4.20374
4.10474
3.95819
4.05728
3.91072
4.01005
4.1095
3.86344
3.96307
3.81621
0.127371
1.1871
2.24528
3.15965
3.81166
4.21731
4.47517
4.67473
0.651896
0.613019
0.123731
1.72379
1.57742
1.09977
2.73045
2.45501
2.03421
3.52068
3.13802
2.82573
4.03973
3.59297
3.39158
4.35825
3.88223
3.75267
4.57822
4.09126
3.99223
4.76944
4.27918
4.18558
0.388
0.379399
0.125776
1.45615
1.40063
1.14549
2.49375
2.37592
2.14334
3.34905
3.17426
2.9976
3.93285
3.72003
3.6064
4.29152
4.05883
3.98827
4.5279
4.28645
4.23522
4.7221
4.47743
4.43054
0.91855
0.889569
0.634037
0.85698
0.82609
0.594208
0.368655
0.359459
0.121943
1.98771
1.90169
1.65336
1.80933
1.71195
1.49858
1.34035
1.27908
1.05461
2.95304
2.80487
2.59711
2.64733
2.47692
2.30162
2.25008
2.11486
1.91785
3.67465
3.47823
3.33441
3.27186
3.0512
2.92696
2.98938
2.78993
2.63987
4.13396
3.90936
3.82049
3.6773
3.43536
3.35421
3.4982
3.26389
3.16323
4.41901
4.18097
4.1226
3.93908
3.6924
3.63593
3.82052
3.57502
3.50856
4.62694
4.38342
4.33559
4.13871
3.89247
3.84477
4.04267
3.79599
3.74546
4.81694
4.57174
4.52441
4.32645
4.08098
4.03362
4.2323
3.98654
3.93959
0
0.0351586
0.320756
0.948964
1.84304
2.84744
3.86272
4.86115
5.84615
1
1.02689
1.23348
1.68627
2.36029
3.1856
4.09936
5.0594
6.03814
-0.00176351
0.506535
1.0014
0.5
0.137207
0.745633
1.10106
0.593031
1.29204
1.42887
1.3727
2.08803
1.9997
2.33974
3.01122
2.75847
3.35665
3.97929
3.63448
4.36414
4.95983
4.57559
5.35468
5.94205
5.54775
0.481831
0.589652
0.980948
1.6666
2.54035
3.49248
4.46893
5.45107
-0.00195415
0.236101
0.485374
0.25
0.0768686
0.357794
0.539736
0.265842
0.445824
0.78111
0.853356
0.527284
1.15363
1.51452
1.47239
1.1149
2.0892
2.43621
2.3112
1.96102
3.10224
3.42208
3.25092
2.92619
4.11402
4.41521
4.22387
3.91913
5.10828
5.40242
5.20545
4.90964
0.00977083
0.488035
0.759217
1.00883
0.736874
1.00236
0.75
0.218071
0.657908
0.979086
1.15956
0.835756
1.05719
0.761329
1.12763
1.48162
1.55009
1.1952
1.32323
1.60339
1.87252
2.22198
2.17471
1.82842
1.8365
2.59294
2.77406
3.09906
2.9689
2.64904
2.55525
3.61023
3.7354
4.04039
3.86523
3.56453
3.40771
4.61315
4.71429
5.01026
4.81675
4.52314
4.3363
5.60056
5.89384
5.69663
5.99033
5.79283
5.49982
5.30318
0.238631
0.302937
0.643661
1.30762
2.19602
3.17377
4.16735
5.15623
0.244348
0.742256
0.740313
0.432174
0.898511
0.789802
0.938709
1.33011
1.078
1.73312
2.02023
1.64829
2.68002
2.87172
2.43206
3.67064
3.80141
3.33023
4.66264
4.76629
4.28108
5.64824
5.74506
5.25484
-0.000326602
0.117813
0.243363
0.125
0.053749
0.18868
0.282292
0.149344
0.380356
0.543393
0.5828
0.422687
1.04923
1.22928
1.20933
1.03057
1.96542
2.1414
2.07775
1.90077
2.97485
3.1371
3.04985
2.88583
3.98852
4.14014
4.04328
3.89029
4.98481
5.13202
5.03298
4.88509
0.0023978
0.125988
0.238722
0.116252
0.483552
0.613737
0.738267
0.608147
0.491214
0.611775
0.744527
0.625
0.174864
0.323814
0.392447
0.246228
0.621422
0.776082
0.864988
0.710681
0.521174
0.662908
0.772708
0.631226
0.674513
0.848655
0.857465
0.68571
1.052
1.22698
1.26053
1.08604
0.797008
0.963541
1.02628
0.860194
1.4867
1.66696
1.6225
1.44228
1.76824
1.94541
1.92299
1.7463
1.38037
1.55889
1.56319
1.38515
2.46609
2.63541
2.55775
2.38684
2.65671
2.82266
2.75974
2.59432
2.19877
2.37108
2.32608
2.15426
3.48357
3.63971
3.54636
3.38855
3.6138
3.76845
3.68268
3.52851
3.1308
3.29052
3.21421
3.05501
4.48878
4.63751
4.53898
4.38921
4.59158
4.74036
4.6446
4.49611
4.10151
4.25255
4.16054
4.0099
5.47768
5.62429
5.52538
5.37839
5.57386
5.72089
5.62242
5.47549
5.08264
5.2302
5.13249
4.98511
-0.00312717
0.236196
0.357888
0.482513
0.36104
0.375
0.104485
0.328018
0.472163
0.562507
0.419863
0.384831
0.516575
0.709783
0.87943
0.914724
0.746875
0.634819
1.26146
1.40945
1.58931
1.56791
1.38865
1.20201
2.21402
2.31557
2.48749
2.42512
2.25271
2.02351
3.22953
3.29787
3.45686
3.3715
3.21184
2.96812
4.23923
4.29133
4.44186
4.34635
4.19536
3.94891
5.23156
5.27937
5.42668
5.32827
5.18075
4.93461
0.0205268
0.253288
0.495592
0.364972
0.749165
0.890932
1.01645
0.873844
1.00392
0.867966
0.737701
1.001
0.870798
1.00285
0.875
0.266507
0.477079
0.699309
0.543425
0.93656
1.10316
1.19464
1.026
1.12849
0.965592
0.810783
1.07741
0.920996
1.04046
0.85275
1.02459
1.20774
1.03163
1.4039
1.58179
1.61644
1.43753
1.48765
1.30915
1.13437
1.37417
1.19754
1.27645
1.72221
1.84604
1.97921
1.80169
2.11998
2.29074
2.26628
2.09669
2.08585
1.91284
1.73681
1.9166
1.7407
1.75975
2.72009
2.80287
2.89227
2.72636
2.98486
3.14276
3.07653
2.92063
2.86286
2.70391
2.53977
2.65592
2.49357
2.45669
3.73662
3.79491
3.85724
3.70266
3.92066
4.07034
3.98191
3.83381
3.7494
3.60001
3.44702
3.52056
3.36946
3.29603
4.73727
4.78619
4.83704
4.6883
4.88819
5.0351
4.93792
4.79184
4.69596
4.54974
4.40196
4.45569
4.30911
4.21751
5.72337
5.8699
5.77104
5.91789
5.81935
5.67238
5.96622
5.86772
6.01435
5.91547
5.76907
5.67025
5.52395
5.37729
5.42539
5.27922
5.18117
0.121223
0.166842
0.480256
1.12794
2.02036
3.01141
4.01531
5.00863
0.119566
0.609608
0.617178
0.282381
0.741121
0.645181
0.764646
1.1543
0.909482
1.5533
1.84453
1.47021
2.51082
2.70793
2.26178
3.51419
3.64826
3.17242
4.51346
4.61816
4.13109
5.50139
5.59818
5.10762
0.115815
0.358329
0.366644
0.215017
0.443746
0.400318
0.611844
0.810639
0.688268
1.33413
1.48738
1.29344
2.26363
2.36951
2.13731
3.26284
3.33422
3.08978
4.26478
4.31862
4.07212
5.25527
5.30374
5.0577
0.135801
0.373151
0.359989
0.620847
0.880889
0.869649
0.608959
0.868527
0.873245
0.370491
0.586567
0.505346
0.815779
1.06249
0.993793
0.684696
0.941421
0.904262
0.937325
1.11467
0.953164
1.30404
1.50779
1.37134
1.02245
1.25126
1.14823
1.78286
1.91155
1.69419
2.04874
2.19254
2.00342
1.65103
1.82524
1.65954
2.76046
2.84694
2.6065
2.93839
3.03108
2.81155
2.48199
2.59789
2.39115
3.76508
3.82575
3.57968
3.88901
3.95177
3.71654
3.40924
3.48429
3.25559
4.76139
4.81148
4.5651
4.86268
4.91334
4.67062
4.37423
4.42922
4.18947
5.7471
5.79515
5.54956
5.84358
5.89171
5.64647
5.35283
5.40152
5.15707
