FiniteElementSpace
FiniteElementCollection: H1_2D_P2
VDim: 2
Ordering: 0

0
-0.00532768
-0.00360698
-0.000553677
0.00145598
0.00286885
0.00411088
0.00509932
0.00579849
0
0.00432582
0.00733641
0.0103235
0.013618
0.0160698
0.0166612
0.0164422
0.0168705
-0.00368232
-0.000939588
0.00246616
0
-0.00499934
0.00176281
0.0058832
-0.00198123
0.00489593
0.00878685
0.000571798
0.00760283
0.0119695
0.00219687
0.00957685
0.015055
0.00350734
0.0104363
0.0165765
0.00465157
0.0107447
0.0165363
0.00545759
0.0112484
0.0165471
-0.00090341
0.000175133
0.00338377
0.00630376
0.00872336
0.0101305
0.0106024
0.0109505
-0.00196151
-0.00209603
-0.000405531
0
-0.00536
-0.00239209
-0.000481918
-0.00306295
-0.00278685
0.000669794
0.00258359
-0.000933581
4.50591e-05
0.00342445
0.00561168
0.00213684
0.00183882
0.00552225
0.00819147
0.00455471
0.00319158
0.00688455
0.00988979
0.00630049
0.00439131
0.0076279
0.0105293
0.00730835
0.00528719
0.00818189
0.0108361
0.0079006
-0.00478435
-0.00110293
0.00137197
0.00345468
0.000348651
0.00130568
0
-0.00437567
0.000945379
0.00451969
0.00661614
0.00287979
0.00512545
-0.00123041
0.00415446
0.00764784
0.00954042
0.00611166
0.00805588
0.00103778
0.0069699
0.0106169
0.0128053
0.00916287
0.0111362
0.00253833
0.0091875
0.0128036
0.0156245
0.0118783
0.0143778
0.00381481
0.0103084
0.0135403
0.0166602
0.0133353
0.0163852
0.00488806
0.0106701
0.0136019
0.0164722
0.0135726
0.0166093
0.00562236
0.00851056
0.0110884
0.0140361
0.0166884
0.0137489
0.0164644
-0.000898939
-0.00287924
-0.000124703
0.00280158
0.0050605
0.00661549
0.00747748
0.00803669
-0.00283185
0.000779462
7.85421e-05
-0.0017124
0.00369958
0.00208951
0.00142642
0.00688383
0.00532491
0.00400863
0.00990419
0.00840795
0.00593625
0.0123894
0.0112816
0.00711319
0.0134703
0.0131173
0.00776665
0.0135784
0.013567
0.00834099
0.0138773
0.0136565
-0.000787996
-0.00132121
-0.000313099
0
-0.00540067
-0.00409411
-0.00301625
-0.00416043
-0.00319755
-0.00146092
-0.000529657
-0.00226927
-0.000244665
0.00141248
0.00247465
0.000778657
0.00165106
0.00346432
0.00481285
0.0030127
0.0030311
0.00492944
0.00646395
0.0046114
0.00425336
0.00594059
0.00739568
0.00572183
0.00519582
0.00665484
0.00796796
0.00649346
-0.00430063
-0.00376248
-0.00253117
-0.00282244
-0.00105018
-0.000210034
0.000543967
-0.00032365
-0.000143564
-0.000188506
3.75634e-05
0
-0.00471132
-0.00303569
-0.00206997
-0.00367911
0.000550431
0.0023053
0.0032878
0.0015003
-0.00074187
0.000766339
0.00171811
0.000170664
-0.00159685
8.55017e-05
0.00105354
-0.000665498
0.00377276
0.00552317
0.0064991
0.00474929
0.00217442
0.00395164
0.00492442
0.0031324
0.000811547
0.00252321
0.00372126
0.00199177
0.0066404
0.00844115
0.00953604
0.00773817
0.00525674
0.0070151
0.00802829
0.006277
0.00236925
0.0042623
0.00573536
0.00388038
0.00896442
0.0107895
0.0121454
0.0103025
0.00790345
0.00973895
0.0109566
0.00911309
0.0036623
0.005482
0.00700346
0.00521875
0.0102265
0.0118898
0.0134122
0.0117333
0.00974269
0.011504
0.0129729
0.0111909
0.00477291
0.00632361
0.0076983
0.0061404
0.0106361
0.0121248
0.0135743
0.0120883
0.0104862
0.0120488
0.0135576
0.0119889
0.00553947
0.00698101
0.00825967
0.00681463
0.0110168
0.0124785
0.0138091
0.0123472
0.0107878
0.0122454
0.0136248
0.0121733
-0.00292459
-0.00153783
-0.00147555
-0.000673843
-0.00064008
0
-0.00521972
-0.00266638
-0.00111385
-0.000172821
-0.00168415
-0.00200002
-0.0023784
0.00027614
0.00202202
0.00298687
0.00122429
0.000409124
0.000316809
0.00311797
0.00486424
0.00596067
0.0042048
0.00351312
0.00202034
0.00529711
0.00713262
0.00846524
0.0066337
0.00608395
0.00335039
0.00675541
0.00851752
0.0100187
0.00826392
0.00795038
0.00452422
0.00755456
0.00911565
0.0105674
0.00900633
0.00887789
0.00537392
0.00810777
0.00956138
0.0108903
0.00943208
0.00931935
-0.00512663
-0.00300545
-0.00106384
-0.00195645
0.00105664
0.0027386
0.00390275
0.00197364
0.00297961
0.00124741
0.000192181
0.00191273
0.000528341
0.000601888
0
-0.00400175
-0.00133052
0.00135112
-0.00038921
0.00411057
0.00592143
0.0069778
0.00513449
0.00625261
0.004335
0.00247818
0.00550893
0.00353144
0.00473305
-0.000881989
0.00178743
0.00452853
0.00278625
0.00726646
0.00899882
0.00992842
0.00822544
0.00916072
0.00745999
0.00572035
0.00841977
0.00669482
0.00769613
0.001252
0.00428651
0.00729113
0.00549182
0.0102653
0.012117
0.0132164
0.0113584
0.0123885
0.0105738
0.00878641
0.0115513
0.00978309
0.0107267
0.0027047
0.00612458
0.00939172
0.00757309
0.012609
0.0144261
0.0158636
0.0139975
0.0153548
0.0134593
0.0115897
0.0147286
0.0128255
0.0140065
0.00396455
0.00721446
0.0103777
0.00871877
0.0135121
0.0150958
0.0166695
0.0150577
0.0166307
0.0149464
0.0132376
0.0164959
0.0147406
0.016244
0.00499676
0.0078338
0.0107058
0.00921671
0.013587
0.0150259
0.0164515
0.0150279
0.0165014
0.0150551
0.0135711
0.0165736
0.015086
0.01664
0.00570831
0.00715668
0.00842488
0.00987376
0.011165
0.0097094
0.0126371
0.0139527
0.0154512
0.0167764
0.0152835
0.0166106
0.0151507
0.0136979
0.0164979
0.0150642
0.0164459
-0.000446772
-0.00417845
-0.00186603
0.0011028
0.00324305
0.00477411
0.0058337
0.00657484
-0.00336181
-0.000300792
-7.15912e-05
-0.00337851
0.00189704
0.000446086
-0.000283149
0.00513889
0.00354391
0.00226307
0.00809271
0.0066478
0.00407549
0.0105563
0.0094328
0.00535342
0.0118197
0.0113583
0.00623391
0.0121059
0.0120225
0.00689654
0.0124096
0.0122059
-0.00214912
-0.00108085
-0.000222706
-0.00392226
-0.00142438
-0.00188074
-0.00105894
0.00162651
0.000817016
0.00170854
0.0045384
0.00386307
0.00367666
0.00689001
0.00636463
0.00507747
0.00839775
0.00811492
0.00604272
0.00906267
0.00894519
0.00673445
0.00949443
0.00937402
-0.00402614
-0.0020293
-0.00177329
-5.13841e-05
0.0023517
0.00160656
-0.000281166
0.000893108
0.000180865
-0.00266182
4.6311e-06
-0.00076546
0.00271804
0.00552971
0.00473582
0.00112022
0.00393272
0.00313239
0.000439662
0.00315418
0.00240862
0.00590218
0.00861085
0.0078422
0.00435329
0.00707799
0.00630962
0.0027729
0.00579268
0.00518213
0.00878187
0.0117425
0.010968
0.00737865
0.0101783
0.0093897
0.0044408
0.00776972
0.0073605
0.0110012
0.0142261
0.0137415
0.0100295
0.0131533
0.0124792
0.00560467
0.00880286
0.00862404
0.0119454
0.0150845
0.0150128
0.0116285
0.0148565
0.0145977
0.00640995
0.00926729
0.00916657
0.0121467
0.0150226
0.0150395
0.0120699
0.0150716
0.0150953
0.0070681
0.0097893
0.00963323
0.0125538
0.0153635
0.0152118
0.0122925
0.0151013
0.0150392
0
-0.0123093
-0.0258199
-0.0374233
-0.0489938
-0.0617601
-0.074487
-0.0858526
-0.0966112
0
-0.00797521
-0.0198514
-0.031608
-0.0440561
-0.0582089
-0.0723615
-0.0846589
-0.0958203
-0.0059992
-0.00972885
-0.00300064
0
-0.0192572
-0.0228844
-0.0138341
-0.0317922
-0.034441
-0.0257604
-0.0430705
-0.046343
-0.037627
-0.0552636
-0.0599441
-0.0509699
-0.0682474
-0.0735497
-0.0654494
-0.0803455
-0.0853444
-0.0787576
-0.0911922
-0.0962175
-0.0902583
-0.00347087
-0.0164802
-0.0287934
-0.040192
-0.0529807
-0.0669094
-0.0796833
-0.0907563
-0.00352901
-0.00454381
-0.00109553
0
-0.0157888
-0.0177928
-0.0131153
-0.0108787
-0.0288701
-0.030281
-0.0258919
-0.0243257
-0.0402248
-0.0415791
-0.0372814
-0.0359048
-0.052089
-0.0540784
-0.0496058
-0.0476068
-0.0650211
-0.0676104
-0.0634488
-0.060846
-0.0774661
-0.0800689
-0.0766829
-0.0740724
-0.0885274
-0.0909918
-0.0880627
-0.085637
-0.00898093
-0.00645175
-0.00881942
-0.00530472
-0.00294013
-0.00134583
0
-0.0226152
-0.0197473
-0.0214325
-0.0168481
-0.015226
-0.0108533
-0.0346276
-0.0316276
-0.0330133
-0.0286797
-0.0273024
-0.0228227
-0.0459884
-0.0432061
-0.0451623
-0.0407803
-0.0388772
-0.034579
-0.0584968
-0.0564398
-0.0590619
-0.0545668
-0.0519455
-0.0474571
-0.07141
-0.0702862
-0.0729705
-0.0689628
-0.066182
-0.0618514
-0.0831345
-0.0825624
-0.0850088
-0.0817609
-0.0792369
-0.0756276
-0.0938813
-0.096417
-0.0934644
-0.0960148
-0.0930234
-0.0905012
-0.0874806
-0.00196378
-0.0143434
-0.0273664
-0.0387128
-0.0507913
-0.0642491
-0.0771314
-0.0883229
-0.00754894
-0.00572799
-0.000765915
-0.0211339
-0.0183723
-0.0120215
-0.0331107
-0.0301593
-0.0244036
-0.0445372
-0.0419566
-0.0359063
-0.057442
-0.0554805
-0.0484966
-0.0708938
-0.0696343
-0.0626444
-0.0828964
-0.0821746
-0.0761725
-0.0936834
-0.0932334
-0.087772
-0.00213895
-0.00266809
-0.00093565
0
-0.0140445
-0.0150367
-0.0126052
-0.0115585
-0.0273649
-0.0281134
-0.0258636
-0.0250643
-0.0388204
-0.0394562
-0.0373041
-0.0366556
-0.0505301
-0.0514222
-0.0491854
-0.0482805
-0.0633929
-0.0646405
-0.0625502
-0.0613018
-0.0759896
-0.0773173
-0.0756171
-0.0742976
-0.0871936
-0.0884332
-0.0869846
-0.0857567
-0.00743328
-0.00822594
-0.00599396
-0.00523863
-0.00491029
-0.00604267
-0.0042805
-0.00313157
-0.000365596
-0.000861523
-0.000159657
0
-0.0209569
-0.0218601
-0.0194804
-0.0185031
-0.018128
-0.0190664
-0.016808
-0.0158549
-0.0114172
-0.0125602
-0.0104135
-0.00924946
-0.0332182
-0.033864
-0.0317033
-0.0310328
-0.0302159
-0.0308933
-0.0287338
-0.0280511
-0.0244028
-0.0251539
-0.0229282
-0.022166
-0.0445186
-0.0452436
-0.0430453
-0.0423082
-0.0416848
-0.0425722
-0.040402
-0.0395265
-0.035855
-0.0365877
-0.0344525
-0.0337237
-0.0568742
-0.0579615
-0.0557529
-0.0546572
-0.0547022
-0.0559548
-0.0537045
-0.0524558
-0.0479594
-0.0490425
-0.0468139
-0.0457433
-0.0698384
-0.0711673
-0.0692635
-0.06794
-0.0686102
-0.0699638
-0.067921
-0.0665473
-0.0616992
-0.0630459
-0.060856
-0.0594999
-0.0817507
-0.0830306
-0.0814951
-0.0802247
-0.0811366
-0.0823732
-0.0807203
-0.0794656
-0.0751329
-0.0764333
-0.0745887
-0.073265
-0.0925317
-0.0937839
-0.0923328
-0.0910962
-0.0921064
-0.0933488
-0.0918646
-0.0906295
-0.0867091
-0.0879194
-0.0863969
-0.08518
-0.00468997
-0.00319175
-0.00394823
-0.00218811
-0.00146081
0
-0.0175353
-0.0160773
-0.017121
-0.0148055
-0.0137049
-0.0102688
-0.0303458
-0.0288369
-0.0295353
-0.0273534
-0.0266272
-0.023601
-0.0416396
-0.0401364
-0.0408752
-0.0387258
-0.0379889
-0.0351672
-0.0536671
-0.0524236
-0.0535209
-0.0512809
-0.0501877
-0.046963
-0.0666406
-0.0659372
-0.0672651
-0.0651871
-0.0638508
-0.0603931
-0.0789184
-0.0786147
-0.0798862
-0.0781991
-0.0769175
-0.0738207
-0.0898588
-0.0896571
-0.090878
-0.0894101
-0.0881982
-0.085498
-0.0106149
-0.00918576
-0.00806553
-0.00695474
-0.00724948
-0.00840839
-0.00660909
-0.00549058
-0.00410061
-0.00289316
-0.00175989
-0.00207352
-0.000906909
-0.000693975
0
-0.0242401
-0.0227491
-0.021332
-0.0204321
-0.0199133
-0.0206681
-0.0183546
-0.0176428
-0.015342
-0.0145649
-0.013627
-0.0123378
-0.0114668
-0.00939825
-0.0360274
-0.034509
-0.0330338
-0.0323658
-0.0315841
-0.0323087
-0.030141
-0.029423
-0.0272216
-0.0265418
-0.0258603
-0.0242963
-0.0236314
-0.021343
-0.0474792
-0.0460578
-0.044759
-0.0438599
-0.0435432
-0.0445996
-0.0424011
-0.0413591
-0.039188
-0.0382439
-0.03738
-0.0360906
-0.0352369
-0.0330857
-0.0601265
-0.0591415
-0.0581891
-0.0569354
-0.0572682
-0.0586312
-0.0563847
-0.0550175
-0.0527594
-0.0514499
-0.0502082
-0.0491999
-0.0479678
-0.0457402
-0.0729606
-0.0724972
-0.0719333
-0.0705979
-0.0713183
-0.072669
-0.0706789
-0.0693003
-0.0672197
-0.0658157
-0.0644215
-0.0636593
-0.0622458
-0.0600332
-0.0845012
-0.0842757
-0.0839635
-0.0827384
-0.0836027
-0.0848342
-0.0832218
-0.0819698
-0.0802747
-0.0790004
-0.0777214
-0.0772102
-0.0759036
-0.0740127
-0.0952429
-0.0965151
-0.0950463
-0.0963178
-0.0948339
-0.0935767
-0.096116
-0.094614
-0.0959145
-0.0944109
-0.0931227
-0.0916394
-0.090376
-0.0891384
-0.0888725
-0.0876245
-0.0860773
-0.0014037
-0.0132918
-0.0266075
-0.0380519
-0.0498388
-0.0629737
-0.0758216
-0.0870991
-0.00667689
-0.0045347
-0.000214505
-0.0202001
-0.0174726
-0.0108995
-0.0324564
-0.0294763
-0.0236725
-0.043764
-0.0410347
-0.0351489
-0.0563026
-0.054197
-0.0473776
-0.0695643
-0.0682682
-0.0612757
-0.0816392
-0.0809336
-0.0748661
-0.092435
-0.0919858
-0.0865558
-0.00389715
-0.00262186
-0.000601583
-0.0167801
-0.0154215
-0.0119815
-0.0295871
-0.0280934
-0.0251304
-0.0408735
-0.0394217
-0.0365726
-0.0530294
-0.0518424
-0.0485609
-0.0662973
-0.0655657
-0.0621247
-0.0787846
-0.0784172
-0.0753851
-0.0897641
-0.0895383
-0.0868532
-0.00986292
-0.00858536
-0.0053999
-0.00762206
-0.00692286
-0.00413835
-0.00189426
-0.00180435
-0.000257303
-0.0234829
-0.0220345
-0.0187924
-0.02063
-0.0191632
-0.0161088
-0.0142136
-0.0130149
-0.00992687
-0.0352615
-0.0337669
-0.0309571
-0.0323071
-0.0308632
-0.0279844
-0.0266115
-0.0250923
-0.0221576
-0.0467489
-0.0453964
-0.0423539
-0.0441418
-0.0429628
-0.0397863
-0.0380457
-0.0367284
-0.0337652
-0.0596294
-0.0586615
-0.0552204
-0.0577244
-0.0568213
-0.0532251
-0.0507365
-0.0496958
-0.046268
-0.0727456
-0.0722241
-0.0689435
-0.0716301
-0.0710009
-0.0675711
-0.0648048
-0.0640393
-0.0604414
-0.084402
-0.0841278
-0.0813254
-0.0837872
-0.0834134
-0.0805001
-0.0779658
-0.0774691
-0.0743038
-0.095146
-0.094942
-0.0922229
-0.0947238
-0.0945077
-0.0917474
-0.0892757
-0.0890027
-0.0862364
