FiniteElementSpace
FiniteElementCollection: L2_2D_P3
VDim: 1
Ordering: 0

0.00858186
0.00539339
0.00740775
0.00977316
0.00361881
0.00308909
0.00528489
0.0077144
0.00110825
0.00145065
0.0031099
0.00492814
0.000696058
0.000889566
0.00188035
0.00292314
0.00326144
0.00293981
0.00255928
0.00229627
0.00248348
0.00223164
0.00193834
0.00173936
0.00167553
0.0015041
0.00131096
0.00118533
0.00121893
0.00110043
0.000972812
0.000894953
0.000195945
0.000128958
6.32047e-05
2.94439e-05
0.000165268
0.00011489
6.81687e-05
4.68669e-05
0.000189063
0.000155151
0.000127356
0.000118477
0.00025401
0.000228298
0.000209989
0.000207367
0.000455208
0.00052615
0.000626399
0.000708905
0.000368362
0.000418825
0.000491104
0.000551148
0.000305611
0.000332759
0.000373746
0.00040905
0.000290123
0.000301502
0.00032185
0.000341217
0.00143398
0.00145744
0.00148414
0.00150152
0.0010647
0.00108169
0.00110051
0.00111228
0.000689756
0.000699186
0.00070905
0.000714635
0.000473493
0.000477871
0.0004819
0.00048358
0.00124735
0.00119964
0.00113619
0.00108683
0.000931721
0.000897632
0.000851981
0.00081626
0.000605036
0.000584808
0.000557435
0.000535864
0.000413101
0.000400945
0.000384329
0.000371176
0.000467458
0.000424125
0.000370592
0.000331908
0.00036402
0.000331362
0.000291198
0.000262328
0.000257031
0.000235608
0.00020959
0.000191161
0.000195132
0.00018042
0.000162905
0.000150796
4.69856e-05
3.72604e-05
2.63636e-05
1.93616e-05
4.23783e-05
3.42138e-05
2.50978e-05
1.92493e-05
3.88489e-05
3.22342e-05
2.49184e-05
2.02613e-05
3.8105e-05
3.22725e-05
2.5895e-05
2.18824e-05
0.00570976
0.00538161
0.00500374
0.00475076
0.00449705
0.00420323
0.00386796
0.00364574
0.00313686
0.00289845
0.00263088
0.00245715
0.00228452
0.00209297
0.00188259
0.00174979
0.000480838
0.000467676
0.000465913
0.000476217
0.000615896
0.000606631
0.000602277
0.000605214
0.00125822
0.00121546
0.00115793
0.00111397
0.00214072
0.00204099
0.00190213
0.00179174
0.000192686
3.64051e-05
6.80975e-05
0.000169237
0.000222577
7.95178e-05
0.000148934
0.000304792
0.000370025
0.000295093
0.000601083
0.000996977
0.0007775
0.000685679
0.00126462
0.00196908
0.00125649
0.00106102
0.000833736
0.000680394
0.000950719
0.00080109
0.000630825
0.000519034
0.000677928
0.000578926
0.000471643
0.000405789
0.000565487
0.000497732
0.000429372
0.00039197
0.000560799
0.000547755
0.000543611
0.000550063
0.00062492
0.000604821
0.000590499
0.000588472
0.000804245
0.000761291
0.000717244
0.000692595
0.00102097
0.000949107
0.000868617
0.000817081
0.000519033
0.000518206
0.000528873
0.000546169
0.000633185
0.00062904
0.000632332
0.000641778
0.0010193
0.000989464
0.000956183
0.000935612
0.00151533
0.00144738
0.00136302
0.00130265
3.39202e-05
6.23232e-05
0.000114921
0.000167145
5.73966e-05
7.7598e-05
0.00011724
0.000157684
0.000126046
0.000135413
0.000158948
0.000185391
0.000204054
0.000204551
0.000215791
0.000232155
0.000374695
0.000348439
0.000323067
0.00030984
0.000343273
0.000314926
0.000286863
0.000271615
0.000297776
0.000266907
0.000236235
0.000219529
0.000260689
0.000228085
0.000196179
0.000179337
0.000506182
0.000482931
0.000464286
0.000458455
0.000512272
0.000483181
0.000456801
0.000444965
0.000537675
0.000495507
0.000452947
0.000429387
0.000572048
0.000515525
0.000455771
0.0004202
0.00103738
0.00109992
0.00118174
0.00124434
0.000784725
0.000829093
0.000887106
0.000931382
0.000537686
0.000561882
0.000593878
0.000618413
0.000402512
0.00041364
0.000429113
0.000441355
9.35936e-05
8.06554e-05
6.64279e-05
5.72518e-05
6.65189e-05
5.55205e-05
4.40213e-05
3.71382e-05
6.19196e-05
5.60024e-05
5.15218e-05
5.03758e-05
8.30342e-05
8.28824e-05
8.6318e-05
9.15779e-05
0.000219658
0.000197975
0.000175212
0.000161498
0.000180481
0.000159812
0.000138432
0.000125865
0.000137063
0.000120351
0.000104548
9.66326e-05
0.000111165
9.94816e-05
9.08203e-05
8.88686e-05
0.00149069
0.00147088
0.00144123
0.00141569
0.00110461
0.001091
0.00106992
0.0010513
0.000707827
0.000700056
0.000687337
0.000675701
0.000475893
0.000471262
0.00046323
0.000455637
6.61464e-06
7.46435e-06
8.89165e-06
1.02793e-05
3.68419e-06
4.52421e-06
6.34456e-06
8.34061e-06
5.32499e-05
5.35897e-05
5.5262e-05
5.75237e-05
0.00013199
0.000131547
0.00013256
0.000134585
2.35558e-05
1.91016e-05
1.41895e-05
1.10202e-05
1.21001e-05
8.80185e-06
5.76082e-06
4.33092e-06
4.54603e-05
4.48232e-05
4.5734e-05
4.77279e-05
0.000108416
0.000110627
0.000115619
0.000121036
0.000853554
0.000799576
0.000730724
0.000679289
0.000647876
0.000608315
0.000557868
0.000520223
0.000434211
0.000409638
0.000378443
0.000355313
0.00030878
0.000293098
0.000273402
0.000259009
4.28536e-05
4.40721e-05
4.66054e-05
4.93373e-05
3.68143e-05
3.75485e-05
3.96017e-05
4.20655e-05
6.16702e-05
5.97642e-05
5.864e-05
5.88539e-05
0.000105594
0.000100149
9.46615e-05
9.17117e-05
2.12649e-05
2.36482e-05
2.72697e-05
3.05341e-05
1.86061e-05
2.03828e-05
2.35189e-05
2.66271e-05
6.1662e-05
6.10034e-05
6.13759e-05
6.26594e-05
0.000130007
0.000126237
0.000122872
0.00012152
0.000190142
0.000164642
0.000134253
0.000113158
0.000154799
0.000134857
0.000111254
9.49945e-05
0.000119352
0.000105255
8.88382e-05
7.77341e-05
0.000100122
8.94631e-05
7.73068e-05
6.92873e-05
4.86838e-05
4.58004e-05
4.32086e-05
4.20599e-05
4.14253e-05
3.89297e-05
3.68032e-05
3.59818e-05
3.92794e-05
3.6302e-05
3.35848e-05
3.23431e-05
4.31896e-05
3.90881e-05
3.50055e-05
3.27982e-05
5.41087e-05
5.30975e-05
5.29924e-05
5.3844e-05
4.58835e-05
4.48633e-05
4.47727e-05
4.56501e-05
5.33086e-05
5.06038e-05
4.84497e-05
4.78415e-05
7.28154e-05
6.75505e-05
6.22341e-05
5.93338e-05
3.44004e-06
2.09759e-06
8.66987e-07
3.09691e-07
4.6372e-06
3.10121e-06
1.59697e-06
8.05195e-07
6.42312e-06
4.5844e-06
2.7198e-06
1.66535e-06
7.95078e-06
5.80279e-06
3.62765e-06
2.39449e-06
8.96887e-06
6.7072e-06
4.39753e-06
3.05059e-06
7.82461e-06
5.82771e-06
3.79391e-06
2.61213e-06
6.50527e-06
4.79738e-06
3.06778e-06
2.07187e-06
5.60976e-06
4.085e-06
2.55506e-06
1.6869e-06
3.00503e-05
2.6579e-05
2.29455e-05
2.07618e-05
2.59344e-05
2.29407e-05
1.98645e-05
1.80613e-05
2.23359e-05
1.96051e-05
1.68394e-05
1.52557e-05
2.08827e-05
1.80782e-05
1.52382e-05
1.36199e-05
0.00738346
0.0067866
0.0061508
0.00574201
0.00588227
0.00542177
0.00490141
0.00455927
0.00406934
0.00377627
0.00345232
0.00324656
0.00282163
0.00266931
0.00251126
0.00242426
0.00226383
0.00216175
0.00207704
0.00202535
0.00133743
0.00130501
0.00128865
0.00129105
0.000595464
0.000610293
0.000637275
0.000664126
0.000357242
0.000395394
0.000442174
0.000472783
0.000526104
0.000592842
0.00137927
0.00221063
0.000280029
0.000282124
0.000750676
0.0012788
0.000176923
7.8725e-05
0.000237569
0.000479861
0.000180217
2.86607e-05
6.21444e-05
0.000190049
0.00215116
0.00188978
0.00158118
0.00136866
0.00162936
0.00142703
0.00119233
0.00103411
0.00111423
0.000978683
0.000827429
0.000730463
0.000848087
0.00075531
0.000657364
0.000599481
0.000733682
0.000660695
0.000586834
0.000546128
0.00056057
0.000517714
0.000480291
0.000465365
0.000473407
0.000456711
0.000450315
0.00045692
0.000518335
0.000510628
0.000514203
0.000527253
0.00101687
0.00092318
0.000825677
0.000769278
0.000707513
0.000652344
0.000601508
0.000578192
0.000497032
0.000477743
0.000469264
0.000475235
0.0004943
0.000489967
0.000497905
0.000514391
1.75771e-05
4.13483e-06
5.40567e-06
2.08673e-05
3.98225e-05
2.94277e-05
3.21517e-05
4.66689e-05
0.000114578
0.000105508
0.000107635
0.000119764
0.000203984
0.000193465
0.000192716
0.00020178
0.000245962
0.000234748
0.000232287
0.000239375
0.000299866
0.000286933
0.00028105
0.000284546
0.000375349
0.000357621
0.000344813
0.00034241
0.000436152
0.000412738
0.000392663
0.000384748
0.000286535
0.00026444
0.000249885
0.00024936
0.000329859
0.000312314
0.000302223
0.000303939
0.000408742
0.000391713
0.000381318
0.000381981
0.000485723
0.000464788
0.000449295
0.000445992
0.000751495
0.00082366
0.000921508
0.000999052
0.000581312
0.000632505
0.000702349
0.000757903
0.000425162
0.000452916
0.000491931
0.00052361
0.000348311
0.000360658
0.000379832
0.000396455
0.000313836
0.000319501
0.000329945
0.000339861
0.000251682
0.000247976
0.000246201
0.000246756
0.000194523
0.000181976
0.000168989
0.0001612
0.000166824
0.000149981
0.000131817
0.000120387
0.000282876
0.000287386
0.00029855
0.000310689
0.000259705
0.000254392
0.000252439
0.000254273
0.000240306
0.000225141
0.000210411
0.000202492
0.000232037
0.000211495
0.000190117
0.000177371
0.00150615
0.001507
0.00150378
0.00149801
0.00111551
0.00111659
0.00111427
0.00110966
0.000716016
0.000716624
0.000714604
0.000710902
0.000483651
0.000483556
0.000481331
0.000478013
0.000381474
0.000381029
0.000378714
0.000375603
0.000225723
0.000224742
0.000222361
0.000219682
8.7346e-05
8.59552e-05
8.38158e-05
8.19184e-05
2.70495e-05
2.56418e-05
2.39813e-05
2.28344e-05
0.000378247
0.000380411
0.000381914
0.000381937
0.000231839
0.000230911
0.000228993
0.000226869
0.000100594
9.7048e-05
9.24952e-05
8.89601e-05
4.20134e-05
3.75535e-05
3.23316e-05
2.86873e-05
0.00105856
0.00100512
0.000935678
0.00088285
0.000796273
0.000757597
0.000707212
0.00066881
0.000524141
0.000500681
0.000470066
0.000446744
0.000364166
0.000349664
0.000330784
0.000316492
0.000293285
0.00028266
0.00026887
0.000258495
0.000182634
0.000177601
0.000171214
0.000166581
8.5212e-05
8.49731e-05
8.50608e-05
8.55414e-05
4.43348e-05
4.60318e-05
4.88437e-05
5.15568e-05
0.000328393
0.000319702
0.000307738
0.000298238
0.000197807
0.000194023
0.000188734
0.000184543
8.29502e-05
8.33561e-05
8.3923e-05
8.45015e-05
3.46522e-05
3.67589e-05
3.98336e-05
4.25485e-05
0.000311901
0.000277225
0.000235094
0.000205197
0.000247463
0.000220891
0.000188799
0.00016618
0.000181441
0.000163418
0.000141974
0.00012712
0.000144016
0.000131085
0.000116026
0.00010586
0.000126754
0.00011611
0.00010389
9.57862e-05
9.64436e-05
8.94144e-05
8.16889e-05
7.68543e-05
6.96069e-05
6.57842e-05
6.20771e-05
6.01907e-05
5.84716e-05
5.60038e-05
5.40257e-05
5.34314e-05
0.000167048
0.000155315
0.000141551
0.000132206
0.000119979
0.000112825
0.000104832
9.97514e-05
7.82705e-05
7.51444e-05
7.22785e-05
7.1021e-05
6.07929e-05
5.93485e-05
5.86696e-05
5.90781e-05
1.63847e-05
1.18961e-05
7.17794e-06
4.4134e-06
1.6703e-05
1.26044e-05
8.25234e-06
5.64381e-06
1.79546e-05
1.41558e-05
1.00978e-05
7.62312e-06
1.95991e-05
1.58228e-05
1.17996e-05
9.34514e-06
2.00004e-05
1.62724e-05
1.22706e-05
9.79737e-06
1.95312e-05
1.60634e-05
1.23457e-05
1.0043e-05
1.93262e-05
1.60579e-05
1.25662e-05
1.04051e-05
1.9521e-05
1.62964e-05
1.28585e-05
1.07326e-05
3.73683e-05
3.19312e-05
2.59937e-05
2.22559e-05
3.43696e-05
2.97412e-05
2.47412e-05
2.16271e-05
3.19633e-05
2.8034e-05
2.38545e-05
2.12944e-05
3.13089e-05
2.76473e-05
2.37874e-05
2.14464e-05
0.00454638
0.00417227
0.00373316
0.00343233
0.00348825
0.00319098
0.00284697
0.00261522
0.0023534
0.00214649
0.00191396
0.00176305
0.00167886
0.00153316
0.00137543
0.00127837
0.00137524
0.00125851
0.00113552
0.00106288
0.00090346
0.000832433
0.000764752
0.000731211
0.000538436
0.000512478
0.000497552
0.000500149
0.000470675
0.000465258
0.000472371
0.00048874
0.00188849
0.00171987
0.00154
0.00143152
0.00121005
0.00110138
0.000993632
0.000935658
0.000644724
0.000596372
0.000558587
0.000547879
0.000491856
0.000471261
0.00046296
0.000470306
0.000479073
0.000480354
0.000493067
0.000511516
0.000607041
0.000608302
0.00061621
0.000627535
0.00110383
0.00108023
0.00104976
0.00102769
0.00176267
0.00169915
0.00161249
0.00154485
0.0021926
0.00209767
0.00196864
0.00186779
0.00318905
0.00301912
0.00279078
0.0026129
0.00503083
0.00472369
0.004316
0.00400109
0.00691653
0.00646934
0.00588107
0.00543017
0.00268441
0.00256341
0.00238605
0.0022377
0.00394689
0.00376058
0.00349485
0.00327693
0.00620095
0.00591908
0.00552422
0.00520393
0.00843399
0.00807499
0.00757882
0.00718039
0.000354597
0.000405734
0.000448531
0.000462752
0.000463524
0.000516703
0.000577509
0.000614949
0.00119007
0.00122569
0.0012809
0.00132013
0.00238317
0.00230747
0.00228642
0.00228839
0.0030184
0.00294785
0.00287583
0.00283505
0.00485066
0.00461666
0.00430231
0.00405694
0.00778336
0.0073472
0.00674528
0.00626549
0.0103561
0.00981191
0.0090813
0.00848527
0.000952135
0.00120138
0.00205447
0.00288448
0.00115026
0.00151757
0.00354504
0.00595468
0.00577075
0.003872
0.00682805
0.0107082
0.0189949
0.00817691
0.0103771
0.0145364
0.000603377
0.000474307
0.00033033
0.000238582
0.000463196
0.000365429
0.000259607
0.000194981
0.000371616
0.000307227
0.000242195
0.000206654
0.000370103
0.000325109
0.000283921
0.000265492
0.000374196
0.000337928
0.000306986
0.000295515
0.000378238
0.000354299
0.000337619
0.00033566
0.000434489
0.000418266
0.000410227
0.000413768
0.000517021
0.000499959
0.000490527
0.000492743
0.000520543
0.000467045
0.000415913
0.000390672
0.000452751
0.000420356
0.000394479
0.000386864
0.000454674
0.000438754
0.000432267
0.000437939
0.000527659
0.000515271
0.000512547
0.000520491
0.00054552
0.000526682
0.000514648
0.000514651
0.000579528
0.000553718
0.000532168
0.000524592
0.000672451
0.000628177
0.000583228
0.000558271
0.000783795
0.000717741
0.000645958
0.000601652
0.000831236
0.0007522
0.000664373
0.000608493
0.000929794
0.00082176
0.000697779
0.000615569
0.00115686
0.000998684
0.000813276
0.000687133
0.00141372
0.00120709
0.000963076
0.000795592
0.00113484
0.00104463
0.000940981
0.00087235
0.00138641
0.00125391
0.00109667
0.0009883
0.00187952
0.00167257
0.00142253
0.00124648
0.00239694
0.00211669
0.00177636
0.00153529
0.000550811
0.000544187
0.000548137
0.000560751
0.000643021
0.00063057
0.000625089
0.000629175
0.000922386
0.0008845
0.000844746
0.000821927
0.0012696
0.001197
0.00111235
0.0010556
0.00147067
0.00137459
0.00125974
0.00118032
0.00192694
0.00177559
0.0015897
0.00145679
0.00278436
0.00253325
0.00222125
0.00199501
0.00366624
0.00331463
0.00287713
0.00255923
0.0018227
0.00172677
0.00160576
0.00151739
0.00253056
0.00236812
0.00216043
0.00200587
0.00384685
0.00356137
0.00319588
0.0029229
0.00519784
0.00478549
0.00425951
0.00386778
0.000197811
0.000254489
0.000340205
0.000414805
0.000180512
0.000220975
0.000283717
0.000339216
0.000198195
0.00021949
0.00025575
0.000289702
0.000237802
0.000245429
0.000263448
0.00028302
0.000255445
0.000257073
0.00026683
0.000279702
0.000269052
0.000261821
0.00025941
0.000262447
0.000288288
0.00027131
0.000256007
0.000248987
0.000302824
0.000279698
0.000256678
0.000243947
0.000239667
0.000236221
0.000241683
0.000253091
0.000281341
0.000271691
0.000268157
0.000271919
0.000334475
0.000316662
0.000302062
0.000296956
0.000373094
0.000348934
0.000326292
0.000315159
0.000296442
0.000271677
0.00024657
0.000232282
0.000257713
0.000232639
0.000207169
0.00019266
0.00020607
0.000182394
0.000159269
0.000147002
0.000167051
0.000145845
0.000126718
0.000118144
0.000137522
0.000119042
0.00010389
9.87174e-05
7.4529e-05
6.34345e-05
5.83115e-05
6.12326e-05
2.02191e-05
1.97479e-05
2.96037e-05
4.49934e-05
4.0242e-06
1.26683e-05
3.56857e-05
6.22325e-05
0.000227436
0.000195085
0.00016407
0.000148372
0.000152094
0.00012173
9.40342e-05
8.15296e-05
8.09819e-05
5.27303e-05
2.95075e-05
2.18647e-05
5.11701e-05
2.43853e-05
4.97123e-06
1.78494e-06
0.000447094
0.000421305
0.000398086
0.000387712
0.000430743
0.000400889
0.000372376
0.000357958
0.000410067
0.000372692
0.000335198
0.000314537
0.000395869
0.000351026
0.000305099
0.00027898
0.000371853
0.000323693
0.000274158
0.000245852
0.000313218
0.000258965
0.000202599
0.000169997
0.000272098
0.000206869
0.000138661
9.89778e-05
0.000271595
0.000195766
0.000116445
7.03911e-05
0.000573995
0.00050964
0.000440522
0.000398454
0.000570725
0.00048975
0.000400427
0.000344086
0.000623743
0.000514178
0.000390849
0.000311051
0.000713032
0.000576158
0.000420867
0.000319425
0.00127361
0.00131877
0.00137529
0.00141658
0.000951726
0.0009839
0.00102382
0.00105264
0.000628919
0.000646597
0.000668304
0.000683682
0.000445715
0.000454008
0.000464165
0.000471201
0.000364767
0.000368987
0.000374129
0.000377551
0.000237899
0.000236482
0.000234761
0.000233314
0.000122866
0.000116531
0.000109094
0.000103818
6.9984e-05
6.16916e-05
5.22169e-05
4.5778e-05
0.000342457
0.000347927
0.000356187
0.000363029
0.000244448
0.000242068
0.000240367
0.000239803
0.000154537
0.000145071
0.000134666
0.000127858
0.000111869
9.92924e-05
8.53112e-05
7.61335e-05
5.11354e-05
4.27087e-05
3.33336e-05
2.71943e-05
3.2319e-05
2.55734e-05
1.86799e-05
1.47052e-05
4.86154e-05
4.60059e-05
4.4942e-05
4.58133e-05
9.31428e-05
9.51042e-05
0.000100374
0.000106409
0.000127491
0.00013255
0.000142075
0.000151554
0.000214775
0.000227011
0.000246002
0.000262884
0.000384076
0.000406587
0.000439412
0.000467289
0.000560069
0.000591151
0.000635626
0.000672834
0.000101201
0.000105107
0.000114055
0.000123736
0.000151853
0.000165304
0.000186758
0.000206157
0.000267016
0.000294348
0.000334335
0.000368357
0.000396967
0.000436085
0.000491948
0.000538587
0.000150561
0.000133018
0.000114107
0.000102248
0.000115997
0.000100213
8.37091e-05
7.38341e-05
8.99935e-05
7.93343e-05
6.98927e-05
6.57819e-05
8.60589e-05
8.14382e-05
8.03331e-05
8.30068e-05
8.61335e-05
8.59857e-05
9.09615e-05
9.85196e-05
9.50211e-05
0.000105614
0.00012467
0.000143174
0.000147951
0.000174283
0.000214373
0.000249503
0.00022444
0.00026427
0.00032258
0.000372225
9.41232e-05
8.65351e-05
8.35266e-05
8.61828e-05
6.23988e-05
6.49999e-05
7.54574e-05
8.86754e-05
5.45799e-05
7.21186e-05
0.000102783
0.000132171
7.85499e-05
0.000108971
0.000157292
0.00020096
0.00139847
0.00136208
0.00131194
0.00127164
0.00103933
0.00101371
0.000977879
0.000948736
0.000668797
0.000653894
0.000632548
0.000614872
0.000451517
0.000442739
0.000429802
0.000418889
0.000355867
0.000349694
0.000340384
0.000332419
0.000209654
0.0002071
0.000202947
0.000199251
8.09476e-05
8.1486e-05
8.19265e-05
8.21642e-05
2.64854e-05
2.83187e-05
3.08246e-05
3.29279e-05
0.000373918
0.000370593
0.000364581
0.00035877
0.000218667
0.000217108
0.000213965
0.000210776
8.15638e-05
8.15386e-05
8.10938e-05
8.04971e-05
2.28718e-05
2.35677e-05
2.45134e-05
2.53239e-05
1.16172e-05
1.36636e-05
1.66864e-05
1.93581e-05
9.632e-06
1.12721e-05
1.41342e-05
1.6952e-05
5.82426e-05
5.81971e-05
5.93311e-05
6.1167e-05
0.000134457
0.000132232
0.000130868
0.000131042
0.000188614
0.000184773
0.000181524
0.000180408
0.000317718
0.000310124
0.000302283
0.000297867
0.000542887
0.000528986
0.000513432
0.000503471
0.000760913
0.000741
0.000718067
0.000702779
0.000188384
0.000187272
0.00018764
0.000189338
0.000323412
0.00032071
0.00031929
0.000319837
0.00055969
0.00055399
0.00054918
0.000547512
0.000789272
0.000780471
0.000772095
0.000768044
9.54708e-06
8.23083e-06
6.9936e-06
6.40273e-06
3.51511e-06
2.74193e-06
2.61776e-06
3.20083e-06
4.81657e-05
4.84093e-05
5.0119e-05
5.25047e-05
0.000122692
0.000123899
0.000127232
0.000131145
0.000176754
0.000178488
0.000182735
0.000187523
0.000307369
0.000310258
0.000316256
0.000322589
0.000538912
0.00054297
0.000550994
0.000559272
0.000766116
0.000770729
0.000779958
0.000789526
0.000155071
0.000159125
0.000166744
0.000174351
0.000269697
0.000277964
0.000291252
0.000303382
0.000478811
0.000492866
0.000514171
0.000532837
0.00068808
0.000706746
0.000734542
0.000758562
0.00065146
0.000601255
0.000538248
0.000491955
0.000500105
0.000462813
0.000416137
0.000381959
0.000342965
0.000319197
0.000289715
0.000268365
0.000251135
0.000235429
0.000216264
0.000202665
0.000209914
0.000197752
0.000183107
0.000172885
0.000142957
0.000136117
0.000128277
0.000123156
8.37279e-05
8.15272e-05
7.96877e-05
7.91163e-05
5.88556e-05
5.85645e-05
5.92604e-05
6.06604e-05
0.000252898
0.000241094
0.000226408
0.00021581
0.000164166
0.000158062
0.000150781
0.000145821
8.58714e-05
8.46929e-05
8.39048e-05
8.39576e-05
5.30116e-05
5.38351e-05
5.57731e-05
5.7996e-05
5.0427e-05
5.05644e-05
5.18584e-05
5.37405e-05
4.29422e-05
4.28188e-05
4.38545e-05
4.55905e-05
5.83764e-05
5.60026e-05
5.42987e-05
5.40722e-05
8.9369e-05
8.38263e-05
7.82037e-05
7.51298e-05
0.000111024
0.000103215
9.47796e-05
8.96535e-05
0.00016336
0.000150284
0.000135196
0.000125124
0.000261063
0.000239159
0.00021293
0.000194589
0.000359085
0.000328867
0.00029215
0.000266036
0.00013645
0.00012848
0.000119864
0.000114633
0.000210399
0.000196579
0.000180584
0.00016987
0.000344025
0.000320538
0.000292345
0.000272575
0.000475778
0.000443255
0.00040366
0.000375424
3.25168e-05
3.45545e-05
3.79413e-05
4.11842e-05
2.82736e-05
2.96924e-05
3.25011e-05
3.54574e-05
6.28388e-05
6.15226e-05
6.11053e-05
6.18278e-05
0.000119787
0.00011492
0.000110161
0.000107761
0.000159921
0.000152518
0.000144635
0.000139972
0.000255663
0.000242391
0.000227136
0.000217014
0.00042525
0.000402348
0.000374983
0.000355895
0.000590659
0.000558781
0.000520118
0.000492658
0.000178335
0.000172322
0.000166236
0.000162944
0.00029342
0.000282217
0.000269662
0.000261621
0.000494973
0.000475234
0.000452033
0.000436172
0.000690406
0.000662678
0.000629495
0.000606292
0.000102895
8.59926e-05
6.63461e-05
5.31113e-05
8.70568e-05
7.3468e-05
5.77786e-05
4.72825e-05
7.19978e-05
6.18472e-05
5.03028e-05
4.27056e-05
6.47343e-05
5.65348e-05
4.73739e-05
4.14682e-05
6.09974e-05
5.37155e-05
4.5644e-05
4.04865e-05
5.26147e-05
4.69412e-05
4.07963e-05
3.69792e-05
4.53996e-05
4.11539e-05
3.67332e-05
3.41271e-05
4.27136e-05
3.90629e-05
3.53716e-05
3.32856e-05
9.09791e-05
8.18907e-05
7.16506e-05
6.49942e-05
7.36095e-05
6.71018e-05
6.00186e-05
5.56168e-05
5.83351e-05
5.41267e-05
4.98775e-05
4.75165e-05
5.21756e-05
4.89424e-05
4.59146e-05
4.44475e-05
4.04903e-05
3.71133e-05
3.37558e-05
3.19081e-05
3.46665e-05
3.17652e-05
2.89717e-05
2.75162e-05
3.09836e-05
2.8058e-05
2.52334e-05
2.37602e-05
3.11056e-05
2.76675e-05
2.42359e-05
2.23503e-05
3.06827e-05
2.68865e-05
2.30412e-05
2.08839e-05
3.03912e-05
2.57391e-05
2.08185e-05
1.7879e-05
3.60089e-05
2.94121e-05
2.21168e-05
1.74995e-05
4.4868e-05
3.61706e-05
2.63408e-05
1.99544e-05
4.54713e-05
4.05606e-05
3.55001e-05
3.26058e-05
5.18191e-05
4.49971e-05
3.7537e-05
3.28826e-05
7.02114e-05
5.97414e-05
4.77526e-05
3.98162e-05
9.20916e-05
7.79471e-05
6.14259e-05
5.02269e-05
5.34644e-05
5.14024e-05
4.99433e-05
4.97374e-05
4.5336e-05
4.34935e-05
4.23067e-05
4.22975e-05
4.6831e-05
4.39275e-05
4.14384e-05
4.04926e-05
5.71806e-05
5.2438e-05
4.76892e-05
4.51184e-05
6.40861e-05
5.80175e-05
5.16396e-05
4.78979e-05
8.15382e-05
7.23593e-05
6.20635e-05
5.54278e-05
0.000119823
0.000105107
8.78733e-05
7.61443e-05
0.000161227
0.00014112
0.000117157
0.000100507
8.62783e-05
7.91746e-05
7.15819e-05
6.70282e-05
0.000119298
0.000107904
9.48949e-05
8.63226e-05
0.000184438
0.000165686
0.000143411
0.000127986
0.000251625
0.000225854
0.000194756
0.000172822
2.24472e-07
8.57996e-08
1.92509e-08
7.52276e-08
5.65813e-07
2.75863e-07
5.8714e-08
4.43821e-08
1.17513e-06
6.16816e-07
1.75575e-07
6.64016e-08
1.73011e-06
9.07014e-07
2.9391e-07
1.28149e-07
1.74847e-06
8.91436e-07
2.51569e-07
1.17412e-07
1.89842e-06
9.60804e-07
2.4288e-07
6.65747e-08
2.10846e-06
1.06829e-06
2.5615e-07
2.87497e-08
2.27546e-06
1.16507e-06
2.86942e-07
2.10975e-08
8.33424e-06
6.09244e-06
3.79674e-06
2.47052e-06
8.5681e-06
6.32325e-06
4.01914e-06
2.67836e-06
8.90639e-06
6.63224e-06
4.30138e-06
2.94071e-06
9.21097e-06
6.89023e-06
4.51724e-06
3.13209e-06
2.21281e-06
1.12409e-06
2.67002e-07
1.37255e-08
1.86094e-06
9.10832e-07
1.86988e-07
7.68368e-09
1.44178e-06
6.70209e-07
1.16815e-07
3.00829e-08
1.15767e-06
5.14783e-07
8.83406e-08
7.13335e-08
1.07292e-06
4.90059e-07
1.15675e-07
7.89119e-08
5.80212e-07
2.59609e-07
4.10888e-08
3.92225e-08
2.17588e-07
8.29072e-08
1.02769e-09
4.06707e-08
2.07805e-07
9.61185e-08
3.97904e-08
8.6068e-08
4.91125e-06
3.56915e-06
2.25176e-06
1.52895e-06
3.10098e-06
2.20432e-06
1.33335e-06
8.60668e-07
1.33422e-06
8.55689e-07
4.43249e-07
2.67643e-07
4.71542e-07
2.2545e-07
9.97656e-08
1.39433e-07
1.89099e-05
1.57994e-05
1.24925e-05
1.04534e-05
1.64543e-05
1.37436e-05
1.08865e-05
9.14167e-06
1.38912e-05
1.154e-05
9.09082e-06
7.61814e-06
1.23767e-05
1.01803e-05
7.9167e-06
6.57875e-06
1.09941e-05
8.95936e-06
6.9129e-06
5.74965e-06
7.85928e-06
6.19292e-06
4.54801e-06
3.64171e-06
5.21193e-06
3.71384e-06
2.28644e-06
1.5629e-06
4.25929e-06
2.70035e-06
1.25653e-06
5.84478e-07
1.93951e-05
1.65665e-05
1.37242e-05
1.21314e-05
1.63079e-05
1.3409e-05
1.04578e-05
8.77941e-06
1.54421e-05
1.19128e-05
8.22258e-06
6.06121e-06
1.71391e-05
1.27535e-05
8.08495e-06
5.29744e-06
