FiniteElementSpace
FiniteElementCollection: H1_2D_P2
VDim: 2
Ordering: 0

0
1.09898
2.09394
3.00851
3.90427
4.81951
5.76563
6.74035
7.7335
0
0.861174
1.73326
2.64279
3.60942
4.61967
5.64107
6.6517
7.65009
0.557977
0.986398
0.430706
0
1.61022
1.91656
1.29445
2.5572
2.82375
2.1815
3.45558
3.7535
3.11899
4.35827
4.71741
4.11108
5.28866
5.70242
5.13083
6.24986
6.69563
6.14828
7.23561
7.69154
7.1518
0.499428
1.45768
2.36961
3.28419
4.23177
5.20828
6.19848
7.19342
0.27799
0.526773
0.25047
0
1.35834
1.53243
1.22391
1.04137
2.3276
2.46123
2.14336
2.00338
3.23216
3.36789
3.05296
2.91388
4.13045
4.29427
3.99159
3.82744
5.05309
5.24887
4.96232
4.76837
6.00689
6.22489
5.95028
5.7347
6.98749
7.21481
6.94447
6.71858
0.831975
0.744882
0.928594
0.645749
0.470013
0.21608
0
1.85514
1.6883
1.82831
1.51294
1.38044
1.07732
2.78383
2.59616
2.73446
2.41034
2.2778
1.95595
3.67944
3.51768
3.68116
3.36257
3.20192
2.87901
4.58792
4.4738
4.66755
4.36479
4.17069
3.8591
5.5262
5.45504
5.67064
5.38623
5.16845
4.87517
6.4944
6.44696
6.6729
6.40046
6.17238
5.89513
7.4844
7.71251
7.44245
7.67071
7.40102
7.17218
6.9021
0.261339
1.28974
2.23344
3.14039
4.05991
5.00788
5.97931
6.96644
0.787073
0.700043
0.238835
1.77004
1.60455
1.15531
2.68775
2.50495
2.05247
3.59681
3.44011
2.96671
4.53045
4.41842
3.9248
5.49118
5.41951
4.91769
6.47135
6.42281
5.92164
7.46355
7.4215
6.92267
0.135908
0.268636
0.12893
0
1.22963
1.32337
1.16629
1.06954
2.21134
2.2797
2.11876
2.04788
3.1204
3.18552
3.02705
2.96038
4.01717
4.09485
3.94344
3.8654
4.93605
5.03061
4.88793
4.79397
5.88604
5.9934
5.85687
5.75045
6.86379
6.97715
6.84244
6.7297
0.695751
0.808904
0.657677
0.541699
0.622636
0.723176
0.58515
0.485442
0.12513
0.245048
0.120909
0
1.7335
1.81184
1.65182
1.57062
1.57334
1.64701
1.49259
1.41972
1.10564
1.19032
1.04217
0.958218
2.67081
2.73496
2.57459
2.50838
2.4828
2.55075
2.39111
2.324
2.03009
2.09832
1.94029
1.87293
3.56742
3.63755
3.48215
3.41106
3.40065
3.47881
3.32065
3.24302
2.93812
3.00986
2.85022
2.77921
4.47286
4.55911
4.41214
4.32607
4.35257
4.44592
4.29435
4.20105
3.87227
3.95804
3.80268
3.7172
5.40719
5.50894
5.36987
5.26896
5.33157
5.4371
5.29396
5.18817
4.83972
4.93981
4.79252
4.69229
6.37195
6.48315
6.34802
6.23767
6.32269
6.43475
6.29764
6.18529
5.8263
5.9358
5.79616
5.68636
7.35994
7.47403
7.33914
7.22533
7.31793
7.43193
7.29686
7.18273
6.82003
6.93348
6.79782
6.68416
0.418853
0.394489
0.512908
0.375296
0.255816
0
1.4852
1.41176
1.495
1.34123
1.25679
1.01385
2.44283
2.34756
2.41517
2.2565
2.1882
1.95982
3.34385
3.25399
3.32571
3.1683
3.09634
2.8685
4.24414
4.17686
4.26283
4.11143
4.02552
3.7902
5.17063
5.1282
5.22857
5.08518
4.98506
4.7428
6.12817
6.10198
6.21175
6.07434
5.96485
5.71861
7.11145
7.09057
7.20414
7.06893
6.9555
6.70716
0.966443
0.914968
0.866144
0.765901
0.814548
0.896542
0.753377
0.67454
0.538216
0.451974
0.354696
0.323212
0.229574
0.110207
0
1.97525
1.88718
1.80267
1.72907
1.71642
1.78197
1.62284
1.56009
1.4035
1.33895
1.26805
1.18574
1.11792
0.96914
2.89634
2.80081
2.70979
2.64166
2.61938
2.6891
2.52609
2.45829
2.29548
2.23047
2.16495
2.06833
2.00521
1.84428
3.7917
3.7119
3.6353
3.55694
3.56029
3.64527
3.4856
3.40142
3.24034
3.16066
3.08394
2.99853
2.92319
2.76041
4.70347
4.6492
4.59542
4.50199
4.54284
4.64331
4.49211
4.39135
4.23775
4.1407
4.04749
3.98483
3.89184
3.73393
5.64568
5.6128
5.57866
5.47313
5.54508
5.65547
5.51374
5.40249
5.25858
5.14927
5.04301
5.00301
4.89609
4.74737
6.61721
6.59488
6.57127
6.45922
6.54789
6.66202
6.52619
6.41131
6.27449
6.15998
6.04705
6.02182
5.90801
5.76821
7.60894
7.72301
7.58801
7.70203
7.56699
7.45301
7.68109
7.54611
7.66037
7.52555
7.41118
7.27645
7.16184
7.04745
7.02702
6.91217
6.777
0.131316
1.19731
2.16425
3.07294
3.97991
4.91207
5.87175
6.85332
0.676081
0.604608
0.123311
1.69194
1.53359
1.07463
2.62187
2.4372
1.98564
3.52416
3.36058
2.89424
4.44236
4.32328
3.83733
5.38875
5.31258
4.81593
6.36027
6.31003
5.81107
7.34963
7.30734
6.80883
0.405918
0.384684
0.126993
1.44779
1.37645
1.13594
2.39437
2.3018
2.07425
3.2982
3.21082
2.98226
4.21023
4.14394
3.90761
5.14958
5.10667
4.86376
6.11537
6.08822
5.84164
7.10116
7.07979
6.83129
0.940078
0.890509
0.640034
0.841064
0.785619
0.563303
0.365661
0.340645
0.117825
1.93045
1.8448
1.6125
1.76009
1.6709
1.44947
1.30533
1.22845
1.0073
2.84775
2.75499
2.52842
2.66473
2.5733
2.34403
2.21107
2.11755
1.89338
3.75129
3.67331
3.44108
3.59769
3.52298
3.28063
3.12612
3.0415
2.80573
4.67631
4.6222
4.38219
4.56894
4.5172
4.26583
4.07929
4.01601
3.76823
5.62951
5.59577
5.35073
5.5617
5.52903
5.2759
5.06391
5.02266
4.76963
6.6063
6.58314
6.33542
6.55946
6.53675
6.28573
6.06054
6.03407
5.78181
7.5985
7.57751
7.32855
7.55651
7.53578
7.28654
7.05812
7.03705
6.78716
0
0.182446
0.534641
0.923782
1.25305
1.48516
1.62901
1.72114
1.80209
1
1.16011
1.47695
1.86352
2.21538
2.47
2.6248
2.7191
2.79863
0.0678122
0.650117
1.06361
0.5
0.345292
0.999044
1.30259
0.732173
1.39786
1.66863
1.09949
1.74419
2.04905
1.38159
1.98766
2.35637
1.56622
2.13328
2.55799
1.6788
2.22215
2.67642
1.76102
2.30045
2.75846
0.536878
0.810234
1.1997
1.58209
1.87966
2.07062
2.18169
2.26034
0.0354329
0.296175
0.504352
0.25
0.259259
0.5736
0.725454
0.410904
0.633366
0.964813
1.09885
0.764135
1.0141
1.3425
1.49231
1.16124
1.32051
1.63357
1.81539
1.50121
1.52827
1.82081
2.03202
1.73925
1.65518
1.93135
2.15887
1.88291
1.74111
2.01081
2.24123
1.97218
0.117691
0.586554
0.899896
1.10533
0.792442
1.03625
0.75
0.437894
0.902159
1.23744
1.3867
1.0538
1.22646
0.829434
1.29988
1.6325
1.76651
1.43505
1.57153
1.17929
1.66627
1.98234
2.1351
1.8179
1.95815
1.43639
1.93701
2.23114
2.41658
2.12054
2.28927
1.59959
2.10413
2.38048
2.59369
2.31623
2.51697
1.70057
2.20254
2.47105
2.6985
2.42996
2.65211
1.78127
2.05127
2.27997
2.54953
2.77828
2.50948
2.73889
0.26251
0.487551
0.864186
1.25431
1.57078
1.78279
1.90845
1.99148
0.346239
0.839318
0.760257
0.666566
1.14292
0.972099
1.06432
1.5346
1.33542
1.42499
1.90316
1.72734
1.68965
2.17923
2.0549
1.85395
2.3506
2.27663
1.95235
2.45117
2.40666
2.03064
2.52912
2.49029
0.021033
0.147255
0.253757
0.125
0.219498
0.37215
0.447893
0.295311
0.583897
0.748192
0.813976
0.648605
0.969521
1.13446
1.20832
1.04257
1.28758
1.44642
1.53683
1.37783
1.50739
1.65625
1.76175
1.61298
1.64246
1.78219
1.89606
1.75642
1.73116
1.86635
1.98186
1.84678
0.0906617
0.230518
0.319232
0.180623
0.559856
0.711342
0.81407
0.662697
0.498203
0.630384
0.752021
0.625
0.390929
0.551267
0.619369
0.458324
0.855443
1.02201
1.09756
0.931244
0.686461
0.847737
0.934682
0.773693
0.781108
0.946723
1.0148
0.84812
1.24997
1.41746
1.48493
1.31744
1.0487
1.21704
1.28611
1.11794
1.14013
1.30273
1.38449
1.22143
1.62492
1.78529
1.86125
1.70051
1.4456
1.61027
1.68038
1.51553
1.40977
1.56383
1.66243
1.50839
1.90918
2.05874
2.15075
2.00073
1.78064
1.93577
2.01947
1.86388
1.58344
1.72732
1.83794
1.69416
2.08796
2.2278
2.33403
2.19392
2.01059
2.15487
2.25466
2.10999
1.68987
1.82666
1.94205
1.80536
2.19231
2.32703
2.44078
2.30607
2.14647
2.28307
2.39398
2.25726
1.77107
1.90594
2.02065
1.88593
2.27007
2.40456
2.51923
2.38496
2.23172
2.36584
2.48071
2.34673
0.0491627
0.277185
0.414812
0.518271
0.381757
0.375
0.30128
0.52956
0.690953
0.766811
0.605348
0.529173
0.682887
0.914539
1.08208
1.14925
0.981149
0.881023
1.05747
1.29907
1.46273
1.53784
1.37362
1.27972
1.35185
1.60302
1.75729
1.84839
1.69374
1.62331
1.54786
1.80245
1.94627
2.052
1.90802
1.86411
1.66727
1.92019
2.05679
2.17057
2.034
2.00851
1.75104
2.00111
2.13563
2.25075
2.11644
2.09731
0.14833
0.376909
0.616723
0.46488
0.868032
1.02869
1.13119
0.970584
1.08282
0.926078
0.774531
1.04803
0.895634
1.02229
0.875
0.485901
0.714915
0.95011
0.783596
1.18962
1.35722
1.43118
1.26458
1.34377
1.17766
1.0119
1.26342
1.09838
1.19197
0.877067
1.11319
1.34923
1.1821
1.58384
1.74858
1.81523
1.65105
1.71759
1.55222
1.38514
1.61988
1.4537
1.52382
1.21696
1.46391
1.70604
1.54617
1.94355
2.09954
2.17604
2.01981
2.09277
1.93414
1.77323
2.00417
1.84337
1.91124
1.46151
1.71523
1.96315
1.81401
2.20602
2.35114
2.44415
2.29852
2.38736
2.2391
2.08859
2.32371
2.17275
2.25319
1.61475
1.8689
2.1192
1.97952
2.36605
2.50299
2.60978
2.47255
2.57647
2.43758
2.29713
2.5382
2.39732
2.49429
1.71096
1.96237
2.21246
2.07765
2.46123
2.59515
2.70893
2.57498
2.68768
2.5534
2.41862
2.66459
2.52966
2.63889
1.79159
1.92666
2.04085
2.17587
2.29009
2.15533
2.425
2.53922
2.67406
2.78837
2.65367
2.7683
2.63396
2.49986
2.74866
2.61462
2.72905
0.135366
0.332389
0.698249
1.08908
1.41295
1.63532
1.76968
1.8566
0.203531
0.685186
0.623814
0.504106
0.975853
0.809396
0.897688
1.3676
1.16721
1.26283
1.74363
1.56338
1.53691
2.03059
1.90068
1.71129
2.21146
2.1332
1.8162
2.31676
2.27057
1.89585
2.39468
2.35632
0.161777
0.395948
0.374834
0.414233
0.647126
0.565932
0.79823
1.03162
0.93087
1.17862
1.41883
1.3272
1.47823
1.72637
1.65937
1.67584
1.92781
1.8868
1.79405
2.04569
2.02164
1.87611
2.126
2.1069
0.261222
0.495391
0.437927
0.740923
0.99808
0.946569
0.644306
0.909123
0.883871
0.599532
0.831846
0.736541
1.06946
1.3103
1.22029
0.888448
1.13694
1.06222
0.995076
1.23129
1.1323
1.46682
1.70007
1.60169
1.26718
1.50281
1.40509
1.34108
1.58555
1.5052
1.82539
2.06046
1.97767
1.65601
1.88934
1.79641
1.58917
1.83986
1.78649
2.08519
2.32567
2.26968
1.96912
2.2068
2.13699
1.74234
1.9945
1.96348
2.24303
2.48829
2.45569
2.17509
2.41816
2.37502
1.83682
2.08758
2.06741
2.337
2.58519
2.5644
2.29487
2.54185
2.51674
1.9162
2.16548
2.14539
2.41467
2.66377
2.64375
2.37536
2.62427
2.60493
