FiniteElementSpace
FiniteElementCollection: H1_2D_P2
VDim: 2
Ordering: 0

0
0.00675365
0.0061607
-0.00409635
-0.0214177
-0.0367208
-0.0432333
-0.0427421
-0.0415747
0
-0.000878079
0.00797473
0.0111371
-0.00227232
-0.0230246
-0.0376031
-0.0422014
-0.0417976
0.00423995
0.00259478
-0.00184549
0
0.00753452
0.00769783
0.00298046
0.00227869
0.00474296
0.0114396
-0.0123666
-0.011519
0.00629188
-0.0299203
-0.0306215
-0.0127212
-0.0411642
-0.0413129
-0.0315967
-0.0434715
-0.0428403
-0.0409678
-0.0419219
-0.0416885
-0.0421599
0.000734112
0.00529422
0.00797405
-0.00212901
-0.0216124
-0.0373284
-0.0428856
-0.0421494
0.00236715
0.00189663
0.000220672
0
0.00738641
0.00609436
0.00388302
0.00412879
0.00454466
0.00553734
0.00821169
0.00699986
-0.00805479
-0.00677512
0.00171652
0.000872605
-0.0258183
-0.025739
-0.0165979
-0.0162043
-0.0392532
-0.0395176
-0.0343081
-0.0338331
-0.0435313
-0.0434427
-0.0423589
-0.0425733
-0.0422962
-0.0421203
-0.0425159
-0.0429753
0.00568702
0.00153427
0.00118213
-0.00177024
-0.000218109
-0.001115
0
0.00714365
0.00664408
0.0080941
0.00549537
0.00443838
0.000765367
-0.000620261
0.00683837
0.00805523
0.0118482
0.00990368
0.0100643
-0.0168771
-0.00661512
-0.00699352
0.00237404
0.00209407
0.00926379
-0.0335886
-0.0263463
-0.0270607
-0.0180059
-0.0173572
-0.00739248
-0.0424724
-0.0396564
-0.0396203
-0.0349417
-0.0346884
-0.0275981
-0.0431697
-0.043005
-0.0425159
-0.0418026
-0.0420004
-0.0395947
-0.0416808
-0.041645
-0.0418421
-0.0417143
-0.0419657
-0.0421125
-0.0422796
0.000715161
0.0051708
0.00663787
-0.00263514
-0.0210646
-0.0370079
-0.0432341
-0.042541
0.00304111
0.000209381
-0.000164548
0.00676148
0.00635139
0.00263951
0.00361838
0.00950214
0.00936763
-0.011368
-0.00216358
0.00555626
-0.0300436
-0.0223971
-0.0121434
-0.0413594
-0.0374982
-0.0311923
-0.0433156
-0.0424348
-0.0410958
-0.0418031
-0.0418621
-0.0423676
0.00110837
0.00131497
0.000275639
0
0.00712727
0.00610497
0.00465801
0.00524055
0.00543127
0.00567147
0.00690166
0.00659471
-0.00602383
-0.00517129
-0.000793866
-0.00143317
-0.0236465
-0.0233908
-0.0186443
-0.018723
-0.0380664
-0.0381932
-0.0355008
-0.0353195
-0.0434356
-0.0434678
-0.0429667
-0.0429905
-0.0425146
-0.0424597
-0.042763
-0.0429149
0.0050064
0.00415916
0.00247979
0.0028682
0.00110075
0.000905253
-7.3691e-05
0.00028782
8.09446e-05
4.04864e-05
-6.57637e-05
0
0.00740862
0.00689566
0.00646915
0.00669126
0.00598993
0.00654565
0.00539753
0.00491066
0.00321465
0.00330202
0.0018568
0.00192556
0.000903653
0.00166446
0.00468049
0.00404016
0.007523
0.0082214
0.00982946
0.00899234
0.0080353
0.00884286
0.00880776
0.00794706
-0.0146079
-0.0139988
-0.00902766
-0.00941699
-0.00430541
-0.00437701
5.16579e-05
8.36675e-06
0.00333992
0.00367361
0.00693388
0.00644486
-0.0318173
-0.0318326
-0.0279467
-0.0278146
-0.0240257
-0.0244128
-0.0199124
-0.019515
-0.0140514
-0.0143875
-0.00954473
-0.00925854
-0.0418932
-0.0420005
-0.0405199
-0.0404174
-0.0385777
-0.038629
-0.0361799
-0.0360628
-0.0325434
-0.0328038
-0.0292004
-0.0288902
-0.043344
-0.0433116
-0.0434134
-0.0435359
-0.0429885
-0.0427406
-0.0422692
-0.0424727
-0.0419066
-0.0417659
-0.0404345
-0.0405128
-0.0417804
-0.0417531
-0.0419444
-0.0420461
-0.0419832
-0.041848
-0.041981
-0.0421309
-0.0426907
-0.042447
-0.0424628
-0.0426903
0.00337526
0.00129397
0.00123829
0.000440248
0.000426622
0
0.00752376
0.00565416
0.00566613
0.00458262
0.00447701
0.00329648
0.00349037
0.0061844
0.00683096
0.00819631
0.00747849
0.00737585
-0.0101765
-0.00463693
-0.00437293
-0.000114332
-0.000368717
0.00290209
-0.0279167
-0.0234364
-0.0236795
-0.0191268
-0.0188131
-0.013821
-0.0402884
-0.0383464
-0.0384826
-0.0359033
-0.0357098
-0.032267
-0.0435401
-0.0433877
-0.0432166
-0.0426801
-0.0428553
-0.0420057
-0.042094
-0.0423232
-0.0421507
-0.0423315
-0.0425534
-0.0429425
0.0062717
0.0035892
0.00203273
0.00221297
0.000629464
0.000277164
-0.0014264
-0.000650651
-0.00190926
-0.00090261
-0.000236115
-0.00158627
-0.000521494
-0.000472748
0
0.00672726
0.00694374
0.00722236
0.00670127
0.00726308
0.00811304
0.00676713
0.00601682
0.00422361
0.00381587
0.00350854
0.00181772
0.00181956
-0.000141659
-0.00229291
0.00234486
0.00590965
0.00531758
0.00891233
0.00960888
0.0116453
0.0107045
0.0117851
0.0107177
0.0097426
0.0108672
0.00977858
0.00909684
-0.0191549
-0.0137691
-0.0090297
-0.00892982
-0.0045225
-0.00467996
0.000126521
7.13231e-05
0.00444079
0.00417375
0.00393668
0.00791152
0.00740647
0.0103501
-0.0352284
-0.0320092
-0.0285495
-0.0282184
-0.0247866
-0.0251138
-0.020565
-0.020272
-0.0153877
-0.0151052
-0.0147578
-0.0100501
-0.00982593
-0.00479154
-0.0429186
-0.0420405
-0.0405648
-0.0405709
-0.0386431
-0.0386482
-0.0363605
-0.0362695
-0.0333571
-0.0332028
-0.0330238
-0.0296792
-0.0294628
-0.0253805
-0.0429645
-0.0431646
-0.0429504
-0.0432044
-0.0425119
-0.0423444
-0.0420493
-0.0421143
-0.0414469
-0.0414922
-0.0416134
-0.0403553
-0.0403675
-0.038682
-0.0416112
-0.0416128
-0.0417038
-0.0416737
-0.0417415
-0.0418308
-0.0416981
-0.0417692
-0.0417404
-0.0418707
-0.0418956
-0.0420626
-0.0421142
-0.0422463
-0.0422354
-0.0423032
-0.0422722
0.000476148
0.00570247
0.00621499
-0.00323056
-0.0210758
-0.0368363
-0.0432875
-0.0426878
0.00354139
0.000545142
1.34924e-05
0.00684749
0.00573971
0.00257458
0.00294327
0.0087286
0.00847358
-0.0116778
-0.00210765
0.00517857
-0.0298828
-0.0220049
-0.0118076
-0.0412872
-0.0374321
-0.0309235
-0.0434529
-0.042654
-0.041213
-0.0418806
-0.0419799
-0.0425853
0.00213183
0.000798362
0.000149884
0.00643802
0.00507861
0.00387795
0.0049456
0.00725562
0.00750925
-0.0072413
-0.00228994
0.00136649
-0.0256436
-0.0212745
-0.0163184
-0.039387
-0.037181
-0.0340683
-0.0435461
-0.0430898
-0.0424977
-0.042242
-0.0423476
-0.0427567
0.00472571
0.00274026
0.00171284
0.00136623
-0.000270723
-0.000861295
0.000125709
-0.000787534
-0.000179361
0.00681427
0.00709577
0.00621425
0.00729208
0.0071003
0.00491002
0.00408802
0.00277473
0.000978739
0.000200438
0.00422009
0.00618499
0.00745958
0.0102986
0.0108436
0.00902278
0.0103579
0.0090218
-0.0163555
-0.0113479
-0.00659549
-0.006771
-0.00223861
0.00221924
0.00194288
0.00591199
0.00864555
-0.0336484
-0.0303113
-0.0260001
-0.0267135
-0.0227463
-0.017718
-0.0169659
-0.0124657
-0.00722057
-0.0425655
-0.0413658
-0.0396105
-0.0396532
-0.0375445
-0.034823
-0.0345178
-0.031415
-0.0273594
-0.0431274
-0.0430969
-0.0432494
-0.0427475
-0.0422709
-0.0418596
-0.042181
-0.0409992
-0.0395873
-0.0416644
-0.0417292
-0.0419756
-0.041751
-0.0418046
-0.0420018
-0.0422913
-0.0422194
-0.0423498
0
0.0108065
0.0178171
0.0110399
-0.00841834
-0.0307929
-0.0465531
-0.052607
-0.0530391
0
0.00960536
0.0139383
-0.00238566
-0.0285663
-0.0475106
-0.0543261
-0.053927
-0.0527912
0.00560241
0.0102951
0.00391248
0
0.0155412
0.0173163
0.0139774
0.0163936
0.00518904
0.00819658
0.00237813
-0.0188389
-0.015505
-0.0199348
-0.0401139
-0.0395759
-0.0398856
-0.0513132
-0.0522545
-0.0506688
-0.0536646
-0.0545748
-0.0531013
-0.0529952
-0.0531827
0.00376193
0.0157509
0.0136417
-0.00633467
-0.0305083
-0.0470609
-0.0532774
-0.0533145
0.00339304
0.00438486
0.00118118
0
0.0133665
0.0161085
0.0133557
0.010641
0.0176052
0.0154735
0.0161441
0.0181665
0.00705836
-0.00213288
-0.000320025
0.00826521
-0.0141766
-0.0256415
-0.02487
-0.0139826
-0.0356131
-0.0437538
-0.0439338
-0.0358331
-0.0489171
-0.0520341
-0.0525421
-0.0490977
-0.0529801
-0.0531738
-0.0535298
-0.0531254
0.00813679
0.00696257
0.00991786
0.00669058
0.00363978
0.00178008
0
0.0170876
0.0171483
0.0158286
0.0146421
0.0149634
0.0121801
0.0141858
0.00992489
0.00169912
0.00338692
0.0111928
0.0117728
-0.00283947
-0.0125894
-0.0235449
-0.0221885
-0.0106622
-0.0087964
-0.0255241
-0.0356205
-0.043933
-0.0439534
-0.0350219
-0.0344151
-0.0435431
-0.0495074
-0.0531029
-0.0535757
-0.049888
-0.0502601
-0.0518704
-0.0536163
-0.0540017
-0.0543078
-0.0541977
-0.0546196
-0.0530871
-0.0530052
-0.0531084
-0.0529291
-0.0529417
-0.0533585
-0.0535267
0.00170314
0.0136555
0.0174327
0.00335873
-0.0199261
-0.0401081
-0.0508394
-0.0532261
0.00743213
0.00671084
0.00117088
0.0176863
0.0160485
0.0128063
0.0123682
0.00694881
0.0142006
-0.00798541
-0.0171748
-0.00427245
-0.0309826
-0.0398391
-0.0295509
-0.0467478
-0.0518064
-0.0472783
-0.0527636
-0.0542064
-0.0538661
-0.053069
-0.0530912
-0.053688
0.00206642
0.00237983
0.000699536
0
0.0121173
0.0136143
0.0121954
0.0107564
0.0178294
0.0177067
0.01795
0.0181975
0.00914448
0.00519196
0.00589751
0.00969146
-0.0112868
-0.0171895
-0.016972
-0.0113265
-0.0332678
-0.0379599
-0.0380459
-0.0334307
-0.0478158
-0.0498977
-0.050041
-0.0478631
-0.0528315
-0.0530821
-0.0532017
-0.0528495
0.0068437
0.00775017
0.00587021
0.00491957
0.0053214
0.00680805
0.00512932
0.00364521
0.000382199
0.00112193
0.000399807
0
0.0164022
0.0175844
0.0170196
0.0159865
0.0165891
0.0166478
0.0156579
0.0153925
0.0118837
0.0130988
0.0114286
0.0101031
0.0154086
0.0133735
0.014053
0.0160824
0.0119219
0.00850455
0.00921279
0.0124866
0.0168969
0.0152391
0.0151924
0.0166325
-0.00017456
-0.00551391
-0.00502802
5.81054e-05
-0.00944837
-0.0148549
-0.0139209
-0.00845728
0.00251319
-0.00224317
-0.00121546
0.00350623
-0.0227617
-0.0283852
-0.028366
-0.0229276
-0.0331361
-0.037761
-0.0375176
-0.0327829
-0.0218932
-0.0272136
-0.0266054
-0.0211797
-0.0417959
-0.0452032
-0.045332
-0.0418984
-0.0483665
-0.0507175
-0.0509294
-0.048532
-0.0421091
-0.0456575
-0.0456989
-0.0420659
-0.0513339
-0.0523087
-0.0524511
-0.0513554
-0.0534897
-0.0539576
-0.0542354
-0.0537907
-0.0519944
-0.0532623
-0.0535448
-0.0522688
-0.0531021
-0.0530628
-0.0531226
-0.0531171
-0.0532057
-0.0531136
-0.0532134
-0.0533573
-0.0536137
-0.0536381
-0.0538525
-0.0538711
0.00444292
0.00299034
0.00400251
0.002367
0.00135966
0
0.0145158
0.0149713
0.0160048
0.0146574
0.0135521
0.0104801
0.0171214
0.0165993
0.0146473
0.0150513
0.0168901
0.0178452
0.00479534
0.000671213
-0.00424109
-0.00328193
0.00153789
0.00677227
-0.0170673
-0.0228214
-0.0281462
-0.0277469
-0.0224607
-0.0164598
-0.0378247
-0.0420111
-0.0454718
-0.045583
-0.0420917
-0.0380481
-0.0498671
-0.0515003
-0.0526839
-0.0529653
-0.0517283
-0.0502525
-0.0530638
-0.0532126
-0.0532468
-0.0534266
-0.0533845
-0.0534073
0.00946905
0.00903812
0.00863674
0.0071716
0.00832599
0.00974971
0.00816134
0.00667161
0.00525044
0.00373286
0.00230071
0.00271945
0.00138347
0.000917583
0
0.0175592
0.0180692
0.017393
0.0175122
0.0161118
0.0149268
0.0144852
0.0153749
0.0144817
0.0144867
0.0139999
0.0132096
0.0124961
0.0109688
0.0127225
0.0104277
0.00766781
0.0112164
0.00443278
-0.000254595
0.000610943
0.00524913
0.00594289
0.00976503
0.0128631
0.0101667
0.013044
0.0130534
-0.00559534
-0.0109785
-0.0157289
-0.0103177
-0.0203929
-0.0259893
-0.0254317
-0.0196015
-0.0188673
-0.012995
-0.00743424
-0.0121306
-0.00644305
-0.00552605
-0.0282087
-0.0334744
-0.0379479
-0.0333766
-0.0419788
-0.0457416
-0.0458383
-0.041893
-0.0418696
-0.0372725
-0.0323619
-0.0370919
-0.031935
-0.0315704
-0.0451314
-0.0480012
-0.0504862
-0.0481839
-0.0525269
-0.0537962
-0.0540174
-0.0527642
-0.0529958
-0.0511306
-0.0486727
-0.0513502
-0.0488105
-0.0489872
-0.0522907
-0.052984
-0.05367
-0.0532096
-0.054124
-0.0540281
-0.0541252
-0.0543323
-0.0544625
-0.0544687
-0.054079
-0.0546331
-0.0543276
-0.0545241
-0.0530596
-0.0530104
-0.0530257
-0.053001
-0.0530362
-0.0530884
-0.0529745
-0.0529976
-0.0528696
-0.0528565
-0.0530345
-0.0530463
-0.0533033
-0.0535202
-0.0533427
-0.0536565
-0.0537233
0.00112956
0.0122251
0.0180892
0.00753151
-0.0142625
-0.0357651
-0.0489564
-0.0529974
0.00629937
0.0051829
0.000354023
0.0168934
0.0161658
0.0116636
0.0148544
0.0106359
0.0161079
-0.00268556
-0.0116504
0.000706565
-0.0256999
-0.0353514
-0.0242448
-0.0436317
-0.0497073
-0.0439512
-0.0518899
-0.0539124
-0.0528293
-0.0530947
-0.0532267
-0.0537667
0.00360705
0.00258975
0.000483339
0.0148782
0.0148761
0.0120694
0.0170306
0.015922
0.0175275
0.00269163
-0.00130002
0.00423719
-0.0200839
-0.0253517
-0.019489
-0.0400065
-0.0438648
-0.0401505
-0.0506949
-0.0522656
-0.05106
-0.0531173
-0.0533241
-0.0534169
0.00925197
0.00883067
0.00554754
0.00846573
0.00822329
0.00515351
0.00227233
0.00245086
0.000549984
0.0180189
0.0178318
0.0168905
0.0168071
0.0153326
0.0150907
0.0143553
0.0136129
0.0111936
0.0116428
0.00910557
0.0130679
0.00611529
0.00260551
0.0076518
0.0140252
0.0115764
0.0141708
-0.00840188
-0.0133939
-0.00725747
-0.0180412
-0.0228386
-0.0163096
-0.00531088
-0.00969271
-0.0032815
-0.0309664
-0.0357864
-0.0308247
-0.0400003
-0.0439163
-0.039678
-0.0300649
-0.034689
-0.0290301
-0.0466135
-0.0492954
-0.0469097
-0.0515675
-0.0533496
-0.0520288
-0.0471825
-0.0500615
-0.0473732
-0.0526244
-0.0533428
-0.0529942
-0.0539393
-0.0541945
-0.0544281
-0.053578
-0.0544399
-0.0541179
-0.0530307
-0.0530306
-0.0531653
-0.0530291
-0.0529404
-0.0531552
-0.0534983
-0.0534728
-0.0538448
