FiniteElementSpace
FiniteElementCollection: L2_2D_P3
VDim: 1
Ordering: 0

0.0040029
0.00215518
0.00336177
0.0048883
0.00171758
0.0013159
0.00264897
0.00434934
0.000658553
0.000749912
0.00179732
0.00310675
0.000583811
0.000589025
0.00121331
0.00197863
0.00728277
0.00744308
0.00761433
0.00771522
0.00530706
0.0054171
0.00552731
0.00558517
0.00334246
0.00340265
0.00345434
0.00347258
0.00223406
0.00226732
0.00228769
0.00228484
0.00753188
0.00742391
0.00724599
0.0070825
0.00545885
0.00539162
0.00527131
0.00515512
0.00338535
0.00335483
0.00328853
0.00321819
0.00221067
0.00219931
0.00216144
0.00211554
0.00476717
0.00457181
0.00430778
0.00409958
0.00355844
0.00342129
0.00323343
0.00308358
0.00231327
0.00223356
0.00212179
0.00203092
0.00158699
0.00153936
0.00147044
0.00141313
0.00204396
0.00191378
0.00174758
0.0016233
0.00158986
0.00149241
0.00136796
0.00127488
0.0011075
0.00104416
0.000963528
0.000903444
0.000817665
0.000774373
0.000719718
0.000679361
0.000593903
0.00054108
0.000475848
0.000428679
0.000488133
0.000446202
0.000394624
0.000357472
0.000372676
0.000342525
0.000305817
0.000279648
0.00030158
0.000278583
0.000250994
0.000231627
0.000103115
9.04502e-05
7.52376e-05
6.45674e-05
9.2437e-05
8.15291e-05
6.84662e-05
5.93254e-05
8.02817e-05
7.13451e-05
6.07288e-05
5.33529e-05
7.25226e-05
6.48072e-05
5.57417e-05
4.951e-05
7.73123e-06
6.31499e-06
4.68677e-06
3.60564e-06
8.04466e-06
6.63545e-06
5.00809e-06
3.9201e-06
8.32409e-06
6.9325e-06
5.32473e-06
4.24661e-06
8.44408e-06
7.06444e-06
5.47923e-06
4.42064e-06
0.00530769
0.00563173
0.00605147
0.00636785
0.0041723
0.00435511
0.0045846
0.00475104
0.00292588
0.00298971
0.00306251
0.0031087
0.00214014
0.00215284
0.00216017
0.00215709
0.000158602
0.000151237
0.000140144
0.000130774
0.000100477
9.38633e-05
8.75638e-05
8.47519e-05
0.000234221
0.000232417
0.000237456
0.000247188
0.000479109
0.000486325
0.00050704
0.000531777
0.00069794
0.000476711
0.000298676
0.000220662
0.000671659
0.000455103
0.000275788
0.000192703
0.000585542
0.000415898
0.000328948
0.000326243
0.00048297
0.000379567
0.000429358
0.000545808
0.00795421
0.00797044
0.00794698
0.007895
0.00574016
0.00575778
0.00574198
0.00570028
0.00354243
0.00355851
0.00354835
0.00351681
0.00230638
0.0023209
0.00231288
0.00228619
1.29289e-05
1.44182e-05
1.38336e-05
1.15132e-05
4.73171e-05
4.61245e-05
4.76461e-05
5.12558e-05
0.000353393
0.000349826
0.000354266
0.000364728
0.000775009
0.000770332
0.000776991
0.000791952
6.91068e-05
6.04823e-05
4.76305e-05
3.64708e-05
6.23602e-05
5.67156e-05
5.27105e-05
5.22988e-05
0.000293893
0.000296528
0.000308742
0.000325036
0.000645158
0.000657041
0.000684714
0.000715488
0.00631892
0.00613873
0.00588104
0.00566772
0.00463705
0.00451599
0.00433754
0.00418628
0.00293209
0.00286728
0.00276563
0.00267558
0.00195331
0.00191892
0.00185917
0.00180289
7.66559e-05
8.32803e-05
9.15697e-05
9.78732e-05
9.30113e-05
9.35605e-05
9.76285e-05
0.000103366
0.000333642
0.000320719
0.000311376
0.000309884
0.000675074
0.000647972
0.000622825
0.000611231
2.68619e-05
3.37782e-05
4.0867e-05
4.50287e-05
6.38959e-05
6.49581e-05
6.94596e-05
7.53884e-05
0.000365676
0.000356325
0.000352717
0.000356524
0.000777996
0.000758731
0.000745573
0.000744612
0.00326803
0.0030967
0.00287278
0.00270153
0.00248747
0.00236295
0.0021994
0.00207376
0.00167042
0.00159353
0.00149191
0.00141348
0.00118635
0.0011368
0.00107107
0.00102024
0.000149401
0.000148339
0.000149239
0.000151698
0.00012164
0.000118404
0.000117584
0.000119492
0.000204129
0.000191852
0.000180741
0.000175834
0.000353513
0.000329905
0.000305185
0.000290714
0.000124496
0.000127504
0.000132683
0.000137746
0.000115205
0.000113844
0.000115568
0.00011956
0.000273269
0.000259588
0.000247936
0.000243618
0.000516968
0.000489206
0.000461064
0.0004455
0.00116221
0.00107433
0.000964158
0.000883241
0.000926846
0.00085918
0.000774556
0.000712562
0.000673412
0.00062723
0.000569945
0.00052833
0.000519212
0.00048589
0.000445112
0.000415908
0.000128268
0.000122854
0.000118172
0.000116297
9.46874e-05
9.0041e-05
8.64431e-05
8.54513e-05
9.18214e-05
8.48361e-05
7.84698e-05
7.55649e-05
0.000119845
0.000108628
9.7088e-05
9.04809e-05
0.000148461
0.000144474
0.00014188
0.000141822
0.000113111
0.000108756
0.00010611
0.000106298
0.000141119
0.000131381
0.000122431
0.000118306
0.00021686
0.000199465
0.000181196
0.000170423
0.000267452
0.000239534
0.000205528
0.000181298
0.000228308
0.000205334
0.000177465
0.000157685
0.000184887
0.00016735
0.00014629
0.00013149
0.000157784
0.000143585
0.000126765
0.000115105
6.53943e-05
6.06994e-05
5.58261e-05
5.29509e-05
4.86523e-05
4.51455e-05
4.17337e-05
3.9916e-05
3.46344e-05
3.17278e-05
2.90694e-05
2.78138e-05
2.97002e-05
2.65465e-05
2.36107e-05
2.2183e-05
9.77837e-05
9.22496e-05
8.68854e-05
8.40772e-05
7.17192e-05
6.74237e-05
6.36202e-05
6.19685e-05
5.72819e-05
5.26521e-05
4.84778e-05
4.65968e-05
6.07372e-05
5.44103e-05
4.8177e-05
4.48409e-05
3.25734e-05
2.78083e-05
2.2179e-05
1.83083e-05
3.11389e-05
2.67783e-05
2.16284e-05
1.80837e-05
2.93529e-05
2.54638e-05
2.08906e-05
1.77512e-05
2.81165e-05
2.45217e-05
2.03285e-05
1.74704e-05
1.79647e-05
1.59634e-05
1.37177e-05
1.22421e-05
1.45109e-05
1.29637e-05
1.12581e-05
1.01585e-05
1.06333e-05
9.57115e-06
8.4464e-06
7.75551e-06
8.11843e-06
7.3483e-06
6.5795e-06
6.1445e-06
3.76239e-05
3.42703e-05
3.06237e-05
2.83207e-05
2.89186e-05
2.64122e-05
2.3793e-05
2.22217e-05
2.00701e-05
1.83002e-05
1.65834e-05
1.56644e-05
1.51381e-05
1.3658e-05
1.23097e-05
1.16704e-05
1.01266e-06
7.25483e-07
4.23421e-07
2.47899e-07
1.18263e-06
8.55702e-07
5.08248e-07
3.03144e-07
1.35958e-06
9.90958e-07
5.97533e-07
3.63238e-07
1.456e-06
1.06324e-06
6.45552e-07
3.9709e-07
1.3374e-06
9.90921e-07
6.21348e-07
3.98907e-07
1.22238e-06
9.0886e-07
5.73355e-07
3.70601e-07
1.09893e-06
8.21745e-07
5.23788e-07
3.427e-07
1.02504e-06
7.70516e-07
4.96189e-07
3.28829e-07
6.54814e-06
5.57148e-06
4.4624e-06
3.72675e-06
5.63314e-06
4.82395e-06
3.90662e-06
3.29852e-06
4.57607e-06
3.96105e-06
3.26697e-06
2.80826e-06
3.86588e-06
3.38159e-06
2.83973e-06
2.48447e-06
0.00408129
0.00435635
0.0047488
0.00505993
0.00356278
0.0037059
0.00389469
0.00403955
0.00270627
0.00276923
0.00284814
0.00290565
0.00197097
0.00204036
0.0021212
0.0021783
0.0015825
0.00164246
0.00173422
0.00180477
0.000966607
0.00102183
0.00109738
0.00115437
0.0004437
0.000471235
0.000509827
0.000540014
0.000226141
0.000230359
0.000241093
0.000251914
0.000583108
0.000538919
0.0009907
0.00156823
0.000576715
0.000481095
0.000691547
0.00100965
0.000646586
0.000469179
0.000434772
0.000505973
0.000690936
0.000470522
0.000323707
0.000283048
0.00776481
0.00785274
0.00792411
0.00794504
0.00561664
0.00568131
0.00572793
0.0057343
0.00348632
0.003526
0.00354752
0.00354048
0.0022888
0.00231439
0.0023217
0.00230695
0.00176887
0.00178713
0.0017885
0.00177202
0.000994514
0.00100216
0.000996238
0.000979345
0.000344537
0.000344242
0.000334927
0.000320871
9.21924e-05
8.99076e-05
8.17681e-05
7.14956e-05
0.00175156
0.00177206
0.0017792
0.00176888
0.0010215
0.0010255
0.00101681
0.000999062
0.000393972
0.000387029
0.000370285
0.000351359
0.000137768
0.000129129
0.000113696
9.84573e-05
0.0069969
0.00684526
0.00661728
0.00642095
0.0050988
0.00499989
0.00484401
0.00470516
0.00318853
0.00313867
0.00305157
0.00296885
0.00209973
0.00207597
0.00202577
0.00197349
0.00162583
0.00161212
0.00157749
0.0015389
0.000915306
0.000914199
0.000900885
0.000882113
0.00032377
0.000331068
0.000334044
0.000331661
0.000100531
0.000109334
0.00011734
0.000121131
0.00170071
0.00169624
0.00167038
0.00163586
0.000941825
0.000945278
0.000935562
0.000917668
0.00031338
0.000321564
0.000324238
0.000320458
7.85155e-05
8.70944e-05
9.37251e-05
9.55992e-05
0.00399291
0.00380612
0.0035583
0.00336613
0.00300896
0.00287543
0.00269674
0.00255712
0.00198709
0.00190696
0.00179829
0.00171244
0.00138628
0.0013364
0.00126776
0.00121295
0.00111897
0.00108187
0.00103042
0.000989129
0.00069962
0.000681082
0.000655039
0.000633965
0.000334781
0.000330789
0.000325371
0.000321234
0.00018417
0.000184781
0.000186621
0.000188959
0.00126614
0.00123185
0.00118123
0.00113853
0.000769136
0.000753721
0.000729645
0.000708564
0.000342454
0.000341402
0.000338482
0.000335308
0.000171011
0.000174143
0.000178356
0.000181885
0.00156056
0.00145207
0.00131489
0.00121326
0.00122846
0.0011461
0.00104208
0.000965136
0.000873257
0.000818406
0.000749557
0.000698949
0.000658454
0.00061993
0.000572129
0.000537422
0.000558928
0.000527681
0.000489252
0.00046161
0.000393288
0.000373498
0.000349841
0.000333348
0.000239758
0.00022986
0.000219147
0.000212566
0.000168033
0.000162089
0.000156752
0.000154431
0.000685022
0.000650546
0.00060734
0.000575683
0.000467892
0.000447041
0.000421587
0.000403459
0.00027011
0.000260761
0.000250563
0.000244261
0.000180723
0.000175745
0.000171626
0.000170243
0.000405528
0.000366453
0.000318534
0.000284138
0.000339289
0.000307737
0.000269205
0.000241659
0.000266441
0.000243092
0.000214875
0.000194911
0.000221297
0.00020296
0.000181115
0.000165888
0.000198631
0.000182692
0.000163858
0.000150842
0.000157341
0.000145517
0.000131841
0.000122606
0.000115652
0.000107734
9.90009e-05
9.34284e-05
9.30106e-05
8.69859e-05
8.06969e-05
7.697e-05
0.000266839
0.000247189
0.000223828
0.000207584
0.000205267
0.000191221
0.000174923
0.000163892
0.000144599
0.000135738
0.000126044
0.000119939
0.000112966
0.0001065
9.99245e-05
9.61947e-05
5.96396e-05
5.1667e-05
4.21642e-05
3.55591e-05
5.50875e-05
4.80258e-05
3.96247e-05
3.37908e-05
4.97694e-05
4.37451e-05
3.66234e-05
3.17031e-05
4.62941e-05
4.09145e-05
3.46154e-05
3.03019e-05
4.39878e-05
3.89827e-05
3.31416e-05
2.91528e-05
3.89581e-05
3.47063e-05
2.97841e-05
2.64477e-05
3.31378e-05
2.96976e-05
2.57795e-05
2.31665e-05
2.92924e-05
2.63394e-05
2.30336e-05
2.08694e-05
6.79584e-05
6.08991e-05
5.26427e-05
4.69913e-05
5.85923e-05
5.27853e-05
4.60692e-05
4.15226e-05
4.8206e-05
4.36983e-05
3.85999e-05
3.52288e-05
4.17158e-05
3.79441e-05
3.37769e-05
3.10941e-05
3.1536e-06
2.46772e-06
1.7007e-06
1.2105e-06
3.45911e-06
2.7376e-06
1.92447e-06
1.39896e-06
3.76587e-06
3.0101e-06
2.15574e-06
1.60011e-06
3.92643e-06
3.15059e-06
2.27728e-06
1.71086e-06
3.91403e-06
3.14557e-06
2.28013e-06
1.71802e-06
3.82296e-06
3.08502e-06
2.25332e-06
1.71196e-06
3.65245e-06
2.96046e-06
2.18173e-06
1.67479e-06
3.4837e-06
2.83146e-06
2.09934e-06
1.62338e-06
8.33236e-06
6.9859e-06
5.43889e-06
4.40498e-06
7.95698e-06
6.70225e-06
5.26156e-06
4.29807e-06
7.40485e-06
6.26844e-06
4.96869e-06
4.10156e-06
6.93993e-06
5.89252e-06
4.70044e-06
3.90833e-06
0.00649663
0.0067283
0.00700294
0.00719012
0.00482494
0.00497329
0.00514151
0.00524943
0.00313393
0.00320607
0.00327933
0.0033183
0.00216086
0.00219507
0.00222188
0.00222756
0.00173487
0.00175184
0.00175908
0.00175211
0.0010661
0.00106343
0.00104914
0.00102937
0.000466639
0.000452674
0.000428507
0.00040522
0.000202519
0.000188272
0.000166796
0.000147898
0.00176176
0.00176402
0.00175539
0.00173932
0.00112506
0.00111783
0.00109916
0.00107769
0.000527894
0.000518155
0.00049928
0.000480264
0.00024802
0.000240613
0.000227113
0.000214048
0.000121701
0.000109242
9.17838e-05
7.75614e-05
8.1565e-05
7.41835e-05
6.78208e-05
6.56129e-05
0.000253589
0.000257616
0.00027112
0.00028807
0.000546811
0.000563356
0.000596439
0.000630965
0.00075368
0.000778395
0.00082404
0.000869691
0.00124672
0.0012879
0.00135889
0.00142707
0.00209719
0.00216247
0.00226982
0.00236979
0.00290584
0.00299111
0.00312855
0.00325471
0.000645653
0.000661695
0.000696121
0.000732976
0.00104117
0.0010807
0.00114894
0.00121438
0.00173603
0.00181417
0.00193717
0.00204818
0.00240584
0.00251925
0.00269183
0.00284368
0.000162544
0.000159029
0.000159131
0.000162011
0.000130096
0.000118525
0.000108335
0.000103837
0.0002608
0.000248742
0.000239765
0.000237954
0.000480039
0.000474741
0.000475626
0.000481928
0.000643675
0.000634517
0.000634846
0.000644456
0.000936594
0.000946601
0.000978209
0.00101581
0.00138578
0.00145109
0.00156409
0.00167022
0.00176113
0.001897
0.0021148
0.00230823
0.000426323
0.00037242
0.000521935
0.000716431
0.000344528
0.000356562
0.00067962
0.00105888
0.000306318
0.00038558
0.000935838
0.0015303
0.000370734
0.000466075
0.00116343
0.001865
0.00786654
0.00781579
0.00770732
0.00759262
0.00568194
0.00565445
0.0055817
0.00549834
0.00350705
0.00349906
0.00345891
0.00340585
0.00228051
0.0022823
0.00225881
0.00222153
0.00174875
0.0017533
0.00173688
0.00170755
0.000960902
0.000967684
0.00096066
0.00094341
0.000309455
0.000316773
0.000317313
0.000311036
6.61582e-05
7.28211e-05
7.62159e-05
7.49611e-05
0.00177046
0.00178292
0.00177587
0.00175269
0.000976725
0.000985067
0.000979444
0.000962563
0.000317987
0.000322483
0.000318989
0.000309217
6.91795e-05
7.21556e-05
7.05075e-05
6.50805e-05
1.28227e-05
1.77903e-05
2.18582e-05
2.328e-05
5.25936e-05
5.2914e-05
5.63857e-05
6.14803e-05
0.000365615
0.00035898
0.000359255
0.000366348
0.000792113
0.0007795
0.000775566
0.000782158
0.00107975
0.00106299
0.00105607
0.00106222
0.00173672
0.00171075
0.0016967
0.00170107
0.00282042
0.00278085
0.00275507
0.00275501
0.00382089
0.00376921
0.00373242
0.00372756
0.00106043
0.00105467
0.0010624
0.00108009
0.00171405
0.00170585
0.00171534
0.0017382
0.00279549
0.00278389
0.00279514
0.00282406
0.00379624
0.00378146
0.00379347
0.00382675
3.11815e-05
2.79135e-05
2.14238e-05
1.47094e-05
5.03412e-05
4.70221e-05
4.5889e-05
4.75444e-05
0.000329103
0.00032873
0.000337292
0.000350933
0.000725249
0.000729082
0.000746726
0.000770089
0.000995717
0.00100179
0.00102478
0.00105413
0.00161842
0.00162931
0.00166339
0.00170499
0.00265589
0.00267431
0.00272422
0.00278261
0.00362042
0.00364521
0.00370823
0.00378041
0.000888722
0.000906046
0.000943031
0.000982705
0.00145571
0.00148449
0.00154085
0.00159889
0.00241244
0.00245847
0.0025429
0.00262682
0.00330907
0.00336981
0.00347787
0.00358339
0.00555748
0.0053634
0.00509476
0.00487844
0.00411154
0.00397802
0.00378947
0.00363509
0.00263411
0.00255934
0.0024496
0.00235705
0.00177927
0.0017368
0.00167077
0.00161286
0.00140391
0.00137463
0.00132717
0.00128441
0.000829403
0.000818216
0.000797164
0.000776573
0.00034209
0.000344211
0.000343848
0.000341484
0.000151069
0.000156682
0.000163016
0.000167378
0.00152566
0.00150341
0.00146139
0.00142001
0.000878295
0.000872073
0.00085478
0.000835034
0.000334881
0.00033997
0.000341759
0.000339763
0.000126379
0.000134042
0.000141803
0.000146351
0.000102624
0.000107656
0.00011472
0.000120699
0.000105802
0.000105469
0.000108485
0.00011346
0.00030573
0.000292099
0.000281183
0.00027796
0.00059949
0.000571278
0.000543622
0.000529268
0.000799709
0.000761876
0.00072314
0.000701359
0.00125952
0.00120035
0.00113662
0.00109774
0.00203118
0.00193913
0.00183602
0.00176951
0.00274996
0.00262873
0.00249031
0.00239878
0.000906477
0.000870028
0.000834447
0.000816145
0.00143611
0.00137897
0.00131987
0.00128606
0.00231769
0.00222898
0.00213296
0.00207399
0.00313496
0.00301836
0.00288928
0.00280746
4.98928e-05
5.72731e-05
6.56974e-05
7.14641e-05
7.83008e-05
7.93843e-05
8.40263e-05
9.0134e-05
0.000354422
0.000342931
0.000336047
0.000336928
0.000736914
0.000712762
0.000692431
0.000685311
0.000995167
0.000962636
0.000933417
0.000920991
0.00158501
0.00153395
0.00148463
0.00145979
0.00256122
0.00248217
0.00240131
0.002356
0.0034634
0.00335965
0.00325051
0.00318644
0.0010559
0.00103
0.00101045
0.0010063
0.00169014
0.00164955
0.00161541
0.00160347
0.00273659
0.00267402
0.00261682
0.0025914
0.00370229
0.00362032
0.00354223
0.00350412
0.00261442
0.00246271
0.00226692
0.00211896
0.00201102
0.00189908
0.00175427
0.00164461
0.00137465
0.00130368
0.00121181
0.00114223
0.000994883
0.000947731
0.000886893
0.000841033
0.000822925
0.000786111
0.000738829
0.000703364
0.000545672
0.000524535
0.00049794
0.000478426
0.000297206
0.000288998
0.000279845
0.000274057
0.000188407
0.000184854
0.000182373
0.000182123
0.000969198
0.000931367
0.000881176
0.000842392
0.000623984
0.000603558
0.000576704
0.000556171
0.000319307
0.000312889
0.000305341
0.000300293
0.000189864
0.000188195
0.000187735
0.000188758
0.000151865
0.000149154
0.000148148
0.000149284
0.000118967
0.000115062
0.000113217
0.0001142
0.000171209
0.000160123
0.000149971
0.000145345
0.000280623
0.000260015
0.000238335
0.000225536
0.000358535
0.000331476
0.000301928
0.000283495
0.000542827
0.000501276
0.000453732
0.000422157
0.000873156
0.000808016
0.000730955
0.000677686
0.0011927
0.00110603
0.00100194
0.000928746
0.000458292
0.00042708
0.000393161
0.000372161
0.00070349
0.000655266
0.00060042
0.000564283
0.00113294
0.00105747
0.000968747
0.000907864
0.00154301
0.0014429
0.00132338
0.00123991
0.000140333
0.000141227
0.000144253
0.000148071
0.000120509
0.000118142
0.00011854
0.000121473
0.000238702
0.000225516
0.000213849
0.000209004
0.000433416
0.000407311
0.000380296
0.000364797
0.000568385
0.000533677
0.000496374
0.000473666
0.000881706
0.000827817
0.000767204
0.000727851
0.00142077
0.00133659
0.00123865
0.00117227
0.00193023
0.00181887
0.0016872
0.00159627
0.000684308
0.000647223
0.000608107
0.00058499
0.0010704
0.00101259
0.000948683
0.000908171
0.00172545
0.00163533
0.00153207
0.00146344
0.0023395
0.00222056
0.00208192
0.0019878
0.00084284
0.000773679
0.000687647
0.000624963
0.000681827
0.000627782
0.000560779
0.000512124
0.000507281
0.000469448
0.000422988
0.000389577
0.000400444
0.000372389
0.000338434
0.000314385
0.000349341
0.000325778
0.00029753
0.000277724
0.000260895
0.000244685
0.000225768
0.000212894
0.000175654
0.000166089
0.000155698
0.000149231
0.000132888
0.00012625
0.00011971
0.000116208
0.000446723
0.000419216
0.000385873
0.000362233
0.00032384
0.000305662
0.000284243
0.000269529
0.000207788
0.000197848
0.000187094
0.000180463
0.000151654
0.000145172
0.000139035
0.000136003
0.000113758
0.00010814
0.000102951
0.000100496
8.34712e-05
7.89329e-05
7.51483e-05
7.37631e-05
7.2832e-05
6.70972e-05
6.19056e-05
5.95597e-05
8.60566e-05
7.74906e-05
6.88437e-05
6.40337e-05
9.75409e-05
8.69262e-05
7.57592e-05
6.9137e-05
0.00012875
0.000113375
9.61629e-05
8.50465e-05
0.000200333
0.00017627
0.000148095
0.000128877
0.000277896
0.000245398
0.000206606
0.000179564
0.000141853
0.000127645
0.000112421
0.000103154
0.000197798
0.000176728
0.000152829
0.000137131
0.000313004
0.000279924
0.00024087
0.000213961
0.000432411
0.000387918
0.000334476
0.000296934
0.000140216
0.000135334
0.000131514
0.000130442
0.000104783
0.000100189
9.69641e-05
9.64954e-05
0.000114562
0.000106221
9.85731e-05
9.50525e-05
0.000163236
0.000149034
0.000134227
0.000125584
0.000199659
0.000181385
0.000161566
0.000149306
0.000289035
0.000261503
0.000230036
0.000209169
0.000461552
0.000418298
0.000367019
0.000331501
0.00063502
0.000577071
0.000507261
0.000458037
0.000271898
0.000249257
0.000224552
0.000209146
0.000404032
0.000369545
0.000330019
0.000303716
0.000648302
0.00059416
0.000529932
0.000485401
0.00088857
0.000816297
0.000729235
0.000667826
0.000169706
0.000150503
0.000127273
0.000110846
0.000148214
0.000132072
0.000112617
9.89054e-05
0.000124117
0.000111372
9.61527e-05
8.55202e-05
0.000108938
9.82882e-05
8.57279e-05
7.70603e-05
0.00010064
9.10598e-05
7.98273e-05
7.21208e-05
8.44069e-05
7.67838e-05
6.79751e-05
6.20215e-05
6.7037e-05
6.1379e-05
5.50304e-05
5.08768e-05
5.67166e-05
5.21128e-05
4.71064e-05
4.3952e-05
0.000143682
0.000131126
0.000116357
0.000106193
0.000117145
0.000107493
9.63416e-05
8.88128e-05
8.96141e-05
8.27922e-05
7.52029e-05
7.02972e-05
7.39991e-05
6.86194e-05
6.2878e-05
5.93573e-05
5.06314e-05
4.65762e-05
4.22589e-05
3.96121e-05
3.82034e-05
3.51863e-05
3.21369e-05
3.04004e-05
2.65562e-05
2.42824e-05
2.21526e-05
2.10894e-05
2.10123e-05
1.88525e-05
1.68836e-05
1.59582e-05
1.80465e-05
1.58963e-05
1.39512e-05
1.30571e-05
1.3126e-05
1.08958e-05
8.7997e-06
7.76859e-06
1.28523e-05
9.81406e-06
6.6975e-06
4.92709e-06
1.70635e-05
1.29294e-05
8.46698e-06
5.74165e-06
2.74813e-05
2.40721e-05
2.08365e-05
1.92093e-05
2.49664e-05
2.0857e-05
1.66891e-05
1.43494e-05
3.14118e-05
2.53579e-05
1.87433e-05
1.46172e-05
4.34002e-05
3.51423e-05
2.57938e-05
1.96953e-05
8.13611e-05
7.61529e-05
7.09098e-05
6.79689e-05
5.9957e-05
5.60142e-05
5.23419e-05
5.0548e-05
4.47168e-05
4.10293e-05
3.7697e-05
3.61761e-05
4.24589e-05
3.79313e-05
3.3595e-05
3.13806e-05
4.24654e-05
3.72608e-05
3.21046e-05
2.93151e-05
4.58236e-05
3.89512e-05
3.1643e-05
2.72394e-05
6.50431e-05
5.45522e-05
4.26876e-05
3.49386e-05
9.05961e-05
7.63175e-05
5.97228e-05
4.85269e-05
6.50914e-05
5.74911e-05
4.9699e-05
4.52508e-05
7.92109e-05
6.8591e-05
5.69437e-05
4.96206e-05
0.00011943
0.00010294
8.38922e-05
7.11138e-05
0.000166231
0.000143871
0.000117456
9.92727e-05
1.65997e-05
1.39131e-05
1.07746e-05
8.64663e-06
1.65072e-05
1.39526e-05
1.09629e-05
8.92853e-06
1.62812e-05
1.38892e-05
1.10953e-05
9.19419e-06
1.60549e-05
1.3765e-05
1.11084e-05
9.31066e-06
1.56583e-05
1.34578e-05
1.09074e-05
9.18194e-06
1.45971e-05
1.26081e-05
1.03091e-05
8.756e-06
1.32047e-05
1.14677e-05
9.47436e-06
8.13567e-06
1.21463e-05
1.05825e-05
8.80259e-06
7.61622e-06
2.70762e-05
2.36763e-05
1.9719e-05
1.70254e-05
2.46136e-05
2.16335e-05
1.81829e-05
1.58441e-05
2.16078e-05
1.91008e-05
1.62306e-05
1.43055e-05
1.94917e-05
1.72873e-05
1.47941e-05
1.31424e-05
1.13252e-05
9.88773e-06
8.2593e-06
7.1788e-06
9.43009e-06
8.28476e-06
6.99839e-06
6.15178e-06
7.25108e-06
6.43495e-06
5.53638e-06
4.95714e-06
5.79377e-06
5.19156e-06
4.54869e-06
4.14892e-06
4.93816e-06
4.46479e-06
3.97592e-06
3.68457e-06
3.25748e-06
3.05229e-06
2.86425e-06
2.77077e-06
1.84206e-06
1.87954e-06
1.97236e-06
2.07126e-06
1.32649e-06
1.48369e-06
1.72051e-06
1.92293e-06
6.63377e-06
6.03735e-06
5.48032e-06
5.19812e-06
3.73804e-06
3.49682e-06
3.34314e-06
3.33107e-06
1.28397e-06
1.33039e-06
1.51425e-06
1.73909e-06
3.53941e-07
5.11558e-07
8.34087e-07
1.16473e-06
2.67003e-05
2.40485e-05
2.11141e-05
1.92179e-05
2.09954e-05
1.89883e-05
1.6829e-05
1.54795e-05
1.48459e-05
1.34728e-05
1.20824e-05
1.1282e-05
1.10801e-05
1.00389e-05
9.06054e-06
8.56301e-06
8.87785e-06
8.02644e-06
7.28388e-06
6.96077e-06
4.6707e-06
4.19203e-06
3.87058e-06
3.82977e-06
1.42683e-06
1.1468e-06
1.05573e-06
1.17965e-06
5.41769e-07
2.30377e-07
1.08569e-07
2.23586e-07
1.23318e-05
1.09982e-05
9.83774e-06
9.34335e-06
7.19538e-06
6.11477e-06
5.2229e-06
4.8993e-06
4.25352e-06
3.0441e-06
1.97851e-06
1.53108e-06
4.68558e-06
3.07516e-06
1.5264e-06
7.48837e-07
1.8164e-07
9.53216e-08
2.49589e-08
3.54306e-09
2.22897e-07
1.19176e-07
3.23271e-08
3.71855e-09
2.66694e-07
1.45178e-07
4.17097e-08
5.51583e-09
2.92146e-07
1.6023e-07
4.84424e-08
8.2983e-09
2.94385e-07
1.61232e-07
4.75778e-08
7.2003e-09
3.00559e-07
1.62347e-07
4.53787e-08
5.01342e-09
3.04499e-07
1.61603e-07
4.25212e-08
3.2953e-09
3.04021e-07
1.59513e-07
4.06204e-08
3.03794e-09
1.46224e-06
1.06854e-06
6.4999e-07
4.00804e-07
1.45805e-06
1.07e-06
6.5653e-07
4.0928e-07
1.42812e-06
1.0531e-06
6.53115e-07
4.13038e-07
1.38622e-06
1.02562e-06
6.41048e-07
4.09781e-07
2.96875e-07
1.54118e-07
3.79187e-08
2.75841e-09
2.7728e-07
1.40014e-07
3.08723e-08
1.40198e-09
2.5947e-07
1.26653e-07
2.43127e-08
1.19795e-09
2.52109e-07
1.20129e-07
2.10398e-08
2.07826e-09
2.51453e-07
1.19606e-07
2.17373e-08
3.09134e-09
2.49165e-07
1.20719e-07
2.23843e-08
1.12379e-09
2.78569e-07
1.38979e-07
2.91782e-08
1.20193e-09
3.2595e-07
1.66712e-07
3.93092e-08
3.23563e-09
9.95394e-07
7.51301e-07
4.87275e-07
3.25616e-07
9.45735e-07
7.21157e-07
4.74386e-07
3.20886e-07
9.99674e-07
7.71379e-07
5.18023e-07
3.58575e-07
1.13628e-06
8.82917e-07
6.01427e-07
4.23641e-07
3.32513e-06
2.70762e-06
2.01485e-06
1.56448e-06
2.95435e-06
2.41935e-06
1.81769e-06
1.42518e-06
2.53509e-06
2.09524e-06
1.59883e-06
1.27336e-06
2.26212e-06
1.88572e-06
1.46029e-06
1.18059e-06
2.11823e-06
1.7784e-06
1.39379e-06
1.14043e-06
1.84604e-06
1.58213e-06
1.27563e-06
1.06798e-06
1.74034e-06
1.53214e-06
1.28344e-06
1.10984e-06
1.8542e-06
1.65896e-06
1.42264e-06
1.25534e-06
3.46009e-06
3.05407e-06
2.60341e-06
2.31034e-06
2.66824e-06
2.42619e-06
2.15431e-06
1.97449e-06
2.08638e-06
1.99129e-06
1.8843e-06
1.81278e-06
1.98105e-06
1.95588e-06
1.9296e-06
1.91303e-06
