FiniteElementSpace
FiniteElementCollection: H1_2D_P2
VDim: 2
Ordering: 0

0
0.900056
1.74308
2.52276
3.2399
3.91362
4.56947
5.22543
5.88643
0
1.06649
2.11954
3.07522
3.90601
4.63866
5.3172
5.97706
6.63614
0.458281
0.986757
0.527775
0
1.32876
1.94048
1.60081
2.14128
2.81004
2.61291
2.88829
3.58155
3.50539
3.58056
4.28078
4.28186
4.24235
4.94484
4.9821
4.89685
5.60127
5.64792
5.5554
6.26107
6.30624
0.495129
1.47126
2.38787
3.20704
3.93783
4.61511
5.27295
5.93062
0.231951
0.475878
0.248225
0
1.11608
1.40177
1.23042
0.943389
1.94426
2.26869
2.1672
1.84503
2.70742
3.05169
3.01157
2.67073
3.41139
3.76188
3.76166
3.41414
4.07834
4.43003
4.44874
4.09915
4.73305
5.08529
5.10896
4.75793
5.39026
5.74301
5.7658
5.41348
0.680841
0.741362
1.02823
0.797012
0.513013
0.260494
0
1.53784
1.70826
2.03153
1.86281
1.53758
1.33489
2.3341
2.60218
2.944
2.84811
2.50186
2.36986
3.06566
3.39686
3.74472
3.70913
3.35741
3.29423
3.74782
4.11066
4.46007
4.46228
4.11048
4.09668
4.40597
4.78034
5.13095
5.15042
4.79871
4.81172
5.06096
5.43701
5.78902
5.81256
5.46029
5.48291
5.72082
6.07371
6.09572
6.44853
6.47109
6.11832
6.14158
0.240691
1.17412
2.0595
2.86372
3.58959
4.26516
4.92157
5.57808
0.710338
0.77084
0.25512
1.62562
1.78706
1.28422
2.47244
2.72658
2.27003
3.23501
3.55407
3.15419
3.93156
4.28696
3.92996
4.59418
4.96538
4.63045
5.24923
5.62463
5.29582
5.90824
6.28331
5.95356
0.117714
0.236318
0.121716
0
1.00847
1.14528
1.05909
0.921594
1.84417
2.00302
1.9529
1.79502
2.61556
2.78684
2.76787
2.59805
3.32596
3.5014
3.50229
3.32804
3.99608
4.17223
4.18232
4.00697
4.65123
4.82748
4.83975
4.66394
5.3078
5.48418
5.49574
5.3195
0.570012
0.695191
0.593217
0.466577
0.618316
0.756402
0.641943
0.504289
0.124322
0.251777
0.126675
0
1.43376
1.58248
1.51421
1.36575
1.5903
1.74808
1.66288
1.50481
1.10887
1.25768
1.15648
1.00782
2.2382
2.40457
2.37125
2.20624
2.49582
2.66487
2.61513
2.44535
2.05456
2.21909
2.15158
1.98646
2.97738
3.15146
3.1439
2.97119
3.30263
3.47588
3.45653
3.28267
2.91158
3.08336
3.04999
2.87751
3.6644
3.84038
3.84701
3.67202
4.02463
4.19905
4.19919
4.02444
3.67214
3.84614
3.83797
3.6635
4.32419
4.50038
4.51218
4.33658
4.69784
4.87293
4.88221
4.70701
4.365
4.53974
4.54556
4.37061
4.97886
5.15517
5.16723
4.99119
5.35497
5.53082
5.54247
5.36663
5.02693
5.20241
5.21345
5.03794
5.63808
5.81452
5.82559
5.64921
6.01314
6.1895
6.20079
6.02445
5.6835
5.85966
5.87126
5.69513
0.345563
0.358418
0.485604
0.371786
0.244528
0
1.22285
1.28837
1.43693
1.35126
1.20255
0.965229
2.04328
2.16477
2.32909
2.27831
2.11409
1.89341
2.7983
2.95831
3.13016
3.11004
2.93847
2.74123
3.49623
3.67609
3.85039
3.8502
3.67623
3.49852
4.16041
4.34771
4.52283
4.5321
4.35727
4.19035
4.81491
5.00341
5.17919
5.19096
5.01537
4.85154
5.47279
5.6605
5.83681
5.84818
5.67195
5.5074
0.790837
0.8271
0.86421
0.725931
0.899637
1.04783
0.931815
0.784441
0.662278
0.520956
0.384054
0.393778
0.258234
0.128504
0
1.64094
1.7359
1.82501
1.66748
1.90999
2.07584
1.99194
1.82528
1.73241
1.56958
1.41131
1.46827
1.30999
1.20092
2.42893
2.57226
2.70691
2.53815
2.83621
3.00981
2.96271
2.78757
2.73154
2.55763
2.38681
2.49236
2.32022
2.24559
3.15314
3.32507
3.48981
3.31668
3.65011
3.82545
3.8084
3.63172
3.60817
3.43155
3.25665
3.40079
3.22439
3.18575
3.83087
4.01558
4.19602
4.02157
4.37389
4.54934
4.55092
4.37462
4.37261
4.19621
4.02077
4.18991
4.01339
4.00208
4.48772
4.67609
4.86266
4.68746
5.04828
5.224
5.23396
5.05783
5.06648
4.89034
4.71481
4.8972
4.72104
4.72556
5.14315
5.33132
5.51911
5.34317
5.70681
5.88297
5.89481
5.71852
5.73027
5.55403
5.37809
5.56547
5.38928
5.40015
5.80361
5.98006
5.99095
6.16738
6.17837
6.00197
6.35478
6.36589
6.54231
6.55359
6.37717
6.38863
6.21224
6.03591
6.22388
6.04752
6.0593
0.120197
1.0338
1.8996
2.69302
3.41509
4.08974
4.7457
5.4018
0.581128
0.630402
0.125562
1.4746
1.627
1.13301
2.30601
2.55597
2.10353
3.06181
3.38001
2.98127
3.75645
4.11217
3.75541
4.41853
4.79011
4.45544
5.07314
5.44872
5.12023
5.73183
6.10694
5.77737
0.351598
0.36523
0.123083
1.25594
1.32016
1.08419
2.10523
2.22232
2.00443
2.87955
3.03499
2.84057
3.58702
3.76372
3.58786
4.2545
4.44019
4.27401
4.9093
5.09727
4.93347
5.56666
5.75434
5.58963
0.808695
0.845765
0.605844
0.88224
0.916217
0.652647
0.378074
0.389472
0.127741
1.68929
1.78106
1.55273
1.86794
1.95129
1.69801
1.38166
1.4402
1.17915
2.50191
2.64043
2.43436
2.77205
2.89966
2.67356
2.33305
2.43985
2.19887
3.24018
3.40815
3.22403
3.57035
3.72936
3.53248
3.18381
3.32888
3.11805
3.92386
4.10623
3.93632
4.28517
4.4624
4.28592
3.9358
4.10539
3.9201
4.58217
4.76955
4.60523
4.95553
5.14105
4.97428
4.62358
4.80595
4.63553
5.23729
5.42525
5.26115
5.61295
5.80074
5.63629
5.28454
5.4717
5.30672
5.89727
6.08465
5.91936
6.27211
6.45972
6.29468
5.94202
6.12985
5.96523
0
-0.0649412
-0.297449
-0.719668
-1.29101
-1.96004
-2.68185
-3.42485
-4.17298
1
0.934171
0.640702
0.125899
-0.533179
-1.26055
-2.00975
-2.76101
-3.51123
-0.0216423
0.458148
0.990261
0.5
-0.156182
0.194584
0.818118
-0.486809
-0.280242
0.406818
-0.989938
-0.90237
-0.19095
-1.61638
-1.60562
-0.891964
-2.31668
-2.34406
-1.63417
-3.05207
-3.09244
-2.38558
-3.79872
-3.84182
-3.13608
0.50542
0.355239
-0.0198312
-0.577417
-1.24725
-1.97246
-2.71789
-3.4671
-0.0149646
0.247561
0.510564
0.25
-0.104323
0.106828
0.41395
0.203663
-0.386356
-0.247961
0.0936714
-0.0448243
-0.850536
-0.781025
-0.424816
-0.49601
-1.45105
-1.43096
-1.07276
-1.09507
-2.13704
-2.1445
-1.78825
-1.78247
-2.86651
-2.88507
-2.53081
-2.51302
-3.61171
-3.6329
-3.27977
-3.2587
-0.037677
0.488294
0.701178
0.969419
0.752428
0.997362
0.75
-0.220607
0.281997
0.422759
0.736915
0.591844
0.883872
-0.59816
-0.144854
-0.0727711
0.271552
0.198343
0.530301
-1.13704
-0.736944
-0.71459
-0.359491
-0.380359
-0.028725
-1.78627
-1.4251
-1.43117
-1.07537
-1.06707
-0.710973
-2.49844
-2.15785
-2.17602
-1.82185
-1.80196
-1.44696
-3.23825
-2.90513
-2.92646
-2.57336
-2.55121
-2.19769
-3.98581
-4.00735
-3.65443
-3.67644
-3.32361
-3.30146
-2.94857
0.253306
0.16213
-0.140315
-0.634404
-1.2607
-1.96245
-2.69874
-3.44577
0.23182
0.733749
0.757999
0.0377441
0.514625
0.654022
-0.366856
0.0679936
0.316995
-0.934892
-0.544709
-0.222646
-1.60511
-1.24802
-0.889006
-2.32816
-1.98874
-1.61598
-3.07177
-2.73886
-2.36356
-3.82009
-3.48892
-3.11398
-0.0106326
0.12026
0.252696
0.125
-0.0831188
0.0309976
0.184583
0.0713782
-0.340456
-0.261693
-0.0910135
-0.1693
-0.784003
-0.7417
-0.564121
-0.606863
-1.37033
-1.35569
-1.17726
-1.19275
-2.04818
-2.0498
-1.87217
-1.87128
-2.77405
-2.78271
-2.60579
-2.59752
-3.51826
-3.52876
-3.35222
-3.34182
-0.0283606
0.0988967
0.241137
0.114365
0.498402
0.612313
0.744772
0.630175
0.507429
0.635406
0.755629
0.625
-0.186864
-0.0894432
0.0739781
-0.022598
0.320408
0.399663
0.555104
0.474902
0.437835
0.535337
0.679465
0.580988
-0.541193
-0.481311
-0.306073
-0.365961
-0.08098
-0.0372814
0.134554
0.0904764
0.145754
0.206613
0.37156
0.309997
-1.06259
-1.03554
-0.857115
-0.884895
-0.656382
-0.640024
-0.461774
-0.477995
-0.351458
-0.322749
-0.146649
-0.175438
-1.70081
-1.69566
-1.51759
-1.52358
-1.3358
-1.33609
-1.15723
-1.15662
-0.986998
-0.980254
-0.801288
-0.807767
-2.40733
-2.41339
-2.23616
-2.23067
-2.06503
-2.07308
-1.89527
-1.88694
-1.6967
-1.70178
-1.5234
-1.518
-3.1451
-3.15507
-2.97838
-2.96864
-2.81149
-2.82192
-2.64504
-2.63445
-2.43738
-2.44705
-2.26977
-2.25987
-3.89226
-3.90295
-3.72649
-3.71582
-3.56076
-3.57165
-3.39519
-3.38425
-3.18611
-3.19684
-3.02023
-3.0094
-0.0172739
0.25148
0.377915
0.50944
0.383277
0.375
-0.128716
0.136189
0.232644
0.386407
0.289644
0.332458
-0.435207
-0.192686
-0.132613
0.0384219
-0.0219191
0.0763821
-0.919239
-0.706752
-0.678469
-0.500185
-0.528728
-0.38711
-1.53311
-1.3453
-1.33876
-1.15954
-1.1663
-0.998201
-2.22657
-2.05325
-2.05837
-1.88018
-1.8752
-1.69384
-2.9592
-2.79184
-2.80145
-2.62432
-2.61474
-2.42849
-3.7052
-3.53933
-3.54999
-3.37343
-3.36276
-3.17556
-0.0498541
0.219352
0.474923
0.36152
0.719249
0.818869
0.953702
0.852755
0.981647
0.872424
0.756778
0.995543
0.878515
0.998193
0.875
-0.257529
-0.00190159
0.240016
0.161444
0.470488
0.532976
0.690711
0.627014
0.779505
0.706216
0.624828
0.853013
0.770164
0.911008
-0.657716
-0.430222
-0.211331
-0.254703
-0.00116628
0.0277022
0.19997
0.170954
0.340616
0.303794
0.259212
0.47017
0.424882
0.587274
-1.21323
-1.01425
-0.818981
-0.835287
-0.629022
-0.623003
-0.445751
-0.451145
-0.274493
-0.28463
-0.300598
-0.10895
-0.1246
0.0496482
-1.87272
-1.69342
-1.51506
-1.51484
-1.33935
-1.3453
-1.16778
-1.16105
-0.983411
-0.978796
-0.977633
-0.801118
-0.799186
-0.621618
-2.58997
-2.42046
-2.25087
-2.24293
-2.08233
-2.09261
-1.91579
-1.90496
-1.72797
-1.71766
-1.70885
-1.54049
-1.53099
-1.35364
-3.33152
-3.16521
-2.99878
-2.98843
-2.83267
-2.84366
-2.6672
-2.656
-2.47949
-2.46824
-2.45738
-2.29165
-2.28042
-2.10373
-4.07939
-4.09016
-3.91371
-3.92457
-3.74812
-3.73725
-3.7591
-3.58267
-3.59381
-3.4174
-3.40624
-3.22984
-3.21874
-3.20773
-3.04233
-3.03122
-2.85481
0.122346
0.0528006
-0.213987
-0.673188
-1.27356
-1.96021
-2.69001
-3.43528
0.108022
0.622859
0.632285
-0.0543977
0.439112
0.559987
-0.422319
0.0279716
0.259959
-0.959347
-0.558231
-0.248028
-1.60914
-1.24601
-0.893474
-2.32183
-1.97991
-1.60969
-3.0618
-2.72818
-2.35342
-3.80938
-3.47795
-3.10312
0.118274
0.381895
0.380948
0.00583546
0.262911
0.312793
-0.312407
-0.0757867
0.0288255
-0.812317
-0.602653
-0.456841
-1.43906
-1.25204
-1.08166
-2.13998
-1.96658
-1.78426
-2.8756
-2.70805
-2.52154
-3.62228
-3.45637
-3.26915
0.0866821
0.34865
0.371209
0.598393
0.837648
0.864332
0.634323
0.877093
0.877525
-0.127792
0.120599
0.19879
0.35659
0.581833
0.668532
0.506973
0.740134
0.796431
-0.54288
-0.319692
-0.192308
-0.10514
0.100556
0.238776
0.150067
0.365907
0.480647
-1.11338
-0.916041
-0.756058
-0.723244
-0.53647
-0.367146
-0.399455
-0.203723
-0.0473926
-1.78307
-1.60401
-1.42639
-1.42678
-1.25297
-1.06964
-1.068
-0.888614
-0.710612
-2.5053
-2.3356
-2.1505
-2.16641
-1.99876
-1.81125
-1.79421
-1.62423
-1.438
-3.24842
-3.08199
-2.89492
-2.91566
-2.74984
-2.56213
-2.54073
-2.37433
-2.18651
-3.99654
-3.8309
-3.64361
-3.66537
-3.50001
-3.31248
-3.29055
-3.12498
-2.93745
