FiniteElementSpace
FiniteElementCollection: H1_2D_P2
VDim: 2
Ordering: 0

0
0.00333753
0.0073424
0.00231103
-0.0164225
-0.0325837
-0.0370291
-0.0375031
-0.0392604
0
0.000906914
-0.001364
-0.0103672
-0.0242721
-0.0340877
-0.0365953
-0.0372105
-0.0393033
0.00140019
0.00219489
0.000656831
0
0.00563524
0.00361823
0.000417979
0.0067587
-0.00320761
-0.00490953
-0.00605823
-0.0206886
-0.0172184
-0.0259487
-0.0343216
-0.0301763
-0.0359512
-0.0372181
-0.0360024
-0.0372088
-0.0373049
-0.0367706
-0.038248
-0.0392622
-0.0381234
0.000877858
0.00332591
0.00181497
-0.0113016
-0.0289181
-0.0367459
-0.0370879
-0.0381291
0.000651092
0.00116061
0.000303691
0
0.00448122
0.00460392
0.00280841
0.00285949
0.00745539
0.00437031
0.00306602
0.00560071
-0.00146322
-0.0087099
-0.00694914
-0.000420114
-0.0214538
-0.0275638
-0.0250849
-0.0186406
-0.0346363
-0.0364767
-0.0358602
-0.0336022
-0.0371529
-0.037161
-0.0371539
-0.0371964
-0.0378228
-0.0381699
-0.0376503
-0.0373833
0.00229252
0.00153978
0.00148787
0.000836487
0.000684236
0.00040187
0
0.00665603
0.0036455
0.00133117
-0.000278711
0.00188191
0.000790834
0.00507024
-0.000262538
-0.00634733
-0.00741339
-0.00113604
-0.0028949
-0.0111675
-0.015989
-0.0226015
-0.0208092
-0.0140435
-0.0136812
-0.0296918
-0.0320187
-0.0345933
-0.0324013
-0.0299039
-0.0274389
-0.0366877
-0.037139
-0.0370308
-0.036407
-0.0366469
-0.0352638
-0.0373048
-0.0371204
-0.0372388
-0.0369324
-0.0369503
-0.036683
-0.0387399
-0.0392588
-0.0386895
-0.0392815
-0.0386988
-0.0381108
-0.0376141
0.000418425
0.00375657
0.00536616
-0.00420726
-0.0233792
-0.0353924
-0.0371945
-0.0377132
0.00198413
0.00111986
0.000245809
0.0052773
0.00177821
0.00175797
0.00246078
-0.00338036
0.000403777
-0.0136364
-0.0183515
-0.00995957
-0.0309997
-0.0326075
-0.0265241
-0.0370166
-0.0369691
-0.0359039
-0.037204
-0.0370203
-0.036983
-0.0387048
-0.0386868
-0.0376115
0.000271061
0.00051587
0.000141676
0
0.00390169
0.00415332
0.00330853
0.00313045
0.00749233
0.00643016
0.00556689
0.00649862
0.000548251
-0.00284905
-0.00220901
0.000938456
-0.0189958
-0.0224454
-0.0210634
-0.0175578
-0.0337173
-0.0350454
-0.0345938
-0.0331257
-0.0371064
-0.0371792
-0.0372079
-0.0371262
-0.0376464
-0.037759
-0.0375305
-0.0374339
0.00182397
0.00216549
0.00156516
0.00129547
0.00120647
0.00132004
0.000908427
0.000767629
0.000105141
0.000268032
8.81963e-05
0
0.00617595
0.00599906
0.00497231
0.00515438
0.00351814
0.00274107
0.00186412
0.00261966
0.00250908
0.0022882
0.00163735
0.00183817
0.00605537
0.00376677
0.00353669
0.00557489
0.000882825
-0.0017498
-0.00216989
0.000407663
0.00341783
0.00179302
0.000934059
0.00251884
-0.00857185
-0.012425
-0.0111411
-0.00740313
-0.0136227
-0.0171634
-0.016186
-0.0126404
-0.00498893
-0.00840132
-0.00808337
-0.00471079
-0.0279335
-0.0303784
-0.0293836
-0.0267874
-0.0305644
-0.0323821
-0.031342
-0.0294706
-0.022941
-0.025847
-0.024616
-0.0216644
-0.0363824
-0.0368732
-0.0368032
-0.036241
-0.0369926
-0.0370963
-0.0368505
-0.0367514
-0.0351796
-0.0359473
-0.0353259
-0.0345279
-0.0372442
-0.0372475
-0.0371683
-0.0371833
-0.0370882
-0.0370721
-0.0369693
-0.0370272
-0.0371946
-0.0370858
-0.0370126
-0.0371536
-0.0384882
-0.038719
-0.0384313
-0.0382024
-0.0384031
-0.0386867
-0.0383928
-0.038117
-0.0374591
-0.0376276
-0.0374073
-0.0372699
0.00101651
0.000773834
0.00101632
0.000569141
0.000358673
0
0.00506547
0.00419283
0.0039913
0.00308397
0.00330358
0.00254163
0.00722971
0.00497523
0.00312449
0.00253581
0.00424952
0.00464232
-0.00367203
-0.00638518
-0.0100015
-0.00906494
-0.00556426
-0.00179188
-0.0237944
-0.0255558
-0.0282768
-0.0270828
-0.0242596
-0.019682
-0.0353814
-0.0360135
-0.0366491
-0.0363746
-0.0356687
-0.0340056
-0.0371791
-0.037174
-0.0371313
-0.0371144
-0.0371884
-0.0372298
-0.0380232
-0.0379285
-0.0381462
-0.0378762
-0.0376782
-0.0373419
0.00279897
0.0024162
0.00187054
0.00176798
0.00131397
0.00117173
0.000890114
0.000955243
0.000754752
0.000646444
0.000456368
0.000543177
0.000283342
0.000196611
0
0.00705967
0.00549554
0.003685
0.00449179
0.00160438
4.69849e-05
-0.000771517
0.000773601
0.000112613
0.00114437
0.00184201
0.000639786
0.00125269
0.000876178
0.00383295
0.00114141
-0.0016298
0.00112714
-0.00477865
-0.0082049
-0.00884313
-0.00523828
-0.00610661
-0.00288197
-0.000285216
-0.00384508
-0.00113982
-0.00207444
-0.0138056
-0.0161512
-0.0183566
-0.0148191
-0.0204994
-0.0234861
-0.0225657
-0.0195707
-0.0190181
-0.0155606
-0.0119573
-0.0154336
-0.0116992
-0.0119902
-0.031255
-0.0324062
-0.033268
-0.0315507
-0.0336869
-0.0344677
-0.0333093
-0.0326392
-0.0313531
-0.0301655
-0.0282892
-0.0288646
-0.0270779
-0.0258989
-0.0368961
-0.0371398
-0.0372067
-0.0371086
-0.037023
-0.0368448
-0.03652
-0.0367434
-0.0362388
-0.0364065
-0.036337
-0.0356812
-0.0356915
-0.0347347
-0.0373867
-0.037275
-0.0371928
-0.0371635
-0.0371103
-0.037216
-0.0370537
-0.0369702
-0.036837
-0.0368613
-0.036959
-0.03672
-0.0368463
-0.0366438
-0.0389985
-0.0392606
-0.0389829
-0.0392584
-0.0389786
-0.0386953
-0.03927
-0.0389856
-0.039294
-0.039
-0.0386906
-0.0384053
-0.038112
-0.0378483
-0.0378566
-0.037605
-0.0373956
0.000172598
0.00363832
0.0065521
-0.000841753
-0.0200559
-0.0341864
-0.0371669
-0.0375793
0.00171706
0.00104507
9.19262e-05
0.00560759
0.00271331
0.00207388
0.00480059
-0.000572631
0.00222737
-0.0098774
-0.0148846
-0.00647524
-0.0286888
-0.0310184
-0.0238099
-0.0366166
-0.0369703
-0.0353213
-0.0372023
-0.0370333
-0.0371267
-0.0384548
-0.0383957
-0.0374304
0.0008978
0.000665862
0.000120766
0.00466376
0.00366221
0.00292671
0.0061163
0.00378814
0.0045255
-0.00504551
-0.00771586
-0.00358098
-0.0247036
-0.0263509
-0.0220244
-0.0357259
-0.0362343
-0.0349299
-0.0371788
-0.0371546
-0.0372196
-0.0379682
-0.0378989
-0.0374917
0.0026374
0.0021538
0.00138718
0.00158558
0.00107756
0.000809396
0.000500182
0.000470071
0.00010036
0.00630694
0.00462191
0.00427364
0.00268131
0.000459352
0.000996125
0.00247302
0.00122574
0.00123194
0.00248306
-0.000219203
0.00223967
-0.00313394
-0.00665201
-0.00398567
0.00118913
-0.00194011
-0.000485187
-0.0150023
-0.0172656
-0.0123828
-0.0194344
-0.0215531
-0.0175614
-0.0104678
-0.0135975
-0.00989686
-0.0318619
-0.0328798
-0.0300127
-0.0335481
-0.0336307
-0.0314797
-0.0277378
-0.0286899
-0.025332
-0.0370353
-0.0372
-0.0369324
-0.0371505
-0.0368149
-0.0366133
-0.0364163
-0.0361043
-0.0351488
-0.037323
-0.0372333
-0.0371321
-0.0371512
-0.0370747
-0.0369004
-0.0370492
-0.0368465
-0.0368506
-0.0389892
-0.0389792
-0.0384146
-0.0389808
-0.0389922
-0.0383955
-0.0378591
-0.0378461
-0.0373934
0
0.00187224
0.0095136
0.028191
0.044116
0.0466391
0.0447039
0.0448268
0.0453053
0
-0.00062523
0.00341183
0.0141126
0.027733
0.0376926
0.042301
0.0431808
0.0431164
0.00112659
0.000215009
-0.00100714
0
0.00427459
0.00589691
0.000676468
0.0179232
0.0215103
0.00795912
0.0377064
0.036919
0.021049
0.0467398
0.0426069
0.0333934
0.045538
0.0435576
0.0406115
0.0445404
0.0440421
0.0430328
0.0451645
0.0442486
0.0431313
-0.000164135
0.00188962
0.0127245
0.0302281
0.0408531
0.0432487
0.0438197
0.044188
0.00092439
0.000463206
-0.000138875
0
0.00278441
0.00301545
0.000824611
0.000990889
0.0133618
0.0152718
0.00897604
0.00764341
0.0332173
0.0339569
0.0260192
0.0248119
0.0458661
0.043898
0.0392179
0.0405578
0.0461149
0.0445641
0.0430059
0.0447742
0.0445428
0.0442839
0.0436909
0.0442837
0.0450107
0.0446813
0.0441256
0.0444793
0.0013772
-7.58567e-05
-0.000358497
-0.000914204
-0.000671777
-0.000851485
0
0.00648648
0.00354621
0.00438223
0.00183133
0.00102931
-0.000117215
0.0229722
0.0169832
0.0180427
0.0108752
0.010248
0.00545525
0.0413897
0.0339085
0.0328371
0.0244808
0.0261301
0.0175492
0.0469221
0.0419357
0.0402075
0.0357197
0.0374341
0.0307219
0.0450427
0.0434169
0.0427935
0.0415957
0.0418274
0.0393181
0.0446529
0.0439388
0.0435873
0.0431542
0.0433377
0.0427651
0.0452644
0.0447751
0.0442293
0.0437029
0.0431157
0.043675
0.0431605
0.000320302
0.00174145
0.0111119
0.029591
0.0426129
0.0447259
0.0442482
0.0445892
0.0006155
-0.000610496
-0.000492564
0.00495075
0.00240602
0.000149643
0.0199313
0.0139907
0.00700623
0.0376616
0.0297299
0.0221682
0.0445581
0.0390072
0.0353994
0.0443963
0.042373
0.0411231
0.0443696
0.0434913
0.04311
0.0447436
0.0436952
0.0436431
0.000645004
0.000616453
0.000196299
0
0.00226377
0.00225282
0.0013101
0.00142337
0.0113288
0.012222
0.00928275
0.00856575
0.0307496
0.0313796
0.0272347
0.0264777
0.0451157
0.0442435
0.0416886
0.0423292
0.0463957
0.0454711
0.0447727
0.0457485
0.0446014
0.0444428
0.0442562
0.0445479
0.0449203
0.0448071
0.0445355
0.0446691
0.00123343
0.000991921
0.000520887
0.000799014
-0.000139704
-0.000368508
-0.00066352
-0.000435382
-8.48685e-05
-0.000323411
-0.000292987
0
0.00527586
0.00570701
0.00389266
0.00363406
0.00263771
0.0029306
0.00165018
0.00141522
0.000472055
0.000448189
-0.000142938
-0.000103672
0.0203969
0.0214307
0.0175545
0.0165797
0.0148054
0.0154985
0.0120703
0.0114752
0.00734886
0.00796197
0.00561658
0.00509878
0.0396661
0.0395089
0.0359043
0.0358093
0.0321449
0.0319016
0.0279839
0.028253
0.023786
0.0241512
0.0201124
0.019812
0.0469078
0.0457703
0.0442954
0.045336
0.041454
0.0405143
0.0382718
0.0392036
0.0381551
0.0373827
0.0341848
0.0349603
0.0452742
0.0447767
0.0444761
0.0451071
0.0433383
0.0428864
0.0421175
0.0425368
0.042832
0.0420747
0.0406953
0.0414326
0.0445855
0.0445381
0.0443221
0.0444499
0.0438809
0.0437091
0.0434228
0.0435694
0.0436248
0.0433889
0.0429638
0.0431639
0.0452219
0.0450025
0.0447167
0.044924
0.0442113
0.043966
0.043686
0.0439341
0.0440865
0.0438849
0.0436192
0.0438123
0.00103374
0.00040295
0.00013803
-0.000162014
7.25257e-05
0
0.00344308
0.00230372
0.00242932
0.00129213
0.00126105
0.000584272
0.015555
0.0131144
0.0139887
0.0107764
0.0100288
0.00675053
0.0355503
0.0318435
0.0321105
0.0281771
0.0278164
0.0231653
0.0464079
0.0433442
0.0424098
0.0401115
0.0409478
0.0387673
0.0458238
0.0446513
0.0439357
0.0431407
0.0438979
0.0437244
0.044524
0.0442583
0.0440661
0.0437562
0.0439879
0.0439429
0.0450933
0.0446383
0.044437
0.0441595
0.0443616
0.0442676
0.00158202
0.000765538
3.74448e-05
0.000256331
-0.000510982
-0.000535042
-0.00079134
-0.000793261
-0.00098346
-0.000866917
-0.000615679
-0.000963988
-0.000674078
-0.000574199
0
0.0078862
0.00619853
0.00463253
0.00422609
0.00331744
0.00379649
0.00257001
0.00201966
0.00120817
0.00076911
0.00053599
0.000242183
-4.64038e-05
-0.000399774
0.0255778
0.0223636
0.0192319
0.0184544
0.0159943
0.0161496
0.0124629
0.0124436
0.00937427
0.00905944
0.00855875
0.00665651
0.00614808
0.00438002
0.0428829
0.039216
0.0355014
0.0358091
0.0313484
0.0304574
0.0261322
0.0272875
0.0227782
0.0237563
0.024183
0.019298
0.0199864
0.0158145
0.046827
0.04471
0.042313
0.0432817
0.0396474
0.0389589
0.0367492
0.037415
0.034599
0.0355123
0.0364777
0.0320973
0.0332025
0.0292615
0.0448512
0.0443309
0.0434888
0.0439325
0.0425973
0.0424941
0.0419809
0.0419305
0.0411403
0.0411746
0.0414976
0.0400047
0.0401965
0.0385474
0.0447355
0.044423
0.0439928
0.0441646
0.0435455
0.0433739
0.0431761
0.0433012
0.0431084
0.0431512
0.0432341
0.0429203
0.042892
0.0425604
0.0452918
0.0450381
0.0447622
0.0445128
0.0442419
0.0444877
0.0439797
0.0437018
0.0434168
0.0431146
0.043412
0.0431211
0.0434073
0.0436612
0.0431451
0.0434004
0.0431738
0.000386622
0.00177798
0.0102935
0.0289681
0.0433992
0.0456305
0.0444798
0.0447392
0.000876501
-0.000423217
-0.000193274
0.00457398
0.00209844
0.000129017
0.0189574
0.0134377
0.00644689
0.0377647
0.0301436
0.0219962
0.0456246
0.0399145
0.036249
0.044932
0.0427225
0.041781
0.0444862
0.0436442
0.0432823
0.0449688
0.043952
0.043852
0.000721226
0.000105264
4.26855e-05
0.00286344
0.00177528
0.000870652
0.0143199
0.0119333
0.00829858
0.033673
0.030025
0.0255182
0.0448857
0.0417612
0.0399525
0.0452911
0.0439266
0.0438353
0.0444339
0.0440235
0.0439608
0.0448696
0.0444021
0.0443165
0.00116749
0.00038529
0.00017863
-0.000265309
-0.000688207
-0.000852721
-0.000400523
-0.000808623
-0.000401278
0.00703155
0.00539464
0.00324241
0.00393102
0.00284153
0.00133608
0.000872109
0.000315017
-0.00032447
0.0239489
0.0207986
0.016174
0.0176367
0.01427
0.0107042
0.00964675
0.00754186
0.00490397
0.0410361
0.0373851
0.0340456
0.0335083
0.0289206
0.0255589
0.0262466
0.0218907
0.018065
0.0458042
0.0435459
0.0429092
0.0410141
0.0382276
0.0365104
0.0383622
0.0344088
0.0318825
0.044647
0.043934
0.0439348
0.0430326
0.0422347
0.0415782
0.0423231
0.0407152
0.0396124
0.0446007
0.0442165
0.0441138
0.043765
0.0433451
0.0432378
0.0434845
0.0430372
0.0427122
0.045025
0.0445031
0.0444657
0.0439757
0.0434154
0.0434092
0.043912
0.0434049
0.0433911
