FiniteElementSpace
FiniteElementCollection: L2_2D_P3
VDim: 1
Ordering: 0

0.000322799
0.000370446
0.000911832
0.00146316
0.00026247
0.000337549
0.000842134
0.00140122
0.000275199
0.000343098
0.000742119
0.0011944
0.000331954
0.000370469
0.000659636
0.000973746
0.00496952
0.00528422
0.00574622
0.00614147
0.00392731
0.00417292
0.00453931
0.00485693
0.00278352
0.00294799
0.00320182
0.00342767
0.00207696
0.00218696
0.00236455
0.00252757
0.010171
0.0103345
0.0106554
0.0109854
0.00808864
0.00821617
0.00847581
0.00874784
0.00570744
0.00579188
0.00597771
0.00617941
0.00415361
0.00420957
0.00434388
0.00449461
0.0121204
0.0119524
0.0118611
0.0118886
0.00967482
0.00953351
0.00945952
0.00948694
0.00684956
0.00674057
0.00668703
0.00671356
0.00498223
0.00489789
0.0048584
0.00488191
0.00942925
0.00907251
0.00869326
0.00846676
0.00749069
0.00719812
0.0068917
0.00671281
0.00527083
0.00505535
0.00483576
0.00471317
0.00382122
0.00366043
0.00350063
0.00341544
0.00475881
0.00445263
0.00409086
0.0038412
0.0037439
0.00349837
0.00321171
0.00301664
0.00261371
0.00243897
0.00223961
0.00210773
0.00190321
0.0017761
0.00163481
0.00154459
0.00132016
0.00117846
0.00100802
0.000888186
0.00104186
0.000930212
0.000797476
0.000705347
0.000750478
0.000672132
0.000581211
0.000519849
0.000584063
0.000526419
0.00046154
0.000419386
0.000101573
7.91092e-05
5.41759e-05
3.83754e-05
9.07988e-05
7.19896e-05
5.12852e-05
3.8254e-05
8.548e-05
7.00111e-05
5.32729e-05
4.29088e-05
8.8557e-05
7.43599e-05
5.92705e-05
5.01115e-05
0.00249035
0.0027707
0.0031731
0.00351015
0.00201653
0.0022233
0.00252537
0.0027822
0.00151092
0.0016381
0.00183142
0.00200102
0.00121213
0.0012906
0.00141712
0.00153293
0.000423783
0.000425125
0.000435231
0.00044939
0.000406321
0.000402815
0.000405827
0.000413924
0.000519785
0.000523542
0.000535807
0.000550414
0.000709176
0.000732343
0.000770865
0.00080558
0.000645636
0.000520556
0.00041886
0.000378759
0.000626782
0.000507806
0.000423222
0.000398396
0.000545189
0.000463035
0.000462774
0.000517835
0.000447021
0.000412778
0.000519402
0.000678745
0.00771441
0.00799427
0.00843794
0.00884028
0.00611183
0.00633169
0.0066875
0.00701496
0.0043058
0.00445441
0.00470541
0.00494306
0.00314954
0.0032501
0.00342888
0.00360333
0.000346374
0.000329344
0.000316127
0.000312242
0.000268493
0.000251044
0.000230274
0.000215232
0.000602551
0.0006087
0.00060669
0.000596122
0.00123996
0.00128575
0.00132466
0.00133612
0.000429294
0.000412077
0.000401228
0.000401359
0.000382185
0.000365321
0.000350649
0.000344487
0.000587309
0.000592727
0.000601456
0.00060837
0.000971992
0.00101383
0.00106611
0.00110264
0.0117561
0.0117543
0.0118784
0.0120712
0.00937558
0.00936947
0.00947073
0.0096327
0.00663228
0.00662112
0.00669438
0.00681836
0.00482446
0.00481166
0.00486506
0.00496006
0.000202102
0.000197225
0.000193457
0.000192305
3.54483e-05
3.60338e-05
2.91496e-05
1.77972e-05
0.000514684
0.000536447
0.000534255
0.000508647
0.00150998
0.00155944
0.00156923
0.00153381
0.00025867
0.000247192
0.000237607
0.000233825
0.000132326
0.000121951
0.000104659
8.80273e-05
0.000560014
0.000572565
0.000566578
0.000543735
0.00141619
0.00146523
0.00148823
0.00147231
0.0112505
0.010957
0.010686
0.0105627
0.00896838
0.00872533
0.00850532
0.00840975
0.00633762
0.00615561
0.00599656
0.00593365
0.00460421
0.00446661
0.00434984
0.00430767
0.000203449
0.000203706
0.00020704
0.000212179
6.09009e-05
7.46503e-05
8.63481e-05
9.07409e-05
0.000547936
0.000572399
0.000578046
0.000562931
0.00152489
0.00154923
0.00153388
0.00148754
0.000187136
0.000186335
0.000187115
0.000189198
1.32985e-05
2.30492e-05
2.73705e-05
2.42886e-05
0.000510519
0.000537674
0.00054135
0.000520033
0.00154546
0.0015873
0.00158526
0.00154079
0.00710783
0.0067514
0.0063457
0.00607848
0.00561919
0.00532995
0.005005
0.00479448
0.00393373
0.00372429
0.00349462
0.00335064
0.0028497
0.00269548
0.00253052
0.00243089
0.000270906
0.000268342
0.000271899
0.000280131
0.000233114
0.000239406
0.000249211
0.000258208
0.000601792
0.000601696
0.000594362
0.000583988
0.00124681
0.00122497
0.00118144
0.00113808
0.000235944
0.000235418
0.000239797
0.000247354
0.000147018
0.000159192
0.000172651
0.000181396
0.0005923
0.000606386
0.000607802
0.000596764
0.00142998
0.00143072
0.00140044
0.00135512
0.00275878
0.00253172
0.00225869
0.00206652
0.00216541
0.00198535
0.0017713
0.00162257
0.00152017
0.00139375
0.00124687
0.00114754
0.00112837
0.00103682
0.00093343
0.000865976
0.000286993
0.000277109
0.000271867
0.000273574
0.00028917
0.000280138
0.000274494
0.000274809
0.000446775
0.000426133
0.000403946
0.000390678
0.00069539
0.000654987
0.000606499
0.000572859
0.000293088
0.000287208
0.000287363
0.000293525
0.00028643
0.000284744
0.000287206
0.000292794
0.000552016
0.000539009
0.000522469
0.000510585
0.000987921
0.000951267
0.000900772
0.000860917
0.000473988
0.000404492
0.000322579
0.000266429
0.000384157
0.000328994
0.000264763
0.000221325
0.000297687
0.000257696
0.000212298
0.000182482
0.000255957
0.000224657
0.00019019
0.000168385
0.000173636
0.000159803
0.000146584
0.000139805
0.000166965
0.000153063
0.00013959
0.000132511
0.00018345
0.000165771
0.000147541
0.000136973
0.000215724
0.000192213
0.000166825
0.000151141
0.000244976
0.000231923
0.000221426
0.000218101
0.00024321
0.000229791
0.00021827
0.000213783
0.000312771
0.000291078
0.000268642
0.000255764
0.000423869
0.000389416
0.000350749
0.000325809
5.6308e-06
3.27511e-06
1.20567e-06
3.56647e-07
8.29268e-06
5.39545e-06
2.62193e-06
1.21657e-06
1.32944e-05
9.42265e-06
5.55217e-06
3.40153e-06
1.8308e-05
1.33738e-05
8.43986e-06
5.67625e-06
2.64966e-05
2.01983e-05
1.3759e-05
9.98148e-06
2.39222e-05
1.81178e-05
1.21959e-05
8.73578e-06
2.0996e-05
1.56786e-05
1.02787e-05
7.15465e-06
1.90481e-05
1.39965e-05
8.90547e-06
6.00281e-06
9.22494e-05
8.07027e-05
6.86933e-05
6.1518e-05
8.5868e-05
7.4843e-05
6.34112e-05
5.66131e-05
8.30231e-05
7.15223e-05
5.95071e-05
5.23095e-05
8.48994e-05
7.21422e-05
5.86707e-05
5.05149e-05
0.0014392
0.00166829
0.00201686
0.00231704
0.00131831
0.00146837
0.00169637
0.00189463
0.00112134
0.0012034
0.00133112
0.0014449
0.000954433
0.0010109
0.00109821
0.00117599
0.000817176
0.000878389
0.000966771
0.00104065
0.000607199
0.000652984
0.000721948
0.000781945
0.000421933
0.000450636
0.000497402
0.000540608
0.000355537
0.000375543
0.000410738
0.000444771
0.000383921
0.000386142
0.000587597
0.000837158
0.000487708
0.000435701
0.00050876
0.000638392
0.000593549
0.000491087
0.000445127
0.000460496
0.000638433
0.000517754
0.000426223
0.000396218
0.00633825
0.00664645
0.00711267
0.00752113
0.00501319
0.00525476
0.00562669
0.00595707
0.0035365
0.00369932
0.00395945
0.0041968
0.00260504
0.00271479
0.00289848
0.00307123
0.00216939
0.00225422
0.00240166
0.00254359
0.00145489
0.00149864
0.00158659
0.00167836
0.000785021
0.000789322
0.000816995
0.000855395
0.000489253
0.000475555
0.000472143
0.000480301
0.00174839
0.00183288
0.00197436
0.00210739
0.0012078
0.00125147
0.00133488
0.00141965
0.000710772
0.000715535
0.000741505
0.00077678
0.000501543
0.000488607
0.000486099
0.000494961
0.0111018
0.0111858
0.0114144
0.0116819
0.00884303
0.00890652
0.00909218
0.00931444
0.00624827
0.00628713
0.00642078
0.00658774
0.0045451
0.00456849
0.00466561
0.0047917
0.00373828
0.00375389
0.00383329
0.00393989
0.00240062
0.00240102
0.00245026
0.00252586
0.0010826
0.0010723
0.0010895
0.00112643
0.000436893
0.000426637
0.000426027
0.000435134
0.0034193
0.0034614
0.00357085
0.00369721
0.00220509
0.00222222
0.00228966
0.00237659
0.00101817
0.00101367
0.00103676
0.00107696
0.000445578
0.000434348
0.000432984
0.000441839
0.0118277
0.01159
0.0114016
0.0113495
0.00943754
0.00923956
0.00908652
0.00904892
0.00667768
0.0065278
0.00641697
0.00639615
0.00485505
0.00474077
0.0046592
0.00464788
0.00398931
0.00389184
0.00382433
0.00381786
0.0025512
0.00248016
0.00243666
0.00244053
0.00112672
0.00108978
0.00107203
0.00108146
0.000422795
0.000411568
0.000408502
0.000415063
0.00409488
0.004022
0.0039892
0.00401155
0.00261939
0.00256366
0.00254226
0.00256494
0.0011543
0.00112312
0.00111404
0.00113117
0.000426532
0.000416088
0.000414189
0.000421717
0.00830043
0.00793649
0.00753408
0.00727926
0.00657867
0.00628171
0.00595786
0.00575664
0.00461701
0.00440012
0.00416952
0.00403148
0.00334466
0.00318387
0.0030171
0.00292121
0.00274541
0.00261143
0.00247514
0.0023993
0.00176285
0.00167296
0.00158761
0.00154578
0.000821821
0.000780419
0.000747547
0.000738041
0.000388514
0.000376155
0.000371098
0.00037573
0.00313643
0.00300178
0.00287065
0.00280342
0.00200871
0.00191698
0.00183414
0.00179802
0.000915608
0.000872525
0.000840123
0.000833014
0.000399164
0.000386668
0.000381634
0.000386458
0.0036976
0.00342881
0.00310771
0.00288332
0.00290406
0.00268977
0.00243675
0.00226226
0.00202984
0.0018785
0.00170383
0.00158664
0.00148863
0.00137897
0.00125579
0.001176
0.00123729
0.00114729
0.00104811
0.000985502
0.00083181
0.000773434
0.00071275
0.000677584
0.000471749
0.000444258
0.000420308
0.000410732
0.000334191
0.000321578
0.000314391
0.000315839
0.00157214
0.0014676
0.00135357
0.00128265
0.00103659
0.00096865
0.000898825
0.000859111
0.000549577
0.0005185
0.000491826
0.000481623
0.00035117
0.000338981
0.000332955
0.000335814
0.000827607
0.00072462
0.000601613
0.000515892
0.000659115
0.000577892
0.000482031
0.000416108
0.000488134
0.000430565
0.000364298
0.000320026
0.000395905
0.000352572
0.000304224
0.000273147
0.000352753
0.000316091
0.000275917
0.000250686
0.000279516
0.000253357
0.000226032
0.000209985
0.000225351
0.000207966
0.000191396
0.000183048
0.000216825
0.000202213
0.000189057
0.000183165
0.000506886
0.000458924
0.000405965
0.000372403
0.000380043
0.000347308
0.000313042
0.00029291
0.000279323
0.000259939
0.000241994
0.000233544
0.000254008
0.000239563
0.000227577
0.000223343
3.19982e-05
2.26303e-05
1.29485e-05
7.42959e-06
3.29519e-05
2.435e-05
1.53892e-05
1.01636e-05
3.79387e-05
2.96405e-05
2.09645e-05
1.58143e-05
4.48441e-05
3.60704e-05
2.69389e-05
2.15248e-05
4.71657e-05
3.8301e-05
2.89822e-05
2.33587e-05
4.84633e-05
3.98442e-05
3.07836e-05
2.52928e-05
5.18782e-05
4.30875e-05
3.38522e-05
2.82409e-05
5.59568e-05
4.6636e-05
3.68334e-05
3.08637e-05
8.90335e-05
7.55539e-05
6.12382e-05
5.25299e-05
8.60432e-05
7.4013e-05
6.13759e-05
5.37691e-05
8.74414e-05
7.61413e-05
6.439e-05
5.73834e-05
9.28214e-05
8.11664e-05
6.90465e-05
6.18105e-05
0.00368188
0.00398196
0.00441479
0.00477959
0.00291471
0.00314708
0.00348742
0.00377798
0.00208987
0.0022438
0.00247679
0.00268098
0.00159514
0.00169707
0.00185856
0.0020048
0.00136865
0.00144563
0.0015727
0.00169101
0.000986723
0.00102634
0.00110057
0.00117518
0.000640874
0.000646126
0.000670309
0.00070233
0.000502671
0.000493075
0.000493979
0.000504895
0.00107017
0.00112908
0.00122725
0.00131922
0.000804828
0.000837492
0.000897357
0.000956896
0.00056006
0.000571154
0.000598349
0.000629313
0.000463085
0.00046675
0.000480924
0.000499276
0.000450399
0.000437298
0.000431748
0.000436081
0.00041273
0.000399403
0.000390833
0.00039067
0.000555273
0.000560542
0.000573318
0.000586852
0.000823344
0.000860028
0.000912395
0.000954633
0.000992411
0.00105401
0.00113764
0.00120271
0.00142566
0.00154467
0.00170267
0.00182424
0.00230379
0.00252978
0.00282886
0.00305921
0.00324927
0.00358543
0.00403205
0.00437789
0.000807017
0.000847761
0.000910018
0.000963459
0.00105122
0.0011402
0.00126613
0.00136894
0.00154944
0.00173336
0.00198739
0.00219118
0.00208483
0.00236959
0.00276208
0.00307687
0.000335349
0.00035049
0.000378784
0.0004076
0.000350963
0.000359378
0.000377285
0.000396797
0.000472415
0.000481433
0.000498673
0.00051641
0.000637047
0.000653982
0.000680897
0.000705465
0.000737431
0.000746196
0.000770886
0.000799447
0.000837416
0.000878915
0.000951003
0.00101865
0.000961366
0.00108777
0.00128438
0.00145615
0.00104335
0.00127103
0.00162226
0.00192741
0.000393515
0.000401132
0.000583648
0.000781514
0.000320755
0.000335011
0.000594466
0.000905323
0.000201272
0.000253071
0.000594734
0.000992724
0.00010576
0.000202745
0.00058196
0.000987949
0.0090184
0.00924894
0.00964322
0.0100191
0.00715867
0.00733969
0.0076574
0.00796522
0.00504531
0.00516726
0.00539313
0.00561885
0.00367739
0.00375972
0.00392185
0.004089
0.00303285
0.00309619
0.00322776
0.00336689
0.00197045
0.00200087
0.00208118
0.00217461
0.000943114
0.000943028
0.000969742
0.00101112
0.00045818
0.00044578
0.000443401
0.000451821
0.0026066
0.0026844
0.00282874
0.00297299
0.00171445
0.00175385
0.00184098
0.0019359
0.000863645
0.000866458
0.000894586
0.000935214
0.000473552
0.000460196
0.000456987
0.000465083
0.000300392
0.000285711
0.000273761
0.000269476
0.000199168
0.000184427
0.000164213
0.000147365
0.000585488
0.000594136
0.000588998
0.000571182
0.00133996
0.00138743
0.00141818
0.00141544
0.00190318
0.00198005
0.00204156
0.00205594
0.00331194
0.00345311
0.00359124
0.0036589
0.00610836
0.00638233
0.00668009
0.00685843
0.00913793
0.00955688
0.0100352
0.0103438
0.00170407
0.00178008
0.00185302
0.0018858
0.00286296
0.00300825
0.00316599
0.00325954
0.00515087
0.00543532
0.00576581
0.0059839
0.00761183
0.00804665
0.00856917
0.00892977
0.000391373
0.00037335
0.000360388
0.000357954
0.000331924
0.00031378
0.000294973
0.000283661
0.000604262
0.000609507
0.000612523
0.000610653
0.00111581
0.00115992
0.00120654
0.00123173
0.00147737
0.00155097
0.00163257
0.00168142
0.00237901
0.00252219
0.0026908
0.00280341
0.00415595
0.00443486
0.00477614
0.00501679
0.00605691
0.00648022
0.00700944
0.0073926
0.00123358
0.001303
0.0013892
0.00144983
0.00188822
0.00202302
0.00219251
0.00231535
0.00318727
0.003446
0.00377624
0.00402086
0.0045761
0.00496416
0.00546532
0.00584178
0.0120997
0.0120119
0.012027
0.0121379
0.00965657
0.00958056
0.00959321
0.00968867
0.00683593
0.00677424
0.00678351
0.00685949
0.00497293
0.00492325
0.00492989
0.00498978
0.00408791
0.00404358
0.00404883
0.00410122
0.00261633
0.00257865
0.00258147
0.0026235
0.00115514
0.00113081
0.00113112
0.00115593
0.000429007
0.000419134
0.000418215
0.00042662
0.00396656
0.00395254
0.00399623
0.0040775
0.00254149
0.00252308
0.00255016
0.00261036
0.00113008
0.00111296
0.00112234
0.00115398
0.000431838
0.000422066
0.000421631
0.000430602
0.000189775
0.000187355
0.000186127
0.000186591
1.44821e-05
2.01654e-05
1.91442e-05
1.18211e-05
0.000506343
0.000531652
0.000532568
0.000508536
0.00153419
0.00158109
0.001585
0.00154388
0.00234047
0.00239936
0.00240545
0.00235568
0.00436269
0.00443333
0.00444469
0.0043912
0.00844515
0.00854277
0.00856298
0.00849601
0.0129485
0.0130689
0.0130975
0.0130205
0.00228737
0.00235473
0.00237499
0.00233747
0.00423699
0.00433185
0.00437802
0.00435278
0.00816801
0.00832398
0.00842472
0.00842152
0.0124984
0.0127175
0.0128807
0.0129092
0.000225181
0.000217158
0.000210479
0.000207836
7.57909e-05
7.07844e-05
5.82031e-05
4.35616e-05
0.000534089
0.000551305
0.00054652
0.000521141
0.00147163
0.00152157
0.00153761
0.00151061
0.00219676
0.00226972
0.00230419
0.00228197
0.00401451
0.00412982
0.00421003
0.00421574
0.00766604
0.00787335
0.00805119
0.00811368
0.0116732
0.01198
0.0122704
0.0124048
0.00206842
0.0021444
0.00219281
0.0021883
0.00370199
0.00383298
0.00394457
0.00398205
0.00696531
0.00721297
0.00745838
0.00758322
0.0105258
0.010901
0.0112999
0.0115307
0.0104328
0.0100993
0.00976407
0.00958181
0.00830413
0.00802937
0.00775766
0.0076143
0.00585709
0.00565308
0.00545736
0.00536001
0.00425075
0.00409754
0.0039544
0.00388723
0.00349004
0.00336108
0.00324321
0.00319068
0.00223261
0.00214321
0.00206818
0.00204175
0.00100203
0.000958987
0.000929194
0.00092608
0.000408855
0.000396472
0.000391713
0.000396857
0.00378181
0.00366531
0.00356891
0.00353694
0.0024184
0.00233593
0.00227417
0.00226129
0.00107445
0.00103346
0.00100861
0.0010111
0.000416915
0.000404975
0.000400884
0.000406606
0.000218538
0.000218571
0.000222612
0.000229094
0.000101563
0.000115168
0.000128473
0.000135524
0.000572036
0.000592085
0.000596366
0.000583706
0.00148803
0.00150092
0.00147817
0.00143217
0.00218472
0.00218643
0.00213993
0.00206928
0.00392313
0.00388466
0.00377808
0.00365536
0.00736023
0.00723557
0.00699932
0.00676504
0.0110821
0.0108525
0.0104664
0.0101087
0.00227827
0.00229636
0.00226194
0.00219314
0.00416256
0.00415031
0.00406768
0.00395514
0.00792003
0.00784207
0.00765277
0.00744334
0.0120204
0.0118589
0.011544
0.0112271
0.000192362
0.000192398
0.000194668
0.000198319
2.99656e-05
4.24419e-05
5.10997e-05
5.20342e-05
0.000525675
0.000552575
0.00055797
0.000539824
0.00154309
0.0015773
0.00156889
0.00152288
0.00233572
0.00236941
0.00234798
0.00228294
0.00432121
0.00433689
0.0042826
0.00418501
0.00830675
0.0082835
0.00815443
0.00798186
0.0126818
0.0126046
0.0123859
0.0121308
0.00235651
0.00240405
0.00239619
0.00233734
0.00438993
0.00443373
0.00441115
0.00433333
0.00848886
0.00852536
0.00846735
0.00834288
0.013005
0.013024
0.012922
0.0127483
0.00590993
0.0055736
0.00518244
0.00491762
0.00466026
0.00438894
0.00407727
0.0038694
0.00325604
0.00306128
0.00284276
0.00270134
0.00236214
0.00221966
0.00206381
0.00196649
0.00194409
0.00182648
0.00170022
0.00162352
0.00126506
0.00118806
0.00111031
0.00106742
0.000634986
0.000600118
0.000570711
0.00056006
0.000365094
0.000353049
0.000347713
0.000351533
0.00234088
0.002213
0.00207878
0.00200007
0.00151054
0.00142588
0.00134257
0.0012987
0.000726718
0.000688239
0.000656567
0.000646009
0.000377246
0.0003651
0.000360028
0.000364393
0.000284635
0.000280562
0.000282747
0.000290306
0.000265419
0.000267818
0.000274248
0.000281913
0.000584748
0.000577738
0.000565576
0.000554578
0.00112478
0.00109424
0.0010462
0.00100431
0.00150448
0.00145475
0.00137913
0.00131448
0.0024342
0.00233356
0.00218893
0.00206949
0.0042
0.00399861
0.00371939
0.00349499
0.00603919
0.0057282
0.00530528
0.00497094
0.00171052
0.00166962
0.00159736
0.00152941
0.00285297
0.0027596
0.00261502
0.00248873
0.00504333
0.00484376
0.00455466
0.0043138
0.00734709
0.00702916
0.00658264
0.00621982
0.000254004
0.000252617
0.000256877
0.000265072
0.000192372
0.000202024
0.00021426
0.000223652
0.000603544
0.000610698
0.00060808
0.000597769
0.00134941
0.00133826
0.00130085
0.0012564
0.00189685
0.00186801
0.00180204
0.00173198
0.00325263
0.00317247
0.00303436
0.00290501
0.00587914
0.00569282
0.0054068
0.0051578
0.00866975
0.00836195
0.00791153
0.00753322
0.00205656
0.00204226
0.00198506
0.00191407
0.00361494
0.00355341
0.00342811
0.00329986
0.00666584
0.00650463
0.00623603
0.00598882
0.0099396
0.009661
0.00922992
0.00885242
0.00196325
0.00177943
0.00155787
0.00140161
0.00154288
0.00139771
0.00122475
0.00110431
0.00109315
0.00099151
0.000873204
0.000793046
0.000826914
0.000753002
0.000669472
0.000614925
0.000703703
0.00064278
0.000575252
0.000532263
0.000503984
0.000463596
0.000421276
0.000396412
0.000337673
0.000316022
0.000296472
0.000287831
0.000286208
0.000272287
0.000261874
0.000259575
0.000946869
0.000871715
0.00078846
0.000735515
0.000654081
0.000605055
0.000553778
0.000523764
0.000401417
0.000377088
0.000355551
0.000346535
0.000312849
0.000299606
0.000290886
0.000290557
0.000270419
0.000258736
0.000250686
0.000249807
0.00027142
0.000259726
0.000250717
0.000248439
0.000381218
0.000359267
0.000336281
0.000322941
0.0005538
0.000515406
0.000471074
0.000441564
0.000662235
0.000612616
0.000553751
0.000513258
0.000918961
0.000842135
0.000748149
0.000681122
0.00140522
0.00127819
0.00112036
0.00100582
0.00190184
0.00172404
0.00150232
0.00134074
0.00085705
0.000802655
0.000735717
0.000687897
0.00124359
0.00115467
0.0010427
0.000960484
0.00196952
0.00181613
0.00162134
0.00147686
0.0027108
0.00249131
0.00221258
0.00200575
0.000294345
0.000286469
0.000284067
0.00028821
0.000294472
0.000288865
0.000287166
0.000290203
0.000505037
0.000487398
0.000467407
0.00045468
0.000842444
0.000802513
0.000751876
0.000714757
0.00106825
0.00101189
0.000939108
0.000884638
0.00161292
0.00151521
0.00138787
0.00129124
0.00263523
0.00245901
0.00222969
0.00205555
0.00368348
0.00342537
0.00309108
0.00283825
0.00128723
0.00123233
0.00115654
0.00109641
0.00201494
0.00191301
0.0017744
0.00166507
0.00338675
0.00319376
0.00293533
0.00273385
0.00480316
0.00451329
0.00412935
0.00383287
0.000240074
0.000197612
0.000148665
0.000116045
0.000201108
0.000166847
0.000127816
0.000102131
0.000167751
0.000141801
0.000112937
9.44498e-05
0.00015629
0.000134666
0.000111246
9.67218e-05
0.000150059
0.000130553
0.000109632
9.67985e-05
0.000135557
0.000119596
0.000102909
9.29981e-05
0.000129002
0.000115512
0.000101832
9.40314e-05
0.000133861
0.000120569
0.000107194
9.96418e-05
0.000235885
0.000208703
0.00017922
0.000160921
0.000199109
0.000178496
0.000156988
0.000144322
0.000175215
0.000159741
0.000144521
0.000136333
0.000176072
0.00016181
0.000148131
0.000141074
0.000132678
0.000119602
0.000106455
9.90343e-05
0.000125439
0.000112625
9.97114e-05
9.24028e-05
0.000128721
0.000114039
9.88161e-05
8.9857e-05
0.000140957
0.000123106
0.000104081
9.24797e-05
0.000144887
0.000125318
0.000104236
9.12204e-05
0.000152526
0.000129174
0.000103341
8.68821e-05
0.000181588
0.000150353
0.000114939
9.17536e-05
0.000218192
0.000178766
0.000133567
0.000103624
0.000231572
0.000204568
0.000174876
0.000156113
0.000266944
0.000231944
0.000192187
0.000166053
0.000348602
0.000298377
0.000239838
0.000200216
0.000438508
0.000372958
0.00029574
0.000242866
0.000211992
0.000198183
0.000185891
0.000180529
0.000207321
0.000193179
0.000180155
0.000174032
0.000245663
0.000225517
0.000204769
0.00019285
0.000310266
0.00028101
0.000248878
0.000228654
0.000346491
0.000311474
0.000272115
0.000246606
0.000429886
0.000381384
0.000324927
0.000286765
0.000599781
0.000526352
0.000438797
0.000377981
0.000778077
0.000679749
0.000561454
0.000478479
0.000490595
0.000447742
0.00039837
0.000365469
0.000646721
0.000583851
0.00050888
0.000456839
0.000949127
0.0008495
0.000728226
0.000642074
0.00126021
0.00112376
0.000956556
0.000836915
2.45414e-07
8.93692e-08
8.82024e-08
2.54511e-07
8.4323e-07
4.34104e-07
1.30245e-07
1.44221e-07
2.38774e-06
1.33758e-06
4.92161e-07
3.01865e-07
4.1615e-06
2.28517e-06
9.36228e-07
6.32315e-07
4.54162e-06
2.48115e-06
8.56142e-07
4.74815e-07
5.32718e-06
2.89641e-06
8.97503e-07
2.92045e-07
6.4843e-06
3.5602e-06
1.08613e-06
2.0214e-07
7.44901e-06
4.17197e-06
1.34964e-06
2.54508e-07
1.98913e-05
1.46306e-05
9.31578e-06
6.27885e-06
2.16304e-05
1.61612e-05
1.05974e-05
7.37457e-06
2.42662e-05
1.83811e-05
1.23729e-05
8.86103e-06
2.6607e-05
2.02777e-05
1.381e-05
1.00183e-05
7.42165e-06
4.15651e-06
1.34846e-06
2.61487e-07
6.38795e-06
3.50508e-06
1.07396e-06
2.13983e-07
5.16017e-06
2.79908e-06
8.72301e-07
3.07361e-07
4.33527e-06
2.35799e-06
8.2123e-07
4.9045e-07
3.95522e-06
2.16521e-06
8.98788e-07
6.35487e-07
2.20437e-06
1.23192e-06
4.59738e-07
3.03193e-07
7.19465e-07
3.66175e-07
1.10478e-07
1.4215e-07
1.91324e-07
6.34019e-08
8.03152e-08
2.46732e-07
1.7374e-05
1.26865e-05
8.00932e-06
5.39376e-06
1.22742e-05
8.69248e-06
5.12331e-06
3.14574e-06
7.21757e-06
4.66901e-06
2.24613e-06
1.03188e-06
4.57788e-06
2.60573e-06
9.10064e-07
2.53311e-07
5.56838e-05
4.64213e-05
3.66769e-05
3.07389e-05
5.11221e-05
4.24642e-05
3.33843e-05
2.78747e-05
4.7037e-05
3.8672e-05
2.99096e-05
2.46143e-05
4.5215e-05
3.67076e-05
2.78022e-05
2.24464e-05
4.2507e-05
3.42001e-05
2.55892e-05
2.04978e-05
3.49858e-05
2.73193e-05
1.93594e-05
1.46665e-05
2.91648e-05
2.14467e-05
1.34805e-05
8.88559e-06
2.75998e-05
1.93174e-05
1.08516e-05
6.09867e-06
8.33547e-05
7.01106e-05
5.61117e-05
4.76521e-05
7.84449e-05
6.42759e-05
4.90621e-05
3.97143e-05
8.13351e-05
6.42649e-05
4.56254e-05
3.39951e-05
9.03527e-05
6.99129e-05
4.74149e-05
3.32915e-05
