FiniteElementSpace
FiniteElementCollection: H1_2D_P2
VDim: 2
Ordering: 0

0
1.07086
2.17317
3.16698
3.89265
4.30028
4.46732
4.51495
4.53689
0
0.938456
1.79193
2.51094
3.03251
3.33888
3.47399
3.51585
3.53723
0.525394
1.00665
0.479694
0
1.62495
1.99453
1.37781
2.69484
2.86319
2.17265
3.57003
3.49117
2.79906
4.13355
3.84234
3.2111
4.40625
3.98311
3.42331
4.49907
4.01913
3.50146
4.52534
4.03736
3.5258
0.50229
1.50751
2.45225
3.21236
3.699
3.93251
4.00788
4.02672
0.259056
0.516286
0.250663
0
1.34756
1.5695
1.25803
1.04166
2.43878
2.5778
2.22815
2.08759
3.37808
3.39624
3.04622
3.01981
4.02302
3.92122
3.6037
3.69706
4.35989
4.17304
3.89325
4.07574
4.48596
4.2552
3.99791
4.22793
4.52032
4.27623
4.02288
4.26787
0.796394
0.754475
0.97037
0.711276
0.488226
0.243336
0
1.90097
1.75362
1.89542
1.5885
1.44222
1.16086
2.93847
2.66462
2.69491
2.34764
2.31766
1.98703
3.74171
3.36079
3.2715
2.92274
3.01512
2.66165
4.22544
3.77811
3.59775
3.28094
3.46381
3.1285
4.44139
3.96188
3.73203
3.45222
3.68317
3.38595
4.50827
4.01451
3.76838
3.5097
3.75666
3.48997
4.53075
4.28713
4.03135
3.78731
3.53114
3.77648
3.52093
0.256024
1.30587
2.33746
3.21706
3.81844
4.13064
4.24415
4.27208
0.778201
0.730196
0.245365
1.83079
1.67184
1.208
2.80604
2.51276
2.11129
3.55638
3.15146
2.86272
4.0065
3.53753
3.37543
4.20483
3.71139
3.6458
4.26264
3.7635
3.74663
4.28109
3.7813
3.77241
0.128029
0.258155
0.126969
0
1.20902
1.32772
1.17375
1.05725
2.30704
2.38916
2.21356
2.13141
3.27493
3.29867
3.12061
3.09448
3.96047
3.92183
3.76014
3.79597
4.3319
4.24617
4.10487
4.18899
4.47743
4.36556
4.23679
4.34825
4.51772
4.39627
4.27004
4.39158
0.660391
0.788286
0.647025
0.521787
0.628347
0.742111
0.609385
0.495045
0.125197
0.247919
0.123446
0
1.7633
1.8669
1.70057
1.59823
1.63109
1.71315
1.55768
1.47507
1.13249
1.23303
1.08955
0.988375
2.81847
2.87333
2.6936
2.63738
2.56002
2.59013
2.4167
2.38616
2.11238
2.17066
2.00441
1.94565
3.65856
3.65016
3.47874
3.48425
3.28881
3.25812
3.08529
3.11568
2.95672
2.95629
2.78065
2.7807
4.1818
4.11701
3.96596
4.02846
3.7405
3.65954
3.50242
3.58326
3.54963
3.49151
3.32543
3.38333
4.42511
4.32384
4.19014
4.29047
3.94832
3.83765
3.69832
3.80904
3.86935
3.77091
3.6232
3.72161
4.50405
4.38573
4.25928
4.37752
4.01153
3.88937
3.7604
3.88277
3.99122
3.87293
3.73999
3.8584
4.52794
4.40589
4.27854
4.40079
4.0289
3.90636
3.77877
3.90168
4.02105
3.8978
3.77045
3.894
0.391582
0.385951
0.509543
0.376373
0.253455
0
1.48631
1.43786
1.53915
1.38309
1.2825
1.02462
2.56826
2.45899
2.51611
2.34152
2.28378
2.04192
3.47664
3.30899
3.30573
3.13145
3.13301
2.94279
4.08078
3.8721
3.81151
3.65344
3.71252
3.59558
4.38462
4.15328
4.05377
3.91422
4.01307
3.96028
4.49309
4.25022
4.13201
4.00341
4.12163
4.10625
4.5228
4.27411
4.15156
4.02474
4.14763
4.14374
0.933268
0.909771
0.880603
0.766721
0.850553
0.953503
0.825424
0.719682
0.596025
0.482859
0.366851
0.362171
0.243519
0.122922
0
2.03776
1.9599
1.87484
1.79295
1.78447
1.84415
1.69116
1.63018
1.48398
1.40964
1.3256
1.27005
1.18374
1.05028
3.05487
2.91488
2.76573
2.73653
2.60552
2.60525
2.43074
2.43212
2.26148
2.24662
2.21576
2.08105
2.05013
1.89056
3.81988
3.62916
3.42822
3.46005
3.21349
3.15486
2.97928
3.03999
2.86255
2.9099
2.94087
2.73197
2.7648
2.58784
4.26494
4.04303
3.81198
3.89363
3.56924
3.47032
3.3113
3.41152
3.24752
3.33999
3.42149
3.17138
3.2547
3.08214
4.45539
4.21735
3.97341
4.08423
3.72256
3.60391
3.4639
3.58295
3.43872
3.55466
3.66572
3.40574
3.51759
3.36367
4.51183
4.26546
4.017
4.13892
3.76612
3.6423
3.51295
3.63692
3.50589
3.62954
3.75213
3.49618
3.61898
3.48261
4.5337
4.41198
4.28395
4.16228
4.03416
4.15626
3.91237
3.78414
3.66224
3.53407
3.65619
3.52836
3.65115
3.77439
3.52332
3.64675
3.51844
0.127712
1.19238
2.26132
3.19885
3.8614
4.21933
4.35767
4.394
0.654683
0.618629
0.124271
1.73294
1.59469
1.11096
2.75708
2.48969
2.0592
3.56975
3.18902
2.87043
4.07493
3.62325
3.43951
4.3084
3.82443
3.74775
4.382
3.8864
3.86635
4.40323
3.90389
3.89595
0.389623
0.381331
0.12614
1.46308
1.41107
1.15363
2.51466
2.40128
2.16388
3.39391
3.22162
3.04
3.97752
3.76419
3.65634
4.26982
4.03482
3.98829
4.3721
4.12734
4.11467
4.3985
4.14954
4.14574
0.922509
0.895613
0.638015
0.86539
0.836998
0.601612
0.371456
0.363471
0.12278
1.99984
1.91817
1.66652
1.8302
1.73805
1.52064
1.35445
1.29728
1.06911
2.98594
2.84155
2.62795
2.68717
2.52027
2.3408
2.27971
2.14962
1.9482
3.72562
3.53016
3.38522
3.32286
3.09928
2.9768
3.03804
2.83916
2.68674
4.15498
3.92879
3.8546
3.69226
3.44242
3.37739
3.53937
3.29909
3.2066
4.33705
4.09618
4.07017
3.8489
3.59426
3.56981
3.79127
3.5373
3.4953
4.38887
4.14152
4.13581
3.89186
3.63979
3.63355
3.87835
3.62474
3.61209
4.4088
4.15908
4.15378
3.90918
3.65908
3.65356
3.89969
3.64891
3.64458
0
0.0364479
0.304459
0.917124
1.82807
2.88307
3.95177
4.9851
5.98987
1
1.02121
1.21796
1.65656
2.32061
3.14158
4.05456
5.02133
6.01654
0.00260389
0.506167
0.997138
0.5
0.131133
0.730393
1.09152
0.566684
1.25973
1.40622
1.34404
2.05905
1.96417
2.34752
3.00722
2.71614
3.4206
4.0024
3.58953
4.47324
5.00321
4.53284
5.4895
6.00322
5.51709
0.483545
0.583363
0.955945
1.63251
2.5223
3.50279
4.50287
5.50331
0.00182625
0.239576
0.486776
0.25
0.0749502
0.351887
0.53687
0.266661
0.424225
0.755643
0.833147
0.511738
1.12211
1.4834
1.43835
1.08305
2.08467
2.43127
2.28711
1.93929
3.15224
3.45911
3.25418
2.94207
4.21377
4.48631
4.25262
3.97492
5.23805
5.49573
5.25329
4.99289
0.0132045
0.489183
0.75682
1.00411
0.735979
0.998555
0.75
0.207096
0.647416
0.963884
1.14725
0.828425
1.04989
0.731377
1.09845
1.44948
1.52382
1.17089
1.30421
1.58028
1.84014
2.18645
2.13689
1.79219
1.80368
2.6143
2.76284
3.07512
2.92564
2.61826
2.5141
3.68729
3.75235
4.03037
3.82017
3.54779
3.36313
4.73027
4.75308
5.01355
4.77599
4.51957
4.29224
5.73991
5.99637
5.75329
6.01006
5.76662
5.51089
5.2685
0.24136
0.300856
0.622966
1.27509
2.18194
3.20039
4.23124
5.24468
0.247053
0.74099
0.739644
0.421685
0.88753
0.785371
0.909358
1.30155
1.05825
1.70563
1.98376
1.61353
2.68523
2.84422
2.39851
3.71745
3.7881
3.30992
4.74016
4.76605
4.27428
5.74621
5.76036
5.26189
0.00219226
0.121118
0.245009
0.125
0.0535731
0.186756
0.281786
0.150484
0.361382
0.522325
0.564663
0.406837
1.01724
1.19738
1.17689
0.998842
1.95539
2.13222
2.05964
1.88255
3.01768
3.1754
3.07112
2.91161
4.08309
4.2218
4.10323
3.96258
5.11179
5.241
5.11889
4.98853
0.00647151
0.129159
0.241959
0.120301
0.485095
0.613787
0.737262
0.608667
0.492065
0.612268
0.7441
0.625
0.166429
0.313151
0.384328
0.240308
0.613113
0.765416
0.855911
0.703971
0.519676
0.659376
0.769402
0.629963
0.646181
0.819107
0.829912
0.659893
1.0248
1.198
1.23404
1.06131
0.779286
0.943546
1.00882
0.845004
1.46046
1.64179
1.59292
1.41252
1.73479
1.91078
1.88649
1.71094
1.347
1.5243
1.52961
1.35276
2.48053
2.64876
2.55779
2.38835
2.64201
2.80325
2.73055
2.56981
2.17207
2.34212
2.29143
2.12184
3.55419
3.70154
3.58836
3.43898
3.62749
3.77037
3.66767
3.52538
3.13044
3.28205
3.1921
3.04104
4.60205
4.73465
4.61338
4.47913
4.62798
4.75974
4.64268
4.51142
4.1275
4.26365
4.15214
4.01657
5.6148
5.74292
5.62102
5.49236
5.62831
5.75689
5.63557
5.50719
5.12826
5.25771
5.13762
5.00853
0.00116929
0.23951
0.360582
0.484177
0.363166
0.375
0.10061
0.324133
0.466135
0.558035
0.417473
0.385151
0.4925
0.686623
0.854211
0.892068
0.726451
0.619467
1.23102
1.37734
1.5567
1.53363
1.35536
1.16993
2.21543
2.3059
2.476
2.40394
2.23363
1.99815
3.28658
3.32975
3.48052
3.37833
3.22679
2.97406
4.34382
4.35893
4.49436
4.37775
4.24166
3.98834
5.36393
5.37029
5.49943
5.3783
5.24886
4.99789
0.0230358
0.255182
0.496102
0.367004
0.74744
0.887098
1.01133
0.871009
0.999471
0.865456
0.736893
0.996931
0.868625
1.00012
0.875
0.25291
0.464099
0.68649
0.532991
0.923522
1.08787
1.18077
1.01451
1.11763
0.957362
0.805
1.06906
0.915353
1.03405
0.821598
0.993786
1.17684
1.00237
1.37346
1.55047
1.58843
1.40983
1.46318
1.28551
1.11233
1.35334
1.17812
1.25921
1.70284
1.82118
1.94833
1.77174
2.08385
2.25271
2.2275
2.05905
2.04913
1.87645
1.70116
1.88239
1.70644
1.72846
2.74853
2.81339
2.88464
2.72336
2.95913
3.10881
3.03287
2.88516
2.82004
2.66714
2.50753
2.61415
2.45589
2.41625
3.81983
3.84632
3.87734
3.73453
3.90901
4.04322
3.93693
3.80489
3.70436
3.56937
3.42852
3.47577
3.33713
3.25171
4.85794
4.86665
4.87815
4.74642
4.88968
5.01792
4.89841
4.7716
4.65412
4.52686
4.39677
4.4122
4.28398
4.17302
5.8649
5.99304
5.8713
5.99975
5.87826
5.74969
6.00669
5.88521
6.01338
5.89158
5.76364
5.64177
5.51424
5.38631
5.39264
5.26556
5.14471
0.123217
0.166579
0.461774
1.09584
2.00641
3.04346
4.09242
5.11492
0.123334
0.609985
0.617472
0.274171
0.732515
0.642898
0.736799
1.12736
0.891902
1.52552
1.80935
1.43656
2.51813
2.68591
2.23095
3.57043
3.6477
3.16121
4.60711
4.63552
4.14001
5.61772
5.63202
5.13308
0.119724
0.360897
0.36793
0.211207
0.439643
0.399404
0.588309
0.787752
0.670373
1.30299
1.45418
1.26053
2.25961
2.35408
2.1149
3.30727
3.35358
3.10024
4.3507
4.36809
4.11507
5.3668
5.37419
5.12343
0.138094
0.374453
0.362484
0.620355
0.87765
0.867039
0.609511
0.866133
0.87186
0.35727
0.573716
0.497196
0.802902
1.04915
0.984004
0.679679
0.934572
0.899621
0.906457
1.08382
0.925798
1.27322
1.47822
1.34563
1.00006
1.22972
1.1309
1.76088
1.88368
1.66266
2.01505
2.15462
1.96631
1.61587
1.78981
1.62666
2.77998
2.84839
2.59917
2.92168
2.99635
2.77539
2.45516
2.56061
2.35322
3.83228
3.86149
3.60753
3.89334
3.92373
3.68675
3.40347
3.45281
3.22244
4.86178
4.87223
4.62047
4.88408
4.89458
4.64901
4.38746
4.40517
4.16332
5.868
5.87473
5.62459
5.88179
5.88849
5.63887
5.38242
5.38979
5.14159
