FiniteElementSpace
FiniteElementCollection: H1_2D_P2
VDim: 2
Ordering: 0

0
0.0061315
-0.00221799
-0.0194095
-0.0286464
-0.0268922
-0.0203202
-0.0112304
-0.000466696
0
-0.0097699
-0.0202232
-0.0286476
-0.0307258
-0.0271401
-0.020448
-0.0108608
0.0006254
0.00411819
-0.000842939
-0.0048342
0
0.00402132
-0.0105583
-0.0149511
-0.010881
-0.0245233
-0.0250294
-0.0256412
-0.0304533
-0.0305692
-0.0287467
-0.027425
-0.0294366
-0.0239434
-0.0206651
-0.0241268
-0.0160846
-0.0112395
-0.0160256
-0.00591385
4.08834e-05
-0.00518233
0.000208857
-0.00443004
-0.0179004
-0.0288827
-0.0296821
-0.0243448
-0.0163137
-0.00564261
0.00200951
0.00201389
0.000127989
0
0.00563612
-0.000295069
-0.00228426
0.00254854
-0.00640136
-0.0144778
-0.0141963
-0.00647599
-0.0229038
-0.0273538
-0.0270456
-0.0220556
-0.0290056
-0.0292984
-0.0303083
-0.0296407
-0.0255173
-0.024216
-0.0259637
-0.0272337
-0.0182813
-0.0162711
-0.0185807
-0.0205672
-0.00861162
-0.00579972
-0.00848278
-0.0112876
0.00556575
-5.55705e-05
-0.00465933
-0.00727416
-0.00185425
-0.00241124
0
0.0013453
-0.00723375
-0.0149322
-0.0176023
-0.0090102
-0.01233
-0.0153199
-0.0214178
-0.0267879
-0.0270277
-0.02136
-0.0227304
-0.027551
-0.0300064
-0.0309105
-0.0308547
-0.0300712
-0.0298359
-0.0280014
-0.0286883
-0.0274047
-0.0283905
-0.0297751
-0.0302336
-0.0222069
-0.022581
-0.0206227
-0.0223748
-0.0243127
-0.0257147
-0.0137302
-0.0138615
-0.0110977
-0.0135277
-0.0162317
-0.018334
-0.00318542
-0.000218436
-0.00277889
0.000329463
-0.00227584
-0.00543565
-0.0080622
0.000856156
0.00158338
-0.0103859
-0.0250654
-0.0297451
-0.0258129
-0.0185059
-0.00858468
0.00265077
-0.00311966
-0.000704724
-0.00303337
-0.0118217
-0.00660921
-0.0184567
-0.0242871
-0.0181765
-0.0288708
-0.0307804
-0.0287381
-0.0284241
-0.0287031
-0.0305428
-0.0224669
-0.0225469
-0.0259328
-0.0138605
-0.0137511
-0.018522
-0.00299063
-0.00253936
-0.00830839
0.000768739
0.00135118
0.000289485
0
0.00602738
0.00355199
0.00217984
0.00428264
-0.00425342
-0.00843585
-0.00838951
-0.00439521
-0.0212524
-0.0240049
-0.0236447
-0.020757
-0.0289151
-0.0293893
-0.0297697
-0.029158
-0.0262325
-0.0256799
-0.0265483
-0.0270771
-0.0193209
-0.0184139
-0.0195577
-0.020463
-0.00993404
-0.00860793
-0.00994963
-0.0112736
0.00493707
0.00405207
0.0024156
0.00300642
0.000131973
-0.00150342
-0.0024661
-0.000749052
3.56262e-05
-0.000246728
-0.000272257
0
0.00281063
-0.000897188
-0.00156373
0.00180669
-0.00575641
-0.00944093
-0.0103706
-0.00662123
-0.00147696
-0.00434489
-0.00557965
-0.0026552
-0.0131328
-0.016918
-0.0164993
-0.0127152
-0.0196959
-0.0228626
-0.0228647
-0.0196147
-0.0123522
-0.0161442
-0.0165485
-0.0126782
-0.0267081
-0.0282264
-0.0282092
-0.0265149
-0.0295314
-0.0304534
-0.0304999
-0.029534
-0.0258636
-0.0279395
-0.0278346
-0.0256874
-0.0284275
-0.0282266
-0.0289076
-0.0290363
-0.0292246
-0.0287319
-0.0292717
-0.0297728
-0.0304476
-0.0304774
-0.030782
-0.0307396
-0.0230942
-0.0223546
-0.0233602
-0.0240957
-0.0234814
-0.0225823
-0.0234486
-0.0243492
-0.0267163
-0.0259722
-0.0266885
-0.0274441
-0.0149276
-0.0138135
-0.0150872
-0.0161979
-0.0151101
-0.0138199
-0.0150143
-0.0162879
-0.019645
-0.0185676
-0.0195953
-0.020661
-0.00454963
-0.00308861
-0.00439454
-0.00586133
-0.00420996
-0.00266265
-0.00398697
-0.0055454
-0.00987502
-0.00840455
-0.00971702
-0.0111801
0.00314819
0.00147547
0.00110313
0.00019487
0.000489831
0
0.00497225
0.000758067
-0.00235154
-0.00327013
-0.000339195
0.000861579
-0.00862997
-0.0124278
-0.0161981
-0.0160549
-0.0122933
-0.00851333
-0.0243824
-0.0263053
-0.0281484
-0.0280516
-0.0260823
-0.0233113
-0.0289473
-0.0295831
-0.0295185
-0.030048
-0.0300572
-0.0300788
-0.0247518
-0.0250346
-0.0242998
-0.0251729
-0.0259092
-0.0273523
-0.0172038
-0.0174106
-0.0163087
-0.0174704
-0.0185607
-0.0206342
-0.00726962
-0.00719895
-0.00572723
-0.00706947
-0.00854292
-0.0112757
0.00597781
0.00270119
-0.000374604
0.00130036
-0.0038453
-0.00698917
-0.00851753
-0.00500696
-0.00604914
-0.00319431
-0.00126459
-0.00362951
-0.00139706
-0.00109168
0
-0.000339512
-0.00467952
-0.00884223
-0.00512516
-0.0133488
-0.0174234
-0.0189231
-0.014508
-0.0162789
-0.0117458
-0.0077551
-0.0136375
-0.00922741
-0.011045
-0.0174339
-0.0203187
-0.0230325
-0.019953
-0.0255971
-0.027793
-0.0278853
-0.0256864
-0.0260689
-0.0231654
-0.0197866
-0.0239108
-0.0203603
-0.0214972
-0.0282027
-0.0293455
-0.030309
-0.0294703
-0.0309118
-0.0309209
-0.0308351
-0.0309337
-0.0307619
-0.0304386
-0.029481
-0.030255
-0.0293924
-0.0292935
-0.0274853
-0.0278627
-0.0280855
-0.0285817
-0.0280784
-0.027303
-0.0277861
-0.028591
-0.0289387
-0.0296683
-0.0302023
-0.0298664
-0.0304714
-0.0305179
-0.0212826
-0.0215366
-0.0216431
-0.0225425
-0.0216056
-0.0205514
-0.0214331
-0.0224769
-0.0232703
-0.0242373
-0.0251408
-0.0249389
-0.0258457
-0.0264459
-0.0124979
-0.0125926
-0.0125699
-0.0138756
-0.012444
-0.0109916
-0.0122138
-0.0136543
-0.0147998
-0.0161449
-0.0174008
-0.0172042
-0.0184444
-0.0194146
-0.00182139
-0.000341027
-0.00159651
-9.24831e-05
-0.00135982
-0.00288791
0.000181992
-0.00109919
0.000479133
-0.000822988
-0.00240939
-0.00372864
-0.00531368
-0.00687878
-0.00662885
-0.00819405
-0.00947531
0.00044725
0.00404543
-0.00636625
-0.0224694
-0.0293561
-0.026405
-0.019459
-0.00995402
0.00361908
-0.00108849
-8.9002e-05
0.00056829
-0.00796956
-0.0034284
-0.0148476
-0.0212779
-0.0143952
-0.0274739
-0.0300749
-0.0268896
-0.0286812
-0.0292883
-0.03067
-0.0232441
-0.0234843
-0.0267288
-0.0150265
-0.0150767
-0.0196368
-0.00447464
-0.00410335
-0.00980629
0.00224747
0.00082491
0.000163065
0.00280747
-0.00124467
0.000361718
-0.010567
-0.0142467
-0.0103698
-0.0253612
-0.0272068
-0.0247784
-0.0292788
-0.0298449
-0.0301398
-0.0249087
-0.0251238
-0.0266541
-0.0173273
-0.0174574
-0.019619
-0.00724143
-0.00714183
-0.00992302
0.00428227
0.00116958
0.00127184
-0.00201942
-0.00597209
-0.0040891
-0.000469486
-0.00230705
-0.000509133
-0.00256022
-0.00675453
-0.00365011
-0.0110177
-0.0159543
-0.0131021
-0.00541103
-0.0104542
-0.00807528
-0.018902
-0.0216942
-0.0181098
-0.0243363
-0.0267951
-0.0244677
-0.0178919
-0.0217873
-0.0188978
-0.0287882
-0.029859
-0.0289012
-0.0306699
-0.0309846
-0.0307504
-0.0288194
-0.0299823
-0.0286567
-0.027688
-0.0279983
-0.0290929
-0.0281145
-0.0279698
-0.0291588
-0.0301733
-0.0301078
-0.0307441
-0.0214281
-0.0216081
-0.0234397
-0.021642
-0.0215355
-0.0233763
-0.0251789
-0.0250597
-0.0265935
-0.0125617
-0.0125947
-0.0151142
-0.0125195
-0.0123425
-0.0149226
-0.0174514
-0.0173188
-0.0195213
-0.00170873
-0.00148103
-0.00430682
-0.00123245
-0.000961671
-0.00386108
-0.00698175
-0.00676059
-0.00960675
0
0.0142824
0.0380222
0.0505009
0.0485221
0.0430036
0.0388543
0.0357168
0.0339654
0
0.0103595
0.0281855
0.042672
0.0483423
0.0483852
0.0471479
0.0462064
0.0450864
0.005198
0.0112205
0.00421845
0
0.0263473
0.0337639
0.0189366
0.0464746
0.0476147
0.0364549
0.0506586
0.0487786
0.0465275
0.0456644
0.0456553
0.0487473
0.0407693
0.0429097
0.0477528
0.037158
0.0408705
0.0466582
0.0346419
0.0394192
0.0456769
0.00276099
0.022499
0.0425285
0.0493055
0.0472926
0.0441796
0.0418163
0.0400645
0.00262196
0.00366196
0.000336413
0
0.0201483
0.0243071
0.0166767
0.0125333
0.0427714
0.0445748
0.0385691
0.0358774
0.0509764
0.050139
0.0488221
0.0491924
0.0471074
0.0465719
0.0480917
0.0487899
0.0418368
0.0424693
0.0448911
0.0443675
0.0379797
0.0394766
0.042343
0.0408608
0.0351276
0.0373632
0.0404495
0.038302
0.00917712
0.0064871
0.010411
0.0068891
0.00281208
0.0024639
0
0.0324398
0.0283114
0.031381
0.0235894
0.0207733
0.0144498
0.0490418
0.0455439
0.0455741
0.039857
0.0400243
0.0325271
0.0497681
0.0492339
0.0485828
0.0476538
0.0481303
0.0448863
0.0442822
0.0464639
0.0469528
0.0486268
0.0479534
0.0486786
0.0397811
0.0435203
0.0450027
0.0474366
0.0459268
0.0480792
0.0363988
0.0413261
0.0434862
0.0464359
0.0442015
0.0468907
0.0342603
0.036682
0.0397187
0.0422134
0.0453791
0.0428171
0.0459555
0.00103499
0.0182455
0.0407015
0.0500503
0.0477185
0.0433777
0.040143
0.037801
0.00756108
0.0061264
0.000587705
0.0303103
0.0262034
0.0153992
0.0474012
0.0432055
0.0360493
0.0496538
0.0485516
0.0471815
0.0454385
0.0474708
0.0483492
0.0416337
0.0454489
0.0464317
0.038862
0.0438363
0.0445882
0.0369915
0.0425011
0.0431466
0.00153035
0.00172815
0.000335363
0
0.0171384
0.0191506
0.0153197
0.0133534
0.0405248
0.0417299
0.0383983
0.036932
0.0508593
0.0505472
0.0497293
0.0498728
0.0478273
0.0474491
0.0482709
0.048696
0.0424065
0.0426136
0.0438621
0.0436995
0.0384109
0.0390575
0.0404953
0.0398525
0.03541
0.0364723
0.0380439
0.0370158
0.00701489
0.00830635
0.0054595
0.00436634
0.00448538
0.00620141
0.00433964
0.00264507
-0.000124018
0.000320502
5.25478e-05
0
0.0294342
0.0313468
0.0273408
0.0252895
0.0254293
0.0272886
0.0235016
0.021635
0.0138809
0.0160011
0.0128393
0.0107436
0.0479112
0.0482377
0.0461211
0.0455297
0.0441544
0.0444584
0.041714
0.0413603
0.0362606
0.0373844
0.03379
0.0326298
0.0502756
0.049752
0.0499559
0.0504378
0.0493272
0.0489247
0.0483966
0.0487656
0.0483169
0.048065
0.0464648
0.0466704
0.044962
0.0448825
0.0459996
0.046148
0.0468782
0.046962
0.0477192
0.0476221
0.0484555
0.0482273
0.0484916
0.0486986
0.0402666
0.0407037
0.0420431
0.0416195
0.0438436
0.0444783
0.045684
0.0450463
0.0452669
0.045654
0.0466912
0.0462968
0.03677
0.0376334
0.0391627
0.0383165
0.0415667
0.042573
0.0440166
0.0430017
0.0426211
0.0434592
0.0447916
0.0439501
0.0344387
0.0356301
0.0371689
0.0360098
0.0398864
0.0410999
0.0426571
0.0414308
0.0406556
0.0417882
0.0433151
0.0421692
0.00370535
0.00217898
0.00311495
0.00137207
0.000582614
0
0.0232303
0.0212579
0.0233825
0.0195664
0.0174229
0.0118204
0.0447718
0.0427662
0.0435845
0.0406612
0.0396587
0.0348316
0.0509098
0.0501793
0.049762
0.0491428
0.0494783
0.0484457
0.0463831
0.0471481
0.046949
0.0477001
0.0479283
0.0488139
0.0412918
0.0429138
0.0433224
0.0445287
0.0441355
0.0450167
0.0375621
0.0398034
0.0406425
0.0420748
0.0412384
0.0418805
0.0348715
0.037574
0.0387114
0.0402523
0.0391232
0.039584
0.0115987
0.00993117
0.00874487
0.00694844
0.00816654
0.0102603
0.00854231
0.00632535
0.00545582
0.00331504
0.00156815
0.00322398
0.00130058
0.00153549
0
0.0353219
0.0331699
0.0311016
0.0293069
0.0288401
0.02993
0.0259067
0.02499
0.021258
0.0198797
0.0180603
0.0166621
0.0148729
0.0123473
0.0499138
0.0484222
0.0466921
0.0465117
0.0444865
0.0442696
0.0413348
0.0417066
0.0382218
0.0384272
0.0381289
0.0345467
0.0344668
0.0303962
0.0491797
0.0492578
0.0490435
0.0494791
0.0486067
0.0484612
0.0480452
0.0481311
0.0471474
0.0473953
0.0477283
0.0457716
0.0461418
0.0438488
0.0436285
0.0448935
0.0460552
0.0459619
0.0472139
0.0476431
0.0485167
0.0480185
0.0487053
0.0483208
0.0481661
0.0487401
0.0484933
0.0485475
0.039311
0.04124
0.0432092
0.0425731
0.0452217
0.0460678
0.0472882
0.0464336
0.0475919
0.0468265
0.0461764
0.047916
0.047236
0.0482368
0.0360474
0.0385749
0.0410939
0.040091
0.0436597
0.0448301
0.0463232
0.0451225
0.046547
0.0454193
0.0443916
0.0467722
0.0457313
0.0470156
0.0341041
0.0353252
0.0368303
0.0380468
0.0395624
0.0383519
0.0408064
0.0423514
0.0436389
0.0452301
0.0439272
0.0455292
0.044231
0.0429804
0.0458197
0.0445338
0.0460844
0.000803454
0.0161798
0.0394482
0.0503233
0.0480871
0.0431444
0.0394484
0.0367343
0.0061749
0.00428869
-0.000131661
0.0283543
0.024481
0.0133053
0.0470254
0.043019
0.0350927
0.0501553
0.0489016
0.047461
0.0455069
0.0472952
0.0484854
0.0411528
0.0447573
0.0459716
0.0379673
0.0427839
0.0437002
0.0358096
0.0412617
0.0419758
0.00287185
0.00167045
3.29118e-05
0.0222026
0.020383
0.0145532
0.0437669
0.0417419
0.0373467
0.0505803
0.0497019
0.0490653
0.0467987
0.047444
0.0483896
0.0421058
0.0437206
0.0445676
0.0386802
0.0409348
0.0415534
0.0362307
0.0389109
0.0393476
0.0107081
0.0092724
0.00488658
0.00836635
0.00819757
0.00470084
0.00131619
0.00218932
0.000526059
0.0342221
0.0321393
0.026373
0.030016
0.0274957
0.0224401
0.0187945
0.0173476
0.0125033
0.0491879
0.0475978
0.0451738
0.0456699
0.0430736
0.0401519
0.0394757
0.0365238
0.0322585
0.0492592
0.049183
0.049679
0.0488497
0.0483386
0.047819
0.0484911
0.0468374
0.0452851
0.0442791
0.0454822
0.0464525
0.046628
0.0478369
0.0481818
0.0479356
0.0484272
0.0485075
0.0402708
0.0422201
0.0429402
0.0442093
0.0462469
0.046627
0.0453453
0.04703
0.0474414
0.0373158
0.0398318
0.0403612
0.0423681
0.0449764
0.0452697
0.0432265
0.0455727
0.0458959
0.0354697
0.0381927
0.0385248
0.0409469
0.0437791
0.0440787
0.0416064
0.0443831
0.0446828
