FiniteElementSpace
FiniteElementCollection: H1_2D_P2
VDim: 2
Ordering: 0

0
1.1069
2.16658
3.0465
3.66341
4.01968
4.19701
4.29662
4.38291
0
0.870081
1.65413
2.30004
2.76422
3.0482
3.20292
3.29917
3.38696
0.549074
0.995332
0.444954
0
1.65159
1.92785
1.27556
2.6359
2.69806
1.99788
3.38993
3.23859
2.55602
3.87036
3.55171
2.92651
4.12398
3.70852
3.13724
4.2513
3.80006
3.25437
4.33942
3.88515
3.34252
0.499824
1.4758
2.33878
2.99877
3.42036
3.64367
3.75765
3.84159
0.270573
0.525831
0.249961
0
1.38191
1.56662
1.23827
1.05343
2.40785
2.49146
2.13918
2.05078
3.22693
3.19902
2.856
2.87679
3.77476
3.64952
3.33635
3.45556
4.0766
3.88652
3.60185
3.78921
4.22581
4.00549
3.73442
3.95457
4.31806
4.09058
3.82069
4.04876
0.828589
0.748661
0.933713
0.659673
0.472143
0.225903
0
1.91384
1.70621
1.79642
1.46871
1.37895
1.07568
2.84919
2.5254
2.50734
2.15451
2.1755
1.83082
3.53534
3.12623
3.00956
2.66606
2.78602
2.43398
3.95149
3.4917
3.30541
2.99199
3.18044
2.85084
4.16357
3.67873
3.45811
3.17241
3.39428
3.09624
4.2746
3.77926
3.55018
3.27722
3.50731
3.2299
4.36102
4.13403
3.863
3.63608
3.36458
3.5922
3.32081
0.260106
1.3127
2.27737
3.04609
3.55995
3.84234
3.9815
4.06959
0.790637
0.70418
0.239138
1.81327
1.59185
1.15911
2.69164
2.34778
1.99137
3.33544
2.90463
2.65355
3.72547
3.2481
3.10125
3.9234
3.42864
3.35367
4.02761
3.52912
3.48396
4.11201
3.61384
3.57106
0.132469
0.265435
0.128358
0
1.24496
1.34799
1.18362
1.0808
2.28882
2.34349
2.16555
2.1095
3.13895
3.13751
2.96347
2.96263
3.72118
3.66831
3.50968
3.56047
4.04946
3.96017
3.81701
3.90523
4.21189
4.10395
3.96848
4.07618
4.30736
4.19384
4.05918
4.17275
0.688838
0.810214
0.65842
0.537972
0.624431
0.726661
0.588351
0.486206
0.124894
0.244697
0.121117
0
1.78382
1.86433
1.69098
1.60984
1.59199
1.65001
1.48634
1.42815
1.11737
1.19926
1.04701
0.964904
2.74455
2.77137
2.59337
2.56459
2.43377
2.43823
2.26316
2.25865
2.03489
2.06664
1.89516
1.86332
3.4649
3.4364
3.2693
3.29548
3.0644
3.01722
2.84704
2.8942
2.77889
2.75656
2.58212
2.60442
3.91268
3.83933
3.68912
3.76085
3.45753
3.37128
3.21564
3.30192
3.28924
3.22044
3.05701
3.1258
4.14465
4.04398
3.90577
4.00585
3.66195
3.55441
3.41215
3.51986
3.57792
3.47881
3.33058
3.42978
4.26315
4.15123
4.01672
4.1286
3.76861
3.65442
3.51836
3.63281
3.72188
3.60963
3.47142
3.58389
4.35016
4.2365
4.10123
4.21498
3.85222
3.73844
3.60295
3.71694
3.81037
3.69597
3.56061
3.67527
0.409641
0.392968
0.513032
0.374955
0.25513
0
1.51758
1.44045
1.52195
1.35781
1.27611
1.02489
2.5237
2.38608
2.41627
2.24052
2.20934
1.99028
3.3107
3.12462
3.10023
2.92928
2.95236
2.78871
3.8245
3.60652
3.53611
3.38001
3.4494
3.34837
4.10138
3.86545
3.76584
3.6237
3.72296
3.67144
4.23888
3.99379
3.88186
3.74631
3.85835
3.83205
4.32871
4.08004
3.96612
3.83109
3.94522
3.92455
0.968052
0.922362
0.872357
0.770039
0.819368
0.902066
0.765413
0.681772
0.552845
0.458217
0.355764
0.335927
0.232697
0.115196
0
2.04158
1.93328
1.81822
1.76059
1.69524
1.72684
1.56241
1.53151
1.373
1.32814
1.2698
1.17636
1.11792
0.97351
2.94999
2.78616
2.61352
2.60975
2.42917
2.40613
2.22863
2.25344
2.07748
2.08879
2.08484
1.91555
1.91295
1.74357
3.60158
3.39752
3.18427
3.23216
2.95877
2.88925
2.71655
2.78782
2.61248
2.67355
2.72149
2.49644
2.54628
2.36842
3.98713
3.75877
3.52303
3.60967
3.27797
3.17831
3.02117
3.1218
2.96044
3.05547
3.14234
2.88997
2.97825
2.8089
4.18095
3.9396
3.69419
3.80168
3.44391
3.33112
3.18816
3.30132
3.15547
3.26678
3.37484
3.11753
3.22621
3.07316
4.28571
4.03826
3.78972
3.90364
3.53971
3.42479
3.28826
3.40337
3.26594
3.38115
3.49588
3.24238
3.35737
3.21678
4.37193
4.25844
4.12295
4.00961
3.87398
3.98752
3.76064
3.62488
3.5115
3.37573
3.48921
3.35349
3.46738
3.58158
3.33162
3.44599
3.30999
0.130137
1.21495
2.22803
3.05219
3.6164
3.93397
4.09053
4.18331
0.674196
0.606602
0.123124
1.73815
1.54005
1.08266
2.66988
2.35004
1.9663
3.3681
2.95752
2.68227
3.80178
3.33803
3.17481
4.02576
3.53786
3.45538
4.1401
3.64376
3.59715
4.22568
3.72762
3.68562
0.401717
0.384072
0.126682
1.47972
1.39981
1.15106
2.45577
2.3144
2.10123
3.21866
3.02828
2.87248
3.71644
3.49448
3.40073
3.98406
3.74538
3.69838
4.11659
3.87039
3.84563
4.20438
3.95563
3.93488
0.945826
0.897814
0.641736
0.846164
0.79239
0.57032
0.365599
0.345594
0.118878
1.98823
1.87666
1.64228
1.75782
1.63023
1.43074
1.31448
1.22379
1.01061
2.86903
2.70109
2.51476
2.52303
2.33129
2.17254
2.16412
2.00219
1.82109
3.50054
3.2922
3.16818
3.07328
2.8401
2.73228
2.82719
2.61151
2.47776
3.87377
3.64193
3.57445
3.4018
3.1512
3.08992
3.26276
3.01826
2.93525
4.06072
3.81746
3.78454
3.5697
3.31674
3.28472
3.50024
3.24732
3.20325
4.16208
3.91416
3.89291
3.6649
3.41414
3.3924
3.62148
3.36951
3.34462
4.24742
3.99847
3.97675
3.74945
3.5003
3.47823
3.70641
3.45664
3.43539
0
0.122569
0.550127
1.28457
2.23169
3.2689
4.3076
5.3208
6.31869
1
1.09631
1.40856
1.94972
2.67273
3.51993
4.44509
5.41643
6.40881
0.0321675
0.578337
1.03113
0.5
0.294814
0.949749
1.22207
0.883491
1.5956
1.65288
1.7393
2.44082
2.29217
2.74599
3.39035
3.08411
3.79108
4.37522
3.97499
4.81716
5.3682
4.92667
5.82055
6.36347
5.91137
0.50216
0.727103
1.24203
1.99934
2.90789
3.88089
4.87127
5.86566
0.0157231
0.261311
0.489502
0.25
0.198238
0.504859
0.643412
0.344328
0.707591
1.05732
1.08763
0.744073
1.50621
1.86499
1.79197
1.43518
2.48701
2.82367
2.67185
2.33247
3.53049
3.8336
3.63494
3.3268
4.56322
4.84278
4.6231
4.33948
5.57102
5.8426
5.61687
5.34356
0.0674528
0.531557
0.827481
1.05633
0.758126
1.01947
0.75
0.412259
0.829346
1.1698
1.30784
0.964552
1.15153
1.07638
1.4118
1.76661
1.79514
1.4395
1.52378
1.9818
2.21615
2.55494
2.47816
2.14185
2.11571
3.00706
3.14773
3.45609
3.29932
2.99585
2.87499
4.0502
4.12775
4.41159
4.20839
3.92937
3.74534
5.06961
5.11965
5.39306
5.17072
4.90012
4.68466
6.06966
6.34084
6.11453
6.38625
6.15993
5.88887
5.66343
0.246609
0.414688
0.891934
1.64447
2.57591
3.58011
4.59148
5.59324
0.29343
0.784571
0.746288
0.614794
1.0588
0.887415
1.2389
1.59642
1.29697
2.09493
2.34431
1.94885
3.07435
3.224
2.7725
4.08682
4.16955
3.6914
5.09344
5.14614
4.65519
6.09174
6.13745
5.6407
0.010005
0.129953
0.246223
0.125
0.157704
0.30507
0.377035
0.232054
0.626377
0.798448
0.815732
0.645755
1.39377
1.57418
1.5383
1.35868
2.35876
2.53044
2.45356
2.28103
3.39978
3.55444
3.4534
3.29694
4.43563
4.57675
4.46557
4.32287
5.44602
5.58187
5.46844
5.33184
0.0473151
0.179052
0.275078
0.145466
0.514761
0.656016
0.769378
0.628099
0.491558
0.615998
0.74618
0.625
0.350842
0.512158
0.557364
0.398452
0.775938
0.941974
1.00958
0.843684
0.60857
0.763263
0.855331
0.700794
0.977829
1.1564
1.14617
0.969124
1.32509
1.50252
1.51625
1.33901
1.01657
1.1904
1.23143
1.05776
1.85946
2.03728
1.97889
1.80102
2.10667
2.27942
2.24199
2.06959
1.69232
1.8692
1.85632
1.6797
2.87634
3.03976
2.94872
2.78385
3.0274
3.18571
3.10939
2.95158
2.55563
2.72173
2.66293
2.49726
3.92085
4.06776
3.96026
3.81153
4.00423
4.14876
4.04921
3.90521
3.51244
3.66319
3.57338
3.42316
4.94356
5.0811
4.96819
4.82946
4.99544
5.133
5.023
4.88581
4.49912
4.63927
4.53321
4.39353
5.94514
6.08059
5.96719
5.8314
5.99008
6.12601
6.01312
5.8773
5.49252
5.62884
5.5168
5.38071
0.0215757
0.251891
0.380054
0.49376
0.366451
0.375
0.243801
0.457281
0.614301
0.682941
0.52736
0.459649
0.793229
0.972503
1.14822
1.16284
0.988243
0.84531
1.62139
1.75343
1.93111
1.89438
1.71706
1.51413
2.61613
2.69934
2.86512
2.78933
2.62313
2.3858
3.66095
3.70687
3.85686
3.75778
3.60708
3.35806
4.6904
4.71722
4.85682
4.74716
4.60705
4.35706
5.69586
5.71795
5.85405
5.74125
5.60495
5.35574
0.0923859
0.316474
0.552706
0.410823
0.80395
0.959051
1.0745
0.91778
1.042
0.892411
0.750578
1.02372
0.88107
1.01333
0.875
0.478582
0.677047
0.887329
0.72042
1.11226
1.28647
1.35644
1.18047
1.26315
1.0904
0.923862
1.18497
1.01656
1.12209
1.1786
1.3353
1.50205
1.32399
1.67995
1.8565
1.87101
1.6938
1.72249
1.54393
1.3664
1.58671
1.40786
1.46447
2.10591
2.21286
2.3276
2.15459
2.44869
2.6135
2.57445
2.41058
2.38407
2.21603
2.0441
2.20274
2.03095
2.0314
3.13795
3.20042
3.26874
3.11046
3.3396
3.48851
3.40899
3.26203
3.19101
3.04016
2.88352
2.97876
2.82369
2.77297
4.17912
4.21323
4.25142
4.10695
4.29036
4.42893
4.32636
4.18959
4.09125
3.9528
3.81008
3.85967
3.71895
3.63207
5.19535
5.21856
5.24391
5.10638
5.2695
5.40504
5.29339
5.15881
5.04846
4.91385
4.7775
4.80538
4.67045
4.56455
6.19417
6.32968
6.21628
6.3521
6.23899
6.10307
6.37487
6.26184
6.39759
6.28435
6.14878
6.03559
5.90027
5.76473
5.7873
5.65228
5.53979
0.126885
0.26599
0.719739
1.46486
2.40513
3.4257
4.44996
5.45693
0.159866
0.640026
0.617612
0.452742
0.890633
0.729812
1.06075
1.419
1.12204
1.91808
2.17343
1.77301
2.91157
3.06818
2.60875
3.93978
4.02682
3.5429
4.9554
5.00933
4.51629
5.95602
6.00163
5.50473
0.135569
0.371135
0.367796
0.349167
0.568428
0.491117
0.881583
1.06618
0.914584
1.68628
1.8228
1.6141
2.65674
2.74363
2.5038
3.68307
3.73191
3.48244
4.70325
4.73196
4.48208
5.70669
5.72951
5.48036
0.203053
0.432915
0.393246
0.676242
0.936447
0.903212
0.620116
0.88522
0.87778
0.576472
0.780563
0.664988
0.997735
1.23156
1.13347
0.801248
1.05148
0.985806
1.25574
1.41736
1.23422
1.5895
1.77365
1.61723
1.26279
1.47415
1.34532
2.15832
2.26933
2.04178
2.38744
2.51108
2.31221
1.96814
2.12225
1.94235
3.16826
3.23404
2.98744
3.30407
3.37474
3.15048
2.83606
2.93121
2.71776
4.19546
4.23202
3.98189
4.27101
4.30896
4.07085
3.78399
3.83548
3.60328
5.20657
5.23108
4.98163
5.25679
5.28178
5.03615
4.76245
4.79193
4.54944
6.20513
6.22758
5.97857
6.25044
6.27317
6.02447
5.75304
5.77619
5.52855
