FiniteElementSpace
FiniteElementCollection: H1_2D_P2
VDim: 2
Ordering: 0

0
1.16063
2.17104
2.95574
3.5049
3.85166
4.06371
4.21444
4.35582
0
0.821551
1.56007
2.16033
2.5993
2.89202
3.08313
3.22723
3.36614
0.587558
1.00445
0.418398
0
1.69181
1.88549
1.2051
2.59318
2.5796
1.87984
3.25872
3.07109
2.39989
3.69988
3.38496
2.76166
3.96968
3.57985
2.99682
4.14278
3.72239
3.1579
4.28429
3.86096
3.29571
0.509525
1.4659
2.25779
2.8501
3.24711
3.49294
3.65398
3.79035
0.290841
0.547867
0.254226
0
1.43226
1.58137
1.23998
1.08401
2.38946
2.4292
2.0778
2.03152
3.11457
3.05831
2.72122
2.7716
3.60834
3.47673
3.16434
3.29166
3.91427
3.73332
3.44213
3.62097
4.1046
3.8991
3.61803
3.82311
4.24932
4.03733
3.75617
3.96867
0.878292
0.760452
0.918658
0.62186
0.468485
0.21196
0
1.93831
1.68132
1.72976
1.38663
1.34203
1.01638
2.78196
2.42512
2.37704
2.02515
2.07598
1.72466
3.38863
2.96656
2.84118
2.50447
2.63168
2.28523
3.7806
3.32031
3.14242
2.83046
3.00941
2.68484
4.0191
3.53849
3.33332
3.04184
3.24771
2.94718
4.17914
3.68852
3.47524
3.19291
3.40697
3.12155
4.31971
4.10839
3.82524
3.61353
3.33057
3.5431
3.26135
0.269487
1.33815
2.23715
2.92184
3.38981
3.68054
3.86233
4.00285
0.820145
0.696106
0.238123
1.81273
1.54077
1.13435
2.6074
2.23229
1.90834
3.1814
2.74189
2.51015
3.55342
3.07987
2.93012
3.78046
3.29248
3.19803
3.9343
3.44142
3.3712
4.07246
3.57788
3.50899
0.14046
0.279128
0.131565
0
1.29792
1.38554
1.21238
1.12253
2.28212
2.31402
2.13601
2.10192
3.03706
3.01905
2.84846
2.86451
3.5582
3.49984
3.3422
3.39908
3.88395
3.79793
3.65168
3.73691
4.08455
3.98368
3.84309
3.9437
4.23189
4.12608
3.98575
4.09158
0.733762
0.849289
0.684985
0.567508
0.635739
0.729141
0.582754
0.489778
0.126361
0.246627
0.120619
0
1.81679
1.87608
1.69859
1.63704
1.57497
1.61242
1.44256
1.40526
1.12335
1.18834
1.02743
0.962585
2.6895
2.69549
2.52005
2.51196
2.34304
2.33022
2.15556
2.16839
1.98315
1.99455
1.82037
1.80906
3.32546
3.28584
3.1215
3.15936
2.90985
2.85561
2.68817
2.74233
2.65201
2.61717
2.44504
2.47984
3.74154
3.66767
3.51629
3.58902
3.28484
3.2011
3.04568
3.12938
3.11908
3.04845
2.88689
2.95745
3.99507
3.90015
3.75752
3.85195
3.51631
3.41603
3.27065
3.37098
3.41441
3.32086
3.17103
3.26458
4.16113
4.0568
3.91685
4.02108
3.67138
3.56515
3.42431
3.53072
3.59928
3.49495
3.35258
3.45702
4.30191
4.19605
4.0548
4.16078
3.8077
3.70158
3.56039
3.66676
3.73926
3.63265
3.49209
3.59893
0.440108
0.409109
0.528668
0.382132
0.26184
0
1.56366
1.46119
1.52444
1.3542
1.28975
1.04475
2.49322
2.3349
2.34459
2.16935
2.15852
1.95949
3.18851
2.99178
2.95531
2.78723
2.82265
2.67673
3.65556
3.43462
3.36282
3.20698
3.27805
3.1824
3.94281
3.70771
3.61368
3.46827
3.56199
3.5037
4.12397
3.88097
3.77675
3.63623
3.74047
3.70185
4.26676
4.02003
3.91387
3.77319
3.87956
3.84562
1.02075
0.953209
0.883424
0.790596
0.808146
0.871895
0.722188
0.660621
0.520523
0.44487
0.353605
0.315415
0.226846
0.108802
0
2.05649
1.92374
1.78484
1.74793
1.63651
1.64697
1.47436
1.46572
1.29677
1.27553
1.23924
1.11152
1.07726
0.919605
2.87078
2.69126
2.50397
2.51738
2.30611
2.27072
2.09397
2.13079
1.9537
1.97998
1.99354
1.8034
1.81857
1.64345
3.44846
3.2381
3.02028
3.07506
2.79286
2.72192
2.55305
2.62498
2.45339
2.51768
2.57233
2.34379
2.39966
2.22402
3.81728
3.58827
3.35364
3.43769
3.11207
3.01829
2.86208
2.9564
2.797
2.88693
2.97091
2.72428
2.80902
2.64317
4.04194
3.80228
3.55963
3.65994
3.31333
3.2087
3.06288
3.16777
3.01984
3.12302
3.22355
2.97262
3.07351
2.92034
4.19687
3.95155
3.7055
3.81156
3.45837
3.35133
3.21011
3.31733
3.17552
3.28269
3.38929
3.13992
3.24673
3.10263
4.33765
4.23211
4.09033
3.98467
3.843
3.94886
3.73724
3.59559
3.48982
3.34824
3.45419
3.31305
3.4194
3.52598
3.27847
3.38521
3.24427
0.134686
1.25542
2.20974
2.9436
3.45098
3.76838
3.96407
4.10883
0.709331
0.610046
0.123823
1.75819
1.5101
1.0765
2.60556
2.25082
1.90323
3.22432
2.80043
2.55003
3.6296
3.16633
3.00426
3.8767
3.39408
3.29355
4.0391
3.54806
3.47632
4.17832
3.68407
3.61577
0.424153
0.395488
0.12897
1.51281
1.40844
1.16847
2.4148
2.2532
2.0606
3.09099
2.89062
2.75136
3.54583
3.32173
3.23164
3.82574
3.58859
3.53374
4.00264
3.75885
3.72151
4.14337
3.89665
3.86258
0.987115
0.918737
0.660513
0.846732
0.766894
0.553173
0.368582
0.335914
0.116803
1.99071
1.85524
1.63764
1.71209
1.55748
1.37167
1.29796
1.17732
0.975373
2.78184
2.59873
2.43265
2.40656
2.2021
2.05671
2.08295
1.90056
1.73399
3.34409
3.13024
3.01677
2.90792
2.6747
2.57263
2.68125
2.46001
2.33654
3.7034
3.47173
3.40143
3.23381
2.98823
2.92266
3.09012
2.84907
2.76665
3.92244
3.68137
3.63742
3.43697
3.18865
3.14592
3.34662
3.09892
3.04667
4.07426
3.82864
3.79429
3.58208
3.33437
3.30013
3.51306
3.26492
3.22802
4.21398
3.96667
3.93127
3.7193
3.47189
3.4367
3.64964
3.40224
3.36825
0
0.256026
0.838114
1.66555
2.63486
3.66046
4.68731
5.69541
6.68778
1
1.17907
1.61289
2.25424
3.04084
3.92266
4.86431
5.84105
6.83149
0.0943515
0.68326
1.06239
0.5
0.509234
1.20136
1.36579
1.22799
1.94472
1.91175
2.13835
2.82998
2.63285
3.14494
3.78843
3.47239
4.17571
4.77493
4.38771
5.19388
5.76823
5.34964
6.19282
6.75986
6.33589
0.538328
0.908423
1.55037
2.37435
3.30352
4.27995
5.27142
6.26456
0.0515108
0.308899
0.500586
0.25
0.372186
0.702494
0.786592
0.462599
1.02628
1.38445
1.36954
1.01421
1.89829
2.25295
2.15572
1.80112
2.88876
3.22178
3.06497
2.72954
3.91838
4.22609
4.0336
3.72237
4.94125
5.23162
5.02307
4.72973
5.94454
6.22849
6.0165
5.73119
0.162823
0.600052
0.920779
1.11131
0.788103
1.03397
0.75
0.665171
1.04718
1.40047
1.48234
1.12872
1.26432
1.4416
1.74252
2.09591
2.07803
1.72599
1.75638
2.38432
2.59945
2.93444
2.83355
2.50141
2.43947
3.40243
3.5449
3.85614
3.69545
3.38792
3.25399
4.43209
4.52715
4.82061
4.62475
4.33475
4.15355
5.44523
5.51984
5.80529
5.59475
5.31141
5.10605
6.44047
6.72396
6.51236
6.79566
6.58379
6.30055
6.0882
0.266741
0.572676
1.19279
2.02331
2.97421
3.97408
4.98095
5.9801
0.374116
0.844185
0.753841
0.850242
1.25726
1.01611
1.5877
1.90596
1.55711
2.48876
2.71495
2.29473
3.47141
3.6205
3.15901
4.47806
4.57694
4.09437
5.4817
5.55807
5.06552
6.47643
6.5482
6.05285
0.0315538
0.157167
0.255717
0.125
0.311267
0.470857
0.515044
0.357683
0.930343
1.10828
1.10177
0.924824
1.78088
1.95983
1.9112
1.7323
2.76145
2.9307
2.85145
2.68138
3.78946
3.9456
3.84816
3.69075
4.81445
4.96067
4.8554
4.70803
5.8201
5.96217
5.85571
5.71306
0.125288
0.2668
0.338512
0.2001
0.566432
0.719592
0.813517
0.660398
0.495154
0.624555
0.747681
0.625
0.584886
0.756285
0.774228
0.604362
0.975788
1.15047
1.1911
1.01664
0.732524
0.899228
0.966227
0.799698
1.33336
1.51355
1.48471
1.30504
1.64512
1.82316
1.81467
1.63694
1.28379
1.46192
1.4772
1.29934
2.26066
2.43567
2.37016
2.19473
2.48616
2.65669
2.60739
2.43724
2.0492
2.22445
2.19428
2.01938
3.27356
3.43621
3.34639
3.18261
3.4239
3.58259
3.50379
3.34553
2.94698
3.11171
3.04614
2.88182
4.30403
4.45453
4.3521
4.20031
4.40347
4.55211
4.45564
4.3074
3.91084
4.06399
3.97496
3.82224
5.31971
5.46316
5.35673
5.21238
5.39563
5.53905
5.43466
5.29151
4.89897
5.04439
4.94293
4.79786
6.31671
6.45845
6.35251
6.21058
6.3885
6.5303
6.42439
6.2826
5.89238
6.03474
5.92904
5.78684
0.0695786
0.284958
0.42141
0.516304
0.381397
0.375
0.43814
0.635224
0.80378
0.845306
0.677835
0.571015
1.1255
1.28707
1.46621
1.45846
1.27985
1.10635
2.01747
2.13728
2.31286
2.26416
2.08864
1.87194
3.01662
3.09769
3.26217
3.18385
3.01904
2.77914
4.04714
4.10008
4.25274
4.15665
4.00352
3.75503
5.06773
5.10635
5.25138
5.14723
5.00183
4.75212
6.06878
6.10436
6.24651
6.14056
5.99825
5.74963
0.206311
0.415533
0.63905
0.485055
0.880074
1.04702
1.14304
0.974491
1.08458
0.921891
0.768306
1.0456
0.890332
1.02109
0.875
0.749563
0.930295
1.12243
0.947153
1.32713
1.5049
1.54601
1.36778
1.42234
1.24497
1.07037
1.3132
1.13764
1.2197
1.55234
1.69322
1.84245
1.66402
1.99977
2.17419
2.16499
1.9909
1.99364
1.81756
1.64011
1.8327
1.6552
1.68315
2.50908
2.6086
2.71411
2.5434
2.82401
2.98752
2.93643
2.77397
2.73235
2.56666
2.39716
2.53522
2.36643
2.34581
3.53142
3.59676
3.66643
3.50773
3.73797
3.88973
3.80857
3.65823
3.58338
3.43032
3.27297
3.36258
3.20654
3.14673
4.55986
4.60394
4.65098
4.50236
4.6986
4.84287
4.74424
4.60126
4.5059
4.36164
4.21432
4.27025
4.12434
4.03768
5.57046
5.60652
5.64405
5.50066
5.68162
5.82341
5.71777
5.57671
5.47203
5.33087
5.18836
5.22764
5.08617
4.98493
6.56414
6.70592
6.60025
6.74191
6.63614
6.49439
6.77778
6.67195
6.81357
6.7077
6.56604
6.45984
6.31834
6.17669
6.21201
6.07071
5.96454
0.141109
0.411567
1.01477
1.84504
2.80565
3.81817
4.83446
5.83771
0.2303
0.687303
0.619618
0.678106
1.0816
0.847151
1.4079
1.72873
1.37901
2.31452
2.5462
2.12089
3.30925
3.4637
2.99622
4.3275
4.42961
3.94288
5.33788
5.41524
4.92104
6.33458
6.40648
5.91078
0.175728
0.398311
0.373858
0.535156
0.738529
0.62193
1.20508
1.37152
1.19141
2.07643
2.19989
1.97927
3.05639
3.14025
2.89863
4.073
4.12806
3.87915
5.08664
5.12663
4.87699
6.08645
6.12242
5.87398
0.30929
0.525324
0.450363
0.757136
1.00846
0.945684
0.639403
0.903567
0.880519
0.838559
1.02487
0.873393
1.22312
1.43466
1.30455
0.955807
1.18933
1.09021
1.62172
1.7668
1.56377
1.9201
2.08139
1.90294
1.54796
1.73496
1.5785
2.55799
2.66069
2.42742
2.76861
2.88003
2.66949
2.32995
2.46562
2.26927
3.5634
3.6312
3.38469
3.70212
3.77357
3.5438
3.22818
3.31788
3.0964
4.58138
4.62723
4.37752
4.67487
4.72183
4.48118
4.18551
4.24268
4.00668
5.58822
5.62519
5.37605
5.66292
5.69997
5.45367
5.16789
5.20836
4.96432
6.58223
6.6182
6.37049
6.65407
6.68984
6.4422
6.15868
6.1945
5.947
