FiniteElementSpace
FiniteElementCollection: H1_2D_P2
VDim: 2
Ordering: 0

0
-0.0053583
-0.00117788
0.00589631
0.00885384
0.011742
0.0222049
0.0408101
0.0620087
0
0.00530509
0.00828295
0.0097133
0.0101813
0.0135176
0.0241023
0.0421311
0.0629847
-0.00375515
-0.000554805
0.00310163
0
-0.00428954
0.00336388
0.00696741
0.00265228
0.00805096
0.00921628
0.0078871
0.00943555
0.00990217
0.00974261
0.0119368
0.0111647
0.0157778
0.0223742
0.0177581
0.0307745
0.0411288
0.0323947
0.0514714
0.0624775
0.0525748
-0.000590965
0.000881047
0.00603356
0.00906995
0.0100387
0.0159443
0.0309906
0.0519049
-0.00199516
-0.00190126
-0.000249332
0
-0.00514263
-0.00160564
-7.35851e-06
-0.00280066
0.000737868
0.00436115
0.00473472
0.00114697
0.00705494
0.00843276
0.00867976
0.00696031
0.00923291
0.00976756
0.00964008
0.00906221
0.0134681
0.015672
0.013644
0.0116773
0.0262571
0.0307193
0.0264428
0.0220975
0.0461142
0.0516494
0.0464941
0.0408637
-0.00488333
-0.00073678
0.00190404
0.00429358
0.000809105
0.00164723
0
-0.00291449
0.00203935
0.00567024
0.00766749
0.00356356
0.00618469
0.00440943
0.00716103
0.00905222
0.00951731
0.00767812
0.00880308
0.00845143
0.00928777
0.00985721
0.00999557
0.00964616
0.00982773
0.0105345
0.0107652
0.0125199
0.012132
0.010505
0.0105422
0.0186952
0.0188592
0.0230256
0.020668
0.0166061
0.01538
0.035661
0.0359224
0.0415685
0.037125
0.0315532
0.0280292
0.0567921
0.0622357
0.05726
0.0627392
0.0578193
0.0522323
0.0473145
-0.000784929
-0.00244971
0.00277155
0.0078382
0.00933397
0.0133782
0.0261682
0.0462326
-0.00261597
0.00130904
0.000316858
-0.000362633
0.00459016
0.00265534
0.00578749
0.00846586
0.00672538
0.0088061
0.00975513
0.00943447
0.0105065
0.0112889
0.0100667
0.0185829
0.0195274
0.014276
0.0356544
0.0364247
0.0270571
0.0570117
0.0575445
0.0468743
-0.000825488
-0.00125619
-0.000274332
0
-0.00533637
-0.00373894
-0.0026911
-0.00401206
-0.000228259
0.00177068
0.00195448
1.02459e-05
0.00652166
0.00743299
0.00743674
0.00642064
0.00903527
0.00925218
0.00918692
0.00893072
0.0125298
0.0133767
0.0124564
0.0116667
0.0241646
0.0261641
0.0240676
0.0221005
0.0434505
0.0461551
0.0435354
0.0408085
-0.00439352
-0.0036715
-0.00232332
-0.00273194
-0.000699603
0.000225579
0.0010546
5.35811e-05
-8.33428e-05
2.98954e-06
0.000129192
0
-0.00365776
-0.00160251
-0.00102666
-0.00290089
0.001432
0.00327694
0.00406537
0.00217172
-0.000326536
0.00126461
0.0022592
0.000611874
0.00356279
0.00509766
0.0051015
0.00351381
0.00662285
0.007829
0.00809437
0.00686124
0.00405044
0.00572211
0.00620508
0.00449411
0.00819864
0.00860559
0.00864141
0.00814126
0.00919442
0.00953313
0.00970776
0.00937723
0.0083969
0.00907976
0.00926657
0.00857306
0.0100901
0.0104814
0.0100901
0.00971988
0.0103539
0.0109925
0.0108483
0.0102486
0.00952249
0.00984251
0.00994162
0.00964761
0.0171559
0.0185883
0.0170502
0.0156757
0.0173259
0.0191413
0.0179942
0.0162227
0.01272
0.0139103
0.01333
0.0121847
0.0331774
0.0356204
0.0331458
0.0307029
0.0334153
0.0361464
0.0339482
0.0312366
0.024344
0.0267073
0.024979
0.0226514
0.0541436
0.0569021
0.0543429
0.0515525
0.0545945
0.0573995
0.0548989
0.052062
0.0437986
0.0466722
0.0442078
0.0413296
-0.00297217
-0.00137041
-0.00121643
-0.000429232
-0.000503666
0
-0.00479055
-0.0020848
-0.000358981
0.000397545
-0.00122246
-0.00166642
0.00170926
0.00357948
0.00520048
0.00539913
0.00375584
0.00225766
0.00751224
0.00816818
0.00874768
0.00890092
0.00825876
0.00750761
0.00945868
0.00952105
0.00987615
0.00980708
0.00946666
0.00923487
0.0145423
0.0144484
0.0157617
0.0147188
0.0134675
0.0117679
0.0284615
0.0283896
0.0308168
0.0286628
0.0262623
0.0221895
0.0487939
0.0489416
0.0517667
0.0492002
0.0463464
0.0409719
-0.0052094
-0.00277588
-0.000690902
-0.00165654
0.00158926
0.00343603
0.00482014
0.00263044
0.00372355
0.00179715
0.000560979
0.00241893
0.000831536
0.000742126
0
-0.00207881
0.000367953
0.00268761
0.000840606
0.00512769
0.00692715
0.00798676
0.00603953
0.00732853
0.00514046
0.00309149
0.00658808
0.00426749
0.00576007
0.00519579
0.00640952
0.00763734
0.00647727
0.00878401
0.00944775
0.00962617
0.00904169
0.00937963
0.0084715
0.00721784
0.00902288
0.00775414
0.00855555
0.00866482
0.00894089
0.00936289
0.0090386
0.00980038
0.0100401
0.0100725
0.00991891
0.00994216
0.00983447
0.00955742
0.009866
0.00969925
0.00977748
0.011074
0.0110307
0.0112899
0.0106024
0.0118445
0.0129554
0.0127706
0.0116617
0.0116025
0.0108065
0.0102508
0.0108173
0.0103003
0.0103358
0.0203745
0.020267
0.0205447
0.0186736
0.0212074
0.0235046
0.0223213
0.0200295
0.0191473
0.0171095
0.0153688
0.0165044
0.0147567
0.0143882
0.0382098
0.0382321
0.0384984
0.0357567
0.0389692
0.0418386
0.0395993
0.0367523
0.034719
0.0319389
0.0292525
0.0301608
0.0274953
0.0260068
0.0594195
0.062122
0.0596441
0.0623528
0.0598896
0.0571302
0.0626079
0.0601593
0.0628674
0.0604162
0.0576889
0.0552057
0.0524079
0.0495529
0.049942
0.0470924
0.0447071
-0.000423402
-0.00395139
0.000883368
0.00696793
0.00908205
0.0124493
0.0240668
0.0434694
-0.00327273
0.000119261
2.50106e-06
-0.00230107
0.00270406
0.000904497
0.00433454
0.00736952
0.00511237
0.00839883
0.00946694
0.00885436
0.0100536
0.010572
0.00972734
0.0170538
0.0176074
0.012978
0.0331209
0.0336506
0.0246157
0.0542393
0.0547421
0.0439878
-0.00206214
-0.000871587
-0.000171056
-0.00338578
-0.000839209
-0.00150049
0.00265521
0.00449211
0.00300479
0.00782359
0.00853266
0.00791772
0.00945711
0.0096405
0.00933763
0.0144483
0.0145385
0.0125469
0.0283794
0.0284854
0.0241609
0.0488544
0.0490573
0.0436464
-0.00392006
-0.00171832
-0.00148653
0.000386902
0.00303318
0.00222304
1.75193e-05
0.0013415
0.000302018
-0.000824965
0.00152984
0.00020523
0.00387708
0.00648734
0.00558869
0.00168889
0.00469945
0.00384725
0.00579768
0.0070259
0.00586518
0.00822972
0.00926401
0.00877533
0.00630748
0.00812815
0.00735065
0.0087776
0.00914082
0.008912
0.00958837
0.00996913
0.00987778
0.00925061
0.00977717
0.00959
0.0110121
0.0111241
0.0101919
0.0115278
0.0122506
0.0111861
0.0100118
0.0105173
0.010147
0.0202705
0.0203588
0.017141
0.0208255
0.0217002
0.0184998
0.0149923
0.015864
0.0137909
0.038188
0.0383372
0.0332455
0.0387108
0.0392676
0.034305
0.0289186
0.0296653
0.0254392
0.0595319
0.0597626
0.0544608
0.0600231
0.0602935
0.0550579
0.0493674
0.0497486
0.044451
0
-0.0124901
-0.02685
-0.0333391
-0.0347384
-0.0383237
-0.0441044
-0.0480353
-0.0493404
0
-0.00936509
-0.0216037
-0.0293458
-0.0317099
-0.031205
-0.0296213
-0.0283514
-0.0287243
-0.00563603
-0.0104932
-0.00387234
0
-0.0202303
-0.0248198
-0.0157136
-0.0312134
-0.0318244
-0.0262402
-0.034122
-0.0332287
-0.0310541
-0.036057
-0.0347371
-0.0316728
-0.0412087
-0.037004
-0.030473
-0.0464671
-0.0382807
-0.0288383
-0.0488786
-0.0390416
-0.028331
-0.00351506
-0.0181883
-0.0293833
-0.0328042
-0.0337915
-0.0359118
-0.0377953
-0.038628
-0.0031703
-0.00438486
-0.00101085
0
-0.0163873
-0.0192106
-0.0143754
-0.011408
-0.0293386
-0.0304069
-0.0273847
-0.0259006
-0.0338237
-0.0335977
-0.03244
-0.0327125
-0.0352788
-0.035026
-0.0334663
-0.0341073
-0.0397247
-0.0385948
-0.0353149
-0.036602
-0.0453767
-0.0420854
-0.0374428
-0.0405473
-0.0485318
-0.0437007
-0.0384578
-0.0430906
-0.0088176
-0.00678817
-0.0097982
-0.00641108
-0.0032692
-0.00201077
0
-0.0237782
-0.0217222
-0.0234884
-0.0187781
-0.0170899
-0.0125264
-0.0325144
-0.0308397
-0.0307111
-0.0279835
-0.0280698
-0.0241075
-0.034384
-0.0330333
-0.0323271
-0.0314896
-0.0318945
-0.0303555
-0.0370817
-0.034219
-0.0328794
-0.0314807
-0.0325753
-0.0317588
-0.0426941
-0.0364863
-0.0334009
-0.0300518
-0.0331989
-0.0308635
-0.0473535
-0.0380685
-0.0334282
-0.0285442
-0.033442
-0.0292072
-0.0491258
-0.0441864
-0.0388164
-0.0338835
-0.0284953
-0.0335376
-0.0282784
-0.00170891
-0.0153425
-0.0284514
-0.0332667
-0.0344865
-0.0375736
-0.0413823
-0.0434291
-0.00766851
-0.00631014
-0.000946608
-0.0227864
-0.0204776
-0.0134674
-0.0317992
-0.029613
-0.0260318
-0.0338395
-0.0321626
-0.0314412
-0.035738
-0.0327182
-0.0324511
-0.0396043
-0.0333209
-0.0330459
-0.042651
-0.0334309
-0.0334381
-0.0439426
-0.0336796
-0.0334574
-0.00188654
-0.00234952
-0.000741214
0
-0.0144289
-0.0158551
-0.0133673
-0.0119309
-0.028178
-0.0289144
-0.0272502
-0.026388
-0.0336184
-0.0335854
-0.0330262
-0.0330621
-0.0349803
-0.0349238
-0.0342789
-0.0344661
-0.0390078
-0.0386684
-0.0370777
-0.0374893
-0.0447609
-0.0433659
-0.0409803
-0.0423203
-0.0483045
-0.0459536
-0.0432705
-0.045535
-0.00714661
-0.00821578
-0.00595394
-0.00498142
-0.00508181
-0.00648954
-0.00471876
-0.00330093
-0.000290537
-0.000888682
-0.000269477
0
-0.0220591
-0.0232879
-0.0210471
-0.0197187
-0.0200002
-0.0211334
-0.0188218
-0.0176563
-0.0124277
-0.0139167
-0.0116253
-0.010115
-0.0319371
-0.0321882
-0.0311694
-0.0308359
-0.0301744
-0.0302649
-0.028899
-0.0287718
-0.0261708
-0.0267555
-0.02482
-0.0241976
-0.03425
-0.0341555
-0.0337219
-0.0339025
-0.0329284
-0.0325934
-0.0320458
-0.0323548
-0.0321703
-0.0319576
-0.0311153
-0.0312963
-0.0365382
-0.0364425
-0.0353609
-0.0355791
-0.0339929
-0.0334534
-0.0326444
-0.0331661
-0.0333387
-0.0329424
-0.0323912
-0.0327659
-0.0419558
-0.0411521
-0.0391047
-0.039913
-0.0362044
-0.034911
-0.0332648
-0.0345568
-0.0350212
-0.0341755
-0.0329635
-0.0337975
-0.0469362
-0.0449767
-0.0423851
-0.0442558
-0.037941
-0.035767
-0.033437
-0.0356361
-0.0372342
-0.0354563
-0.0334246
-0.0352148
-0.0490107
-0.046522
-0.0438232
-0.0462681
-0.0387187
-0.0362533
-0.0336006
-0.0360914
-0.038372
-0.0359701
-0.0334376
-0.03587
-0.00429186
-0.00296037
-0.00388576
-0.00214766
-0.00128444
0
-0.0183347
-0.0172999
-0.0187025
-0.0163039
-0.0148494
-0.0109265
-0.0303588
-0.0295032
-0.0299246
-0.028453
-0.0279445
-0.0253813
-0.033989
-0.0334515
-0.0332258
-0.0326454
-0.032881
-0.0322981
-0.0356354
-0.0347345
-0.0344219
-0.0336165
-0.0339921
-0.0336866
-0.0404607
-0.0380819
-0.037259
-0.0356139
-0.0364517
-0.0356786
-0.0459465
-0.0417512
-0.039938
-0.0376298
-0.0394123
-0.0387775
-0.0487208
-0.0435709
-0.0411597
-0.0385422
-0.0409378
-0.0406802
-0.0106054
-0.00949623
-0.0086022
-0.00718748
-0.008017
-0.00954778
-0.00785517
-0.00627568
-0.00508417
-0.00344892
-0.00200621
-0.00284091
-0.0013051
-0.00115384
0
-0.0253885
-0.0244093
-0.0233317
-0.0222677
-0.0220352
-0.0226457
-0.0202254
-0.0197121
-0.0172692
-0.016457
-0.0152965
-0.0141284
-0.0130117
-0.0109356
-0.0329838
-0.032309
-0.031384
-0.0313498
-0.0302116
-0.0300684
-0.0287088
-0.0288662
-0.027158
-0.0272446
-0.0271122
-0.0252195
-0.0251707
-0.0228975
-0.0345429
-0.0339639
-0.0331296
-0.0334581
-0.0322533
-0.0319625
-0.0316239
-0.031785
-0.0313013
-0.031456
-0.0316958
-0.0307397
-0.0309082
-0.0298907
-0.0376774
-0.0361532
-0.0344686
-0.0349894
-0.0327975
-0.0320071
-0.0313525
-0.0320494
-0.031589
-0.0320643
-0.0325118
-0.0317312
-0.0320427
-0.0317537
-0.0434127
-0.0400871
-0.0367541
-0.0380492
-0.0333666
-0.0315409
-0.0298361
-0.0317031
-0.030265
-0.0318365
-0.0331256
-0.0306734
-0.0319372
-0.0310416
-0.0477189
-0.0428853
-0.0381808
-0.0403555
-0.033427
-0.0309287
-0.0284336
-0.0310307
-0.02868
-0.0311833
-0.0334433
-0.0290151
-0.0313613
-0.0294104
-0.0492314
-0.0467583
-0.0440625
-0.0416122
-0.0389241
-0.0413762
-0.0364669
-0.0337748
-0.0313022
-0.0286056
-0.0310944
-0.0284007
-0.0309538
-0.0334903
-0.0282889
-0.0308987
-0.0282989
-0.00116736
-0.0138841
-0.0277291
-0.03336
-0.034672
-0.0380659
-0.042861
-0.0457598
-0.0065216
-0.00482442
-0.000217428
-0.0215542
-0.019437
-0.0120092
-0.0315809
-0.029579
-0.0255415
-0.034029
-0.0324873
-0.0316656
-0.035985
-0.0333021
-0.0328504
-0.0405375
-0.0347391
-0.0339843
-0.0446375
-0.0357066
-0.0353437
-0.0463998
-0.0361665
-0.0359189
-0.00357966
-0.0024781
-0.000462225
-0.0178111
-0.0167989
-0.0128809
-0.0299525
-0.0290061
-0.0267344
-0.0337613
-0.0330747
-0.0326269
-0.0352246
-0.0341899
-0.0338259
-0.0392868
-0.0368545
-0.0360577
-0.0438317
-0.0396892
-0.0391081
-0.0461213
-0.0410513
-0.0408156
-0.0100286
-0.00901703
-0.00546596
-0.00826449
-0.0078756
-0.00479459
-0.00197697
-0.00228005
-0.000515774
-0.024907
-0.0238878
-0.020532
-0.0227227
-0.0212238
-0.0181164
-0.015807
-0.0147481
-0.0112708
-0.0326795
-0.0318765
-0.0307018
-0.0308316
-0.0295148
-0.0281083
-0.0278295
-0.0262626
-0.0239607
-0.0342969
-0.0335669
-0.0333484
-0.0326828
-0.031889
-0.031643
-0.0321817
-0.0312131
-0.030528
-0.0369451
-0.0353209
-0.0346889
-0.0336198
-0.032032
-0.0320611
-0.033047
-0.0320595
-0.0320122
-0.0417486
-0.0384235
-0.0376594
-0.0350704
-0.0316251
-0.0317739
-0.0343679
-0.0318912
-0.0319762
-0.0452752
-0.0405282
-0.0401597
-0.0358205
-0.0309718
-0.0311022
-0.0355534
-0.0312707
-0.0314523
-0.0466397
-0.0414907
-0.041267
-0.036354
-0.0311916
-0.0310139
-0.0360268
-0.0309152
-0.0309036
