FiniteElementSpace
FiniteElementCollection: L2_2D_P3
VDim: 1
Ordering: 0

0.00156442
0.00130517
0.00262179
0.00395387
0.000782925
0.000869998
0.002047
0.00331358
0.000436015
0.000570459
0.00139019
0.00231063
0.000465131
0.000477228
0.000963407
0.00152241
0.00595658
0.00608989
0.00631819
0.00653601
0.00459106
0.00469521
0.00487798
0.00505511
0.00306255
0.00313227
0.00326068
0.00338871
0.00209634
0.00214341
0.00223442
0.00232751
0.00801612
0.00801857
0.0080966
0.00821423
0.00625061
0.00625044
0.00631438
0.00641301
0.00423954
0.0042364
0.00428296
0.00435785
0.0029389
0.00293506
0.0029693
0.00302588
0.00817466
0.0080546
0.00797158
0.00796392
0.00639015
0.00629113
0.00622518
0.00622269
0.00435223
0.00427886
0.00423318
0.00423619
0.00302997
0.00297579
0.00294391
0.00294901
0.00655455
0.00635438
0.00614624
0.00602635
0.00509927
0.00493753
0.00477242
0.00468014
0.00345375
0.003338
0.00322383
0.0031638
0.00239905
0.00231569
0.0022361
0.00219694
0.00382705
0.00362195
0.00338195
0.00321828
0.00294953
0.00278758
0.00260065
0.00247523
0.00198197
0.0018702
0.00174461
0.0016632
0.00138205
0.00130388
0.00121879
0.00116605
0.00131252
0.00118764
0.00103706
0.000930799
0.00100873
0.000912312
0.000797529
0.000717703
0.000692681
0.000627756
0.000552578
0.000501991
0.000513328
0.00046803
0.000417513
0.000385132
0.000133345
0.000105916
7.50141e-05
5.50266e-05
0.000112118
9.01715e-05
6.57794e-05
5.02278e-05
9.78908e-05
8.11172e-05
6.29708e-05
5.17491e-05
9.76954e-05
8.32117e-05
6.79548e-05
5.88273e-05
0.0043754
0.00457067
0.00486752
0.00512816
0.00339009
0.00352524
0.00373831
0.00393057
0.00228659
0.00235897
0.00248312
0.0026016
0.00159035
0.00162632
0.0016975
0.00177098
0.000140523
0.000142281
0.000142025
0.000139949
0.00032103
0.000317027
0.0003055
0.000292094
0.00090092
0.00089716
0.000880364
0.000858258
0.0016159
0.0016237
0.00161719
0.00159829
0.000830871
0.000533231
0.000306136
0.000213092
0.000805927
0.000541878
0.000399278
0.000387278
0.000728249
0.000557648
0.000675136
0.000917351
0.000711071
0.000615225
0.001024
0.00157187
0.00720401
0.0072756
0.00743588
0.00761086
0.0055923
0.00564752
0.00577699
0.00592107
0.00376849
0.00380428
0.00389645
0.00400266
0.00259873
0.00262229
0.00268848
0.00276689
5.75055e-05
5.66868e-05
5.1912e-05
4.52968e-05
0.000169165
0.000171373
0.000163894
0.000150109
0.000830133
0.000848118
0.000848348
0.000830335
0.00178851
0.00182873
0.00184527
0.0018296
0.000107286
0.00010208
9.35619e-05
8.54883e-05
0.00023858
0.000234859
0.000222727
0.000207651
0.000836023
0.000849278
0.000849307
0.000835503
0.00166118
0.00170124
0.00172685
0.0017248
0.0083374
0.00827465
0.00826991
0.00832537
0.00651584
0.006463
0.00646021
0.00650876
0.00443489
0.00439426
0.00439348
0.0044329
0.00308423
0.00305353
0.00305388
0.00308512
2.58716e-05
3.01679e-05
3.07934e-05
2.75471e-05
0.000110656
0.000119699
0.000119138
0.00010933
0.00081113
0.000829659
0.000826461
0.000803158
0.00186856
0.00189645
0.00189017
0.00185284
3.17835e-05
3.429e-05
3.27305e-05
2.78297e-05
0.00012779
0.000134205
0.000130491
0.000118383
0.000823576
0.00084292
0.0008415
0.000819856
0.00185973
0.00189531
0.00190034
0.00187216
0.00756067
0.00739356
0.0072406
0.00717245
0.00590081
0.00576443
0.00564255
0.00559138
0.00401163
0.0039124
0.00382753
0.00379605
0.00279088
0.0027185
0.0026589
0.00263951
5.50104e-05
6.03291e-05
6.44084e-05
6.55847e-05
0.000134795
0.000145101
0.000149374
0.000145871
0.000763911
0.00077473
0.000767338
0.000745727
0.00170602
0.00171096
0.00168362
0.00163775
3.43517e-05
3.94194e-05
4.17532e-05
4.04361e-05
0.000114077
0.000124352
0.000126425
0.000119506
0.000791835
0.000807462
0.000802301
0.000779115
0.00181659
0.00183408
0.00181694
0.0017738
0.00525851
0.00504436
0.00480469
0.0046504
0.00407288
0.00390173
0.00371312
0.00359418
0.00274588
0.00262555
0.00249678
0.00241894
0.00190641
0.001821
0.00173241
0.00168147
0.000129318
0.000133393
0.000140004
0.000146342
0.000209087
0.000215124
0.000220385
0.000222743
0.000667112
0.000663473
0.00064955
0.000632506
0.00132178
0.00129944
0.00125523
0.00121091
8.74878e-05
9.26035e-05
9.83771e-05
0.000102397
0.000168986
0.000177991
0.000183612
0.000183537
0.000724249
0.000728501
0.000718289
0.000699036
0.00153967
0.00153079
0.0014942
0.00144815
0.00245057
0.00227727
0.00206955
0.00192383
0.00188137
0.00174622
0.00158627
0.00147568
0.00126754
0.00117582
0.00107007
0.000999255
0.000898822
0.000835292
0.000764503
0.000719184
0.0002025
0.00020031
0.000202072
0.000207042
0.000253513
0.000249266
0.00024701
0.000247938
0.00047742
0.000459538
0.000438045
0.000423273
0.000779504
0.000741776
0.000693617
0.000657989
0.000172335
0.000174014
0.000179488
0.00018641
0.00024229
0.000243664
0.000246201
0.000248994
0.00058566
0.000573999
0.000555864
0.000540257
0.00106174
0.00102887
0.000980167
0.000939231
0.000534802
0.000463314
0.000378391
0.0003196
0.00041797
0.000362802
0.000298184
0.000254156
0.000305235
0.00026735
0.000224315
0.000196047
0.000249881
0.00022202
0.000191595
0.000172607
0.00017061
0.000160033
0.000150685
0.000146693
0.000177894
0.000165638
0.000154024
0.000148258
0.000220194
0.000201412
0.000181594
0.000169801
0.000278608
0.000251323
0.000220987
0.000201599
0.000204656
0.000197851
0.000193986
0.000194777
0.000232046
0.000222704
0.000215036
0.000212575
0.000349822
0.000329358
0.000307031
0.000293291
0.000506721
0.000471239
0.000429641
0.000401446
9.56284e-06
5.96999e-06
2.63676e-06
1.07489e-06
1.16827e-05
7.69677e-06
3.82935e-06
1.81844e-06
1.72572e-05
1.23544e-05
7.45668e-06
4.73368e-06
2.37922e-05
1.77459e-05
1.16876e-05
8.27082e-06
3.80831e-05
3.0203e-05
2.20942e-05
1.72805e-05
3.50701e-05
2.75514e-05
1.98382e-05
1.52852e-05
3.19048e-05
2.45689e-05
1.70846e-05
1.27203e-05
3.00659e-05
2.26631e-05
1.51602e-05
1.08482e-05
0.000106694
9.51594e-05
8.34002e-05
7.6601e-05
0.000104052
9.22208e-05
8.00671e-05
7.29716e-05
0.000108975
9.5129e-05
8.05587e-05
7.179e-05
0.000119129
0.000102465
8.45727e-05
7.35455e-05
0.00349704
0.00366442
0.00394484
0.0041982
0.00287547
0.00296719
0.00312299
0.00326908
0.00205115
0.00208995
0.00216281
0.00223596
0.00144746
0.00147976
0.00153287
0.00158369
0.00110773
0.00114712
0.0012098
0.00126313
0.000622451
0.000646095
0.000687322
0.000726549
0.000230483
0.000236029
0.00025045
0.000267432
0.000125724
0.000124464
0.000127575
0.000133608
0.000518373
0.00046441
0.000775699
0.00117098
0.000631255
0.000473332
0.000531531
0.000698285
0.000762037
0.000507476
0.000345364
0.000308582
0.000822099
0.000534581
0.000304353
0.000203186
0.00662651
0.00673116
0.00692876
0.00712807
0.00512783
0.00520927
0.00536805
0.005531
0.00344006
0.00349403
0.00360621
0.003725
0.00236435
0.00240053
0.00248047
0.00256742
0.00186824
0.00189574
0.00196011
0.00203178
0.00107936
0.00109161
0.00112985
0.00117671
0.000378746
0.000378408
0.000389884
0.000408106
0.000118925
0.000115513
0.000113133
0.000112866
0.00165358
0.00168962
0.00176248
0.00183871
0.000953723
0.000971028
0.00101385
0.00106271
0.00034403
0.000344944
0.000357204
0.000375395
0.000131714
0.000127122
0.000123555
0.000122665
0.00823848
0.00820751
0.00824382
0.00833067
0.00643297
0.00640582
0.00643617
0.00651007
0.00437247
0.00435014
0.00437293
0.00443038
0.00303676
0.00301921
0.00303648
0.00308065
0.00241369
0.00239814
0.00241261
0.0024505
0.00140925
0.00139577
0.00140534
0.00143363
0.00048465
0.000477058
0.000481216
0.000495294
0.000105596
0.000105394
0.000106342
0.000108059
0.00233319
0.00232872
0.00235687
0.00240473
0.00135861
0.00135186
0.00136957
0.00140371
0.000465741
0.000460324
0.000466995
0.000482812
0.000104267
0.000103784
0.000104402
0.000105878
0.00792116
0.00777611
0.00765676
0.00761822
0.00618841
0.00606944
0.00597434
0.00594694
0.00421217
0.00412488
0.00405866
0.00404397
0.00293196
0.0028679
0.00282141
0.00281388
0.00233475
0.00228163
0.00224455
0.00224057
0.00137223
0.00133638
0.00131493
0.00131764
0.000485827
0.000470867
0.00046484
0.000470442
0.000121166
0.000120653
0.000121928
0.000124503
0.00241259
0.00236738
0.00234207
0.0023483
0.00141639
0.00138508
0.00137064
0.00137964
0.000496725
0.000483156
0.000479361
0.000487042
0.000116329
0.000115929
0.000117057
0.000119284
0.00593429
0.00572443
0.00549701
0.0053572
0.00460707
0.0044384
0.00425865
0.0041508
0.00311322
0.00299356
0.00286999
0.00279943
0.00216131
0.00207574
0.00199012
0.00194389
0.00172126
0.00165182
0.00158411
0.00154931
0.0010201
0.000976633
0.00093814
0.000922191
0.000392488
0.000376574
0.000366482
0.000366739
0.000152223
0.000151779
0.00015485
0.000160149
0.00191
0.00184198
0.00177879
0.00174951
0.00112781
0.0010845
0.00104824
0.00103555
0.000420433
0.000404073
0.0003942
0.00039524
0.000142148
0.000141673
0.000144222
0.000148745
0.00311968
0.00292787
0.0027002
0.00254224
0.00239899
0.00224849
0.00207216
0.00195167
0.00161223
0.00150928
0.00139179
0.00131409
0.00113114
0.00105957
0.000980522
0.000930518
0.000912375
0.00085542
0.000794063
0.000756631
0.000569708
0.000535764
0.000502194
0.0004844
0.0002848
0.000272639
0.000264452
0.000263939
0.000198778
0.000196329
0.000198423
0.000204146
0.00110798
0.00104554
0.000979222
0.00093962
0.000676991
0.000639524
0.000603009
0.00058418
0.000309622
0.000296529
0.000287801
0.000287379
0.000188336
0.000186869
0.000189947
0.000196233
0.000874799
0.000776879
0.000659315
0.00057684
0.000675797
0.000600365
0.000511002
0.000449249
0.000474686
0.000423673
0.000364977
0.000325799
0.000366281
0.00033005
0.000289962
0.000264526
0.000317839
0.000288354
0.000256574
0.000237128
0.000240281
0.000221019
0.000201789
0.000191361
0.000188858
0.000177762
0.000168511
0.000165225
0.000188942
0.000179954
0.000173221
0.000171705
0.000432902
0.000396598
0.000357175
0.000332824
0.000306483
0.000283911
0.000261358
0.000249155
0.000214452
0.000203473
0.000195
0.000192827
0.000202118
0.000194882
0.000190761
0.000191563
4.64506e-05
3.37959e-05
2.0399e-05
1.24638e-05
4.35558e-05
3.26461e-05
2.11467e-05
1.43206e-05
4.61602e-05
3.64708e-05
2.63559e-05
2.03667e-05
5.32984e-05
4.35606e-05
3.3488e-05
2.75691e-05
5.60522e-05
4.63657e-05
3.62659e-05
3.02378e-05
5.77337e-05
4.84948e-05
3.89018e-05
3.31837e-05
6.3151e-05
5.37145e-05
4.39301e-05
3.8089e-05
6.99237e-05
5.97005e-05
4.90611e-05
4.2675e-05
9.73414e-05
8.39446e-05
6.99093e-05
6.15503e-05
9.32386e-05
8.17047e-05
6.98683e-05
6.29954e-05
9.62878e-05
8.55747e-05
7.47502e-05
6.85818e-05
0.000105331
9.3981e-05
8.24556e-05
7.5832e-05
0.00523067
0.00538252
0.0056281
0.00585394
0.00401231
0.00413086
0.00432646
0.00450892
0.0026586
0.00273795
0.00287429
0.00300491
0.00181161
0.00186505
0.00196094
0.0020552
0.00142833
0.00146863
0.00154431
0.00162067
0.00082322
0.000843064
0.00088694
0.000934903
0.000307307
0.000309516
0.000322252
0.000339924
0.000143891
0.000139597
0.000136245
0.00013558
0.00126366
0.00128816
0.00134012
0.00139585
0.000727912
0.000739362
0.000768924
0.000803307
0.000271023
0.000274329
0.000285812
0.000300576
0.000136656
0.000138378
0.00014131
0.000144641
0.000136349
0.000130311
0.000121477
0.000113782
0.000284772
0.000277871
0.000263148
0.000247362
0.00085195
0.000859192
0.000854931
0.00084057
0.00159956
0.00163297
0.00165566
0.00165561
0.0021034
0.00215834
0.00220466
0.00221909
0.00329901
0.00340042
0.00350314
0.00355764
0.0054619
0.00565831
0.00587799
0.00601611
0.00765553
0.00795581
0.00830686
0.00854158
0.00206822
0.0020886
0.00209928
0.00209308
0.003062
0.00313845
0.00321919
0.00326477
0.00473136
0.00494201
0.00519659
0.00537321
0.00632172
0.00669315
0.0071621
0.0075055
0.000134935
0.000133852
0.000135389
0.000139101
0.000300121
0.0003094
0.000320791
0.00032897
0.000837741
0.000868798
0.00090599
0.000930583
0.0015358
0.00157384
0.00162731
0.0016649
0.00199924
0.00204405
0.00208857
0.00211432
0.00291006
0.0029589
0.00301263
0.00304584
0.00408155
0.00423894
0.00444087
0.00458988
0.00488503
0.00521965
0.00568734
0.00605003
0.000695663
0.00065771
0.00128317
0.00205738
0.000746105
0.000833496
0.00196788
0.00337337
0.00178553
0.00143474
0.00300604
0.00495713
0.0040897
0.0023375
0.00389618
0.00578598
0.00767022
0.00770718
0.00782692
0.00797418
0.00596924
0.00599681
0.00609413
0.00621638
0.00403711
0.00405356
0.00412351
0.00421484
0.00279189
0.00280192
0.00285267
0.00292081
0.00221336
0.00222005
0.0022614
0.00231845
0.00128515
0.00128511
0.00131051
0.00134983
0.000440762
0.000437348
0.000446148
0.000463278
0.000105373
0.000104269
0.000104231
0.000105301
0.00205697
0.00207445
0.00212804
0.00219314
0.00119109
0.00119745
0.00122977
0.00127339
0.000411254
0.000409537
0.000419935
0.000437858
0.000109993
0.000107884
0.000106816
0.000107284
4.1768e-05
4.28147e-05
3.97873e-05
3.40428e-05
0.000145243
0.000149751
0.000144225
0.000131193
0.000827563
0.000846503
0.000845927
0.000825853
0.00183196
0.00187027
0.00188106
0.00185874
0.00255123
0.00260209
0.00262213
0.00260128
0.0042742
0.00434796
0.00439107
0.00438268
0.00748387
0.00760377
0.00769288
0.00770855
0.0108205
0.0109871
0.0111263
0.0111714
0.00247019
0.00252547
0.00255511
0.00254428
0.00409918
0.00418424
0.00424633
0.00425544
0.00712367
0.00726773
0.00739388
0.0074418
0.0102591
0.0104638
0.0106592
0.0107522
7.94947e-05
7.64927e-05
6.97852e-05
6.23317e-05
0.000199977
0.000199478
0.000189867
0.000175466
0.000831894
0.000848217
0.000848973
0.000833312
0.00173011
0.00177125
0.00179318
0.00178465
0.00236299
0.00242157
0.00246042
0.00246016
0.00387114
0.00396601
0.00404637
0.00407343
0.00665985
0.00682555
0.00698702
0.00706711
0.00954107
0.00977984
0.0100284
0.0101682
0.00223403
0.0022939
0.00234022
0.00234992
0.00359606
0.00369818
0.00379451
0.00383859
0.00610035
0.00628442
0.00647832
0.00658948
0.00867551
0.00894474
0.00924328
0.009429
0.00831497
0.00822244
0.00817778
0.00820162
0.00650063
0.00642375
0.00638872
0.00641169
0.00442749
0.00436976
0.00434603
0.0043672
0.00308151
0.00303853
0.00302238
0.0030405
0.00245286
0.00241669
0.0024041
0.0024209
0.00143801
0.00141205
0.00140528
0.00142078
0.000500408
0.000488601
0.000487347
0.000497219
0.000112086
0.000111826
0.000112912
0.000114923
0.00245358
0.00242737
0.00242815
0.00245558
0.00143581
0.00141585
0.00141717
0.00143917
0.000496385
0.000486613
0.000488066
0.000500115
0.000108413
0.00010825
0.000109314
0.000111181
2.85298e-05
3.33005e-05
3.47979e-05
3.24563e-05
0.000110018
0.000119833
0.000120641
0.000112201
0.000802436
0.000819762
0.000815607
0.000792155
0.00185006
0.00187305
0.00186127
0.00182063
0.00260737
0.00263187
0.00261437
0.00256357
0.00442923
0.00444868
0.00441754
0.00435085
0.00783832
0.00784901
0.00779108
0.00769227
0.0113927
0.0113905
0.0113034
0.0111731
0.00263288
0.00266512
0.00265671
0.00261178
0.00447101
0.00450504
0.00449176
0.0044376
0.00791135
0.00795024
0.00792765
0.00785439
0.0115
0.0115407
0.011508
0.0114174
2.67505e-05
3.03194e-05
2.99553e-05
2.5874e-05
0.000116419
0.00012434
0.00012228
0.00011125
0.000818122
0.00083733
0.000835042
0.000812331
0.00187186
0.00190396
0.00190329
0.0018701
0.00263235
0.00267162
0.00267253
0.00263455
0.00445984
0.00450788
0.00451305
0.00447283
0.00787804
0.0079448
0.0079588
0.00791334
0.0114425
0.0115261
0.0115498
0.0115021
0.00260526
0.00265075
0.00266117
0.00263123
0.00439447
0.00445581
0.00447984
0.00445492
0.00773584
0.00782976
0.0078812
0.00786552
0.0112162
0.0113421
0.0114235
0.0114213
0.00710145
0.00691575
0.00673283
0.00663721
0.00553458
0.00538377
0.00523827
0.00516518
0.00375633
0.0036475
0.00354644
0.00349964
0.00261129
0.0025324
0.00246161
0.00243153
0.002079
0.00201428
0.00195791
0.00193582
0.00122493
0.00118298
0.0011504
0.00114204
0.000446329
0.000429954
0.000420828
0.000423036
0.000133735
0.0001332
0.000135213
0.000138967
0.00222224
0.00216255
0.00211501
0.00210147
0.00130752
0.00126808
0.00124051
0.00123735
0.000468616
0.000452707
0.000444876
0.000448624
0.000126848
0.00012629
0.00012786
0.000130947
6.98248e-05
7.51142e-05
8.00827e-05
8.26773e-05
0.000150556
0.000160399
0.000165501
0.000163765
0.00074584
0.000753581
0.00074488
0.000724407
0.00162961
0.00162772
0.00159561
0.00154938
0.00226007
0.00224867
0.00219869
0.00213479
0.00377168
0.0037311
0.00363763
0.00353627
0.00657422
0.00647717
0.00629932
0.00612559
0.0094691
0.00930901
0.00904081
0.00879225
0.00238178
0.00237978
0.00233717
0.00227505
0.00400454
0.00397868
0.00389893
0.00380375
0.00702372
0.00695168
0.00679938
0.00663963
0.0101531
0.0100285
0.00979805
0.00957168
4.31842e-05
4.84262e-05
5.16159e-05
5.14727e-05
0.000122465
0.000132905
0.000136144
0.000130885
0.000779095
0.000792548
0.000786318
0.00076377
0.00176846
0.00177991
0.00175757
0.00171271
0.00248096
0.0024882
0.00245354
0.00239416
0.00419375
0.00418302
0.00411844
0.00403118
0.00738912
0.00734385
0.00722055
0.00707822
0.0107101
0.0106244
0.0104376
0.0102388
0.00255647
0.00257259
0.00254633
0.00249072
0.00433614
0.00434061
0.0042923
0.00421457
0.00766266
0.00764516
0.00755351
0.0074316
0.0111267
0.0110821
0.0109434
0.0107769
0.00454825
0.00433564
0.00409162
0.00392919
0.00351403
0.00334512
0.00315403
0.00302911
0.00236432
0.00224666
0.00211721
0.0020357
0.0016435
0.00156062
0.00147223
0.00141912
0.00131277
0.00124624
0.00117702
0.00113702
0.000790347
0.000749957
0.000711465
0.000692485
0.000336088
0.000321955
0.000312599
0.000312237
0.000176168
0.000175321
0.000178812
0.000185138
0.00151971
0.00145078
0.00138105
0.00134263
0.000906127
0.000863671
0.000824459
0.000806407
0.000363969
0.000348843
0.00033897
0.000338791
0.000163769
0.000163234
0.000166673
0.000172622
0.00015145
0.00015452
0.000160869
0.000167785
0.000227508
0.0002314
0.000235604
0.000238472
0.000629762
0.000622019
0.000605987
0.000589769
0.00119608
0.00116793
0.00112096
0.00107812
0.00158463
0.00154066
0.00147094
0.00140923
0.0025052
0.00242093
0.00229632
0.00219084
0.00417975
0.00401992
0.00379344
0.00360777
0.00587625
0.00563708
0.00530544
0.00503838
0.00177661
0.00173922
0.00167244
0.00160879
0.00285843
0.00278157
0.00266014
0.00255227
0.00483623
0.00468452
0.00446036
0.0042703
0.00685077
0.0066193
0.00628791
0.00601379
0.000107585
0.000112321
0.000118691
0.00012401
0.000188985
0.000196731
0.000202441
0.000203778
0.000698316
0.000698735
0.000686777
0.000668702
0.00143677
0.00142097
0.0013803
0.0013349
0.00195527
0.0019258
0.00186348
0.00179884
0.00319257
0.00312588
0.00301105
0.00290317
0.0054661
0.00532818
0.00511341
0.00492407
0.00779387
0.0075789
0.0072588
0.00698563
0.00211727
0.0020966
0.00203997
0.00197524
0.00349925
0.00344487
0.00333954
0.00323388
0.00605072
0.00593136
0.00573235
0.00554859
0.00867542
0.00848471
0.0081861
0.00792167
0.00184205
0.00169151
0.0015101
0.00138212
0.0014135
0.00129674
0.00115782
0.00106121
0.000958439
0.000879655
0.000788387
0.000726912
0.000691468
0.000636887
0.000575872
0.000536643
0.000571221
0.000527786
0.000480489
0.000451173
0.000383333
0.000357093
0.000330862
0.000316678
0.000238204
0.000227133
0.000219139
0.000217821
0.000207367
0.00020193
0.000200311
0.000203217
0.000731951
0.000681482
0.000626664
0.000592815
0.000471262
0.000441153
0.000411137
0.000394992
0.000261273
0.00024981
0.000241905
0.000241128
0.000205727
0.000201932
0.00020244
0.000207026
0.000207856
0.000203369
0.000202458
0.000205544
0.000247168
0.000240199
0.00023519
0.000234526
0.000415136
0.00039543
0.000373122
0.000358785
0.000639652
0.000602164
0.000556553
0.000524392
0.000782261
0.000732541
0.000671
0.000626716
0.00111242
0.0010337
0.000934594
0.000861789
0.00170945
0.00157896
0.00141355
0.00129102
0.00230552
0.00212345
0.00189262
0.00172148
0.000976222
0.000924461
0.000857682
0.000807638
0.00143489
0.00134938
0.00123839
0.0011544
0.00226193
0.0021155
0.00192565
0.00178186
0.00308867
0.00288086
0.00261237
0.00240961
0.000190032
0.000189937
0.000193871
0.000200147
0.000251508
0.000250112
0.000250445
0.000252568
0.000534694
0.000519566
0.000499535
0.000484378
0.000921647
0.0008855
0.000836335
0.000797787
0.00117882
0.00112738
0.00105748
0.00100256
0.00178211
0.0016933
0.00157387
0.00148047
0.00287102
0.00271391
0.002505
0.00234298
0.0039633
0.00373647
0.00343732
0.00320695
0.00138362
0.00133485
0.00126401
0.0012052
0.00214275
0.00205438
0.00193037
0.00182973
0.00351741
0.00335573
0.00313438
0.00295817
0.00490281
0.00466523
0.00434455
0.00409232
0.000290783
0.000243348
0.000188077
0.000150729
0.000232745
0.000195787
0.00015335
0.000125145
0.000181573
0.000155289
0.000126033
0.000107294
0.000161661
0.000141118
0.000119067
0.00010559
0.000152659
0.000134754
0.00011586
0.00010457
0.000134995
0.000121162
0.000107181
9.93325e-05
0.000129457
0.000118242
0.000107465
0.000101888
0.000139066
0.000127741
0.000116887
0.000111287
0.00022516
0.000201872
0.000177033
0.000162025
0.000183593
0.000167229
0.000150845
0.000141865
0.000160583
0.000149332
0.00013921
0.000134706
0.000167637
0.000157193
0.000148083
0.000144318
0.000141287
0.000129756
0.00011862
0.000112792
0.000142149
0.000129645
0.000117231
0.000110434
0.000161133
0.000144526
0.000127069
0.00011666
0.000189612
0.000167605
0.000143605
0.000128583
0.000202951
0.000177775
0.000149944
0.000132237
0.000231585
0.000199356
0.000162782
0.000138771
0.000295554
0.000250314
0.000197872
0.000162613
0.000365238
0.000307096
0.000239091
0.000192921
0.000310484
0.000277899
0.000240999
0.00021687
0.000381613
0.000336984
0.000284979
0.000249786
0.000521233
0.000455109
0.00037648
0.000322034
0.000665395
0.00057819
0.000473684
0.000400694
0.00019217
0.000183252
0.000176456
0.000174786
0.000208541
0.000197378
0.000187423
0.000183182
0.000283948
0.00026382
0.000242337
0.000229433
0.000385141
0.000353193
0.000316823
0.000292956
0.000444607
0.000405
0.000358973
0.000327994
0.000579605
0.000522321
0.00045388
0.000406268
0.000831695
0.000743146
0.000635509
0.000559151
0.00108629
0.000967075
0.000821316
0.000717238
0.000603221
0.000557697
0.000503236
0.000465408
0.000824734
0.000755721
0.000671156
0.000610726
0.00122921
0.00111858
0.000981266
0.0008817
0.00163402
0.00148232
0.00129341
0.0011559
6.2958e-07
4.0092e-07
3.46234e-07
4.78044e-07
1.22573e-06
7.49839e-07
3.68532e-07
3.70891e-07
3.44167e-06
2.16412e-06
1.12898e-06
9.91357e-07
6.35961e-06
3.85827e-06
2.1027e-06
1.9199e-06
7.49105e-06
4.59186e-06
2.12241e-06
1.46589e-06
9.03854e-06
5.44164e-06
2.22424e-06
1.04468e-06
1.13597e-05
6.84285e-06
2.68937e-06
8.90151e-07
1.33263e-05
8.16502e-06
3.3424e-06
1.10184e-06
2.62291e-05
1.9849e-05
1.34282e-05
9.75832e-06
2.90434e-05
2.24621e-05
1.57768e-05
1.18885e-05
3.36173e-05
2.64748e-05
1.91608e-05
1.48464e-05
3.78188e-05
2.99981e-05
2.19554e-05
1.71826e-05
1.34016e-05
8.22771e-06
3.39169e-06
1.13781e-06
1.16751e-05
7.08111e-06
2.84245e-06
9.80946e-07
9.63345e-06
5.88935e-06
2.50336e-06
1.19961e-06
8.27145e-06
5.18018e-06
2.48765e-06
1.66291e-06
7.2382e-06
4.51183e-06
2.49992e-06
2.13429e-06
4.34198e-06
2.77065e-06
1.43721e-06
1.12181e-06
2.03162e-06
1.24318e-06
5.6535e-07
4.20792e-07
1.26329e-06
7.57076e-07
4.53653e-07
4.82275e-07
2.80449e-05
2.08704e-05
1.36151e-05
9.48607e-06
2.20217e-05
1.58098e-05
9.52954e-06
5.99016e-06
1.67221e-05
1.12788e-05
5.8806e-06
2.97564e-06
1.45127e-05
9.40826e-06
4.49877e-06
2.02885e-06
7.05981e-05
6.02546e-05
4.94722e-05
4.29871e-05
6.7005e-05
5.68309e-05
4.62136e-05
3.98266e-05
6.54479e-05
5.47108e-05
4.34295e-05
3.66076e-05
6.65621e-05
5.48091e-05
4.23795e-05
3.48294e-05
6.4949e-05
5.29314e-05
4.02709e-05
3.26475e-05
5.96712e-05
4.72575e-05
3.40702e-05
2.60778e-05
5.8873e-05
4.47187e-05
2.95854e-05
2.04118e-05
6.2737e-05
4.64599e-05
2.90384e-05
1.85293e-05
0.000121877
0.000103772
8.42213e-05
7.21106e-05
0.000126464
0.000105269
8.19292e-05
6.71432e-05
0.000146058
0.000118523
8.76397e-05
6.76962e-05
0.000171365
0.000137292
9.87608e-05
7.36811e-05
