FiniteElementSpace
FiniteElementCollection: H1_2D_P2
VDim: 2
Ordering: 0

0
1.0918
2.16157
3.0886
3.77802
4.20035
4.40234
4.47763
4.51792
0
0.890531
1.70347
2.39352
2.91195
3.24172
3.40968
3.47822
3.5189
0.540106
0.996105
0.454728
0
1.63711
1.947
1.30877
2.64999
2.76371
2.06737
3.46671
3.37036
2.67623
4.02127
3.7425
3.09977
4.32358
3.91914
3.34263
4.44949
3.98248
3.4517
4.4978
4.01893
3.49831
0.499299
1.48248
2.37773
3.09633
3.58471
3.85071
3.95918
3.99963
0.266286
0.521267
0.249704
0
1.36612
1.56252
1.24128
1.04619
2.4112
2.51771
2.16732
2.05757
3.28573
3.28616
2.93711
2.93048
3.90802
3.8076
3.4849
3.57893
4.26829
4.09076
3.80225
3.97565
4.42906
4.20624
3.94197
4.16356
4.48812
4.24901
3.99124
4.23106
0.815898
0.748366
0.943392
0.67461
0.476111
0.230687
0
1.90291
1.71823
1.82932
1.50951
1.39767
1.10216
2.87628
2.57692
2.58595
2.23556
2.22848
1.88972
3.63092
3.24084
3.14945
2.80009
2.89443
2.54058
4.1184
3.67032
3.49881
3.17624
3.35001
3.01179
4.36773
3.88921
3.66817
3.37986
3.60195
3.2969
4.46519
3.97222
3.73151
3.4663
3.70777
3.43323
4.50761
4.26844
4.00856
3.76895
3.50832
3.74932
3.48855
0.258235
1.30617
2.29283
3.11592
3.70117
4.03921
4.18788
4.24029
0.784158
0.71075
0.240675
1.81357
1.61694
1.17275
2.7307
2.41294
2.03357
3.4406
3.02877
2.74667
3.89881
3.43057
3.25645
4.1317
3.63905
3.55559
4.22015
3.72097
3.69062
4.25817
3.75856
3.7406
0.130819
0.262507
0.127727
0
1.22928
1.33684
1.17653
1.06966
2.28768
2.35286
2.1764
2.11038
3.1892
3.20182
3.02506
3.0105
3.84522
3.80563
3.64206
3.67952
4.23603
4.15464
4.00902
4.08895
4.41659
4.30901
4.17656
4.2836
4.48303
4.36431
4.23581
4.35456
0.677873
0.800671
0.65277
0.531279
0.623936
0.729661
0.593585
0.487808
0.124824
0.245268
0.121701
0
1.77082
1.859
1.68882
1.60054
1.60113
1.66834
1.50808
1.44064
1.1191
1.2074
1.05855
0.969965
2.76486
2.80442
2.62579
2.58474
2.4788
2.49637
2.32206
2.30439
2.0583
2.10156
1.93252
1.88911
3.55102
3.53679
3.36538
3.37746
3.17043
3.13656
2.96328
2.9971
2.85213
2.84354
2.66787
2.67639
4.07186
4.00959
3.85506
3.91545
3.62924
3.55203
3.39186
3.46903
3.42949
3.37241
3.20463
3.26167
4.34697
4.25046
4.11246
4.20799
3.87112
3.76517
3.62158
3.72752
3.77386
3.68026
3.52856
3.62213
4.45783
4.34299
4.21366
4.3283
3.96613
3.84702
3.71478
3.83404
3.93135
3.81701
3.68014
3.79453
4.50262
4.38287
4.25349
4.37343
4.00398
3.88361
3.75383
3.87459
3.98698
3.86612
3.73617
3.8573
0.402884
0.389697
0.51049
0.374531
0.254066
0
1.50217
1.4349
1.52315
1.36247
1.27427
1.0216
2.53212
2.40667
2.44876
2.27384
2.23102
2.00314
3.37836
3.20299
3.19255
3.01852
3.02777
2.8483
3.96677
3.75633
3.69744
3.53661
3.59436
3.47598
4.29745
4.0664
3.97172
3.82781
3.92182
3.86025
4.43996
4.19771
4.08322
3.95118
4.06556
4.04211
4.49298
4.24465
4.12443
3.99542
4.11595
4.10705
0.95396
0.915342
0.87247
0.76662
0.827405
0.916823
0.783059
0.692278
0.565167
0.464889
0.358495
0.343208
0.235604
0.117321
0
2.03329
1.93656
1.83357
1.76664
1.72406
1.76752
1.60736
1.56403
1.4099
1.3537
1.28583
1.20612
1.13762
0.996907
2.98434
2.83232
2.67193
2.65494
2.50091
2.49186
2.3158
2.32618
2.15264
2.14962
2.13224
1.97963
1.96307
1.79757
3.70669
3.51179
3.30747
3.34205
3.0908
3.0331
2.85747
2.91684
2.73959
2.7877
2.82218
2.6098
2.6459
2.46839
4.16126
3.93897
3.70803
3.7858
3.46617
3.37215
3.21028
3.30548
3.13937
3.22711
3.30487
3.0572
3.13646
2.96331
4.38614
4.14867
3.90515
4.01133
3.65452
3.53992
3.39562
3.51068
3.36223
3.47374
3.58
3.32087
3.42792
3.27052
4.47172
4.2259
3.97762
4.09658
3.72649
3.60513
3.47251
3.59405
3.4594
3.58032
3.69977
3.44301
3.56271
3.42215
4.51267
4.39313
4.26314
4.14373
4.01352
4.13341
3.89399
3.76359
3.64388
3.51351
3.63344
3.50322
3.62386
3.74495
3.49343
3.61472
3.4835
0.129164
1.20358
2.23286
3.1081
3.74467
4.12344
4.29717
4.35958
0.665943
0.608845
0.123331
1.73056
1.55526
1.08912
2.69622
2.4018
1.99645
3.45922
3.0686
2.76161
3.96445
3.51218
3.31881
4.23049
3.74746
3.65262
4.33612
3.84095
3.80654
4.37806
3.87899
3.86182
0.3968
0.382237
0.12633
1.46924
1.39928
1.14831
2.47025
2.34125
2.11825
3.29167
3.11204
2.93982
3.86257
3.64778
3.5371
4.18278
3.94814
3.89257
4.31932
4.07502
4.05465
4.36888
4.12018
4.11163
0.935302
0.894315
0.638648
0.850088
0.804954
0.578879
0.366644
0.350402
0.119936
1.9857
1.88586
1.64566
1.77967
1.66668
1.45964
1.32462
1.2463
1.02774
2.90927
2.75329
2.55338
2.58792
2.4104
2.23918
2.20425
2.05751
1.86633
3.61027
3.41096
3.26923
3.2009
2.97656
2.85384
2.92204
2.71833
2.57035
4.05107
3.8247
3.74342
3.58863
3.34021
3.26778
3.42245
3.18333
3.08636
4.2681
4.02773
3.99272
3.78079
3.52618
3.49324
3.70517
3.452
3.40133
4.34908
4.10209
4.09035
3.85242
3.59985
3.58759
3.82612
3.57208
3.55204
4.38788
4.13837
4.12881
3.8886
3.63853
3.62855
3.87034
3.61929
3.61004
0
0.0929682
0.458001
1.12328
2.02424
3.05288
4.11015
5.1436
6.14909
1
1.07528
1.34707
1.84118
2.52361
3.34067
4.24376
5.20219
6.19405
0.0215345
0.556297
1.02258
0.5
0.23685
0.873631
1.18268
0.75556
1.45897
1.5677
1.55063
2.25979
2.16205
2.5296
3.19085
2.91872
3.5825
4.17545
3.7838
4.63106
5.17259
4.71739
5.64863
6.17139
5.6956
0.496935
0.680466
1.13486
1.83749
2.7145
3.67995
4.67357
5.67193
0.0102512
0.254092
0.488966
0.25
0.155427
0.452916
0.609883
0.319039
0.597504
0.939814
0.99597
0.660143
1.33029
1.68964
1.64206
1.28617
2.27385
2.61873
2.4838
2.13816
3.3175
3.62874
3.43427
3.11901
4.37162
4.65046
4.42433
4.14063
5.39692
5.65938
5.42223
5.15664
0.048692
0.519038
0.807144
1.0424
0.7527
1.01445
0.75
0.337685
0.768375
1.10117
1.25773
0.922268
1.12192
0.931224
1.28952
1.64315
1.69814
1.34294
1.45051
1.78255
2.04387
2.38847
2.33819
1.99462
1.99609
2.78979
2.95058
3.2658
3.12672
2.81518
2.7174
3.84696
3.92719
4.21113
4.01189
3.73291
3.55989
4.88837
4.92302
5.18871
4.95855
4.69708
4.47903
5.89915
6.15986
5.92165
6.18302
5.94449
5.68457
5.44801
0.244574
0.376961
0.79118
1.48148
2.37524
3.37322
4.39595
5.40838
0.278416
0.772717
0.745138
0.547294
1.00372
0.856827
1.10518
1.48613
1.2144
1.90908
2.18685
1.81301
2.86711
3.03801
2.5983
3.88475
3.97089
3.49768
4.90402
4.94228
4.45329
5.90978
5.93362
5.4362
0.0067634
0.126408
0.245569
0.125
0.121786
0.264897
0.345777
0.204722
0.525295
0.693071
0.723409
0.557781
1.22495
1.40475
1.38212
1.20355
2.14813
2.32358
2.2558
2.08019
3.18507
3.34452
3.24589
3.08507
4.24112
4.38307
4.26838
4.12464
5.27048
5.40222
5.28261
5.14959
0.0329927
0.162295
0.264289
0.136673
0.506178
0.6441
0.761002
0.623094
0.49188
0.615463
0.746059
0.625
0.284736
0.441188
0.497783
0.343579
0.722259
0.884039
0.96101
0.799365
0.581008
0.731394
0.830063
0.679837
0.841178
1.01699
1.02046
0.846442
1.21028
1.38613
1.41278
1.23708
0.932705
1.10328
1.15586
0.985427
1.6652
1.84477
1.79805
1.61904
1.93941
2.11433
2.0895
1.91484
1.5489
1.72614
1.72656
1.54951
2.65922
2.82755
2.74239
2.57323
2.83195
2.99394
2.92592
2.76433
2.37088
2.54037
2.49244
2.32328
3.71484
3.86507
3.75673
3.60481
3.80342
3.9491
3.85159
3.70642
3.31223
3.46587
3.38128
3.22811
4.75998
4.89559
4.77736
4.64009
4.79827
4.93281
4.81951
4.68548
4.29983
4.43895
4.33199
4.1934
5.77401
5.90425
5.78465
5.65368
5.79679
5.92771
5.80902
5.67834
5.2974
5.42934
5.31234
5.1808
0.0139298
0.247598
0.374055
0.491228
0.365399
0.375
0.193642
0.412644
0.565112
0.643034
0.491861
0.436142
0.674177
0.863337
1.03587
1.0634
0.892055
0.765329
1.43884
1.58405
1.76244
1.73832
1.56055
1.37126
2.40103
2.49628
2.66588
2.5984
2.42869
2.19805
3.45001
3.50088
3.65391
3.55688
3.40325
3.15436
4.5016
4.52332
4.66175
4.54891
4.40984
4.1577
5.52296
5.53397
5.66553
5.54707
5.41515
5.16442
0.0685441
0.296617
0.535689
0.397243
0.788087
0.938742
1.0572
0.905306
1.03097
0.885835
0.747549
1.01718
0.878412
1.01018
0.875
0.395325
0.601411
0.818857
0.656256
1.05048
1.22147
1.30069
1.12803
1.21849
1.04979
0.88758
1.15059
0.986767
1.09692
1.02521
1.19379
1.37248
1.19595
1.56299
1.74022
1.76819
1.58995
1.63137
1.45293
1.27682
1.50749
1.32991
1.39712
1.90225
2.02252
2.15074
1.97545
2.28657
2.45525
2.42983
2.26143
2.24895
2.07695
1.90243
2.0778
1.90287
1.91726
2.92105
2.99269
3.07026
2.90819
3.15134
3.30345
3.23301
3.08237
3.02195
2.86671
2.70594
2.8172
2.65735
2.61954
3.97875
4.01274
4.05122
3.90559
4.09075
4.22808
4.12738
3.99198
3.89736
3.75886
3.61492
3.6713
3.52916
3.44967
5.01623
5.03045
5.04779
4.91329
5.06535
5.19596
5.08008
4.95099
4.83764
4.70786
4.57499
4.59784
4.46681
4.36099
6.02415
6.15432
6.03481
6.16554
6.04652
5.91562
6.17727
6.05832
6.18868
6.06923
5.93925
5.81992
5.69039
5.56029
5.57161
5.44252
5.32485
0.125213
0.232504
0.623084
1.30239
2.20098
3.21463
4.25402
5.27606
0.14744
0.631843
0.617919
0.389969
0.839625
0.703609
0.929604
1.30977
1.04234
1.73056
2.01333
1.63626
2.69989
2.8785
2.4309
3.73499
3.82753
3.34659
4.76803
4.80905
4.31604
5.77906
5.80299
5.305
0.129747
0.367962
0.367793
0.301855
0.526269
0.46185
0.767512
0.961878
0.82652
1.51034
1.66001
1.46424
2.44771
2.54656
2.31246
3.47462
3.52841
3.27853
4.51177
4.53583
4.28378
5.52808
5.54038
5.28983
0.181321
0.41465
0.383765
0.660055
0.920268
0.893931
0.617672
0.880836
0.876646
0.497085
0.708567
0.608443
0.932672
1.17289
1.08704
0.76332
1.01642
0.960934
1.10832
1.28178
1.11394
1.46611
1.66351
1.51977
1.16824
1.38967
1.27387
1.96136
2.08565
1.86765
2.21771
2.35725
2.16798
1.81907
1.98857
1.82008
2.95599
3.03087
2.78648
3.11052
3.19229
2.97382
2.65158
2.7612
2.55534
3.99498
4.03162
3.77966
4.07108
4.10968
3.87502
3.58584
3.64355
3.41577
5.02277
5.03891
4.78757
5.05672
5.07326
4.82918
4.56211
4.58706
4.34714
6.02931
6.04058
5.79061
6.05249
6.06394
5.81472
5.55379
5.56631
5.31906
