FiniteElementSpace
FiniteElementCollection: H1_2D_P2
VDim: 2
Ordering: 0

0
-0.0045443
-0.00548586
-0.00592957
-0.00564399
-0.0043538
-0.00267103
-0.00109431
0.000507064
0
0.000675819
0.000848366
0.00332131
0.00814097
0.0127102
0.0151349
0.0163076
0.0178606
-0.00296117
-0.00214856
0.000632416
0
-0.00518422
-0.00246729
0.000594078
-0.00574154
-0.00149584
0.00171709
-0.00592457
0.00119046
0.00556512
-0.00509519
0.00426602
0.0106392
-0.003518
0.0062995
0.0141906
-0.00186142
0.0075743
0.015754
-0.000330555
0.00903769
0.016993
-0.00122704
-0.00244756
-0.00219521
-0.000325025
0.00280348
0.00543339
0.0069647
0.00825541
-0.00160482
-0.00194125
-0.000501708
0
-0.00494112
-0.00387191
-0.00234497
-0.00333365
-0.00561595
-0.00408441
-0.00237642
-0.00407552
-0.00595836
-0.00317503
-0.00096539
-0.003812
-0.00539947
-0.00107684
0.00200174
-0.00221256
-0.00394184
0.00104603
0.00489011
5.11811e-05
-0.00226016
0.00257438
0.00664844
0.00187304
-0.000715984
0.0039509
0.00790077
0.00323521
-0.00390363
-0.00179713
-0.000866436
0.000709421
-0.000551925
0.000371787
0
-0.0053494
-0.00248693
-0.000781494
0.000658736
-0.000936477
0.000615828
-0.00585164
-0.00190548
0.000906359
0.00242771
-0.00022022
0.00119391
-0.00582035
0.000403531
0.00461981
0.00683661
0.00258956
0.00437835
-0.00474243
0.00356583
0.00844184
0.0117436
0.00667062
0.00942492
-0.00309193
0.00589964
0.0106942
0.0147191
0.00977636
0.0135256
-0.00147403
0.0072673
0.0119306
0.0160239
0.0113462
0.0154687
7.43434e-05
0.00475765
0.00863567
0.0134079
0.0174082
0.0126073
0.0166268
-0.000808252
-0.00366886
-0.00410747
-0.00353996
-0.00165456
0.000569565
0.00223471
0.00358087
-0.0027865
-0.000753644
-0.000250973
-0.00399844
-0.000896663
-0.00092316
-0.00399073
0.000267999
-0.000564261
-0.00272681
0.00358057
0.00168727
-0.00050202
0.00760521
0.00566371
0.0014793
0.0102801
0.00916636
0.00290375
0.0116349
0.0110411
0.00434874
0.0129943
0.0122514
-0.000648566
-0.00111149
-0.000280598
0
-0.00476661
-0.00430829
-0.00352236
-0.00392983
-0.00555106
-0.00489816
-0.00409765
-0.0048122
-0.00595118
-0.00477474
-0.00368776
-0.00490371
-0.00552967
-0.00351022
-0.00193748
-0.00392186
-0.00414984
-0.00165222
0.000315238
-0.00211734
-0.00246406
2.08501e-06
0.00205726
-0.000377987
-0.000905551
0.00143186
0.0034056
0.00107099
-0.00346914
-0.00332142
-0.00240608
-0.00240225
-0.0015415
-0.00129768
-0.000665465
-0.000909841
-0.000178971
-0.000386729
-8.71181e-05
0
-0.00527207
-0.00469797
-0.00394254
-0.00454254
-0.00247465
-0.00169601
-0.000924558
-0.00170024
-0.00226196
-0.0016481
-0.00090076
-0.00152738
-0.00579967
-0.0049585
-0.00404742
-0.00495145
-0.00206484
-0.000822684
5.22208e-06
-0.00121042
-0.00243202
-0.00147229
-0.00068729
-0.00162664
-0.00588147
-0.00427845
-0.0029603
-0.00456572
3.00018e-05
0.00198497
0.00307635
0.00112536
-0.00124525
0.000354665
0.00128001
-0.000299971
-0.00492393
-0.00259113
-0.000787807
-0.00306075
0.00319114
0.00558113
0.0071488
0.00473169
0.00159523
0.00382651
0.00514386
0.00289831
-0.00330459
-0.000779551
0.00126786
-0.00120467
0.00567553
0.00808869
0.0100406
0.00760315
0.00458799
0.00702574
0.00881852
0.00635053
-0.00166647
0.000718787
0.00273958
0.000365376
0.00711653
0.00944954
0.0114911
0.00915442
0.00647918
0.00884398
0.0108744
0.00849599
-0.000131765
0.00221794
0.00414678
0.00181153
0.00844307
0.0108057
0.0127978
0.0104251
0.00773441
0.0100721
0.012087
0.00974991
-0.00236232
-0.00139864
-0.00156159
-0.000866448
-0.000642764
0
-0.00507569
-0.00378279
-0.00317201
-0.00240567
-0.00301534
-0.00274301
-0.00567985
-0.00410383
-0.00315853
-0.0022984
-0.00326015
-0.00328826
-0.00594996
-0.00336861
-0.00175947
-0.000657753
-0.00226608
-0.0026703
-0.00525398
-0.00136667
0.00087173
0.00240578
0.00017812
-0.000511079
-0.00373061
0.000813165
0.00325243
0.0051717
0.00274325
0.00217157
-0.00205921
0.00240657
0.00477275
0.00680943
0.0044476
0.00409501
-0.000524895
0.00376243
0.00609797
0.00807452
0.00573718
0.00540299
-0.00425978
-0.00309188
-0.00199721
-0.00228272
-0.000819255
-0.000137098
0.000701839
-9.85089e-05
0.000691722
-6.02889e-05
-0.000411432
0.000529292
-3.12481e-05
0.000164486
0
-0.00541882
-0.0040426
-0.00248519
-0.00325757
-0.000850192
4.8767e-05
0.000736528
-0.000106914
0.000613886
-0.000168309
-0.000935723
0.000597803
-0.000168127
0.000645511
-0.00589591
-0.00391267
-0.00171594
-0.00296626
0.000568574
0.00211538
0.00285222
0.00135467
0.00204883
0.000759881
-0.000409375
0.00143258
0.000329468
0.00100053
-0.00574095
-0.00247654
0.000791811
-0.00116648
0.00409684
0.00636385
0.00748777
0.00519551
0.006193
0.00406859
0.00212503
0.00495764
0.00302903
0.00383077
-0.00455165
-0.000221808
0.00392471
0.00154319
0.00803692
0.0105558
0.0122457
0.00965358
0.0112075
0.00863448
0.00617417
0.0100437
0.0075253
0.00878864
-0.00288036
0.00168066
0.00610692
0.00370054
0.010497
0.0129032
0.0149396
0.0124855
0.0144711
0.0119668
0.00948538
0.0138768
0.0113272
0.0131375
-0.0012836
0.00306846
0.00741924
0.00508607
0.0117806
0.0141159
0.0161623
0.013825
0.0158889
0.0135437
0.0111972
0.0156154
0.0132462
0.0153102
0.000288592
0.00264112
0.00455363
0.00688916
0.00883258
0.00648528
0.0112123
0.0131961
0.0156313
0.0176313
0.0152002
0.0171938
0.0147989
0.0124248
0.0168034
0.0144369
0.0164615
-0.000375627
-0.00414188
-0.00485869
-0.00484899
-0.00372181
-0.00188309
-0.000185515
0.00124971
-0.00290357
-0.00112507
-0.000140514
-0.00462694
-0.00170561
-0.0015986
-0.00496178
-0.00103311
-0.00156162
-0.00443136
0.00154614
1.15932e-05
-0.0028274
0.00516508
0.003363
-0.000989194
0.00785664
0.00670031
0.000542818
0.00930253
0.00867603
0.00201122
0.0106127
0.00990752
-0.00181359
-0.00110866
-0.000223497
-0.00443847
-0.00310484
-0.00289781
-0.00492965
-0.0032197
-0.00328246
-0.00468022
-0.00202471
-0.00248153
-0.00328906
0.000526121
-0.000168819
-0.0014259
0.00300562
0.00246495
0.000185443
0.00461261
0.00427563
0.0016188
0.00591406
0.00556726
-0.00365996
-0.00254162
-0.00195789
-0.00143004
-0.000118036
-7.90526e-05
-0.000655364
-4.11743e-05
-2.05845e-05
-0.00475885
-0.00327985
-0.00322231
-0.00167072
-4.27209e-05
-0.000147237
-0.00168174
-0.000173896
-0.000154934
-0.00493973
-0.00283172
-0.00307471
-0.000578285
0.00171466
0.00103628
-0.00135614
0.000524826
0.000171881
-0.00410794
-0.0008448
-0.00147235
0.00243734
0.00577744
0.00462374
0.000727007
0.00353509
0.00255433
-0.00235389
0.00186372
0.00121164
0.00597691
0.0101206
0.00915736
0.00428417
0.00808907
0.00694838
-0.000575911
0.00390375
0.00348369
0.00830098
0.0127055
0.0122403
0.00732644
0.0116632
0.0109584
0.000894452
0.00524319
0.0049299
0.00959792
0.0139677
0.0136846
0.00900246
0.0133988
0.0130823
0.00242974
0.00668502
0.00628893
0.0110039
0.0154116
0.0149951
0.0102447
0.0146124
0.0142716
0
-0.00937989
-0.017814
-0.0274447
-0.0406763
-0.0572442
-0.0749057
-0.0920487
-0.109087
0
-0.00484643
-0.0120947
-0.0208223
-0.0338435
-0.0516247
-0.0711433
-0.0896697
-0.107215
-0.00522006
-0.00702092
-0.0015563
0
-0.01362
-0.0148282
-0.0084187
-0.022287
-0.0237033
-0.016097
-0.033555
-0.0367752
-0.0266663
-0.0486665
-0.0541994
-0.0422786
-0.0660823
-0.0730335
-0.0613958
-0.083562
-0.0908991
-0.0805892
-0.100496
-0.108155
-0.0984824
-0.00294058
-0.0109958
-0.0189046
-0.0296069
-0.04509
-0.0636479
-0.0821249
-0.099503
-0.00328075
-0.00400679
-0.00114757
0
-0.0115123
-0.0122982
-0.00903949
-0.00816362
-0.0199886
-0.0205364
-0.0168056
-0.0163046
-0.0303721
-0.0314249
-0.0265007
-0.0254584
-0.0445781
-0.0467527
-0.040807
-0.0385657
-0.0616502
-0.0648538
-0.0589093
-0.0556535
-0.0792584
-0.0828856
-0.0776222
-0.0739971
-0.096265
-0.100022
-0.0952086
-0.0915108
-0.00726137
-0.00496098
-0.00595667
-0.00312367
-0.00212801
-0.000409628
0
-0.0157084
-0.0129105
-0.013419
-0.0102357
-0.00971949
-0.00662247
-0.024759
-0.0211857
-0.0221571
-0.0183423
-0.017415
-0.0140325
-0.036994
-0.0330339
-0.0352173
-0.0300857
-0.0280311
-0.023585
-0.0529025
-0.0495733
-0.0528627
-0.046867
-0.0436127
-0.0379202
-0.0705088
-0.0683679
-0.072072
-0.0662949
-0.0624922
-0.056488
-0.0878212
-0.0865456
-0.0902692
-0.0851716
-0.081345
-0.0759128
-0.104771
-0.108627
-0.103812
-0.10768
-0.102834
-0.0989724
-0.0941005
-0.00198694
-0.0102551
-0.0183626
-0.0282969
-0.0425456
-0.0602413
-0.0784781
-0.0957668
-0.00605838
-0.00401458
-0.000577306
-0.0143016
-0.0115585
-0.00786068
-0.0228846
-0.0196654
-0.0153522
-0.0348507
-0.0314597
-0.0249351
-0.0511396
-0.0481597
-0.0392813
-0.0694494
-0.0673093
-0.0576597
-0.0872248
-0.0858456
-0.0767544
-0.10431
-0.103302
-0.0946368
-0.00202828
-0.00258426
-0.0010272
0
-0.010451
-0.0108804
-0.00921445
-0.00876491
-0.0188891
-0.019169
-0.0173227
-0.0170578
-0.0288763
-0.0292944
-0.0268429
-0.0264195
-0.0426018
-0.0435182
-0.040525
-0.0395733
-0.059442
-0.0609369
-0.0579413
-0.0564305
-0.0770886
-0.0788827
-0.0762465
-0.074463
-0.0941571
-0.0960255
-0.0936409
-0.0917925
-0.00622916
-0.00665041
-0.00502144
-0.00460747
-0.00393744
-0.00446836
-0.00305287
-0.00250051
-0.000484876
-0.000834483
-0.000134391
0
-0.0146663
-0.0150057
-0.0133026
-0.0129589
-0.0119554
-0.0122297
-0.0106389
-0.0103562
-0.00803695
-0.00844851
-0.00691366
-0.00648154
-0.0234977
-0.0237988
-0.0216853
-0.0213976
-0.020019
-0.0204023
-0.0185135
-0.0181404
-0.0158054
-0.0160641
-0.0143732
-0.0141139
-0.0352427
-0.0358738
-0.0331012
-0.0324441
-0.0312807
-0.0322197
-0.0297037
-0.0287912
-0.0250652
-0.0256905
-0.0235081
-0.0229043
-0.050769
-0.051993
-0.0489271
-0.0476728
-0.0473103
-0.0488495
-0.0458628
-0.0443311
-0.0387573
-0.040021
-0.037213
-0.0359708
-0.0682984
-0.0699857
-0.0671557
-0.0654678
-0.0660125
-0.0678339
-0.0649054
-0.0630628
-0.0565474
-0.0582742
-0.0552532
-0.0535175
-0.085697
-0.0875377
-0.0850629
-0.0832393
-0.0843446
-0.086195
-0.0836059
-0.0817342
-0.0753381
-0.0771869
-0.0744242
-0.0725501
-0.102628
-0.104544
-0.102161
-0.100265
-0.101654
-0.103555
-0.101136
-0.099236
-0.0930576
-0.0949214
-0.0924584
-0.0905832
-0.00424355
-0.00299128
-0.00344685
-0.00200242
-0.00152703
0
-0.0125723
-0.0112829
-0.0116427
-0.010024
-0.00964046
-0.00758066
-0.0211184
-0.0194311
-0.019704
-0.017836
-0.0175729
-0.0155595
-0.0319307
-0.0298242
-0.0304823
-0.0280145
-0.0273678
-0.0245538
-0.0466016
-0.0446238
-0.045895
-0.0429203
-0.0416458
-0.0376372
-0.0638656
-0.0625471
-0.0642458
-0.061278
-0.0595652
-0.0549108
-0.0814168
-0.0806908
-0.0825112
-0.0798841
-0.078055
-0.073518
-0.0983773
-0.0978928
-0.0997669
-0.0973559
-0.0954924
-0.0912105
-0.00831759
-0.00710902
-0.00599176
-0.00549238
-0.00498606
-0.00542436
-0.00397756
-0.00357876
-0.00231521
-0.00181354
-0.00129184
-0.000912725
-0.000412046
-9.35193e-05
0
-0.0167566
-0.0152996
-0.0138652
-0.0136017
-0.012483
-0.012746
-0.0111594
-0.0108959
-0.0093256
-0.00907875
-0.00879389
-0.00752084
-0.007261
-0.00573352
-0.0260723
-0.0241407
-0.0224122
-0.0220132
-0.0208782
-0.0214623
-0.0195487
-0.0189774
-0.0171932
-0.0167325
-0.016364
-0.0150459
-0.0146739
-0.0130519
-0.0388059
-0.0366737
-0.0348667
-0.0339079
-0.0332984
-0.0345095
-0.031921
-0.0307494
-0.0283312
-0.0273232
-0.0264421
-0.0250823
-0.0242331
-0.0221642
-0.0550631
-0.0533841
-0.0518722
-0.0503351
-0.0504955
-0.0522328
-0.0492283
-0.0475002
-0.0445468
-0.04293
-0.0414165
-0.0400658
-0.0385825
-0.0358422
-0.0727126
-0.0717305
-0.070709
-0.068908
-0.0696993
-0.0716027
-0.0687284
-0.0667963
-0.0638501
-0.0619369
-0.0600749
-0.0589404
-0.057065
-0.0540472
-0.0899382
-0.0893731
-0.0887293
-0.0868913
-0.0880658
-0.0899632
-0.0874305
-0.0855032
-0.0828923
-0.0809624
-0.0790612
-0.0782638
-0.076329
-0.07354
-0.10693
-0.10886
-0.106469
-0.108391
-0.105979
-0.104065
-0.107917
-0.105478
-0.107443
-0.105009
-0.103058
-0.100659
-0.0987194
-0.0968069
-0.0962957
-0.0943615
-0.0918921
-0.00142109
-0.00982709
-0.0181022
-0.0278236
-0.0415174
-0.0586781
-0.0766806
-0.0939102
-0.0056166
-0.00346843
-0.000288859
-0.0139847
-0.0112942
-0.00747152
-0.0225732
-0.0192448
-0.015077
-0.0341246
-0.0304647
-0.0242599
-0.0498154
-0.0465679
-0.0379608
-0.0677303
-0.065453
-0.0558884
-0.0853951
-0.0839746
-0.0748792
-0.102399
-0.101393
-0.0927569
-0.00359907
-0.00246089
-0.000725949
-0.0119255
-0.0106481
-0.00861667
-0.0202647
-0.0186198
-0.0165551
-0.0308344
-0.0288869
-0.0259249
-0.0455722
-0.0437435
-0.0396091
-0.0632018
-0.0619051
-0.0572315
-0.0810688
-0.0802929
-0.0757961
-0.0981428
-0.0976288
-0.0933544
-0.00770478
-0.00653594
-0.00445769
-0.00547618
-0.00449899
-0.00267531
-0.001613
-0.00104534
-4.1141e-05
-0.0160279
-0.014577
-0.0126249
-0.0131669
-0.0118147
-0.00998603
-0.00940781
-0.00817165
-0.00634491
-0.0250791
-0.0232519
-0.0208329
-0.0216205
-0.0201866
-0.0178283
-0.0170828
-0.0156837
-0.0136975
-0.0376914
-0.0357362
-0.0321568
-0.0340562
-0.032588
-0.0289934
-0.0272006
-0.0257363
-0.0228092
-0.0542003
-0.0526096
-0.0480947
-0.0511686
-0.04985
-0.0451906
-0.0421467
-0.0407245
-0.0365084
-0.0722307
-0.0712208
-0.0665814
-0.0702005
-0.0692084
-0.0643712
-0.0606677
-0.0594996
-0.0546403
-0.0896694
-0.0890571
-0.0847098
-0.0883968
-0.0877423
-0.083244
-0.0794717
-0.0786577
-0.0739772
-0.106703
-0.106227
-0.101912
-0.105728
-0.105235
-0.100889
-0.0970799
-0.0965438
-0.0921686
