FiniteElementSpace
FiniteElementCollection: L2_2D_P3
VDim: 1
Ordering: 0

0.0132896
0.00829704
0.0106846
0.0136755
0.00584811
0.00487429
0.00773475
0.0109778
0.0019504
0.00240617
0.00470547
0.0072398
0.00122932
0.00155685
0.00298575
0.00447583
0.004287
0.00387435
0.0033837
0.00304275
0.00337864
0.00304763
0.00265929
0.00239356
0.0024063
0.00216989
0.00189979
0.00172084
0.00183169
0.00165784
0.00146552
0.00134345
0.000391808
0.000295983
0.000191646
0.000127538
0.0003313
0.000255005
0.000173759
0.000125395
0.0003104
0.000254502
0.000197575
0.000165942
0.00033779
0.000293078
0.000249731
0.000227613
0.00019839
0.00024357
0.000309757
0.000365871
0.00015583
0.000186622
0.000232951
0.000272954
0.000137635
0.000152048
0.000176199
0.000198503
0.000147619
0.000150948
0.000160516
0.000171486
0.000944032
0.000971248
0.00100447
0.00102805
0.000678251
0.000697722
0.000721209
0.000737621
0.000414374
0.000425191
0.000438013
0.000446723
0.000267585
0.000272849
0.000278975
0.000282965
0.00096644
0.000937887
0.000898926
0.000867881
0.000697313
0.000677649
0.000650486
0.000628628
0.000424569
0.00041381
0.000398632
0.000386239
0.000269253
0.000263568
0.00025533
0.000248503
0.000407409
0.000371029
0.000325873
0.000293096
0.000304084
0.00027774
0.000245228
0.000221794
0.000200874
0.000184872
0.000165468
0.000151783
0.000144141
0.000134153
0.000122432
0.000114508
3.91367e-05
3.03994e-05
2.07858e-05
1.47611e-05
3.45688e-05
2.75004e-05
1.97894e-05
1.49944e-05
3.21188e-05
2.65927e-05
2.06693e-05
1.70525e-05
3.29529e-05
2.81007e-05
2.29844e-05
1.99198e-05
0.00760178
0.00715251
0.00663047
0.00627716
0.0061802
0.00576697
0.0052909
0.00497168
0.00454156
0.00419215
0.00379526
0.00353361
0.00348186
0.00318859
0.00286118
0.00265005
0.000785297
0.000737135
0.00070226
0.000696028
0.00074379
0.000712483
0.000690222
0.000686993
0.00123898
0.00118068
0.00111128
0.00106429
0.00208466
0.00196494
0.00180648
0.00168621
0.000127296
1.93856e-05
0.000170818
0.000373649
0.000151221
3.15414e-05
0.000155251
0.000355919
0.000300402
0.000240103
0.000550074
0.00093773
0.000746104
0.000663632
0.00122973
0.00190486
0.00173959
0.00149962
0.00121656
0.00102217
0.00137566
0.00118593
0.000965584
0.000817026
0.00102298
0.000889377
0.000739159
0.000641929
0.000848409
0.0007498
0.000643477
0.000578502
0.000563054
0.000537288
0.000518638
0.000515228
0.000563344
0.00053552
0.000513076
0.000505995
0.000663559
0.000618832
0.00057436
0.000550519
0.000822254
0.000752778
0.000677307
0.000630777
0.000648009
0.000625088
0.0006131
0.000617198
0.000657332
0.000637186
0.000625296
0.000626934
0.00092884
0.000887
0.000843672
0.000819201
0.00135597
0.00127545
0.00118067
0.00111644
3.41273e-06
3.32131e-06
1.70606e-05
3.82039e-05
2.58191e-05
2.26129e-05
3.03924e-05
4.54055e-05
8.61366e-05
7.82794e-05
7.83284e-05
8.60028e-05
0.000153285
0.000140994
0.000134672
0.000136909
0.000293929
0.000270712
0.0002485
0.000237099
0.000264563
0.000242013
0.000220607
0.000209791
0.000223267
0.000201426
0.000181434
0.000172102
0.000190334
0.000168951
0.000150389
0.000142815
0.000437197
0.000410674
0.000387658
0.000378273
0.000416119
0.000388027
0.000362729
0.000351436
0.000408608
0.000373003
0.000338574
0.000320816
0.000419372
0.000373701
0.000327466
0.000301684
0.000604862
0.00065395
0.000719386
0.000770389
0.000440272
0.000474625
0.00052063
0.000556565
0.000286567
0.00030465
0.000329497
0.00034924
0.00020886
0.000216491
0.000228009
0.000237743
7.00016e-05
6.00004e-05
4.95456e-05
4.32551e-05
6.87768e-05
6.11269e-05
5.38593e-05
5.01435e-05
9.16303e-05
8.9288e-05
8.92286e-05
9.13024e-05
0.000128797
0.000132172
0.000139882
0.000148179
0.000164405
0.000147408
0.000130181
0.000120338
0.000144318
0.000129577
0.00011528
0.000107708
0.000123559
0.000113848
0.000106405
0.000104354
0.000113042
0.000108773
0.000108886
0.000113015
0.0010703
0.00106692
0.00105936
0.0010512
0.000768036
0.000766246
0.000761253
0.000755415
0.000463211
0.000462632
0.000459911
0.000456343
0.000290237
0.000290109
0.000288511
0.000286212
1.46451e-06
1.44406e-06
2.02042e-06
2.93361e-06
2.63907e-05
2.62573e-05
2.70329e-05
2.83663e-05
0.000106271
0.000105917
0.000106833
0.000108602
0.00020366
0.000203057
0.000203954
0.00020594
1.74059e-05
1.33806e-05
9.30038e-06
6.96294e-06
3.36471e-05
3.09114e-05
2.87888e-05
2.81879e-05
9.54042e-05
9.56121e-05
9.77049e-05
0.000100649
0.000174148
0.000177515
0.000184025
0.000190594
0.000707227
0.000667272
0.00061573
0.0005768
0.000516475
0.000488228
0.000451765
0.00042424
0.000323414
0.000307145
0.00028623
0.000270557
0.000214235
0.000204919
0.000193116
0.000184457
2.98139e-05
3.14252e-05
3.44573e-05
3.75673e-05
4.49348e-05
4.5135e-05
4.65224e-05
4.85061e-05
9.77242e-05
9.43184e-05
9.1305e-05
9.01293e-05
0.000163355
0.000155856
0.000147766
0.00014289
1.03672e-05
1.21542e-05
1.51188e-05
1.79469e-05
3.37575e-05
3.44158e-05
3.62115e-05
3.83622e-05
0.00010818
0.000106166
0.000104871
0.000104937
0.00019861
0.000193643
0.00018879
0.000186343
0.000168552
0.0001455
0.000118096
9.9139e-05
0.000131476
0.000114214
9.39053e-05
8.00265e-05
9.64006e-05
8.50466e-05
7.20269e-05
6.34036e-05
7.92115e-05
7.11982e-05
6.23366e-05
5.67393e-05
4.82052e-05
4.6028e-05
4.43877e-05
4.40099e-05
4.76748e-05
4.51107e-05
4.29897e-05
4.22624e-05
5.53679e-05
5.11995e-05
4.71117e-05
4.49753e-05
6.76594e-05
6.14177e-05
5.47963e-05
5.08513e-05
4.59143e-05
4.59017e-05
4.70693e-05
4.88996e-05
5.15758e-05
5.05228e-05
5.04253e-05
5.13486e-05
7.85996e-05
7.45161e-05
7.06736e-05
6.88769e-05
0.000114307
0.00010663
9.8325e-05
9.32741e-05
2.0401e-06
1.11723e-06
3.79481e-07
1.51852e-07
3.40045e-06
2.21329e-06
1.11522e-06
5.86626e-07
5.67272e-06
4.04547e-06
2.43876e-06
1.55398e-06
7.78702e-06
5.69589e-06
3.6241e-06
2.47797e-06
1.07307e-05
7.97238e-06
5.16727e-06
3.54097e-06
9.85517e-06
7.28744e-06
4.67496e-06
3.16229e-06
8.85162e-06
6.48226e-06
4.07296e-06
2.68445e-06
8.16539e-06
5.91574e-06
3.63698e-06
2.33523e-06
3.36283e-05
3.00369e-05
2.63342e-05
2.41597e-05
3.15449e-05
2.80738e-05
2.4508e-05
2.24268e-05
3.08558e-05
2.71124e-05
2.32275e-05
2.09358e-05
3.18298e-05
2.75474e-05
2.30414e-05
2.03428e-05
0.0101706
0.00926157
0.00828479
0.00764949
0.00829207
0.00759612
0.00680251
0.00627449
0.00597794
0.00553065
0.00503185
0.00471017
0.00433428
0.0040944
0.00384318
0.00369973
0.00358657
0.00341908
0.00327761
0.00318961
0.00228532
0.00222843
0.00219713
0.00219643
0.00117418
0.00119058
0.00122699
0.00126608
0.000731878
0.00077869
0.000838318
0.000877775
0.000915086
0.00106168
0.00225347
0.00349268
0.000441288
0.000538058
0.0013358
0.00218742
0.000178767
0.000160768
0.00054162
0.000999352
0.000127358
3.44169e-05
0.000215098
0.000484526
0.00285932
0.00253412
0.00214723
0.00187849
0.00225124
0.00199267
0.00168937
0.00148212
0.00162336
0.00144066
0.00123247
0.00109515
0.0012735
0.00113963
0.000992586
0.000900227
0.00111252
0.00100172
0.0008829
0.000810758
0.000850749
0.000776369
0.000701912
0.000661381
0.000654639
0.000613394
0.000578907
0.000566591
0.000623143
0.000595018
0.00057595
0.000574254
0.00156574
0.00142161
0.00126558
0.00116948
0.00113523
0.00103879
0.000940885
0.000886231
0.000779982
0.000729486
0.000686671
0.000670696
0.000680193
0.000650382
0.000631388
0.000631504
9.99268e-05
5.84606e-05
2.155e-05
6.47193e-06
0.000104712
7.01533e-05
4.00724e-05
2.84337e-05
0.000150788
0.000122497
9.85951e-05
9.00043e-05
0.000214563
0.000188506
0.000166723
0.000159027
0.00024287
0.000218096
0.000197264
0.000189699
0.000275029
0.000252291
0.000233022
0.000225757
0.00032288
0.000300127
0.000280214
0.000271898
0.000363339
0.000338454
0.000315894
0.000305595
0.000349779
0.000310433
0.000273185
0.000255007
0.000357347
0.000326144
0.000298113
0.000285865
0.000390428
0.000364431
0.000342267
0.000333732
0.000433344
0.000406999
0.000384401
0.000375483
0.000395508
0.000446932
0.000518152
0.000575693
0.000293575
0.000329238
0.000379266
0.000420047
0.00020883
0.000226915
0.000253659
0.000276274
0.000175168
0.000181746
0.000193587
0.000204816
0.000161085
0.00016278
0.000168183
0.000174421
0.000134844
0.000129869
0.000126479
0.000125901
0.000117493
0.000106572
9.55842e-05
8.93035e-05
0.000115452
0.000102005
8.8018e-05
7.96606e-05
0.000152446
0.000151094
0.00015433
0.000160258
0.000152316
0.000144544
0.000139072
0.000138048
0.000158744
0.000144887
0.000131447
0.000124277
0.000167399
0.000150568
0.000133503
0.000123735
0.00103755
0.00104956
0.00106218
0.00106945
0.000744277
0.000753228
0.000762334
0.000767294
0.000450176
0.000455438
0.000460448
0.000462819
0.000284391
0.000287141
0.000289449
0.000290182
0.00021364
0.000215275
0.000216419
0.000216484
0.000110313
0.000110354
0.000109922
0.000109168
2.95262e-05
2.82211e-05
2.66586e-05
2.55216e-05
5.89601e-06
4.14669e-06
2.41467e-06
1.46364e-06
0.000204942
0.000207809
0.000211068
0.00021306
0.000112566
0.000112124
0.000111504
0.000110871
4.0199e-05
3.70189e-05
3.34102e-05
3.09401e-05
1.87287e-05
1.46414e-05
1.02528e-05
7.49768e-06
0.000849365
0.000813146
0.00076532
0.000728363
0.000615981
0.000590675
0.000557087
0.000531036
0.000379405
0.000365178
0.000346185
0.000331424
0.000244942
0.000237107
0.000226632
0.000218537
0.000187388
0.000182248
0.000175388
0.000170135
0.00010222
0.000100751
9.88915e-05
9.76183e-05
3.65956e-05
3.79241e-05
4.00299e-05
4.20232e-05
1.89855e-05
2.10763e-05
2.44207e-05
2.75447e-05
0.000202865
0.000199298
0.000194
0.000189555
0.000105548
0.00010481
0.00010354
0.000102427
3.02658e-05
3.16528e-05
3.35969e-05
3.52739e-05
9.55647e-06
1.15076e-05
1.44949e-05
1.72024e-05
0.000275773
0.000245352
0.000208335
0.00018204
0.000209495
0.000187142
0.000160167
0.000141192
0.000144445
0.000130394
0.000113813
0.000102465
0.000109947
0.000100687
9.0154e-05
8.32795e-05
9.50127e-05
8.7828e-05
7.9886e-05
7.49058e-05
7.02155e-05
6.60917e-05
6.19827e-05
5.98128e-05
5.23626e-05
5.06238e-05
4.95408e-05
4.96192e-05
4.93444e-05
4.8269e-05
4.8071e-05
4.88393e-05
0.000119684
0.000112282
0.000103846
9.83658e-05
8.10583e-05
7.7379e-05
7.36862e-05
7.17486e-05
5.22537e-05
5.14797e-05
5.15503e-05
5.2469e-05
4.59384e-05
4.59903e-05
4.71979e-05
4.90291e-05
1.22669e-05
8.51011e-06
4.72694e-06
2.65907e-06
1.29326e-05
9.53631e-06
6.07172e-06
4.11229e-06
1.51649e-05
1.19447e-05
8.62474e-06
6.69023e-06
1.79714e-05
1.46094e-05
1.11358e-05
9.0973e-06
1.90215e-05
1.5608e-05
1.2028e-05
9.87415e-06
1.94885e-05
1.6176e-05
1.26925e-05
1.05802e-05
2.07127e-05
1.73465e-05
1.37938e-05
1.16236e-05
2.21685e-05
1.86195e-05
1.48567e-05
1.25439e-05
3.3204e-05
2.86604e-05
2.38724e-05
2.0998e-05
3.18256e-05
2.78999e-05
2.38188e-05
2.14049e-05
3.20112e-05
2.84534e-05
2.47941e-05
2.26547e-05
3.36977e-05
3.00963e-05
2.63823e-05
2.42001e-05
0.00599822
0.00550068
0.00491418
0.00451046
0.00475145
0.00434641
0.00387476
0.00355469
0.00338091
0.00308584
0.00275043
0.00252951
0.00253845
0.00231868
0.0020758
0.00192179
0.00214599
0.00196236
0.00176303
0.00163977
0.00150704
0.0013819
0.0012539
0.00118143
0.000945156
0.000879704
0.000822781
0.000799834
0.00074956
0.000713355
0.000689431
0.000688332
0.00297117
0.00270641
0.00241819
0.00223908
0.00205401
0.0018697
0.00167916
0.00156909
0.00121313
0.0011118
0.00101897
0.000976013
0.000885926
0.000825958
0.00077867
0.000764914
0.000685648
0.000660428
0.000647522
0.000652567
0.000680594
0.000663721
0.000655951
0.000660753
0.00104948
0.00101172
0.000970059
0.000944467
0.00165182
0.00157058
0.00146803
0.00139343
0.0020464
0.00193132
0.00178336
0.00167345
0.00299359
0.00279523
0.00253722
0.00234223
0.00483369
0.00447296
0.00400454
0.00365038
0.00676709
0.00623432
0.0055465
0.00502907
0.00260618
0.00246412
0.00226238
0.00209869
0.00388844
0.00366161
0.00334685
0.0030952
0.00632519
0.00595176
0.00544263
0.00504022
0.00883897
0.00832379
0.00763199
0.0070916
0.000654081
0.000715985
0.000763211
0.000773045
0.000604316
0.000654551
0.000708641
0.000738456
0.00121114
0.00123413
0.00126979
0.00129278
0.00242185
0.00231474
0.00225698
0.00223319
0.00305616
0.00294221
0.0028258
0.0027596
0.00501756
0.00471686
0.00431867
0.0040135
0.00842354
0.00784358
0.00705423
0.00643418
0.0116148
0.0108428
0.0098085
0.00897907
0.000937984
0.00127576
0.00214273
0.00287788
0.00112113
0.00157239
0.00371402
0.00618561
0.0063205
0.00425414
0.00751327
0.0117116
0.0219754
0.0093578
0.0118003
0.0165793
0.000925492
0.000762954
0.000575634
0.000450888
0.000743774
0.00061546
0.000470218
0.000375645
0.000592456
0.000501409
0.000402178
0.000340747
0.000542477
0.000473668
0.000402149
0.00036087
0.000519439
0.000461109
0.000402145
0.000369594
0.000473643
0.000431364
0.000391518
0.000372191
0.000465998
0.000436174
0.00041119
0.000402138
0.000501028
0.000473846
0.000452065
0.000445236
0.000768404
0.000686262
0.000600006
0.000549311
0.000634332
0.000577808
0.000522584
0.000493837
0.000552515
0.000517808
0.00048892
0.000478728
0.000564443
0.000536817
0.0005164
0.000512118
0.000504267
0.000477629
0.000456199
0.000449369
0.000493258
0.000464385
0.000439503
0.000429663
0.000530094
0.000488871
0.00044841
0.00042708
0.000599984
0.000541672
0.000480363
0.000444187
0.000626538
0.000558144
0.000484414
0.000439336
0.00068514
0.000593666
0.000491197
0.000425274
0.00085745
0.0007239
0.000570079
0.000467647
0.00106806
0.000892838
0.000688823
0.000551194
0.000904283
0.000819366
0.000724381
0.00066347
0.00109371
0.000972299
0.000831082
0.000735966
0.00150239
0.00131416
0.00108989
0.000934482
0.0019488
0.00169369
0.00138735
0.00117313
0.000610841
0.000586622
0.000571496
0.000572
0.000619753
0.000594977
0.000577066
0.000573987
0.000799983
0.000754857
0.000709314
0.00068444
0.00107842
0.00100097
0.000913864
0.000857817
0.00123899
0.00114028
0.00102576
0.000949107
0.00161733
0.00146716
0.0012865
0.00116016
0.00237313
0.00212685
0.00182511
0.00160959
0.00317179
0.00282741
0.00240372
0.0020996
0.00162012
0.00151218
0.00138141
0.00128971
0.0022503
0.00207514
0.00185683
0.00169842
0.0034813
0.00317689
0.00279368
0.00251228
0.00477358
0.00433377
0.00378035
0.00337398
5.25921e-05
8.10856e-05
0.000128793
0.000173343
5.53628e-05
7.36235e-05
0.000106458
0.000138356
8.98162e-05
9.59025e-05
0.000111594
0.000129275
0.000136108
0.000133374
0.000137198
0.000145421
0.000156769
0.00015036
0.000149
0.000152924
0.0001787
0.000167237
0.000158705
0.000156649
0.000207072
0.00019026
0.000174532
0.000166754
0.00022754
0.000207538
0.000187868
0.000177208
0.000183107
0.000169095
0.000159974
0.000159602
0.000217832
0.00020151
0.000188546
0.00018454
0.000261886
0.000242131
0.000224281
0.000216155
0.000293753
0.000271009
0.000249447
0.000238574
0.000225775
0.000205434
0.000185331
0.00017435
0.000199177
0.000180465
0.000162446
0.000153052
0.000163244
0.00014795
0.000134756
0.00012938
0.000135923
0.000124257
0.000116412
0.000115639
0.000113839
0.000105244
0.000101733
0.000104563
6.5762e-05
6.48025e-05
7.15242e-05
8.24986e-05
2.78439e-05
3.7372e-05
5.86691e-05
8.1612e-05
2.1108e-05
3.92612e-05
7.28554e-05
0.000106105
0.000161431
0.000141258
0.000124717
0.000119061
9.61425e-05
7.95209e-05
6.81286e-05
6.69058e-05
3.65958e-05
2.37681e-05
1.86994e-05
2.34891e-05
1.37092e-05
3.3623e-06
3.09357e-06
1.28397e-05
0.000365695
0.000340347
0.000317091
0.000306182
0.000338151
0.000312318
0.000288323
0.00027678
0.000305248
0.000276398
0.000249085
0.000235485
0.000283263
0.000250279
0.000218662
0.000202611
0.000257706
0.000223109
0.000189959
0.000173204
0.000198147
0.000160679
0.000124609
0.000106342
0.000154945
0.000110575
6.75191e-05
4.55563e-05
0.00015127
9.93907e-05
4.88138e-05
2.29028e-05
0.000411099
0.000360019
0.000307417
0.00027732
0.000389654
0.000326804
0.00025999
0.000219983
0.000417631
0.000332681
0.000239815
0.000182082
0.000485352
0.000378371
0.000259927
0.000185084
0.000795218
0.000835504
0.000887276
0.000926165
0.000573747
0.000602181
0.000638625
0.000665869
0.000358051
0.000373414
0.00039321
0.00040799
0.000241358
0.00024839
0.000257778
0.000264915
0.000191581
0.00019505
0.000199974
0.000203834
0.000116622
0.000115221
0.000114102
0.000113581
5.81338e-05
5.26628e-05
4.67165e-05
4.28747e-05
4.08782e-05
3.39805e-05
2.65515e-05
2.18668e-05
0.000175802
0.000178982
0.000184768
0.000190164
0.000123581
0.000120693
0.000118691
0.000118222
8.38624e-05
7.57746e-05
6.73244e-05
6.21791e-05
7.30782e-05
6.30086e-05
5.23128e-05
4.57081e-05
3.85835e-05
3.17775e-05
2.46637e-05
2.03814e-05
4.68593e-05
4.19708e-05
3.75606e-05
3.55402e-05
9.10788e-05
9.05301e-05
9.21088e-05
9.49683e-05
0.000151206
0.00015532
0.000163277
0.000171272
0.000191688
0.000198923
0.000211119
0.000222511
0.000286481
0.000300831
0.000322398
0.000341098
0.000456933
0.000481536
0.000516826
0.000546368
0.000626401
0.000659606
0.000706499
0.000745265
0.000153799
0.000161084
0.000174068
0.000186562
0.000214034
0.000230322
0.000255099
0.000276744
0.000333669
0.000362994
0.000405125
0.000440412
0.000460057
0.000500398
0.000557313
0.000604301
0.00011206
9.85943e-05
8.46841e-05
7.64768e-05
0.000100921
8.99437e-05
7.93239e-05
7.37116e-05
0.000101034
9.56665e-05
9.26297e-05
9.3083e-05
0.000113476
0.00011417
0.000119402
0.000126504
0.000121355
0.000126325
0.00013733
0.000149033
0.000142887
0.00015784
0.000181919
0.000203765
0.000205589
0.000234975
0.000278292
0.000315293
0.00028357
0.000325178
0.000384946
0.000435011
0.000104308
0.000104088
0.000109729
0.00011831
8.76852e-05
9.71242e-05
0.000115483
0.000133994
9.46172e-05
0.000117864
0.000154816
0.000188129
0.000125294
0.000160181
0.000213023
0.00025913
0.00104405
0.00102672
0.00100148
0.000980212
0.000750673
0.00073905
0.000721628
0.000706628
0.000453851
0.000447764
0.00043813
0.000429528
0.000284909
0.000281872
0.000276662
0.000271792
0.000212763
0.000210973
0.000207631
0.000204374
0.000107581
0.000107401
0.0001066
0.000105617
2.59287e-05
2.69172e-05
2.8188e-05
2.92043e-05
2.98301e-06
4.26465e-06
6.27754e-06
8.13524e-06
0.000216407
0.000216417
0.000215285
0.000213557
0.000108927
0.000109033
0.000108527
0.000107659
2.51874e-05
2.52809e-05
2.53696e-05
2.54246e-05
1.1674e-06
1.21709e-06
1.64376e-06
2.25992e-06
3.68305e-06
4.83539e-06
6.9022e-06
8.96551e-06
2.8988e-05
2.94389e-05
3.09283e-05
3.27999e-05
0.000108805
0.000107652
0.000107469
0.000108372
0.000205616
0.000202702
0.000200526
0.000200125
0.000269762
0.000265626
0.000262045
0.000260706
0.000415649
0.000408784
0.000401904
0.000398228
0.000658281
0.000646945
0.000634679
0.000627198
0.000886083
0.000870567
0.00085325
0.000842191
0.000268404
0.000267581
0.00026838
0.000270434
0.000416083
0.000414774
0.000415178
0.000417116
0.000662657
0.00066026
0.000659683
0.000661202
0.00089499
0.000891361
0.000889581
0.00089048
5.49289e-06
3.74385e-06
2.25545e-06
1.67976e-06
2.74045e-05
2.62341e-05
2.58262e-05
2.63418e-05
0.000101288
0.00010147
0.00010324
0.000105753
0.000192688
0.000194321
0.000198284
0.000202714
0.000253687
0.000256233
0.000261571
0.000267201
0.000393503
0.000398113
0.000406342
0.000414361
0.000629414
0.000636757
0.000648965
0.000660365
0.000853572
0.000862998
0.000878322
0.00089242
0.000226937
0.000232376
0.000241762
0.000250681
0.000348892
0.000359022
0.000374674
0.000388547
0.000559069
0.000575852
0.000600561
0.000621701
0.000761961
0.000784224
0.000816468
0.0008437
0.000555169
0.000515328
0.000464937
0.000427631
0.000409207
0.000380713
0.000344776
0.000318277
0.000262107
0.000245279
0.000224302
0.000209064
0.000179738
0.000169703
0.000157507
0.000148938
0.000144335
0.000137202
0.000128751
0.000123015
9.01063e-05
8.70688e-05
8.39305e-05
8.22348e-05
4.8946e-05
4.90889e-05
5.01653e-05
5.17398e-05
3.88704e-05
3.99133e-05
4.22772e-05
4.49201e-05
0.000167418
0.000161054
0.000153127
0.000147451
9.71539e-05
9.48838e-05
9.2379e-05
9.09098e-05
4.33153e-05
4.41975e-05
4.59892e-05
4.79412e-05
2.93593e-05
3.1119e-05
3.42326e-05
3.73276e-05
3.90588e-05
3.99921e-05
4.2288e-05
4.49295e-05
4.92628e-05
4.89077e-05
4.96631e-05
5.1219e-05
8.89248e-05
8.50919e-05
8.15649e-05
8.00183e-05
0.000139414
0.000131558
0.000123027
0.000117824
0.000172185
0.000161602
0.000149672
0.000141976
0.00024662
0.000229925
0.000210265
0.000196813
0.000374698
0.000348201
0.000316155
0.000293496
0.000497409
0.000461943
0.000418574
0.000387506
0.000206329
0.000196058
0.000184522
0.000177121
0.000303874
0.000287401
0.000268026
0.00025479
0.0004689
0.00044256
0.000410727
0.000388231
0.000625361
0.000590043
0.000546875
0.000515958
1.96814e-05
2.16027e-05
2.48786e-05
2.80578e-05
3.94411e-05
3.99967e-05
4.17442e-05
4.39293e-05
0.000104351
0.00010156
9.92946e-05
9.86537e-05
0.000183861
0.000177328
0.000170462
0.000166497
0.000236192
0.000227125
0.000217129
0.000210889
0.000354956
0.000340221
0.000323094
0.000311569
0.000553786
0.000530063
0.000501638
0.00048175
0.000741075
0.000709183
0.000670487
0.000642998
0.000258341
0.000251364
0.000244072
0.000239888
0.000393975
0.000382504
0.000369618
0.000361334
0.000619792
0.00060116
0.000579372
0.000564575
0.000831816
0.000806642
0.000776714
0.000755958
8.97931e-05
7.43402e-05
5.65231e-05
4.46465e-05
7.31546e-05
6.12544e-05
4.76897e-05
3.87657e-05
5.8819e-05
5.04578e-05
4.11686e-05
3.52435e-05
5.33356e-05
4.68683e-05
3.98965e-05
3.562e-05
5.08772e-05
4.52478e-05
3.92662e-05
3.5666e-05
4.49497e-05
4.0689e-05
3.63454e-05
3.38832e-05
4.18352e-05
3.85705e-05
3.5429e-05
3.38096e-05
4.29336e-05
3.98513e-05
3.69388e-05
3.54856e-05
7.1714e-05
6.51592e-05
5.80816e-05
5.37574e-05
5.79867e-05
5.36618e-05
4.93228e-05
4.69632e-05
4.88523e-05
4.62377e-05
4.40217e-05
4.32022e-05
4.83706e-05
4.61916e-05
4.45406e-05
4.41488e-05
4.28077e-05
3.97379e-05
3.68428e-05
3.54042e-05
4.0972e-05
3.78103e-05
3.47961e-05
3.32697e-05
4.31224e-05
3.90916e-05
3.50278e-05
3.2766e-05
4.82109e-05
4.29372e-05
3.73839e-05
3.40867e-05
5.04528e-05
4.43764e-05
3.78749e-05
3.39309e-05
5.54803e-05
4.76283e-05
3.89441e-05
3.34388e-05
6.88969e-05
5.77555e-05
4.50708e-05
3.67389e-05
8.44844e-05
7.00823e-05
5.34596e-05
4.23671e-05
7.46768e-05
6.70457e-05
5.87329e-05
5.35857e-05
9.06139e-05
7.98747e-05
6.76888e-05
5.97167e-05
0.000122962
0.000106872
8.80533e-05
7.52714e-05
0.000156799
0.0001356
0.00011047
9.31314e-05
4.92024e-05
4.81021e-05
4.78939e-05
4.86694e-05
5.11905e-05
4.93695e-05
4.82746e-05
4.84081e-05
6.72863e-05
6.30993e-05
5.90843e-05
5.71039e-05
8.99394e-05
8.28504e-05
7.52512e-05
7.06758e-05
0.000103927
9.48736e-05
8.48479e-05
7.85158e-05
0.000135741
0.000122278
0.000106712
9.62933e-05
0.00019463
0.000173845
0.000149104
0.00013194
0.000253464
0.00022583
0.000192525
0.000169083
0.000137106
0.000126992
0.000115655
0.000108389
0.000188936
0.000173351
0.000155109
0.000142715
0.000280558
0.000256081
0.00022663
0.000205933
0.000369769
0.000337084
0.000297299
0.000268961
2.19391e-07
8.35989e-08
2.24975e-08
1.00411e-07
4.40986e-07
1.84999e-07
1.57682e-08
5.38094e-08
1.08369e-06
5.19463e-07
1.1431e-07
6.60548e-08
1.77753e-06
8.71526e-07
2.4345e-07
1.25141e-07
1.77935e-06
8.25417e-07
1.85353e-07
1.31159e-07
1.99895e-06
9.34337e-07
1.85621e-07
7.23976e-08
2.31398e-06
1.10208e-06
2.14523e-07
2.60472e-08
2.57346e-06
1.25179e-06
2.59258e-07
1.17151e-08
8.43749e-06
6.16634e-06
3.868e-06
2.5546e-06
9.05136e-06
6.67083e-06
4.25199e-06
2.85727e-06
9.96006e-06
7.39019e-06
4.77724e-06
3.2642e-06
1.07695e-05
8.01257e-06
5.21017e-06
3.58574e-06
2.532e-06
1.2219e-06
2.40544e-07
2.6219e-09
2.21521e-06
1.03666e-06
1.7762e-07
5.30191e-09
1.82994e-06
8.23684e-07
1.2627e-07
3.98864e-08
1.56433e-06
6.85071e-07
1.12131e-07
9.34917e-08
1.51284e-06
6.89071e-07
1.46898e-07
8.29447e-08
9.52588e-07
4.34714e-07
7.45288e-08
5.60876e-08
3.84918e-07
1.54528e-07
1.00992e-08
6.42637e-08
1.84642e-07
6.80536e-08
2.33712e-08
1.10951e-07
7.47087e-06
5.40437e-06
3.34877e-06
2.20653e-06
5.5002e-06
3.89698e-06
2.30811e-06
1.42921e-06
3.29468e-06
2.13833e-06
1.06522e-06
5.45049e-07
1.95286e-06
1.06493e-06
3.56519e-07
1.38725e-07
2.21328e-05
1.85856e-05
1.4822e-05
1.25067e-05
2.05239e-05
1.7194e-05
1.36719e-05
1.15141e-05
1.90977e-05
1.58643e-05
1.24511e-05
1.03707e-05
1.84726e-05
1.51726e-05
1.16955e-05
9.58958e-06
1.73694e-05
1.41245e-05
1.07573e-05
8.76825e-06
1.46368e-05
1.15528e-05
8.36432e-06
6.49775e-06
1.24222e-05
9.17778e-06
5.86367e-06
3.98622e-06
1.17503e-05
8.15348e-06
4.5285e-06
2.54747e-06
3.1484e-05
2.69062e-05
2.20858e-05
1.92058e-05
3.05668e-05
2.53653e-05
1.97939e-05
1.6397e-05
3.2831e-05
2.61646e-05
1.88853e-05
1.43569e-05
3.71974e-05
2.89412e-05
1.98355e-05
1.41172e-05
