FiniteElementSpace
FiniteElementCollection: H1_2D_P2
VDim: 2
Ordering: 0

0
1.11389
2.10749
3.0183
3.91093
4.82234
5.76419
6.73517
7.72483
0
0.853645
1.72121
2.62284
3.57741
4.57723
5.59444
6.60404
7.59939
0.568075
0.991074
0.426005
0
1.62547
1.91767
1.2848
2.56874
2.81896
2.16612
3.46384
3.74085
3.09328
4.36313
4.69733
4.0732
5.28934
5.67822
5.08555
6.24645
6.6693
6.10111
7.22879
7.66205
7.10303
0.502686
1.46109
2.368
3.27566
4.21509
5.18571
6.17316
7.16581
0.283419
0.532917
0.251863
0
1.37383
1.54182
1.22817
1.05104
2.34012
2.46643
2.14315
2.01089
3.24118
3.36787
3.04637
2.91661
4.13624
4.28817
3.97687
3.82441
5.05485
5.23771
4.94088
4.7595
6.00444
6.21051
5.92547
5.72176
6.9815
7.19767
6.91755
6.70289
0.845141
0.749296
0.927849
0.639453
0.470352
0.213524
0
1.86967
1.69063
1.82281
1.50217
1.37755
1.06872
2.79446
2.59303
2.72202
2.39284
2.26922
1.94238
3.68693
3.50712
3.65888
3.33372
3.1848
2.8563
4.59179
4.45531
4.63639
4.32443
4.1435
3.82404
5.5258
5.43157
5.63526
5.34012
5.1346
4.8311
6.49008
6.42114
6.63589
6.35309
6.13614
5.84818
7.47671
7.69345
7.41399
7.63069
7.35138
7.13401
6.85399
0.263945
1.29959
2.23981
3.14179
4.05533
4.99781
5.96561
6.95006
0.795594
0.70003
0.239116
1.77859
1.6004
1.15357
2.69173
2.49455
2.04551
3.59531
3.42043
2.95203
4.52292
4.38909
3.89999
5.47908
5.38478
4.88502
6.45632
6.3862
5.88578
7.44553
7.3825
6.88515
0.13809
0.272343
0.129836
0
1.24495
1.33601
1.17615
1.08176
2.22437
2.28922
2.12571
2.05845
3.1298
3.19079
3.02912
2.96672
4.0234
4.09541
3.93963
3.8672
4.93835
5.02637
4.87844
4.79086
5.88409
5.9853
5.84355
5.74322
6.8582
6.96599
6.82641
6.71928
0.707545
0.819642
0.665179
0.549644
0.626591
0.725485
0.585364
0.487343
0.125625
0.245939
0.120991
0
1.74843
1.8234
1.66083
1.58294
1.57623
1.64613
1.48908
1.42004
1.11018
1.19165
1.04096
0.960283
2.68188
2.74234
2.57919
2.51683
2.48044
2.54398
2.38164
2.3189
2.03055
2.09474
1.93408
1.87075
3.57529
3.64056
3.4814
3.41522
3.39111
3.46369
3.30226
3.2302
2.93246
2.99923
2.83669
2.7706
4.47722
4.55719
4.40531
4.32538
4.33496
4.42202
4.26606
4.17912
3.85858
3.93828
3.77912
3.69974
5.40733
5.50263
5.35822
5.26365
5.30853
5.40799
5.25963
5.15997
4.81893
4.91276
4.76056
4.66667
6.36807
6.47348
6.33331
6.22877
6.29712
6.40355
6.26122
6.1545
5.80178
5.90546
5.76052
5.65657
7.3527
7.46119
7.32158
7.21338
7.28991
7.39821
7.2583
7.14985
6.79342
6.90127
6.76057
6.65249
0.426899
0.398965
0.517538
0.377656
0.257777
0
1.50065
1.42145
1.50143
1.34511
1.26386
1.02102
2.45485
2.35335
2.417
2.2556
2.19132
1.96416
3.35249
3.25469
3.32146
3.16076
3.09378
2.8675
4.24947
4.17151
4.25142
4.09572
4.01586
3.78235
5.17185
5.11757
5.21167
5.06316
4.96927
4.72829
6.12523
6.08794
6.1919
6.04927
5.94559
5.70001
7.10504
7.07382
7.18178
7.04168
6.93386
6.68616
0.980641
0.924198
0.870791
0.772338
0.814211
0.892634
0.74643
0.671721
0.532655
0.450195
0.355056
0.3195
0.228834
0.109036
0
1.9893
1.89523
1.8044
1.73454
1.71162
1.77317
1.61145
1.55264
1.3933
1.33274
1.26575
1.17662
1.11289
0.961063
2.90655
2.80417
2.70585
2.64213
2.60799
2.67288
2.50741
2.4443
2.27908
2.21845
2.1572
2.0539
1.99491
1.83149
3.79878
3.70964
3.6237
3.55092
3.53931
3.61814
3.45517
3.37716
3.21307
3.13924
3.06806
2.97434
2.90448
2.73912
4.70682
4.64098
4.57612
4.48895
4.51255
4.60655
4.45066
4.35655
4.19858
4.10819
4.02146
3.94832
3.86193
3.70037
5.64476
5.60026
5.55481
5.45532
5.51
5.61448
5.46733
5.3621
5.21284
5.10974
5.00971
4.95828
4.85776
4.70406
6.61246
6.57952
6.54521
6.4388
6.5111
6.61968
6.47869
6.36932
6.22723
6.11827
6.01099
5.97476
5.86661
5.7214
7.60078
7.70916
7.56949
7.67777
7.53804
7.42978
7.64635
7.50663
7.61503
7.4754
7.36688
7.22728
7.11838
7.00963
6.97861
6.86935
6.72913
0.132569
1.20985
2.1743
3.07875
3.9811
4.90839
5.86408
6.84254
0.685594
0.606799
0.123639
1.70392
1.53333
1.07638
2.62978
2.43129
1.98277
3.52775
3.34663
2.88464
4.44106
4.30033
3.81871
5.38293
5.2839
4.78956
6.35098
6.27903
5.78099
7.33725
7.27406
6.7769
0.411952
0.388027
0.127676
1.46034
1.38326
1.14315
2.40335
2.30428
2.07799
3.30292
3.20742
2.98049
4.21017
4.13339
3.89885
5.14479
5.0903
4.84859
6.10687
6.06866
5.8227
7.08961
7.0578
6.80998
0.951707
0.897435
0.645711
0.843326
0.782261
0.561009
0.367108
0.33937
0.117588
1.94153
1.84972
1.61848
1.75858
1.66279
1.44265
1.30618
1.22284
1.00283
2.85462
2.75474
2.52958
2.65707
2.55823
2.33106
2.20675
2.10642
1.88385
3.7537
3.66638
3.43595
3.5814
3.49728
3.25781
3.11441
3.02146
2.78829
4.6738
4.60841
4.36995
4.54415
4.48137
4.23213
4.05843
3.98477
3.7397
5.62273
5.57755
5.33335
5.53223
5.48831
5.23589
5.03625
4.98368
4.73203
6.59626
6.56243
6.31528
6.52803
6.49459
6.24388
6.02998
5.99251
5.7406
7.58517
7.55379
7.30578
7.5223
7.49099
7.24269
7.02559
6.99394
6.7446
0
0.21563
0.600783
1.02153
1.38812
1.66463
1.85419
1.98868
2.11038
1
1.1797
1.52532
1.94226
2.33202
2.63461
2.84
2.98022
3.10254
0.0850263
0.675793
1.0706
0.5
0.395362
1.05622
1.33644
0.813843
1.48534
1.73172
1.21487
1.86901
2.14539
1.53825
2.15929
2.49603
1.76881
2.35371
2.74819
1.92562
2.48671
2.91527
2.04885
2.60655
3.041
0.546769
0.852116
1.27169
1.68693
2.02702
2.26699
2.42483
2.54561
0.0458771
0.309328
0.507836
0.25
0.300937
0.61946
0.759319
0.440072
0.707278
1.04155
1.16343
0.825748
1.12042
1.4523
1.58818
1.25364
1.46616
1.78531
1.9512
1.6308
1.71932
2.0203
2.21604
1.91467
1.89131
2.17646
2.39083
2.10582
2.01882
2.2974
2.51618
2.23832
0.142585
0.6041
0.922538
1.11823
0.800265
1.03893
0.75
0.496119
0.951804
1.29025
1.4278
1.09181
1.2531
0.919002
1.37945
1.71542
1.83724
1.50249
1.6272
1.30425
1.78077
2.10287
2.24123
1.91828
2.04538
1.60436
2.09636
2.39918
2.56854
2.26391
2.41711
1.81357
2.31267
2.59832
2.79652
2.5095
2.69438
1.95784
2.45652
2.73392
2.94864
2.671
2.87932
2.07927
2.35846
2.5756
2.85453
3.07145
2.79339
3.01078
0.268601
0.525137
0.933375
1.35514
1.71119
1.97027
2.14263
2.26787
0.367129
0.854296
0.762351
0.720433
1.1884
1.00248
1.14874
1.6096
1.39552
1.54437
2.01326
1.81869
1.8531
2.33478
2.18655
2.06528
2.5563
2.4573
2.2081
2.70327
2.63629
2.32746
2.82352
2.76372
0.0274199
0.155329
0.256788
0.125
0.256936
0.411735
0.481275
0.326424
0.653937
0.819731
0.879389
0.712473
1.0715
1.23796
1.30488
1.13759
1.42789
1.58935
1.67177
1.51005
1.69265
1.8455
1.94319
1.79039
1.87315
2.01738
2.12464
1.98051
2.00379
2.14342
2.25314
2.11365
0.111616
0.253338
0.336161
0.195748
0.57348
0.727506
0.825364
0.671392
0.499534
0.633027
0.752489
0.625
0.445116
0.607297
0.669268
0.50626
0.901235
1.06958
1.13932
0.971191
0.71624
0.879847
0.961194
0.797808
0.8667
1.03368
1.09536
0.927302
1.32572
1.49471
1.55612
1.38714
1.10959
1.27936
1.34256
1.17293
1.26024
1.4248
1.499
1.33392
1.7345
1.89753
1.9664
1.80307
1.5372
1.70382
1.76744
1.60068
1.57204
1.72948
1.81999
1.6625
2.06249
2.21616
2.30016
2.14605
1.91088
2.06946
2.14548
1.9865
1.79175
1.94001
2.04338
1.89521
2.29045
2.43493
2.53354
2.38874
2.18841
2.3372
2.429
2.2798
1.94194
2.0832
2.19251
2.05136
2.44092
2.58009
2.68739
2.54818
2.37271
2.51389
2.61776
2.4764
2.06397
2.20334
2.31234
2.17314
2.56051
2.69958
2.80837
2.66955
2.50149
2.64003
2.74888
2.61045
0.0628712
0.286706
0.426205
0.524751
0.38638
0.375
0.347188
0.571312
0.734798
0.804711
0.641029
0.556527
0.76067
0.987495
1.15642
1.21753
1.04802
0.940405
1.16825
1.4043
1.56998
1.63811
1.47191
1.36961
1.50296
1.74904
1.90679
1.98991
1.83179
1.75045
1.74469
1.99595
2.1442
2.2422
2.09375
2.0376
1.90877
2.15987
2.30094
2.40817
2.26709
2.2302
2.0338
2.2826
2.42156
2.53086
2.39212
2.36268
0.177325
0.401898
0.638303
0.484004
0.886811
1.04986
1.14738
0.984508
1.09265
0.933328
0.779257
1.05261
0.897675
1.02349
0.875
0.548114
0.772682
1.00354
0.835336
1.23878
1.40783
1.47591
1.30792
1.38125
1.21366
1.0461
1.29367
1.12697
1.21506
0.97068
1.20155
1.4327
1.26406
1.66275
1.82936
1.88992
1.72387
1.78446
1.61746
1.44889
1.67924
1.51158
1.57583
1.34691
1.58832
1.82562
1.66304
2.05878
2.21808
2.28733
2.12787
2.19391
2.03244
1.869
2.09587
1.93261
1.99415
1.63521
1.88465
2.12861
1.97536
2.36778
2.51745
2.6024
2.45225
2.53312
2.38058
2.22603
2.45739
2.30245
2.37534
1.83436
2.08606
2.33372
2.18947
2.57786
2.71951
2.81883
2.67682
2.77302
2.62931
2.48411
2.72202
2.57635
2.66528
1.97338
2.22334
2.47176
2.33253
2.71875
2.85715
2.9646
2.8261
2.93222
2.79335
2.654
2.89767
2.75809
2.86014
2.09471
2.2344
2.34283
2.48252
2.59093
2.45156
2.73055
2.83891
2.97852
3.08688
2.94745
3.05615
2.91718
2.77853
3.02588
2.88728
2.99558
0.139711
0.367743
0.765965
1.18828
1.55046
1.81865
1.99935
2.12858
0.222404
0.697515
0.62461
0.556125
1.01963
0.837516
0.980731
1.44103
1.22587
1.38003
1.85094
1.65267
1.69676
2.18192
2.02875
1.91819
2.41246
2.30926
2.0675
2.56438
2.49559
2.18815
2.68447
2.6253
0.173297
0.403792
0.376896
0.458024
0.686917
0.597456
0.873584
1.10222
0.994006
1.28654
1.52152
1.42123
1.6267
1.87008
1.79189
1.871
2.11965
2.06641
2.03469
2.28435
2.24908
2.15825
2.40681
2.37745
0.288146
0.518594
0.453092
0.761033
1.01559
0.957047
0.649738
0.913521
0.884335
0.659509
0.887432
0.784366
1.12075
1.35728
1.25996
0.924499
1.16924
1.08709
1.08602
1.31717
1.21042
1.54797
1.77682
1.67069
1.33317
1.56435
1.45933
1.46815
1.70747
1.61717
1.94274
2.17367
2.08077
1.75399
1.98302
1.88135
1.76067
2.00726
1.94187
2.24877
2.48566
2.41723
2.10856
2.34232
2.26103
1.96076
2.21036
2.16744
2.45621
2.69873
2.65372
2.36367
2.60355
2.54767
2.09855
2.34774
2.31697
2.59542
2.84179
2.80999
2.53138
2.77609
2.73927
2.21875
2.4669
2.43646
2.71493
2.96287
2.93223
2.65476
2.90221
2.87228
